app/static/ascii/SJ02.asc
ncols 200
nrows 200
xllcorner 300000
yllcorner 320000
cellsize 50
[rows 70 to 104 of 200, columns 0 to 77 of 200]
530.1 524.2 520.2 505 505.2 496.7 491.2 482.8 471.1 459.1 448.6 438.1 425.1 412.2 397.7 389.1 382.3 369.7 354.7 350.2 358.6 352.1 342.8 342 340.4 343.1 344.8 342.9 341.9 335.6 327.1 317.7 303.4 297.6 295.8 285.5 282.8 273.5 258.5 244.8 235.8 223.6 208.1 195.3 194.3 194.6 195.9 195.4 193.8 192.8 191 190.1 193 201.1 209.5 215.8 225.5 233.9 245.2 255.2 263.5 275 284.9 294.3 304.1 316.7 333.1 344.9 357.8 370.7 379.5 388.7 401.2 414.5 428.5 438.1 445.7 442.4
536.5 532.8 527.1 516.9 508 503.2 498.9 488.7 478.6 471.7 462.7 449.4 438.8 426.4 411.9 404.4 396.6 383.7 377.9 374.6 372.4 366.1 367 366.5 365.3 371 373 373.2 373.8 365.9 356.7 344.2 334.3 324.5 322.6 309.7 309.2 296.6 283.2 269.6 254.9 242 228.9 215 202.6 193.3 193.5 192.3 191.2 191.4 190.1 188.8 187.7 187.6 193.6 199.9 207.5 214.6 222.9 234 243.5 251.6 259.7 267.4 279.9 293.6 309.2 320.5 334.6 347.8 354.1 363.6 382.5 400 410.5 421.1 434.7 443.1
537 533.9 526.7 518.3 511.7 510.9 506.1 494.6 495.8 490.8 481 474 464 448.4 432.1 424.7 414.2 406 406.7 401 397.7 398.7 401.9 398.9 394.3 395.7 393.8 388.9 392.6 392 390.8 375.1 365.1 350.7 346.1 343.7 331.8 318 306.5 296.8 279.6 267.2 253.4 235.9 218.6 206.2 191.8 191.3 190.9 190.2 189.4 188.3 187.3 187.5 187.9 187.2 189.2 197 204.8 212.6 220 226.4 233.6 242.5 251.7 266.2 281.5 294.7 310.7 322.4 329.4 343 364 380.4 393.9 405.1 413.5 424
538 533.1 528.1 522.1 518.3 516.3 514.2 512.8 510.7 508.9 505.7 501.8 491.4 475 461.6 450.7 441.8 438 431.2 432.8 433.8 431.1 430.9 426.7 421.3 414.7 411.7 408.5 407.1 404.4 398.8 396.8 392.7 383.6 367 363.1 349.2 338.8 327.4 313.9 298.8 285 272.4 256.7 236.9 216.2 199.9 195.9 190.3 189.5 188.8 187.9 186.9 187.2 185.5 184.9 184.1 183.4 188.6 193.8 202.4 209.4 216.9 224.6 231.1 238.5 255.3 270.7 285.1 298.1 313.4 326.1 342.3 358.3 369.7 381 392.6 404
540.7 537 530 524.8 524.3 523.1 523.8 525.4 523.2 521.8 518.1 514.2 510.8 500.3 491.4 485.3 474.9 465.6 462.1 465.9 465.4 464.4 461.6 454.3 445.5 436.1 426.1 421.8 422.1 421.5 416 418.2 412 406.2 390.9 383.1 380.4 367.1 351.7 338.9 322.3 302 285 273 258.2 237.6 216.4 207.7 194.5 188.4 188.2 187.4 186.5 186.1 185.5 184.9 184 183.5 183 182.7 185.2 192.5 202.2 209.9 217.9 226.4 231.9 248.1 262.8 277.7 294.8 311.5 326.2 340.7 351.8 364.5 375.6 386.8
546.1 537 532.2 531.3 528.9 530.7 531.5 532.5 533 531.8 528.7 524.6 521.3 519.4 513.5 508.8 502.8 497.4 492.3 493.2 497.9 498.3 492.5 485 474.8 462 450.7 446.9 437.8 432.1 433.5 435.5 432.2 424.2 412.3 401.3 396.1 390.6 374.4 360.3 343.2 326.7 301.9 292.1 284.6 270.7 250.2 239.8 218.4 192.4 188.9 188.4 189.2 187.8 186.7 184.4 183.4 182.6 182.4 181.8 181.1 180.9 184.2 196.8 207.2 214.6 221.3 230.3 243.1 255.8 273.4 290.9 306.8 319 331.8 344.8 356.3 366.6
544.2 542.8 541.9 540.1 537.2 535.6 536.4 537.9 539.2 539.1 535.3 533.2 530.5 528.7 524.6 519 515.5 513.6 513.2 514.5 513.3 512 509 502.8 493.9 480.3 470 460.5 449.7 450.3 447 444.1 438.5 432.6 425.1 416.9 402.8 398.6 382.8 371.1 355.9 347.7 320.2 316 315 304.1 298.2 286.2 251.2 210.2 193.5 192.4 191.3 188.9 186.5 184.1 182.7 181.8 181.7 181.4 180.9 180.4 180.3 185.2 196.3 201.9 209.9 219.7 228.3 238.5 251.5 269.6 285.2 297.1 310.3 322.3 332.7 343.6
550.6 547.3 543.9 543.3 541.6 540.8 539.5 541.5 542.8 542.8 540.7 540.3 539.5 537.3 533.1 529.3 526.4 525.5 525.1 524.5 520.6 521.7 520.9 510 503.7 491.5 476.4 468.6 469 462 456.2 447.5 438 430.3 424.6 417.7 408.1 391.9 378.1 370.8 363 353.2 330.4 334.7 334.8 332.4 336.4 325.5 262.8 229.9 208 198.2 193.7 190.1 187.6 184.7 182.8 181.2 181.5 180.9 180.4 179.9 179.4 179.3 184.2 193 200.1 208.1 215.9 224.1 234 248.2 263.2 276.8 290.1 301 311.9 318.2
551.1 547.8 544.1 543.3 543.2 542.3 542.2 544.2 547.1 548.1 547.8 547.6 546.3 545 541.4 537.8 535.9 534.7 533.7 531.1 525.9 524.8 522.7 517.5 506.6 496 489 480.3 471.2 462.8 456.2 448.8 439.2 429.7 422.6 415 404.6 392.7 381.3 373.6 366.6 360.1 354.6 352.4 350.8 345.1 336.8 315.3 257.6 233.5 212.3 201.8 197.1 192.5 189.5 188.2 183.6 180.8 181 180.4 179.9 179.3 178.8 178.4 178.2 180.2 186.6 194 201.6 210.6 219.9 230.6 244.2 256.8 269.6 282.1 292.2 293.1
551.8 547.5 543.8 542.6 542.8 542.6 543.3 546.1 550 552.8 554.6 555 553.5 552.6 549.2 546 543.5 541.7 539.8 535.1 528 522.5 517.4 512 503.4 494.4 485.8 479 470.5 462.2 455.5 448.5 440.1 431.2 424.2 416.6 407.2 394.9 386.1 379.9 374.4 369.8 364.4 358.1 352.4 342 326.3 292.5 255.5 229 221.7 217.4 213.8 212.1 207.4 202.3 195 187.4 180.6 180 179.3 178.8 178.5 178.1 177.5 176.9 176.7 179.1 190.8 198.9 208.9 218.2 228.9 239.2 249.6 258.7 264.4 269.4
548.9 544.6 541.3 539.7 539.7 538.7 541.9 545.2 548.4 553.7 556.1 559 558.8 558 555.2 552.2 548.3 545.2 538.3 531.4 523.1 517.3 510.9 505 498.6 490.9 484.4 477.6 469.7 461.7 455.1 449 440.9 434.1 426.8 419.8 409.5 398.1 388.2 381.4 375.8 370.3 364.7 356.7 348.2 334 313.4 279.7 246.4 248.1 253.2 254.7 255.5 250.8 240.1 230.9 222.6 207.5 196.4 180.3 179.1 178.6 178.1 177.8 177.1 176.5 176.2 176.2 178.9 188.6 198 207.7 215.6 220.6 227 238.5 249.4 255.7
541.6 538.1 535.2 533.4 533.3 534.5 537.9 541.6 545.5 550.5 553.3 558.8 561.8 560.3 557.3 554.3 547.9 540.5 533.4 526.5 519.1 513.9 507.9 501.4 495 488.7 482.3 475.9 469.5 462.3 455.7 449.7 444.7 438.4 431.4 421.7 410.3 399.2 389.3 380.5 373.1 366.7 360.3 352.6 340.9 324.6 301.1 272.5 275 280.9 286.4 292.1 301.3 294.8 284.8 268.3 254.9 237.4 217.3 203.4 190.9 177.9 178.1 177.4 176.5 176.3 175.7 175.1 175.3 181.7 188.5 195.1 201.5 206.6 213.2 225 233.8 233.9
533.3 529.7 527.1 525.6 525.6 527.5 531.2 535.8 539.8 543 548 553.5 559.4 558.5 555.3 550.5 543.6 536 528.8 522 515.4 510 504.4 498.4 492.3 486.4 480.5 474.3 469.3 461.8 452.9 448.9 446.5 439.8 433 420.5 408.5 397.1 386.7 378 369.4 361.5 354 344.8 333.2 317.5 297.6 303.7 305.6 311.2 317.1 323.1 330.3 338.2 329.8 308.2 297.3 276.2 251.5 228.5 210.7 195.5 177.5 176.7 176.2 176.1 175.6 174.4 174.3 174.1 179.9 187 192.9 195.6 199.3 205.8 211.6 209.7
530.1 526.4 523.4 522 521.7 522.7 524.6 528 532.8 537.3 541.9 547.5 549 549.2 548.9 546 539.4 531.5 524.7 518.5 512.6 507.4 502.5 497.1 491 484.4 478.7 472.6 465.3 456.5 452.4 447.4 441.5 436.4 427.6 416.8 404.3 393 380.6 372.8 363.9 356.7 346.7 338.6 333.2 325.4 330.6 335.1 336.6 339.7 342.9 348.4 354.6 364.8 376.4 347.7 335.3 315.9 295.4 257.5 231.1 205.7 181.8 176.1 175.9 175.8 175.4 174.5 173.9 174 173.3 177.2 182.2 184.3 188.1 188.5 189.3 187
524.8 522.3 519.5 517.6 517.3 518 520.5 523.5 527.3 531.9 537.2 541.7 543 543.2 542 538.5 533.6 525 519.9 513.9 509.7 505.2 500.4 495.6 489.7 484 479 472.6 465.9 459 453.9 449.8 439.8 429.4 424.6 416.2 405.2 391.1 375.2 369.3 364.7 356.1 346.1 347.4 353.8 354.6 358.6 361.3 362.8 364.6 367 370.6 375.2 383.2 392 394.3 377.8 360.7 326.7 291 248.5 214.5 188.6 175.9 175.4 175.3 175.3 174.4 173.9 173.8 173 172.9 172.4 177.2 178.4 177.1 176 170.8
521 516.9 514.9 513.6 512.6 513.2 513.8 518.1 519.6 523.5 528.2 530.5 531.7 531.8 530.3 528 525 518.2 513.8 510.2 506.5 503 499.1 494.6 490.3 485.3 480.4 474.4 466.3 463.6 462.5 457.5 447.8 437.3 430.9 423 410.4 395.9 381.1 371.3 366.6 362.6 363.3 371.2 378.2 380.6 382.6 386 387.8 389.2 392.4 393.7 398.5 404.6 415.5 424 421.7 388.3 341.9 317.7 264.9 222.6 200.4 179.4 174.9 174.8 174.8 174.3 174 173.6 172.8 172 171.7 171.3 170.6 170 169.6 169.7
515.6 512.8 510 508.2 508 508.2 508.8 510.9 512.8 514.7 518.1 521.1 521.9 521.3 520.1 517.9 517 512.2 508.2 506.1 504 502.2 499.2 495.7 492.1 487.1 482.5 477.5 472.3 469.3 466.4 463.2 457.9 448.4 440.2 431.5 420.3 408.4 394.1 385 381.3 383.1 389.7 398.9 401.5 405.5 406 408.3 411.2 414.2 417.4 414.8 418.2 425.1 435.3 443.1 453.2 405.3 378.3 320.9 264.2 233 212 187.4 176 174.4 174.2 174.1 173.9 173.4 172.6 172.1 171.7 171.3 170.6 169.9 169.6 169.2
508.8 506.6 504.7 503.4 503.5 503.3 504.7 504.6 506.2 508.1 509.4 511.8 512.7 511.3 510 509.9 507.7 504 504 503.8 503.1 501.8 499.6 496.5 494 489.9 485.9 481.5 477.2 474 471.1 468 463.6 456.5 448.7 441.7 433.8 425.5 413.7 404.3 402.2 405.6 411.6 420.1 424.3 425.1 425.6 426.6 428.8 431.6 434.7 434.9 441.2 452 454.8 458.2 463.4 429.6 395.8 337.1 274.8 243.3 219.2 196.2 178 174.6 173.9 173.9 173.8 173.2 172.8 172.4 171.9 171.1 170.4 169.8 169.6 169.3
503.4 500.8 499.1 498.5 498.5 499.1 499.4 498.8 499.3 499 499.1 498.9 499.5 498.7 500 500.5 498.4 499.1 500.7 501.6 502.7 502 500.3 498.3 496 493 490 485.4 482.1 478.8 475.8 472.7 468.7 464.7 457.6 451.7 448.7 440.3 426.8 422.8 423.7 427 432.1 438.2 443.1 444.8 443.3 444.4 444.1 445.3 448.2 450.9 455.4 466.8 468.7 473.8 481.7 460.4 400.4 336.2 288.7 251.6 225.8 200.5 184.1 175.7 173.8 173.8 173.9 173.4 173 172.5 171.6 171 170.3 169.7 169.5 169.4
499.8 496.9 495 493.8 494.4 495.5 494.8 494.2 492.9 492 490.8 490.1 490.5 490.9 490.6 490.9 491 494.2 496.7 499 500.9 502.2 501.6 499.6 498 496.2 494.1 490.2 487.1 483.8 480.5 477 474.2 470.6 467.5 462.3 459.2 457.1 442 439 443.8 448.2 452.1 456.6 468.6 467.2 459.2 455.9 455.1 454.3 458.5 459.3 460.9 470.6 475.3 481.2 488.4 466.7 403 350.6 295.7 256.4 231.7 207.5 191.3 182.4 175.2 174.5 174.3 173.5 173.1 172.4 171.5 171.1 170.1 169.7 169.5 169.5
494.3 491.2 489.3 488.5 488.4 489 488.7 488 487.2 487.7 485.7 485.1 482.7 480.8 481 480 481.6 484.5 490.9 493.8 496.4 497.7 499.4 500.5 499.4 498.8 497.5 495.2 492.1 488.8 485.4 482.1 479 475.8 472.7 470.4 469.9 470.4 463.1 458.7 468.3 472.7 473.8 472.1 472 478.2 471.4 466.5 463.8 462.4 460.6 459.7 462.3 467.5 477.5 479.5 488.6 444.2 387.7 342.7 303.1 263.2 237.7 213.4 196.7 186.7 178.7 176.4 174.9 173.3 173.3 172.1 171.3 171.1 170.3 169.6 169.5 169.7
488.8 485.8 484.5 484.1 483 484.1 483.5 482.6 481.2 477.6 478.7 477.1 475.6 474 473.1 472.7 474.3 478.1 484.9 488.9 491.2 492.2 495.3 499.3 500.7 500.5 500.1 498.3 496.1 493.3 489.7 486.5 483.4 480.9 478.7 476.4 475.3 475.5 476.5 476.6 477.1 477.8 478.4 478.1 479.6 480.4 477.8 472.1 466.6 463 458.9 456.9 458.3 460.8 466.9 473.4 444.6 404.3 366.4 328.7 291.7 263.2 240.1 217.3 198.8 187.2 178.3 177 179.1 180.3 178.3 176 175.4 173.5 171.3 171 170.6 170.3
483.1 482.1 480.3 478.9 478.2 480.7 480.9 476.3 474.5 471 468 466.9 466.1 465.8 465.6 466.7 468.4 472 478.9 483.8 486.2 488.3 491.4 495.6 498.7 502.1 502.6 501.3 499.4 497.7 494 491.6 489.3 487 484.7 482.5 480.7 479.6 479.9 479.9 479.7 480.2 480.8 481.3 482 483.6 482 477 470.8 465 456.2 453.1 452.1 452.9 457.4 451 405.5 374 344.8 313.6 282.7 257.4 237 217.1 195.6 183.3 180.9 184.3 185.1 185 185 185.7 185.9 185.7 186.1 186.3 185.6 183.4
481.3 479.3 477.9 476 473.9 472.3 470.5 473.5 472.1 467 463.7 463.1 462.3 461.2 461.6 462.9 464.3 467.1 471 475.4 480 483.2 486.1 489.9 493.6 498.2 502 502.4 501.9 500 498.4 497.1 494.9 492.8 490.9 487.9 485.3 483.3 482.1 482.5 482.4 482 482.4 482.8 483.3 485.2 486.4 482.8 475.8 470.2 457.9 448.4 444.3 442.8 443.5 411 375.2 347.5 320.9 295.1 272.2 249.8 230.3 211.3 193.1 182.5 187.7 189.3 191.1 192.2 192.2 193.4 194.8 196.7 198.6 198.7 197.7 196.2
480.8 482 480.5 477.9 474.2 471.2 468.7 467.5 466 466.4 467.7 464.2 461.6 460.4 460.4 460.4 460.4 463 465.9 469.2 472.7 476.2 480.1 484.4 488.7 492.9 496.8 501 504.6 503 502.3 501.3 500.7 499.7 497.7 495.1 492 488.4 487.3 485.9 484.9 484.6 484.2 484.4 484.6 487.1 489 487 483.9 476.1 461.7 449 433.6 430.1 407.6 376.5 347.4 320.8 300.8 280.2 258.2 236.5 218.2 205.9 185.3 189.2 193.6 196.1 199.2 202.5 202.4 203.3 204.4 206 208.5 209.2 209.2 210.4
481.3 485.2 486 486.4 482.2 481 476.1 473 470.7 470.9 470.4 467.5 465.4 462.6 460.4 460.4 460.4 460.6 463 466.6 469.9 472.4 475.5 479.3 483.2 487.5 491.7 496.2 500.8 503.9 505.1 505.1 505.5 504.5 503.5 501.8 499.4 495.3 492 489.4 488 486.9 487 485.1 484.4 487.5 494.1 492.6 490 483 468.6 451.6 431.8 409.5 366 347.3 321.3 300.7 281.6 263.6 244.2 225.4 215.1 198.1 186.5 193.9 199 203.3 207.7 211.9 213.4 214.8 219 222.4 223.4 223.3 223 222.1
480.5 485 489.2 489.7 491 490.3 487 483.4 479 475.7 474.2 471.3 468.4 465.5 462.5 460.4 460.4 460.4 460.5 464.4 466.7 468.6 470.3 474.1 476.4 481 486.5 491.4 496.3 499.6 502.2 504 505.1 505.6 506.1 506.1 502.9 498.4 494.4 491.8 489.5 488.7 487 485.2 483.3 483 492.8 494.6 491.9 485.9 473.3 457.1 417.7 391.1 333.8 314 298.7 281.6 264.3 250.3 234.3 223.8 212 194.9 188.7 199.2 204 208.9 214 220.2 225.6 234.4 239.7 243 243.8 243.6 243.7 241.4
480.6 487.5 492.1 493.5 494.4 492.6 493.3 494.1 489.1 482.9 478.5 476.3 472.9 468.8 465.7 462.6 460.4 460.4 460.4 460.6 462.9 464.8 465.7 468.3 470.3 474.3 480.1 487.4 492.2 494.4 496.3 498.6 499.6 501.6 502.8 502.1 500.4 496.9 493.6 490.1 489.1 486.5 483.7 481.3 479.3 482.4 488.7 487.4 483.6 477.1 463.3 442.4 402 342.9 316.1 292.8 278.3 267.6 254 241.2 232 223.2 212 196.2 193.9 203.3 208.7 214.5 221.1 228.1 241.2 252.7 259.5 265 266.6 267.4 266.9 267.2
483.6 491.7 495.3 496.7 498.7 500.1 499.2 495.6 490 484.5 481.2 479.8 476.7 473.1 468.9 465.8 463.4 461.1 460.4 456.2 460.2 461.2 462 462.1 464.1 467.9 471.7 478.6 483.3 485.2 487 489.3 492.2 493.9 496.2 497.1 497.2 494.8 490.8 486.7 484.7 482.5 478.2 476 475.5 478.9 482.4 461.8 450.3 438.3 426 403.2 364.1 318.1 297 281.1 263.4 254.3 247.2 240.2 232.9 223.9 215.7 199 198.8 208.1 214.5 221.7 229.5 239.9 254.9 263.8 272.4 278.9 285 288.7 290.5 297.3
485.6 492.4 499 501.2 502.6 501.1 500.5 496.4 490.7 486.3 484.8 482.8 480.1 476.5 472.8 469 466 463.3 459.4 456.5 454.3 457.3 457.8 457.4 458 459.4 461.7 464.5 467.9 472.9 478.1 482.4 486.6 491.1 489.5 490.6 492.2 491 487 484.5 480.1 477.6 473.1 470.1 470.3 472 446.5 422.5 408.4 396.9 381.8 351.5 322.8 293.3 277.7 265.6 250.6 245.9 240.7 236.2 230.2 223.1 215.2 203 202.8 211.7 219.9 230.1 241.5 255.2 267.9 277.3 284.5 291.1 298.9 306.7 314.9 326.1
493.1 494.1 500.9 502.2 502.7 502.1 500.5 496 490.1 487.4 485.3 482.7 479.1 475.4 472 468.7 466.7 465 463.1 460 455.5 453.4 452.2 453 453.6 452.5 451.5 452.7 454.3 460.5 464.9 473.6 480 482.3 482.8 485.1 485.7 482.6 478.7 474.4 471.8 467.6 465.5 462.9 464.3 432.8 406.4 389.8 375 360.1 340.9 313.4 291.6 271.7 256.5 246.2 238.9 236.7 233.6 230.4 225.1 219.3 211.2 201.7 208.5 218.1 227.3 242.4 258.2 266.3 275.6 287.5 299.1 305.9 313.4 322.2 331.9 342.1
491 495.8 500.6 502.5 502.4 503.1 500 496.5 490.9 487.2 484.6 481.5 477.7 474.2 471.1 468.9 466.8 465 462.5 456.9 455.4 456.1 454.9 448.6 442.9 442.8 441.8 437.1 435.9 440.7 448.1 452 460.1 469 474 475.9 478.1 478.5 474.2 468.4 461.3 451.9 445.3 433 410 387.7 373.6 358.1 343.5 325.6 306.9 284.7 265.9 249.8 238.9 227.9 228.4 229.2 226.6 224.7 221.4 214.1 208.4 211.4 219.9 229.3 237.4 251 263.2 273.4 285.1 298.7 311.9 321.5 330.1 340.9 351.6 362.3
494.9 498.1 501 502.7 502.8 503.3 499.7 495.8 492 488.8 485.7 482.7 480.9 475.8 471.2 469.2 467.2 465.4 464.1 459.5 460.6 461.6 460.1 455 450.5 446.8 441.2 431.4 413 417.3 424.5 429.5 438 448.6 456.7 463.7 469.2 470.3 466.6 454.6 442.9 426.4 412.5 397.6 372.8 355.8 340.9 326.4 312.7 297.6 282.8 263.4 244.5 233.6 228.6 217.1 219.9 222.2 221.1 219.5 217.4 205.1 207.6 220.6 230.1 236.8 249.6 261.2 273.7 286.1 298.3 311.9 324 333.3 344 357.8 369.6 377
498.3 501.2 501.8 502.9 505.2 503.9 501.7 496.6 493.8 491.7 489 484.7 481.5 476.5 471.5 470 469.2 468.6 465.6 460.8 464.8 465.6 466 463.4 461 455.9 451.2 442.8 428.6 413.5 394.1 403.7 409.7 417.9 429.9 439.1 439.3 437.6 433.2 426.8 416.1 400.7 383.4 362.7 341 325 313.4 297.4 283.2 271.9 256.5 241.4 231.7 224.6 216.5 214.9 214.6 216.1 216.8 215.8 210 207.7 220.9 229.9 242.1 252.9 266.7 280.1 294.9 306.5 319.7 330.5 341.4 348.2 359.1 372 381.4 388.1
498.7 502.9 502.5 504.1 507.4 504.8 502.4 497.6 495.8 498.7 492.9 489.2 484.3 476.7 473.8 472.3 471.6 469.2 465.8 463.5 467.7 470.5 473.2 473.8 474.5 468.3 462.1 453.1 437.9 423.2 399.6 378 386.4 388.1 394.7 396.9 398.5 398.5 398.2 396.1 390.2 377.4 359 333.2 311.1 295.9 283.9 271.7 258.3 244.9 232.9 226 221.4 217.5 216.2 215.2 213.9 212.5 211 209.8 219.4 232.4 241.2 249.6 263.8 278 288.9 304.3 317.3 332.5 344.7 352.2 359 364.9 373.4 384.4 392.7 397.3
