app/static/ascii/SJ03.asc
ncols 200
nrows 200
xllcorner 300000
yllcorner 330000
cellsize 50
[rows 35 to 69 of 200, columns 78 to 155 of 200]
152.1 152.6 153.9 155.7 158.8 162.6 164.9 167.1 172.9 177.1 180.3 184.2 188.2 189.7 185.4 183.7 185.2 191.7 203.1 216.7 231 240.9 250.9 256.7 261.7 264.3 270 276.1 280.1 279.2 276.1 271 263.9 253.6 245.5 242.5 240.2 239 238.3 237.2 237.3 238.9 240.3 244.4 247.9 252.2 255.5 259.3 263.4 274 288.4 300.5 311.5 321.1 332.1 343.8 357.1 367.1 375.6 383.6 394.5 402.4 409.3 416.9 425 435.6 445.5 454.8 464.3 473.2 481.3 489 498.6 507.5 513.4 520 526.5 531.7
152.4 153 154.5 156.5 158.3 162.3 164.6 170.5 174.7 177.9 182.1 187.1 190.9 191.5 192.1 191.7 193.6 189.9 192.5 201.6 214.2 224.7 232.1 239.7 248.2 250.6 254 255.6 257 253.3 250.6 245.9 238.3 232.3 232.5 233.2 231.2 233.7 234.6 240.6 256.6 258.4 248.9 254.2 252.1 252.8 251.5 252.5 256.8 261.6 268.2 282.3 295.5 307 318.7 331.4 344.3 355.5 364.5 375.1 387.3 396.3 403.9 410.1 417.2 427.4 437.3 445.4 453.3 461.6 469.2 476.4 482.4 490.1 497.4 506.5 514.6 522
152.4 153.5 155.6 157.8 158.1 160.7 166.5 172 176.2 180.3 185.4 190.4 191.2 191.8 193.5 195.7 199.1 202.7 204.8 192.1 195.8 202.1 206.4 210.9 218.9 224.3 227.8 230.8 233.5 232.4 227.8 226.1 220.3 222.9 226.8 227.6 239.5 254.5 257.4 263.5 268.8 272.5 276.1 276.7 276.2 273.1 264.7 257 253.3 257.3 262.8 269.7 281.6 295.1 306.7 318.9 331.5 342 355.6 368 377.3 386.3 393.6 399.4 405.9 413.2 420.6 429.6 438.8 447.2 452.9 457.7 464.4 472.6 482.7 493.7 505.8 514.6
152.2 154.2 156.3 158.4 160.1 160.3 166.8 172.8 177.7 183.5 189.2 192.1 191.7 192.5 196.2 201.6 206.6 210.9 214.5 220.4 216.4 213.2 211.8 204.3 207.5 209.5 214.2 215.1 214.1 218.5 219.4 220.5 225.4 242.2 238 249.7 262.6 265.9 269.5 275.7 281.2 286.2 291.1 294.1 292.9 289.4 282.9 275 270.6 256.1 256.8 265.1 274.4 285.6 297.5 308.3 318 329.9 343.3 355 363.3 371.2 377.6 383 388 393.7 401.1 407.7 416 424 429.3 435.4 443.3 454.5 468.1 484.5 498.3 508.4
152.4 154.7 156.8 158.9 161.2 162.9 167.7 173.8 178.7 185.4 189.9 192.1 192.5 196 201.2 208.9 214.4 219.1 224.9 229.7 232.3 234.3 235 226.5 222.9 223.1 213.6 216.8 225.5 232.6 232.5 237.8 254.5 260.7 265 272.8 278.9 284.1 289.5 296.4 302.4 306 305 303.8 302.6 300.5 296.6 292.1 286.8 271.7 259.7 260.4 270.9 279.7 289.8 299.6 308.6 317.4 329.9 340.7 349.1 355.5 361.4 364.8 369.3 373.8 378.4 386.1 396.5 403.5 410.1 418.6 433.6 449.7 466 482.8 496 507.1
152.6 155.2 157.3 159.6 162 164.7 168.3 174.7 179.8 185.5 190.2 192 194.9 200.4 208.3 217.9 224.6 230 233.4 237.6 241.8 245.5 249.2 251.6 248 252.3 250.9 251.3 260.2 266.4 265.9 276.1 285.3 279.8 283.3 290.7 299.2 305.1 308.8 312.4 314.8 317 314.3 312.6 310.9 308.2 305 301 296.3 286.2 270.5 256.6 267.3 275.5 283 292.2 301.3 310.2 318.4 325.3 335.5 344.1 349.9 360 368.1 374.5 381.5 387.9 395 403.6 412.2 422.9 436.7 453.6 468.5 481.6 494.8 507.3
152.3 155.7 158 160.3 162.7 165.5 168.1 174.7 181 186.2 190.2 193.5 200.9 208.5 218.2 228.7 235.1 241.3 244 246.3 250.4 253.6 257.4 259.5 259.3 260.7 264.1 268.5 273.1 277.7 282.2 288.5 294.4 296.7 298.1 304.4 312.2 318.4 323.1 324.6 327.2 328.7 323.3 320.9 318.6 315.2 311.3 307.3 302.7 298.2 286.1 263.5 266.6 273.5 281.7 292 302.4 312.6 322.5 331.5 340.7 346.7 355.7 363.9 371.4 378.2 385.3 391.9 398.8 405.9 414.7 423.6 434.4 447.2 462.8 477.3 490.1 501.9
151.9 155.3 158.2 161 163.7 167.3 171 174.8 180.9 186.7 192.8 197.2 206.6 215.8 229.4 239.8 246.9 252.3 254.8 257.1 260.2 262.1 264.4 266.1 267.1 269.8 273.9 278 282.6 287.3 293.7 299.7 304 308 312.5 318.5 323.8 330.4 334.7 335.2 337.4 340 334.2 329.7 326.1 321.5 316.9 312.9 309 304.5 293.7 271.8 269.1 274 284.4 296.9 307.9 317.2 327.4 336.1 344.1 351 359.7 367.4 374.8 381.5 388 394.4 401.7 409.2 416.5 424.2 431.6 439.5 449.9 463.5 478.2 490.8
151.6 154 156.9 160.6 164.3 169.2 174.3 181.4 183.9 189 195.3 202.3 212.2 223.5 239.1 250.4 257.6 262.2 265.8 268 269.3 270.6 272.6 275.4 278.8 283.2 287.4 290.9 294.1 299.6 306.5 312.7 317.9 321.9 326 330.7 335.7 343.2 345.9 346.2 346.6 350.3 344.2 337.5 333 328.4 323.9 319.3 316.4 310.2 303.5 278.7 271.6 275.6 285.4 298.2 312.1 322.9 332.5 340 348.2 355.4 363.2 370.5 377.5 384.4 391.1 397.5 405 410.9 417.9 424.2 430.3 435.8 442.4 450.6 461.1 474.1
152.1 153.7 157.3 161.2 165 172.4 179.7 186.3 188.2 191.8 198.8 208.3 220.4 236.1 252.4 262.4 267.4 271.4 276.3 278.2 280.5 282.1 283.5 286.9 290.8 295.7 300.7 304.5 308.8 312.9 320.6 324.9 328.2 332.2 336.2 340.4 346.1 351.8 354.6 354.6 354.8 355.3 351.8 344.4 339.8 335.3 331.1 327.7 324.6 319.8 313.5 299.4 273.2 276.8 285.5 297 310.9 325.2 335.1 345.1 353.9 361.4 367.8 373.5 380.2 387.1 394.1 400.8 408.2 413.6 419.3 424.6 430.4 434.8 439.5 443.8 449.1 458.3
152.5 153.7 157.5 162 166.6 176.7 184.4 190.5 195.4 199.9 203.2 212.9 225.8 240.9 257.1 270.1 276.1 280.9 285.1 288.4 289.2 289.9 295 299.1 303.3 308 310.8 316.7 322.6 327.6 333.1 337 338.5 342.4 346.4 350.2 355.3 359 360.3 362.8 362.4 360.1 357.1 351.2 346.6 343 339.7 336.2 332.9 329.9 325.7 312.9 288.6 275.2 282.6 294.4 308.7 322.5 337 348.4 357.5 364.7 371.3 377.2 383 389.3 396.3 402.9 409.5 414.7 418.6 424.3 429.1 432.8 436.5 440.6 444.6 448.8
152.8 153.9 157.9 162.5 171.5 181.8 189.6 195.4 199.5 205.8 212.7 219.7 232.8 246.5 258.6 271.3 280.2 286.7 290.2 293.3 294.4 299.4 302.6 308.1 312.8 317.4 319.4 326.1 332 337.9 344 348.3 350.7 352.6 356.6 360.3 363.4 366.5 370.3 373.4 372.2 370.5 365.3 358.3 354.9 351.8 348 343.1 339.5 337.6 331.6 318.3 305.1 286.5 281.5 289.4 305.1 320 335.5 349 359.3 365.4 371.8 378.4 383.2 387.7 394.9 400.9 407.1 412.6 417.1 422.1 426.3 429.9 432.6 436.7 440.4 444.4
153.1 155 161.3 169 177.9 187.4 195.1 200.6 205.2 214.1 221.4 231.8 241.3 254.4 262.6 272.6 282.4 287.7 293.6 298.7 301.5 304.7 311.1 315.7 320.2 325.4 328.4 335.4 341.8 348.4 353.4 357.2 359.5 362.8 366.7 370.4 373 377.3 381.1 384.1 383.2 380.9 374.1 367.1 363.8 358.9 354 349.5 345.3 341.7 335.4 334.8 314.5 296.8 301.1 286.5 299.4 315.4 329.5 343.6 356.9 365.7 370.7 376.7 381.7 386.4 391.6 396.5 401.9 407.2 411.7 415.9 421 424.7 429.4 432.7 436 439.9
154.8 157.9 163.8 171.9 181.1 190.3 200.9 205.4 211.3 221.6 234 243.8 252.9 259.9 270.5 278.9 287 291.6 296.9 302.6 307.3 312.5 317.6 321.8 324.5 329.6 336.4 343 350.2 355.4 360.2 365 369.4 371.5 376.2 380.5 383.9 388.3 392.6 395.3 394.1 390.2 382.5 375.4 370.3 365.1 360.2 355.9 351.6 345.1 347.6 342.3 319 316.7 317.5 295 291.9 306.9 320.5 334.3 349.5 362.1 372.4 375.5 378.7 381.5 383.7 386.8 392.3 397.9 404.5 410.1 418.7 423.6 427.5 431.9 436.6 442.5
155.9 161.3 166.7 173.7 183.2 194.5 206.3 209.7 217.7 229.5 242.6 256.1 263.4 263.6 277.2 284.8 290.7 295.3 300.3 306 312.3 318.5 323.6 327.9 330.4 336 342.8 348.2 355.8 361.5 366.1 373.2 379.8 382.6 387 390.5 394.9 399.4 403.9 406.5 404.5 399.1 390 382.3 377.1 372 367.5 363.1 358.2 353.5 355.1 346.1 322.1 334.7 331.1 313.6 299.1 298.6 312.2 325.3 341.4 350.5 356.4 360.2 363.7 368.2 372.9 385.1 394.3 401.8 408.3 415.2 421 426.4 431.4 436.4 441.3 446.2
157 162.9 169.3 175.5 186 198.1 207.5 213.5 223.4 238.6 251.1 263.7 273.2 279.5 280.8 290.2 295.2 300.6 304.6 309.7 317.2 323 328.2 332.3 335.8 341.3 347.6 355.1 362.5 367.6 374 381.5 388.9 393.7 398.1 403 407.3 412.1 417.2 418.3 412.9 405.1 395.6 389.1 384 379 374.2 368.8 364 362.1 358.9 343.5 343 346.5 342 332.5 317.9 297.9 304.3 315.2 324.8 331.1 339.4 346.8 356.9 366.4 377.1 387.1 397.3 405.1 412.2 419.1 424.4 430.2 435.4 440.6 445.8 450.7
158.5 164.5 170.9 179.8 190.3 204.2 211.4 220 235.2 249.7 262.9 273.5 281.1 287.5 289.2 295.8 301.7 306 310.1 314.8 319.9 327.5 332.7 336.7 340.4 345.9 352.7 360.5 368.4 375 382 389.5 396.9 403.5 408.8 413.2 418.3 423 427.6 427.4 419.3 409.8 399.7 395.1 390.5 385 379.3 373.6 369.7 366.7 359.4 344.7 354.9 353.7 349.5 344.6 332.7 314 303.3 312.4 322.3 332.1 341 350.7 359.9 371.4 380.7 389.2 398.6 408 415.5 422.8 428.1 434.2 439.1 444.4 449.8 455.1
160.1 166.8 175.7 184.6 201.7 211.6 219.1 231 247.6 262.3 272.2 281.3 289.4 296 300.1 302.9 307.8 311.4 315.7 320.1 324.4 330.3 336.8 340.9 344.9 350.4 358.6 367 375.9 383 390.1 397.5 405.4 411.1 416.6 421.3 425.6 428.9 432.2 429.2 420.8 412.2 405.8 400.2 393.5 387.5 382.5 377.6 373.2 368.5 357.2 360.2 363.1 361.7 358.6 353.7 345.6 327.9 305.8 319.2 329.3 336.7 343.3 351.6 362.9 374.7 384.1 390.3 400.6 409.8 417.7 424.9 432.4 438.1 442.9 448.2 455.2 461.2
161.8 170.9 180.9 193.6 208.3 216.1 223.2 239.3 257.8 271.6 280.1 289.2 297.5 304 308.2 311.4 312.7 317 321.5 325.9 330.5 334.8 340 345.2 350.3 355.1 363 373.2 382.9 390.4 398.2 405.9 413.2 418.7 424.1 428.5 431.9 433.9 436.2 429.9 421.3 413.5 408.5 402.8 396.1 389.8 385.8 381.7 374.9 365.9 370.8 372.6 372.6 371.9 369.5 365.8 359 342.9 313.7 318.9 333.6 339.9 345.3 351.5 363.5 377.1 385.2 392 402.5 412.6 420.8 428.4 435.8 442.4 447.5 455.2 462.6 469
164.9 173.9 185.1 196.6 209.4 219.7 233.8 252.2 269.7 278.1 287.2 296.2 305.1 310.1 313 316.7 318.5 322.8 327.3 332.2 336.5 340.9 344.5 351 355.1 360.3 366.9 377.1 387.1 396 404.9 413.7 420.1 425.7 431.2 434.4 436.4 438.7 436.9 428.6 420.7 414.7 410.2 405 398.7 393.1 388.9 381 376.5 380.4 382.9 382 383.2 384.4 381.5 377.5 371.9 358.8 334.2 314.4 328.7 337.3 344.6 352.2 361.7 372 384.6 392.9 403.3 415.4 425.8 433.8 440.6 447.1 453 460.2 468.2 475.7
167.8 177.8 189.4 199.8 213.2 229 251.3 267.4 278.4 288.5 294.2 301.5 310.3 315.5 318.5 322 324.3 328.7 333.9 338.3 342.6 346.4 349.5 355.5 359.7 365.4 370.2 380.1 390.5 401.3 412.9 421.4 426.8 432.3 436.8 439.1 439 438.4 434.6 428 421.1 415.9 411.4 406.9 402.1 397.8 389.3 386.3 390.7 390.8 390.8 391.9 393.3 393 391 389.7 384.7 373.2 352.5 330.1 320.5 327.9 336 345 355.4 366 379.6 391.4 404 417 429.8 438.6 445.2 451.7 458 465.4 473.3 480.4
171.4 182.5 193.8 205.3 225.1 242.5 261.3 273.7 286.9 295.7 301.5 307.9 313.7 320.1 324.3 327.3 331.2 335.9 340.4 344.2 348 351.4 354.5 359.9 364.8 370 374.6 380.4 392.2 402.8 414.2 422.4 432.1 438 441.7 442 437 434.1 431.6 428.4 421.6 417.1 413 410.1 406.2 401.2 392.4 397.3 399.3 399.6 400.1 401.7 402.6 401.4 399.8 399.5 397 386.7 373.4 356.9 338.5 327.3 328.9 336.1 350.3 360 373.3 388.1 403.1 415.8 430 442 449.7 456.4 462.4 469.6 477.2 483.3
176.4 187.3 198.3 212.2 232.8 250.1 267 278.9 292.6 302.9 309.7 314.6 319.3 325.6 330.1 334.9 338.5 342.4 345 349.7 353.3 356.4 359.4 364.4 369.7 374.3 378.9 383.3 390.8 400.5 411.4 420.8 428.4 434.5 435.4 436.2 434.2 431.6 429.8 427.5 423.5 420.4 417.4 414.3 408.6 398.3 401 404.5 407.3 409 409.5 411.6 411.1 409.9 408.5 408.3 406.6 400.2 389.7 378.7 365.9 356.8 351.1 343.6 344.9 358.3 368.6 385 400.8 413.6 428.2 441.3 451.8 458.9 466.6 473.4 479.1 484.6
181 191.5 202.4 218.5 238.8 257.7 274.8 290.1 304.6 314 318.3 321 324.9 331.2 336.7 340.4 344.1 347.5 350.8 354 358.1 361.3 364.4 369.2 374 378.6 383.2 387.8 392.9 400.3 409.3 419.4 426.2 429.3 432.2 433.4 434.3 433.2 430.9 430.8 427.8 424.6 421.5 418 412.2 401 408.6 412 414.7 417.3 419 420.4 419.5 418.3 417.1 416 413.4 409 402.7 393.8 382.2 371.5 364.6 357.7 344.2 354.8 367.5 381.5 397.5 411.6 426.8 438.9 449.9 458.4 466.9 474.6 480.2 484.4
186.7 197.2 212.2 228.6 247.8 270.7 288.6 303.5 315.3 321.8 327.4 329.6 332.3 338.5 343.6 347.6 351.3 354 357.3 360 363.1 366.1 369.4 373.7 378.3 382.9 387.6 392.5 397.4 403.1 411.1 418.4 427.1 430.7 433.9 436.1 437.7 436.5 434.6 434.1 431.1 428 424.8 420 413.4 407.8 416.6 419.5 422.1 424.8 426.8 427.4 427.5 427.1 427.3 425.9 422.9 419 414 407 398.6 387.3 379.3 370.5 351 353.3 364.5 377.7 393.9 409.3 422.5 434.9 444.7 453 461.2 469.4 476.1 482
191.9 202.8 220.9 239.5 258.5 282.2 298.9 312.2 323 329.6 333.4 337.3 339.7 346.2 351.5 355.4 357.4 360.4 363.3 366.1 369.1 372.1 375.1 379 383.5 388.1 392.7 397.7 402.7 408.4 415 422 428.2 434.3 436.5 438.7 440.9 440.1 438.5 437.3 434.1 430.9 426.9 422.5 418.6 413.2 423.1 426.9 429.5 432.1 433.4 435.1 437.4 438.9 438.7 436.3 433.5 429 424.4 418.5 411.7 403.4 395.8 382.5 364.8 355.1 360.3 374.2 390.5 404.2 416.8 429.3 438.5 446.8 454.9 462.5 469.2 475.5
195.8 209.6 228.2 248.1 269.4 287.8 305.1 322 332 336.5 341.7 345.1 348.6 354 359.5 361.6 363.6 366.9 369.2 372.2 375.2 378.2 381.2 385 389.2 393.6 398.2 403.1 408.7 414.9 421.8 428.1 433.6 439.6 441.2 443.4 445.8 444.5 442.4 440.3 437.1 433.8 430.2 426.7 422.4 419.2 429.6 433.7 436.9 439 441.6 446.4 449.3 450.8 449.5 446.9 444.1 439.3 434.8 430 423.7 419.1 409.9 396.6 379.8 359.5 361.8 370.8 386.3 399.3 411.8 422.7 431.9 440.5 448.1 455.6 462.5 469.3
199.7 216.9 236 259.5 280.3 298.4 314.1 331.3 340 342.8 349.6 354.6 358.7 363.4 366.7 367.7 370.1 372.8 375.2 378.2 381.2 384.3 387.3 391 395.2 399.4 403.7 409.1 415.3 421.5 429.5 435.3 440.6 445.6 447.5 449.7 451.1 450.7 447.5 443.1 439.9 438.6 434.9 431.2 424.6 427.4 436.9 440.5 444.2 447.9 453 457.7 460.8 462.5 459.9 457.4 454 449.2 444.5 439.5 436.6 430.2 421.2 408.5 393.8 378.2 362.9 371.1 382.2 394.9 405.6 415.4 424.2 433.6 441.6 448.9 456.6 464.5
204.6 223.1 248.1 272 291.3 309.7 324.8 339.1 346.6 354.1 359.2 364.3 368.6 372.8 373.7 373.9 376.4 378.7 381.3 384.3 387.3 390.4 393.5 397.1 401.3 405.5 409.6 415.2 421.9 428.3 436.3 442.2 447.8 452.3 455.1 456.4 456.4 457 453.6 450 445.7 443.1 433.8 434.4 434.4 438.7 444.1 447.6 451.9 458.4 464.5 469.1 471.8 472.4 469.9 466.2 461.6 457.3 452.9 447.4 440 432.8 425.7 418.8 405 388.5 369.9 372.4 381.1 390.6 400.3 411.1 419.1 426.2 435.5 443 451.6 459.6
210 230.9 257.6 284.2 304.2 321.9 335.7 347.5 355 360.8 366.6 372.4 378.2 378.5 379.3 380.3 382.3 384.7 387.3 390.4 393.4 396.5 399.6 403.1 407.3 411.5 415.4 420.9 427.3 434.1 441.5 447.7 453.2 458.3 461 461.5 462.1 463 460.2 457 450.6 447.2 444 442.7 443.9 448 451.4 454.7 460.4 467.8 474.4 479 481.9 481.2 478.5 473.9 469.2 464.5 457.3 451.4 443.1 436.1 429.5 422.8 408.4 398 383.2 373.4 379.2 387.7 397.3 406 412.5 419.4 427.6 437.4 446 454.6
214.9 239.7 268.4 296.8 317.3 331.4 344.6 355.7 361.7 367.3 373.1 378.9 381.9 383.1 385 386.2 388.7 390.7 393.4 396.5 399.5 402.5 405.7 409.1 413.3 417.4 421.2 426.6 433 439.6 446.2 453.5 459.8 464.4 468 468.3 467.9 468 465.4 462.5 458.3 453.1 446.4 450.5 452.4 455.4 458.6 462 469.1 477 484.9 488.4 490.3 489 485.7 481.2 475.7 468.6 461.6 454.9 447.3 440.5 433.3 425.8 414.9 405.1 397.4 385.9 377.1 383.9 393.8 400.2 405.3 412.2 420.2 429.9 440.1 448.4
222.3 249.7 279.4 307.2 327.1 339.7 352.6 362.7 368.4 373.9 379.6 384.6 385.4 388.1 390.9 392.3 395.2 396.9 400 402.6 405.6 408.6 411.8 415.2 419.4 423.2 427 432.3 438.8 446 454.7 462.1 468.3 472.6 475.8 475.8 475.4 474.1 470.4 467.7 461.9 456.3 455.1 457.5 459.5 462.9 466 469.2 477.5 486.3 494.7 497.1 498.4 496.8 493 487 479.5 472.2 465.4 458.5 449.9 441.6 434.1 427.4 419.1 410.1 403.2 394.4 389.1 380.5 386.9 394 399.6 406.6 414.9 422.9 433 441.8
230.5 261.2 290.4 317.6 336.6 348.1 360.5 369.5 375.5 380.6 386 388.3 390.4 393.2 396.1 398.7 401.6 403.6 406.9 409.5 411.7 414.7 417.9 421.2 425.2 429 432.8 438.1 444.9 454.8 463.7 470.8 476.6 480.7 483.3 483.3 482.5 480.9 476.6 469.7 464.3 456.1 461.5 464.2 466.5 470.1 473.6 476.6 485 494.4 502 504.8 506.6 504.5 498.8 490.7 483.2 475.8 468.6 460 450 442.1 434.7 427.3 420 410.8 404 398.4 393.9 386.9 386.8 390.1 394.1 400 407.3 415.9 425.1 432.4
241.7 271.4 300.8 327.5 345.5 355.4 366.4 374.3 380.2 385.8 390.2 392.5 395.1 398 401.2 404.8 406.3 410.3 413.6 416.6 418.5 421.2 424.4 427.3 431 434.8 438.7 443.8 452.1 461.9 471.8 479.1 484.7 487.9 490.4 490 487.4 484.8 479.4 476.5 472.5 465 467.3 470.6 473.4 477.3 480.7 483.4 492.7 502.4 509.4 512.3 514.7 511.4 504.1 495.3 486.6 478.6 470.7 461.1 450.1 442.2 434.3 428 421.7 411.2 405.9 401.2 396.6 389.5 397.5 401.5 396.8 395.9 401.7 408.7 416 421.8
253.4 282.5 311.6 335.8 353.1 359.6 369.4 376.6 382 388 393.1 396.8 399.4 401.9 405.1 408.7 411.3 415.8 420.3 423.4 425.1 428.6 431.3 433.9 436.6 440.3 444.6 450.3 456.6 467.3 477.2 486.5 492.5 495.1 497.3 496.4 493.9 491.1 487.4 484.3 480.6 472.7 474.3 477.2 480.3 484 487.9 492.3 500 508.2 516.3 519.3 521 516.3 508.7 498.3 487.5 478.7 469.3 459.5 450 441.2 434.7 428.2 421 412.7 408.1 403.9 395 395.5 404 407.5 410.1 404.7 400.5 403.3 407.3 412.5
