app/static/ascii/SJ04.asc
ncols 200
nrows 200
xllcorner 300000
yllcorner 340000
cellsize 50
[rows 140 to 174 of 200, columns 78 to 155 of 200]
177.5 178 178.9 180.3 181.1 183.7 185.8 188.3 188.5 182.8 171 163.3 158.9 157.6 156.4 155.6 144.9 143.3 142.9 142.5 142.3 141.8 143.3 155.2 157.2 161.6 162.7 166.3 171.1 160.1 154.7 154.4 138.3 139.1 139.7 139.6 139.4 139 138.8 138.8 138.7 138.5 138.3 138 137.6 137.2 136.4 136.5 136.7 136.2 135.4 134.6 134.2 134.2 133.8 139.6 158.6 166 170.6 177.6 183.1 189.5 197.5 202.2 210.4 218.3 225.7 231.5 236.7 240 240.9 239.5 238.8 239 240.2 246.5 249.1 251
179.2 180 181.7 183.7 186.2 188.8 191.9 194.7 194 188.1 177.3 165 160.4 157.2 156 155.2 147.7 143.3 143 142.8 142.8 146.3 154.4 156.4 161.2 165.8 167 171.4 175.8 178.6 155.2 158.8 150.1 137.7 138.4 139.5 139 139 139 138.9 138.6 138.5 138.2 137.9 137.5 137.2 136.8 136.6 136.7 136.5 135.5 134.7 134.1 133.9 136 149.9 166 173.7 185.6 190.1 196.6 200.2 205.6 215.2 224.6 234.4 240.9 246.8 251.5 255.1 256.3 255.6 254.2 252.7 251.8 253.9 256.2 258.8
180.3 181.8 184.3 187.7 191 193.9 198.2 200.9 198.7 190.5 179.5 168.7 162.9 158.2 156 155.3 148.3 143.1 143 143.4 148.5 154.3 156.4 163.4 166.7 167.1 170.6 175.3 177.1 176.9 165.1 161.2 156.5 152.7 139.9 137.4 137.5 138.9 139.1 138.8 138.6 138.5 138.2 137.8 137.5 137.1 136.8 136.5 136.7 136.8 135.8 134.8 134 133.9 143.5 157.4 170.2 183.4 198.8 204.1 203.6 209.5 219.6 228.8 239.5 247.8 256 256.7 264.5 266.6 270.4 271.6 268.7 268.3 267.8 268.6 268.2 268.7
181.5 183.6 186.9 190.3 194.1 199.9 204.7 206.7 200 191.4 181.6 174.9 168.4 160.9 156.2 154.9 146.9 144.1 143.6 147.1 153.8 156.4 162.4 167.4 168.3 169.4 172.5 174 173.9 173 170 167.1 162.9 154.7 144.8 139.3 139.4 139.1 137.3 137.3 137.3 138.4 138.1 137.8 137.5 137.2 136.9 136.7 136.6 136.8 136.1 134.7 133.9 137.9 157.5 167.2 174 190.4 208.1 210.8 209.9 218.9 234 243.1 252 256.5 259.5 263.6 272.8 276.9 277.4 280.3 277.3 277.1 281.9 282.8 279.4 279.4
183.2 185.9 189.3 193.2 199.5 206.7 210.9 207.2 199.6 191.2 187.5 182.7 175.2 165.2 157.8 154.7 150 144.6 144.9 153.3 157.6 160.4 163.8 166.8 168.3 170.8 173 173.4 173.4 173 171.4 171.9 167.9 157.2 146.1 139.3 138.9 138.6 138.4 138.5 138.1 137.3 138.6 137.9 137.7 137.3 137 136.8 136.6 136.7 135.1 133.9 136.8 152 164.8 171.8 179.6 197.7 214.2 213.8 213.5 222.1 237.7 252.7 258.5 258.8 257.8 266.5 278.1 280.5 282.2 285.5 283.7 280.8 286.5 288.2 285.7 286.1
185.2 188.2 191.7 198 204.7 209.9 209.9 206.1 199.6 194.4 191 187.2 178.3 163.6 157.7 154.3 151.7 145.6 151.3 156.9 161.8 163.6 163.5 164.4 168.1 171.8 173.8 176.3 177.6 177.1 174.7 172.3 170.6 158.6 147.3 140.4 138.3 138.2 138.3 138.4 138.5 138.6 137.9 138.1 137.6 137.4 137.2 137 136.7 136.6 134.1 134.6 148.3 160.8 169.8 175.4 190.2 207.5 219.3 216.5 215.7 224.6 237.9 253.9 263.3 259.6 259.8 264.1 274.1 283.6 285.8 288.1 290.3 289.1 293.8 294.2 292.3 293.7
186.9 190.3 195.8 202 206.3 208.3 207.7 203.9 198.9 195.9 191 184.3 174.3 159.5 155.4 152.8 148.9 152.8 155.9 160.5 163.4 163.2 163 164.4 168.5 172.9 176.8 178.9 181 181.5 176 171.2 169.8 158.5 150.7 142 138 138.1 138.1 138.2 138.3 138.2 138 136 137.7 137.4 137.2 137 136.7 136.5 134 143.5 159.2 168.1 171.5 179.4 199.6 215.6 221.7 220.6 220.4 226.7 237.2 251.2 261.2 261.2 260.3 265.8 270.3 280.7 291.4 291.8 296.2 297.5 301.4 300.1 299.7 300.8
188.7 193.1 198.3 202.6 205 206.4 204.6 201.1 198.3 194.4 187.8 175.7 165.5 160.1 154.4 152.6 149 154.9 157.6 160.3 162.1 162.4 164 167 171.1 176.5 180.8 183.9 186.3 185.7 180.3 170.5 167.5 164.3 154.3 144.9 138.5 137.9 138 138 138.1 137.7 137.5 137 137.5 137.2 136.9 136.7 136.4 134.1 137.7 153.5 164.5 170.5 174 187.4 206.9 218.6 222.1 219.7 220.7 225.5 238.9 253.5 259.4 263.7 266 273.1 276.5 285.7 297.2 304.4 307.5 308.6 310.9 310.5 307.5 307
190.3 194.5 198.2 202.1 203.2 202.4 200 197.9 196.9 190.3 180.2 166.5 160.9 157.8 155.8 156.1 153 155.6 157.6 158.4 161.3 165.3 166.9 170.8 175.9 182.7 188 190.1 191.2 190.2 181 169.3 165.5 164.4 154.2 143.7 138 138.4 137.8 137.9 137.5 137.2 137 137.4 137 136.9 136.7 136.4 136.3 134.4 146.5 160.7 166 171.4 176.7 193.9 213.9 222 223.4 220.5 220.3 225.7 241.2 251.6 259.1 259.5 263.7 273.6 278.3 290.6 304.6 315.3 317.4 321.3 323.1 320.2 316.6 312.3
191.3 195.2 198.6 200 199.3 197.1 195.1 194.7 190 180.6 168.9 161.9 159.5 158 157.2 156.9 153.8 156.3 157.4 159.8 164.4 169 172.4 177.6 182.9 188.7 193.4 197.5 194.6 186.2 176.6 166.4 161.8 158.1 151.1 141.8 137.8 137.5 137.5 137.6 136.8 136.4 135.6 135.5 135.6 136.6 136.6 136.7 134.4 141.9 155.5 166 171.1 175.7 180.6 197 218.6 224.8 221 220 220.8 227.4 241.4 251.3 256.3 260.6 270.6 280.8 284.4 295.3 307.4 321.6 325.2 332.5 334.1 328.8 321.9 316.3
192.3 195.9 196.8 195.1 192.4 191.2 190.7 189.4 182.5 172 164.9 163.1 161.3 159.7 158.7 157.5 155 158.4 159.8 163.4 168.8 175.5 183.7 188.4 189 191.3 196.4 194.9 188.2 178.1 168.1 161.3 155.1 150.3 143.2 139.2 137.9 137.7 136.6 136.6 136.8 137.5 137.5 137.2 137 136.1 134.9 134.7 139.1 148.8 160.5 167.4 173.9 181 182.8 198 211.7 217.4 218.8 219.7 221.6 227.9 240.3 249.8 259.1 265.1 271.4 280.9 288.2 299.7 312.4 327.7 335.2 342.1 344.1 337.3 326.7 320.1
193.1 192.8 191.5 188.3 187.4 187.1 185 182 174.6 170 167 165.2 162.4 160.3 158.7 157.4 158.9 161.5 165.2 170 177 185.6 192.4 193.4 190.4 190.5 192 187.5 180.1 170.8 161 154.9 148.8 141.4 138.1 136.8 136.8 137.5 136.9 137.5 137.7 137.6 137.1 136.7 136.4 135.6 134.4 138.4 144.9 152.9 159.9 167 176.1 185.1 186.1 192.9 205.2 211.1 215.7 219.8 224.4 231.6 243.6 255.2 263.1 268.3 273.2 279.8 289.8 305.5 321.4 337.7 347.6 354.5 352 341.9 332.4 324.3
189.9 188.8 187.7 188.2 186.3 184.6 182.9 177.9 176.8 173.4 169.7 165.9 163.9 162.2 160.7 159.3 161.3 165.9 170.6 175.7 184.2 192.7 196.6 191.8 188.3 187.7 186.8 180.1 172.4 163.2 154.8 147.7 140.4 137.2 137.5 138.6 138.4 138 137.1 137.4 137.6 137.3 136.9 136.4 135.8 135.8 139.2 140.8 146 154 159.6 167.3 176 184.8 188.4 190.5 200.8 207.9 213.9 219.4 223.9 236.6 248.5 257.3 264.2 269.8 274.9 280.6 298.5 313.6 326.2 342.9 357 360.4 356.9 350.7 341.7 328.4
190.4 190.3 191.4 190.3 188.7 187.1 185.4 183.2 182.3 177.2 171.2 167.4 165.8 164.1 160.9 162 164 168.7 174.4 181.6 189.4 195.7 193.9 188.5 184.5 184.5 179.9 172.8 165.3 156.2 145.5 137.7 137.9 138.7 138.5 138.5 138.4 138.2 137.6 137.2 137.5 137 136.6 136.2 136 138.9 136.5 140.9 148.9 151.4 158.8 166.7 175.3 184.5 189.2 194 202.8 208.4 213.2 218.6 231.4 238.8 249.2 258.4 267 272 277.8 285.9 302.3 316.7 328 345.3 357.7 358.2 357 352.8 344.9 335.3
194 194.2 194.8 193.7 191.2 188.7 187.3 186.2 185.3 180.3 175 170.1 166.4 165.3 162.9 163.9 165.9 172.3 179 185.5 191.3 192.9 188.5 183.9 182.1 178.7 173.8 166.7 159.3 151.1 137.3 138.4 138.1 138.1 138.1 138.1 138.1 138.1 137.9 137.2 137.5 137 136.5 135.9 137.8 136.6 136.2 137.6 150.3 156.8 160.3 167 172 182.1 188.8 198 203.5 208.9 213.9 221.3 233.1 239.2 250.9 261.1 268.3 273.8 282.4 292.8 304.2 316.7 329.5 342.9 355.4 357.1 355.7 349.7 345.9 344
205.9 205.9 202.2 197.6 193.8 190 188.5 187.2 188.7 184.8 178 171 166.8 165.1 166.4 167 169.1 174.8 181.1 187.4 190.7 188.1 183.6 179.9 178.1 173.3 167.1 159.7 152.7 146.5 137.4 137.2 137.6 137.7 137.8 137.8 137.8 137.8 137.8 137.6 137.4 136.9 136.4 136.6 136.2 136.9 136.9 137.3 149.9 158.3 166.6 172.4 175.3 179.9 190.5 197.7 201.3 207.5 213.6 225.5 235.7 242 254.7 261.7 267.5 274.8 284.3 296.2 309.1 321.3 332.2 343.4 356.5 358.6 358.9 354.6 351.5 350.6
218.1 215.3 210.2 204.3 200.2 195.4 188.1 190.5 194.4 189.8 180.7 170.9 167.1 166.4 169.1 169.9 171.8 177.7 183.6 187.7 186.6 183.2 179.4 177.3 173 167.9 161.5 153.2 147.4 145.3 137.3 137.2 137.4 137.4 137.4 137.4 137.4 137.5 137.5 137.5 137.4 137.1 137 137.1 136.6 137.1 137 142.7 153.3 161.8 169.9 177.3 182.1 187.4 192.9 199 205.9 211 219.3 228.7 239.1 247.9 257.5 262.9 267.5 274.8 286.5 299 311.8 324.8 330.7 349.6 357.8 360.7 360.8 359.5 355.2 354.4
228.2 224.6 219.7 216.6 209.7 200.9 191.8 193 194.5 188.6 178.5 170.6 168.3 169.9 171.5 172.4 174.9 178.7 183.6 185.2 182.1 178.4 177.8 174.1 167.7 162.2 156.3 148.9 146 143.4 137.6 137.2 137.2 137.3 137.3 137.3 137.3 137.3 137.4 137.6 137.5 137.4 138.1 137.8 137.4 137.3 137.4 146.1 156.8 165.7 172.6 179.8 185.6 189.6 198.2 209 213.7 218.3 224.7 233.2 241.7 251.4 258.8 264.1 268.3 280.3 291.2 303.2 314.5 323.9 330.1 349.3 357.5 357.7 357.9 357.6 357 356.6
242.9 234.3 229.3 223.4 217.8 206.9 199.5 191.1 187.6 180.6 175.5 172.1 171.5 174.8 173.1 175 177.6 179.1 181.4 180.7 178.1 174.9 171.6 167.1 162.2 156.5 150.4 147.6 145.2 140.7 138.2 138.1 137.2 137.2 137.3 137.3 137.3 137.5 137.7 137.7 137.7 137.7 138.5 138.3 138 137.8 137.8 152.9 161.2 167.5 174.1 180.4 188.3 198.5 210.8 214.4 219 227.5 234.5 240.5 247 253.2 259.2 267 274.7 283.9 294.7 307.3 316.7 323.4 334.7 351.4 355 354.8 357.1 360.5 363.8 364.9
249.2 241.6 234.6 225.7 218.8 210.3 201.8 192.7 186.6 180.5 176.1 173.8 174.4 175.4 175.8 178 178.3 178.1 177.9 176.1 173.4 170.6 166.8 163 156.2 150.6 148.7 146.6 143.4 137.8 137.6 137.4 137.2 137.2 137.3 137.3 137.8 137.9 137.9 137.8 137.8 137.8 138.2 138.6 138.6 138.5 143.7 158.4 164.9 170.4 177.3 185.6 196.8 207.3 214.9 221.4 231.4 241.1 246 250.1 253.2 258.7 266.3 273.3 282 289.2 299.6 310 316.7 327.3 340.2 348.9 352.9 358 361.4 368.7 371.3 373.7
254.2 245.8 236.1 226.9 221.8 218.1 209.3 198.1 191.1 182.9 177.9 175.5 176.7 175.6 176.5 177.2 176.5 176.4 173.3 171.4 168 167 163.1 157.1 151.9 148.5 147 145 137.9 137.7 137.6 137.4 137.3 137.2 137.7 138.1 138.1 138 138 138 137.9 137.8 138.1 138.6 138.8 141.6 151.4 159.8 166.7 172.2 179.8 191.3 202.2 218.5 225.2 235.5 244.6 251.1 256.4 260.3 265 270.6 277.9 285.7 290.4 297.8 308.6 316.3 321.8 331.1 341.2 347.2 354.3 359.3 364 369.7 373.3 374.6
255.7 246.9 237.3 228.9 227.4 222.4 214.2 205.7 194.5 184.2 179.1 178.4 177.8 176.1 175.9 175.4 174.7 172.3 168 167.3 163.7 160.9 157.6 153 149.9 147.9 145.5 138.1 138.3 138.1 138 137.8 137.7 137.6 138.5 138.3 138.2 138.2 138.1 138.1 138 137.9 138 138.3 139 149.7 158.2 165.3 168.5 174.7 183.9 198.4 218.3 222.5 232.4 240.8 248.8 254.8 263.2 268 275.1 282.9 291.6 299 303.7 310.7 319.4 322.1 327.1 339.4 352.2 357.8 360.8 365.4 371.1 375.1 379.3 379.9
256.9 247.8 236.3 233.4 231.3 226 216.1 205.2 191.2 183.5 180.1 182.1 178 176.4 174.2 173.3 172.2 168.1 170 169.1 164 158.8 151.4 148.9 149.1 149 138.9 138.3 138.5 138.6 138.6 138.4 138.3 138.2 138.5 138.5 138.4 138.3 138.2 138.1 138 137.9 137.9 138.3 144.3 152.3 160.3 166.8 171 179.2 190.3 211.2 218.9 227.3 235.9 243.2 250.8 261.9 270 275.7 282.8 291.7 300.9 307.2 312.3 317.4 320.7 326.2 338 347.2 358.7 366.8 370.9 375.8 385.8 392.9 391.6 393.7
257.6 247.9 240.2 236.1 232.3 221.1 209 194.7 187.7 184.7 185.2 183.7 177.7 174.6 172.8 170.7 169.7 169.6 169.9 166.7 162.4 157.8 152.1 145 148.8 149.7 138.6 138.3 138.5 138.8 139 139 138.9 138.8 138.7 138.5 138.4 138.5 138.4 138.2 138.1 138.1 138.5 142.8 149.7 155.3 163.1 170.2 176.2 186.9 201.2 217.9 226.9 231.7 238.3 250 264.5 274.8 278.7 283.5 288.4 300.3 306.4 312.8 318 318.6 326.9 336.2 344.9 352.5 363.2 372.6 375.8 389.8 395.9 397.3 401.6 405.8
254.9 246.4 238.6 231.1 218.8 208.4 198.2 197.1 192.3 189.5 188.6 181.6 175.8 173.1 172 170.9 170.4 170.2 168.7 164.2 160 156.6 150.5 143.6 145.9 150.6 138.6 138.4 138.4 138.4 138.7 139.2 139.4 139.4 138.5 138.6 138.9 138.5 138.6 138.4 138.6 139.1 140.8 147.2 153.2 159.1 168.2 177.4 183.3 196.3 210.9 226.8 235 239.1 248 266.9 276.8 281.3 285.7 289.8 297.9 308 313.8 319.2 323.7 333.7 343.7 348.3 353 361.2 366.7 372.3 384.2 398.1 403 410.4 411.7 411.8
250.2 243.6 234.4 220.7 220.6 211.3 206.1 202.1 195.9 190.7 188 181.1 175.7 172.9 173.4 170.5 169.4 169.4 166.6 162.2 159.1 157.7 148.8 141.2 140.1 141.3 138.6 138.5 138.5 138.5 138.5 138.5 138.8 138.7 138.7 139.1 139.1 138.6 138.7 138.8 139.3 140.2 145.2 152 158 164.7 174.6 182.7 191.7 204.1 218.1 233.1 242.7 250 256.7 274.4 281.8 287 291.4 296.6 309.8 315.5 321 326.5 331.8 341.9 353.5 355 364.5 368.2 371.2 378.4 395 406.2 412.8 416.2 418 417.8
247 238.3 234.1 233.5 228.2 220.6 210.6 207.4 195.2 190.8 186.5 180.4 175 174.3 174.7 171.1 167.7 167.9 164.4 160.5 159.4 158.4 155.2 140.9 139.8 139.4 138.9 138.7 138.5 138.5 138.5 138.5 138.5 138.5 139.1 139.6 138.9 138.7 138.9 139 141.8 144 150.4 159.4 167.5 172.4 181.1 188.5 202.6 218.4 231.5 242.8 251 259.8 267.7 274.1 283.7 290.5 295.2 301.9 314.1 320.1 326.3 332.5 344.2 352.1 358 363.6 371.3 377.6 381.7 390.9 404.4 412.6 417.4 424 429.3 430.4
241.6 245.7 242.7 238.9 233.2 224.8 212.2 204.3 194.1 188.4 183.7 177.6 174.9 175.6 175.4 170.6 165.7 164.6 162.1 160.5 159.6 158.1 156.7 141.4 139.3 139.2 139 138.9 138.8 138.7 138.5 138.5 138.5 138.6 139.1 139.5 138.7 138.7 139.1 140.3 143.6 147 155.6 164.6 172.3 177.9 185.4 195 213.4 233.4 245.6 252.6 260.1 268.8 275.8 280.6 284.3 289.9 298.1 304 314.9 320.6 325.6 333.1 346 353.5 359.7 366.3 375.6 382.8 390.7 400.1 409.2 419.8 426.1 434.1 440.3 439.5
254.7 251.4 247 243.4 235 225.7 213.9 202 193 186.4 180.1 176.2 175.6 176 174.1 169.6 164.6 162.1 161 160.1 158.9 157.6 157 141 139.4 139.2 139.1 138.9 138.8 138.7 138.6 138.5 138.6 139.5 139.1 138.8 138.8 138.9 140.1 141.5 144.8 149.4 157.5 167.6 176.1 183.1 192.1 200.5 216.8 233.2 250.1 258.7 267.6 278 284.1 289.9 295.1 298.5 304.7 310.2 316.1 322.2 327 332.8 340.6 352.5 359.6 368.3 377.4 385.7 395.3 406.9 416 423.5 432.2 440.9 450.2 449.8
257.7 253.8 247.9 241.2 234.3 225.9 214.4 199.4 189.4 183.2 177.8 175.9 175.3 174.5 172.2 168 163.2 161.2 160.3 159.3 158 157.7 157.4 140.9 139.7 139.4 139.2 139 139 139 138.5 138.5 139.2 140 139.5 139.1 139.1 139 140.5 142.1 147.7 155.6 161.4 171.1 180.7 188.7 197.1 204.7 217.5 229.9 245.4 258.2 273.2 282.8 290.4 295.4 303.4 306.4 311.7 317 321.4 325.9 330.6 335.3 342 353.9 360.2 368.6 376.3 387.1 399 409.9 420 426.9 435.4 446.5 450.2 452.3
257.1 253 246.2 237.9 231.6 225.8 210.8 194.2 184.9 180.5 177.2 175.5 174.2 171.8 169.4 166.3 161.1 159.8 159 158.2 157 155.8 153.4 141.7 139.7 139.4 139.1 139 139 139 139 139.1 139.5 139.7 139.6 139.3 139.4 139.4 140.5 146 155.2 162.3 164 173 185.2 193.6 201.8 209.3 219.3 231.5 242.2 253.3 267.8 277.1 289.7 298.3 304.3 307.7 311.2 316.9 322.5 328.5 333.8 337 343.3 352.5 360.3 368 376 386.9 398.3 408.6 420.3 430 436.8 445.3 450.2 455.2
251.9 247.4 240.5 234.9 227.2 219.8 202.9 187.5 180.5 177.9 176.5 174.4 171.7 168.5 165.8 163.4 159.4 158.6 157.7 156.3 154.8 152.9 153.6 149.1 139.6 139.3 139.5 139.6 139.1 139.1 139.3 140 140.6 139.7 140.2 140.9 139.5 140.7 145.8 151.8 159 169 174.8 182.1 190.4 197.7 200.1 212.7 222.7 234.8 242.6 253.5 262.3 269.5 282.6 291.2 300.3 305.3 310 314.3 320.9 328.2 334.3 339.8 346.4 353.4 362.1 369 381.9 393.2 407.4 417.6 428.8 437.2 444.6 447.7 452.6 458.6
248.7 241.6 235.7 229 219.6 205 190.3 182.4 179.1 176.8 175.2 172.1 169 165.7 163.4 161 158.4 157 155.8 155.3 149.3 147.3 147 153.1 140.6 140.3 140.4 140.4 139.1 139.1 139.7 145.7 148.3 152.3 152.8 150.1 141.9 146.8 152.2 156.1 165.5 174.8 183.1 190.1 197.9 203.9 210.9 217.7 221.8 234.6 243.7 252.8 260.6 267.9 280.3 289.8 300.3 305.8 310.6 316.7 326.9 330.6 337.4 345.7 350.6 357.4 366.7 377.7 388.1 401.4 414.1 427.1 437.8 443.1 449.1 456.7 460.7 462.6
244.7 237.7 231.3 222.8 214.4 194.6 185.7 181.8 178.4 174.7 172.8 169.9 168 166.3 163.7 161.4 157.3 153.7 153.3 152.3 144.8 140.3 142.8 146.9 143.9 140.8 140.5 139.6 139.1 140.1 140.8 151 152.4 153.5 154.9 155.6 153.5 154.2 157.3 162.7 173.8 184 192.5 199.1 207.2 212.9 220 226.6 230.8 237.7 246.4 253.1 259.9 267.9 279.8 287.9 299.6 305.9 310.8 315.3 320.3 333.7 344.6 352.7 359.2 365.5 375.7 389.6 396.8 405.6 419.8 434.6 444.9 452.8 455.7 463.3 469.7 468.3
240.2 233 226 215.5 200.7 189.9 184.9 181 176.6 173.3 171 169.5 167.5 164.1 163.4 160.7 155.3 152 150.3 145.8 145.3 144.4 143.7 141.4 142.2 140.7 139.9 139.2 139.1 139.8 150 151.6 153.2 154.6 155.5 156.4 156.8 157.7 160.3 172.3 181.2 196 205.3 210.5 218.5 225.1 229.6 233.4 235.8 241.1 248.6 254.2 259.6 268.3 278.7 287.9 297.3 305.6 311 316 321 338.6 349.7 358.3 365.2 373.1 384.6 399 404.8 411.4 426 437.1 446.5 457.3 462.7 470.4 473.3 475.6
