app/static/ascii/SJ05.asc
ncols 200
nrows 200
xllcorner 300000
yllcorner 350000
cellsize 50
[rows 105 to 139 of 200, columns 78 to 155 of 200]
351 355.8 356.5 356.2 355.1 353.2 352.9 355 357 360.7 363.1 365.2 366.7 367.6 365.1 371.1 374 377.3 380.3 382 384 386.3 388.7 391.9 395.9 399.4 402.7 402.4 402.1 400.4 400.5 399 397.6 395.9 395.1 392.3 390.7 389.5 387.6 385.4 382.6 379.6 377.1 375 372.9 371.2 370.2 369.3 368.8 365.6 362 356.2 350.1 342.8 337.2 331.1 322.7 313.5 307.5 309.8 310.6 310.6 310.5 305.5 309.8 318.7 320.2 323.5 320.3 318.4 316.3 315.5 314.6 308.4 303.2 292.1 280.6 269.9
357.6 363.2 365.1 365.2 365.3 367.2 367 367.6 367.3 370.3 372.4 373.9 374.7 374.5 373.5 378.5 382.9 386 388.2 390.1 392.1 393.9 395.9 397.5 400.6 403.2 405.7 406.2 405.9 404.6 403.1 401.5 400.1 398.4 396.8 393.7 391.7 390.7 388.4 385.9 383.3 380.6 378.2 376.1 374.1 372.1 369.9 369.3 367.6 365.4 362.5 357.2 349.1 344.4 337.5 329.8 324.8 320.2 315.8 307.5 296.6 299.1 299.2 295.7 291.4 292.8 295.4 301.8 301.9 297.4 297.7 297.1 293.5 291.6 288.5 281.5 272.5 263.3
365.4 370.2 373.2 373.7 375 376.8 378.7 379.4 377.9 379.3 381.4 381 381.8 381.8 384 388.4 391.9 393.4 394.9 396.4 398 399.7 401.3 402.9 405.1 407.3 408.8 409.9 409.2 407.7 406 404.4 402.8 401.3 399.4 397.5 394.6 392.6 390.3 387.6 384.7 382.6 380.4 377.8 375.6 373.5 372.5 371.4 369.9 367.5 364.1 358.6 352.7 346.2 341.2 336.8 330.6 326.8 323.1 316.4 309.2 299.9 285.4 277.2 274 272.5 273.7 275.2 277 278.6 274.2 273.9 272.5 274.4 269.5 264.9 259.4 255.7
371.7 375.8 379.6 380.7 382.5 385 386.1 386.9 387.5 389.1 388.7 389.9 390.4 390.7 392.5 396.9 398.5 399.2 400.6 401.5 403.2 404.9 405.7 407.3 408.8 411.5 412.5 412.8 412.2 410.9 409.2 407.9 406.3 404.6 402.6 400.5 398.7 396.6 394.1 392 390.1 386.6 384.2 380.4 378.1 376.6 375.1 374.4 372.7 370.7 366.9 361.5 357.4 350.6 345.4 340.2 335.2 330.2 325.6 321.6 316.6 310.3 299.8 288.3 279.2 271.6 258.3 258 257.1 254.5 254 258 253.3 247.7 245.2 243.8 241.2 238.3
376.5 380.6 384.9 387.3 390.7 392.7 393.4 395.1 396 395.8 395.8 395.5 396.1 396.1 398.8 401.9 403 404.4 405.5 406.9 408.5 410 411.3 412.2 412.9 415.3 416.5 415.5 414.8 413.9 412.6 411.1 409.7 407.9 406.3 404.8 403 400.4 397.9 396 393.3 391 387.5 383.8 380.3 378.7 377.8 377 375.9 373.8 370.3 366 361.4 355.1 349.3 343.3 337.7 332.3 327.2 324.2 321.2 316.3 307.7 293.9 285.1 276.8 268 254.4 247.2 245.1 246.3 244.5 242 239.4 236.7 232.9 229.2 227.1
381 384.6 389.4 393.8 397.1 399.4 401.2 400.9 401.7 400.5 400 400 401.2 401.2 402.1 404.5 406.7 408.6 410.3 410.9 412 413.3 415 416.1 417.4 418.5 418.8 417.6 416.7 416.2 414.7 413.5 412.3 411 409.4 407.5 406.3 403.3 399.9 397.2 395.3 392.4 388.6 384.9 382.2 380.2 379.4 378.6 377.4 375.5 372.7 369.1 365.1 359.8 352.8 346.5 340.2 334.6 330.6 327 323.9 319.9 312.6 303.4 293.7 288.6 277.5 266.9 256 246.7 236.9 235 233.2 230.9 227.9 224.7 220 217
385.4 388.7 393.1 396.7 400 402.6 404 404.7 405.5 403.8 402.6 403.1 404.8 405.5 406.7 408.3 410.5 412.3 414.1 416.3 414.8 415.9 418.1 418 419.1 419.7 419 417.8 418.7 417.3 416.1 415.4 414 413.4 411 408.9 407.1 403.9 400.8 397.6 396 392.8 389.3 385.7 382.4 380.7 379.7 379.1 378 377 375.5 371.4 367.5 362.8 356.1 350.2 343.6 337.7 333.4 329.5 326.3 321.1 315 308.4 301.9 294.9 287 276 264.2 256.1 250.7 243.4 239 230.5 231.8 228.1 223.6 221.3
388.1 390.9 395.5 398.6 401.8 404.4 407.1 408.7 409.5 406.8 404 406.6 408.1 410.6 410.9 412.1 414.1 415.9 417.4 417.8 415.5 417 418.6 418.4 418.8 419.5 418.3 416.8 416.7 416.9 418 417 416.4 414.5 412.9 410.9 407.5 404.3 401.8 399.2 397.1 394.2 389.1 385.7 382 380.2 379.8 379.2 379 378.7 377.3 372.7 369.8 365.5 358.9 352.4 346 339.9 335.1 331.1 326.4 321 315.1 309.2 303.2 296.5 289.4 278.5 270.7 264.3 258.9 253.3 245.3 240.8 238.6 234.9 229.5 225.2
387.5 394.1 397.5 399.9 402.8 405.2 408.5 410.7 410.6 407.7 404.3 409.8 410.1 413 413.3 415.3 415.9 416.7 417.3 416.7 416 417.5 417.1 417.3 417.3 417.8 417.6 414.1 413.8 416.2 417 417.3 415.4 414.5 412.9 411.1 406.6 403.5 402 400 398.2 394 387.7 383.7 380.7 378.2 378.4 379.4 379.8 378.9 377 373.8 370.6 367.9 361 354.4 348.8 341.5 336.1 330.7 325.4 319.8 314 308.3 302.6 294.7 287.2 280.3 274.7 267.4 261.7 256.7 251.5 246.3 242.9 237.8 235.3 231.6
389.7 394.8 397.4 399.4 402.8 405.7 407.6 409 408.8 408.1 406.1 407.7 408.6 411.1 413 415 416.3 416.6 418 417.2 415.2 415.3 415.8 414.9 415.3 415.7 413.2 410.3 410.5 414.6 413.7 412.5 412.9 414 411.9 409.1 403.2 401.1 400.5 399.5 396.1 392.1 386.1 381.5 378.2 376.1 376.6 377.2 377.4 376.6 375.4 373.8 371 368.1 361.7 356.5 350.2 342.6 335.4 330 323.2 317.5 312.6 307.1 301 293.5 286.8 282.1 276.3 269.3 263.6 259.2 254.2 250.1 247.1 242.9 238.7 235.2
385.5 392.1 395.5 399.1 402.9 405.9 408 408.6 408.5 408.2 407.5 407.5 409 409.3 411.2 414.4 415.3 415.1 415.2 414.6 413.3 413.1 412.8 410.8 411.4 411.4 408.6 408 408.8 408.7 407.4 406.3 405.7 405.2 404.4 402.4 398.5 396.9 396 394.1 391.8 388 383.1 378.5 374.1 372.1 374.4 375 375.3 375 375 372.3 367.6 364.1 359.8 355.1 348.6 341.5 334.2 327.5 321.8 315.4 310.7 305 299.9 293 287.5 283.6 277.9 271.6 265.5 261.2 257.3 254.6 251.7 247.8 244.5 241.1
379.6 385.9 393 398 402.7 405.7 407.9 409.4 409.9 407.5 406.7 406.1 406.1 406.8 407.7 411 411.3 411.1 411.5 411.9 410.7 410 409.2 407.9 406.5 405.6 403.3 403.4 405.7 403.3 401.1 399.9 398.7 397.4 396.4 394.8 392.2 391.9 390.8 389.2 386.9 382.2 377.2 372.4 369.1 367.8 368.7 369.1 368.3 367.7 368.1 366.8 364.8 361.9 357.1 353.6 346 338.7 331.4 325 319 313.3 307.7 301.9 297.2 292.2 287.3 283.1 277.9 272.4 268.2 264.3 261.3 258.4 255.7 253.4 250.9 249.6
376.1 384.1 392 398.7 401.9 404.4 406.3 408.2 408.3 405.8 404.9 404.5 404.4 404.7 404.2 405.8 406.5 407.6 408 407.8 407.1 406.7 405.7 403.3 401.3 398.9 397.7 397.3 399.3 397.6 394.2 392.8 391.9 390.8 389.5 388.3 386.5 385.8 385 382.4 379.6 375.1 370.1 365.1 361.6 361.2 362.6 362.7 361.2 359.6 360.6 361.5 358.1 356.8 351.4 346.3 340.8 333.6 325.6 318.9 311.9 306.7 302.2 298.9 294.7 290.5 286.3 281.1 277.9 273.8 271.1 267.9 265.6 262.9 260.3 258 255.5 253.4
375 384.2 393.6 399.2 401.4 402.1 402.9 403.3 402.8 402.7 402.5 402.2 401.9 401.7 401.5 401.5 402.2 403.5 404.2 403.3 403 403 400.6 398.2 395.3 390.8 389.8 392.1 392.4 390.4 388.4 387.4 386.7 385.8 384.9 383.4 379.9 377.8 375.6 373 370.5 366.5 363.7 357.4 344.9 348.3 352.8 353.7 351.4 350.5 352.1 348.7 347.1 345.5 340.7 336.6 327.3 319.3 313.3 306.5 300.2 296.4 294.4 291.6 288.4 285.6 283.4 279.9 277.1 274.7 272.7 269.9 267.7 265.9 263.7 261.6 260.1 257.8
376.1 386.4 396.6 398.6 400.6 400.6 400.7 400 399.7 399.8 399.6 399.3 399 398.5 398.2 398.3 397.9 398.9 399.3 398.6 398.2 397.9 396 393 389.9 385.6 383.9 387 385.9 384.6 383.7 383 381.7 380.3 378.2 376 374.4 371.9 370.7 367.2 363.5 360.3 355.5 349.2 331.2 339.9 344.3 342.7 340.9 338.5 338 336 332.9 329.2 322 313.9 306.6 303.4 297.1 291.5 287.2 284.6 281.7 277.6 275.4 275.7 275.8 274.4 272.8 272.2 271.3 269.1 266.5 265.7 264.4 261 259.2 256.5
377.4 384.5 392.4 395.6 397.6 397.9 398 397.8 397.7 397.2 396.8 396.5 395.7 395.3 395 394.8 393.5 394.2 394.5 394.1 393.8 393.4 391.7 388.8 383.8 379.6 379.5 381 380.7 382 382 381.1 379.8 377.7 375.8 373.5 371.6 369.2 366.6 362.1 356.9 352.7 347 340.2 324.2 328.3 332.2 330.5 328.3 323.9 317.3 319.2 317.4 311.8 304.3 297.1 290.6 282.5 278.2 276 269.8 264.7 261.8 260.6 256.9 258.9 260.1 260.1 259.6 259.4 259.9 258.7 260.2 259.9 259.6 256.2 255.5 251.7
378 383.2 390.8 393.6 395.1 395.3 395.1 394.9 395 394.5 394.2 390.9 390.5 391.5 391 391.6 390.3 390.5 390 389.7 389.3 388.9 388 385 381.3 378.2 375.3 377.2 378 380.9 381.6 379.7 378.3 376.3 373.6 370 366.5 363.2 358.1 353 348.1 343.2 338.6 334.4 329.3 314.7 319 318.5 314.3 308.5 299.8 301 297.9 293.2 287.8 281 271.6 265 260.7 256.5 253 250.9 248.6 245.9 245.6 243.8 242.9 242.6 243.6 240.5 237.9 234 234.8 233.5 228 232.5 229.8 232.8
378 382.1 388.2 390.4 392.1 391.8 391.6 391.5 391.6 392.6 392.9 389.3 385.2 386.7 386.7 387.1 386.8 386.4 385.6 385.1 386 384.8 383.7 382 379.8 376.9 374.5 370.2 374.8 375.8 375.9 375.4 373.6 370.3 367.2 364.2 360.2 352.5 347.1 342.6 338.5 335.6 331.5 326.5 320 303.5 306.4 306.7 300.4 293.2 284 278 273.6 266.8 263.6 259.5 258.8 256.3 253.3 248.8 247.4 245.8 244 242.1 239.6 236.6 236 234.7 233.6 230.9 233.7 233.5 232.7 232 233.1 231.3 223.6 217.1
376.4 380.3 384.6 387.7 388.5 388.1 388 388.1 388.5 389.9 389.7 385.3 381.2 380.9 382.5 383 382.8 382.3 381.4 380.7 382.1 381.9 380.8 379.3 378.7 376.8 375.2 373.2 370.1 371.8 372.6 368 365.6 364 360.8 354.6 348.2 341.4 335.2 332 331.6 328 323.5 319.5 315.8 306.1 293.1 289.2 283.5 282 281.6 280.4 277.5 276.6 272.9 270.9 266.4 263.8 260.7 256.3 253.1 251.2 249.5 247.9 246.6 245.3 237.7 239.8 240.8 242.6 244.5 246.7 249 250.2 246.1 244.8 242.3 237.6
374.4 378.4 382.8 385.3 385.3 384.1 383.9 384.3 384.5 384.2 382.5 379.5 376.9 377.5 378.4 379.2 378.7 378.1 377.6 377.1 378.3 379.7 378.8 377.1 376.6 376.3 373.4 371.3 368.9 366.2 365.2 362.3 359.6 354.8 350.7 344.5 336.8 330.6 327.7 325.9 323.5 320.3 317.2 315 311.3 307.3 294.9 290.4 294.2 296.2 295.2 291 284.8 282.3 280.1 279.3 273.9 272 271.4 268.9 264.1 263.5 260.7 257.1 247.2 243 246.7 252.3 257.2 258.4 258.9 260.3 260.5 259 258.4 257.7 249.1 242.2
373.6 379.5 382.1 382.5 381.6 380.7 380.4 380.5 381.4 380.7 377.9 376 375.1 374.7 375.8 375.2 374.8 374.5 374.4 373.6 376.1 378.6 376.7 374.2 372.6 371.5 367.2 366.3 365.3 362.5 358.7 355.9 349.3 344.7 337.4 330.1 324.6 321.2 318.9 318 315.7 313.5 309.5 306.8 304.2 298.5 295.8 299.2 302.2 302.5 301.4 297.3 292 291 292 291.8 288.8 281.6 278.5 273.7 269.6 266.1 261 251.3 252.7 256 260.3 264.7 265.5 265.6 265.7 266 267.4 265.1 260.2 254.2 245.2 239.3
373.1 376.7 378.6 378.4 377.8 377.2 377.2 378 378.5 377 375.1 373.2 372.3 371.5 370.9 371.1 371.4 371.6 372.2 373.2 374.8 377.4 373.5 370.4 369.5 367.8 364 360.2 360 358.9 354.3 345.6 335.7 330.5 326.1 321.3 316.9 313.8 312.2 310 307.7 306.1 303.8 297.1 300.6 300.8 302.8 306.1 311.3 311.3 309.9 308.6 303.9 303.3 302.9 297.1 290.6 284.6 278.6 273.2 268.5 260 259 263.7 265.1 267.2 268.8 269.7 269.6 268.5 267.6 268 266.1 260.2 255.7 246.5 245.5 247.1
370.2 372 372.9 373.1 373.5 374.4 373.1 371.7 373.8 373 372.8 370.7 369.7 370.1 370.6 369 367.7 367.4 369.3 371.9 373.5 371.9 369.1 366.3 366.6 366 363.4 354.1 353.1 349.6 344.8 337.5 332.1 324.7 320.1 315.7 312.4 309.7 308 306.4 304 302 299.7 304.1 310.6 313.8 313.7 315.4 320.9 324.5 321.5 315.4 311.8 305.2 300.3 293.2 286.7 280.9 275.3 268.8 264.6 267.8 269.2 270.8 271.7 273 273 273.1 271.9 269.6 267.8 264.7 261 255.4 251.3 252.6 255.3 257.1
364.8 365.8 366.4 367.9 368.4 368.5 367.7 367.4 368.2 368.7 369 368.4 368 370.5 371.5 370.3 367.4 363.9 366.2 368.1 367.8 367 365.3 363.2 361.4 362.2 360.3 353.2 346.5 344.7 340.8 333.8 328 322.9 318.6 313.7 310.8 308.1 305.8 303.7 301.9 302.2 304.6 309.7 314.3 317 318.6 319.6 320.4 318.5 314.5 309.9 303.8 299.2 293.5 286.5 281.2 275.3 269.7 269.1 272.1 273.5 275.4 276.5 276.3 277.1 275.3 275 273.8 270.6 265.7 261 256.5 259.6 261.1 263.4 266.2 265.4
356.6 359.3 360.7 363.2 363.1 362.7 362.7 363.2 363.6 364.2 364.5 366 369.5 372.1 373.7 371.2 367.8 363.3 362.3 363.1 362.4 363.1 360.9 359.7 354.6 351.7 352.5 350.2 344.3 339 337.2 331.2 329.4 324.9 319.4 312.8 309.2 306 304.6 303.4 303.2 304 310.5 314.6 315.1 316.3 317.4 316.4 314.3 311.1 307.3 303.2 298.7 293.2 288.4 281.5 276.7 271.3 272.9 275.1 277.3 279.1 280.6 280.5 280.6 280.5 277.7 275.4 272.8 268.9 264 262.5 263.3 264.9 267.8 271 272.9 271
350.1 351.9 357.8 359.6 358.7 359.1 359 358.6 358.8 359.1 362.2 366.7 371.2 374.4 372.5 370.7 366.1 361.9 358.7 357.9 358.7 359.3 358.7 357.1 354.5 353.1 348.5 343.8 341.1 337 333 328 324.6 317.4 314.7 312.1 309.1 308.1 306.9 305.9 304.8 305.1 309.4 315.7 317.1 316.5 313.7 311.2 308.5 306.1 301.9 298.1 292.3 287.7 284 275.3 273.9 276.1 277.5 280.6 283 284.1 283.3 284.3 284.2 282.1 279 276.7 271.7 267.9 267.7 268.7 270.6 272.2 275 277.6 278.1 275.1
345.1 348.5 355.5 356.1 355.7 355.9 355.8 355.8 355.8 356.8 361.2 367 370.8 369.2 369.3 366.6 362.7 359 356.3 354.8 355 357.7 356.1 354 353.3 351.5 350.3 347.9 342.1 335.2 333.2 331.6 328.3 327.3 323.3 317.4 315.5 312.8 312.1 310.1 308.5 308.9 308.8 313.2 315.5 313 309 306.1 303.9 300.3 297 293.6 287.8 280.1 276.8 276.2 277.4 279.6 283.1 287.2 287.5 286.7 285.3 286.3 287.5 286.2 283 280.2 274.6 273 273.8 275.3 277.4 278.4 280.7 282.3 282 276.9
342.5 346.4 351.1 351.4 352.3 353.8 353.7 352.8 351.2 355.7 358.3 361.3 362.7 363.7 363.9 362.3 358.2 355 353.8 352.8 352.8 354.8 353.3 351.7 353 351.5 352.3 346.8 341.9 340.1 341.9 338.7 334.6 327.1 324.4 323.3 324.3 324.4 322.9 317.6 314.8 314.1 312.4 312.3 311.8 307.1 304.8 302.1 299.1 295.5 289.7 285 281.3 279.5 279.1 279 281 286.9 289.1 291 290.5 290.5 290.9 290.6 289.8 290.6 287.1 283.4 278.7 278.9 280.6 282.2 282.8 283.6 284.7 283.5 281.1 277.3
341.4 344 344.1 347.5 351.3 351 349.4 345 348.4 352.4 354.4 356.3 358.3 359.2 358.2 356.2 352.5 350.3 350.6 350.7 349.7 351.3 351.5 348.9 348.3 348.5 347 347.8 343.4 343.6 342.5 334.9 333.5 336.2 335.5 337.8 336.6 335.8 333.5 328.6 326.4 322 316.2 317.7 317.4 312.7 308.5 309.2 299.7 291.1 286.9 283.8 286.2 283.7 283.2 283.8 290.5 295.4 294.9 295 296.4 297.8 296.9 297.3 297.1 294.5 291.2 284.2 285.2 284.9 285.8 286.7 287 287.8 288.4 283.7 280.8 276.6
340.4 340.6 342.7 347.2 347.8 346.1 341.2 340.3 343.9 347.7 349.8 351.2 351.8 352.1 352.1 350.6 346.8 346 346.8 346.3 346.6 347.8 347.2 347.4 347.8 351.2 354.8 352.7 348.8 345.7 341.9 341 343.1 345.9 346.1 345.9 346.5 343.6 341.7 339.1 335.7 329.6 322.1 322.4 321.8 318.9 313.7 304.5 304.4 296.2 289.4 292.9 288.7 288.1 290 295.5 301.2 301.3 300.7 301.7 300.2 304 303.5 303.8 302.2 299 294 288.1 290.5 292.2 292.4 292.6 292 291.1 287.6 286.6 282.3 279.1
338 339.3 341.9 344.2 343.1 341.7 340.8 338.8 337.2 340.6 342.9 342.2 343.3 344.3 344.8 344.3 341.4 339.7 342.7 343.4 343.8 344.3 344.4 346.3 347.3 352 357.3 356.4 351.4 347.7 346.5 350.1 353.6 353.3 352.4 350.6 350.4 349.2 348.5 347.1 344 333.4 327.3 325.4 325.2 320.7 313.9 313.4 309.2 301.1 291.5 292.2 290.3 294.8 297.3 304.4 306.4 308.3 308.7 309.4 305.5 304.4 306.6 306.3 302.4 297.2 295.7 294.9 296.1 297.5 298.7 298.8 298.1 295.5 292 289.1 287.2 281.3
337.5 337 338.9 338.5 336.1 335.6 336.5 336.3 333.9 332 335.6 332.5 336.9 337.6 337 338.3 337.3 337 338.3 340.7 341.8 341 340.9 343.8 346.8 350 354.1 357.1 351.6 350.4 353 354.9 357.9 358.1 355.5 354.2 353.7 353.1 352.3 348.2 343.1 335.7 329.9 327.3 323.6 320.1 321.2 315.8 312 304 293.3 291.9 297.5 302.5 306.3 310.7 314.1 313.2 311.8 311.8 309.3 308.5 307.7 306.1 304.4 301.4 301.7 300.6 300.5 301.6 303 303.6 302 299.3 294.1 290.7 285.8 280.1
336.3 335 334.7 334.3 331.3 327.6 328.9 329.4 329.6 328.3 327.9 328.3 329.3 331 329.8 331.6 332.7 334.4 336 338.6 338.2 337.2 337.9 341.4 344.7 348 351.6 352.1 353.1 353.7 355.6 356.9 358.5 358.7 358 357.6 357.9 356.3 351.6 346.3 340.6 333.3 329.7 326.8 323.2 323.4 324.9 316 309.2 300.1 294.3 293.9 299.7 301.7 307.5 310.2 312 314.7 314.5 316.4 315.5 311.1 310.3 311.3 308.8 304.8 306.8 307.2 306.1 305.8 306.4 304.6 301.1 296.8 291.9 286.9 282.1 277
331.5 331.5 332.2 330.6 328 325.5 324.2 324.4 324.9 325.7 326 327 325.9 325.6 324.9 327.1 328.2 330.9 332.7 334.4 333.7 333.5 336.5 339.3 342.2 346.2 349.6 352.5 355.1 357.6 358.5 358.4 359.2 359.4 358.6 360.7 359.9 357.2 351.8 344.5 338.4 334.2 330.6 328.3 327.1 328 323.8 315.3 307.2 299.7 295.7 295.9 298.9 302.7 308.3 314 317.3 320.9 318.2 319.6 317.7 314.5 312.3 311 308.9 306.9 310.4 311.3 310.3 309.4 308.5 304.7 299.5 295.2 290.1 284.6 279.4 279.7
332 332.4 331.3 331 328.1 326 324.4 323.5 323.6 323.8 324.9 326.5 324.5 324.6 324.2 325 325.5 328 329.6 330.9 331.2 332.6 335.9 337.3 339.1 342.7 348.7 353 356.3 358.8 360.5 360.6 359.6 361.1 360.9 361 359.7 355.7 350 344.8 339.7 335.5 332.8 331.5 331.7 330.2 323.3 315.5 309 302.6 298.5 298.8 302.4 308.2 312.2 320.2 323.3 325.3 324.2 323.5 321.2 317.6 316 315 314 312.8 310.3 311.9 312.6 312.1 308.4 303.4 299 293.7 287.2 281.8 284.6 286.8
