app/static/ascii/SJ06.asc
ncols 200
nrows 200
xllcorner 300000
yllcorner 360000
cellsize 50
[rows 111 to 147 of 200, columns 82 to 163 of 200]
117.7 115.5 117.5 118.4 118.2 115 113.6 111.6 108.1 104.3 99.8 97.7 96 91.6 87 85.7 89.7 92.9 93.5 89.6 80 78 79.2 80.7 88.5 87.9 73.5 73.3 74.6 88.1 95.4 96.7 94.9 92.3 91.2 89.9 88.4 86.6 84.9 83.9 83.9 84.9 87 88.4 88 85.4 81.7 78.3 76.3 75.4 74.4 71.3 71.9 72.4 71.6 70 69.2 68.8 68.6 69 69.4 68.5 67.3 65.1 63.5 62.4 62.9 64.3 63.3 59.2 53.7 50.5 49.9 49.4 48.9 48.7 49.5 51.1 52 49.1 44.1 36.9
119.1 117.5 119.5 120 117.6 114.5 112.8 110.8 107.2 102.9 98.5 95 92 90.1 87.5 89.2 93.4 96.4 95.7 93.5 90.1 80.4 74.6 81.9 77.6 81.2 89 81.6 75.5 90.7 101.3 97.4 95.4 94.3 94.4 94.1 91.8 88.9 86.3 84.8 84.2 86 88.9 89.4 88.6 86.1 82.7 79.7 77.4 75.5 73.8 71.2 74.2 74.3 73.1 71.7 70.8 70.3 70.1 70.3 71.3 70.8 69.1 65.9 64.2 62.6 61.8 61.7 61.2 58 52.8 52.8 52.7 50.8 50.6 49.5 49.3 49.9 50.3 48.9 43.8 38.4
119.7 118.6 121.2 120.9 118.3 115.2 113.3 110.8 107.4 102.6 97.2 93.4 91.9 89.2 88.2 92.1 97.4 98.2 96.6 94.7 93.6 89.2 90.6 91 90.8 95.1 93.9 89.5 82.8 83.6 99.7 97.6 97.3 98.8 99.5 99.1 96.2 92.6 89.6 86.3 85.3 86.6 88.9 89.2 87.6 85.8 83.1 80.5 78.3 76.2 73.7 73.8 75.3 75.7 74.6 73.7 73 72.4 71.8 71.8 72.5 71.6 69.7 66.3 64.6 63 61.9 60.4 58 54.8 55.4 56.3 57.2 55.3 53.2 51.9 49.9 49.9 48.2 45.3 40.7 37.4
120.7 119.2 121.5 121.2 118.9 116 114.6 111.4 107 101.7 96.4 93.7 89.9 91.9 92.3 94.5 99.2 99.2 97.8 96.7 95.9 94.1 90.9 91.6 88.1 97 98.8 95.7 92.5 82.6 97 98.9 100.7 103.7 105.6 103.9 100.4 96.8 93.1 89.1 86.5 87.7 88.7 88.6 88.2 86.5 84 81.3 78.6 76.6 75.8 76.4 77.5 77.1 76.3 75.5 75.1 74.9 74.5 73.7 72.9 71.7 69.9 67.8 65.4 63.5 62 60.7 58.6 58 58.4 60 61.8 60.4 57 54.6 52 49.7 46.3 42.1 39.5 37.2
120.4 119.3 121.9 121.5 118.9 118.4 116.3 111.9 106.9 101.3 96.7 94.3 92.4 92.5 93.5 96.8 99.6 100.1 99.6 98.6 97.8 96.6 92.5 90.7 88.6 95.4 99.6 99.5 95.1 83.3 95.1 100.2 103.5 107.4 109.6 108 104.3 101.1 96.9 92.4 88.3 88.1 88.7 88.5 87.5 86 84.3 81.5 79.5 78.4 78 78 78.8 78.8 78 77.7 78 77 77 76.2 74.5 72.8 70.9 69 66.6 64.8 63.5 62.5 59.9 60.4 61.4 63.7 66.1 64.2 59.6 55.9 53.4 50.8 47.6 44.7 40.8 37.9
120.7 119.6 121.2 121.1 120.6 120.9 118 112.8 107.5 101.8 97.3 94.1 94.4 94.3 93.7 97.3 100.5 102.5 102.8 102 100 97.5 93.2 90.2 89.5 94.4 101.6 101.4 97.9 85.3 94.2 100.6 105.7 109.7 110.5 108.5 107.5 105.2 100.3 95.2 90.9 88.6 88.9 88.5 87.3 85.6 83.6 82 81.8 81.3 80 79.5 79.8 80.4 79.6 79.7 80.2 80.3 79.5 77.8 75.8 73.9 72.1 70.5 68.8 66.9 65.9 64.4 62.1 63 64.1 66.2 68.8 66.7 61.9 57.7 54.5 51.6 46.9 44.3 40.8 37.7
121.1 120.6 121.5 122.7 124.1 124.4 120.1 114 108.1 102.9 98 95.6 95.3 95 95.3 98.5 101.8 104.9 106 105.4 103.1 99.1 94.4 91.3 90.9 93.9 100.6 101.3 98.9 92.9 91.1 99.1 105.4 109.2 109.5 108.4 109.7 109.8 102.7 97.5 93.1 90.2 89.5 88.6 87 86 83.8 83.9 83.9 82.7 81.7 81.5 81.5 81.7 82.3 82.6 83 83.2 81.8 79.6 77.4 75.3 74.1 72.9 71.6 70.2 69.2 66.3 66.3 67.2 68 69.2 70.5 68.4 63.2 58.4 54.6 51.1 47 43.7 40.6 37.9
122.2 121.6 122.9 125.9 128.8 128.3 122.7 116.2 109.9 102.2 98.2 95.8 96.4 95.7 97.3 100.3 103.9 108.5 110.4 110.1 105.7 100.8 95.9 93.8 92.3 93.2 98.9 100.1 99.3 99.1 96.5 98 102.7 106 107.4 108.3 110.5 110.9 104.7 98.5 95 92.5 90.4 88.8 87.3 86.3 86.2 85.9 84.8 84.7 83.8 83.8 84.5 84.3 84.9 85.7 86.1 85.8 84.3 82.2 79.2 77 75.4 73.5 73.8 73 71.6 69.9 70 70.7 71.3 71.9 71.8 69 64.4 59.3 53.9 50.9 47.9 43.5 40.7 39
124.1 124.2 127.1 131.5 134.4 131.9 125.1 118.3 110.6 100.7 98.9 99.6 98.8 97.9 99.4 101.9 106.9 112.3 116 113.3 107.8 102 98.7 96.8 94.6 94.3 98 99.7 99.5 100.5 98.6 94.2 100.4 104.1 105.8 107.9 110.4 109.1 104.6 100.4 97.4 95 93.1 91.3 89.9 88.2 87.6 86.8 86 86.6 85.8 85.2 87.1 87.4 87.8 88.7 88.9 88.4 86.9 84.6 81.8 78.7 76.7 75.4 74.9 74.4 73.1 72 73.4 74 73.8 73.2 71.1 68.5 64.3 59.5 55 50.8 47.9 44 41.2 39.7
126.8 128.9 133.2 137.9 138.8 132.5 124.9 118.3 109.8 101.2 101.9 101.6 100.3 99.3 101 104.4 110.6 116.5 119.9 117.8 110.5 104.3 101.1 99.8 97.1 96 98.6 100.2 100.6 101.6 100.7 94.5 100.6 103.4 104.6 106.9 108.6 106.7 104.4 100.9 99.2 99.2 96.7 94.5 92 90.5 89.8 88.8 88.1 88.1 87.6 86.7 88.3 89.3 90.2 91.1 91.9 91.7 90.6 87.9 84.6 81.2 78 76.7 76.4 75.3 74.5 74.5 75.5 75.1 74.3 72.6 69.9 66.9 63.5 59.6 55.3 51.6 48.7 46 42.4 40
129.4 132.3 137.1 138.8 136.9 129.8 123.6 116.6 104.9 102.8 105.9 103.6 101.9 104.3 103.7 107.7 115.5 121.2 125.2 123.5 115.6 106.8 105 104.6 102.5 99.6 100.4 100.9 102.1 102.9 102.9 99.7 101.8 104.3 105 106.2 107.1 106.4 104.8 103.1 102.6 102.8 101.4 98.1 94.8 93.4 93.8 92 90.3 90.2 89.3 88.6 89.6 91.2 92.5 93.8 95.2 95.3 94.4 91.3 88 84.2 80.7 78.8 77.6 76.3 75.4 76.4 77 75.7 74 71.5 68.8 65.8 63 59.4 56.1 53 50 46.5 43.9 40.7
129 131.2 133.6 131.9 129.7 125.8 120.3 108.5 105.3 111.8 110 106.5 105.4 110 113.7 115.7 121.6 126.1 131.7 127 120.2 111.2 109.1 108.7 108.8 104.9 103.7 104.2 104.7 105.2 105.1 98.7 102.9 104.9 105.9 107.1 107.3 106.5 106 106 106.4 106.6 106.7 103.7 98.4 97 97.6 95.6 93.9 93 92 90.9 91.3 92.4 94.5 96.5 98.7 99.7 98.6 95.8 92.3 89 84.9 81.6 79.2 77.6 76.4 76.4 77.2 75.8 73.1 69.7 66.8 64.4 62.3 60.1 56.8 53.6 50.8 47.6 45.2 42
126.8 126.9 126.8 125.1 123 120.2 114 107.3 115.9 117.9 115 111.9 108.5 110.7 117.5 121.3 126.7 133.9 137.8 133.6 124.1 116.8 114 113 112.8 113.4 112.8 109.4 109.2 109.3 107.4 103.5 106.8 108.5 107.9 109.1 109.1 108.9 109.8 110.1 111.1 111.8 111.8 109.1 101.7 100.7 102.4 100.3 97.8 95.8 94.5 93.3 93.4 94.2 96.5 99.4 102.6 104.2 103.9 100.7 97.6 94.2 90 85.7 81.8 79.8 78.4 77.4 76.7 76 73.2 68.8 64.5 61.4 60.9 59.4 57.4 54.3 50.8 47.7 45.1 41.6
124.7 123.4 121.1 119.3 116.5 110.5 108.9 118.5 123.2 124.1 119.8 117.2 114.5 115 119.7 125.3 129.9 137.8 144.3 138.3 129.3 120.5 116.9 116.5 117.7 118.8 119.4 118 116.2 115 113 107.7 111.1 112.8 112.1 111.4 112.5 114.4 114.8 117.1 117.3 117.7 117.9 113.7 104.5 105.1 108.8 106.5 102.5 99.2 97.5 96.4 95.9 96.2 98.2 102 105.8 108.9 108.9 106.6 103.5 99.4 95.2 91.1 86.1 82.7 80.6 78.7 75.7 74.6 72.7 68 64 60.4 58 57.7 57 53.3 48.4 46.4 42.6 40.5
126.6 121.9 118.3 115 112.2 116.1 119.5 124 128.2 128.9 126.1 123.6 121.9 122.3 124.6 130.4 137.3 143.1 149.2 142.8 134 125.3 120.3 121 122.9 124.3 124.9 124.3 121.8 118.6 111.9 112.8 116 117.3 116 115.5 117.9 120.5 122.7 124.4 125.4 124.6 121.9 115.2 104.7 111.4 116.3 113.1 108 103.9 100.4 100.4 100 99.1 100.2 103.5 108.2 112 112.2 111.5 108.9 105.3 100.5 96.6 91.6 87.1 83.5 80.9 78.1 75.4 71.2 67.6 63.9 60.1 57.1 54.9 54.8 50.1 46.6 46.9 46 43.1
125.7 120 116 118.4 114.7 121.7 126 130.6 134 133.7 131.9 128.8 128.5 128.9 130.3 136.4 145.4 150.2 154.1 147.2 138.7 130 124.5 129.2 129.7 131.5 131.5 130.7 125.5 120.6 115 115.7 119.6 119.3 117.6 119.2 124.2 127.5 129.9 130.7 129.4 126.8 121.1 112.8 111.5 116.8 123.2 119.6 114.4 109.6 107.7 106 104.2 101.1 101.9 105.8 108.9 112.3 114.4 115.5 114.2 110.2 106.7 102.9 97.4 92.5 88.2 84.5 81.3 78.6 74.9 70.2 66.2 61.7 58.3 55.9 52.9 52.4 54 51 47.5 43
120.4 119.1 118.8 123.4 117.8 126.8 132.6 138.2 141.2 139.1 136.6 134.6 135 136.2 138.2 145 152.4 159.3 158.1 150.3 142.8 133.7 130.3 137.5 138.4 139 140.7 135.8 129.3 122.5 114.5 117.8 121.2 119.5 118.6 122.8 128.7 131.7 132.1 132 130.3 125.9 119.3 110.9 116 121.9 128.7 124.8 120 116.7 115.4 113.4 109.6 104.2 103.6 107.2 110.6 113.2 116.5 117.9 118.7 116.1 112.2 108.2 102.9 97.9 93 88.9 86.1 82.3 79.1 74.7 70.4 64 60.6 58 56.6 57.2 55.9 53 48 44.1
125.8 123.8 123.2 126.4 120 130.1 136.9 144.2 147.9 141.3 138.1 137.8 140.2 141.2 143.3 149.8 156.3 163.8 160.4 152.1 145.4 136.4 137 144.2 149.4 152.8 144.7 138 131.1 122.6 114.7 122.2 121.2 119.5 121.4 125.6 131.4 133.1 132.6 131.2 128.4 124 116.7 111.8 120.2 128.2 131.7 127.9 125.2 123.7 123.8 121.9 115.2 106.8 105.3 108.6 112.1 115.9 120.2 122.8 122.7 120.4 116.4 112.5 108.9 104.1 98.9 94.7 91.3 89.1 85.3 81 74.8 67.7 64 60.9 60 59.4 57.4 54.3 50 45.5
127.7 127 127.2 130.9 123.6 132.3 140.3 149.5 144 139.5 136.9 139.8 143.2 143.9 146.6 151.8 162.5 164 160.4 153.7 147.5 140.2 140.2 148.1 158.6 151.9 144.6 137.9 129.9 121.9 118.8 124.3 121.8 120.4 123.2 127.9 131.3 131 129.1 127.6 124.7 120.4 114.4 115.7 123.7 132 132.7 130.8 130.4 130.5 129.4 125.5 117.2 109.1 107.5 110.5 114 119.1 125.7 129.4 127.8 124.6 120.3 116.3 113.3 110.5 105.4 100.5 96.5 94.6 91.4 86.4 82.2 74 67.2 64.8 63.9 62.3 59.5 55.7 51.3 47.8
132.4 133.8 135.6 135.5 125.7 132.5 140.2 142.4 139.4 135.9 136.3 140.7 143.8 145.3 147.1 149.6 152.2 158 160.1 154.6 149.4 143.3 139.6 147.9 153.2 148.7 141.4 133.8 128.3 120.7 124.2 125.6 123.7 123.6 124.6 127.5 128.3 126.4 125 123.7 121.3 117.7 114.2 115.9 127.3 132.9 132.9 133.2 134.7 134.7 130.4 124.5 117.3 111.1 110 112.2 115.3 119.6 125.7 131.4 132.3 129.5 124.5 119.2 116.1 116.1 111.5 105.2 100.9 98.4 95 90 86.6 80.1 72.7 69.1 66.9 64.8 62.9 54.4 49.8 50.6
139.8 141.8 142.4 139.9 131.1 129.5 134.9 136.5 134.8 134.3 142.2 144.3 144.4 143.4 143.5 145.4 147.4 151.7 157.6 155.3 151.1 144.9 139.2 143 146.5 142.8 136.3 132.4 126.8 122.3 127.9 128.1 126.4 127.5 127.4 126.9 125.6 124.9 125.1 123.3 122.5 122.4 116.6 116.7 123.5 129.7 132.2 135 137.5 135.6 129.7 123.6 117.5 114.3 112.1 113.1 115.2 118.8 122.6 126.6 128.7 128.7 126 121.5 119 118.7 115.5 109.2 103.7 101.5 98.6 94.2 91.3 84.7 78.4 74.5 71.4 70 63.1 56.4 50.7 44.9
147.2 149.2 146.6 142.6 138.3 135.6 134.7 134.8 135.5 136.2 142 143.8 142.1 139.8 138.3 139.8 142.4 147.9 154.5 155 148.9 143.2 136.8 137.2 139.5 140.8 137 132.5 121.4 130.1 132.1 131.5 129.8 131 130.9 129.8 128.8 127.9 127.9 127.6 125.8 124.1 118.3 116.7 120.2 124 128.8 134.7 137.7 135.7 130.8 124.1 118.6 115.6 114.5 113.3 114.2 117 119 121.7 123.1 123.3 122.8 122.2 121.8 119.2 114.1 109.2 105.7 102.5 99.8 96.6 93 89.3 83.4 79.1 74.9 63 54.7 50.5 46.2 44.8
155.2 156.7 150.1 144.1 141.2 139.7 138.2 137.5 137.9 138.8 142.1 140.8 138.4 136.2 135.4 135.3 138.5 143.7 149.6 151.5 146.8 140.3 133.2 133.1 133.5 140.9 137.7 126 130.5 137.9 139.2 137.7 135.8 135.3 135.3 134.6 133.5 133.4 132.5 129.2 125.1 124.5 119 117.8 119.5 122.1 126.7 132.6 136.4 135.2 131 126.1 120.4 117.7 116.5 114.9 114.3 115.5 116.9 118 118.5 118.4 118.4 119 118.1 115 110.9 107.5 104.9 102.5 99.7 95.5 91.6 87.6 80.9 78.4 73 63.8 58.2 57.7 56 50.1
166.1 163.6 155.3 153.4 150.9 145 142 140.7 140 140 139.4 138.2 136.7 135.3 134.9 135.5 136 140.6 145.8 147.3 142.4 135.8 132.2 131.7 130.1 127.9 126.6 129.5 141.6 144.4 146 146.2 146.1 144.1 142.8 142.3 141.4 140.5 134.5 127.4 123.7 121.7 119.2 119.4 120.7 122.1 124.7 130.4 134.4 133.8 132.1 128.2 123.4 120.3 117.7 115.8 115.1 115.8 116.5 116.6 116.4 116.3 116.5 115.2 113.9 111.8 108.9 106.4 105.2 103.7 100.3 96.9 90.8 86.2 83.1 81.4 78.4 76.8 72.5 65.9 60.8 51.4
174.6 166.4 161.3 162.3 159.8 152.1 146.7 145.2 147.4 144.8 140.8 139.7 136.6 135.6 135.2 135.3 135.4 137.6 141.1 140.9 135.9 134.2 135.9 137.2 137.7 137.2 134.7 140.3 148 149.5 151.2 154.9 155.8 154.8 153.5 151.6 149.7 147.2 140.2 130.1 125 122.5 120.5 121.5 122.7 124.3 126.6 128 132.5 133.3 131.8 130.3 128 123.8 119.7 117.3 116.6 116.4 116.5 116.6 116.6 116.3 116 115.3 113.6 111.3 109.7 108.4 107.3 105.9 103.9 102.1 98.9 90.5 89.1 86.5 83.3 80.1 77.1 69.6 63.3 55.9
175 170.4 170.5 169.6 167.6 158 151.9 154.9 151.7 149.2 148 143.7 138.1 136.5 136.4 136.1 136 136.3 136.5 136.2 136.8 137.4 140.6 144.1 144.7 146.5 139.2 147.9 153.8 156.8 161.1 165.1 165 165.6 163.4 160.2 157.7 152.7 142.5 132 131.9 127 125.2 126 126.2 126.9 128.5 130.3 132.7 133.5 134.2 133.8 131.7 127.8 122.6 119 117.3 118 117.8 117.8 118 117.9 117.5 116.7 115.5 114.2 112.9 111.6 110.6 110.1 108 105.9 106.9 101.7 95.1 92.7 89.5 85.2 79.4 72.1 65.5 56.4
174.6 176.3 179.9 179 174.6 155.3 160.4 159.8 159.5 156.6 153.4 151.7 142.6 138.5 138.3 137.7 137.4 137.3 139 139.9 141.1 145.6 150.1 150.1 147.7 148.5 143.6 150.8 157.9 168.1 172.6 174.5 172.7 171 167.5 163.6 159.6 151.9 139.3 138.5 137.2 133.7 132.9 132.4 131.4 132.2 133.2 134.3 136.3 136.6 136.8 136.6 134.8 131.8 126.2 121.5 120.3 119.4 119 119.2 119.9 119.9 119.6 118.9 118.5 118.1 116.9 115.6 114.7 114.8 112.8 111.4 115 118.3 109.8 102.7 98.1 90.1 83.2 73.7 67.6 58.4
181.5 184.3 189.4 186 175.8 161.5 165.8 167.7 169.3 163.1 160 157.2 152.7 144.2 140.7 143.3 145.5 148.1 149.6 145.8 147.1 152.6 156.3 155.7 151.6 149.6 147.2 152.4 160.4 169.3 175.3 172.7 172.6 170.6 166.4 162.3 156.4 148.8 143.2 145.2 142.8 144.8 145.3 144.1 141 139.8 140.6 140.1 140.4 140.8 142 142.5 140 135.3 130.8 125.7 122.6 121.3 120.6 120.7 121.2 121.3 121.1 121.8 122.2 122.3 119.8 120.6 119.6 119.5 120.6 121.8 122.2 120.5 118.2 109 100.6 93.8 88.5 76.2 70.9 63.6
187.5 190.7 192.5 189.8 174.4 171.5 174 176.7 178.4 172.7 168.4 162.9 156.8 150.6 143.3 150.2 154.9 157.3 155.2 148.9 153.2 158.8 163.2 160.9 156.5 152.1 149.1 151.6 158 165.8 168.1 168 168 168.1 165.5 160.4 152.2 143.1 153.1 154.3 154.9 155.9 156.3 153.2 149.7 148.3 148.8 146.9 145.1 145.3 146.7 146.4 143 138 134 129.5 125.7 123.7 122.5 122.7 123.2 123.7 124 125.3 127.6 129.5 128.3 126.2 126.2 127.1 126.7 125.8 123.7 120.9 117.9 113.4 104.3 97.9 89.3 78.7 71.5 64.9
192.6 194.2 195 189.8 169.3 180.1 185.6 192.4 184.2 179.9 174 168.6 162.7 154.5 150.2 158.4 161 164.4 157.7 154 158.8 166.1 168.3 165.1 161.6 156.9 154.2 152.3 153.5 159.1 162.3 162.8 164.8 166.6 164.5 157.1 145 154.6 160.5 162.2 162.9 164.4 164 159.7 156.3 155.9 154.5 150.8 148.4 150.2 151.7 149.3 145.7 139.6 135.7 131.6 129.1 127.4 126.2 126 126.5 126.5 128.5 132.8 136.4 138.6 139.2 137 134.7 133.4 130.5 128.3 126 123.2 121 117.6 109.8 101.7 90.6 80.6 72.3 63.5
195.5 195.6 193.2 187.1 178.4 187.4 195.4 192.8 187.2 185.9 180.6 176 168.2 153.6 157.4 164.9 170.1 165.4 159.3 157.7 164.3 171.6 171.6 169.1 165.5 161.9 159.5 156 155.9 155.9 158.1 160.4 164 166 165 156.5 153.6 161.5 165.7 167.6 168.4 168.9 167.4 163.2 161.9 161.4 158.2 155.8 152.8 154.3 154.4 151.1 147.3 142.3 136.4 134.9 134.1 133.9 130.6 130.4 131.5 131.6 133.5 139.8 145.5 147.6 148.5 146.5 141.9 137 131.1 128.9 128.7 126.2 124 119.9 113.5 109.3 90.7 82.2 72.3 62.5
196.3 193.5 189.9 186.2 183.1 190 194.3 190.7 190.8 190.7 187.3 178.4 170 155.8 163.5 171.9 171.1 164.6 159.5 162.6 169.9 172.3 172.2 171.1 168.4 165.7 161.8 159.3 159 158.5 158.4 160.8 164.4 165.9 165.1 159.7 153.6 160.8 167 170.4 173 173.8 171.2 167.3 166.6 164.2 160.6 158.5 156.1 155.6 155.5 151.9 148.7 144 140.3 141.2 139.9 133.7 135.3 139 138.8 140.5 142.3 148.2 151 152.5 152.4 151.5 148.2 141 134 130 129 128.7 128.1 124.2 115.4 101.6 90.2 82.4 74.8 62.9
194.6 191.6 188.1 184.2 182.8 187.3 188.6 191.5 194.2 193.2 187.4 178.9 170 159 166.7 175.5 168.3 162.6 160.3 167.1 170.1 169.7 169.8 171 169.4 167 163.3 162.4 163 162.1 160.9 163 165.2 166 164.2 160.2 153.6 162.1 168 175 178.4 178.5 174.2 172 171.4 166.9 164.6 161.6 159.1 157.2 155.8 153.3 149.9 145.9 144.9 145.8 146.2 147.6 147.5 147.8 149.1 151.7 153.4 154 155.1 155.1 154.5 154.6 152.7 146.1 138.4 132.9 130.4 128.9 127.3 122.2 109.9 97.2 89.3 82.1 75.4 62.7
194.3 190.3 185.7 182.4 182.8 184 189.9 193.4 194.4 189.8 183.9 177 168.1 161.5 168.6 168.9 163.3 160.4 160.4 165.8 166.9 166 166.1 168 168.4 167.4 166.4 165.8 166.9 166.5 164.2 164.7 166.9 165 162.6 157.2 158.6 165.6 173.2 180.1 182 179.7 176.6 176.6 175.1 171.2 169.2 165.1 161.9 158.5 156 153.8 151.3 149.2 149 150.1 151.6 152.4 153.1 154.8 157.8 159.6 159.3 159.9 159.3 157.8 157 157.3 155.2 147.7 140.7 136.7 131.4 127.8 123.9 113.8 105.3 95.9 88.7 81.5 73 63.6
194.4 189.2 186.2 184.5 184.9 185.9 189.8 191.8 191.2 185.1 180 173.8 164.2 160 165.1 163.5 161.1 158.9 160 161.9 163 163.9 166.2 169.5 170.5 169.6 169.2 170.9 172.6 169.2 167.1 167.1 166.6 165.6 160.9 153.8 160.7 167 172.9 178.3 179.2 177.6 176 177.4 176.7 174.3 171.7 168.8 165.8 159.9 156.2 154 151.8 151.2 151.1 152.8 154.7 158.8 159.3 159.8 162.2 163 163.6 163.5 162.4 159.3 158.5 157.9 154.9 147.6 141.9 137.2 129.1 124.3 117.9 109.8 102.7 95.1 87.4 81.4 73.7 65.5
196.6 193.7 190.1 187.3 186.7 186.9 187.5 187.8 185.8 180.7 175.6 169.5 161.8 160.4 160.5 160.7 161.5 160.8 161.1 163.3 165.6 168 171.6 174.1 173.3 172.5 173.2 175.4 175.8 171.9 170 168.4 166 163.3 157.6 157.4 159.7 164.7 169.7 172.9 173.9 173.4 172.8 175.4 177 175.7 172.7 170.6 168.9 165 156.7 154.6 153.1 152 151.6 153.9 156.6 163 163.1 164.1 165.4 166.2 166.4 166.1 163.8 158.6 158 157.3 155.2 151.6 143.2 137.4 127.5 120.2 114 107.3 101.2 93.6 87.6 79.9 73.8 67.4
199.8 196.9 194.6 191.8 189.5 187.8 184.7 183.5 180.5 175.9 170.6 164.8 162.4 163.4 162.6 163.7 166.1 168.3 169.4 169.4 171.4 175 177.4 178.4 177.6 175.9 175.6 177.7 176 173 171.4 169.5 164.5 160.4 155.3 158.3 158.9 163.2 168.5 168.2 168.7 168.5 168.7 171.4 174.9 175.4 173.3 171.2 170.6 167.7 159.5 156.1 154.7 154.3 154.7 156 160.6 166.1 166.7 168.1 168.9 168.8 169.1 169.2 164.1 159.7 158.6 157.4 156.4 154.9 144.5 139.1 129.6 120.6 112.8 105.1 99.6 94.7 88.1 81.3 79.9 74.7
