app/static/ascii/SJ08.asc
ncols 200
nrows 200
xllcorner 300000
yllcorner 380000
cellsize 50
[rows 117 to 155 of 200, columns 86 to 171 of 200]
-2.5 -2.5 -2.5 -2.5 -2.5 -2.5 -2.5 -2.5 -2.5 -2.5 -2.5 -2.5 -2.5 -2.5 -2.5 -2.5 -2.5 -2.5 -2.5 -2.5 -2.5 -2.5 -2.5 -2.5 -2.5 -2.5 -2.5 -2.5 -2.5 -2.5 -1.9 -1.6 -1.3 -1.1 -0.9 -0.7 -0.5 -0.3 0 0.3 0.5 0.7 0.9 1.2 1.4 1.6 1.8 2 2.1 2.3 2.5 2.6 2.6 2.7 2.8 3 5.2 7.3 12.1 9.9 7.7 6.4 4.9 5.2 5.7 4.7 4.8 4.9 5.6 5.8 5.9 5.6 6.5 4.4 4.3 3.9 3.8 3.9 3.9 4 3.9 3.9 3.8 4 4.1 4.1
-2.5 -2.5 -2.5 -2.5 -2.5 -2.5 -2.5 -2.5 -2.5 -2.5 -2.5 -2.5 -2.5 -2.5 -2.5 -2.5 -2.5 -2.5 -2.5 -2.5 -2.5 -2.5 -2.5 -2.5 -2.5 -2.5 -2.5 -2.5 -2.1 -1.7 -1.4 -1.1 -0.8 -0.5 -0.3 -0.1 0.1 0.3 0.5 0.8 1 1.3 1.5 1.7 1.9 2.1 2.3 2.5 2.6 2.8 3 3 3 5.5 10.5 8.3 5.8 5.1 4.6 4.1 4.2 4 3.8 3.7 3.6 3.5 3.5 3.7 3.6 3.7 3.9 4 5.2 3.8 4.4 4.6 3.9 3.9 3.8 3.9 4 4 2.4 4.6 2.4 2.6
-2.5 -2.5 -2.5 -2.5 -2.5 -2.5 -2.5 -2.5 -2.5 -2.5 -2.5 -2.5 -2.5 -2.5 -2.5 -2.5 -2.5 -2.5 -2.5 -2.5 -2.5 -2.5 -2.5 -2.5 -2.5 -2.5 -2 -1.7 -1.5 -1.2 -0.9 -0.5 -0.2 0 0.3 0.5 0.7 0.9 1.1 1.4 1.6 1.8 2 2.2 2.4 2.6 2.8 3 5.8 7.6 8.1 8.8 9.6 10.7 6.2 5.2 4.7 4.6 4.5 4.2 4 3.8 3.7 3.5 3.7 4 4.2 4.1 3.6 3.9 3.9 4.6 4.4 3.7 3.9 4.1 3.9 4.2 4.3 3.9 4.2 5.3 5.4 5.2 5.6 6.2
-2.5 -2.5 -2.5 -2.5 -2.5 -2.5 -2.5 -2.5 -2.5 -2.5 -2.5 -2.5 -2.5 -2.5 -2.5 -2.5 -2.5 -2.5 -2.5 -2.5 -2.5 -2.5 -2.5 -2.5 -2.1 -1.8 -1.4 -1.1 -0.9 -0.6 -0.3 0 0.3 0.6 0.9 1.1 1.3 1.5 1.7 1.9 2.2 2.4 2.6 2.8 3 6 5.3 4.8 4.4 5.8 8.5 5.2 4.3 4.1 4 4 3.8 3.9 3.8 4.1 3.8 3.8 3.6 3.7 3.8 4.2 4.2 3.8 3.5 2.4 2.5 2.4 3.4 3.9 2.9 2.3 4.4 5.2 5.1 4.6 4.8 5.5 5 5.6 5.5 5.7
-2.5 -2.5 -2.5 -2.5 -2.5 -2.5 -2.5 -2.5 -2.5 -2.5 -2.5 -2.5 -2.5 -2.5 -2.5 -2.5 -2.5 -2.5 -2.5 -2.5 -2.5 -2.5 -2.2 -1.8 -1.5 -1.2 -0.9 -0.6 -0.2 0 0.3 0.6 0.9 1.1 1.4 1.6 1.8 2.1 2.3 2.5 2.7 3 5.8 7.7 5.6 4.4 4.4 4.3 4.4 5 4.5 4 4.1 4 3.8 3.7 3.6 3.6 3.6 4 4 4.5 3.9 4.4 4 3.3 4.3 3.8 4.4 4.1 4.7 4.8 4.9 4.9 4.9 4.8 5.4 5.7 5.9 5.6 5.8 5.3 4.9 6.4 4.9 5.2
-2.5 -2.5 -2.5 -2.5 -2.5 -2.5 -2.5 -2.5 -2.5 -2.5 -2.5 -2.5 -2.5 -2.5 -2.5 -2.5 -2.5 -2.5 -2.5 -2.5 -2.5 -1.8 -1.5 -1.2 -0.9 -0.6 -0.2 0.1 0.3 0.6 0.9 1.2 1.4 1.7 2 2.2 2.4 2.6 2.9 4.8 7.7 5.9 4.6 4.4 4.2 4.2 4.3 4.2 4.4 4.3 4.8 3.9 4.1 3.9 3.7 3.6 3.5 3.5 3.7 3.9 3.9 3.8 3.3 4.1 3.6 2.4 3 4.3 4.5 5.4 5.6 5.5 5.1 4.7 4.8 5.3 5.8 6.1 5.8 5.5 5 5.2 4.2 4 4.9 4.8
-2.5 -2.5 -2.5 -2.5 -2.5 -2.5 -2.5 -2.5 -2.5 -2.5 -2.5 -2.5 -2.5 -2.5 -2.5 -2.5 -2.5 -2.5 -2.5 -1.9 -1.6 -1.2 -0.9 -0.6 -0.3 0 0.4 0.7 0.9 1.2 1.5 1.7 2 2.3 2.5 2.8 3 7.1 8.1 4.4 4.7 4.6 4.5 4.2 4 4.1 4.2 4.4 4.3 4.1 3.9 3.6 3.9 3.9 3.6 3.5 3.4 3.6 3.7 3.9 3.7 4.5 4.3 2.4 4.3 4.9 4.9 5.5 5.6 5.3 4.7 5 7 6.1 5.1 5.4 5.9 5 4.4 4.3 4 3.9 3.9 4.3 4.9 4.6
-2.5 -2.5 -2.5 -2.5 -2.5 -2.5 -2.5 -2.5 -2.5 -2.5 -2.5 -2.5 -2.5 -2.5 -2.5 -2.5 -2.5 -1.9 -1.5 -1.2 -0.9 -0.6 -0.2 0.1 0.4 0.7 1 1.3 1.6 1.8 2.1 2.3 2.6 2.9 5 6.5 7.6 5.8 5 4.4 4.2 4.3 4.1 4 3.8 3.9 3.9 4.1 4.3 3.9 3.9 5.8 3.8 3.8 3.6 3.5 3.5 4.7 5 4 2.4 5 4.4 4.9 5.2 5.1 5.8 6.1 6.2 6.3 4.6 5.5 5.1 5.2 5.1 4.8 4.1 4.2 3.8 4.3 4 3.9 3.9 4.3 4.7 4.4
-2.5 -2.5 -2.5 -2.5 -2.5 -2.5 -2.5 -2.5 -2.5 -2.5 -2.5 -2.5 -2.5 -2.5 -2.5 -2.5 -1.6 -1.2 -0.9 -0.5 -0.2 0.1 0.4 0.7 1 1.3 1.6 1.9 2.2 2.4 2.7 2.9 7 5.6 4.9 6 6.2 5.1 4.4 4.2 4.4 4.6 4.4 4.1 3.8 3.8 3.7 3.9 4.2 3.4 4.4 5.2 4.8 3.7 3.7 3.7 5.5 2.6 3.9 4.4 4.6 5.2 5.8 6.2 7.3 7.6 5.7 5.5 4.8 5.1 5.7 5 4.9 4.6 4.2 4 4 3.9 4.1 4.2 3.9 3.9 3.9 4.3 4.5 4.2
-2.5 -2.5 -2.5 -2.5 -2.5 -2.5 -2.5 -2.5 -2.5 -2.5 -2.5 -2.5 -2.5 -1.8 -1.6 -1.3 -0.9 -0.6 -0.2 0.1 0.4 0.8 1.1 1.4 1.7 2 2.2 2.5 2.8 4.1 7.4 7.4 7.3 4.6 4.6 4.9 5.6 4.4 4.1 4 4.2 4.4 4.4 4 3.9 3.9 3.9 4 4.2 3.9 4.4 4.3 6 3.4 3.9 2.9 5.1 5 4.8 4.9 5 5.2 6 6.3 5.3 5 4.7 4.8 5.3 5.1 3.8 4 4 4.1 4.2 4.2 4.1 4 4 4 3.9 3.9 4 4.3 4.3 4.2
-2.5 -2.5 -2.5 -2.5 -2.5 -2.5 -2.5 -2.5 -2.5 -2.5 -2.5 -1.4 -1.4 -1.1 -0.9 -0.6 -0.2 0.1 0.5 0.8 1.1 1.4 1.7 2 2.3 2.6 2.9 6.1 7.4 7.9 4.8 4.6 4.3 4.1 4 4.1 5.8 4.2 4 3.9 4 4.1 4.6 4 4 4 4 4.2 4.2 4.2 4.3 4.5 4.9 3.6 5.2 6.6 5.8 5.2 5.3 5.5 5.6 5.7 5.6 5.2 4.9 4.9 5 4.9 4.4 3.9 3.8 4 4 4.2 4.4 4.3 4.2 4.2 4.1 4 3.9 4 4 4.2 4.1 4.2
-2.5 -2.5 -2.5 -2.5 -2.5 -2.5 -2.5 -2.5 -2.5 -0.8 -0.2 -0.3 -0.7 -0.4 -0.1 0.2 0.5 0.8 1.2 1.5 1.8 2.1 2.4 2.7 3 6.5 7.2 8.7 6.4 4.5 4.7 4.4 4.1 4.1 4.2 4.2 5.6 5.1 4 3.9 3.9 3.9 4.4 4.2 4.1 4.1 4.2 4.2 4.3 4.7 5.4 5.4 4.8 6.8 7.5 6.5 5.8 5.5 5.8 6 5.9 5.6 5.5 5.4 5.3 4.4 4.1 3.8 4 3.8 4 4.2 4.2 4.2 4.4 4.3 4.2 4.2 4.1 4 4 4 4.1 4.2 4.2 4.2
-2.5 -2.5 -2.5 -2.5 -2.5 -2.5 -1.4 -0.8 0 0.8 1.3 0.8 0.4 0.3 0.6 0.9 1.2 1.5 1.9 2.2 2.5 2.8 5.2 8.8 7.5 10.8 5.1 4.9 4.6 4.4 4.3 4.2 4.1 4.2 4.2 4.3 4.5 6.1 4.3 4.1 4 3.9 3.9 4.8 4.2 4.3 4.7 4.7 5.5 5.2 3.7 5.2 4.9 4.7 7.7 7 6.4 6.2 5.9 5.8 5.6 5.5 5.1 5 5.4 4.8 4.4 4.6 5 4 4.2 4.3 4.3 4.3 4.9 4.3 4.2 4.1 4.1 4.1 4 4.1 4.1 4.4 4.2 4.2
-2.5 -1.6 -1.5 -1.4 -0.9 -0.3 0.2 0.6 1.2 2.3 2.3 1.9 1.5 1 1.3 1.6 1.9 2.3 2.6 2.9 7 9.8 7.4 5.5 5.4 4.5 4.5 4.2 4.3 4.4 4.4 4.3 4.2 4.2 4.3 4.3 4.4 5.4 5.3 4.4 4.6 4.5 4.8 4.6 4.9 4.8 4.9 5.1 2.6 5.1 5.2 5.4 5.7 6.3 6.8 6.4 6 5.4 5 5.4 5.2 4.9 4.6 4.5 4.9 4.5 4.9 3.9 4.7 4.4 4.4 4.5 4.5 4.5 4.5 4.5 4.2 4.2 4.2 4.1 4 4.2 4.1 4.8 4.3 4.2
-1.1 -0.5 0 0.3 0.9 1.3 1.8 2.2 2.7 1.2 3 3 2.6 2.1 2.1 2.4 2.7 3 9 11.6 7.6 6.4 4.7 5.1 4.9 4.3 4.1 4.2 4.3 4.4 4.4 4.3 4.3 4.3 4.3 4.7 4.6 4.8 6.1 5.4 4.8 4.8 4.9 5.3 5 4.7 3.2 4.8 4.8 5.8 6.6 5.7 6 6.3 5.2 5.3 4.4 5.4 5 4.1 4.2 4.4 4.2 4.5 4.4 5.2 7.5 7.2 7.5 5.5 5.3 5 5.5 5.9 4.7 4.5 4.7 4.3 4.3 4 4.2 4.4 4.9 4.7 4.6 5
0.2 0.7 1.2 1.6 2.5 2.9 3 3 3 3 2.4 3 3 3 2.8 5.3 10.4 10.3 7.5 5.6 5.1 5.1 4.4 4.3 4.3 4.2 4.1 4.1 4.2 4.3 4.3 4.3 4.3 4.3 4.3 4.7 5.4 5.4 5.4 5.1 4.6 4.7 4.5 4.7 4.7 4.5 4.3 5.4 6.1 6.4 6.6 6.1 5.6 5 4.5 5.3 5 4.2 4.8 4.4 5.1 5.3 4.9 5.1 5.4 5.3 6.8 8 8.2 8.5 7.6 8.1 8.8 9 8 7.3 7.2 7.4 6.3 6.6 7.2 8 8.2 8.6 9.9 11.7
1.5 1.9 2.4 2.8 3 3 3 3 3 3 3 3 3 6.8 9.5 11.3 9.1 5.7 4.7 4.4 4.5 4.3 4.4 4.3 4.3 4.3 4.1 4.2 4.1 4.2 4.3 4.3 4.4 4.7 5.3 5.5 5.4 5.2 5.2 5.2 4.8 4.7 4.8 4.7 4.6 4.1 6.2 6.3 6.1 6.2 5.8 5.2 5.1 5.1 4.7 4.5 4.3 4.4 5.6 5.1 5.8 6.5 6.6 6.8 7.2 7.4 8.8 9.3 9.9 10.1 10.4 11.3 12.8 15.2 16.3 12.8 13.6 15.7 15.7 14.5 15.9 16.6 17.9 19.8 22.1 24.8
2.7 3 3 3 3 3 3 3 3 3 5.3 8.5 11.3 9 6 5.3 5.1 4.7 4.5 4.4 4.3 4.2 4.7 4.5 4.5 4.4 4.3 4.5 4.4 5.1 7.4 5.6 5.4 5.3 5.3 5.2 5.1 4.8 5.1 5 4.9 5 4.9 4.9 5.4 5.9 5.7 5.6 5.7 5.7 5.3 5 4.9 4.6 4.9 4.9 6.4 4.5 4.6 5.5 6.6 7.3 8.1 8.6 9.1 9.6 10.5 11.1 13 14 15.2 16.3 17.4 19.9 22.8 22.3 23.3 25.4 23.3 22.5 23.8 25.4 23.7 26.1 29 31.4
3 3 3 3 3 2.9 3 4.2 7.6 8.9 9.5 6.1 4.8 4.8 4.8 5 4.8 4.6 4.3 4.3 4.4 4.3 4.3 4.5 5 5.8 7.2 5.9 5.6 5 5 4.8 4.8 5.1 5 4.8 4.8 4.7 5.2 5.3 5.6 5.4 5.2 5.2 5.7 5.6 5.4 5.4 4.7 4.8 4.8 4.7 4.4 4.7 5.3 5.9 6 5.3 6.2 7.3 7.7 8.8 10.3 11 11.1 12 13.7 14.4 15.6 16.9 19.3 21.9 23.1 25 27.8 30.6 31.1 31.9 31.4 34.5 37 42.1 45.3 43 39 39.3
3 3 3 3 3 7 10.4 8.3 9.4 6.7 4.7 4.6 4.6 4.6 4.6 4.6 4.5 4.5 4.4 4.2 4.7 4.5 5 6.5 7.1 5.9 5.1 5.2 4.7 4.8 4.8 4.7 4.5 4.9 4.9 4.5 5.6 5.8 6.4 6.6 6.5 5.8 5.5 5.5 4.5 4.9 4.7 4.8 4.6 4.5 4.5 4.2 4.7 5.6 6.2 6.8 7 7 6.9 7.6 9.1 11.3 12.7 14 15 15.9 16.5 17.6 19.1 19.8 22.1 25.3 27.8 31 33.2 37.2 38.8 43.3 47.2 53.2 53.3 66.8 72.5 66 59.2 54
3 3 3 9.2 8.6 11.3 8.8 7.1 5.3 5.1 4.5 4.6 4.8 5.1 4.6 4.8 5.1 5.1 5.3 5.3 5.5 5.5 5 4.9 6.2 5.7 5.5 5.3 4.8 4.7 4.7 5.2 5.1 4.8 5.5 5.9 5.9 6 6 5.9 5.5 5.2 5.5 5.5 5.2 5.1 4.8 4.5 4.6 4.5 4.5 4.8 5.1 6.3 7.3 7.7 8.2 8.6 9.1 10.2 11.8 14.5 16.9 17.1 18.5 18.8 19.8 21.1 21.6 23.4 25.9 28.5 32.5 36.8 38.9 43.3 47.1 56 62 67.8 73.2 73.6 81.4 83.8 79.6 75.7
3 8.6 9.1 9.9 10.9 6.3 7.7 4.5 8 5.5 5.2 5.2 5.7 5.4 5.2 5.5 5.7 5.9 5.1 5.7 5.3 5 4.9 4.9 5.7 5.5 5.4 5.3 5.5 5.7 5.9 5.7 5.5 5.3 5.8 5.8 5.7 5.5 5.3 7.6 9.8 5.1 5.2 5.1 5.2 5 4.8 4.6 4.9 4.7 4.8 5 5.5 7.4 8.3 9.8 10.1 11 12.5 15.6 17.5 20.2 19.8 20.9 21.5 22.3 23.1 24 26.1 26.1 30.7 35 41 45.7 45 46.4 53.3 67.3 71.2 75.4 79.7 83.9 87.6 90.6 91 91.3
10.7 10.6 9.8 8.2 8 7 5.9 8.3 9.7 5.7 4.8 5.1 5.4 5.5 5.3 5.5 5.7 5.8 5.8 5.9 5.8 5.5 5.6 5.7 5.6 5.5 5.5 5.4 6.1 5.7 5.6 5.5 5.3 5.3 4.8 5.1 5.4 5.1 4.4 5.2 5.2 9.8 5 4.7 5 5.3 4.9 4.7 5.2 4.9 5.2 6 6.9 8.2 9.3 11.2 12.5 14.8 16.8 18.3 23.6 24.3 25.5 24.2 23.6 25.1 26.8 27.4 29.2 31.3 37.8 45.2 51.8 57.1 60.4 50.8 59.8 73.3 77.2 81 85.8 93 93.9 95.2 96 96.9
4.7 4.5 6.7 5.8 6 5.7 5.4 5.6 5.9 6.8 5.2 5.3 5.4 5.5 5.5 5.5 5.7 5.6 5.5 5.6 5.9 5.4 5.6 5.5 5.6 5.6 5.5 5.4 5.5 5.3 5.2 5.2 5.1 5.4 5.1 5.2 5.4 4.8 5.5 5.1 5 5.5 6.4 6.5 5.2 5.5 5.4 5 5.8 5.4 6.6 7.4 8.5 10.2 12.8 14.6 15.4 16.6 19.6 22.1 24.8 26.8 28.8 28.4 28 29.6 31.2 32.2 33.4 37.4 46.3 54.6 60.1 68.9 70.7 61.3 62 75.8 84.8 91.7 95.8 97.7 98.2 98 98 102.3
4.6 4.6 5.1 5.1 5.4 5.6 5.3 4.7 4.3 4.9 5.1 5.5 5.4 5.6 5.4 5.4 5.3 5.1 5.2 5.5 5.8 5.5 5.4 5.3 5.4 5.5 5.5 5.5 5.3 5.2 5.6 5.1 4.9 3.9 5.2 5.4 5.1 5.4 5.7 5.5 5.2 6.6 6.8 7.9 6.2 5.6 5.6 6.3 6.8 8.4 9.7 12 12.2 12.5 15.5 18.2 17.4 18.6 21.3 24.3 26.5 28.1 30.3 31.5 31.8 34.6 36 35.4 37.6 44.6 53.1 60.9 68.3 76.7 78.8 75.4 68.2 81 93.1 98.8 101.3 102.7 103.6 108.8 112.9 113.2
6.4 6.3 5.5 5.5 5.6 5.7 5.7 5.7 5.6 5.8 5.4 5.3 5.3 5.5 5.5 5.2 5 5.2 5.4 5.6 5.8 6.1 6 5.7 5.6 5.6 5.5 5.5 5.5 5.3 5.4 5.4 5.7 4.5 4.8 5 4.6 4.4 4.4 4.8 4.6 7 8.2 8.3 6.6 6.2 6.9 8.1 10.1 11.6 12.6 14.6 15.6 15 17.2 20.2 20.4 20.1 22.2 25.1 26.7 28.3 32.5 33.9 36.9 36.9 41 41.8 44.1 50.1 58.2 65.4 73.4 81.8 84.2 86.3 87.5 77.3 97.5 103 106.1 111.1 115.7 118.5 120.4 123.5
5.1 5.1 5.8 5 5.5 5 5.3 5.4 5.4 5.5 5.6 5.4 5.4 5.6 5.7 5.8 6 6 6.1 6.4 6.9 7.3 6.6 6.1 6 5.7 5.3 5.4 5.7 5.2 5.1 5.6 5.2 5 4.8 4.6 4.7 4.4 4.5 4.5 4.9 7.6 8.8 8.3 7.1 7.8 8.7 11 13.3 15.8 15.7 18.2 19.1 17.8 19.7 22.8 22.5 22.5 23.1 24.2 27.7 30.1 34.6 36.5 37.8 42.4 43.9 46.8 50.2 56.4 61.7 70 81.8 86.5 92.5 95.9 96.2 87.8 103.2 109.7 116.3 123.6 125.3 125.4 126.5 129
4.9 4.9 4.6 5.3 5.4 5.3 5.3 5.5 5.7 5.8 5.8 5.8 5.9 6 6 6.1 6.3 6.2 6.4 7 7.4 7.4 6.8 5.9 5.6 5.3 4.9 5.1 4.6 4.8 4.4 4.5 5 4.7 4.5 5.2 4.7 4.4 4.4 4.6 5.1 6.7 8.1 8.3 8.2 9.4 10.3 10.6 15.6 16.6 20.6 20.7 21.6 20.4 21.6 25 25.3 25.1 26 27.1 29.8 33.3 37.1 39 40.7 44.7 48.9 51.6 56.2 61.6 66 79.7 86.7 94.7 102.6 104 104.8 104.6 112.2 117.8 125.6 129.8 131.9 132.4 135.7 141
5.3 5.5 5.4 5.5 5.6 5.6 5.7 5.8 5.9 5.9 6 6 6 6 6.2 6.3 6.3 6.2 6.7 7.3 7.5 6.9 5.8 4.8 4.6 4.5 4.6 4.3 4.5 5.3 5.1 4.7 4.8 4.5 4.6 4.7 4.8 4.6 4.7 4.7 6.8 7.3 8.4 9.2 9.4 10.8 12.5 14.6 14.1 19.2 21.7 22.5 23 22.5 23.7 26.1 27.1 27.8 29.1 30 33.5 37 40.2 43.1 46.3 49.5 52 55.4 60.5 66.4 75 83.6 91.6 101.2 106.8 109.4 111.8 115.1 122.1 126.8 132.3 137.4 141.7 146.5 149.9 151.6
5.7 5.5 5.9 5.8 5.7 5.8 5.8 5.9 5.9 5.8 6 6.1 5.9 5.7 5.6 9.9 6.4 6.3 7 7.2 6.8 6.3 5.4 4.3 4.4 4.4 4.4 4.4 6.9 8 7.3 5.5 4.6 4.5 4.7 4.8 4.8 4.8 4.7 5.1 7.1 7.6 8.6 10 11.5 12.4 14.6 15.3 20 18.7 22.8 23.6 23.8 23.4 24.4 27.1 28.3 30.3 33.5 34.2 36.7 40.4 43.3 46.8 50.2 54.7 57.3 61.3 65 71.1 81 88.3 96.6 103.7 110.3 116.5 121.8 125.1 128 135.1 141.3 146.5 151.9 157 158.3 158.6
5.8 5.3 5.5 5.8 5.7 5.8 5.9 5.9 5.8 5.7 5.9 5.5 5.3 5.1 6.2 5.5 7.1 6.8 7.1 7.7 7.7 6.9 5.5 4.5 4.4 4.2 4.2 8.2 7.4 8.4 6.3 6.9 5.5 4.5 4.6 4.7 4.7 4.7 4.8 5.7 7.8 9.7 11 12.4 14.2 15.9 17.1 18.8 20.7 20.9 22.9 24.1 24.3 25 26.1 28.4 32.4 34.9 36.8 37.3 38.1 43.4 45.7 49.1 53.7 58.1 62.3 67.3 72.1 76.2 84.7 94.1 101.1 108.7 116 124.5 131 134.4 136.6 142.8 149.6 153.7 160.5 164.6 164.1 163
5.9 5.1 5.1 5.3 5.2 5.4 5.4 5.8 5.6 5.7 5.3 4.9 5.3 5.1 5.8 6.2 10.7 8 8.5 8.8 8.5 7.7 5.8 4.6 4.7 4.5 6.9 7.9 7.5 7.5 9.4 8 7.5 5.3 4.6 4.6 4.6 4.6 5.7 6.5 7.9 10.4 12.8 14.2 16.4 18.3 19.8 20.2 21.1 22.1 23.4 24.4 25.7 27.2 28.7 31.9 35.3 38.2 40.1 40.8 41.9 46.1 49.3 53.4 58.2 61.5 67.7 72.3 78.7 82.5 87.5 99 106.9 115.3 123.7 135.8 141.8 148 149.2 150.3 157.3 161.3 165.6 167.4 168.7 167.8
5 4.7 4.6 4.7 4.9 5 4.9 5 4.4 5.7 4.8 4.4 4.9 5.1 6 7.1 7.9 9.2 9.1 9.4 8.8 7.4 6 4.7 4.2 4.4 7.2 8.3 7.6 8.2 7.9 8 7.5 6.8 6.1 4.6 4.8 5.5 6.5 7.4 8.5 10.5 13.5 14.5 18.2 19.5 20.9 21 22.2 23.2 24.4 25.5 27.4 30 31.5 33.5 36.7 40.5 42.4 44.2 47.4 50.2 52.8 59.3 62.3 68.3 79.1 84.1 86.5 90.1 97.3 102.5 109.6 122.3 133.2 144.6 151.3 154.5 156.1 157.1 160.8 165.8 166.8 170.5 172.8 172
5.1 4.6 4.5 4.4 4.7 6.1 5.5 4.6 4.5 4.5 4.4 4.5 5 5.5 6.4 8 8.9 8.4 8.6 8.9 8.8 7.3 6 4.6 4.1 5.3 7.9 8.5 7.5 7.7 7.8 7.8 7.6 6.1 6.2 6 4.9 6.3 7 8 9.1 10.6 13.4 16.2 17.2 19.7 20.8 21.8 23 24.3 26.1 27.6 28.6 33 34.4 35.5 37.6 40.1 42.9 46.9 51.9 57.1 61.1 64.8 73 83.4 92 96.2 99.6 103.9 102.7 113.7 116.3 123.3 132.3 146 153.6 157.9 160.6 163.3 164.7 164.6 172.2 176.3 176.3 176.1
4.8 4.8 5.1 4.8 4.3 4.7 4.9 5.1 4.7 4.7 4.7 5 5.5 6 6.6 8.1 8.2 7.5 7.2 7.3 7.1 6.6 5.9 4.7 4.6 4.6 7.9 8.1 7.7 7.5 8.2 7.8 6.4 6.3 6.3 6.3 5.9 6.6 7.8 8.9 9.7 10.9 13.1 16.1 16.9 19.2 20.3 22 23.6 25.7 28.2 30 32 32.3 35.8 37.5 39.1 42.2 44.8 49.1 58.3 64.3 70.4 80.4 88.1 96.6 103.7 109.9 112.7 115.5 114.2 120 122.6 124.8 131.7 145.9 155.4 159.9 165.1 167.9 169.7 172.1 174.3 176.6 177.8 178.7
4.1 4.4 4.4 4.7 5.1 5.4 5.6 5.7 5.3 5.1 5.2 5.5 5.7 6.1 6.8 6.9 7 6.4 6.1 6.1 6 6.1 4.9 4.3 5.6 4.1 5.6 7.3 8 7.1 8 8.2 6.5 6.4 6.5 6 6.2 7.6 8.8 10.2 11 12 13.5 15.3 21.6 17 20.3 23 24.6 25.8 28.3 30.8 33 35.1 38 40.8 42.9 45.5 48.5 60.9 64.6 75.3 86.2 95.6 102.5 111.7 117 124.2 127.4 126.2 126.6 125.6 129.8 132.4 135.3 145.8 158.3 165.4 170.9 175.1 177 177.6 177.6 177.9 179.8 180
4.6 4.9 5.1 5.2 5.6 6 6 5.8 5.5 5.2 5.3 5.6 5.7 6.2 5.8 5.8 5.5 5.3 5.3 5.4 5.4 5.7 4.7 5 5.2 4.6 5.5 5.2 8.6 7.2 8.8 7.8 6.4 6.2 6.5 5.8 6.9 8.4 10 11.8 13.1 13.5 14.1 16.6 16.5 18.3 21.1 24.3 26.2 27.9 29.7 31.2 33 34.9 38.3 42.5 46.7 48.5 59.1 66.8 79.9 92.2 96.3 105.1 111.5 119 129.7 135.5 136.2 136.1 136.7 133.5 136.3 140.4 147.1 149.3 162.1 171.6 176.4 180.1 183.3 182.1 181 181 181.8 182
4.6 4.9 5.3 5.6 5.8 5.6 5.1 5.1 5.1 4.9 4.9 5 5.1 5.1 4.9 4.8 4.4 5.9 5.2 5.2 5.2 5.4 4 5 5.1 3.9 5 5.3 5.5 5.7 7.3 7.1 6.2 6 6.1 6.6 7.9 9.7 11.9 14 14.8 14.9 14.8 16.1 17.7 20.3 22.7 25.8 28.3 29.9 30.8 31.6 33.7 36.5 39.9 43.6 48.4 54.9 62.2 73.7 89.5 104.9 107.4 113.3 121.8 130.4 140.6 145.6 145.2 145.8 145.6 142.5 143.5 145.8 156.3 155.9 168.7 177.4 183.7 188.1 188.8 187.6 187.8 187 185.9 185.3
4.7 5 5.1 5.1 4.9 4.7 4.4 4.4 4.4 4.4 4.4 4.5 4.6 4.6 4.8 4.7 4.3 4.5 4.9 5.2 5 4.3 4.6 5 5.3 5.5 5.4 5.5 5.5 5.6 5 6.4 6.2 6.2 6.8 7.7 9 10.7 13 14.4 15.7 16 15.7 16.4 18.8 20.1 24.1 27.4 29.5 30.5 31.1 32.5 35.9 38.3 43.3 46.2 51.8 59.7 71.4 83.9 97.5 113.2 120 122.8 132.9 142.2 150.9 154.9 155.9 156.3 154.9 151.6 151.2 152.1 159.1 172.3 176.9 184 188.5 191.5 193.4 193.2 193.1 192.8 191.7 190.5
