app/static/ascii/SJ10.asc
ncols 200
nrows 200
xllcorner 310000
yllcorner 300000
cellsize 50
[rows 35 to 69 of 200, columns 78 to 155 of 200]
104.5 118.2 133.8 147.2 144.5 156.4 171.8 181.8 180.1 187.1 184.5 177.8 170.3 163 157.2 156.9 149.3 140.7 134.2 132.4 138.2 143.8 151.6 151.2 153.9 163.3 169.5 179.2 185.4 190.2 193 195.1 189.7 182.9 176.6 168.9 163.9 163.3 167.7 175.8 190.9 206.1 217.8 226.8 223.3 225.4 230 234.6 239.7 241.9 242.2 240.1 237.8 235.1 233.4 230.8 227.4 223.1 216.2 218 214.6 212 210.9 208.9 208.8 211.3 211.3 211.5 214.3 217.3 216.3 217.6 216.5 213.3 214.4 215.2 218 221
102.6 105.9 120.7 132.4 132.7 141.6 153.5 164.7 163.5 167.8 164.2 157.3 155.4 154.7 150.7 148.4 140.9 135.9 129.7 140.2 150.2 148.7 148.4 153.3 160.4 167.8 176 185.9 192.2 195.5 201.5 207.2 205.3 197.6 189.2 177.2 165.6 164.8 167 172.5 185.3 196.7 209.4 216.7 219.3 226.3 232.7 238.8 245 247.3 245.6 242.5 239 234.5 231.9 226.7 221.2 215.4 211.1 211.9 212.3 208.5 206.5 206.4 208.1 207.5 208.1 212 214.7 217.8 215.4 212.2 213.2 212 213.7 216.9 220 226.4
102.6 104.4 108.5 117 124.6 135.1 141.2 145.3 146.1 152.6 151.1 145.6 146 149.2 146.8 145.1 141.1 137.5 130.4 132.3 137 144.4 149.6 159.5 169.9 179.1 184.7 191.6 200.1 208.8 210.2 207.1 203.9 198.5 191.3 181.3 170.2 165 166.8 171 182.8 189.1 191.7 207.1 219.7 227.9 235.5 242.6 247.4 248.4 245.3 241.7 236.3 230.8 223.2 215.8 209.3 206.3 206.2 207.6 208.9 205.8 205.4 204.4 206.4 207.1 207.6 212.8 216.1 214.4 212.5 211.2 211.4 212.3 214.5 217.8 223.6 230.5
102.9 103.8 106.6 110.6 117 127.8 136.3 139.9 142.3 147.4 142.8 138.3 139.3 146.7 147.5 146.9 141.3 136.6 128.2 127.3 137.6 149.4 159.9 168.5 177.2 183.6 188.6 199.8 206.1 210.5 209.7 207.4 205.6 200.9 196.8 180 172.1 171.3 168 169.6 176.3 188.2 197 206.3 217.5 227.2 235.1 241.7 244.7 245.5 243 234.8 231.2 221.3 211.6 203.8 201.9 201.4 202.8 201.1 205.2 203.6 205.2 206.7 208.2 212.5 212.6 209.1 211 211.7 210.6 210.9 212.8 214.8 218.6 222.6 228.9 234
103.2 103.4 106.3 108.8 112.6 122.2 130 134.5 137.3 139.1 136.2 133.1 135.8 144.7 143.8 137.3 129.5 125.1 125.7 136.6 145.9 153.1 161.1 169.8 177.9 185.3 190.8 195.1 208.6 207.8 208.2 210 210.2 207.8 207.3 184.1 178.4 178.6 174.9 170.6 175.8 187.5 193.9 203.1 213.5 223.6 233.1 238.6 242.6 243.8 237.1 223.2 218 211.1 197.9 205.4 207.2 204.8 201.5 203.9 208.4 210.6 212.5 213.5 210.6 215 215.6 215.5 212.6 211.5 210.3 211.7 214 217.5 221.7 227.4 232.9 239
108 103.7 104.9 107.2 111.4 116.6 123.2 132.5 135.1 130.6 130 129.3 133.1 136.9 131.2 125.6 121.9 129 141 146.4 153.8 160.6 165.9 172.4 178.4 181.3 190.7 202.6 201.2 205 211.1 217.7 216.4 212.5 204.5 191.1 184 181.3 177.8 173.4 172.2 180.1 190.2 201.2 212.2 220.7 232.1 240.1 242.9 234.1 225 215.5 210.6 203.2 199.8 210 211.6 209 207.7 208.9 213.3 213.8 213.2 210.9 214.1 215.6 214.8 212.6 211.9 211.9 212.3 214.3 219.3 223.3 227.3 232.1 237.5 244
113.6 106.5 104.6 105.7 109.8 114.8 119.3 128.1 127 123.7 125.5 128 133.2 133.2 126.5 121.1 126 133.7 143.5 153.1 158.9 165.8 171.7 170.7 173.6 182.3 190 193.8 201 211.1 227.2 229.6 225 220.6 207.6 196.1 187.7 182.4 180 177.1 172.8 178.6 186.6 196.4 206 216.4 227.3 231.9 223.8 217.7 217.3 212 207.1 197.6 209 212.8 212.5 211.5 208.7 209 211.9 211.9 212.6 212.7 213 212.5 213.4 213.6 213.5 214.5 216.7 219.9 224.1 228.4 235.2 240.7 247.1 252.5
110.6 111.3 105.2 106 108.4 113.4 118 123.8 122.3 122 125.1 129.3 133.2 130.6 126.2 120.2 131.8 132.9 140.8 151.7 163.6 164.8 162 162.6 172.2 181.5 191 200.5 213 232.8 239.2 234.5 233.4 229.5 218.1 204.9 195 187.4 180.4 177 173.4 176.2 182.3 189.8 195.1 202.8 206.9 206.7 208.1 210.1 211.5 208.3 194.6 204 214 213.7 213.4 212.1 211.1 211.8 214.1 212.4 211.2 212.2 212.1 212.6 215.1 216.9 218.8 220.3 222.3 225.7 230.8 237.2 243.4 249.7 256.2 259.7
111.5 111.5 110.1 106.7 108.5 107.3 119.9 120 119.4 123.4 128.4 133.1 130.2 126.7 118.5 132.9 135.8 136.6 140.4 148.4 151.2 151.8 160.8 169.6 178.4 189.3 202.8 219.1 239 245.9 242.7 240.8 237 236.3 226.5 214.4 202.8 192.5 185.7 179.6 175.7 174.9 178.8 182.3 186.5 186.2 187.2 188.7 193.3 199.7 200.6 194.5 198.6 210.2 211.4 212.8 213.8 213.2 211.6 213.2 215.1 213.8 212.7 212.1 212.9 215.7 219.3 221.4 224.1 227.5 230.6 234.3 239.6 245.9 251.4 256.7 261.4 262.5
114.2 117.1 112.4 110.3 109 108.7 110.9 112.4 118.4 126.2 131.8 126.2 119.4 116.7 123.5 129.8 131.7 133.7 137.2 143 148.6 157.5 167.3 177.5 186.1 200.2 222.2 240 250.2 248.8 246.6 244.8 240.8 231.2 220.7 212 204.8 198.1 191.1 183.1 180.6 178.6 178 179 181.5 182.1 183 189 194.6 199.5 197.7 198.3 204 207.6 208.8 212.1 214 212.6 212 211.7 212.2 212.9 213.6 214.5 216.7 220.5 226.1 230.6 230.5 233.8 237.6 240.5 246.3 250.3 254.5 257.4 259.6 260.3
116.7 115.1 113.7 114.3 112.8 111.6 107.2 110.4 113.1 114.3 119.2 117.5 112.7 117.5 123.5 126.4 128.2 130.6 135.9 143.8 154.6 166.6 176.1 185.7 195.9 206.4 228.6 245 253.4 254.4 250.3 247.3 243.7 238.9 231.3 222.3 214.1 206.5 199.9 190.6 184.5 183.3 182.4 183.1 183.9 186.2 191 197 199.3 201 202.8 204.1 205.7 208.1 212.3 216.1 214.7 213 211.6 211.5 212 213.6 216 218 222.1 228.7 232.4 234 234.5 236.4 240.3 243.9 248.5 252.2 255.2 258.8 259.8 257.8
117.9 116.2 116 115.9 115.1 114.2 108.7 108.6 109.4 111 110.2 111.1 115.4 117.6 120.6 123.3 125.8 130 137.7 147.8 156.2 166 176.8 187.5 197.2 208.5 223.6 236.8 246 247.2 248.6 247.6 245.7 244.9 244.7 233.5 224.6 214.6 207.4 208.2 197.4 197.5 196.2 194.8 193.7 194.4 193.8 197.4 199.7 203.5 205.5 205.3 205.9 211 214.5 215.3 214.4 213.1 212.9 213.6 215.4 217.5 219.5 223.9 229.4 233.7 236 237.6 239.8 240.6 243.2 246.9 251.3 255.1 257.2 256.2 254.9 253.3
121.1 119.3 117.4 116.3 114.9 114 114.9 110.2 109.8 114.7 112.7 112.7 114.9 117.3 119.7 121.9 125.3 130.8 137.7 145.6 160.4 169.1 175.3 184.6 194.6 208.8 221.4 234 244.7 249.7 249.9 253 252.8 251.5 251.5 247.1 235.1 224.7 216.7 215.2 212.1 211.6 206.6 202.7 203.3 206.6 208.5 207 208.5 209.5 208.7 208.4 208.9 209.2 212.5 216.8 216.8 215.1 214.6 217.6 220.3 223.8 226.4 230.2 233.5 236.7 238 240.2 241.7 242.3 245.8 250.8 254.5 255.6 253.9 254 250.2 246.1
127.2 123.1 120 118.8 116 116.9 116.5 112.7 116.8 121.1 116.8 112.3 114.4 117 119.1 121.5 124.7 128.9 135.2 142.4 154.2 164.8 181.3 186.2 200.1 219.8 237.7 252.2 255.9 259 256.5 258.3 262.5 260.7 262.7 255.7 243.6 233.2 229.6 222.7 218.6 215.1 211.8 209.7 210.2 212.9 214.2 213.3 216.3 215.9 213.4 210.1 210.9 212.4 214.6 216.9 218 218 219.7 222.6 226.3 231.2 238.7 245.9 248.5 249 248.5 249.8 254.5 256.2 258.7 256.8 256.7 255 254.2 252.3 248.8 245.1
135 125.8 121.7 119.6 119 118.5 118.1 116.1 120.3 122.1 118.1 114 114.1 116.5 118.8 121.4 124.1 127.6 132.7 139.3 149.2 160.6 174.8 180.6 199.1 221.8 237 244.4 247.3 250 255.3 264 262.9 259.9 254.7 249.7 239.2 234.3 237.2 231.5 225.1 221.8 218.7 216.8 216.4 215.2 215.7 216.8 218.1 217.3 216 211.3 209.3 213.9 215.8 217.6 221 224.2 228.4 233.8 241.5 252.8 259.1 263.9 265.5 266.2 269.6 268.6 267 263.3 262.5 263.3 260.6 257.6 256.2 253.3 247.7 244.6
143.6 130.9 126.8 124.5 122.9 121.5 119.7 118.7 120.9 121.5 118.6 115.8 114.6 116.3 118.7 121.2 123.6 126.7 131.7 137.5 146.6 158.9 170.5 175.7 193.6 215.3 228.8 232 235.9 240.5 245.4 252.7 253.5 249 246.1 245 237.3 234.8 237.9 235.8 230.4 227.6 224.6 223.4 220.7 216.7 214.3 215.8 214.9 213.3 211.5 208 210.2 213.8 218.6 225.3 231 233.6 240.4 250.2 260.4 269.1 274.4 278.8 278.2 278.3 274.1 272 268.9 267.8 267.4 265.8 263.6 261.3 257.9 255.7 252.6 250.1
141.5 137.9 134.9 132.5 129.8 126.6 123.9 121.2 121.8 121.9 119.5 117.9 114.5 116.2 118.4 120.3 122.4 125.9 130.2 135.7 144.1 155.8 166.5 171 186.9 203.5 214.7 219.1 224.7 231.7 239.2 243.6 235.6 234.2 235 237.5 235.7 235.4 239.2 238.2 234.4 231.4 228.6 225.8 221.1 216.1 211.6 210.9 209.9 208.4 207 207.4 211.7 216.1 226.1 231.4 236.2 244.5 257.1 270.4 282.7 291.8 294.3 292.2 290.2 287.9 286.1 283.2 277.6 279.2 276.7 277.1 277.6 276.7 273.9 268.4 260.8 251.4
150.5 148 145.5 144.9 141.7 136.2 129.4 124.9 125.3 124.4 121.8 119.3 117.6 115.6 116.9 119 120.6 124.3 127.9 130.9 138.1 147.7 156.5 167.1 177 188.3 198.9 204.8 211.5 225.8 230.1 225.5 219.4 220.4 223.7 229.6 236.3 243.7 246.5 243.5 239.6 235.5 231.2 225.9 220.9 215.6 210 204.9 203.9 203.6 204.6 208.6 213.7 224.5 230.7 236.3 242.8 255.1 268.8 279.6 287.7 291.6 291.7 295.1 295 285.8 283.8 283.6 284.4 288.1 290.3 290.7 290.2 286 279.9 271.7 259.6 249.2
166 171.1 168.3 159.5 149.5 142.3 139.4 135.9 131.6 126.6 123.9 121 118.9 116.6 116.3 118 118.3 122.2 124.6 127.5 134.2 143.3 149.8 155.5 164.4 173.5 181.6 193.4 207.4 216.6 214.2 209 208.3 212.2 221.7 234.3 247.5 253.1 253.2 249.4 244.2 238.6 232.9 224 218.4 213.7 207 201.3 199.7 201.1 204.2 209.1 216.6 227.8 235.2 242.8 248.9 253.4 258.8 262.8 269.5 279.6 286.7 288.3 286.9 284.8 284.8 292.1 296.2 297 298.2 295.3 291.2 284.7 277.1 269.8 261.5 253.6
187.1 183.2 175.4 168.2 159.6 154.1 152 138.9 133.4 128.8 124.7 121.9 120.2 118.9 118.6 117.7 117.5 119.5 122.9 126.7 131.6 137.2 142.4 147.9 155.4 162.8 174.9 188.7 198.2 199.6 197.7 199.9 201.6 210.3 227 243.6 259.1 260.1 256.2 251.1 244.5 237.3 229.1 220 214.2 209 201.6 198.9 198.5 199.4 203 209 218.1 230.4 236.9 240.4 243.1 245.4 247.3 250.5 257 270.9 276.8 279.3 280.3 279.8 281.1 288.2 292.6 292.8 290.8 287.2 282.9 278.1 270.6 266.2 263.3 255.6
195.2 191.3 187.9 176.6 168.2 162 153.2 142 136.9 131.4 126.6 123.7 122 120.7 120.2 120.2 119.5 118 121 127.3 131.4 134.4 138.9 144.1 149.8 160.6 173 184.1 187.8 187 187 189 201.4 216.5 231.4 248.2 257.7 256.4 250.8 243.5 237.5 233.5 224.4 213.9 208.3 203.5 199.6 198.6 198.1 197.7 199.2 206.2 213.2 222.8 230.3 234.6 237 238.2 240.8 246.1 253.1 263.1 273.2 278.5 281.5 278.3 275.4 284.4 290.3 287.8 283.1 277.4 276.1 270.4 265.5 262.9 262.5 263.5
199.9 196.2 186.9 183.2 177.3 170.4 163.4 151.5 142.9 133.1 128.8 125.6 123.9 122.8 122.6 122.6 120.6 118.5 120.8 127.7 134.6 136.2 138.1 140.6 145.5 153.2 157 172.6 175.2 175.6 176.9 189.3 201.1 218.6 231.9 243 248.5 247.7 243.4 237.4 230.3 223.5 215.5 208.2 203.6 201.8 200.3 199.1 199 198.9 198.3 196.5 207.9 214.3 221.7 229.5 234.9 236.8 240.4 246 255.8 271.3 276.5 278.7 273.5 263.3 266 270.2 270.8 270.9 271.6 273.6 277.5 279.7 279.1 277 280 286.8
201.6 196.6 194.8 189 182.5 175.1 166.3 158.3 146.9 139.1 131.9 128.5 125.5 124.5 124.7 125.6 123.1 121.1 120.6 129 134.7 134.8 133.3 136.9 142.2 147.3 153.8 160.5 164.9 165.7 175.8 189.3 207.3 213.4 230.7 241.7 243.3 243.3 239.6 231.9 225.8 219.7 214.1 210.4 206.2 204.1 203.5 204 203.6 203.1 206.1 202.1 207.6 221.2 229.4 236.1 241.6 243 243.7 249.2 262.3 273.2 278.7 262.3 255.2 255.7 259.2 257.8 264.1 268.5 275.7 286 292.8 294.1 301.4 305.3 308.6 312.1
203.8 202.2 199.5 195.8 188.8 181 171.1 162.7 153.1 141.9 135.9 130.5 128 126.8 126.9 127.7 125.3 124.6 122.2 128.9 137.5 133.1 130.1 132.6 138.1 142.7 148.5 153.9 158.1 164.8 171.9 181.7 193.2 204.4 217.4 230.6 237.9 238.1 234.7 229.4 226.8 224.1 221.5 220.5 215.1 213.5 215.2 213.6 211.1 208.1 206.8 204 208.9 222.5 232.9 242.1 244.7 242.6 244.4 257.8 272.1 282.8 271.9 254.8 249.4 250.3 251.6 250.4 253 261.9 273 281.8 291 301.5 308.7 313.7 316 317.8
211.2 208.1 204 197.4 190.1 182.6 174.4 165 155.6 151.7 144.3 133.6 131.9 129.8 129 128.6 126.1 125 124.1 123.7 125.5 126.6 128.1 131.6 134.6 138.8 144 148.8 156.1 159.7 166.8 184.3 190.8 198.3 204.2 218 230.2 236.2 237.7 235.5 235 232.5 231.8 229.7 225.1 224 221.8 218.9 214.8 209.9 206.1 194.8 213.5 225.1 234.7 242.8 243 240.8 252.6 269 277.2 269.7 258.7 250.7 248.2 246.1 248.1 241.9 244.3 250.5 261.7 270.3 276.6 281.5 287.3 291.5 298.2 301.8
213.9 210.1 204.7 198.2 190 182 173.7 165.7 161.6 155.7 149.1 138.6 134.8 132.1 130.6 129.4 127.1 126.3 126 125 123.3 125.1 128.3 131.7 134.7 137.4 140.6 144.4 149 152.7 160.7 171.4 182.1 186.7 194.6 203.6 219.9 232.3 237.4 237.5 233.7 228.5 231.7 232.7 227.6 226.1 221.8 216.8 213.2 208.6 202.3 189.8 209.2 215.8 223.8 231.7 235.5 244.5 257.6 263.6 268.9 269.4 260.3 254.1 250.4 246.7 238.5 233.4 241 245.3 253.3 263.8 270.2 275.9 279.6 283.2 289.1 294.1
215.9 214.4 209.4 199.5 190.4 187 184.2 180.7 167.4 157.6 149.6 140.2 137.6 135.8 134.8 131.5 128.5 128.6 127.9 127 124.7 124.4 127.4 130.2 133.6 136 137.7 139.9 143.1 146.5 152.2 160.9 168.5 177.7 186.1 194.2 204.4 213.1 216.7 219.8 222.2 223.7 224.7 224.6 220.7 215.7 216.6 211.9 207.6 204.1 200.2 186.2 201.9 207.5 212.6 218.9 231.5 244.3 252.5 262.2 270.5 272.9 270.6 266.3 261.1 254.6 249.2 240 234.3 241 247 257.5 263.4 269.4 272.7 276.3 280.7 288.3
221 217.6 211.9 206.3 204 198.2 186.2 176.1 164.3 154.7 152.3 145.5 142 140.2 136.2 131.4 131.2 130.8 129.8 128.8 127 125.4 124.3 127.7 130.9 132.6 134.5 136.6 138.6 142.4 147.1 153.3 159.5 166.8 176.4 184.6 191.9 198.3 204.3 205.3 210.2 212.5 213 212.4 210.4 206.7 206.2 207.3 203.8 202.1 198 188.3 191.1 197 204.3 215.1 229.9 239.7 249.8 259.2 264.7 266.2 266 263.8 258.3 254.4 249.4 240.8 226.7 230 234.7 244.4 250.9 255.3 258.6 254.6 276.7 293
233.1 230.8 221.6 210.5 199.4 188 180.5 174.3 172.8 168.5 162.1 156.3 148.2 141.5 136.3 133.2 133.4 132.7 131.5 131 129.4 127.1 125.5 125.7 126.1 128.2 130.7 131.5 135.5 140.3 144.5 149.6 156 164 172.7 179.6 182.8 185.2 190.4 195.2 193.3 197.2 197.8 196.8 196.3 196.3 198.2 200.2 196.8 193.6 191.4 185.7 182.7 189.8 198.7 212.4 224.4 232.5 240 247.7 252.5 254 255.7 255.6 252.3 246.9 240.3 232.3 223.4 217.9 221.8 225.4 231.9 238.5 231.1 255.5 265.9 271.9
237.1 225.2 213.4 201.9 199.6 196.1 188.3 183.5 179.9 173.7 171.4 164.8 160.9 145 137.1 135.2 135.3 134.8 133.7 132.9 130.6 128.2 127.5 127 126.1 127.5 128.1 128.2 133.7 139.7 144.9 150.7 156.9 163.5 170 174.5 176.7 178.2 183.2 189.7 187.1 184.7 189 189.6 189.9 189.3 191.3 194.1 189.8 186.3 184.4 181.8 179.6 185.2 187.9 194.8 205.2 216.5 227.5 233.5 238.8 242.3 242.9 242.8 240.4 234.6 228.5 221.3 212.1 199.1 210 213.7 220 223 229.9 237.8 244.1 249.4
231.5 220.9 215.3 210.1 199.4 197 193.5 189.1 180.2 174.7 172.1 170.1 167.1 148.2 138.5 138.4 138.5 138 137 133.5 131.6 130.2 129.6 129.2 129.3 129.5 130 129.2 129.1 135.3 142.4 148.1 155.2 161.7 166.1 169.7 173.2 173.7 178.5 182.3 181.8 175.1 178.3 180.4 181.8 181.5 186.5 189.7 187.3 184.2 180.4 178.9 177.5 184.2 184.6 188.1 196.5 204.7 213 218.7 225.3 230.1 232 231.4 229.6 226.4 217.3 207.7 198.8 191.9 195.7 199.8 202.5 200.1 212 217.6 222.7 229.7
232 224.8 216.7 209.4 206.1 204 195 185.6 178.6 174.8 173.2 173.4 162.8 143.5 145.8 142.4 142.8 142.2 138.5 135.4 133.3 132.1 131.8 131.8 131.9 131.9 131.6 131.2 131 131.7 139.6 146.2 151.4 156.2 159.2 163.3 167 169.1 171.7 174.2 173.9 168.3 168.6 170.2 172.9 175 180 183.9 184.5 183.6 179.4 176.3 174.5 179.4 179.7 182.2 186.2 193.9 201.5 208 213.2 216.7 217.3 212.7 207.8 202.4 196.5 190.3 186.1 184.9 185.8 188.2 191.3 191.8 198.9 203.7 207.2 210.7
234.3 230.3 225.3 213.3 207.6 200.3 189.8 182.7 178 167.2 153.6 154.2 151.2 151.8 160.8 155 150.7 153 145.5 138.5 135.3 134.8 134.3 134.2 134.1 134 133.5 133.1 132.1 131 137.2 143.6 147.8 149.5 152.3 154.9 157.7 160.6 163.9 165.9 165.2 161.8 161.8 162.9 167.6 170.3 174.8 178.9 180.1 180 177.6 173.7 172.3 176.2 177.7 179.3 182.3 186.3 190.7 195.7 198.6 200.1 197.6 192.8 188.7 185.9 181.8 181.2 180.4 179.9 180.8 181.8 185.1 185.1 185.3 186.2 184.7 188.1
236.3 227 219.3 213.4 205.2 193.6 185.7 180.6 175.2 155.9 168.3 163.4 157 165.1 171.5 167.7 157.3 167.2 159.7 145.4 139.7 137.5 136.2 136.3 136.3 135.9 135.2 134.2 133.5 132.6 133.4 136.6 140.3 143.6 146 146.9 148.9 151.9 156.6 158.1 157.3 156.1 158.6 161.6 163.2 166.2 171.6 175.6 176.2 175.3 174.4 171.1 171.7 172.8 176.2 178.6 181.9 184.5 185.8 187 186.6 184.6 182.9 181.5 180.2 178.1 176.2 176.8 177.1 175.7 177 177.8 179.7 178.5 177.7 175.7 175.6 178.2
232.2 223 216 207.2 195.8 187.7 182.4 177.9 156.4 175.3 177.7 177.2 174 174.7 174 170.3 172.2 173.8 170.4 155.2 146.3 141.3 138.8 138.4 138.2 137.6 137 136.3 135.2 134.8 133.5 134.1 134.6 137.4 140.1 141.5 142.9 145.1 148.1 149.4 149.8 152.1 153.8 155.6 161.9 167.4 173.8 177.5 173.8 169.7 168.9 167.5 170.7 176.8 179.2 182.5 186.6 187.7 186.3 184.4 182.5 179.6 179.4 178.7 176.4 175.9 175.9 174.9 174.5 174 173.6 173.8 174 173.3 172.6 171.4 171.3 170.8
