app/static/ascii/SJ11.asc
ncols 200
nrows 200
xllcorner 310000
yllcorner 310000
cellsize 50
[rows 36 to 71 of 200, columns 80 to 159 of 200]
159.7 155.9 151.4 147.7 145.4 141.8 145 149.2 157.2 161.3 170.1 180.3 188.3 191.9 195.3 197.3 203.2 209 212.5 225.9 236.9 245.9 246.5 239.4 236.7 233.9 216.1 201.2 185.2 179.6 175.9 169.8 165.2 158.8 152.8 147.6 134.9 128.5 123.8 119 122.7 128 127.7 123.4 123.7 125.9 129.7 134.4 138.4 138.7 138.5 139.3 140.6 144.3 147.7 152.2 153.9 153.2 152.9 149 142 136.1 128.9 121.6 112.6 107.6 104.9 103.8 102.3 104.2 110.4 114.8 119.1 125.1 128.1 130.3 132.6 130.7 126 123.4
168.9 163.2 156.4 150.7 148.7 145.2 149.5 155.2 163.2 169.3 175.4 184.5 193.4 199.3 202.7 205.9 214.3 221.7 234 239.8 245.2 250.3 254 255.8 246.8 233 217.8 201 184 174.3 166.4 163.1 161 154.7 143.8 134.2 129.3 123.1 120.3 124.3 130.3 130.9 129.1 127.8 129.7 131.6 136.3 142.4 144.8 147.8 147.4 148.1 150.6 156.2 161 158.4 159.2 158.2 156.1 146.6 137.7 132 124.9 118.8 109.4 105 104.5 103.8 102.3 106.9 113 118.5 124.2 130.2 134.7 136.5 135.9 131.4 124.4 124.5
175.7 168.2 161.4 153.7 151.5 148.2 153.4 161.4 167.1 174.1 181.6 188.2 198.1 203.7 209.8 224.3 233.8 237.5 247.7 256 261.5 262.9 262 255.8 242.9 220.8 199.1 180.3 171.5 162.2 155.3 150.4 148.3 142.1 136.2 129.7 124.8 122.5 125.8 129.8 131.8 131.2 131.4 133.3 135.3 139.7 144.1 148.2 151.9 155 161.7 159.3 159 161.9 165.4 164.5 164.2 163.2 157.3 145.8 134.9 127.1 121.9 117.1 108.4 106.5 105.8 104.1 102.4 108.3 115.2 122.2 130 136.6 140.7 138.7 135.6 129.3 123.4 126.2
179.8 167.5 160.3 157.3 156.1 152.1 158.2 165.9 172.1 180 187.4 197.1 201.9 208.3 217 230 238.4 250.8 262.1 265.2 269.6 275.8 280.4 257.3 229.1 206 186.9 170.2 159.4 153 148 142.5 137.2 133.9 129.6 129.6 129.3 127.8 128.6 132.7 134.7 135.9 135.3 139.5 141.4 146.8 151 155.3 159.3 161.5 166.2 169.1 167.3 171 172.9 171.8 170.7 164.1 156.5 143 130.6 123.9 119.2 114.5 109.3 107 105.8 103.5 104.1 109.5 117 124.6 130.1 133.5 134.3 133.2 131.1 126 123 127.6
189.3 175.4 166.5 162.5 161.7 153.8 161.3 169 175.3 183.4 191.8 200.5 207.9 216.5 228.5 239.5 247.9 260 265.1 273.7 278.2 272 257 231.1 207.2 187.1 170.7 160.9 152.4 145.9 141.5 138 133.9 130.6 129.7 133 134.2 133.2 136 142.5 140.9 142.3 144.1 145.9 150.9 154.9 158.5 163.3 167 170.2 171.2 175.7 180 180.1 178.4 175.5 169.1 159.4 149.6 137.1 124.1 118.8 115.9 111.1 107.8 106.2 104.8 103.3 105.1 110.5 116.3 120.8 123.6 126.1 127.1 126.1 123 123 123 129.3
191.2 182.9 172.4 168.4 165.9 158.9 164.6 170.2 177.9 185.7 193.6 200.6 215.3 230.7 241.8 248.1 262.3 270.5 275.9 282.8 269.6 252 227.4 206.3 187.6 170.4 160.8 156.4 150 143.9 138.4 134.9 132.3 131.4 132.8 136 139.1 141.5 143.9 145.5 147.1 148.9 150.7 153.7 156 160.7 164.6 168.1 172.9 178 179.2 183.2 183.1 181.5 175.7 171.1 163.2 154.3 142.6 130.5 118.8 113.7 111.3 107.8 105.1 104.5 104.3 104.1 106.4 111 114.4 116.4 118.8 119.1 120.4 122.7 123 123 123 129.2
190.6 183.3 177.1 171.9 166.8 159.9 168.2 173.7 181 187.5 196.1 210.8 228.9 246.3 254.4 260.8 265.4 275.8 278.5 273.6 263.1 234 208.6 188.9 170.7 158.2 155 154.8 152 145.9 137.7 133.3 134.3 135.6 138.7 144.6 144.9 146.7 149.8 149.4 152.1 155.4 157.8 161.5 162.5 165.3 168.7 172.4 176.7 181.3 183.4 183.2 180.4 177.8 173.5 166.8 158.8 150.3 138.3 127.1 116.2 110.8 108.2 105.9 105.1 104.9 105.8 105.5 108.3 111.8 112.5 113.5 115.4 117.8 120.6 123.2 123 123 124 130.7
188.2 181.3 175.3 170.3 162.8 166.2 171.1 180.1 186.7 197.6 209.7 225.6 239.5 253.2 260.7 271 274.7 283.3 286.7 280.4 261.3 227.1 201.1 180.1 161.7 150.3 145.3 144.5 141.9 137.2 136 135.4 141.7 139.7 148.2 152.6 152 152.7 157.2 160.5 164.1 166.1 166.8 169 168.2 170.5 172.5 175.7 180.9 184.1 183.7 181.8 178.7 174.9 170.3 164.6 154.4 139.1 127.6 119.4 111.7 107.8 106.7 106.3 106.9 107.9 108 107.2 108.7 110.2 112 114.2 117 120.3 122.3 123 123 124.6 128.6 133.3
184.7 180 176.3 171.8 170 174.2 182.8 193.3 206.5 219.5 227.4 237.6 250.6 263.5 268.7 279.9 289.4 291.8 282.1 262.7 246 219.1 195.7 174.9 158.3 148.4 150.4 149.2 145.3 142.5 142 147 150.9 151 148.8 156.1 160.8 161.6 163.4 167.5 172.9 175.3 174 172.7 174.2 175.3 176.9 182.7 185.9 185.9 186.3 184.3 179.7 173.9 167.5 156 138.9 127.8 121 114.9 108.8 106.4 106.7 108.2 109.3 109.3 108.4 108.4 110.3 111.3 113.1 116.4 119.8 122.9 125 127.5 128.3 130.4 133.9 138
186.6 179.5 173.3 174.7 177.8 178.7 192.6 200.1 211.2 221.8 230.4 244.5 258.8 266.8 281.6 299.1 312.4 322.3 311.7 277.3 244.8 217.6 192.7 172.6 155.7 150 160.4 163.1 158.5 155.1 144.9 161.5 160 158.3 155.4 164.5 166.2 166.3 167.5 170.7 173.7 176.4 176.4 176.7 179 181.8 186.2 187.9 187.9 186.3 182.7 177.7 172.4 166.5 156.1 137.5 126.4 119.5 115.9 111.7 106.9 108.2 109.2 110.1 109.8 109.6 108.9 109.7 111.7 113.5 114.6 119 124 127.8 130.5 133.6 134.5 138.2 143.3 147.8
182 176.9 178.9 181.6 187.4 193 192.8 201.3 209.8 221 231.5 247.8 264.4 282 294.7 306.2 321.2 331.3 323.1 292.9 240.2 208.3 186 167.7 154.6 158.9 169.5 166.9 163.1 160.9 154.3 164.2 168.2 169.2 162.9 170.5 170.3 170.1 172.1 173.7 177.2 179.7 180.6 180.4 182.1 182.6 183.5 183.5 180.9 179.3 178.8 172.4 166.3 160.8 147.3 129.9 121.3 117.4 113.5 111.2 107.6 108.8 110.6 110.3 109.9 109.7 110.2 111.3 113.5 116.1 119.5 122.6 128.7 133.6 136.6 139.7 143.6 147.8 151.2 157.3
185.4 185.7 185.6 189 196 198.7 198.9 204.5 211.5 219.9 233.9 252.5 266.4 280.4 296.9 312.4 319.6 329.6 307.3 258.1 226.2 198.5 180.2 164 156.5 167.7 171.6 168.5 167.4 162.1 164.9 169.1 173 176.9 172.9 173.4 174 174.3 175.8 176.9 180.5 180.7 181 181.9 182.1 182.6 182 181.3 181.4 180 178.1 172.8 164.5 155.2 138.2 129.4 122.1 116.1 112.4 110.5 107.7 110.4 111.1 111.3 111 111.5 112.2 115.2 117.7 120.9 125 130 136.1 140.2 142.7 145.5 149.1 153.6 157.4 168.9
190.5 192.2 194.8 200.7 204.4 201.7 203.1 207.8 213.6 223.7 238.7 257.5 269.6 284.6 300.3 313.5 319.9 316.6 284.6 241.5 210.6 186 177.7 164.9 161 172 171.8 168.7 166.7 165.3 167.4 172.8 176.8 180 180.9 179.6 179.3 180.4 179.8 179.6 180.9 183.6 185.6 189.1 191.6 189.8 187.1 185.2 182.8 178.7 171.9 166.5 159.3 147.1 137.4 130.5 122.4 116 112.2 109.1 109.9 110.9 112.2 112.2 114.2 116.6 118.5 119.9 123.5 127.2 133.1 140.4 145.5 148.4 148.1 147.8 153.2 156.7 161.2 169.2
194.8 199 204.4 211.9 210.9 206.7 205.3 209.8 221.3 231.5 246.2 263.2 278.9 290.4 299.1 311.8 318.2 307.4 268.3 235.1 204.4 183 175 169 164.8 172.7 173.1 170.5 170 170.2 172.6 177.6 181.3 183.7 186.4 186.8 186.8 187 188 188.7 195.8 199.6 200.2 199.8 197.1 193.3 186.7 180.6 176.8 171.4 165.1 158.6 153.6 143.6 136.3 129.6 123 116.8 111.2 108.3 111.5 112.3 113.9 116.3 119 122 123.5 125.7 132.2 139.7 144.6 149.4 152.3 154.5 152.5 150 153 158.2 167 166.4
205.1 206.3 210.4 219.6 215.4 210.8 210.4 214.4 221.3 236.3 252 267.3 282.7 294.2 294.3 304.7 304.4 296.7 281.2 236.5 208.1 184.2 168.1 161.7 163.8 168.9 175.6 180.2 176.4 175.2 179.5 185.2 190.3 193.8 195 195.7 192.1 194 196.9 202.8 205.4 207.7 204.4 196.3 191.6 185.2 178.6 173.3 167.5 160.2 154.3 151.4 148.5 138.6 131.9 126.4 120.4 112 108.2 111.4 110 112.7 117.8 120.9 123.3 126.4 129.3 137.2 147.3 154 154.4 154.4 157.7 159.2 160.3 152.3 152.2 154.7 163.9 160.6
212.2 212.7 215.9 221.5 218.8 217.1 214 216.1 221.8 236.1 254.4 272.1 280.4 285.8 290.8 299.6 307.3 293.8 276.8 243.7 213.6 186.8 166.7 157.6 156.9 160 164.8 177.4 179 174.2 174.4 189.5 199 202.8 201.9 195.2 191.1 190.2 192.5 196.1 197.3 195.8 189.3 182.5 177.2 170.3 164.1 156.4 152.3 148.7 146.6 143.9 139 131.3 124.6 120.5 113.6 110.7 111.7 109.6 111.4 116.5 121.3 125.3 130 134.3 141.6 152.3 161.1 163.8 162.6 160.1 164.7 166.1 164.3 156.5 151.3 149.3 148.1 146.9
214 213.3 218.1 219.2 218.3 219.6 217.9 217.4 222.6 231.4 248 261.8 274.4 280.7 287.3 294.5 295.8 294.4 272.7 255.3 216.9 189.2 166.3 155 152 152.9 155.2 163.1 172.1 167 168.5 181.2 196.9 201.2 195.1 190.1 184.8 181.8 181.9 180.4 178.2 176.7 171.5 164.9 152.5 152.8 149.4 145.8 142.8 139.3 136.4 133.3 128.1 121.1 117.6 113.5 110.6 112.5 112.7 111.6 115.3 119.4 124.3 129.2 133.5 139.6 152.9 163 168.2 172.3 177.2 167.3 170.6 170.6 165 153.9 149.7 147.8 144.6 142
210.3 209.6 211.5 212.5 211.4 214.5 215.7 215.9 221.1 229.6 247.9 267.2 278.6 292.7 297.2 299.1 299.5 290.3 270.6 246.8 216.8 192.5 176.2 164.4 155.1 147.5 148.4 152.5 155.1 155.8 159 167.8 178.2 183.2 180.9 176 172.8 170 166.1 163.1 160.1 156.3 153.5 152 149.4 144.7 143.3 140.6 137.7 133.6 128.6 123.9 120.4 116.5 113.5 110.3 109.1 110.2 113.4 113.5 117.4 121.6 126.9 132 139.3 148.6 158.6 165.4 171.8 174.6 173.8 164.7 161.2 158.3 153.3 149.7 145.2 144.2 142.2 143.4
205.3 203.3 203.4 204.1 205.6 208.4 210.1 214 223.6 233.8 254.3 267 275.5 281.6 282.1 284.4 278.6 268.4 253.9 244.3 218.8 199.1 183.9 170.3 159.4 149.6 144.7 144.9 146.7 149.2 151.3 155.8 161.6 163 161.9 162.7 159.5 162.1 162.2 159.3 156.4 153.7 149.6 147.4 145.8 144.6 141.8 134.2 132.8 127.4 120 117.3 115.9 113.3 110.2 109.4 109.5 110.5 112.2 114.3 118.6 123.4 129.7 136.7 146.6 153.1 159.6 165.6 168.3 167.3 157.9 152.2 148 146.5 145.4 144 145.6 146.2 148.2 148.9
196.4 192.9 196.1 197.6 199.9 203.5 208 216.7 223.8 230.4 242.5 254.1 261.9 265.8 268.2 265.3 268.4 264 251.8 231.3 209.9 193.8 184.3 167.7 157.6 148.6 144.3 142.2 144.8 145.8 148.5 152.7 154 156 157.1 158.4 159.1 160.8 161.8 161.8 159.1 155.3 152.2 148.3 143.9 139.1 134.7 129.8 125.5 120.5 117 113.6 111.6 110.4 110 110.3 111.2 113.1 115.9 118 122.9 129.1 136.2 142.3 149.3 155.5 161.4 166.3 164.2 157.1 152.2 148.7 145.7 147.9 147.1 148.5 149.1 150.6 153.7 152.7
189.4 183.2 187.6 186.8 191.2 207.4 217.4 230.6 234.5 239.3 245.4 249.2 257.3 261.7 261.3 255.1 248.2 238.1 224.9 213 194.4 180.8 168.1 158.4 150.9 145.1 140.8 143.8 145.6 148.2 150.6 152.4 152.4 152.8 153.8 155.2 157 157.2 156.8 156 153.2 150.2 146.2 142 136.3 131 127.2 123.7 121.5 119.3 115.8 112.5 111 110.6 110.9 111.6 114.1 116.7 119.9 124 129.8 136.4 142.7 149.6 155.9 161.9 167.5 167.3 158.2 153.4 148.2 147.6 148.3 147.5 149.1 149.8 150.5 151.9 154.3 152.7
177.1 168.6 174.7 178.8 192.6 208.3 221.5 233.6 235.4 230.4 230.2 233.1 237.8 233.3 230.2 223.4 220.9 214.2 201.7 189.2 174.1 161.8 156.1 148.9 141.2 140.6 146.6 146.7 146.7 149.3 150.5 150.2 150.9 151 150.7 151.6 152 150.9 149.1 147 141.2 137 133.2 130.1 127.6 122.5 119.9 117 116.2 117.9 115.3 112.5 111.1 110.3 111 113.3 117.3 121.2 123.8 129 136.1 143.6 151.7 160.2 165.4 169.3 166.2 158.1 154 150.9 149.8 150.3 150.9 154.1 154.6 155.2 155.6 156.9 156.9 155.8
164.7 158.8 162.7 175.6 185.3 199 205.9 206.2 204.5 204.5 200.9 202 206.4 203.8 201.3 199 195.4 193.9 181.8 165 155.2 149 144.6 135.2 140.2 144.2 146.5 146.6 145.9 145.7 144.1 146.7 148 146.2 145.6 144.2 143.3 142.1 138.1 134.7 129.5 126.4 124.4 121.7 118.8 116.1 114.6 115.3 115 115.1 112.6 110.6 110.4 110.6 112.9 118 122 125 130.2 135.4 145.3 155.3 166.6 168.8 171.2 168.8 161.4 156.7 153.8 151.1 153 155.4 157.6 159.8 162.1 162.4 162.8 161.9 160.2 156.3
151.1 142.8 153.8 160.5 162.6 167.1 173.2 172.1 172.3 182.8 176 171.5 177.9 181.3 184.8 186 174.7 163.6 153.5 144 138.8 133.9 130.3 132.5 136.5 139.5 141.5 140.4 138.8 134.7 136 139.9 138.6 136.9 135.8 131.5 131.6 129.5 126.2 122.7 119.6 118.5 117.2 115.1 112.9 111.7 112.5 112.1 112.2 113.7 111.9 110.6 111.6 113.6 118.9 122.7 126.5 131.5 136.9 142.1 156.5 173.9 177.4 176.4 178.2 164.4 158.8 156.6 153.3 152.4 156.5 159.5 162.7 166.6 168.8 170.3 170 167.6 164.7 161.4
138.3 135.1 133.2 132.4 134.3 137.5 141.5 142.3 144.3 148.5 149.2 147.9 151 155.1 157.2 152 143.3 136.5 131.5 128.4 127.9 126.5 124.9 128.3 130.3 131.6 131.6 129.8 128.7 126.9 126.2 126.1 126.2 124.7 124 123 121.5 119.4 116.5 115.3 114.1 113.3 112.7 112.4 113.2 116.1 117 115.6 116.8 114.5 112 113.3 115.3 120.7 124.2 128.9 134.6 138.6 143.1 148.9 173.2 183 177.6 172.8 160.5 156.5 154 152.8 155.7 157.9 161.1 164.5 168.6 171.7 174 175.5 174.5 171.9 167 165.4
129.5 128.8 127.4 125.2 123.6 122.4 122.4 124.6 129 130.5 132.9 135.1 134.6 131.7 127.9 125.1 124.8 124 122.9 121.2 121.2 121.5 122 122.8 124.4 123.1 122.9 122.6 122.3 121.4 120.2 118.9 117.8 118 117.2 116.6 116.5 114.9 113.2 112.7 112.5 112.3 112.3 112.6 115.4 117 116.4 116.3 114.5 111.9 115.8 118.4 122.5 125.9 130.8 135.7 140.4 144.3 147.9 158.2 170.5 170.7 162.5 157.5 154 155.3 157.1 159.1 162.3 164.7 165.4 165.7 165.8 167.6 170.3 172 172.4 169.6 165.7 162
124.9 124.6 124.1 123.3 122.2 121.2 120.9 121.5 122.7 122.3 124.2 123.2 119.8 119.1 118.2 118.3 118.9 118.7 118.3 117.9 119.6 119.6 119.6 119.5 119.2 118.9 118.9 119.1 119.2 118.9 117.7 116.4 115.2 114.5 114.2 114.5 114.7 112.7 112.5 112.4 112.5 112.4 112.5 113.6 115.4 115.9 116.1 119.3 119.7 121.9 123.7 125.5 127 131.7 135.4 139.7 145.1 152 159.8 161.8 162.8 160.1 156.3 156 159 161.1 163.3 164.3 163.8 163.6 163.1 162.2 160.8 162.7 165 166.3 166.5 164.5 161.4 156.7
122.4 121.9 121.2 121 121.2 120.2 120.1 120.1 119.9 120 119.9 118.9 118.1 117.7 117.5 117.3 117.1 117.5 117.2 117 118 117.8 117 116.7 116 117.6 118.9 119.8 118.8 116.5 116.1 115.2 113.9 113.6 113.7 113.4 113.6 112.9 112.3 112.6 112.6 113.4 114.5 115.1 117 119.3 124.5 127.3 129.1 130.5 131.9 132.6 138.3 142 144.8 149.5 153.4 158.8 165.6 165.2 161.1 157.2 154.5 160.1 162.5 162.1 160.8 160.2 160.2 160.9 160 158.9 157.6 158.5 160 162.4 162.6 161.5 157.9 154.4
121.6 121.7 121.4 120.9 120.5 120.1 119.6 119.4 119.2 118.9 118.8 118.3 117.7 117.6 117.4 117.2 117 116.7 116.7 116.4 116.6 116.3 116.1 115.8 115.1 116.6 117.4 117.1 115 113.8 113.5 113.3 113.2 113.4 113.6 113.2 112.6 112.5 113.8 114.4 115.8 116.6 117.3 119 121.4 128.2 133 136.1 141.3 147.2 147.9 148.5 151.2 153.1 156.9 160 163.8 165.3 163.8 161.3 159.5 156.4 156.2 158.5 158.9 159.1 159.2 158.7 157.9 157.9 156.8 156.6 156.7 157.8 160.3 163 164.4 162.7 159.8 156.3
131.1 127.7 124.6 125.8 127.3 123 120.6 119.8 118.9 118.2 118 117.9 117.7 117.5 117.4 117 116.8 116.7 116.3 115.9 115.8 115.5 115.2 114.9 114.6 114.8 115.5 114.6 114 113.7 113.6 113.4 113.2 113.1 113.3 113.3 114.7 115.7 117.5 118.2 120.5 122.4 124.2 127.1 135.2 144.5 147 150.8 157.5 164.5 167.1 168.3 166.4 172.6 173.3 169.4 165.9 161.9 159.2 157.7 156.2 155.1 154.9 156.2 157.4 157.7 157.6 157 156.4 156.2 156.3 157.2 158.6 159 162.2 164.8 166 163.7 162 160.1
144.8 146.9 140.3 133.2 127.2 123.3 121.9 120.9 120 119.6 119.4 118.7 117.6 117.5 117.2 116.8 116.7 116.5 116.4 115.8 115.5 115.2 115 114.8 114.6 114.4 114.3 114.2 113.9 113.7 113.8 113.5 113.7 114.5 117 118.9 120.2 121.6 123.9 126.5 128.1 130.8 136.2 143.6 153.7 157.4 161.3 166.6 173.5 176.3 178.2 179.8 184.5 187.2 180.8 169.1 162.4 158.9 157.3 156.2 155.6 156 156 155.5 155.7 156 156 156.2 156.3 156.2 157.1 159.4 161.4 163.9 167.3 171 171.6 171.8 171.1 168.9
175.4 161.6 145.7 135.4 128.7 124.7 123.1 122.1 121.1 120.6 119.8 118.7 117.7 117.4 117 116.7 116.5 116.4 116.2 116 115.6 115.3 115 114.8 114.8 114.6 114.4 114.1 114.2 114.6 115.7 117 118.9 121.6 124.4 125.6 128.5 130.9 134.6 137.1 140.7 142.9 148.5 159.9 164.8 169.4 173.8 178.7 185.2 193.2 199.2 203.7 202.2 181.9 168.6 161.5 158.1 156.6 156.6 156.6 156.3 156.4 155.5 156 156.3 156.5 156.9 156.9 157.9 159.6 162 164.8 167.1 170.7 174.1 179.4 180.5 180.6 177.8 175.5
188.1 174.7 165.2 149.9 137.9 129.3 125.3 124.3 123 122 121.2 120.1 118.9 118.9 117.2 116.6 116.4 116.3 116.3 116 115.8 115.4 115.1 114.9 114.9 114.7 114.5 114.3 114.8 119.4 123.6 126.6 129.1 132 136.3 137.1 140.3 143.7 152.7 157 160.5 163.7 172.1 176 181.7 184.9 193.5 203.3 215.3 216.4 214.1 201.2 181.8 167.1 159 157.6 157.7 157.6 157.8 157.6 157 156.4 156.2 156.7 157 157.4 158.4 160.6 164.9 168 172.3 171.7 173.7 176 183.1 187.1 186.4 185.2 182.1 177.6
206.9 203.1 180.5 157.1 139.8 128.3 126.9 125.2 126.7 126.1 123.9 123.1 122.1 121.2 119.9 117.8 117 116 115.6 115.7 115.9 115.4 115.1 114.9 114.8 115.3 117.9 120.5 125.1 129.7 134.4 139.5 148.9 157.2 158.5 161.1 165.6 168.7 176.4 177.3 178.5 181.6 186.5 191.4 199 213.6 222.5 234.8 231.4 206.5 191.7 176.1 166.2 160.5 158.5 157.9 159.1 159.5 159.3 159.7 159.3 158.7 159.1 158.3 159 161.6 164.1 169.5 180.6 192.2 197.1 192 185.4 182.5 183.8 189.6 191 189.1 184.7 179
229.9 205.1 175 153.7 138.9 129.2 130.3 130.2 131.3 133.4 129.8 128.4 128.5 126.9 126.6 122.1 120 117.7 116.3 115.8 115.9 116 117.1 119.9 120.9 124.8 129.5 134.3 140.4 145.8 153.5 160.7 168.7 172.3 174.9 180.7 184.6 188.1 191.7 194.5 198.5 205.7 207.1 214 226.5 235.6 244 239 223.2 197.7 175.1 166.9 162.3 158.9 158.7 159.4 161.1 162.5 163.9 165.3 165.4 164.1 162.8 163.2 167.7 168.8 172.2 180.1 195.5 202.8 205.6 205.4 201.8 196.6 190.9 189.1 188.6 186.3 182.2 171.7
227.5 195.1 172 155.5 144 133.6 136.6 137.3 137.7 137.3 139.3 134.7 135.5 134.8 134.3 130.6 129.7 123.6 122.8 125.4 127.9 130.4 133.4 136.4 141.4 149.9 156.1 160.4 166.5 172.5 177.3 183.1 191 198.5 202.1 204.2 207.8 211.8 215.3 221.2 228.7 230.9 225.6 234.2 248 246.9 237.8 222.2 205.1 184.5 171 165.8 161.9 159.2 160.5 162.2 166 169 171.1 172.5 172.1 173.3 176 183.2 188.8 184.5 185 186.6 195.8 204.5 213.6 219.9 223.2 213.3 199.2 190.7 186 183.4 178 164.5
