app/static/ascii/SJ12.asc
ncols 200
nrows 200
xllcorner 310000
yllcorner 320000
cellsize 50
[rows 70 to 104 of 200, columns 0 to 77 of 200]
317.2 313.8 310.4 307.1 303.8 300.6 298.2 295.5 292.3 290.3 289 287.8 285.6 284.4 283.5 281.6 280.9 279.7 277.6 274.3 272.9 270.6 265.6 258.6 252.8 248.4 243.6 241.7 238.3 233 229 221.5 216.6 212.2 208.3 205.2 202.4 184.4 169.6 165.2 167.9 173.1 180.4 196.8 202.1 206.3 207.2 210.2 212.9 213.9 213.7 211.8 208.9 204 200.1 201.4 203.1 195 187.5 185.2 181.9 178.6 176.3 174 169.8 165.9 163 160.2 157.7 156.7 155.6 152.8 153.8 158.6 167 173.7 177.9 182
312 309.4 305.8 302.9 300.6 297.6 295.7 293.2 290.8 287.8 285.3 284.4 282.5 281.4 280.7 279.8 278.8 277.7 276.7 276.1 275.4 273.9 273.2 270.6 267.2 259.5 253.3 248.2 244.2 241.9 237 228.8 222.6 217.1 211 207.3 203.6 199.1 187 171.9 160.8 163 165.3 175.2 197.1 201.4 202.4 205.3 207.8 211.1 214.3 214.3 210.9 205.7 199.8 196.5 191.7 187.6 184.3 182.2 180.2 179.1 176.9 174.6 170.2 165 162.4 159.3 156.8 155.5 154.4 153.3 151.5 151.6 159.6 168.2 171.6 176.2
307.2 301.9 299 299.3 297.5 295.3 292.8 290.6 288.7 286 283.4 281.2 279.7 277.9 277.1 275.5 274.8 274.8 273.8 272.4 271.8 271.8 271.8 271.2 268.8 263.9 257.8 253.6 249.1 244.5 240.4 236.6 229.3 219.9 211.5 207.7 204.5 201 200.6 199.3 199 186.5 159.7 166.1 191.7 196.8 198.5 201 204.1 207.2 209 209.8 209.5 206 200.5 195.8 190.6 186.3 183.1 180.2 177.6 176.4 174.6 172 167.9 163.1 159.7 157.1 155.5 154.5 153.4 152.1 150.1 149.3 152 161.4 165.9 170.8
297.1 292.7 291.6 291.6 291.2 289.7 288.7 287.8 285.6 283.4 281.7 280.1 278.8 275.5 273.4 271.2 267.9 269.9 268.1 268.1 268.3 268.5 268.6 268.1 267.6 264.4 259.8 255 250.9 244.8 240.9 236 228.3 218 211.9 209.5 208.2 206.9 202.8 198.9 196.7 192.6 164.2 163.4 186.6 191.6 193.6 196.5 199.6 201.6 202.2 203.8 205.2 204.9 200.9 195.1 190.7 186.1 182 178.9 176.2 174.8 170.6 167.6 164.8 160.8 158.6 156.4 154.6 152.8 152.4 151 148.8 148.3 147.2 156.1 163.3 167.9
285.5 284.5 283.8 282.4 282.8 283.7 284.3 284.1 283.5 287.3 283.7 282 279.3 277.2 274.6 272.1 268.2 265 264.5 265 264.3 264.8 264.3 263.3 263.7 263.4 261.7 256.7 252 246.9 239.4 232.6 226.6 221 220 218.3 210.8 204.9 200.1 194.8 191.5 188 168.7 155.8 169.4 177.8 183.5 188.6 192.5 193.9 195.7 196.9 197.8 199.4 197.9 195.4 190.8 186.9 182.1 178 175.1 171.8 168.2 164.8 162.3 161.2 158.4 157.2 154.5 150.8 150.6 150.5 149.4 147.4 146.4 151.7 162.6 164.8
276.4 274.5 274.5 277.1 278.2 280.2 280.3 280.6 279.8 280.4 278.9 278.1 275.9 273.6 271.1 268.5 265.7 263.3 261.7 261.7 260.7 260.5 258.9 256.5 256.8 256.5 256.6 255.7 251 245.6 237.1 230.5 227.4 225.6 224.3 218.6 207.7 199.3 193.8 190.5 187.1 184.1 180.3 168.7 155.9 160.3 162.8 176.5 182 185.7 188.8 189.9 190.7 189.6 190.5 189.7 187.6 185.6 182.5 178.8 175 172 169 165.4 164.1 161 157 154.4 151.3 149.3 149.2 149.2 148.4 147.1 145.7 145.3 156.3 159.5
270.4 269.4 269.2 269.3 273.2 275.5 276.8 276.9 276.3 274.5 273.7 272.3 270.5 268.7 266.6 264.5 264.1 263.1 255.9 256.5 256.9 255.3 253.5 252.3 251.1 249.4 249.5 248.6 242.4 237.9 233.8 230.7 228.5 227.3 222.1 213.9 203.9 194.1 188.1 183.7 180.4 177.9 173.2 166.1 155.1 150 156.1 156.2 163.7 175.6 180.7 182.8 180.4 183.1 185.1 183.7 182.2 181 180.2 177.5 174.1 173.1 172.3 169.7 168.6 164.6 159.9 155.6 150.3 148.3 148.4 148.1 147.6 146.3 145.1 143 144.5 150.3
265.4 264 261.4 258.5 258.6 260.1 266.5 269.5 269.1 267.5 267.7 263.1 264.2 264 263 262.1 261.1 258.6 256.8 249.8 251.7 251.2 249.6 248.7 246.8 243.8 243.6 238.9 235.8 233.2 230.7 227.5 225.8 223.6 218.7 213.1 206.9 195.3 186.1 181.9 176.7 171.5 164 159.4 154.5 151.4 154 153 154.1 161.7 170.3 170.7 173.5 176.8 176.9 177.8 176.1 175.8 175.7 174.5 174.7 176 177 175.2 171.3 166.9 162.6 157.4 151.3 147.5 147.4 147.1 146.8 145.5 144.5 143.6 142.2 143.4
261.5 258.5 256.5 255.1 252.8 251.5 251.9 254 254.8 256.1 256.5 258.9 261 262.7 262.2 261.3 258.8 256 253.8 251.2 244.7 247.6 246.5 245.8 243.9 241.4 239.2 233.1 231.2 229.1 226.4 224.2 221.9 219.7 216.2 209.8 203.9 192.7 186.5 182.5 181.5 179.7 177.4 170.5 153.3 150.9 152 152.3 151.6 152 156.3 160.8 163.6 168.2 170.6 169.6 169.8 170.3 170.5 170.8 173.7 179.2 181.4 178.6 173.6 168 163 157.7 151.5 146.5 146.3 146.1 145.9 144.8 144 143.2 141.4 140.2
256 253.4 252.3 251.7 248.1 246.9 247.1 246.1 246.3 246 247.4 250 249.9 251 249.2 251.4 249.9 249 246.6 244.6 243.6 241.8 243.5 243.2 240.7 238.2 236 231.9 229.7 227.6 227.9 227.5 222 214.8 210.9 204.7 201.5 196.7 195.3 191.3 187.6 184.4 180 170.5 155.3 150.2 150.3 151.1 150.4 149.5 152 155 154.3 154.7 155.9 161.1 163 164.2 163.5 165.8 169.4 175.1 178.5 178.6 173.5 166.9 159.8 155.2 150 145.5 145.2 145 145 144.4 143.6 142.7 141.4 139.8
251.7 248.4 248 247.2 244.7 243.2 243.4 242.9 242 239.9 240.3 239.5 239.5 240.5 240.8 243.1 243.3 242.9 242.3 240.8 239.8 239.3 239.8 238.5 236.7 235.8 234.4 230.8 230.7 230.4 230.7 230.3 228.1 223.7 220.5 216 210.4 206.4 199.3 194.5 190.8 186.4 181.9 178.5 171.3 153.6 148.5 146.7 149.3 147.4 147.6 148.5 147.2 146.5 145.7 146.8 149 153.9 157.9 161.4 164.9 167.5 170.6 170 167 165.5 159.9 153.7 148.8 145.3 144.2 143.9 144.3 143.9 142.7 141.9 140.7 139.8
246.8 244 243.9 240.8 241 238.3 239 238.5 236.7 233.4 234 232.8 232.8 234.3 234.8 238.5 238.9 238.3 237.1 236.7 234.5 237 237.3 234.8 234.8 231.4 232.4 231.7 230.4 231.2 233 233.2 232.3 228.6 223.7 217.9 212.8 207.2 202.1 197.4 193.7 190.1 184.7 180.9 176.1 168.5 167.2 153.4 145 145.8 144.6 145.9 144.2 143.6 142.4 142 142 146.5 153.9 158.1 161.8 162.8 163.7 162.6 161.3 160.5 154.7 150.1 147 146 146.6 145.7 143.3 142.3 141.4 141 140.2 139.3
242.7 241.5 239.4 238.1 234.5 234.3 233.6 233.5 230 226.3 227.3 227.1 227.7 228.3 229.3 232.1 231.9 232 232 229.8 225.5 229 229.9 228.5 228.3 228 227.7 227.4 228.6 231.4 234.1 235 233.6 230 225.4 217.4 211.8 208 204 198.9 197.1 195.3 191.8 184.4 180.1 174.6 168.1 165.8 163.1 157.1 142.3 141.8 142 141.5 141.4 140.9 140.2 141.3 146.9 153.7 156.7 157.9 157.9 157.1 157.1 155.4 150.5 147.7 146.6 150.7 150 148.2 146.3 144.5 144.2 143.5 142.3 138.4
238.2 236.9 234.7 235.4 230.7 228.2 228 223.7 221.9 220.9 221.3 221.7 222.9 222.7 223.5 225.8 226.4 225.7 223.9 222.6 216.5 224.2 224.8 223.7 224.3 223.8 223.4 223.1 224.8 227 229.3 230.3 228.9 225.8 222 219.6 214.7 209.8 205.9 202.8 200.7 198.3 195.6 187.7 182.1 174.1 168 165.2 161.2 158.1 153 145.7 141.9 140.3 139.2 139.7 139.1 139.1 139.3 148.7 152.1 153.4 152.8 152.4 151.4 150.6 146.7 146.9 149 150.6 150 148.6 145.4 143 142.4 141.7 141.2 140
234.6 231.8 230.5 230 226.8 224.8 222.8 220.1 218.5 216.7 217 217.4 217.9 218.2 217.3 220.3 221 220.5 217.1 216.2 213.5 214.7 216.8 214.8 216.5 217.9 219.7 218.7 218.7 220.9 222.6 223.2 222.6 222.1 220.9 219 216.7 211.6 207.7 205.3 204 201.7 196.9 188.2 180.8 174.1 169 162.5 158.4 155.5 151.4 146.7 142.8 142.4 139.5 138.8 138 138 137.5 144.3 147 148.2 147.9 148.1 147.6 147 148.4 149.7 151.4 151.5 149.9 147.3 143.8 141.4 140.8 139.8 139.2 139.4
229.7 228.8 227.8 226.6 224.6 223.1 221.5 218.9 216.6 214.5 214.1 213.6 213.7 213.9 214.9 215.6 215.9 214.4 211.2 210 209.3 207.4 207.8 207.6 208.6 208.9 211.3 213.4 213.4 213.2 215.4 216.6 216 216.6 216.6 216.2 217.6 215 210.9 209.1 207.4 203.7 196.7 188.1 181.6 175.3 168.4 163.6 157.9 150.9 145.4 141.9 140 138.6 138.2 137.7 137.9 137.4 137.1 140.8 142.4 141.7 141.9 143.4 144.3 148.6 153 153.7 153.4 153.5 150.2 146.8 144.1 142 140.7 139.6 137.5 136.7
226.1 225.9 224.9 225.2 223.7 223.6 223.2 222.2 220.6 218.4 213.8 210 207.6 210.3 210.7 210.8 210.4 208 206.9 205.4 205 204.1 201.2 200.9 200.6 200.4 203.2 205.9 206.2 208.4 209.5 211 211.8 212.5 212.1 211.2 211.9 212.1 210.2 208.1 206.7 202.6 195.8 185.8 179.6 174.8 169 164.7 157.1 150.2 145.1 141.9 139.3 137.8 136.9 136.3 137.1 136.3 135.8 136.3 136.5 135.8 136.7 139.3 142.6 147.1 152.5 152.9 152.8 154.1 150.1 146.8 144.3 141.2 138.6 137.5 135.1 134
222.8 222.4 223.7 225.1 226.1 226.7 226.9 225.4 223.9 221.2 217.3 211.8 205.3 204.9 205.1 205.3 205.3 205.2 205.2 204.5 203.8 202.6 201.1 199.3 194.4 194.7 198 200.6 202.7 204.7 205.6 206.6 207.5 208.1 207.3 206.5 206.2 204.2 202.3 201.3 200.7 199.2 194.6 188.1 178.9 173.1 168.5 162.8 154 150.2 146.5 143.2 140.3 137.3 136 135.2 135.1 135.1 134.5 135 135.7 135.7 135.8 136.5 140.9 143.2 146.8 148.5 148.5 149.2 147.7 145.1 143.3 140.8 139 136.3 134.2 132.7
219.5 219.6 221.7 224.5 226.2 227.4 228.2 226.3 224 220.2 216.6 210.8 205 200 199.9 200.4 202.2 202.7 203.5 203.6 202.4 200.9 199.4 198.7 196.9 189.7 194.7 197.9 199.8 201.7 203.3 203.8 204.6 204.8 203.5 202.3 199.7 198 197.2 197.2 196.1 194.5 191 185.9 177.6 171.9 164.1 160.7 166.6 164 154.8 146.8 142.9 138.4 135.4 135 134 134.8 134.6 133.8 135.1 134.9 134.8 135.4 140.1 141.2 141.9 142 142.3 143.7 143.8 143.2 142.7 140.5 138.5 136 134.4 131.7
214.9 216.8 219.1 220.8 222.6 223.1 223.7 222.9 221.4 218.4 214.3 208.8 203.8 198 197.6 197.9 199.3 199.6 200.3 199.4 197 196 195.6 195.3 193.6 182.3 189.8 193.2 195.3 199.2 202.6 204.2 204.7 202.6 200.4 198.8 196.3 194.2 193.4 193.5 192.1 188.2 184.6 179 174.5 168.4 174.3 172.2 171.9 168.4 157.3 150.9 145.4 139.3 134.3 134.6 133.8 134.2 133.9 133 133.9 133.7 133.6 133.4 136.2 136.4 135.8 137.2 139.3 141.2 143.2 144.8 145.2 142.4 137 134.9 133.1 131.8
210.8 214.9 215.4 216.1 217.1 217.7 218.5 217.7 217.7 215.8 212.4 207.3 202.2 199.1 195.8 196.2 196.1 196.3 196 194.6 193.1 192.2 191.6 190.4 187.2 178.8 184 187.9 192.3 197.6 202.7 203.9 201.9 199.7 196.6 192.2 190.7 190.1 189.9 189.3 187.2 184.8 180.3 177.5 178.1 180.8 184.7 183.4 179.4 173.2 165.9 156.4 148.3 142.2 140.3 136.1 133.6 132.6 133 132 132.8 132.8 132.6 132.4 131.6 132.2 132.5 134.2 136.9 140.4 146.3 148 147.3 144.2 140 136.5 133.6 132.2
202.8 207 211.3 211.6 211.6 213.1 213.2 211.7 212.1 211.5 211.6 209.3 207 203.7 199.9 194.7 191.8 192.1 191.4 190.1 189.9 188.7 187.6 185 181.2 178.7 182.7 186.6 189.7 193.8 197.9 198.4 196.7 194.3 189.3 186.8 186.8 187.4 187.7 187.5 187.3 187.6 185.5 186 186.2 188.4 189 187.9 184.7 176.7 167.2 157.8 149.4 143.7 140.1 137.7 134.7 131.9 132 131.1 131.4 131.8 131.7 131.1 131.6 132.1 132.2 133 135.9 141.2 148.5 151.2 149.2 145.6 143 140.9 136.9 133.9
196.4 200.4 204.6 205 205 206.8 201.4 205.2 206.7 207.7 209.4 212.6 210.4 207.6 204.3 200 194.7 187.8 186.6 185.6 186.6 185.8 183.7 178.9 177.2 173.6 180.9 183.2 185.7 189.3 192 193.1 192.2 187.9 182.8 178.5 187.9 189.1 189.4 189.9 191 191.5 191.5 191.8 191.9 191.8 191.9 189.6 184.8 176.8 167.7 159.2 153.4 146.9 143.3 140.4 137.9 134 131.5 130.4 130.5 130.7 130.6 131 131.2 131.2 131.2 131.4 134.7 139.9 144.7 148.6 150.4 150 144.1 136.3 133.1 129.5
189.4 196.4 199 200 199.4 198.9 198.2 200.2 201.8 203.4 205.5 210.5 212.6 209.8 205.9 201.6 197.6 192.1 187.8 184.3 180.4 179.5 177.5 179.7 179.7 176.9 173.2 179.3 180.8 184 185.9 186.6 186.1 183.9 174.9 189.7 190.7 192 192 193.4 194.6 194.8 194.9 194.5 193.8 192.5 190.4 188.1 183.6 177.4 170.3 165.3 161 155.4 150.5 146.6 143.5 140 134.7 130.4 130.3 130.1 130.1 130.3 130.3 130.4 130.4 130 129.6 130.8 134.4 139 145.9 145.8 138.8 131 129.1 128.6
182.2 187.5 193.6 195.7 194.3 193.3 193.4 194.8 195.8 198.8 201.2 207.1 211.5 211 207.7 203.3 199.1 195 190.9 187.6 183.4 181.2 180.3 181.2 180.3 179.9 167.5 172.4 175.4 177.4 177 177.7 176.8 171.5 186.2 189 190.9 192.8 193 193.7 193.7 194.1 195.4 195.2 193.6 191.4 188.7 186 182.5 177.2 172.2 166.7 162.8 158.1 152.8 148.1 144.3 139.4 135.7 130.6 130 129.5 129.4 129.5 129.5 129.5 129.6 129.3 128.9 128.6 128.1 128 130 132.7 128.5 127.7 127.9 128
172.5 183.9 187.2 188.6 188.2 188.3 187 188 190.9 193.7 196.5 201.9 205.3 207 206.5 203.8 200.7 196.5 192.4 188.7 184.3 181.7 179.4 177.5 176 175.1 169.7 166.9 167.2 167.2 167.1 164 164.7 171 182.7 185.1 187.3 189.1 190 190.7 190.2 189.8 189.9 187.3 186.6 184.1 182.5 183.3 180.5 176.1 171.6 166.7 162 158.1 154.7 149.8 144.9 140.3 137.8 130.7 129.6 129.5 128.9 129.4 129.4 129.3 129 128.7 128.3 128 128.1 128 127.5 127.7 128.5 127.3 127.3 127.6
168 177.5 178.5 179.8 179.6 180.5 179.9 180.6 184.5 187.9 190.5 194.4 198.9 201.9 202.9 201.6 200.2 198.5 195 192 188.7 185.7 183.8 181.5 181.3 178.9 178 177.4 170.4 167.9 163.5 159.6 154.5 156.7 170.3 179.4 183.1 184 186.2 188.6 186.4 186.5 184.9 180.4 176.3 173.9 172.9 174.5 172.9 169.1 166.3 161.5 156.7 152.8 150.5 147.8 144.8 142 136.6 129 128.5 127.8 128.2 128.8 128.9 128.8 128.5 128.2 127.8 127.8 127.9 127.8 127.2 126.8 127.3 126.9 126.7 127
166.5 173.1 173.4 171.8 171.7 173.4 169.6 173.2 177.6 180.9 185.7 190.1 194 195.7 196.4 197.9 200.4 203.5 205.4 205.7 204 200.3 196.6 194.3 191.1 188.3 185.7 183.4 180.9 178.3 174 166.5 158.3 149.3 151.6 159.1 166.8 169.7 176.7 177.1 176.4 177.4 179.1 176.1 172.9 169.3 165.4 164.3 163.4 160.9 157.9 153.7 150.1 147.2 146 144.6 143.1 140.8 136.3 128.6 128.4 128.3 127.5 127.3 127.4 127.9 128 127.7 127.5 127.6 127.4 126.9 126.5 126.6 126.2 126.5 126.2 126.5
155.4 160.7 163.5 159.8 159.4 161.7 159.4 166.6 170.9 174.4 181.7 182.5 189.9 191.5 192.9 195.6 202.6 204.6 206.6 207.6 207.6 206.8 205.3 201.2 197 193 189.8 187.3 183.6 180.7 176.7 168.2 159.3 153.1 146.1 146.9 151.3 155.4 158.7 162 161.6 161.8 165.9 166.3 162.7 160.8 161.1 159.3 156.2 150 146.2 145 142.7 141.7 141.5 140.8 139.3 137.1 134 128.6 127.8 127.5 127.3 126.6 126.9 127 127.2 127.2 127.1 126.9 126.7 126.2 126.2 126.1 126.1 125.6 125.7 125.9
148.8 150.7 151.9 152.7 151.7 153.2 154.4 160.1 162.6 162.9 167.1 178.2 184.2 185.3 187.9 191.6 195.3 197.4 201 204.5 206.8 206.1 204.2 201.5 198.8 195.1 190.1 186.6 182.1 176.9 171.1 167.2 161.1 154.3 151.9 145.5 141.8 142 145.3 150.3 151.2 148.9 151.9 152.2 149.3 147.6 148.1 147.3 145.5 142.9 141.2 140.3 138.6 138.5 138.5 138.4 135.4 131.2 129.2 128.1 126.8 126.4 126.6 125.7 125.8 126 126.6 126.5 126.2 126 126.1 126.5 126.3 126.1 125.9 125.6 125.7 125.4
141.7 144.9 146 147.4 145.5 146.3 150.4 151.2 154.1 153.5 157 167.6 170.3 172.2 179.3 185.2 188.6 190.2 192.3 193.7 194.1 196.2 195.9 193.2 191.9 188.1 182.8 178.1 172.7 167.8 162.8 159.8 156 152.3 150.8 148.7 141.9 137.8 138.9 138.2 138.7 139.9 141 144.1 141.5 138.5 138 138.8 139.6 137.4 136.3 136 135.1 137.7 138.4 138.4 136 133.8 126.6 126.1 125.8 125.5 126.3 124.6 125.2 125.9 126.1 125.8 125.3 125.6 125.9 125.9 125.7 125.5 125.2 124.7 125 125.3
136.8 136.6 135.9 137.4 137.7 138.6 140.7 142.8 144 146.6 149.2 154.4 156.4 159.9 166.4 172.1 176.2 178.8 182.8 181.9 180.5 181 182.1 181.2 180.5 177.8 173.6 168.7 163.6 159.5 156.1 153.4 150.6 148.4 146.4 143.6 139 136.4 135.5 134.4 134 135.4 134.9 137.5 137.6 134.9 133.9 134.1 133.7 132.9 132.7 131.6 131.2 135.3 137.6 137.3 131.2 126.6 124.8 125 125.5 125.6 123.2 125 125.2 125.4 125.6 125.1 125.1 125.3 125.5 125.3 125 124.8 124.4 123.7 124.1 124.9
134.7 134.4 133.2 132.8 133.3 133.8 133.4 133.3 136.6 139 141.2 142.6 144.8 147.3 150.7 154.5 158.2 162.1 167.4 167.5 167.9 166.5 168.4 167.9 166.2 165.6 162.9 159.4 156.6 153.8 150.7 148.4 145.7 144.5 143.1 140.5 136 134.1 133 131.6 131.8 131.9 131 129.9 130.7 129.5 130.1 130.7 129.9 130.6 130.5 129.8 130.4 135.1 130.9 127.7 125.8 124.5 123.9 124.3 123 124.7 124.8 124.9 124.8 124.9 124.9 124.8 124.8 125 125 124.7 124.4 124.1 123.8 123.6 123.5 124.5
134 133.6 133.2 132.8 133.3 133.5 132.7 132.2 132.5 132.7 131.7 131.6 132.2 134 136.4 137.8 143.8 146.1 149.6 152.7 155.4 156.1 157.1 154.3 154.7 153 151.8 151 149.2 147.8 143.6 143.8 143.1 142 140.3 136.2 133.6 133 132.8 131.1 130.5 130.1 128.9 127.7 126.9 126.6 125.8 126.9 126.9 126.4 126.2 126.2 125.1 124.6 122.8 123.5 125.5 123.7 123.3 122.5 121.6 124.3 124.4 124.7 124.6 124.6 124.5 124.5 124.6 124.5 124.6 124.5 124.2 124.3 123.8 123.5 122.7 122.8
133.7 133.5 133.1 132.8 133 132.8 132.7 132.6 132.3 131.8 131.5 131 130.7 130.4 130.3 130.3 132 135.8 138.5 140.6 142.2 143.2 145.5 145.4 145.3 143.7 143.5 143.2 142.4 141.8 139.8 139 138.9 137.8 136.1 134 130.4 130.3 130.7 129.9 129.6 128.8 127.5 127 126.2 125.8 124.8 124.8 125.9 124.4 123.9 124 123 123.1 122.9 122.6 122.7 122.4 122.6 122.2 122 122.9 123.3 123.8 124 124.6 124.9 125 123.9 123.8 123.9 124.1 125 126.4 125 123.6 122 121.7
