app/static/ascii/SJ13.asc
ncols 200
nrows 200
xllcorner 310000
yllcorner 330000
cellsize 50
[rows 0 to 34 of 200, columns 0 to 77 of 200]
543 539.6 535.7 532.6 529.8 528 526.3 524.5 523 519.6 522.1 522.3 523.9 525.3 527.5 534.1 537.1 541.7 546.2 550.6 555.9 562 574.5 583.4 591.8 597.1 602.3 605.2 605.7 605.3 602.6 601.7 598.8 597.4 596 594.2 592.5 588.3 581.2 575.7 569.5 562.2 552.6 541.5 531.2 515.3 499.1 491.4 479.8 471 463.1 452.5 440.6 433.5 431 430.4 430.4 425.3 424.4 432.7 439.1 439.1 437 430.3 424.3 422.3 420.6 420.4 420.1 420.4 427.8 440.3 452 458.3 461.9 464.2 463.2 461.5
533.7 533.1 532.8 533 531.5 530.9 528.6 526.4 524.2 522.4 522.8 524 524.6 526.8 528.5 535.4 537.5 541.2 546.1 550.4 556.2 566.9 585.2 591.7 594.3 597.6 603.3 607.3 611.3 612.2 610.6 612 610.5 607 604.4 602.7 597.4 590.9 584.8 578.2 572.1 566.1 557.3 549.1 539.2 529.7 516.4 496.3 483.8 481.3 471.8 457.2 444 437.9 439.3 438.5 437.3 436.7 438.5 437.2 444 446.7 444.3 440.6 434.4 429.9 429.1 426.9 426.1 427.8 427.6 438.7 452.7 461.2 466.3 467.8 469.6 468.3
527.9 528.4 527.1 528.3 528.6 527.5 526.4 525.5 524.1 523.3 523.7 525.3 526.6 528.2 530.3 534.2 537.3 541.5 544.9 549.6 558.8 570.9 591.1 598.8 598.9 599.8 605.3 611.1 618.8 622.2 619.9 621.1 618.7 615.8 616.1 612.6 604.7 597.6 591.6 584.9 578.2 572.2 566.1 557 547.1 537.6 527.2 510.3 494.5 483.8 476.8 462.7 460.7 458.8 456.2 446.6 447.2 451.8 457.3 454.1 455.8 457.3 456 453.8 450.6 444.8 439.3 436.8 435 436.6 438.1 449.3 460.3 470.8 472.4 473.1 474.6 473.6
518.4 518 515 518.6 521 520.8 521.8 521.8 522.4 522.7 524.2 525.2 527.2 528.5 532.3 535.1 538.2 542 545.3 550.5 560.5 572.5 592.6 603 601.3 601.4 606.7 613.5 623.8 626.1 624.9 624.7 625.6 624.2 625.6 620.1 612.5 605.8 599.3 592.2 585.9 578.7 569.7 560.9 552.5 544.5 535.1 524.9 508.9 493.8 486.8 483.7 484 479.8 477.5 468.4 460.7 468.7 471.6 472.7 471 470.9 468.2 466.5 464.8 460.7 457.6 450.4 447.5 456.1 465.5 472.7 476.4 479.6 480.2 480.7 480.6 478.7
505 505.3 504.4 504.3 505.5 512.5 516.2 520 522.1 523.1 524.2 525.4 527.7 529.2 532.1 535.4 539.1 541.5 546.7 549.5 560.3 571.4 588.7 600.3 604.7 603.2 605.1 609.7 617.5 623 626.4 625.9 627.7 628.4 627.5 624.2 618.2 612.1 605.6 599.1 592.6 584.9 574.3 566.1 559 551.8 543.6 534.5 522.9 513.7 502 496.3 497.2 494.8 493 489.5 479 483.5 486.1 486.9 484.2 484.6 482.3 479.5 476.2 472.8 469.6 467.4 467.4 472.8 481.5 487.8 489.6 489 489.5 490.4 489.8 486.6
495.8 495.5 495 493.2 492.7 497.1 504 512.8 517.8 521.6 523.8 526 528.6 530.1 531.9 535.4 539.2 543.1 546.4 550.3 557.3 568.1 578.5 589.9 597.4 602.9 603.4 605.3 610.3 616.7 620.5 623.4 626.1 627.7 625.4 622.5 617.9 614.6 609.3 600.6 593.5 585.8 578.2 574 567.1 560.4 552.9 545.1 538.1 525.6 524.1 516.9 511.6 508.1 502.3 498.9 496.6 496.4 498.3 498.1 497 496.1 494.2 492.1 488.5 485.2 482.7 481.6 483.3 489.6 497.6 500.6 500.4 499.9 500.3 499.5 498.3 494.5
484.5 483.8 483.1 484.3 487.7 489.9 492.9 499.2 507.4 517.5 522.6 525.8 529 531.4 531.9 533.5 536.9 541 544.2 548.6 552.5 558.8 568 576.7 584.6 592.5 596.8 600.8 605.1 608.7 614 617.3 624.2 626.2 625.5 622 616.8 613 607.6 600.2 594.4 587 581.9 577.4 575 568.8 561.3 555.3 550.7 544.4 536.7 531.6 526.3 520.5 515.2 511.3 508.9 508.1 508.4 507.5 506.9 506.8 505.5 501.9 500 497.6 495.8 493.8 499.5 506.8 511.8 512.3 510.6 507.8 507.9 506.8 504.2 501.3
474.4 473 474.1 474.7 477 483.6 488.5 493.1 501.4 512.5 521.6 527.7 529.3 529.8 529.8 530.8 533.6 536.9 540.6 544.6 548.1 551.8 553.9 562.3 572.8 581.3 589.5 595.1 599.2 602.6 607 610 611.9 614.8 616.5 619.7 619.6 615.3 608.6 601.6 595.5 590.3 584.2 578.8 573.6 572.1 567.8 562.8 559.4 552.6 546 540.5 535.6 530.1 525.6 520.8 518.5 517.2 517.3 516.5 515.8 515.9 516.3 513.8 511.6 509.2 508.4 507.3 511.8 518.9 522.5 521.9 519.7 517.2 515.6 514.3 512.1 506.4
462.9 464.1 465.7 467.3 469.4 473.7 481.8 490.2 499.3 512.3 521.9 526.6 529.8 528.8 528.5 528.6 531.7 535.6 538.5 541.8 543.2 545 549.9 555.1 562.3 572.1 581.2 589.2 595.1 597.4 599.5 602.1 603.2 604.1 604.3 604.7 605.3 605.2 602.6 598.6 591.3 585.6 580.4 574.5 573.8 571.6 569.1 569.3 565.3 559.8 554.9 548.1 542 538.1 534 529.5 527.8 526.7 525.9 524.8 523.3 523.5 524.6 525.8 525.2 524.3 522.8 522.4 527.3 530.1 530.8 530.3 528.5 525.9 523 521.2 518.9 513.7
451.6 451.9 452.9 454.2 458.2 466.6 476.8 486.6 499.1 512.6 521.6 525.7 527.2 526.1 525.4 525.5 527.5 530.3 531.7 534.1 535.6 540.3 543.3 546.9 553.3 558.9 568.4 577.1 585.2 590.7 593.7 595.2 595.5 595.4 594.8 594.4 592.6 591.9 590.6 588 584.6 580.3 575.5 572 571 570.1 570.8 570 568.5 563.3 558.7 554.4 548.3 544 541.9 538.8 535.8 534.4 533.4 532.2 531 531.6 532.7 535.3 536.8 537.5 538 539.1 540.9 541.3 540.8 539.4 537.4 533.3 530.3 527 524.4 520.2
442.3 441.7 442.5 447.5 452.7 458.6 472.1 482.9 496.8 509.7 518.8 521.8 521.8 521.9 521.9 523.2 528.5 531.4 530.5 531.5 532.5 534.1 537.9 540.5 544.1 550.3 557.7 564.2 575.4 584.5 587.9 588.1 588.5 589.8 588.3 586.1 584.6 583.3 581.7 579 575.8 571.4 567.9 564.8 564.6 564.6 565.9 568.7 571.2 568.2 563.4 558.3 553.4 550.1 548.1 546.3 544.6 542.3 540.5 538.9 538.4 538.8 540.5 543.9 545.6 547 549.1 549.3 549.7 549 548.2 547.5 544.7 541.3 536.9 532.5 529.3 525.6
431.2 432.4 433.5 441.5 446.6 452.1 462.4 478.5 488.9 499.6 509.8 512.6 512.7 513.1 516 517.8 521.6 525.2 526.3 527.8 530.1 531.2 532.7 535.6 539.7 545.6 551.8 556.1 562.7 574.2 580.9 584.9 584.8 583.9 582.4 580.2 577.7 575.8 572.9 569.9 567.5 564.3 561.7 559 558.8 560 561.6 566 569.2 573.8 569.6 563.6 558.9 555.4 554 552.4 550.9 549.8 547 545.8 545.1 545.7 547.7 551.4 554 555.5 556.8 557.7 557.8 557.2 555.6 552.6 551.1 548 542.7 538 533.3 529.8
424.2 421.7 431.8 436.8 442.7 449.2 459.4 473.9 485.3 491 498.8 500.5 501.2 503.6 507.8 510 512.8 515.4 517.6 519.1 521.4 523.4 527.8 531.9 536.2 539.9 545.4 550.4 554.8 564.3 570.3 574.7 578.2 580 579.4 578.7 577.9 573 568.9 565.2 561.2 557.5 555.7 554.8 555.7 556.9 558.5 560.6 563.1 567.8 569.6 568.1 563.6 559.6 557.3 556.5 555.1 555.1 553.7 552 551.5 551.8 553.4 557.2 560.7 562.4 563.1 563.9 563.4 562.7 560.8 558.1 554.6 550.9 547.2 542.9 537.8 534.5
417.7 418.2 426.8 432.5 440.1 448.3 457 466.6 475.8 482.3 488.1 492.6 495.2 496.3 500.7 504.4 508.7 512.4 514.4 517 520.3 523.2 528.7 532.5 536.5 540.3 545.8 549.8 554.1 558 563.8 569 570.8 572.1 572.8 571.5 569.3 566.3 562.4 559.6 556.3 554.1 552.6 552.3 553.8 555.4 556.9 557.5 558.3 559.8 560.6 560.4 561.6 560.7 559.6 558.1 558.8 559.4 559.8 558.8 556.7 556.7 558.2 561.1 564.5 566.4 567.4 567.2 566.9 565.3 563.4 560.9 558.3 554.9 549.8 545.1 540.9 537.4
407.1 417.9 423 428.4 437 446.3 451.8 457.7 466.1 471.4 475.6 482.3 483 488 493.4 498.3 501.8 504.3 506.4 508.5 513.4 520.5 529.5 535.5 539.6 543.2 548.1 552.4 554.5 558.1 562.6 566.5 567 567.7 567.7 565.8 563.8 560.4 555.5 550.8 549 546.6 544.8 543.6 546.6 549.5 552 553.8 554.8 555.6 555.9 556.2 556.4 557.3 557.9 559 560 561.7 563.7 564.7 563.6 562.1 562.3 563 564.2 566 567.8 567.4 566.2 565.2 563.7 561.4 557.2 553.5 549.6 545.5 541.1 537
409.3 413.7 419.9 427 434.6 443.2 448.5 454.4 458.4 460.3 464 467.1 472.4 477.6 481.7 485.7 491.6 497.3 498.8 501.4 510.8 520.2 529.6 536.6 542.1 545.1 551.3 554.8 557.1 558.7 561.6 564.8 564.6 563.8 563.3 561.6 557.9 553.1 549.6 545.7 542.5 540.1 538.1 538.1 541.7 544.4 546 548.1 550.2 551.2 551.9 552.5 553.6 554.3 555 557.5 559.6 561.9 563.5 564.8 565.7 565.1 563.8 562.7 561.7 561.5 560.9 561 561.4 561.2 560.5 559.1 557.8 555.5 552.6 548.7 542.8 536.6
403.1 408.5 416.1 424 432.2 437.8 443.2 448.4 453.1 456.4 459 461.3 466.7 471.8 473.4 473.8 477.1 482.7 485.9 497.2 510 520.9 531.2 538.3 544.3 550.9 555.8 557.4 560.2 559.8 561.7 563.4 561.5 559.5 558.8 555.9 551 546 542.4 538.2 534.4 532.6 531.1 531.7 534.2 535.2 537.7 540.4 544.1 547.4 549.7 550.4 551.5 552.4 553.1 553.6 555 558.1 563.1 564.5 565.7 565.7 564.4 562.2 559.8 557.7 556.5 555.8 555.3 554.9 554.6 553.8 552.1 551.7 548.8 545.7 540.7 537
394.5 401.3 409.6 416.2 422.5 428.3 432.4 437.2 443.6 450.2 453.9 456.7 462 465.8 466.6 467.6 471 473.1 482.9 498.9 513 523.7 534.5 541.4 548.6 554.5 561.3 564.5 565.9 565.9 562.9 562.3 560.4 558 554.9 551.1 546.8 542.1 537.4 531.8 528 525.1 523.9 524.7 527.2 529.9 531.6 534.8 537.2 542.1 547.7 549.1 549.9 550.7 550.8 550.6 551.4 552.6 555.6 559.2 561.6 562.4 561.3 559.7 557.7 555.6 553.7 551.8 550.2 548.2 547.1 545.2 543.4 541.6 540.4 537.5 534.1 530.9
389.5 392.9 400.7 408 412.7 419 423.7 427.8 433.3 438.4 442.4 446.1 452.1 457.8 460 458.5 461 470.6 485.4 501.9 515 526.8 536 543.6 551.9 558.9 564.6 569.3 570.1 568.4 566.9 564.2 561.5 558.2 554.3 548.2 542.5 535.8 530.3 525 522.4 520.6 520.7 519.5 521.7 523.3 525.8 528.7 533 536.4 540.8 544.3 547.3 549.2 549.5 549.2 549.2 549.7 548.8 549.4 550.8 552.6 554 554.9 553.5 552 550.5 547.8 545.8 544 542.3 539.7 537 534.7 531.8 529 525.4 524.8
386.6 386.3 387.6 398.5 403.7 411.4 414.7 421.3 425.3 429.9 434.6 439.1 446.9 451.8 454 448.7 462.2 472.4 489.3 507.9 520.4 533.6 542.1 549.6 555.3 563.7 570 574.9 576.6 572.5 569 567.4 563.9 559.5 555.1 548.3 542.3 536.2 530.9 525.4 521.7 519.3 517.6 515.9 517.5 519.5 521.8 525.3 528.8 533.1 537 540.1 542.2 544.5 545.9 546.7 547.5 547.5 547 546.6 546.4 545.7 545.8 545.5 545.6 546.3 546.6 544.9 543.4 541.4 539.2 536.5 533.3 530.1 527.5 524.4 522.1 522
390.7 395.5 394.8 391.4 396.5 401.8 407.4 413.6 417.4 421.6 427.9 432.8 440.4 445.4 438.2 453.4 461 474.6 491.6 508.3 523.6 536.9 546.7 556.8 564.6 571.8 578 582.4 583.6 581.5 574.4 571.9 569.9 564.1 558.5 554.9 548.4 542.1 531.7 521.2 517.8 517.5 516.2 514.9 516.2 517.3 519.4 523.2 526.5 530.4 533.6 537 539.6 541.3 543 544.1 544.5 544.6 544.6 543.8 543.5 542.1 541.6 540.4 539.1 538.2 537.2 536 534.9 533.5 531.6 529.8 527.7 525.7 522.8 521.2 517.5 516.9
397.7 401.5 399.2 396.8 395.6 396.2 400.9 408.3 411.8 416.8 422.2 427.8 432.9 437.1 439.3 452.2 461.4 472.3 490.1 506.8 523 538.5 551.2 559.8 568.2 576.2 581.5 583.7 584.1 581.3 574.3 572.7 573.5 571.1 559.2 552.3 546.9 539.3 530 522 518.1 515.3 514.8 512.5 514.1 515.3 519.3 523.2 526.1 528.8 532.3 535.2 537.9 538.9 540.5 541.5 541.6 542.2 541.7 541 540.1 538.7 537.6 537 536.2 534.4 533.3 532.1 531.5 529.5 528.2 526.8 524.8 522.6 520.1 517.1 515.1 511.3
410.1 406.8 403.8 401.9 401.1 402.2 402 401.5 404.9 414.7 418.7 422.7 423.8 430.3 441.6 449.3 461.5 475 486.8 508 526.2 542.9 554.8 563.1 573.6 581.5 583.3 582.2 581.4 578.1 573.3 571.4 569.4 565.9 558.4 551.5 545.8 536.1 525.1 518.1 513.4 507.3 506.6 507.7 510.4 514.2 517.7 523.1 525.1 529.1 531.4 535.8 537.1 538.6 539.8 540.4 540.9 541.6 540.1 539.1 537.9 536 534.4 532.6 531.3 530.5 529.3 528.8 529.1 527.6 526.6 525.3 523.4 520.4 517.2 513 509.8 508.3
416.9 413 408 406.9 405.3 405.1 406.5 408.1 408.1 410.7 413.7 418.8 427.8 432.7 439.8 449.1 458.5 475.8 490 505.7 526.3 545.8 559.5 568.4 575.4 581.1 584.2 582 577.3 572.3 568.1 565.5 564.2 557.2 547.4 539.1 531.4 520 510.8 507 506 504.6 504.3 504 507.8 511.5 517.7 523.8 528.6 530 531.1 533.1 535.9 538.2 539.5 539.9 540.3 539.8 538.8 537.4 536.4 534.3 531.6 529.5 527.8 527.7 526.5 526.5 526 525.7 524.9 523.9 521.9 519.8 516.5 512.6 510.2 506.9
421.6 419.8 414.2 411 410.1 412.2 415.5 414.1 413.4 409.5 411.7 419.7 425.7 430.1 436.6 446.6 458.5 471.6 487.7 501.4 521.5 541.8 560.9 572.3 581.4 586.6 587.9 585.6 580.3 573.9 563.6 560.7 557.3 548.6 542.5 534.4 526.2 517.3 511 507.5 506.2 504.9 502 502.1 505 510.7 516.6 523 527.4 530.2 531.1 531.2 535.1 537.9 540 540.1 539.9 539.3 537.9 536.9 533 530.1 527.8 526.8 526.2 525.1 524.1 523.8 523 523 523 522 520.4 518.6 516.5 511.9 509.5 505
434.5 425.1 422.4 416.7 416.4 417.2 421.5 420.4 418.9 416.8 418.3 423.1 421.5 430.2 435 443.3 458 469.8 485 499.4 514.7 534.9 556.2 572.6 583.4 588.9 589.6 587.7 580.5 567.6 563.1 559.3 553.1 545.1 538.3 529.6 522.3 516 506.8 503.2 502.6 502.8 501.8 499.4 501.8 508 515.3 522 526.7 529.8 531.9 534.6 537 538.4 539.8 540.6 540.7 540 538.2 536 533.6 529.9 527.8 526.9 526 524.8 524.5 523.9 522.8 521.4 519.8 518.2 518 516.2 511.4 506.1 501 496.3
442.4 437 432.1 424.7 422.7 422.9 428.8 427.7 425.8 423.3 417.5 427.9 429.8 430.1 434.5 442.7 457.4 468.2 481 491.2 511.7 528.6 548.9 566.7 580 587.1 586.2 582.6 576.2 568 563.1 558.5 551.2 542.8 534.9 526.2 519.4 506.9 500.5 500.7 498.9 498 497.4 497.2 500.3 507.4 514.2 520 524.5 527.8 530.6 535.2 539.7 540.5 541.5 541.9 542.5 541.5 541.2 539 534.2 529.4 528.5 527 525.3 524.4 523.9 523.4 522.6 521.6 519.9 518.8 517 514.9 513.4 510.8 509.3 505.8
452.9 450.4 441.6 431.9 430 432.6 436.2 435.7 430.8 426.2 425.8 430.6 433.8 435.7 436 445.9 454.7 464.5 476.1 490.2 508.4 524.7 541.8 562.4 580.1 589.4 590.2 584.1 577.4 572.2 565.8 559.3 545.9 538.1 529.4 519.3 509.6 502.1 499.2 498.6 498.1 497.7 496.9 497.7 500.6 506.6 512.2 517.5 521.5 525.6 530.7 535 539.3 542.9 544.1 545.4 545.4 544.5 540.8 537.6 533.1 530 528.7 526.7 525.3 524.1 523.1 522.8 522.5 522.8 522.4 522.2 521.9 520 518.1 515.4 511.5 507.9
461.3 459.9 450.6 442.6 441.7 442.1 442.8 439.6 434.7 430.5 431.8 435 436.6 438.9 442.3 445 452.9 461.7 473.3 487.4 501.8 521.4 537.7 554.3 572.1 585.3 586.5 582 577.9 573.1 565.2 556.5 542.1 529.7 524.3 513.8 506.9 503.8 500.2 497.9 497.4 495.5 496 498.2 501.3 504.3 508.8 513.7 518.1 523 528 533.4 537.7 542.2 545.7 547.7 547.8 545.8 541.4 539.3 535.4 531.8 528.5 526.6 524.7 522.4 521.3 521.9 522.5 523.1 524.3 524.3 524.5 523.9 521.3 519.6 516.2 510.6
469.8 468.1 457.8 454 455.8 454.9 451.1 444.1 438.2 431.9 435.1 438.2 440.5 446.2 449.5 453.2 455.3 459.3 471.3 488.2 502.3 516.8 534.6 550 565.4 576.3 577.9 573.8 566.2 561.7 556.9 550.5 537.5 524.9 518.7 511.2 506.2 501.6 498.7 497.6 495 495.7 498 500.4 502.4 501.5 505.5 509.9 513.7 518.3 522.6 527.9 533.3 539.8 543.3 547.7 548.4 546.9 543.6 540.3 537 529.3 522.9 521.1 518.3 516.8 517.6 519 521.5 524.2 525.6 526.7 527.2 526.7 525.7 523.1 520.1 514.9
476.4 472 466.9 465.6 465.4 459.6 452.4 445.9 440.5 438.2 441.3 442.1 445.6 449.9 453.7 457.4 460.7 463.4 471.9 487.8 502.2 515 532 547.3 563.5 570.3 570.8 566 559 550.4 541 531.6 524.2 517.4 510.7 504.7 499.8 495.9 495.1 493.5 490.6 492.8 494.9 497.7 498.5 498.8 501.9 507.2 510.9 515.4 520.3 524.9 532.4 538.1 542.9 546.4 548 547.5 543.4 539.5 534 525.1 520.3 517.6 514.4 513.4 514.9 516.9 520.5 524.8 527.7 530.5 531.7 530.3 529.4 526.8 522.8 517.4
481.2 477.3 476 473.4 469.3 462.2 454.6 448.4 440 445.9 446.5 449.2 451.2 453.8 456.4 461.1 462.7 468.1 476.8 487 499.7 513.1 528.6 545.7 558.9 568.1 569.7 566.4 557.3 549.4 542.3 533.8 524.1 516.5 508.8 502.3 498.4 494.7 493.2 491.5 486 490.3 491.6 493.5 494.8 497 500.3 503.9 509.3 514.1 519.2 524.3 529.7 536.9 541.5 544.5 545.4 544.5 538.8 534.4 527.5 521 517.8 514.9 510.4 509.8 512 514.6 519.3 524.5 528.8 532.3 534.3 535.7 533.5 529.9 525.6 519.4
485.8 486.7 484.3 479.5 472 463.9 457.5 451.8 447.1 451.2 451.6 453.8 457.2 459.7 460.7 464 467.4 473.1 482.8 495.7 508.2 520.5 531.5 546.3 556.2 565.9 567.4 563.8 557.2 549.5 539.2 528.2 519.7 511.6 503.6 499.3 495 492.6 489.2 488.2 484 488.6 489.9 490.7 492.5 495.2 498.4 501.8 508 512.3 517.8 524.8 530.9 536.5 540.5 542.2 542.3 539.4 534.1 529.9 524.3 519.4 514.8 509.1 506.1 505.6 507.7 511.2 516.3 522.9 527.3 532.4 536.7 537.6 536.4 533.8 529.7 524.2
492.3 490.8 487.2 481 474.1 466.6 460.9 454.6 455.8 457.4 456.7 459.3 463.1 467.7 468.1 468.6 472.9 480.5 494.4 509.4 516.9 529.5 538.8 549.9 558.4 563.9 567.1 564.6 559.9 551.7 543.7 530.6 524.2 513.9 505.4 499.4 492.2 488.7 486.1 484.6 480.2 485.9 486.6 488.3 490.2 493.5 496.7 500.5 505.9 510.4 517.5 525.1 532 537.2 539.5 540.6 539.8 536.1 532.3 524.8 517.6 509.9 506.6 502 501.1 500.6 504.4 509 513.7 519.2 526.5 531.9 535.4 537 536.6 534.2 530.3 525.3
496.9 491.5 488.2 482.8 477 471.9 466 459.5 462.6 462.9 465.4 470.8 475.2 481.1 481.2 475.8 480.7 490.5 505.9 520 526.9 539.5 546.2 554.5 559.6 562.4 563.2 560.9 556.3 550.3 543.2 535.5 529 519.7 511.4 505.4 496.1 489 484.9 482.6 479.2 481.5 484 486.8 487.8 491 493.1 497.1 501.5 507.8 517.1 524.4 531.1 535.8 538 537.5 534.1 527.8 522.3 518.5 509.8 505.2 501.3 497.7 494.2 496.3 501.2 506.8 513.4 518.5 524.8 531.4 536.3 537.7 537.4 535.3 531 526.1
