app/static/ascii/SJ15.asc
ncols 200
nrows 200
xllcorner 310000
yllcorner 350000
cellsize 50
[rows 108 to 143 of 200, columns 0 to 79 of 200]
244 243.9 244.5 244.3 242.5 238.6 234.9 230.8 226.6 226.4 224.4 222.3 220.5 220 219 218.8 219.2 214 203.8 193 176.8 164.4 160.3 152.1 128 116.7 112.7 112.2 105.3 101 97.9 94.1 92.5 90.8 89.6 89.5 89.1 88.5 86.2 86.8 94.1 111.2 126.1 132.4 151.9 155 151.2 148.3 144.9 140.7 134.6 127.5 115.7 105.5 93.6 80 77.5 76.7 76.2 76.7 77.1 77.4 77.8 77.9 78 79.8 84 91.3 97.4 96.3 95.6 97.5 96.1 93.6 94 89.5 86.3 84.9 84.5 84.4
244.5 245.4 246.8 247.3 245.9 243.2 238.9 233.1 230.6 229.1 226.2 224 225.3 225.3 225.4 226.9 223.1 214.8 206 190.7 178.6 169.8 164.9 158 131.3 118 107.3 107 102 98.5 95.2 93.1 91.5 90.5 90.2 89.8 87.4 87.3 87.7 92.9 102.6 117.7 138.4 147.4 164.5 160.7 157.1 149.8 144.8 141.1 135.8 128.6 119.2 104.1 92.4 83.4 82.7 80.5 78 76.5 77.5 78.1 78.2 78.1 78.5 79.1 80 83 94.3 95.4 96.8 98.1 95.5 97.3 98.7 93.7 88.2 87.3 87 85.3
244.5 245.2 246.7 247.4 247.5 245.6 241.1 233.7 235.1 232.7 229.7 228.5 229.5 229.7 231.2 232.7 224.1 214 204.4 193.4 180.7 172.1 164.5 154.9 134.4 113.5 107.5 104 99.6 96.9 94.6 91.8 90 89.6 89.2 88.7 88.1 87.4 87.4 99.3 107.5 127.3 146 162 167.3 163.6 161.4 152.8 147.5 143.7 138.5 129.4 118.9 105.1 91.3 83.7 84 86.6 83.8 79.2 77.5 78.3 78.7 78.5 78.7 79 79.5 79.5 85.9 93.2 96.9 97.6 97.4 102.1 103.4 98.3 91.5 89.6 89.6 87.6
243.9 244.5 244.9 244.8 245.2 243.3 239.3 237.3 237.8 235.7 233.5 232.5 232.5 231.7 233.2 234.4 224.2 215.1 203.9 193.5 183.6 173.5 161.8 151.4 130.8 122.1 116.3 104.2 98.9 94.4 92.8 90.5 88.8 88.6 87.7 88.3 89 89 96.7 103.4 111.3 140 151.4 165.9 172.8 166.7 163.6 156.8 150.4 145.7 138.8 130.4 119.4 107.5 91.6 85.7 85.7 91.3 89.1 87.4 83.1 77.3 77.9 78.9 79.3 79.5 79.6 79.5 81.9 90.1 95.7 98.6 101 106.7 106.8 101.9 96.2 93 91.4 89.4
243.8 243.3 243 242.5 241.9 239.7 238.2 239 239.5 237.4 235.2 233.1 231.2 230.6 231 232.8 224.1 212.7 204.8 193.2 183.1 173.6 161 151 143.4 126.5 113.7 102 97.3 90.4 90 94.3 94.9 94.4 93.3 93.6 94.1 95.4 99.9 109 118.5 147.3 158 173.3 176.1 170.6 166.2 157.4 151.9 146.2 139.4 128.2 118.5 105.9 93.3 88.2 87.3 91.7 91.4 91 87.1 79.8 79.4 79.7 79.8 79.9 79.8 80 80.3 86 96 100.7 105 109.7 109.7 104 98.8 94.6 92.5 90.2
244.6 242.5 240.6 239.9 238.8 238 237.8 238.6 238.8 236.2 233.6 230.9 228 225.9 224.6 224.9 219.4 209.7 202.1 191.9 186.2 176.5 157 157 150.7 128.7 112.9 100.5 94.7 91.8 95.2 97 95.4 94.2 95.2 95.2 95.9 98.7 104 111.8 121.5 150.6 169.2 176.7 176.8 172.2 167.4 158.8 150.4 146.2 138.2 127.3 117.5 107.1 94 90.3 89.2 94.8 94.3 91.9 89.8 82.6 81.8 80.4 80.3 80.1 80 80.1 81.1 84.9 95.5 101.9 106.6 111.5 110.2 104.8 98.5 94.9 92.5 91.7
245.4 243.2 241.6 239.3 237.3 235.5 235.7 237.8 236.3 233.5 230.8 227.2 223.8 219.4 216.9 216.9 215 199.2 198.6 190.9 181.7 172.8 168.7 163.5 159.2 132.4 105.9 97.5 92 97.8 104.3 99.7 96.2 94 97.2 97.4 98.8 100 106.5 115.6 127.2 155.8 175.1 180.7 177.8 174.9 167 155.5 145.4 141.5 135.7 129.9 118.9 107.1 95.5 93.7 92.3 97 96.1 92.8 90.4 81.7 83 81.1 80.5 80.2 80.4 81 81.4 84.5 94.6 101.6 108 111.3 108.5 102.8 97 93.8 91.7 92.4
247.5 245.1 242.6 240.4 237.6 236.9 237.3 233.8 231.6 228.9 225.6 222.7 224.6 222.8 219.4 219 214.1 209.3 203.9 192.3 181.3 179.6 160.8 155 148.5 133.2 103.5 96.5 92.8 95.7 100.3 97.7 96.4 99 100.8 100.9 101.4 102.5 108.8 122.4 139.2 158.5 175.8 177.2 174.5 168.4 162.7 155.3 149.8 144.1 138.7 130 120 109.3 98.7 96.4 95.5 96.9 96.7 94.2 90.1 81.7 82.7 80.9 81.2 81.4 81.5 81.5 81.4 84.3 92.9 99.7 105.7 109 104.6 100 95.6 92.6 91.5 92.8
249.4 246.5 244 241.4 239.5 239.4 239.1 237.6 234 230.3 229.2 229.2 227.8 225.7 223.9 222.2 217.8 212.1 205.1 192.2 179.5 169.5 147.8 136.4 132.4 120 99 96.4 92.9 93.7 95.9 96.5 94.6 98.6 104.6 103.8 104.5 106.9 114.5 125.2 134.5 165.4 179.9 176.6 175 167.2 160.5 155.4 150.2 145.3 138.8 129.9 120 111.9 99.7 96.9 95.8 96.8 98 94.9 90.8 82.3 82.9 82 81.9 81.9 82 81.7 82 84.4 90.4 96.8 102.8 104.5 100.3 97.3 93.3 92.1 92.3 93.3
251.5 249.2 246.7 243.4 242.4 241.9 240.9 239.3 236.5 234.5 234.5 234.4 231.8 228.9 226 223.9 219.7 214.2 207.3 194.5 177.3 161.9 143.8 131.2 118.1 106 99.9 95.7 92.9 92.4 95 96.1 93.4 95.8 111 108.6 111.2 114 122.6 120.3 150 178.1 178.9 182.8 177 170.2 160.1 154.5 149.5 142.7 138.4 131.1 123.2 114 103.3 97.6 97.6 96.7 94.3 93.5 86.9 82 85.5 82.6 82.4 82.5 82.6 82.2 82.5 83.2 87.8 93.3 100.7 100.4 97.8 95.8 93.3 92 91.3 93.7
253.7 251.8 248.9 245.7 244.8 243.9 243.4 242.3 240.3 240.1 240.1 239.3 236.2 232.2 228.5 224.5 219.6 213.7 207.1 193 176.9 157 140.8 128.7 113.6 103.9 98.9 95.6 92.6 92.9 94.6 97.1 95.6 98.7 104 100.8 113.7 120.7 130.8 135 156.7 178 184.6 186.1 178.5 169.3 161.5 154.4 150.1 147.3 142.4 134.5 126.8 117.6 105.5 99.3 97.4 97.5 92.1 89.5 87 82.3 86.3 85.9 82.9 83.1 83.2 83.1 83 83 84.3 89.4 95 96.4 96.2 95.4 93 92.2 93.5 95.9
255.3 253.2 250.4 247.5 245.6 245.4 246.1 245.8 245.3 246.1 246.4 244.2 241 234.8 229.9 225.3 219 211.6 203.8 193.1 172.2 151.5 135 122 109.7 102.5 98.7 95.6 92.8 93.4 94.9 95 93.7 93.6 96.2 95.6 99.9 120.1 135.2 139.3 159 184.9 188.1 187.1 180 172.4 162.6 155 150.8 148.7 143.8 136.1 128.1 120.6 109.4 102.5 97.7 95.5 92 90.8 88.1 83.4 85.6 88.4 83.6 83.6 83.5 83.5 83.6 83.7 83.7 85.7 90.3 92.8 95.5 95.2 93.6 93.5 95.6 98.2
256.4 254.7 252 248.7 246.8 246.5 246.6 247.1 248.1 249 250.5 247.6 242.3 235.4 231 225 215.5 208.6 200.5 187.6 169.9 148.3 129.9 117 107.7 102.8 98.5 95.5 93 93.3 94.4 94.8 96.2 95.5 94.4 96.4 109 116.8 129.2 139.9 160.7 186.7 188.9 189.2 181.6 172.9 164.1 155.6 151.8 150.2 145 137.9 130.3 121 112.1 103.9 97 94.3 93.5 92.2 88.7 82.6 84.9 90.1 85.6 84.2 84.8 84.2 84.2 84.2 83.9 83.5 88 92.2 95.9 95.9 94.5 95.5 97.8 100.6
257 254.8 252.7 248.8 246.1 245.3 245.6 245.4 243.3 247.3 249.1 244.9 241.2 232.7 228.6 221.7 207.4 198.9 189.2 176 165.5 149.1 132 116.7 105.5 101.3 98.1 95.1 93.4 93.3 94.2 94.7 96.2 98.4 98.9 101.9 110.7 115.6 124.2 139.9 164.2 190.8 191.1 190.9 183.9 175.3 165.3 157.2 153.5 151.5 146.2 139.4 131.4 121.6 112.5 105.3 98.3 95.5 94.7 95.6 89.4 83.7 85.2 90.9 88.6 84 85.4 85.1 84.7 84.4 84.1 83.5 87.8 93.1 96.8 96.5 95.5 97 100.2 102.6
256.4 254.3 252.4 247.5 243.1 243.4 243.4 241.9 238.7 238 242.8 238.4 234 223.1 217.2 206.8 196.7 188.7 179.4 168.8 160.6 146.3 132.1 118.3 105.1 100.6 97 94.6 93.9 93.4 94.9 96 97.8 101 103 106.3 111.5 116.8 127.1 145 169.7 192.7 195 191.4 186.2 177.9 165 158.9 155.7 152.1 147.4 140.3 131.8 123 110.5 104.3 100.1 97 95.8 96.5 90.5 84 85.7 91.4 91.1 85.3 85.6 85.5 85.2 84.9 84.6 84.4 87.7 93.3 97.7 97.6 96.4 99 102.1 104.7
253.5 250.8 248.5 244.4 239.5 242.9 240.9 237.8 234.7 232.3 230 222.5 219.6 212.9 205.6 197.3 189.4 180.9 170.2 163.2 156.2 144.5 132.3 115.7 105.4 100.3 95.9 94.5 93.9 94.3 94.3 97.3 100.7 104.7 107.2 110.5 114.7 120.3 128.6 151.8 176.1 195.2 196.3 192.8 188.8 179.8 166.5 159.4 156.6 154.9 149 141.2 132.5 123.4 111 104 101.1 100.1 98.4 95.7 91.3 84.8 87.1 93.6 91.6 87.4 85.6 85.8 85.4 85.4 84.9 85.3 88.1 94.5 99 99.3 98.2 100.8 103.8 106.6
249.1 246.5 243.5 239.6 237.2 238.5 236 233.8 233.6 229.7 225 216.5 212.8 206.1 197.4 188.3 180.7 171.4 165.9 161 152.7 140.4 127.7 115.2 105 100.3 95.6 94.5 94.4 94.3 93.9 98.6 104.1 109.8 115.2 118.7 122.1 128.4 134.7 161.6 185.1 197.1 198.1 194.5 190.9 180.9 166.2 159.2 157.1 155 148.4 140.3 132.9 126.9 111.5 104.4 102.2 102.1 101 96.4 92.9 86 89 93.6 92.1 87.9 85.9 86 85.9 85.8 85.7 85.8 89.1 96.3 101 101.5 101.2 102.6 105.4 108.1
244.2 240.2 237.1 235.2 231.8 231.4 231 227 228.3 223.4 214.9 209.7 206.3 199 189.5 180 170.9 167.1 166 162.5 152.3 140.4 125.2 111.9 104.6 100.7 95.8 94.6 94.9 95.2 95.7 99.7 106.4 112.3 118.6 123.8 128.7 134.9 142 168.1 186.6 196.1 199.4 194 190.1 180.6 165.1 159.1 156.7 153.4 147.1 138.1 129.6 121.7 111.2 104.7 102.9 104.1 102.8 96.9 92.6 85.7 90.3 96.4 92.2 88.4 86.4 86.8 86.7 86.4 86 86.5 90.8 98.7 103.6 104 103.7 104.7 107 110.5
240.3 237 233.9 231.2 225.2 225.8 225.8 219.7 215.8 214.7 211 207.7 203.4 195.5 184.7 177.5 170.6 167.3 165.4 156.5 153.7 135.1 119.3 111.2 105.8 100.8 96.2 95.3 95.1 94.9 96.6 100.2 105 110.4 117.1 124.5 131 139 148.9 170 187.1 193.7 197.2 191.6 187.8 176.5 164.2 157.5 154.7 150.2 143.8 136 126 115.4 109.3 104.7 103.7 105.6 102.8 97.2 94.4 86.4 90.4 98.1 91.6 87.5 87.1 87.1 87.2 86.8 86.6 87.3 92.4 99 104.5 106.4 106 106.5 108.6 111.5
237.6 234.8 230.8 226.8 222.6 217.2 215 211.2 208.3 208.1 205.7 205.9 199.7 193.6 184.8 177.3 175.5 169.8 163.4 158 153.4 133.6 119 111.1 104.8 99.9 95.5 95.6 95.5 95.3 95.9 99.5 103.3 109.5 115.1 122.6 131.4 142 155.4 169.7 185.8 191.8 193.2 191.4 180.8 169.4 160.7 155.9 152 146.4 139.4 132.2 123.4 111.2 106.5 103.6 103.7 102.8 100.8 97.9 94.5 87.5 97 99.5 92.6 87.6 87.5 87.1 87.7 87.4 87.4 88.2 93.3 99.4 105.3 107.6 107.6 108.4 110.3 113.3
235.2 231.6 228.2 221.6 218.8 214.6 209.3 205.7 202.9 202 202.1 200.6 195.5 189.5 183.3 178.3 173 170.4 165.4 160.3 150.1 131.5 119.4 109.9 103.7 97.8 95.7 96 95.9 95.4 96.1 99.1 103.1 109 114.2 121 131.4 144.3 158.6 174.1 186.3 189.7 187.5 188.1 178.7 168.7 159.5 152.9 148.5 142.7 136 129.4 121.3 109.4 104.4 103.1 105.3 109.1 104.6 100.4 94.9 89.3 104.3 100 93 87.1 88.3 87.6 88.2 88.2 88.2 89.1 94.4 101 107 108.5 108.8 109.8 111.9 114.9
234.5 231.9 227.5 222.9 217.1 212.3 205.7 201.3 200.2 198.6 199.6 198.1 192.9 188.7 185.3 178.7 176.8 171.5 166.1 161.7 148.1 130.5 120.8 108.6 103.2 97.7 96.1 96.4 96 95.4 95.7 99.3 102.8 107.4 114.4 122.8 136 147 161.1 175.8 185.1 188.4 185.4 178.1 175.4 166.2 156.5 149 144.4 138.7 134.2 127.5 117.7 108.6 103.4 101.6 102.8 107.5 106.8 102.5 94.5 90.5 104.9 99.8 92.1 89.7 89.4 88.6 88.9 89 89 90.2 95.6 101.8 106.7 109 110.1 111 113.3 116.1
234.9 230.6 226.3 222.4 215.8 210.9 205.3 200 196.7 196.5 198.1 196.7 191.5 187.5 183.9 179.9 175.2 170.6 166.5 159.3 147.2 135.6 122.8 109.1 102.7 97.9 96.8 96.6 96.6 96.2 96.6 99.1 102.7 107.7 114.9 128.7 138.9 151.5 163.7 175.6 186.5 186.7 186 180.6 168.4 161.3 153.6 145.4 139.8 133.5 129.1 125.1 117.6 106.3 101.9 100.2 100.4 103.1 101.9 98 92.1 93.3 105.2 99.5 92.6 88.8 90 89.5 89.6 89.8 89.9 93.2 99.7 105.1 108 110.4 111.5 112.4 114.5 116.7
233.2 229.2 225.6 221.2 216.5 211.2 203.7 197.9 193.8 191.5 194.1 194 191.7 188.9 185.7 178.9 175.1 170.7 166 155.3 147.7 137.8 122.2 108.2 102.3 97.8 97 96.9 96.2 95.7 96.6 99 103.1 108.5 115.9 131 141.6 152.6 166.1 179.4 186.9 184.9 185.6 179.7 168.4 160.2 151.8 143.2 137.9 140 135.4 127.4 117.2 104.2 100.3 99.2 98.7 100.3 98.3 94.3 94.2 98.4 106.9 100.6 92.6 90.1 90.4 90 90.2 90.4 89.8 93.5 102.6 107.6 110.6 111.8 112.5 113.2 115.3 117.1
231.5 228.4 224.8 220.2 216 208 202.8 196.4 191.2 189.4 190.7 190.7 192.1 189.6 184.5 178.5 175.1 171.6 164.1 155.3 151.1 138 119.6 108.8 102.5 98.3 97.2 97.1 96.5 96.3 97.2 99.6 103.3 112.1 121.2 131.6 142 152 164.9 177.8 187.2 184.5 183.8 178.1 166.7 158.1 150.4 143 139.9 143.2 136.4 128 117.2 104 101.2 99.2 98.4 99.1 97.4 93.2 96.5 98 109.1 101.9 95.6 90.8 90.9 90.7 90.9 91.1 91.4 95.3 100.7 107.9 112 113.4 112.8 113.2 115.8 116.8
230.8 227.9 223.7 217.9 212.7 208 202.2 195.5 190.5 189 188 188 185.8 184.9 180.8 175.8 173.5 170 160.6 155.7 153.6 137.1 118.3 107.9 102.6 99.8 97.9 97.5 96.5 97.7 97.5 99.6 104.4 113.7 123.6 132.2 143.2 155.3 169 180.1 188.2 184.7 184 174.8 167 159.5 149 143.3 146.7 144.4 137.3 129.2 117.6 105.3 101.7 99.2 98.3 98.6 96.5 94 96.6 98.5 110.4 103 93.2 91.3 91.7 91.9 92 91.7 91.7 95.4 100.4 107.9 111.6 113.6 113 112.5 115.5 116
229.9 225.9 220.9 214.9 212 207.7 199.8 192.8 193 194.5 193.4 190.6 186 180.2 168.1 167.6 170.6 167.2 157.1 154.5 154.8 136 119.6 108.9 103.7 101.2 98.9 97.4 96.8 98.3 97.8 100 106 115.9 124.4 133.8 143.6 156.5 169.2 180 190.6 185.2 179 174.4 169.1 159.8 149.2 145.6 150.4 145.8 138.2 130.1 115.5 106.7 103.6 99.7 98.2 97.2 96.1 94.8 97.5 98.4 112.2 104.7 95.7 91.1 92.4 92.8 92.9 93.1 92.5 95.9 101.4 107.1 111 113.1 112.7 111.8 114.3 114.7
220.6 216 213.3 213 208.6 205.9 196.1 193.6 198.6 199.9 197.6 195.3 191.5 185.7 176.8 167.2 161.5 160.8 154.4 152.9 149.4 134.6 116 108.3 104.6 102.2 99.6 96.6 97.2 98.1 97.9 100.2 111 117.3 126.2 136.1 143.5 157.6 170.9 182.3 191.5 186.1 177.6 173.2 168 159.6 150.5 148.7 152.5 147 139.6 131.1 114.5 108.7 109.6 100.7 98.4 98.9 98.5 96.1 97.3 99.5 113.4 106.2 97.5 91.7 93 93.6 94.4 94.4 94 96.3 101.4 107.2 111.4 111.4 111.8 111.2 112.3 113.4
214.6 209.1 205.7 205.4 201.4 198.6 196.5 202.7 204.4 204.2 201.6 197 189.7 181.6 172.1 164.2 159.6 156.3 152.3 147.8 138.4 135.7 124.9 109.6 103.3 101.9 99.6 97 98 98.5 98.3 99.1 106 114.9 126 136.4 146.6 157.1 168.6 180 189.8 186.2 176 171.6 165.1 157 150.3 150.8 153.6 148.1 140.4 131.7 115.5 110.9 111.2 102.1 98.9 98.7 99.1 95.2 96.6 103.2 115.2 107 98.8 92 93.2 94.3 96.1 95.8 95.5 97.4 101.3 105.4 109.5 110.1 110.8 109.3 111.1 111.6
207.5 202.7 200.8 199.6 198.6 196.5 202.1 208 209.2 205.5 198 191 184.8 175.9 166.7 160.5 157.2 151.4 147 153.2 148.2 138.4 125.6 112.2 103.2 100.9 98.6 99.5 99.1 98.6 98.9 99.1 103.2 115 129.6 139.7 150.9 166.9 173.4 177.6 185.5 182.7 174.6 170.5 163.5 155.8 150.4 152.8 154.2 148.4 140.1 129.6 117.7 113 109.7 103.3 99.6 99 99 95.5 96.6 109.3 115 107.3 98.3 93.8 93.2 95.2 98.2 97.8 97 98.2 101.5 104.3 107.2 108.9 109.3 110.6 111.7 110.8
203.9 200.7 199.8 198.4 196.5 200.7 208.5 210.9 208 201.5 193.3 186.6 180.9 171.6 161.5 157.5 154.9 152.4 153.1 154.6 149.7 141.5 127.9 113 102.9 99.6 98.2 99.3 98.9 99.3 98.8 99.5 104 114.2 128.9 140.1 150.7 163.9 176.1 175.8 182.8 178.8 172.3 166.8 161 155.1 151.2 153.1 156.1 148.4 141.6 129.7 121.1 116 111 104.5 100.2 98.9 98.5 95.8 96.8 121.2 114.8 107.7 98.1 94.7 93 96.4 99 98.9 99.4 100.8 102.8 105.2 108.5 110 110.8 112.1 112.3 111.1
201.2 199.8 199.6 197.7 197.3 204.4 210.2 207.9 202.3 195.4 188 182.2 175.8 163 156.8 154.6 153 154.4 156.8 155.1 152.6 144.3 130.8 112.5 102.6 99.6 97.8 99 99.6 99.4 99.4 100.6 108.5 116.6 125.2 137.1 147.5 160.9 173.2 172.5 180 176.1 169.3 163.9 158.9 153.7 151.7 156.3 156.7 151 143.7 125 122.5 116.8 112 104.7 100.7 99.4 98.1 95.8 96.7 120.4 114.8 106.3 98.1 95.4 94 96.3 100.5 100.9 102.2 103.3 104.9 107.1 110.2 111.5 112.4 113.4 113.1 111
197 197.8 198.3 195.3 198.4 206 205.6 200.5 195.3 190.3 182.9 174.6 170 159.3 155.5 154.1 154.6 157.1 158.9 156.4 151.4 143.8 130.5 112.6 101.8 99.7 99.8 98.6 99.9 99.9 100 101.2 108.5 116.9 124.7 135.5 143.6 152.7 167.5 170.1 174.1 173.9 167.6 161.8 157.2 153.6 152.5 155.5 156.5 153 141.2 123.8 121 115.6 112.6 105.5 101.5 100.3 99.6 96.2 97.6 119.9 114.1 106.1 98.5 96.2 96.2 96.3 99.7 101.8 103.2 106.1 108.4 110.6 112 112.7 113.1 115.3 113.6 110.3
195.8 193.6 191.9 193.8 199.3 201.3 198.3 194.4 190.2 183.8 176.3 170 164.1 158.9 156.2 154.9 156.4 160.1 160.7 154.6 145.9 139 127.7 107 100.7 100.1 100.2 98.9 100.4 100.3 100.3 101.7 106.6 114.1 124.9 134.5 141.4 148.4 161.7 169.1 175.5 173 166.8 161.6 157.2 155.3 153.1 156.2 155.7 150.2 137.8 122.6 119.4 115.5 113.1 104.9 102.1 101.1 100.4 96.4 98.5 120.3 114.4 106.1 98.9 97 96.5 97.2 98.7 101 104.3 107.9 111.5 114.2 115.1 113.9 115.2 117.4 113.4 111.3
202.8 196.9 191 191.8 196.8 194.9 191.6 186.2 182.5 177.5 172.7 168.5 162.3 160.1 158.7 155.9 158.5 161.5 160.5 152.3 141.7 129.5 115.4 105.6 102 100.5 100.6 99.5 100.8 100.6 100.4 102 105.9 111.3 124.7 134.2 140.6 147.2 157.1 169.9 175.5 172.6 167.5 162.3 157.7 157.4 155.8 157.3 154.8 148.8 134 122.4 118.5 115.4 112.5 105.3 102.6 101.5 100.8 96.7 97.9 119.7 114.9 106.7 100 97.6 96.4 97.7 99.1 101.1 105.6 110.3 113.5 116.6 117.5 116 117.7 119.1 113.4 110.5
200.8 194.3 191.5 186.8 193.9 191.3 189.3 184.2 180.4 177 171.3 166.3 161.7 162.8 160.2 157.4 159.2 161.9 159.2 150.2 137.9 124.3 113.6 107 101.6 101 101 100.7 100.7 100.8 100.5 101.4 105.6 113.6 125.1 133.8 140.9 147.7 157.5 170.7 175.2 173.1 168.4 162.1 158.6 158.4 159.1 154.7 153.1 145.6 131.5 122.6 118.1 115.4 112.6 108 103 101.6 100.2 97.1 98 119.6 114.9 107.8 102 99.1 96.5 98.4 99.4 102.4 107.9 112.1 115 118.1 118.3 117.3 119.2 118.2 113 111.3
