app/static/ascii/SJ16.asc
ncols 200
nrows 200
xllcorner 310000
yllcorner 360000
cellsize 50
[rows 35 to 69 of 200, columns 80 to 159 of 200]
229.1 230.2 240.1 240.8 240.6 238.1 232.4 221.8 213.3 205.4 197 200.4 206.1 207.7 211.6 216.9 222.1 228.2 234.8 256.2 269.1 276.6 279.4 281 281.8 282.5 284.4 282.7 280.9 281 281.6 282.4 283.7 282.8 280.1 277.9 275.2 272.8 269.4 265.5 261.1 257.1 252.1 246.5 238.9 226.9 222.5 213.1 206 201.5 196.2 192.2 188.1 181.2 174 170 164.4 163 158.4 156.2 154.5 152.9 151.1 160 179.3 173.7 174.3 170.9 171 171 170.7 175.1 188.3 186.4 187.4 188.9 188.6 186.7 187.8 189.7
228.7 243.5 248.8 247.9 245.4 241.4 235.3 224.3 213 205.9 200.7 199.8 205.3 210.3 218.3 223.9 228.3 234.8 239.2 253.7 273.3 282.5 286.8 286.9 287.7 288.3 288.9 288.2 289.5 291.1 290.4 290.4 290.4 289.2 285.6 282.8 280.3 276.9 273.1 268.8 265 260.1 255 249.7 241.9 233.5 223.7 215.3 208.9 204.4 198.2 193.5 187.6 181.2 174.6 170 166.9 164.9 159.8 157.8 155.8 154 152.3 153.7 163.2 180.2 175.8 179.2 177.4 170 169.5 172.4 187.1 187.3 187 186 179.8 181.7 185.6 187.7
241.1 252.3 254.4 254 250 243.3 236.2 226.2 211.9 205.6 200.9 202.1 208.3 214.7 226 234.2 239.8 243.4 246.5 254.7 273.2 286.5 291.1 292.1 293.5 293.6 293.8 294.4 295.9 298.6 298.9 297.6 297.4 294.9 291.4 288.2 284.1 279.9 275.4 271.3 266.7 262.3 257.3 251.5 244.6 235.6 224.6 217.2 211.4 205.7 198.1 194.1 186.1 180.5 173.4 169.2 164.8 162.4 160.5 158.2 156.1 154.4 153.1 152.2 160.9 159.1 166.1 183.5 184 168.8 168.7 169.2 180.9 174.2 175.3 176.4 177.7 178.8 181.1 184.4
252.8 258.6 259.6 258.3 251.8 243.3 235.7 222.6 211 204.5 201.2 206.9 212.1 220.6 233.1 242.2 250 251.5 252.9 260.6 273.3 284.4 293.1 295.6 296.8 298.7 300.2 300.9 302.2 304.9 305.8 306.1 305.3 301.1 297.1 292.9 287.3 282.1 277.4 272.6 266.9 261.6 256.2 250.1 242.7 234.3 226.2 217.7 212.1 206 198.8 193.8 186.8 179.2 173.1 168.5 165.8 163.3 161 158.3 156.5 155.2 154.2 153.4 154.8 160.1 166.5 182.8 183.3 170.8 168.5 170.4 171.4 172.5 172.9 174.4 174.8 176.3 176.7 178.4
260.1 262.5 261 256.9 249.5 241.8 234.1 220.8 209.4 204.7 205.6 209.3 216.1 225.4 240.1 250.3 258.3 264.1 262.2 265.3 279.3 287.5 293.1 297.5 299.5 303.5 305.8 307.3 308.9 312.6 314.8 315.7 313.1 307.3 301.4 296.2 290.5 284 276.4 269.7 263.2 257.4 251.9 246.2 237.7 229.4 222.6 214.8 207.2 202.2 198.3 192.8 185.9 179 173.5 169.3 166.7 163.8 161.6 159.3 157.6 157.3 156.3 154.6 153.1 156.2 167.7 176.9 186.4 179.6 179.8 170.9 169.6 170.2 171.3 173.6 173.6 174 177.4 180.1
265.8 262.6 258.5 253.6 245 238.4 227 216 206.4 207.2 208 213 220.2 231.4 246.2 256.1 264.2 268.9 272.2 275.5 284.3 290.3 294.8 300.6 303.9 306.9 310.6 313.7 318.1 321 323.1 323.8 320 312.6 304.6 296.4 288.9 279.7 270.7 263.8 257.1 250.5 246.5 237.4 229.3 221.6 215.6 209.8 205 200.3 196.8 192.4 184.3 179 173 172.7 169.4 165.8 162.9 160.4 160.4 158.5 157.3 155.4 154.3 153.6 166.8 169.1 173 176 169.8 164.9 165.6 167.7 167 170.2 174 176 182.7 180.1
267.4 261.3 254.5 244.3 231.6 224.2 215.6 208.4 209.2 209.6 210.4 215.3 225.3 240 255.4 264.2 270.6 276.6 284.1 285.5 290.6 294.6 297.4 301.6 306.1 310.5 315.4 319.8 323.7 326.8 330.9 329.8 325.1 314.5 305.2 293.4 286.3 277.4 266.3 255.9 248.9 241.7 234.7 226.5 219.2 213.6 208.8 205.3 202.3 198.4 195.5 187.1 182.5 177.5 179 176.4 174 170.3 165.7 162.3 161.6 159.9 158.5 156.3 154.9 154.3 157 160.8 160.8 161.7 161.9 161 161.8 164.5 165.3 169.5 176.5 179.2 183.4 180.7
265.6 255.9 241.5 226.6 217.9 214.2 210.3 210.4 211.5 211.9 213.8 218.4 232.7 246.3 261.5 270.5 276.5 281.2 288.7 291.6 295 297.8 300.6 304.9 309.2 313.5 319.4 324.3 328.2 331.5 336 337.6 329 314.5 302.2 291.6 281.5 269.9 258.7 247.6 239.4 231.7 224.5 219.3 214.4 209.7 205.9 202.2 198.8 192.8 186.4 186.5 186 186.4 184.7 182.3 177.4 174.3 169.8 163.3 161.7 160.2 158.7 156.7 155.1 154.4 154.1 158.8 159.3 159.2 159.9 159.4 159.1 159.2 161.6 165.1 169.6 173.1 175.3 175.5
255.5 240.2 228.9 217.8 214 211.8 211.2 213.5 215.1 215.5 215.6 223.4 239.5 254.3 269.9 276.7 282.5 289.4 293 296.3 299.7 300.8 303.6 307.9 314.3 316.7 321.5 326.4 330.5 332.5 334.9 336.8 327.3 311 298.2 286.4 273.6 258.9 245.7 236.1 231.8 225.9 220.2 216.6 212 207.1 203.2 197.3 196.7 196.7 196.2 195.3 194.8 193.2 190 187.1 183.7 179 170.7 169.8 170.5 164.4 158.3 156.7 155.3 154.6 154.7 154.8 154.8 157.7 158.8 158.2 158.5 158.3 158.4 159.2 158.1 158 157.5 156.7
238.6 225.9 218.7 214.8 212.9 213.3 214 216.8 219.8 221 219.9 222.5 242.7 259.6 274.3 278.7 289.1 295 297.8 298.3 301.6 305.8 311 313.6 317.2 320.8 325.5 328.7 330.4 330.8 330.9 328.2 317.9 306.7 292.8 279.3 261.7 251.1 240.9 235 230.9 225.2 220.6 216.9 213.5 211.2 209.6 210.1 210.7 209.2 207.3 205.8 201.1 198.6 195.8 191.2 187.5 180.5 168.4 177.8 177.4 174.5 165.4 157.7 156.8 157 155.8 155.2 155 155 157.6 158.3 154.9 157.1 157.6 157.9 157.7 157.5 156.7 155.5
229.3 219.9 216.6 214.6 215.9 218.6 219.5 223.4 229.2 230.7 228 222.4 238.6 256.2 270.8 274.7 282.3 287.5 295.3 299.6 305.8 311.4 316.7 320.1 322.4 326.4 330.2 330.9 331 330.5 328.3 320.9 312.4 302.1 288.8 277.5 267.2 259.8 251.7 244.9 240.4 235.2 232.2 229.1 228.3 226.7 223.9 222 219.5 216.2 213.5 210.8 208.8 205.5 200.4 194.7 189 179 172.4 180.1 181.5 180.6 175.4 165.3 158.3 158 157.4 156.5 154.9 153.7 154.2 154 156.6 155.1 157.8 156 156.2 153.7 152.1 155
220.9 218.8 216.5 220.2 225.5 228.3 232.9 237.7 243.2 242.6 240 234.3 228.1 247.2 260.4 264.2 277 287 296.1 303.5 309.1 316.7 323.3 328.5 330.9 332.3 333.1 333.4 332.4 331.7 329.8 323 317.1 309.7 298.4 289.4 279.7 271.6 265.8 259.3 254.8 250.3 245.5 240.5 236.5 232.6 229.2 226.5 223.4 219.8 216.5 213.3 210 205.5 200.6 195.2 188.1 178.6 178.3 184.1 184.8 183.6 177.6 174.9 165.9 159.7 158.2 156 154 152.6 151.9 151.7 152.8 154.2 155.3 150.6 152.2 152.8 154.1 153.6
221.6 219.5 222 228.5 237.7 248.8 256.5 263.6 258.2 251.4 249.1 244.7 240 233.1 244.5 260 275.7 287.8 299.8 309.5 317.7 328.2 334.3 336.1 336.1 340 338.5 339.3 341.3 336.3 333.1 331.4 325.4 320 312.2 303.3 293 283.4 276 269 263.1 258.1 251.9 244.2 238.5 233.3 229.3 226.1 222.8 219.6 216.9 213.8 210 205.2 199.6 194.7 188.9 180 182.8 186.4 187.5 185.7 182.6 178.1 165.7 172.5 164.3 156.1 154.3 151.7 150.5 150.4 150.4 150 149.9 148.6 147.9 149 148.6 147.6
222 224.5 233.5 244.2 256.1 269.3 280.5 281.6 273 258.2 254 249.6 245.8 239.3 236.4 250.2 264.2 284.4 300.4 310.1 322.4 332.6 339.4 342.6 345.1 346.5 348.6 345.4 342.3 341.1 344 342.1 347.3 336.2 325.9 316.6 305.2 293.4 283.7 276.6 269.4 262.7 253.6 244.6 238.3 232.9 227 223.2 220.8 216.4 214.5 215.2 212.7 206.8 200.7 195.5 189.6 182.1 184.5 188.5 188.6 189.4 186.3 179.6 178.6 180.2 172.1 166.6 160.1 153.6 150.7 150 149.1 148.7 148.5 148 147.9 147.9 147.6 147.5
228.1 237.5 252.3 265.9 282.4 294.9 297.2 294.6 289 272.4 258.6 255.8 251.9 243.9 240.2 246 262.8 284.7 299.5 313.6 325.4 335.6 344.6 349 349.8 351.7 349.8 347.8 346.3 347.3 348.2 353.3 355.1 348.4 335.4 324.3 312.3 300.4 289.1 279.4 271.5 263 253.1 245.4 238.2 232.3 226.3 222.2 218.9 214.3 210.8 211.2 209.9 206.3 201.1 196.1 191.5 185.9 188.7 190.4 190.4 190.9 189 181.4 172.1 178.9 177.3 180.6 179.6 162.4 153.9 151.5 149.5 149.6 148.7 148.5 148.4 148.4 148.2 148
235.6 251.9 267.3 284.6 302.1 307.9 309.3 310.4 299.8 289.4 274.6 266.3 259.4 252.9 245.2 247.4 257.6 273.8 299.2 321.9 330.4 339.4 347.2 351 352.3 351.4 348.6 346.7 345.4 343.9 344.2 350.7 354.7 346.9 335 324.5 311.9 300.8 288.1 277.4 268.9 258.4 250.7 243.8 236.7 230.8 224.7 219.8 216.1 211.8 207.2 205 203.3 202.1 199.4 194.7 191 184.9 190.5 191.1 192.1 194.9 190.3 183.5 174.1 179.4 182.1 184.7 184.3 173.8 165.9 162.3 157 151.7 150.6 150.5 149.8 151.9 154.8 155.6
246.8 264.4 281.7 300.8 316 322.2 321.3 320.8 316.2 303.6 289.4 273.6 264.9 257.1 250.7 250.6 264.9 276 288.8 313 331.3 343.1 351.4 351 348.9 350.1 344.2 340.1 338.9 337.1 333.7 335.1 338 334.1 326.3 315.6 304.2 292.9 281.4 269.3 260.8 251.4 242.7 239 233.3 227.3 222.3 218.5 214.5 209.9 205.7 202.2 199 197.3 193.4 190.1 191.2 190 192.7 192.5 192.5 193 189.1 183.9 175.6 183.8 186.3 189.2 182.7 179.9 178 177.1 170 157.5 154.6 155.9 156.3 160 164.1 157.4
254.9 273.7 295.4 309.2 324.4 333.1 332 329.2 326.4 317.7 301 281.9 269.9 261 254.1 255.4 273.9 292.2 301.3 315.2 329.4 335.8 342.1 344.9 345.1 341.9 333.1 328 322.6 318.8 315 319 315.3 311.7 306.4 300.3 290.6 277.7 267.4 259.1 251.2 243.2 235.5 233.7 228.9 223.1 218.3 214 209.6 205.8 202.8 201.9 201 201.1 200 197.5 195.5 193.6 195.2 198.3 196.9 190.2 180.4 181 184.6 187.9 188.7 186.8 184.1 181.7 180.6 182 175.3 161.4 156.6 157.7 158.2 164.9 158 157
262.9 281.9 302.8 317.1 331.2 339.3 338.9 337.7 334.3 329.4 312.5 291.6 273.1 264.8 257.1 260.9 280 302.4 319.1 330.9 336.4 342.6 344.7 346.2 344.2 338.8 334.2 323.7 313.8 304.8 298.9 294.8 295.9 292.5 286.3 282.5 274.5 265.2 256.2 250.4 243 236.7 231.4 229 225.1 218.6 213 212.1 211.6 210.7 208.7 207.5 208 208.8 207 203 198.8 199.9 201.8 198.2 193.1 183.5 183.9 190.5 191 191.3 189.9 187.2 185.3 184.9 186.5 184.6 177.3 167.4 164.8 164.6 159.7 160.8 158.2 161.4
271.6 290.2 310.4 323.3 340.2 343.4 348.4 346.3 343.2 337.1 318.8 298.7 278.7 268.8 261.3 266.1 287.3 312.5 331.8 341.7 348.8 351.1 351.9 350.2 348.9 344.9 342.3 336.3 325.6 314 301.5 291.4 280.1 276.2 268.7 263.6 259.6 251.3 245.4 240.4 235.1 230.7 228.3 225.3 221.1 218.3 217.6 218.6 219.8 217.2 215 216.4 215.8 214.6 211.9 208.1 206.1 204.3 201.6 196 186.7 189.2 192.5 194.3 192 191.2 190 187.8 186.1 188.3 188.7 185.4 181.4 172.6 170.4 165.9 164.3 159.8 160.7 171.4
280.2 299 314.6 331.5 345.5 349.7 355.2 353.7 347.3 342.4 327.5 305.7 281.4 272.4 266.7 272.9 295.8 321.6 342 357.1 364.2 364.2 361.4 361.3 357.6 354.7 351.6 344.9 334.2 321.5 306.6 295.9 285.8 277.8 272.4 268.1 262.8 256.7 250.7 238.6 234.7 231.6 228.6 226.9 227.3 224.6 225 226 225.6 224.9 223.2 221.2 219.5 218.4 217 214.3 207.9 204.1 200 189.9 183.4 194.8 195.5 194.2 192.4 191.2 190 189 189.3 191.6 191 187.5 183.4 179.8 174.6 165.1 162 167.4 175.1 179.3
284.2 301 318.6 332.3 349.8 357 360.5 358.7 352.1 345.9 329.5 310.1 286.2 276.2 274.3 280.9 307.4 327.9 348.3 366 377.7 384.6 383.2 378.3 372.4 367.1 360.5 353.4 344.4 331.1 315.8 300.2 286.5 279.6 274.4 269.5 263.9 258 252.5 245.9 237.2 234.5 234.7 234.1 232.8 230.1 231.9 232.1 231.5 230.2 228.5 226.5 224.6 222.4 220.5 215.5 207.6 200.5 193.2 185.3 195.9 196.3 195.5 194.4 193.5 192.8 191.2 191.5 191.9 192.8 190.8 186.9 180.1 173.8 166.9 163.4 166.3 170.5 178.1 181.7
281.5 302.1 318.7 329.8 348 359 360.7 360.9 354.8 345.8 330.7 313.1 291.1 281.1 280.2 289.3 309 329.3 351 368.1 381.2 390.1 398.6 399.5 391.2 382.6 373.9 365.1 354.8 342.6 327.8 311.8 291.4 280.9 276.4 271.2 263.9 260.9 255.8 246.2 242.8 241.8 240.7 241.5 239.9 237.7 237.1 237.3 237.4 233.6 233.7 231.2 227.2 223.1 219.4 214.7 205.5 196.6 188.8 191.2 198.2 196.7 196.1 194.6 194.4 193.1 193.1 193 193.5 192.9 188.5 184.1 179.2 171.6 166.1 164.8 168.1 173.5 177.8 181.7
282.2 298.4 314.7 328.7 346.1 356.8 362.3 365.3 358.4 345.4 330.6 313.2 294.6 288.6 289.1 294.4 314.5 335.5 357.4 371.8 385.7 393.4 400.6 406.5 406.1 403.4 388.9 379.3 367 353.4 336.9 321.8 302 287.8 280.2 273.1 265.5 261.6 254.2 251.5 249.6 247 246.7 247.4 246.3 242.4 241.3 240.2 238.7 236.4 237 234.1 230.7 225.2 220.9 212.9 198.6 191.7 193.2 196.7 198 195.5 194.6 195.1 194.5 193.6 193.5 192.8 190 186.2 182.8 178.2 172.6 167.3 166.1 165.2 168.9 175.6 178.8 182
283.1 295.6 310.5 326.9 341.2 355.6 361.2 363.8 360.2 345.9 331.1 313.6 299.2 296.9 301.9 304.5 318.1 337.9 357.9 372.7 388 396.7 403.7 409.5 411.1 411.8 405 394.6 378.7 363.6 348.1 330.8 315.6 300.4 289.9 277.2 270.2 260.5 255.7 258.9 255.4 254.3 252.5 249.4 246.9 244.2 242.5 240.9 239.1 236.7 234.2 231.2 226.7 220.5 214.9 202.7 193.8 197 199 198.2 197.1 195.9 194.2 193.9 193.9 192.8 191.4 188 184.3 181.8 178.2 175 170.2 167.6 166.1 166 171.6 177.6 180.6 184.1
283.3 296.4 308.2 323.8 338.8 351.6 358.2 360.1 356.6 345.9 332.1 317.3 300.4 313.1 315.7 318.5 325.6 342 359.7 375.2 388 398.6 407.1 413.8 416.5 416.2 409.9 404.3 394.4 375.4 356.7 341.8 324.4 309.7 296.9 283.3 275.3 271.8 261.2 264.2 260.2 255.3 250.9 243.2 237.2 234.8 233 229.6 228.9 226.6 222.8 219.7 217.1 211.9 207.7 195.5 203.6 204.2 204.1 201.6 197.6 197.1 196 194.1 192.9 191.7 189.1 187 184.1 180.1 179.1 176.7 171.5 168.6 166.9 168.7 176 181.4 186 187.5
289.6 297.2 306.6 323 338.1 348.8 354.5 357 354.8 346.5 335.4 321.3 317.5 325.5 329.8 332.7 337.6 348.8 363.4 377.2 390.7 401.6 410 414.8 418.8 419.5 413.4 410.1 403 386.1 367 348.4 329 314.3 301.8 288.8 278.8 269.5 265.3 261.8 258 247.4 236.4 228 227.4 224.2 222.9 221.4 218.8 215.7 212.9 209.3 206.2 203.6 199.4 202.8 210.6 212.9 211.6 207.3 204.1 204.1 201.3 198.4 196.3 193.6 190.2 188.2 186.2 184.8 182.4 178.4 173.6 170 168.4 169.5 176.8 182.1 186.4 187.6
290.3 297.3 306.5 323.1 337.7 348.3 352.1 354.5 352.8 346.9 340 325.5 332.3 337.2 341 345 349.9 357.6 370.2 382.6 393 404.3 412.4 417.2 419.7 420 416.5 411.5 402.6 388 372.5 351.3 326.7 311 299.1 284.5 275.6 266.9 262.9 257.8 243.4 230.6 220.8 219.5 217.8 216.3 215.1 213.6 211.8 210.5 211.2 209.6 206.4 205.8 206.4 214.3 218 216.7 214.1 211.4 207.5 205.5 203.8 201.1 197.7 194.7 193.3 192.2 190.7 189 186.5 183.7 178.3 172.5 169.9 170.6 177 181.1 185.9 187.1
291 296.8 312.8 327.1 339 347.4 351.8 353.7 351.5 347.6 343.7 338.1 340.8 344.6 350.2 356.1 361.2 368.3 378.4 387.3 396.5 404.7 410.6 416.4 419.4 418.1 414.1 409.5 398.8 384.7 368.3 348.2 325.6 304.1 294.2 280.7 270.2 262 253.8 236 226.4 226.9 225 225.2 223.5 220.2 218.3 217.5 216.8 216.8 217.5 215.7 213.1 213.6 217.3 221.7 222.3 219.8 216.6 213.2 209.8 207 204.4 202.5 199.6 198 196.8 195.2 194.1 192.2 189.8 186.5 181.4 175.5 171.8 171.5 176.9 181.6 185.4 186.8
291.5 300.8 315.5 333.4 342.7 351 352.5 354.2 352 350.4 348.2 346.7 347.2 351.7 357.3 363.6 369 374.8 383.2 393.1 402.1 407.8 411.4 414.8 414.9 413.5 410.2 403.9 390.5 378.8 358.9 341.1 324.1 301.1 287.5 276.2 266.8 249.9 234.3 233.9 244.1 241.8 234 241.4 241.8 240.6 237.3 234.1 231 227.6 225.3 222.4 219.3 223.1 227.5 228.3 226.4 223.6 219.4 215.3 213.2 209.1 207 204.8 202.7 201.3 199.4 197.4 195.9 194.4 192.1 189.8 185 178.7 175.1 172.4 175.8 180.5 185.5 186.2
294.4 304.2 320.4 336.3 345.3 352.3 354.9 355.9 355.5 354.5 352.8 352.1 355.3 359.6 364 370.1 374.9 378.1 387.9 396.6 404.3 411 413.1 414 412.4 407 400.7 391 377.1 366.9 346.4 331 312.6 292.7 277.4 266.6 256.5 238.1 238 250.7 251.8 245.7 248.6 256.3 259.4 258 254.4 249.4 245.6 243.3 239.9 235.3 230.7 235.3 235.2 231.1 231 226.7 221.7 219.1 217.8 212.6 209.9 207 205.7 203.5 201.2 198.8 197.3 195.8 194.2 192.6 189.2 184.7 180.3 173.7 174.8 179.5 183.2 185.2
300 310.2 326.6 339.5 348.1 355 357.8 359.4 360.7 359.6 357.4 358.7 363.8 368.1 371.9 376 379 382.7 390.2 396 402.2 409.3 411.8 411.8 404.5 397.2 386.5 375.8 363 349.9 332.9 319.5 302 284.3 269.9 259.3 244.4 238.8 251.3 260.3 262.1 256.2 259.8 268.8 272.3 273.4 269.7 264.5 258.3 255.7 250.9 239.1 247.1 244.4 239.7 238.2 234.8 229 223.9 222.9 222.3 216.1 215.4 210.7 208.9 205.2 201.9 199.8 197.8 196.7 195.8 193.7 189.8 185.2 179.7 175 174.7 177.4 178.9 181.2
306 317.2 332.4 343.1 353.6 360.4 362.4 364.2 365.4 364.5 363.6 365.7 373.2 378.8 380.8 381.8 383.7 386.8 391.4 394 398 401.9 403.6 400.6 394.2 380.3 368.9 356.8 343.9 332.6 317.8 304 291.2 274.1 261.7 246.3 243.6 254.4 262.1 268.7 270.5 266.6 264.8 275.4 280.3 281.2 278.8 275.4 267.8 263.8 250.4 258.3 255.6 251.5 247.8 243.1 237.6 232.1 230.6 228.1 225.1 220.8 218.6 214.4 211.7 208.7 203.6 201.6 199 197.4 195.8 193.5 190.7 185.2 182.4 177.1 175.1 175 176.8 178.3
310.3 319.7 337.9 348.7 360.1 366.1 369.5 371.2 371.9 371.2 370 374.4 382.7 389.2 390.3 390 390.6 390 388.9 389.9 391.1 392.4 390 385.5 377.8 361.8 349.8 338.2 326.9 315.8 303.8 291.7 277 264 249.2 251.5 262.1 273.2 276.3 275.2 275.7 275.3 274.8 277.5 281.8 282.4 280 276.2 268.9 263.8 262.5 263.4 260.6 257.9 254.5 248 245.5 240.3 235.6 231.5 229.2 223.7 220.6 216.9 213.6 209.8 205.7 203.1 199.7 197.7 195.6 193.1 190.3 186.1 182.3 178.3 175.9 174.4 176.2 177.7
314 322.2 341.4 353.1 367.8 373.9 376.6 377.2 378.8 378.4 378.3 385.7 389.7 396.1 397.5 397.5 398 393.5 389.7 386.9 382.4 380.7 375.4 364 356.1 341.6 327.1 314.7 304.9 296.5 287.9 277.1 265.2 255.1 259.3 270.3 278 288 286.2 282 285 282.8 283.4 283 284.4 283.4 280.6 277 271.8 268.8 269.8 267.8 263.2 260 256.9 253.3 248.9 245.4 239 236.8 233.6 228.1 223.7 218.8 214.5 210.3 206.2 203.3 200.8 197.6 194.7 191.8 189.2 185.3 180.9 179.1 176.8 175.5 176.3 179.8
