app/static/ascii/SJ17.asc
ncols 200
nrows 200
xllcorner 310000
yllcorner 370000
cellsize 50
[rows 35 to 69 of 200, columns 0 to 77 of 200]
170.6 170.8 169.4 167.6 167.9 168.7 169.5 170 169.6 168.7 167.5 166.8 165.9 164.3 164.7 168.2 171.1 174.8 175.4 175.8 176 176.8 177.6 178.2 178.9 180.2 181.7 183.5 185.5 188.5 192 195.2 200.8 208 214.3 217.7 221.3 225.3 226.9 226.5 224.5 222.9 221 219.3 216.9 215.8 217.4 217.8 217.6 217.3 217.1 216.4 215.4 214 212.5 212.3 213.5 213.8 213.9 216.2 219.3 220.8 221.5 223.6 232.1 238.2 242.9 246 243.3 226 210.1 203 195.9 186.7 180 172 168.4 156.5
174.1 174 173.3 172.8 172.8 172.8 172.8 172 171.1 170.1 168.8 167.8 166.4 164.5 165 167.1 169.4 171.4 172.8 173.5 174.3 175.4 177.1 178.6 179.3 180.1 180.7 182.5 184.5 186.9 189.4 192.6 196.7 203.1 208.9 212.9 218.1 223.9 227.1 229.8 229.4 226 223.5 221.1 217.3 217.3 218.1 218 217.8 218.1 218.5 218.1 216.3 215.2 213.2 213.1 213.3 213.4 212.7 214.7 216.4 218.6 220.8 224.1 228.1 232 237.9 242.9 240 228.1 215 205.1 199.3 188.1 180.9 172.3 164.3 156.9
176.9 177.3 176.9 176.2 175.3 174.1 172.8 171.8 170.8 169.9 168.4 166.8 164.9 164.9 166.3 167.7 169.5 170.3 171.1 172.3 173.8 174.7 176.3 178 178.8 178.9 179.3 180.8 182.7 184.8 187.5 190.3 193.8 196.7 202.6 208.8 214 219.3 225.2 228.9 231 227.6 223.4 220.6 217.3 216.8 217.4 217.4 217.6 218.1 218.4 218.9 218.8 215.9 213.5 212.7 212.5 211.9 210.6 211.4 212.8 215.2 217.4 219.5 222.7 227.1 232.1 237.4 240.4 232.4 220 207 199.4 191.5 183.9 174.1 167.6 159.8
178.7 179.2 178.3 177 175.5 174.1 172.3 171.1 169.9 168.2 166.6 165.6 166 167.1 168.4 169.8 171 171.8 172.6 173.2 174.1 175 176.2 177.9 178.1 178.1 178.3 179.9 181.3 183.2 185.9 188.6 191 195.1 197.9 203.2 208.8 214.5 220.4 224.9 228.4 226.7 223.5 218.8 216.2 215.5 216.5 216.4 217.1 217.7 219.2 219.2 218.5 215.2 212.6 211.3 211.1 210.6 209.1 208.5 208.6 210.3 213.1 215.5 217 221.6 226.4 231.5 236.7 235.3 224.6 211.5 203.5 198.5 191.3 181.4 170.2 162.6
180 178.9 178.1 176.5 174.7 173.1 171.4 169.8 168.3 166 166.7 166.9 168 169.3 170.5 172 172.9 173.5 174 174.1 174.5 175.4 176.2 177.3 177.3 177.3 177.7 180.3 180.9 182.7 184.6 187 189.2 191.3 196.2 199.7 204.1 209.4 214.5 218.3 219.6 219.9 218 216.2 214.1 213.5 214.8 216 216.3 217.1 218.8 219.9 217.5 214.7 212.5 211.2 211.8 211.6 210.3 208.7 207.1 208.5 210.2 212.1 213.8 217 221.5 226.5 231.8 233.9 224.1 213.4 207.2 202.6 196.4 186.2 174.1 166.7
177.7 177.4 176.3 174.5 173.3 171.7 170.2 169.1 167.6 167.1 167.7 168.3 169.2 171 172.6 173.8 174.2 174.6 174.3 174 174.3 176.4 176.5 176.5 176.5 176.5 177.4 179.2 180.9 182.9 183.9 185.5 187.2 189.3 191.9 195.6 199.7 204.3 208.1 211.2 212.4 213.5 213 211.4 210.6 211.6 213.6 215.4 217.6 219.3 220.8 221.3 219.1 216.2 214.2 213.5 213.3 213.1 210.9 209.5 207.7 206.9 207.6 209.5 210.7 212 216.8 220.7 226.6 229.1 222.7 215.1 208.4 203.3 198.3 188.2 176.1 169.2
174.2 174.1 173.6 173 171.8 170.6 169.5 168.8 167.8 167.6 167.7 168.2 169.7 171.4 172.8 173.5 174 173.8 173.5 173.4 173.2 174 174.8 175 175.2 176.1 177.8 179.7 181.5 182.2 182.5 183.2 184.4 186.4 188.3 191.2 195.4 199.3 201.9 205.7 206.7 207.7 208 206.3 206 209.6 212.4 215 217.2 220.1 220.6 220.4 220.5 217.6 215.4 214.8 214.1 212.5 210.3 208.5 206.3 205.3 205.6 206.6 207.8 210.1 212.6 217.7 220.4 221.6 219.1 214.7 204.1 199.7 194 186.9 170.6 166.4
170.5 171.4 171 170.8 170.8 170.4 169.3 168.3 167.8 167.5 167.9 167.5 168.8 170.1 171.2 171.7 172.1 172 171.9 172 171.6 172.2 172.3 173.6 175 176.4 178.1 179.3 179.4 179.2 178.9 180.8 181.7 183.4 185.9 188.3 191.9 195.3 197 199.4 200.1 201.1 201.7 201.8 202.8 206.9 210.4 213.8 216.3 219.8 220.5 218.9 218.4 215.5 213.9 212.8 212 210.3 208.1 205.7 204 203.4 203.7 204.7 205.6 207.4 209.8 213.7 216.7 216.8 213.7 209 202.1 194.9 184.3 176.4 170.9 169.5
167.4 169.6 170.8 171.3 171.2 171.1 170.2 169.4 168 167.4 168.1 167.4 167.8 168.3 169.2 169.7 170.4 170.2 170.1 170.6 171.5 171.5 172.5 173.1 174.7 175.8 176.1 176.6 176.3 176.3 177.2 178.7 180.1 182 184.3 186.8 189.8 191.3 193.2 194.7 195.7 196.4 197.3 197.6 199.4 203.2 207.4 210.8 214 217.5 219.2 219.8 215.8 212 210.3 209.3 208.4 206.9 204.5 203 202 201.9 202 202.7 203.6 204.5 206.5 208.2 208.7 210.3 206.8 200.9 190.9 185.6 181.2 176.6 174.4 173.3
171.5 172.4 172.9 172.9 172.8 172.4 172.2 172 170.9 170.8 170.4 169.9 168.9 168.2 168.6 168.8 169.5 169.9 170.6 171.2 172 173 173.5 175.8 176.1 176.2 176.1 176.2 176.5 177.1 177.7 178.9 180 181.7 183.6 185.5 186.8 188.2 189.6 191 192 192.9 193.7 194.9 196.4 199.4 203 206.7 209.3 213.2 215.5 214.8 212.1 208.8 206.9 205.9 204.9 203.6 202.2 200.8 200.8 200.8 200.7 201 201.3 202.1 203 204.4 204.9 205.1 201.8 196.3 191 185.5 182 179.1 177.4 177.4
173.6 173.6 174 174.3 174.6 175.2 175.7 175.9 175.2 174.9 174.3 173.1 172.8 172.3 172 172.2 172.4 171.5 171.5 172.2 173.2 174.7 177.3 178.7 179.1 178.7 178 178 177.7 178.1 178.9 179.4 180.8 181 182.4 183.6 184.3 185.2 186.2 187.7 188.8 189.6 190.6 191.9 193.4 195.3 198.4 202.3 205.8 208.8 211 211.4 209.6 207.3 204.9 203.4 202.6 202.1 200.8 200 199.8 199.2 199 199.1 198.9 199.5 200.4 201.1 203.3 203.9 200.8 196.6 191.8 190.7 187 182.1 181.5 181.5
173.8 174.2 174.6 176 177.7 178.6 179.4 179.5 179.6 179.2 178.6 177.5 176.8 176.6 175.8 175 174.2 170.8 172.8 173.9 176.2 178 179.9 181 180.7 180 179.4 179.1 178.7 178.8 179.2 178.8 179.9 180.4 180.8 182.1 183.2 184 184.5 185.2 186.1 187.1 188.1 189.1 190.5 192.3 195.3 199 202.7 205.7 207.2 208.4 208.7 206.8 203.8 201.5 200.7 200.3 199.9 199.2 198.4 197.5 197.2 197.4 195.8 196.7 197.5 202.2 205.1 206 201.9 198 196.2 194.2 191.1 187.3 185.6 185.7
172.7 174.7 176.5 178.6 180.4 182.4 183.2 183.8 183.7 183.3 182.9 182.1 180.9 179.8 177.7 175.8 174.2 174.5 175.7 178.3 180.1 181.7 182.2 182.1 181.4 180.7 179.8 179.4 179 178.7 178.8 178.3 178.6 179.8 180.5 182 182.8 183.2 183.1 183.7 184.3 185 186 186.7 188.2 190.3 193.1 196.9 199.8 202.3 204.1 206.3 209.1 206 202.3 199.6 197.8 198.2 198.1 197.6 196.5 195.1 193.8 193.9 192.8 193.3 193.4 196 204.9 205.7 200.9 198.2 196.3 194.3 194.5 193 191.4 192
174.4 175.7 177.8 180.6 182.9 184.5 185.5 184.8 185.4 184.9 183.7 182.7 180.9 178.8 177.2 175.3 175.6 177.8 180 181.9 182.5 183.2 182.4 182.1 181.2 180.7 181.2 181 180.3 180.3 179.4 179.2 178.9 179.8 181.6 181.5 182.2 182 182 182.5 182.9 183.4 184.1 185.1 186.6 188.1 190.4 193.4 196.3 198.3 200.7 203.5 205.9 203.5 199.5 196.1 194.1 193.4 194.4 194.4 193.6 192.3 191.2 190.9 190.8 190.9 191.2 192.4 195.9 201.7 203.3 197.7 197 195 192.8 190.1 192.7 194.1
175.9 176.6 177.7 181.2 183.8 184.3 184.3 183.7 182.8 182 180.9 179.7 178.6 177.2 176.5 177.3 179.5 181.3 182.8 183.5 183 183 181.9 181.8 182.6 183.4 184 184 183.5 182.1 181.3 180.5 179.9 180.6 181.4 181.6 181.1 181.8 181.4 181.6 182.2 182.8 183.3 183.2 184 185.1 187.4 189.8 192.2 194.2 197.8 199.6 202.2 199.9 195.4 191.3 191.5 189.5 190.3 190.6 190.2 189.5 189.2 188.8 188.7 189.4 189.6 190.4 191.9 194.1 199 201.1 197.4 195.2 194.3 195.1 196.1 195.9
177 177 178 179.1 181 181.3 180.7 180 179.2 178.6 178 177.6 177.3 178.4 180.1 181.5 182.5 182.6 183.1 182.8 181.6 182.1 182.9 183.5 184.8 186.7 187 185.7 185 182.9 181.7 180.6 180.2 180.8 181 181.4 181.1 180.9 181.2 182.3 181.8 181.7 181.1 181.1 181.4 182.3 184.1 186.2 188.2 190.1 193.4 197.8 197.8 193.7 189 186.5 185.9 186.1 186.6 187.5 187.3 187.1 187.3 187.5 187.7 188.5 188.5 188.9 189.8 191.9 197.3 202 197.5 195.2 195.5 198.1 199.7 200
178.7 178.6 177.6 176 176.3 176.6 176.4 176.2 176.2 176.1 176 177.2 178.7 181.8 183.1 183.6 183.1 182.8 182.2 181.8 181.6 182.3 183.5 184.5 185.4 186.4 185.7 184.1 183.3 181.8 180 179.5 179.8 180.6 181.1 181.8 182.1 181.4 181.6 181.2 179.8 180.1 180 179.8 179.9 179.8 181.1 182.5 184.9 187.8 190.9 192.4 190 186.8 184.7 183.8 183.5 183.6 184 184.3 184.8 185.5 186.5 187.4 187.9 187.7 187.4 187.6 188.3 189.2 192.3 195.6 200 194.3 195.5 198.8 201.2 202
180.3 179.4 177.2 175 174.2 174 174.2 174.1 174.3 175 177.1 180 182.1 183.2 183.1 182.7 182.2 181.7 181.7 181.8 181.6 181.8 181.8 182 182.5 183 181.9 180.7 179.8 179.3 179.3 179.3 180.1 181 181.4 182 181.9 181.7 180.4 180.7 180.6 179.9 179.8 179.3 178.7 178.8 179.2 180.2 180.8 184.8 187 188.3 186.5 183.1 182.5 181.9 181.6 181.6 181.8 182.7 184.7 186.6 187.4 187.6 187.3 186.9 186.6 186.7 187 187.8 188.8 190.6 190.9 193.2 196.6 198.6 200.9 203.3
179.8 178 175.9 173.8 173.9 173.9 174 174.1 174.2 175.5 179.2 181.1 181.9 182.1 181.9 181.7 181.8 182.1 181.1 180.5 181 180.3 179.6 179.6 179.3 179.3 179.3 179.3 179.3 179.3 179.3 179.3 180 180.7 181 180.7 180.8 181.2 182.2 182.4 181.7 180.5 179.7 178.7 178.4 178.5 178.6 179.3 180.5 182.7 185.1 186 183.7 181.7 180.5 180.2 179.8 180.1 180.8 182.3 184.5 186.2 186.9 186.7 186.3 185.9 185.8 186 186.2 186.8 187.7 190.3 193.2 195.9 197.9 199.5 201.2 202.7
177.1 175.8 174.2 174 174.1 174.1 174.1 174.2 174.6 176.6 178.3 179.7 180.7 180.7 180.7 181.4 181.4 181.2 179.4 179.9 179.5 179.3 179.3 179.3 179.3 179.3 179.3 179.3 179.3 179.3 179.3 179.3 179.3 179.7 179.8 180.5 181.8 182.7 183.4 183.1 182 180.6 179.4 178.6 178.1 178.1 178 178.5 179.2 181.4 183.8 184.1 182.6 180.7 179.2 178.8 178.8 179.4 180.5 181.6 183.3 184.8 185.5 185.4 185.1 185.6 185.9 185.8 185.8 185.6 188.4 191.7 195.8 199 200.8 201.4 202.4 204.3
174.6 174.7 174.8 174.8 174.6 174.4 174.4 174.8 175.6 175.9 177.4 178.9 179.5 179.9 180.5 181 181.2 181.3 180.2 179.2 179.3 179.3 179.3 179.3 179.3 179.3 179.3 179.3 179.3 179.3 179.3 179.3 179.3 179.4 180.3 181.9 183.2 183.9 183.5 182.3 180.8 180.1 179.7 179.2 178.7 178.2 177.7 177.6 177.8 179.3 182.2 183.5 180.7 178.7 177.8 177.9 178.3 179.2 180.1 181.5 182.3 183.3 184.1 184.8 185.2 185.7 186 185.6 185.2 187.5 191.3 194.7 197.3 199.3 201 202.5 203.3 204.7
175.9 177.1 177.2 176.4 175.9 175.4 175.5 175.9 176.3 176.1 177.1 178.3 179 179.8 180.4 180.8 180.7 180.2 179.4 179.3 179.3 179.3 179.3 179.3 179.3 179.3 179.3 179.3 179.3 179.3 179.3 179.3 179.5 180.7 182.2 183.3 184 183.8 182.2 181.6 181.6 181.1 179.9 179.2 177.9 177.6 177.2 177.1 177 177.3 178.5 179.4 177.9 176.9 177 177.2 178 178.9 180.5 182.1 183.4 184.2 184.8 185.4 185.7 185.8 186.2 185.7 185.5 187.5 189.9 193.6 195.5 198.3 199.5 202.4 204 204.8
178.5 179.6 179.6 178.2 176.9 176.6 176 176 175.9 176.3 177 178.2 178.9 179.5 179.8 179.8 179.7 179.4 179.3 179.3 179.5 180.1 180.3 180.4 180.3 180.1 181 180.4 180.3 180 179.9 180.2 181 182.7 183.5 183.8 183.7 183.9 183.8 183.4 182.6 181.4 179.7 177.8 177.3 177 176.6 176.5 176.7 176.6 176.4 176.8 176.7 176.7 176.6 176.7 177.7 178.8 180.7 182.5 183.5 184.8 186 185.7 185.7 185.7 186 185.7 185 185.1 187.9 193.7 198.1 200.9 201.9 202.7 204.8 205.2
180 180.1 179.6 178.4 177 175.7 174.2 175.4 176.2 176.8 176.6 178.1 178.2 178.8 179 180.3 179.3 179.3 179.5 180.3 181.5 181.7 181.7 181.8 182.1 182 181.9 181.9 181.5 181 181.7 182.5 183 183.3 183.8 184.2 185.2 185.4 184.8 183.5 182 180.2 178.4 177.6 177.1 176.8 176.5 176.6 176.7 176.7 176.7 176.7 176.7 176.7 176.8 177 177.5 178.8 180.8 182 182.9 184.8 185.4 185.5 185.4 185.7 186.8 187 185.3 184.1 185.6 191.5 197.3 201.5 204.1 203.6 203.7 204.4
178.3 178.5 177.3 169.6 169.9 175.7 176 176.3 176.2 176.6 175.5 177.3 178.8 178.2 178.4 180 179.3 179.5 179.8 181.3 182.7 183 183.5 183.4 183.1 182.9 182.5 182.5 182.5 182.3 182.8 182.6 183.5 184 185 185 185.2 184.5 183.5 182.1 180.7 179.3 178.4 178.1 177.2 177 176.6 176.5 176.8 176.7 176.6 176.7 176.7 176.8 177 177.2 177.9 179 180.6 182.2 183.3 184.8 185.4 185.8 185.5 185.5 187.6 187.2 183.7 183.3 185.1 189.9 198 201.4 202.5 202.2 202.2 202.4
168.2 166.6 165.8 167.8 176.7 175.3 176.5 175.2 172.8 170.8 173.5 177.2 178.9 178.6 178.8 180.5 179.9 181 182.9 184.1 184.9 184 183.9 183.2 182.6 181.8 181.3 181.3 180.9 181 181.5 183.8 182.6 183.2 183.3 183 183 182 181.8 181.2 180.1 179.1 178.8 178.3 177.1 176.9 177.1 176.6 176.8 176.7 176.5 176.4 176.5 176.7 177.1 177.4 178.6 179.3 180.4 182 183.7 185.1 185.7 185.3 184.4 183.7 186 186.1 182.9 183.3 185.1 189.6 195.6 198.4 198.8 200.4 200.7 202.1
162.8 162.8 163.4 162.8 162.9 165.4 168.2 166.3 174.4 175.1 176.6 177.9 178.8 180.1 180.6 181.8 182.9 184.4 185.7 185.7 185.5 185.2 183.6 183 182.2 181.8 180.8 180.3 180.7 181.1 181.6 181.9 181.5 181.6 182 181.1 181.4 181.2 181 180.5 179.9 179 178.7 178.2 177.5 177.3 176.7 177 176.9 176.7 176.4 176.4 177.2 177.1 177.2 177.7 178.6 179.3 180.4 181.6 182.5 183 182.4 182.3 182.4 182.2 182.3 182.8 182.3 183.1 187.6 190.2 196.2 200.8 201.4 201.3 202.2 203.7
170.3 172.3 171 171.1 170.9 168.3 163.9 170.3 175.8 176.6 177.5 178.7 179.9 180.9 182.6 184.2 185.4 186.7 186.8 186.3 184.2 183.7 183 181.8 181.2 180.3 179.8 179.9 180.1 180.5 180.7 180.9 181.1 181.4 180.9 180.6 180.2 179.9 179.5 178.9 178.4 178.2 178.2 177.9 178.1 177.3 177.1 177.4 177 176.6 176.7 178.7 178.3 177.9 178.2 178.8 179.7 180.8 181 181.5 182.5 181 180.8 181.3 182.9 182.7 182.4 182.7 182.9 183.7 186.2 191 197.1 201.9 202.7 202.5 203.1 203.4
171.6 176.7 177.3 177.9 175.5 173.6 169.4 165.4 175.4 176.7 177.4 178.1 179.6 181.6 183.6 184.9 185.7 186 185.2 185.2 183.6 183.2 183.1 180.5 180.1 179.8 179.6 179.6 180 180.4 180.9 180.9 180.4 179.9 179.5 179.2 178.6 177.7 177.1 176.8 176.7 177.5 178 178.3 178 177.4 176.2 176.5 177 177.1 177.2 178.4 179.2 179.1 179.2 179.9 181.8 183.8 183.5 183.3 183.8 183.1 184 185.1 185 184.6 183.7 183.2 183.7 183.7 187.4 192.8 198.6 204.1 205 204.8 204.6 204.9
171.2 177 179.1 177.5 176.5 175.9 173.2 164.4 172.2 175.5 176.4 177.7 179.8 181.4 182.3 183.2 183 183 182.5 182.5 181.5 181.5 181.5 180.4 179.5 179.4 179.3 179.3 179.7 180.1 179.9 179.5 179 178.5 178.1 177.6 177 176.3 175.6 175.5 175.8 176.8 177.5 177.8 177.6 177.6 176.9 177.1 177.4 177.6 177.7 178.3 179.8 179.9 180.5 182.1 184.7 185.7 184.9 184.1 183.9 185 187.5 187.5 187.6 187.7 187.2 185.6 184.8 187 190.6 196.1 203.3 207.6 208.3 208 207.6 207.3
173.4 179.2 180.6 179.4 177.7 176.4 174.3 166.5 165.8 169.4 175 176.7 177.7 176.9 176.8 177.5 178.6 179.3 179.8 180.5 180.7 180.6 180.4 180 179 178.4 178.2 178.5 178.4 178.5 178.4 178.1 177.6 177 176.6 176.1 175.4 174.7 174.4 175.1 175.1 176 176.8 177.1 176.8 177 177.7 178.2 177.9 178.1 178.1 178.6 180 181.1 181.9 183.6 185.8 186.7 186.1 184.7 185 185.9 188.1 188.6 190.2 190.6 190.9 189.7 188 189.8 194.3 198.7 206.3 210.6 211.9 211.5 210.7 210.2
177 180.2 180.5 180.3 179.1 175.9 173.3 167.6 164.9 166.1 170.7 171.4 171.7 172.1 172.6 173.6 174.7 176.3 177.5 178.9 179.4 179.5 179.2 179.2 177.8 177.2 176.7 176.5 176.3 176.7 176.9 177.7 177.3 176.9 176 175 174.8 174.5 173.9 174.6 174.9 175.3 175.5 175.7 175.7 176.6 177.9 178.3 178.1 178 178.4 178.6 179.8 180.5 182 183.6 186 186.9 186.5 185.8 186.1 188.4 189 189.9 191.8 193.7 193.1 192.8 192.6 194.5 197.4 201.9 209.1 212.9 214.4 214.1 213.5 212.6
179.6 180.3 180.3 179.9 177.7 174.1 171.5 168.6 166.8 166.4 165.3 168.4 169.9 169.8 169.8 170.2 171.6 173.2 174.9 176.5 177.3 177.4 177.6 177.1 176.3 175.5 175.5 175.9 176 176.4 176.9 177.5 177.1 176.5 175.5 175.3 174.8 174.3 174 174.2 174.4 174.6 174.7 174.9 175.7 176.7 176.9 177.4 176.3 176.5 177.6 178.3 178.9 179.7 181.2 182.7 185.2 188.1 186.6 185.5 186.6 188.3 188.5 190.6 192.5 194.5 195.2 195.3 196.1 197.9 201.1 204.9 212.3 215.6 216.7 215.6 214.7 213.9
181 180.7 179.9 178.8 175.6 173.4 171.2 170.1 169.3 168.6 168 167 167.5 168.4 167.9 168.6 169.8 170.9 172.2 173.8 175.3 175.8 176.2 175.8 175.7 173.8 174.9 176.2 176.9 176.8 176.6 176.3 176.5 177.5 177.5 176.7 174.9 174.6 174.3 174.2 174.2 174.2 174.3 174.3 174.6 174.8 175.2 175.1 175.2 175.5 176.7 177.6 178.4 179.3 178.9 182.4 185.4 186.5 185.7 185.8 187 188.7 189.5 191.5 193.8 195.3 196.6 198.1 199.5 201.4 204.3 209.7 217.4 219 218.4 216.9 215.8 215.2
180.8 180.3 179.4 177.8 176.2 175 173.7 172.3 170.7 169 167.2 166.4 166.6 166.5 167.9 168.4 168.9 169.7 170.2 172.2 174.7 174.5 174.7 175.1 175.5 175.6 176.2 175.7 175.5 175.9 175.8 176.3 177.4 179.1 179.3 178.1 176.2 175 174.4 174.4 174.4 174.4 174.4 174.4 174.3 174.3 174.3 174.5 174.8 175.1 176.1 176.8 177.8 178.8 179.6 181.4 182.9 185.6 185.7 186.3 187.1 188.5 189.7 191.6 194.4 196.3 198.2 200.3 202.5 204.9 208.3 215.3 220.5 222.4 219.4 218 217 216.9
