app/static/ascii/SJ18.asc
ncols 200
nrows 200
xllcorner 310000
yllcorner 380000
cellsize 50
[rows 117 to 155 of 200, columns 0 to 87 of 200]
4.3 4.2 4.1 4 4 4 3.8 3.6 3.4 3.6 4.5 3.3 3.2 3.1 3.1 3.1 3 3.1 3.1 3.2 3.3 3.5 3.6 3.7 3.8 3.8 4 4 4 4.1 4.1 4.2 3.9 3.6 3.7 3.9 4 4.1 4.2 6 4.4 5.5 5.5 5.5 4.2 4.1 4.1 4.1 4.2 4.3 4.7 4.6 3.4 3.1 3.1 3.1 3.1 2.4 1.8 1.2 0.8 0.4 0.1 -0.4 -0.9 -1.5 -2 -2.5 -2.6 -2.6 -2.6 -2.6 -2.6 -2.6 -2.6 -2.6 -2.6 -2.6 -2.6 -2.6 -2.6 -2.6 -2.6 -2.6 -2.6 -2.6 -2.6 -2.6
4.9 4.5 4.1 4 4 3.9 3.8 3.9 4.1 4.9 4.7 3.6 3.5 3.4 3.4 3.4 3.3 3.2 3.1 3 3 3 3.1 3.2 3.3 3.5 4 4.1 4.3 4.2 4.2 4.2 4.1 3.8 3.4 3.6 3.7 3.6 4.8 4.1 4.1 4.1 4 4 4 4 4.1 4.1 4.1 4 4.8 4.6 4.5 4.5 3.3 3.1 3.1 2.3 1.6 0.9 0.3 0 -0.4 -0.7 -1 -1.5 -2.1 -2.6 -2.6 -2.6 -2.6 -2.6 -2.6 -2.6 -2.6 -2.6 -2.6 -2.6 -2.6 -2.6 -2.6 -2.6 -2.6 -2.6 -2.6 -2.6 -2.6 -2.6
4.8 4.4 4.2 4 4 4.3 4.5 4.6 5.2 5.1 4.9 3.9 3.8 3.7 3.6 3.6 3.6 3.5 3.4 3.4 3.2 3.1 3.1 3 3.1 2.8 5.2 4.9 4.9 4.3 4.3 4.3 4.2 4 3.7 3.3 3.8 4.7 4.7 3 3.4 3.8 4 3.8 3.7 4 4.3 4.2 4.1 4 5.2 4.4 4.6 5.7 4.5 3.1 3.1 2.2 1.3 0.7 0.1 -0.5 -0.8 -1.2 -1.5 -1.8 -2.2 -2.6 -2.6 -2.6 -2.6 -2.6 -2.6 -2.6 -2.6 -2.6 -2.6 -2.6 -2.6 -2.6 -2.6 -2.6 -2.6 -2.6 -2.6 -2.6 -2.6 -2.6
4.7 4.5 4.4 4.2 4 4.7 5.1 5.3 5.4 5.3 5.1 4.2 4.1 4 3.9 3.9 3.8 3.7 3.7 3.6 3.4 3.3 3.3 3.2 3.8 2.9 2.8 3.9 3.1 3.7 3.8 3.9 4 3.8 5.9 3.9 4 4.4 4.7 3.1 3.7 4 3.7 3.7 3.5 3.7 3.9 4.2 4.5 4.4 4.9 5.7 9.1 7.2 8.4 6.8 3.1 2.5 1.4 0.4 -0.2 -0.8 -1.4 -1.7 -2 -2.6 -2.6 -2.6 -2.6 -2.6 -2.6 -2.6 -2.6 -2.6 -2.6 -2.6 -2.6 -2.6 -2.6 -2.6 -2.6 -2.6 -2.6 -2.6 -2.6 -2.6 -2.6 -2.6
5.2 4.9 4.6 4.1 4.5 5.2 5.8 5.8 5.6 5.4 5.2 4.5 4.4 4.3 4.2 4.2 4.1 4 3.9 3.7 3.6 3.5 3.4 3.4 3.6 3 3 3.9 4.4 4.1 4 2.6 3.8 7.1 3.8 3.9 4.1 4.1 4.7 5 4.1 3.6 4.1 3.4 3.4 3.4 3.6 3.9 4.2 4.5 3.9 6.3 6.6 6.6 6.3 6.2 3.8 2.9 1.7 0.5 -0.6 -1.3 -1.7 -2.6 -2.6 -2.6 -2.6 -2.6 -2.6 -2.6 -2.6 -2.6 -2.6 -2.6 -2.6 -2.6 -2.6 -2.6 -2.6 -2.6 -2.6 -2.6 -2.6 -2.6 -2.6 -2.6 -2.6 -2.6
5.1 4.7 4.3 4.2 5 5.7 6 6 5.8 5.6 5.4 4.8 4.7 4.6 4.5 4.5 4.4 4.3 4.1 3.9 3.8 3.6 3.6 3.9 3.3 3.3 3.2 3.9 4.4 4.2 4 3.1 3.3 6.8 4.1 4 4.2 3.8 7.1 4.1 3.7 3.2 4.5 3.1 3.2 3.1 3.3 3.6 3.9 4.1 4.4 6.2 6.4 6.4 6.8 6.4 6.7 3.3 1.9 0.6 -0.5 -1.4 -2.6 -2.6 -2.6 -2.6 -2.6 -2.6 -2.6 -2.6 -2.6 -2.6 -2.6 -2.6 -2.6 -2.6 -2.6 -2.6 -2.6 -2.6 -2.6 -2.6 -2.6 -2.6 -2.6 -2.6 -2.6 -2.6
4.9 4.5 4.1 4.7 5.4 5.6 5.8 6.3 6 5.8 5.6 5.1 5 4.9 4.8 4.8 4.6 4.5 4.3 4.1 4 3.8 3.7 3.6 3.5 3.5 3.4 3.9 4.3 4.3 4.2 3.9 4 4.2 2.7 4 4 4 5.1 4.2 4.6 4.7 4.6 2.9 2.9 3 3 3.3 3.4 3.8 5 6.7 6.8 7.3 7.7 6.2 6.4 5.9 1.9 -0.3 -2.6 -2.6 -2.6 -1.9 -1.7 -2 -2.3 -2.6 -2.6 -2.6 -2.6 -2.6 -2.6 -2.6 -2.6 -2.6 -2.6 -2.6 -2.6 -2.6 -2.6 -2.6 -2.6 -2.6 -2.6 -2.6 -2.6 -2.6
4.6 4.3 4.5 5 5.2 5.4 5.6 6.1 6.3 6 5.8 5.4 5.3 5.2 5.2 5.6 5 4.8 4.5 4.3 4.1 4 3.9 3.8 3.7 3.7 3.6 3.9 4.3 4.2 4.7 4.7 6.2 3.9 4 4.1 4.3 12.1 4.4 4.4 4.6 4.8 5.1 4.6 4 5.6 4.3 4.2 5.6 6.8 6.6 6.6 6.8 8.2 8.6 6.4 6.5 6.3 -2.6 -2.6 -2.6 -1.8 -1.4 -1.1 -1 -1.4 -1.7 -2 -2.3 -2.6 -2.6 -2.6 -2.6 -2.6 -2.6 -2.6 -2.6 -2.6 -2.6 -2.6 -2.6 -2.6 -2.6 -2.6 -2.6 -2.6 -2.6 -2.6
4.4 4.2 4.5 4.7 5 5.2 5.4 5.7 6.4 6.3 6 5.7 5.6 6.4 6.7 6.3 5 5.5 5.2 4.8 4.3 4.2 4 4 3.9 3.9 3.8 3.8 4.2 4.5 5.1 4.3 4.3 3.9 3.8 3.9 4.3 4.6 4.2 4.4 4.6 5.2 5.7 4.8 4.5 2.9 4.9 4 3.8 5.7 6.5 6.4 7.4 7.9 9 6.9 -2.6 -2.6 -2.6 -1.5 -0.8 -0.7 -0.5 -0.2 -0.4 -0.7 -1 -1.3 -1.7 -2 -2.3 -2.6 -2.6 -2.6 -2.6 -2.6 -2.6 -2.6 -2.6 -2.6 -2.6 -2.6 -2.6 -2.6 -2.6 -2.6 -2.6 -2.6
4.3 4.3 4.5 4.5 4.7 5 5.1 5.4 6.1 6.7 6.1 6.2 7.1 6.6 6.6 6.4 5.4 5.5 5.9 5.7 5.2 4.4 4.3 4.2 4.1 4 4 3.9 4.2 4.8 5 3.7 3.7 4.5 3.7 3.7 6.3 4 4 4.1 4.3 4.4 4.6 5 4.4 4.3 5.6 4.4 4.4 5.8 6.1 5.4 6.2 6.4 6.2 -2.6 -2.6 -2.6 -0.1 0.2 0.4 0.3 0.4 0.6 0.3 -0.1 -0.4 -0.7 -1 -1.3 -1.7 -2 -2.3 -2.6 -2.6 -2.6 -2.6 -2.6 -2.6 -2.6 -2.6 -2.6 -2.6 -2.6 -2.6 -2.6 -2.6 -2.6
4.4 4.5 4.7 4.9 5.1 5.2 4 4.1 5.4 5.2 6 6.7 7.1 9.9 9.6 5.3 5.2 7 4.6 5.3 5.2 5.6 4.7 4.6 4.5 4.3 4.2 4.1 4.6 5.2 4 4.1 4.3 4.1 4.8 3.8 3.6 3.8 4.1 4.2 4.2 4.3 4.3 2.1 5.2 5.8 4.7 5.4 5.2 6.2 6.7 3.5 2.7 4.7 -2.6 -2.6 1.7 3 2.6 1.9 1.7 1.4 1.3 1.2 0.9 0.6 0.3 0 -0.4 -0.7 -1.1 -1.6 -2.1 -2.6 -2.6 -2.6 -2.6 -2.6 -2.6 -2.6 -2.6 -2.6 -2.6 -2.6 -2.6 -2.6 -2.6 -2.6
4.6 4.9 5.1 5.2 5.6 6.8 5.2 5 5.6 4.8 5.4 6 6.2 15.1 14.3 14.3 15.8 17.6 17 23.5 17.4 6.8 5.1 5 4.9 4.7 4.4 4.4 5 4.8 4.3 4.5 4.7 4.5 4.5 4.4 3.8 3.8 3.9 4 4.1 4.1 4.4 4 4.1 4.9 3.8 3.5 2.3 5.2 3.3 2.3 2.4 2.3 6.4 7.4 8 8.5 8.2 7.4 2.9 2.5 2.1 1.9 1.6 1.2 0.9 0.5 0.1 -0.4 -0.9 -1.3 -1.8 -2.2 -2.6 -2.6 -2.6 -2.6 -2.6 -2.6 -2.6 -2.6 -2.6 -2.6 -2.6 -2.6 -2.6 -2.6
5.6 6 6.4 6.6 6.8 7.3 7.1 6.5 6.5 8.2 16.8 21.8 37.1 37 38.1 37.1 39.2 43.6 45.6 37 33.1 24.8 7.3 5.1 4.8 4.5 4.2 4.8 5.3 4.5 4.7 4.9 5.1 5.3 4.5 4.6 4 3.7 3.7 3.8 3.9 4 4.3 4.1 3.6 3.4 4.6 4.4 4.2 3.2 6 4 3 3.4 9 9.2 8.8 9 9.2 8 5.1 6.2 2.8 2.5 2.1 1.7 1.2 0.8 0.3 -0.1 -0.6 -1.1 -1.6 -2 -2.2 -2.6 -2.6 -2.6 -2.6 -2.6 -2.6 -2.6 -2.6 -2.6 -2.6 -2.6 -2.6 -2.6
6.6 6.6 6.4 6.5 8.5 8.8 8.3 9.9 13.9 17.9 25.6 36.3 48.5 50 53.6 56.1 54.4 53.7 54 49.7 41.9 30.9 22 10.4 5 4.6 4.4 4.8 4.6 4.9 5.1 5.3 5.3 5.1 4.2 4.7 3.8 3.8 3.6 3.6 3.7 3.8 4.1 4.2 3.8 2.1 4.1 3.3 3.2 4.5 5.3 4.9 3.2 6.9 8.5 8.4 8.4 8.4 8.6 8 5.8 3 4.6 2.9 2.4 2 1.5 1 0.6 0.1 -0.4 -0.9 -1.4 -1.6 -1.8 -2 -2.4 -2.5 -2.6 -2.6 -2.6 -2.6 -2.6 -2.6 -2.6 -2.6 -2.6 -2.6
8.7 8.1 7.4 8.1 13.3 12.1 15.2 17.8 23.6 30.1 35.8 45.4 51.5 56.3 57.6 62.9 63.5 63.5 61.1 56.1 51.1 40.2 36 33.8 13 4.6 4 4.7 5.1 5.4 5.4 5.3 5.1 4.8 3.8 4.4 3.7 3.6 3.6 3.5 3.5 3.6 3.9 4.3 4.5 3.2 3.9 4.5 3.9 2.9 3 5 3.5 7.7 8.3 8.2 8.1 7.9 8 8.2 6 3 3 3.1 2.7 2.2 1.7 1.2 0.7 0.2 -0.3 -0.7 -0.9 -1.2 -1.5 -1.9 -2.1 -2.3 -2.5 -2.6 -2.6 -2.6 -2.6 -2.6 -2.6 -2.6 -2.6 -2.6
24.8 24.6 25.8 22.5 17.8 18.9 22 25.7 33.1 34.9 44.5 53.7 59.6 62.6 63.3 66.7 68.7 69.3 68.1 64.5 56.6 49.4 45.5 44.6 38.2 6.1 5.1 4.7 5.5 5.4 5.3 5.1 4.7 4.5 3.6 4.1 4.4 3.3 3.4 3.5 3.4 3.4 3.8 4.4 3.3 3.1 6.3 4.5 4.4 4.7 3.3 6.2 3.6 8.4 8 8.2 8 7.9 8 7.6 6.2 5.5 3 4.6 2.8 2.3 1.8 1.3 0.8 0.3 -0.1 -0.3 -0.6 -1 -1.4 -1.7 -1.9 -2.1 -2.2 -2.4 -2.6 -2.6 -2.6 -2.6 -2.6 -2.6 -2.6 -2.6
30.3 30.6 30.4 28 17.8 24 28.4 31.9 34.2 45 55.5 64 67.6 69.8 71.2 72.1 72.8 72.5 71.9 70 64.1 56.6 54 50.7 47 31.7 8.7 4.7 5.2 5.2 5.1 4.8 4.4 4.2 3.7 3.6 4.4 3.1 3.2 3.2 3.3 3.3 3.6 2.4 2.8 3.4 4.5 5.4 4.4 5.7 5 3.8 3.1 7.5 8.5 8.1 7.9 8 8.1 8.8 8.5 6.9 4.2 3 2.9 2.4 1.9 1.4 0.9 0.5 0.3 -0.1 -0.5 -0.9 -1.2 -1.5 -1.7 -1.8 -2 -2.1 -2.3 -2.5 -2.6 -2.6 -2.6 -2.6 -2.6 -2.6
33.8 34 33.8 31.1 18.7 28.4 33.5 38.1 44.1 54.9 64.3 68.7 72.2 73.7 75.1 76.7 78.5 78 77.2 72.6 69.9 63.7 59.7 56.4 52.9 43.6 25.1 4.9 4 5.1 4.8 4.4 4.1 3.9 3.4 3.2 4 3.2 2.9 3 3 3.1 2.7 2.4 3 3.5 4 4.3 4.5 5.3 4.9 3.9 4.5 2.4 5.6 9.9 7.9 8.1 9.1 10.2 8.9 7.4 4.9 3 3 2.5 2 1.4 1.2 0.8 0.4 0 -0.4 -0.7 -1 -1.2 -1.4 -1.6 -1.7 -1.9 -2.1 -2.2 -2.4 -2.6 -2.6 -2.6 -2.6 -2.6
38.2 39 37 32.2 24.8 31.5 39.5 46.3 53.6 61.4 68.4 71.7 74.8 77.9 81.1 83.8 85.6 84.4 80.3 78.4 75.9 70.3 66 62.8 59 54.5 37.4 18.7 10.3 6.5 3.4 3.9 3.8 3.6 3.1 2.8 3.5 4.4 2.7 3.2 3.6 3.5 2.7 2.6 3.1 3.6 4 4.3 4.6 4.8 4.4 3.9 3.9 3.4 2.1 5.3 9.5 7.7 8.1 10.5 9.4 8 5.8 3.1 3.1 2.5 2 1.8 1.3 0.9 0.5 0.1 -0.2 -0.5 -0.8 -1 -1.2 -1.3 -1.5 -1.7 -1.8 -2 -2.2 -2.3 -2.5 -2.6 -2.6 -2.6
43.1 41.6 38.9 34.8 32.6 40.8 46.1 53 60 66.2 71.2 75.8 79 82 85.9 88.1 89.6 88.2 88.2 82.6 80.3 75.7 71.8 66.8 63.3 59.6 54.1 34 19 12.6 10.3 5.7 4.1 3.5 4.4 4 3.3 2.9 2.9 2.5 3.2 2.6 2.9 2.8 3.2 3.6 3.9 4.2 4.7 4.7 4.7 4.6 4.6 4.4 2.6 3.1 5.2 5.7 7.4 10.5 10 8.3 5.6 3 4 2.6 2.2 1.8 1.3 1 0.6 0.3 0 -0.3 -0.6 -0.8 -0.9 -1.1 -1.3 -1.4 -1.6 -1.8 -1.9 -2.1 -2.2 -2.4 -2.6 -2.6
47.1 46.3 43.1 39.9 40.4 39.7 49 57.4 64 69.9 74 79.1 82.4 85.7 89.5 91.4 92.3 92.9 89.1 87.6 86 79.5 74.7 70.9 67.6 64.4 59.4 40.6 24.5 21.2 22.9 16.1 5.9 6.1 6.3 5.5 4.5 3.9 3.4 3.1 3.1 2.6 4.4 3.8 3.2 3.5 3.9 4.5 4.8 4.6 4.6 4.6 4.5 3.5 3.3 3.2 3.5 4.7 5.1 10 9.6 8.2 6.6 3.4 5.7 2.7 2.3 1.8 1.5 1.1 0.8 0.5 0.1 -0.1 -0.3 -0.5 -0.7 -0.9 -1 -1.2 -1.3 -1.5 -1.7 -1.8 -2 -2.2 -2.3 -2.5
50.7 50.1 47.5 44.9 44 42.3 50.7 58.6 65.4 70.9 76.2 82.3 85.8 89.1 92.5 93.9 94.8 95.7 91.1 92.8 94.5 89.6 78.4 74 72.1 68.2 63.8 42.6 31 28 28.3 28.8 15.6 7.2 5.9 6.3 6.1 5.3 4.6 4.2 4 3.4 3.9 3.3 3.3 3.5 4.3 5.1 4.8 4.5 4.5 4.5 4.5 3.9 5.8 3.6 3.1 3.1 3.7 5.1 6.3 6.4 6.2 6.3 6.7 2.8 2.3 2 1.6 1.3 1 0.6 0.3 0.1 -0.1 -0.3 -0.5 -0.6 -0.8 -0.9 -1.1 -1.3 -1.4 -1.6 -1.8 -1.9 -2.1 -2.3
56.1 54.8 52 50.7 51.3 48.4 42.1 58.3 63.4 70.2 75.9 82.3 87.8 91.5 95.3 96.6 97.7 98.9 99.6 95.9 100.9 95.2 86.6 79.8 75.7 73.2 68.1 52.9 39.4 37 41.3 37.1 28.8 21.1 7.9 7.4 6.4 7 6.2 5.6 4.8 4.6 4 3.6 3.8 4.1 4.9 5.1 4.8 4.5 4.4 4.4 4.1 3.7 3.4 4.6 2.9 3.5 2.6 2.6 3.7 5.2 6.2 6.6 5.6 2.8 2.5 2.1 1.8 1.5 1.1 0.8 0.6 0.3 0.1 0 -0.2 -0.4 -0.5 -0.7 -0.9 -1 -1.2 -1.4 -1.5 -1.7 -1.8 -2
59.2 59.6 59 59.4 59.1 56.9 55.3 50.8 58.3 67.6 74.7 80.8 86.9 94.2 97.6 98.9 99.8 101.1 101.6 104.6 106.1 105 99.1 85.9 81.3 74.3 70.4 61.9 48.6 47.6 49.7 43.6 40 33.5 27 19.9 10.9 10.6 9 7.5 6.6 6.4 5.6 4.7 4.6 5 5.4 5.1 4.8 4.4 4.4 4.3 3.8 3.6 3.7 3.7 3.4 3.8 3.5 3.2 2.2 3.4 4.8 7.1 6.8 3 2.6 2.3 2 1.6 1.3 1 0.8 0.6 0.4 0.2 0 -0.1 -0.3 -0.5 -0.6 -0.8 -1 -1.1 -1.3 -1.4 -1.6 -1.8
67 66.3 69.9 72.5 71 66.5 64.9 61.6 62.6 62.4 71.7 79.1 85.5 93.3 98.9 100.6 101.8 103.2 104.9 107 110.5 110.5 106.7 92.5 86.1 81.3 74.4 68.4 61.2 59.3 54.1 49.3 46.7 41.9 34.4 30.7 25.1 21.5 13.5 9.3 7.6 8.1 7.2 5.8 5.2 5.4 5.2 5 4.7 4.4 4.3 4 3.9 4 4.1 4.1 4 3.9 3.9 3.5 2.6 2.1 3.5 7 5.9 3.1 2.8 2.5 2.1 1.8 1.5 1.2 1 0.8 0.6 0.4 0.3 0.1 -0.1 -0.2 -0.4 -0.5 -0.7 -0.9 -1 -1.2 -1.4 -1.5
77.6 76.5 80.6 79.3 83.1 80.5 76.7 74.9 72.5 72.2 71.6 76.8 84.8 92 97.4 101.4 103.7 104.8 106 109.5 113.2 114.9 109.8 101.6 91 85.9 79.6 72.9 66.8 63.1 58.7 54.9 50.5 45 40.1 39.4 36 31.1 35.2 20.1 14.2 11.4 10.2 6.6 5.5 5.2 4.9 5 4.7 4.4 4.1 4.2 4.3 4.3 4.4 4 4 4.8 4.7 3.8 3 3 2.5 4.5 3.3 3.1 3 2.6 2.3 2 1.7 1.5 1.2 1 0.8 0.7 0.5 0.4 0.2 0 -0.1 -0.3 -0.5 -0.6 -0.8 -1 -1.1 -1.3
88.5 89.1 90.5 90.5 91 89.7 87.2 84.6 83.7 82.4 79.8 75.6 84 91.2 96.5 100.7 105 106.9 108.3 112 115.7 118.7 118.9 111.6 100 93.4 86 78.6 71.8 65.5 60.9 56.7 53.3 48.4 44.7 43 42.6 38.6 40.5 32.4 26.4 25.9 25 15.4 11 6.9 5.2 6.3 5 4.5 4.3 4.2 4.6 4.7 4.5 4 4 4.3 5.8 4.3 3.6 3.4 2.9 2.5 5.3 3.1 3.1 2.8 2.5 2.2 1.9 1.7 1.5 1.3 1.1 0.9 0.8 0.6 0.4 0.3 0.1 -0.1 -0.2 -0.4 -0.6 -0.7 -1 -1.2
97.4 95.2 97.6 98.2 98.5 98.1 95.1 93 93.8 93.3 88.4 82 82.7 89.5 95 100.3 105.2 109 110.9 113.8 116.9 120.7 121.4 118 111.5 101.3 90.8 84.7 77.2 70.6 64.3 60.1 56.1 52.7 49.3 46.6 45.2 43.5 43.6 40 33.4 40.8 39.9 31.7 29.1 24.6 14.1 6.4 5.9 5.2 4.7 4.5 4.3 4.2 4.1 4.4 4.5 4.4 3.9 3.4 5.5 3.6 3.3 3 3.4 5.3 3.1 3 2.7 2.3 2.1 1.9 1.7 1.5 1.3 1.2 1 0.8 0.7 0.5 0.3 0.2 0 -0.2 -0.4 -0.6 -1 -1.4
101.4 99.4 104.5 104.7 105.7 104.3 100.3 98.4 99.8 99.1 94.9 90.3 82.3 89.9 93.9 99.2 104.9 109.6 112 115.3 118.8 122.7 123.2 123.1 116.8 108.8 98.8 89.8 82.8 75.2 68.4 63.5 60.1 57.6 55.2 51.4 48.3 46.1 47.4 42.5 41.3 42.9 39.2 40.4 40.9 36.4 37 35.4 27.9 18.2 9.6 4.3 4.5 4.4 4.3 4.5 4.7 4.7 3.8 3.5 3.6 5 3.7 3.6 2.9 2.6 5 3.1 2.8 2.6 2.4 2.1 1.9 1.7 1.6 1.4 1.2 1.1 0.9 0.7 0.6 0.4 0.2 0 -0.4 -0.7 -1.1 -1.5
106.6 105.5 110.7 112.1 111.9 108.3 104.2 103.7 103.4 101.3 98.7 94.7 90.6 91.5 94.5 99.2 104.2 109.1 113.3 116.7 121.1 130.4 134.1 127.2 121.7 116.2 109.6 98.1 92 83.3 73.6 68.4 63.4 61.1 59 55.6 52.6 50.2 50.3 46.4 46.5 45 45.8 48 47.6 46 44.3 42.3 40 38.5 36 27.1 8.1 4.4 4.5 4.5 4.6 4.8 3.4 3.3 3.3 5.7 3.7 3.8 3.4 3 2.4 5.4 3 2.8 2.6 2.4 2.2 2 1.8 1.6 1.5 1.3 1.2 1 0.8 0.6 0.2 -0.1 -0.5 -0.9 -1.3 -1.6
113.5 112.3 115.3 116.8 115.1 112.4 109.7 108.9 105.7 102.4 100 96.8 90.6 92.2 96.2 100.2 105.6 111.1 114.7 118.6 123 129.1 133.2 130.8 126.3 121.2 115.7 107.8 99.6 91.8 82.5 75.7 69.8 65.2 63.2 60.2 56.4 54.7 52.7 50.7 51.8 51.3 53.8 55.1 56 56.4 53.7 50.1 46.7 44.2 41.8 36.8 34.1 21.4 5.8 5 4.8 4.8 3.5 3.5 3.6 3.8 3.6 4.4 3.8 3.5 3.2 2.9 4.8 3 2.8 2.6 2.4 2.2 2 1.9 1.7 1.6 1.4 1.1 0.8 0.5 0.1 -0.3 -0.7 -1 -1.4 -1.8
119 117.1 119.1 122.8 120.2 118.5 119.1 112.7 108.5 104.5 101.3 97.9 94.5 95.1 97.1 102.6 108.8 112.9 116.2 119.8 123.6 127 130.8 131.2 128.6 124.9 120.6 116.3 107.3 99.9 92.8 84.2 77.5 71.6 67.5 63.9 61.3 59.9 59.4 56.7 58.8 59.1 63.3 64.3 63.9 65.1 64.3 61 57 52.1 47.1 42.4 39.1 36.3 29.3 6.4 5.2 5.1 4.7 4.5 4.4 3.1 4.6 4.8 4.4 4 3.9 4.1 4.6 3.5 3 2.8 2.6 2.5 2.3 2.1 1.9 1.7 1.5 1.1 0.7 0.3 -0.1 -0.4 -0.8 -1.2 -1.6 -1.9
122.8 121.5 123.9 125.8 123.4 121.2 121.2 118.9 112.1 107.2 102.8 98.9 95.3 95.7 98.7 104.1 112 115.8 118.8 121.3 123.4 126.1 128.6 130.1 129.7 127.4 125.3 123 117.9 110 101.9 93.3 86.7 81.5 72.3 66.9 66.7 66.7 65.9 63.2 65.8 65.3 71.5 73 73.2 74.1 73.6 71 67.3 63.7 59 51.8 47.2 46.3 42.2 36.1 22.3 6.9 7.1 5.3 5.1 4.6 5.1 4.9 4.9 5.2 5 5.6 5.6 4.8 2.4 3.1 2.9 2.7 2.5 2.3 2.1 1.7 1.3 0.9 0.6 0.2 -0.2 -0.6 -0.9 -1.3 -1.7 -2.1
127.6 127.2 127.7 127.3 125.4 124 122.8 120.4 115.6 110.6 105.1 101.1 98 96.9 99.8 105.5 112.4 117.8 120.6 122.4 124 125.4 127 129.2 130.4 129.9 129.1 128.8 126.9 119.1 110.5 101.8 95.8 89.7 83.7 76.9 73.6 72.4 71.8 69.6 74.7 74 76.2 78.7 79.1 80 81.5 78.7 76 74.2 73.6 66.8 59.4 55.3 51.8 46.6 41.6 25.1 12.1 6.8 5.8 4.3 4.1 4.5 4.7 5 5.4 4.2 3.6 3.5 5.2 4.9 3.1 2.9 2.7 2.3 1.9 1.5 1.2 0.8 0.4 0 -0.3 -0.7 -1.1 -1.5 -1.8 -2.2
135.4 133.8 133 134.7 133.7 132.1 129.5 125 121.4 115.6 109.4 104.2 101.3 98.8 99.9 106 113.5 118.6 120.8 122.7 124.2 126 127.2 129 130.9 131.1 130.8 132 131.3 126.4 119.5 110.3 103.4 96.8 91.4 86.1 80.4 78.8 76.7 75.1 78.2 78.7 78.5 81.8 83.9 85.4 86.3 84.8 82.9 81.7 79.1 73.7 72 68.5 62.2 57.4 51 43.5 31.6 17.8 5.8 4.6 4 4.2 4.6 4.8 5.2 5.4 4.6 4.2 3.5 3.5 5.3 3.8 2.7 2.3 1.9 1.6 1.2 0.8 0.4 0 -0.4 -0.8 -1.2 -1.6 -2 -2.3
145.2 144.2 143.5 144.6 143.1 141.5 136.7 131.1 128.8 123.8 119.6 109.5 104.4 102.1 100.6 105.5 111.8 117.1 119.5 121.3 123.8 126.6 127.6 129.2 131 131.7 131.7 132.9 133 128.6 123.2 115.5 109.1 103.7 97 92 86.7 84.1 82.5 80.6 82.4 82.9 80.8 84.5 86.1 87.9 89 88.1 85.6 84.2 82.7 78.4 76.3 74.4 72 66.4 56.7 54.3 49.5 38.7 30.9 19.9 7 4.8 4.8 4.6 5.1 5.3 4.8 4.3 4.8 4.4 3.3 5.2 5.4 2.8 2.4 2 1.6 1.2 0.8 0.4 0 -0.4 -0.7 -1.2 -1.7 -2.4
152.9 151.9 151.5 150.1 149.2 147.7 142.9 136.8 133.5 131.5 128.1 118.9 110.8 105.8 103.3 104.1 109.8 114.7 118 121.1 123.9 126.7 128.6 129.9 131.4 132.2 132.3 133 133 128.7 124.3 118.6 112.1 106.3 100.6 96.5 93.3 89.8 88.2 85.8 86.4 85.3 85.9 87.1 88 89.4 90.4 88.9 86.8 85.4 84 82 79.2 77.4 75.6 70.7 65.7 61.9 58.9 54.4 45.9 40.4 35.1 17.5 6.4 5.5 5 5 5.1 5 5.2 5.4 4 3.3 5.2 5.3 2.8 2.4 2 1.6 1.3 0.9 0.4 -0.1 -0.7 -1.4 -2.1 -2.6
157 155.8 155 153.4 151.9 150.4 145.4 142.2 138.8 135.5 133.2 128.2 121 111.4 108.3 105.5 108.3 113.4 117.8 120.9 123.6 126.8 129.6 130.9 132.2 132.3 132.7 133 131.8 128.8 124.3 118.9 114 108.5 103.8 100.2 97 95.4 92.1 89 90.2 88.8 88.7 89.4 90.2 90.8 90.9 89.8 88.1 86.7 85.5 84.6 81.3 78.3 76.3 72.6 71.1 67.8 64.5 62.2 58.5 52.9 45.5 37.7 27.1 16 6.9 5.1 4.9 5.7 5.6 5.9 4.6 4.4 3.9 4.4 5.9 2.9 2.5 2 1.6 1.1 0.3 -0.4 -1.1 -1.9 -2.6 -2.6
161.3 159.7 158.3 156.6 154.9 154.3 148.7 145.5 142.2 140 137.7 134 130 125.7 116.3 110.8 108.6 113.5 117.6 120.9 123.4 126 129.2 130.5 131.1 131.3 131.7 132.2 130.7 128.1 123.8 119.9 115.3 110.5 107.1 103.7 101.3 99.3 94.6 93 92.4 90.7 90.8 91.6 92.2 92.1 91.4 90.8 89.6 88.4 87.4 85.7 82.8 79.9 77.2 76.1 75.3 74.4 73 68.9 65.2 63 57.4 50.1 44.7 40 33.5 16.1 5 4.1 4.5 4.3 6 6.1 4.5 3.8 3.6 5.6 2.8 2.1 1.3 0.6 -0.1 -0.8 -1.6 -2.3 -2.6 -2.6
