app/static/ascii/SJ20.asc
ncols 200
nrows 200
xllcorner 320000
yllcorner 300000
cellsize 50
[rows 144 to 179 of 200, columns 80 to 159 of 200]
147.2 147.4 147.6 148 148.9 149.8 151 152.9 153.9 156.5 160 164.4 168.5 173.8 178.4 179.6 176.5 167.6 184.1 191 196 198.4 201.7 206.2 208.1 214.7 234.2 254.1 251.9 247.9 243.5 238.1 234 228.5 225.2 223.5 222.8 223.1 228.7 234.9 241.1 245.5 253.3 259.6 272 279.1 286.8 290.7 295.8 295.6 294.5 292.2 288 284.6 281 278.5 279.7 280.6 277.3 276 275.9 276.3 275 274.1 272.1 265.2 243.3 220.4 203 190.6 180.9 171.2 163.3 147.2 148.7 141.7 133.9 127.9 121.8 116.1
146.6 146.7 146.8 148.5 149.2 149.8 150.4 152.6 152.7 154.1 157.8 161.6 165.5 168.8 173.1 174.4 164.8 174.5 182.8 186 190 194.2 198.3 201.1 204.2 212 237.5 249.3 248 244.2 238.5 229.7 221.7 217.2 215 218.5 223.4 229.1 233.4 238.4 245.3 254.7 264.6 270.2 276.7 283 289.7 292.4 292.5 293.6 293.8 290.8 288.2 284.5 279.6 278.5 278.5 271.6 273.6 275.2 276.4 277.3 277.1 274.9 263.8 242.2 220.3 203.2 189.9 179.6 170.2 163.4 155.6 141.7 134.9 129.9 124.6 120.4 115.5 111.9
146.3 145.8 147.4 148.9 149.8 149.9 150.1 150.9 151.8 152.6 155.2 157.5 158.1 158.7 155.5 156.4 160.5 166.4 176.1 180.5 183.7 187.8 191.2 196.9 200.8 219.4 240.4 244.6 242 232.3 221.1 212.8 208.3 208.3 213.6 220.3 227 234.1 240.4 247.5 256.4 264.1 272.7 277.9 282.9 286.8 290.3 291.5 288.9 287.5 286.6 286.3 285 282.2 278.9 270.6 268 268.2 270.7 272.5 276.1 277.4 276.6 261.2 239.9 219 201.8 190.3 179.8 172.6 164.3 156 144 136.8 129.2 125.5 121.1 116.2 112.1 109.4
145.9 145 147.6 148.7 147.7 148 148.7 149.3 150.7 148.7 149 149.3 154.6 159.7 165.8 170 173.3 172.5 170.1 165.2 170.7 179.1 186.4 191.6 199.1 219.5 231.7 229.1 220 208.4 203.7 201.9 202.7 206.8 216.1 226.2 235.1 243.8 251.4 259.4 266.5 271.9 278.6 283.8 286.3 289.5 293.3 290.8 285.3 282 280.6 281.4 280 278.1 267.5 265.2 264.3 265.8 268.2 272.1 275.3 273 255.1 236.4 215.6 201.2 189.4 179.7 172.8 166.1 158.1 144.7 133.7 128.4 124.9 122 118.7 114.9 111 108.7
146.3 144.4 145.5 146.7 146.1 146.3 147.1 146.8 142.7 148.3 151.9 154.8 158.7 164.7 170.7 175.1 178.2 179.2 178.1 177.8 176.8 171.6 175.5 185.7 191.6 205.7 211.6 206.1 201.4 199.6 197.1 197.1 204.6 212.8 223.9 235.3 246.9 254.9 261.4 268 274 278.7 284.4 287.2 288.3 291.9 293.6 288.8 283 278.8 279.4 276.3 268.5 262.8 261 260.4 261.7 265.7 270.7 273.3 267.5 248.9 230.3 212.3 200.1 188.8 179.2 172.3 165.6 159.2 151.2 139.8 128.4 123.5 121.2 118.9 116.5 113.9 111.2 108.5
147.2 144.9 142.6 143.5 144.4 144.5 143.8 139.7 148.1 152.3 156.6 159.2 162.6 167.7 171.7 174.4 178.3 182.4 184.3 186.6 184 181 178.8 174.9 183.8 190.9 192.7 194.4 193.7 192.4 196 201 208.4 219 231.1 243.4 250 254.1 262 271.9 280.3 284.1 286.8 285 287.7 292.2 290.2 282.4 275.4 275.8 270.7 262.2 259.2 257.9 256.7 257 262.9 268.5 271.3 260.3 243.7 225.5 209.2 198.5 188.6 179.9 172 163.7 154 150.6 140.2 130.3 123.7 120.5 117.2 116.4 115.2 113 110.3 109
148.9 146.4 143.4 139.7 141.9 141.4 140.6 146.2 150.3 155.2 159.4 161.8 164.4 167 170.6 174.5 179.3 184.4 188.3 192.7 191.5 186.9 186.4 182 180.4 185.4 186.3 186.3 190.9 194.7 199.4 205.2 213.4 225.1 237.2 243.4 249.2 257.1 266.1 276.9 283.7 284.4 283.8 282.3 287.4 290.3 279.4 272.8 265.9 261.9 259.1 255.9 254.7 254.2 254.7 262.5 269.1 269.2 258.4 238.8 221.3 206.9 196.3 187.7 180.4 173.1 166.8 160.6 156.5 142.1 131.8 125.5 120 117.3 113.6 113.3 112.6 111.7 110.2 108.6
149.3 145.8 142.4 138.9 139.1 137.5 142.2 146.6 150.7 155.3 158.6 161.4 163.7 167.3 170 174.4 179.5 185.2 190.7 196.3 197.5 192.3 189.9 189.2 185.5 185.4 188 192.1 194.8 199.7 204.4 211.2 220.2 230.2 237.7 246.1 255.3 262.8 272.1 280.2 281.4 281 280 279.8 280 273.6 267.7 259.8 257.1 254.5 253.2 250.1 249.5 253.8 260.6 267.1 269.9 260.6 240.3 220.8 206.1 195.1 186.9 180.1 174.2 167.9 161.7 159.1 147.8 137.5 126.1 120.6 116.6 113.8 112.2 110.8 110.8 110.2 109.7 108.3
148.7 145 141.7 138.3 133.7 138.8 143.6 146.7 149.6 153.2 155.7 158.3 161.4 165.5 169.9 174.4 179.5 185.6 192.6 196.9 201.2 196.2 196.1 197.6 197.7 196.4 198.2 199.7 203.4 205.9 210.5 217.5 226.4 234.5 240.8 251.1 261 267.5 271.5 275.8 276.6 280.7 280.7 275.9 266.7 258.2 251.5 249.6 250 247.9 244 242.4 251.7 259.3 265.5 268.1 260.2 240.5 220.4 203.1 193.9 185 178.5 172.8 168.2 164.1 157.9 145.8 139.8 132.2 121.5 116.3 113 111.1 111 110 109.7 109.3 108.7 108.1
146.5 144.7 142.1 138.8 132.9 138.9 143.2 146.3 149.6 151.6 155.9 158.3 162 165.1 169.5 174.5 179.9 185.1 191.3 202.9 204.5 204.7 205.7 210 210.2 207.4 207.1 210.7 212.3 212.2 216.4 221.9 227.3 235.5 244.7 257.7 265.9 267.2 269.2 271.3 276.4 280.1 277.9 264.8 252.8 246.8 243 242.6 241.2 238.1 236.8 244 254.5 263.2 264.9 257.8 239.4 221.4 202.8 191.7 183.5 177.2 171.7 167.3 160.9 157.7 153.8 144 135.2 124.8 117.1 113.4 110.3 108.9 108 108.4 108 108.4 108.4 107.4
143.7 141.9 140.9 138.2 134 141.3 144 144.7 147.6 151.1 155.2 159.6 164.3 168.5 171.2 175.3 180.7 185.7 196.6 207.3 209.2 210.6 212.3 213.9 213.3 211.5 215.1 217.6 217.3 218 218.5 222.2 229.4 238.5 250.9 261 265.6 265.5 264.1 270.2 277.2 272.2 262.2 253.4 244.7 238.8 237.3 236.3 233.7 230.3 235.4 244.7 254.5 258.4 249.5 233.6 216.8 200.9 191.1 183.8 177.2 170.9 165.2 162 159.9 155.5 148.8 138.8 128.3 118.6 114.2 110.6 108 106.9 106.3 106.5 106.7 107.8 107.4 106.8
140 139.1 138.6 136.6 129.7 137.6 140.9 144.3 149.1 153.6 158.2 161.3 167.1 170.1 172.7 175.9 180.8 186.3 200.5 211.5 214.3 216.4 218.9 221.6 218.9 214.6 219.3 221.2 219.3 218.5 219.6 221.9 229.1 242.4 255.4 260.3 258.2 256.8 261.7 267.9 267 264.9 255.2 246 237.4 232.2 231.4 230.6 213.3 230.6 234.5 242.8 245.4 236.1 221.5 209.5 195.6 189.5 182.8 177.4 172.4 166.9 157.3 151.5 149.6 146.6 138.7 130.3 120.7 114.3 110.7 108 105.8 104.9 105.1 105.3 105.5 106.1 106.5 106.4
140.6 138.7 138 137 130.5 131.1 138.8 146 150.1 155.2 162.3 163.1 168.1 170.3 172.6 175.6 180.1 187.5 204.2 215.2 217.4 218.9 225.5 228.4 223.3 215.4 213 216.4 215.5 214.6 215.8 220.6 233.2 244.5 250.3 250.7 249.4 249.3 253.3 255 261.6 257.7 247.3 237.3 229.5 224.2 224.5 216.5 200 221.4 232 237.2 234.8 216.3 202.2 192 185.6 181.4 176.2 171.7 167.5 164 160 147.7 142.7 135.6 128.7 121.3 116 110.7 107.7 105.6 103.9 104.5 104.9 104.9 105 105.1 105.7 105.9
141.3 138.9 137.3 136.7 132.5 127.5 137.7 143 148.7 155.6 163 167.9 167.5 169.7 171.9 175 179.4 186.3 203.5 215 214.7 219.7 227.9 228.7 223.5 216.8 210.3 206.6 207.5 206.4 205.8 215.4 226.6 238.9 240.7 238.9 239.5 238.9 235.4 243.9 255.5 247.7 239.4 230.4 222.6 214.1 205.7 186.1 209 225.8 232.1 228 212.8 200 189.7 183.6 178.5 174.9 170.1 164.4 163.4 159.3 149.2 141.7 132.2 126.8 121.9 117.7 112.7 107.6 104.7 103.3 103.3 104 104.9 105 105.1 105.1 105.1 105.4
140.7 138.6 136.4 135.9 134 129.3 127.2 138.1 146.3 153.3 158.9 166.7 167.9 169.9 171.4 174.3 177.6 181.9 196.2 204.3 213.5 218.8 226.3 229.5 225.4 218.2 211.1 206.3 200.7 195.8 194.9 202.6 212.4 216.4 218.6 219.7 220 218.9 210.1 224.7 235.8 230.2 221.4 214.8 205.2 194.4 175.2 203.4 216.1 226.3 221.7 208.6 196.7 186.9 180.5 176.1 171.7 167.8 164.1 157.9 154.8 151 141.8 133.4 127.6 121.6 117.6 114.1 109.3 104.8 103.4 103.6 103.5 103.7 104.5 105 105.1 105.1 105 106.4
139.2 136.6 135.3 135.1 136.4 134.8 126.3 126.4 141.9 143.4 155.7 163.7 168.7 169.1 171 173.3 176.3 181.2 187.7 197.5 211.7 217.3 222.7 227.7 225.1 217.8 212 205.3 197.4 192.6 187.3 188.4 193.6 196.9 199.9 199.6 196.3 193.1 190.8 201.2 205.1 203.4 197.9 190.9 176.8 177.2 193.8 207.8 217.5 214.9 203.9 191.2 184.1 177.3 172.3 168.6 164.1 159.6 155.8 150.9 143.6 138.7 132.8 127.1 122.1 117.9 114.6 110.7 106.8 104.2 104.1 104.5 103.9 104.1 104.6 104.8 105 104.9 105 107.9
136.8 134.9 134.1 134.1 136.8 137.4 135.5 122.6 127.9 146.2 153 159.5 167.4 169.3 170.3 171.7 175.2 180.7 186.2 191.9 201.3 212.5 216.4 217.9 217.8 215.8 211.9 207.7 204.8 199.2 193.3 183.3 183 183.1 180.5 179 178.6 177.9 174.3 177.3 179.3 178.6 171 156.9 172.2 184.7 200.4 209.3 208.6 200.2 187.5 179.7 173.5 168.4 163.2 160.8 155.3 148.7 143.7 140.6 135.2 130.4 125.3 120.5 116.1 113.5 110.8 107.8 106.1 103.9 106 105.3 103.5 103.7 103.4 103.9 104.5 104.6 105.5 108.4
136.4 134.7 132.5 131.5 134.1 135.4 135.5 130.5 124.3 143.3 150.8 157.4 161.8 165 167.8 169.9 175.1 180.5 185.9 192.7 199.3 204.1 208.4 213.6 215.2 214.4 214.1 212.6 208.6 202.3 193.9 183.2 177.9 173.6 169.7 169.5 166.1 165.8 164.4 158.6 164.6 160.2 148.9 168.8 182.1 187 196.5 198.9 193.2 183.9 175.7 170.4 165.9 160.5 155 149.9 145.4 139.9 135.5 133.2 128.4 124.7 120.4 115.4 112.2 109.8 107.5 105.5 103.6 102.7 105.9 105.8 105.3 104.8 102.8 102.7 103.9 104.3 105.2 108
137 133.9 133.1 133 131.1 125 125.2 121.6 123.4 142 148.4 154.1 154.7 159.2 162.7 167.6 171 177.4 185.3 192.1 193.9 195.8 203.6 208.1 209.3 212.5 210 206.1 201.6 196.9 190.4 183.3 177.9 174.8 172.5 170.6 167.1 163.6 157.9 156 141.5 144.4 165.2 174.6 182 187.7 187.2 181.8 175.7 169.9 165.1 162.5 157.2 152 145.9 140.8 137.2 132.4 127.8 125.5 121.6 118 115.6 112.4 109.8 107.2 105.4 104.1 102.6 101.9 105.7 106.7 106.4 105.7 104.7 104.8 104.8 105 105.1 107.1
139.1 137.3 135.4 135.6 134.2 131.5 125.8 119.2 128 140.4 147.5 150.7 152.8 154.1 159.3 162.9 165.2 172.2 178.3 180.8 181.8 193.2 200.3 201.2 200.5 198.8 196 193.7 191.3 188.5 184.4 179.3 174.7 172.8 172.7 174.1 173 169.2 165.4 161.8 145.4 143.3 163 173.3 176.3 175.1 171.6 169.5 164.2 159.7 156.6 155 150.4 143.4 137.9 134.6 131 125.6 121.5 119.1 116.1 113.6 111.8 109.2 106.4 103.9 103 102 101.1 101.2 105 107.1 107.1 107 105.8 104.6 106.1 105.7 104.3 106.1
141.6 139.9 138.2 137.9 137.2 134.5 128.2 120.6 120.4 136.1 144.2 147.8 150.6 150.7 154.5 157.4 159.6 162.7 167.5 169.2 173.7 182.2 189.6 192.8 192 188.7 188.1 186.4 183.6 182 179.5 174.4 172.1 170.3 173.4 174.9 172.5 169 166.2 165.5 158.1 133.6 141.4 161.6 165.1 161.9 156.9 156.3 153.4 150.2 147.3 146.4 142.1 135.4 130.5 125.7 121.7 118.6 116.6 114.2 112 109.9 108.1 105.8 102.6 102.5 102 100.1 100.1 101.9 102.4 104.9 105.7 107.2 103.5 103.7 106 106.4 104.3 103.9
145.1 143.2 142.1 140.9 138.4 135.2 131 123.3 115.4 126 139.2 146 147.5 148.3 150.2 152.4 154.2 157.1 160.3 162.9 167 170.5 176.8 181.9 185.3 183.7 183.7 183.3 178.7 178.2 175.9 171.6 165.5 166.4 168.7 169.6 168.1 167 165.7 165.6 165.3 141.9 130 146.5 153.3 150.7 147.5 146.9 144.7 141.9 136 133.5 130.1 125.6 121.6 119.2 117.1 114.5 112.5 110.9 109.7 107 105.1 103.7 102.9 102.3 100.6 99.4 101.8 104.3 105.4 103.6 104.3 106.6 103.5 103.4 104.7 105.6 105.3 103.7
147.2 145 143.4 140.4 137.2 133.2 129.2 126 118.4 118.6 133.6 141.6 144.6 147.8 148.1 149.2 150 151.7 154.6 158.8 161.2 163.1 164.6 167.6 171.8 173 175.4 176.8 175.5 169.5 169 165.5 162.4 161 163.7 164.5 164.1 164.4 163.8 162.1 158.8 150.8 125.7 137.9 142.9 141.1 139.3 136.4 134.6 130.5 126.7 123 120.9 119.3 115.7 113.6 112.2 111.5 109.8 108.4 107.3 104.6 102.8 101.9 101.4 100.8 98.8 99.2 103.1 104.5 105.2 106.1 105.3 105.5 104.8 105 104.2 104.6 104.2 102.4
148.7 145.7 142.3 137.8 135.8 131.3 126.9 124.5 119.8 114.5 131.3 137.3 141.7 145.7 145.4 146.1 146.1 147.8 150.5 151.6 153.2 154.5 156.7 158.4 157.2 159 162.3 165 163.6 160 159.2 155 154.7 154.8 157.9 159.9 160.7 161.2 159.5 155.7 151.6 145.9 129.3 126.1 135 133.4 131.3 130.1 123.7 119.2 118.3 115.3 113.7 112.4 109.8 107.2 107.3 110.1 108.3 106.1 105.2 103.4 101.7 100.7 98.8 98.1 97.9 101.3 102.9 106.9 106.5 106.9 106.8 105.3 105.3 104.5 104.4 102.1 100.6 101
148 144.7 141.5 137.9 134.8 132.2 129.4 125.7 120.3 112.9 129.5 132 141.1 142 140.5 142.5 141.5 143 145.1 145.2 145.9 146.7 148.9 153.2 152.3 150.4 151 151.5 151.6 150.8 151.2 148.6 146.4 149.2 152.8 155.5 155.2 155.6 152.9 145.6 142.4 136 131.2 118.5 124.6 125.6 122.7 121 114.5 111 109.3 108.7 105.6 102.4 101.6 102.4 104.3 107.4 108.4 105.8 101.8 101.8 100.9 98.8 97.6 97.6 98.3 100.7 101.4 102.4 102.6 106.8 107.9 107.3 105.8 104.7 101.2 100.3 99.6 102
147.1 143.7 141.9 140.3 139 135.9 131.4 127.3 121.9 113 121.6 129.9 140.9 135.9 135.7 138.8 137.3 138.2 139.6 139.8 140.4 140.5 142.2 145.8 148.2 148.2 145 144.5 145.6 145.5 146.5 146.5 144.4 146.1 149.7 151.5 150.7 146.3 142.9 138.1 131.7 126.2 121.9 115.9 116 117.6 114.5 111.4 108 105.3 103.4 102 100.4 98.9 98.5 100.2 105.5 109.3 109.4 106.2 101.7 99.9 98.8 98.2 97.3 97.7 98.3 97.2 97.7 97.8 101.7 107.5 107.8 106.9 103.5 98.9 100 102.3 104.5 105.6
146.4 144.6 144.8 144 142.9 138.9 133.7 128.3 123.1 114.9 109.9 114 122.4 128.5 132.3 135.2 134.3 133 134 134.3 135 134.9 134.1 137 140.6 143 141.8 137.4 140.4 139.6 141.6 142.4 142.3 143.3 147.1 149.3 147.3 139.2 132.9 129.5 123.3 118.6 115.3 113.3 112.5 110.2 108.4 106 103.7 101.6 99.6 98.8 98.4 97.7 97.6 98.4 102.2 107.1 110.3 109.4 106.7 101.1 98.1 98.1 99.2 96.9 96.3 96.2 96.1 96.8 102 106.5 104.6 99.4 98.2 97.9 104.7 106.5 106.8 106.7
145.3 144.2 144.3 143.5 142 138.4 134 129 124.7 119.8 116.2 108.6 109.8 125 131.4 133.6 132.1 129.4 128.1 128.8 129.8 129.4 128.5 128.3 132.1 134.7 132.5 131.9 133.7 133.3 138.3 139.3 135 143.6 145.8 145.9 142 134.2 124.9 121.3 116.6 114 111.2 109.7 109.2 108 106.4 104.4 102.3 101.3 99 98.3 97.6 97.6 99.8 101.3 103 107.9 109.8 108.8 108.4 103.3 98.6 98.7 98.8 96.6 96 95.9 96 96.3 99.2 97.6 97.2 98.9 105.1 106.7 107.4 107.7 107 106.3
141.1 142.7 141.8 141 140.8 137.5 134.2 130.9 128.6 124.9 121.1 116.2 108.4 110.3 128.2 129.2 129.3 127.8 127.5 125.7 124.9 124 122.5 121.6 124.3 126.6 125.5 125.7 127 128.5 132.8 129.9 138 138.9 139.5 138.3 135.2 129.1 121 115.6 112.1 108.7 107 106.5 105.8 106.1 105.4 103 101.6 100.7 98.8 97.8 97 96.6 98.8 103.1 108.5 106.1 107.8 109.3 109.5 104.3 100.7 100.1 100.4 96.6 96 96.6 96.4 96.3 97.5 96.8 103.1 107.3 107.9 107.9 107.6 107.1 106.7 106.2
140.9 139.8 139.7 139.2 139.2 139.7 137.6 135.5 133.1 129.6 125.7 123.3 113.9 105.6 115.2 125.6 127.7 128.5 129.8 129.8 128.7 123.7 119.9 116.8 116.5 120.4 120.7 122 124.2 124.6 125.4 125.7 131.7 131.5 130.9 129.5 127.1 123.5 118.1 112.1 108 104.6 103.9 103.9 103.9 103.6 103.7 102.1 101 100.2 99.2 98 97.7 96.4 96.4 98.8 101.6 102.2 104.2 104.7 103.1 101.5 101.1 101 99.9 96.8 98.2 99 95.4 95.4 99.6 106.4 107.3 107.1 107.1 107.1 106.9 106.5 105.9 105.1
140 136.9 138.7 140.3 141.4 142.5 141.5 139.8 137.4 133.9 130.4 125.9 119.2 107 108.9 127.9 131.3 134.6 136.8 136.1 132.3 125.9 121.6 119 117.3 112.2 117.4 121.2 122.1 121.2 119.1 121.6 125.4 126.5 126.1 123.1 119.6 115 110.8 107.9 104.1 101.4 101.6 102.1 102.2 101.8 101 102 101.1 100.4 100.7 100.2 99.8 97.9 97.1 96.1 96 97.3 99.5 97.5 97.7 98.6 100.1 101.9 98.9 100.2 102.6 98.8 94.9 97.8 103.2 107.8 107.1 106.7 106.4 106.2 106 105.9 105.6 106
137.2 133.1 135.8 138.1 141.7 142.8 137.1 137.5 135.8 133.6 131.3 128.6 122.1 111.1 106.1 125.2 135.6 142.2 143.9 139.5 133.3 127.1 123.2 121.8 120.3 114.2 116.6 120.3 121.3 120.8 115.3 119.5 121.7 122.3 121.7 117.7 113.9 109.8 106.7 103.3 100.1 98.9 99.7 100.3 100.5 99.9 99.9 100.6 101.8 101.5 101 101.1 101.1 99 97.8 96.7 96.8 95.9 94.5 94.6 95 96.4 98.5 102 103.3 101.9 97.9 95 102.9 105.1 107.9 107.3 106.8 106.4 106.1 106.1 105.9 105.7 105.9 106.2
136.5 131.5 131.4 133.6 134.7 134.6 132.7 129.2 129.7 127.2 125.2 123.4 122.1 108 104.8 123.5 135.3 139.8 139.8 139.4 133.7 127.6 122.7 121.9 120.3 116.5 108.9 113.7 119.2 118.3 115.8 115.6 117.3 117 114.6 112 109 105.7 103.4 99.9 98.7 97.3 98 98.6 98.7 98.6 98.8 99.6 101.4 102.2 102.2 102.3 102.1 100.6 98.7 98 96.8 95.4 93.6 94 94.4 94.2 98 104.3 107 97.6 94.4 101.7 107.3 107.7 107.7 106.8 106.4 106 105.9 106.1 105.9 105.6 106.3 106.3
133.6 130.3 126.4 126.7 127 126.4 124.4 123.8 123 121 119.6 118.2 114.1 103.1 104.6 126.1 131.5 134.1 134.7 137.8 134.1 128.3 123.1 120.5 121.3 120.4 118 106 109.9 114.7 111.7 110.8 112.2 110.3 108.3 105.3 102.6 100.6 99.9 97.4 96.5 95.7 96.3 96.9 97.2 97.7 98 99.3 100.2 101.5 101.8 101.9 102 100.4 98.6 95.6 93.6 92.5 92.8 94.3 95.7 94.7 97.3 103 100.4 93.5 99.1 106.4 106.9 107.5 107 106.3 106.1 105.7 105.9 106 105.8 105.1 105.9 106.1
130.7 127.6 124.5 121.4 120.4 119.3 119.1 118.6 117.5 116.6 115.8 114.9 110.6 101.1 102.5 120.5 125.2 128.2 131 135.3 133.9 129.7 124.3 118.8 117.3 117.3 116.3 113.6 103.3 104.2 107.1 105.4 105.7 104.4 102.4 100 98.3 97 96 94.9 94.3 94 94.6 95.2 95.4 96.5 97.9 99.1 100.1 100.6 101 101.4 101.7 100.5 97.7 93.2 91.6 94.1 94.8 98.9 97.8 96.4 96.3 94.1 92.4 95.2 103.1 107.9 107.7 107.5 106 104.8 106.2 104 103.9 105.7 104.9 104.9 105.2 105.5
127.8 124.8 121.6 118.4 115.6 113.7 113.1 112.9 112.2 112.6 112.1 110.6 108.1 99.4 99.2 115 118 121.8 125.2 128.7 130.6 129.4 124.5 118.8 113.5 112.2 111.1 107.9 105.9 100.5 101.2 100.3 100.8 99.8 97.8 96.2 94.8 93.9 93.6 92.6 92 93.2 93.5 94.1 94.2 94.9 97.3 98.5 99.1 99.5 99.6 99.9 100.2 99.8 97.2 93.9 91.2 91 93.6 97.2 97.6 96.3 100.4 94.4 92.9 99.2 102.6 106.7 107.2 106.7 105.9 103.1 102.2 105.8 104.1 100.8 105.1 104.8 104.9 104.9
