app/static/ascii/SJ21.asc
ncols 200
nrows 200
xllcorner 320000
yllcorner 310000
cellsize 50
[rows 108 to 143 of 200, columns 82 to 163 of 200]
109.6 107 102.8 99.7 95.6 91.1 86.8 84.5 84.4 82.7 80 76.7 74.6 73.8 72.7 72.2 71.9 71.3 70.5 66.6 64.4 65.6 65.1 63.4 62.7 62.8 62.8 62.1 62 62.9 60.6 60.5 60.5 60.4 60.5 60.9 60.8 60.6 60.3 61.7 61.3 60.9 60.2 60.3 60.4 60.4 60.5 60.4 60.4 60.4 60.4 60.5 60.5 60.5 60.6 60.6 60.6 60.7 60.7 60.9 61 60.9 60.9 61 60.9 61.1 61.3 61.2 61.1 61.7 61.6 61.6 61.5 61.4 57.7 62 61.5 61.5 61.4 61.3 61.3 61.2
107.8 102.6 97.8 93.5 89.6 86.9 87.6 87.5 85.7 81.4 78.6 75.4 73 72.1 71.2 71 69.7 68.1 66.7 65.9 64.4 65 64.6 62.5 62.1 62 62 62 61.2 61 60.6 60.6 60.5 60.5 60.4 60.8 60.3 59.9 60.2 61.7 61.3 60.9 60.3 60.3 60.4 60.4 60.5 60.5 60.5 60.5 60.5 60.5 60.6 60.6 60.6 60.7 60.7 60.7 60.8 60.8 60.8 60.7 60.8 60.8 61.6 61.6 61.5 61.3 61.2 61.6 61.8 61.7 61.7 61.3 60.7 62 61.8 61.7 61.7 61.8 61.8 61.7
103 97.3 92.9 89.9 89.3 91.3 91.1 88.7 83 79.4 76.9 73 71.2 70.7 70.3 69.3 68 66.5 66.3 65.8 64.5 63.7 63.6 62.1 61.8 61.7 61.8 61.3 61.4 61.1 60.6 60.6 60.6 60.5 60.5 60.5 60.3 60.5 60.9 61.7 60.7 60.4 60.4 60.4 60.4 60.5 60.5 60.5 60.5 60.5 60.6 60.6 60.7 60.7 60.7 60.8 60.8 60.8 60.8 60.8 60.8 61.1 60.9 60.9 61 61.1 61.4 61.5 61.4 61.6 61.7 61.8 63 60.8 60.6 62.2 61.9 61.7 61.8 61.7 61.6 61.5
96.5 93.2 91.3 93 94 94.7 90.7 85.5 79.9 77.4 74.2 71 69.8 69.2 69.3 67.9 68.3 67.6 67.7 66.7 64.6 64.3 63.3 62.4 61.9 61.9 62 62.2 61.4 61.1 60.6 60.6 60.6 60.6 60.5 60.8 61 61.3 61.7 61.7 60.4 60.5 60.5 60.5 60.5 60.5 60.6 60.6 60.6 60.6 60.6 60.7 60.7 60.8 60.8 60.9 60.9 60.9 60.9 60.9 61.1 61 61 61 61 61.3 61.3 61.4 61.4 61.5 61.7 62.5 61.4 58.1 62.7 62.5 62.2 61.6 61.5 61.5 61.3 61.2
92.7 92.1 94.2 96.6 94.1 90.5 86.4 81.5 78.3 75.8 72.8 71 71.3 70.2 69.1 69.1 68.2 68.9 69.3 68.1 66.1 65.9 64.4 63.1 62.5 62.2 62.3 61.5 61.3 61 60.7 60.6 60.6 60.6 60.6 61.1 61.4 61.5 61.6 61.7 61.4 61.1 60.7 60.6 60.7 60.7 60.6 60.7 60.7 60.7 60.7 60.7 60.8 60.8 60.9 60.9 61 60.6 60.6 61 61.5 61.2 61.1 61.1 61.1 61.5 61.6 61.6 61.5 61.6 61.1 56.7 60 62.2 62.4 62.6 62.5 62.8 61.3 61.2 61.3 61.3
92.6 90.8 90.9 91.8 89.2 86.2 82.4 80.8 79.1 76 72.9 72.2 71.3 69.8 69.1 68.2 69.4 70.8 70.9 69.2 67.2 65.8 64.8 64 63.1 62.6 62.7 61.5 61.6 61.3 60.7 60.7 60.6 60.6 60.6 61.1 61.1 61.3 61.6 61.7 61.1 60.7 60.8 60.8 60.8 60.7 60.7 60.7 60.7 60.7 60.8 60.8 60.9 60.9 60.9 60.9 61 60.6 60.6 61.2 61.8 61.8 61.6 61.4 61.3 61.7 61.7 61.6 61.4 61.7 60.8 58.5 62.5 62.5 62.7 62.4 56.7 57.5 63.5 61.4 61.4 61.5
96.8 91.3 88.1 84.5 83.4 82.4 81.3 81.1 79 76 73.1 71 70 69.4 67.9 67.9 70.4 72.3 70.9 68.7 67.2 66.5 65.7 64.7 63.7 61.7 62.3 61.4 61.1 61.3 61 60.8 60.7 60.6 60.8 60.9 61 61.1 61.3 61.8 60.8 60.8 60.9 60.9 60.8 60.8 60.7 60.8 60.8 60.8 60.8 60.9 60.9 60.9 60.9 60.9 61 60.8 61 60.5 61.3 61.5 61.4 61.2 61.5 61.8 61.6 61.4 61.4 61.6 62.9 61 58.2 60.3 62.6 56.7 61 61.2 58.1 61.5 61.6 61.6
94.5 89.7 85.3 82.3 82 81.9 81.3 80.4 78.9 75.9 73 71.4 70.4 69.4 68.7 68.2 70.2 70.4 69.8 68.3 65.6 66 65.1 64.1 63.1 62.8 62.5 61.5 60.7 61.5 61.5 61.3 61.1 60.9 60.8 60.9 60.9 61.1 60.8 61.9 62.7 61 61 60.9 60.9 60.8 60.8 60.8 60.8 60.9 60.9 60.9 60.9 60.9 60.9 60.9 61 61.1 61.2 61.2 61.3 61.2 61.4 61.7 61.9 61.7 61.5 61.3 61.5 61.7 62 64.1 62.3 62.6 62.4 62 61.9 62.3 58.7 62 61.7 61.8
90.5 85.4 81.9 80.3 80.5 81.5 81.6 80.7 78.6 75.9 74.6 72.1 71.6 70.4 69.7 68.9 68.2 68.1 68.5 67.4 66 65.4 63.8 62.8 62.8 61.8 62 61 60.9 61.2 61.4 61.5 61.5 61.4 61 61.1 61.3 61.6 61.2 61.9 61.3 60.7 60.9 61 60.9 60.9 60.9 60.9 60.9 60.8 60.9 60.9 60.9 60.9 60.9 61 60.6 60.5 60.7 61.1 61.1 61.2 61.7 62 61.8 61.5 61.3 61.4 61.6 61.8 62.3 63.7 62.8 62.7 62.6 62.7 62.6 60.1 62.1 61.8 61.7 62.2
85.3 81.4 79 78.4 78.8 79 78.9 78.9 78.5 77.4 73.9 74 72 70.2 69.4 68.7 67.3 67.3 67 66 65.1 64.6 62.3 63.5 62.8 61.7 61.5 61.1 61 61.3 61.3 61.3 61.4 61.4 60.7 60.7 61 61.2 61.8 61.6 61.2 60.8 60.7 60.8 60.9 60.9 60.9 60.9 60.8 60.8 60.9 61 61 61 61 60.9 60.7 60.6 60.7 60.9 61.1 61.4 61.7 61.8 61.7 61.4 61.4 61.5 61.7 61.8 62.7 63.1 62.5 62.7 62.6 62.7 62.6 56.7 60.6 61.8 61.8 62.5
81.5 77.7 76.7 76.2 75.3 75.2 74.7 74.6 77.1 74.9 75 73.6 72 70.6 69.2 68 66.5 66.2 65.4 64.8 64.2 64 62.6 62.2 62.6 61.2 61.3 61.2 61.1 61.2 61.2 61.3 61.3 61.5 61 60.7 60.7 60.8 61.2 61.9 61.4 61.1 60.8 60.7 60.8 60.9 61 60.9 60.8 60.7 60.8 61.1 61.1 61.2 61.5 61 60.8 60.7 60.7 60.9 61.1 61.4 61.6 61.6 61.5 61.3 61.4 61.6 61.7 61.8 61.9 63.6 62.7 62.3 62.7 62.5 62.3 61.7 62.1 61.9 62.1 62.8
78 75.7 73.7 73.4 72.3 71.5 71.5 72.2 73.1 73.9 72.5 71.3 70.8 69.8 68.6 67 65.5 64.8 64.3 63.7 63.7 65.6 62.9 62.4 62.9 61.3 61.3 61.2 61.3 61.1 61.2 61.2 61.4 61.4 61.1 60.7 60.7 60.7 60.7 61.9 61.5 61.3 60.9 60.6 60.7 60.8 61 61 60.9 60.9 61.3 61.4 61.1 61.1 61 61 61.1 61.2 61.4 61.1 61 61.3 61.6 61.5 61.3 61.4 61.5 61.6 61.8 61.9 62.7 62.6 61 57.3 59.9 56.7 61.5 62.2 62.1 62.9 62.9 63.3
75 73.5 71.6 71 70.3 69.8 70.2 71 69.8 69.2 68.5 69 69.4 68.3 66.6 65.3 64.9 64.5 63.7 63.6 63 65.3 62.7 62 61.5 61.4 61.4 61.4 61.5 60.8 61.1 61.2 61.6 61.3 61.1 60.8 60.7 60.8 61.2 62 61.7 61.4 61 60.7 60.7 60.8 61.1 61 61 61.4 61.7 61.6 61.2 61.2 61.1 61.1 61.1 61.3 61.3 61.4 61.4 61.2 61.5 61.3 61.5 61.6 61.6 61.7 61.8 61.9 62.1 56.7 62.9 62.7 62.3 62.8 62.6 62.5 62.4 63.2 64 64.1
72.6 71.2 70.7 70.3 69.9 70.1 69.1 68.5 68.2 67.7 67.6 68 67.6 66.4 65.7 64.9 64.4 64 63.5 63 62.4 63.6 63.1 61.7 61.6 61.5 61.4 61.5 61.7 61.8 61 61.4 61.6 61.3 61 60.9 61.2 61.5 61.9 62.1 61.8 61.5 61.1 60.8 60.7 60.9 61.2 61.1 61.5 61.6 61.6 61.5 61.3 61.2 61.2 61.2 61.2 61.2 61.3 61.3 61.3 61.3 61.4 61.5 61.6 61.7 61.8 61.8 61.9 61.9 62.3 56.7 62.9 62.6 62.8 62.8 62.7 62.6 63.4 64.4 64.9 64.6
71.8 70 69.8 69.5 70.7 70.8 68.8 68.5 69.3 68.3 67.5 66.5 65.7 65.4 65.2 64.5 64.1 63.9 63.4 63 62.8 62.2 63.1 62.2 61.6 61.6 61.6 61.6 61.6 61.6 61.7 61.7 61.7 61.2 60.9 60.9 61.2 61.5 61.8 62.1 61.5 61.3 61.1 60.8 60.7 61.1 61.3 61.5 61.5 61.4 61.4 61.4 61.4 61.4 61.4 61.5 61.7 61.6 61.6 61.4 61.4 61.4 61.4 61.6 61.7 61.8 61.9 61.9 61.9 61.4 62 61.3 59.7 57.2 61.7 62.8 62.8 63 63.4 64.6 65.8 66.2
71 68.8 68.6 70.5 71.4 71 69.9 67.9 68.2 67.6 67.1 66.4 65.7 65.2 64.6 64.4 64.2 64 63.4 62.8 62.5 62.7 63.3 62.7 61.7 61.6 61.4 61.4 61.5 61.6 61.8 61.7 61.6 61.1 61 61.1 61.1 61.4 61.7 61.9 61.2 61.4 61.4 61.5 61.4 61.4 61.4 61.4 61.4 61.4 61.4 61.4 61.5 61.6 61.7 61.8 62.3 62.6 61.7 61.5 61.5 61.4 61.5 61.7 61.8 61.8 61.8 61.9 61.7 61.4 61.3 64.2 62.3 61.9 60.7 57 62.6 63.4 64.1 65.2 67 69.5
69.1 68.5 70.3 69.3 69.2 70.8 70.1 66.7 65.6 66.4 66 64.9 64.4 64.4 64.4 64.7 64.3 64.1 63.4 62.6 62.6 62.7 65.5 62.4 61.6 61.5 61.3 61.3 61.5 61.6 61.8 61.5 61.2 61.2 61.2 61.2 61.2 61.3 61.9 61.6 60.7 61 61.4 61.7 61.5 61.7 61.4 61.4 61.4 61.4 61.5 61.5 61.5 61.7 61.6 61.5 61.5 62.1 62 61.6 61.5 61.4 61.6 61.7 61.8 61.8 61.8 61.8 61.6 61.5 61.6 63.4 62.7 62.9 62.8 56.7 62.4 63.1 64.1 65.2 68.5 72.4
69.2 68.7 71.5 71.1 68.9 69.2 67.5 67.9 65.7 66 65 64.6 64.3 64.1 64.3 64.2 63.7 63.7 62.9 62.4 62.3 62.5 65.4 62.3 62 61.9 61.4 61.3 61.4 61.5 61.7 61.3 61.3 61.2 61.4 61.4 61.4 61.6 61.3 61.6 60.9 61 61.4 61.8 61.4 61.4 61.4 61.5 61.6 61.5 61.5 61.5 61.5 61.5 61.4 61.4 61.4 61.8 61.1 61.2 61.3 61.5 61.6 61.7 61.8 61.8 61.8 61.8 62 62.1 62.3 62.7 62.7 62.7 62.6 61.4 62.6 63.2 64.2 65.2 69.7 75
70.4 70.8 71.2 71.6 70.1 68.2 67.6 66.7 65.9 65.3 64.9 64.5 64.5 63.6 63.7 64.1 63.3 62.7 62.5 62.4 62.2 62.2 62.3 63.6 63.3 61.5 61.6 61.3 61.3 61.4 61.5 61.2 61.3 61.3 61.4 61.5 61.7 61.1 61.4 61.5 61.1 61.1 61.4 61.6 61.4 61.5 61.5 62.1 62.3 61.5 61.5 61.5 61.5 61.5 61.5 61.5 61.5 61.6 61.3 61.3 61.4 61.5 61.7 61.8 61.9 61.9 61.9 61.9 62 62.1 62.3 63.4 62.9 62.8 60.3 62.9 63.4 63.8 65 67.6 72.1 77.5
73.2 72.6 71.9 71.2 69.9 68.6 67.1 65.7 65 64.7 64.4 64.2 64 63.9 63.2 63.6 63.4 63 62.6 62.3 62.2 62.1 62.5 66.6 62.4 61.8 61.9 61.6 61.3 61.3 61.4 61.3 61.3 61.4 61.5 61.1 60.7 61.1 61.6 61.7 61.8 61.3 61.5 61.5 61.5 61.6 61.6 61.5 61.9 61.6 61.5 61.5 61.5 61.6 61.6 61.6 61.6 61.6 61.5 61.5 61.5 61.6 61.7 61.8 61.9 62 62 62 61.8 62.1 62.3 63.1 63.1 63 58.3 62.9 62.7 63.5 66.4 70.2 74.5 78
73.1 71.7 71.6 70.3 68.8 67.8 66.3 64.8 64.2 64 63.8 63.5 63.5 63.4 63.3 63.6 63.5 63.2 62.9 62.5 62.2 62.3 62.6 62.4 64.8 63.1 62.1 61.9 61.6 61.4 61.3 61.3 61.4 61.4 61.3 61.3 61.2 61.5 61.7 61.7 61.4 61.5 61.6 61.6 61.7 61.7 61.7 61.6 62.8 62.6 62.4 62.2 62 61.8 61.6 61.6 61.7 61.7 61.7 61.7 61.7 61.7 61.8 61.9 62 62 62.1 62.1 62 61.9 64.5 59.6 60.6 63 57.5 62.8 63 64.3 67.3 71.6 75.5 78.8
71.1 71.1 70.4 69 67.4 66.2 64.5 64 63.5 63.5 63.5 63.5 63.4 63.3 63.3 63.5 63.5 63.2 62.9 62.6 62.4 62.4 62.6 62.6 65.2 63 62.2 62 61.9 61.9 61.8 61.7 61.5 61.4 61.3 61.3 61.3 61.6 61.8 62 61.9 61.6 61.7 61.8 61.9 61.9 62 61.9 62.8 62.5 62.3 62.1 61.9 61.7 61.6 61.7 61.7 61.8 61.8 61.7 61.7 61.8 61.8 61.9 62.1 62.1 62.1 62.2 62.2 63.7 57.4 62.7 61.3 62.8 59 62.7 63.5 64.6 68.7 72.9 75.1 78.6
69.7 68.9 68.5 67.2 65.2 64.6 64.2 63.9 63.5 63.5 63.5 63.5 63.5 63.4 63.4 63.5 63.6 63.2 63 62.8 62.6 62.6 62.8 62.7 62.3 63.1 62.3 61.9 61.9 62.1 61.8 61.6 61.5 61.3 61.3 61.3 61.4 61.7 61.9 61.8 61.3 61.6 61.8 61.9 62.1 62.1 62.2 62.2 62.7 62.5 62.2 62 61.8 61.7 61.7 61.7 61.8 61.8 61.8 61.7 61.8 61.9 61.9 62 62.1 62.2 62.2 62.4 63.5 58.7 63.1 63.1 62 57.5 62.2 62.7 63.6 66 70.2 73.5 76.9 83.2
68 67.1 66.3 65 64.4 64.5 64.3 63.9 63.6 63.4 63.5 63.5 63.5 63.5 63.5 63.6 63.6 63.4 63.2 63 62.8 62.9 63 62.6 62.3 64 62.4 61.8 61.9 62.1 61.9 61.7 61.5 61.3 61.3 61.3 61.5 61.8 62 61.6 61.5 61.9 61.8 61.9 62.3 62.3 62.4 62.4 62.7 62.4 62.2 61.9 61.7 61.7 61.8 61.8 61.8 61.8 61.8 61.8 61.9 62 62 62.1 62.2 62.6 63 63.4 64.1 58.2 63.1 63.1 63.1 62.9 62.6 62.6 63.6 67.7 71.3 75.8 80.1 101.7
66.3 65.7 65.1 64.5 64.2 64.4 64.2 64 63.6 63.4 63.5 63.6 63.6 63.5 63.6 63.7 63.8 63.6 63.4 63.3 63.1 63.1 62.9 62.4 62.1 62.4 64.7 62.1 62.4 62.2 62 61.7 61.5 61.3 61.4 61.5 61.8 62.1 62.2 62.5 61.8 62.1 61.8 61.8 62.3 62.5 62.6 62.7 62.7 62.4 62.2 62 61.8 61.8 61.9 61.9 61.9 61.9 61.8 61.9 62 62.1 62.2 62.2 62.4 62.6 62.3 63 61.8 60.6 61.6 63.1 62.9 62.7 62.5 62.5 64.7 68.3 72.5 77.5 91.1 112.3
65.4 64.9 64.5 64.3 64.2 64.3 64.2 64 63.7 63.4 63.4 63.5 63.6 63.6 63.7 63.1 63.7 63.8 63.7 63.5 63.3 63.3 62.7 62.1 62.4 63 62.4 63 62.2 61.9 61.6 61.6 61.6 61.6 61.7 61.7 61.8 62 62.2 62.6 62.3 62.4 61.8 61.7 62.3 62.7 62.8 62.6 62.7 62.5 62.3 62.1 62 62 62 62 62 62 61.9 61.9 61.9 62.2 62.3 62.4 62.4 63.7 62.9 62.8 61.8 61.5 58.4 63.1 63 62.9 62.5 62.8 66.2 69.8 75.4 82.6 100.9 120.1
64.9 64.7 64.5 64.4 64.3 64.2 64.1 63.9 63.8 63.5 63.3 63.4 63.9 63.4 63.8 62.9 63.5 63.9 63.8 63.7 63.5 63.1 62.5 62.2 62.4 62.1 62 65.7 62 61.9 61.9 61.9 62 62 62 62.1 62.2 61.8 62.9 63 62.4 62.4 62.2 61.7 62.4 62.3 61.8 62.1 62.5 62.6 62.4 62.2 62.1 62.1 62.1 62.1 62.1 62 61.9 62.1 62 62 62.1 64 63.8 64 62.5 60.6 58.2 57.4 62.2 63.2 63.1 63.1 62.7 64.9 68.3 72.4 79.5 89.7 109.9 125.3
64.9 64.7 64.6 64.5 64.4 64.3 64.1 63.9 64 63.1 63.7 63.7 64.2 64 64 63.7 63.1 63.6 63.9 63.8 63.6 63.2 62.6 62.5 62.4 62.3 62.3 62.1 63.2 62.4 62.4 62.4 62.4 62.8 63 63.2 63.1 62.5 63.5 63.3 61.8 62.3 62.7 62.7 62.5 61.7 61.7 61.8 62.1 62.4 62.5 62.3 62.2 62.2 62.2 62.2 62.2 62.1 62 62 62.1 62.1 64.6 62.7 58.2 63.4 63.4 63.4 63.3 63.3 63.3 63.4 63.4 63.4 64.1 67 70.6 74.3 83.4 102.9 116.9 117.6
65 64.8 64.8 64 64.5 64 64.2 64 64.4 64.2 64.3 64.4 64.3 64.2 64 63.6 63.3 63.4 63.6 63.8 63.5 63 62.8 62.6 62.5 62.5 62.6 62.7 63.5 63.4 63.1 63.5 64 64.4 64.3 64.8 65.4 64.3 62.8 63.4 62.5 62.1 62.8 62.4 61.9 61.9 62 62 62 62 62.3 62.4 62.3 62.3 62.3 62.3 62.2 62.1 62 62 62.2 62.1 62.6 62.6 62.4 63.3 61.6 63.6 63.7 63.6 63.4 64 63.9 64 65.8 69.2 72.5 79.8 88.9 96.7 105 109.4
65.1 65 65.1 64.1 65 64.9 64.9 65 65.1 64.9 64.7 64.3 64.4 64.2 63.9 63.6 63.3 63.5 63.8 63.8 63.3 62.9 63.3 63.5 62.8 62.7 62.8 63.4 65.1 65.8 64.9 64.9 65.5 65.6 66.4 67.2 67.6 65.7 63.1 63.5 63 62.4 62.3 62.2 61.9 62.1 62.2 62.2 62.2 62.3 62.3 62.3 62.4 62.4 62.4 62.4 62.3 62.2 62.1 62 62.3 64 63 63.1 62.2 63.5 62.6 62.8 62.4 63.7 63.5 64.6 64.3 65.8 68 70.8 74.5 83.9 89.9 94.7 99.7 106.7
65.1 64 65.3 65.4 64.9 65.5 65.6 65.6 65.3 65.1 64.9 64.7 64.5 64.2 63.9 63.6 63.3 63.5 64 63.6 63.2 63.4 63.8 64 64 65.4 65.9 67.1 67.2 67.4 67.1 66.7 68 69.1 69.8 70.1 69.4 67.3 64.8 64.6 63.3 62.7 62.6 62.4 61.8 62.2 62.3 62.4 62.4 62.4 62.4 62.4 62.4 62.4 62.4 62.4 62.5 62.3 62.2 62.1 64.3 63.3 63.5 63.3 59 63.8 57.9 63.5 58.9 63.7 63.7 65.8 65.2 67.4 69.9 72.4 76.3 85.3 89.9 94.3 99.3 106.4
64.9 65.1 65.9 66.1 65.9 66.2 66.2 65.9 65.4 65.1 64.9 64.7 64.7 64.5 64.1 63.7 63.4 63.6 63.6 63.3 63.6 64.1 64.5 65.4 68.2 69.2 70.2 71 71 70.5 70.1 69.9 71.4 73.2 74.6 72.9 71.3 68.6 65.7 64.6 63.2 62.8 62.6 62.6 62.4 62.2 62 62.4 62.4 62.4 62.4 62.5 62.5 62.5 62.5 62.5 62.5 62.5 62.5 63 63.3 63.9 63.5 57.6 63.3 62.4 63.4 63.5 63.6 58.2 64.2 66.7 66.3 68.3 71.3 74 78.2 83.3 88.3 93.4 99.5 105.8
65.9 65.9 66.5 66.6 66.8 66.8 66.4 65.9 65.4 65.1 64.9 64.9 64.8 64.6 64.4 63.9 63.5 63.6 63.3 63.4 64.2 65.2 65.9 68.8 71.8 74.6 76.1 77.5 76.3 73.6 72.7 74.5 74.8 80 78.7 73.7 72.9 70.2 66.5 64 63.3 63 62.6 62.5 62.4 61.7 61.6 62.2 62.4 62.5 62.5 62.5 62.5 62.5 62.6 62.6 62.6 62.5 62.5 63.9 63.3 63.5 60.5 58.7 60.7 63.6 62.9 63.8 63.7 60.2 65.6 67.2 67.2 69.4 72.4 75.7 79.7 85.5 89 94.1 100 105.5
66.9 67 67 67.1 67.2 66.9 66.4 65.9 65.4 65.2 65.1 65 65 64.8 64.6 64.3 63.9 63.4 63.6 63.7 64.7 66.7 69.2 73.4 76.9 81.7 84 84.5 79.3 75.1 76.1 80.6 83.5 83.1 81.4 74.6 73.8 72.7 67.7 63.8 63.3 63 62.7 62.6 61.8 62.6 62.6 62.5 62.5 62.5 62.6 62.6 62.6 62.5 62.6 62.6 62.7 62.7 62.9 63.7 63.1 63 63.6 60.3 63.8 58.2 60 63.7 63.9 58.2 66.6 67.5 68.5 70.3 74.3 77.5 81.7 86.1 90.5 95.5 99.6 104.7
67.8 67.9 67.2 67.4 67.4 66.7 66.4 65.9 65.4 65.2 65.2 65.2 65.1 65 64.7 64.5 64 63.7 64.3 64.7 65.7 68.7 73.7 78.5 83.3 89.1 91.1 84.5 79.2 77.1 79.8 83.5 85.3 84.4 83.4 77.5 77.9 71.2 66.4 64 63 62.9 62.7 62.6 62.6 62.6 62.5 62.5 62.7 62.7 62.7 62.7 62.7 62.4 62.5 62.5 62.5 62.6 64.2 62.8 63.8 63.9 63.7 64 63.8 61.9 63.6 58.8 59.8 64 66 67.6 67.7 70.1 74.9 78.6 83.3 86.6 91.6 96.1 99.9 104.1
68.7 68.1 67.4 67.6 67.2 66.5 66.2 65.8 65.4 65.3 65.2 65.3 65.3 65.1 64.9 64.2 64.1 64.5 65.6 66.9 68.5 72.5 78 84.6 91 96.3 90.5 84.1 80.9 80.6 84.6 86.9 87 86.2 85.2 80.7 74 68.3 64.1 63.9 63.3 62.8 62.7 62.6 62.6 62.6 62.5 62.5 62.9 62.9 62.9 62.9 62.9 62.5 62.4 62.4 62.4 62.7 62.9 62.8 63.7 63.8 63.8 61.4 62.1 63.9 63.8 63.5 63.4 63.9 66.2 68.1 68.6 71.8 75.4 79.1 83.2 86.8 91.2 97.8 103 107.3
