app/static/ascii/SJ23.asc
ncols 200
nrows 200
xllcorner 320000
yllcorner 330000
cellsize 50
[rows 140 to 174 of 200, columns 78 to 155 of 200]
401.4 399.4 399.4 398.4 397.2 395.8 394.4 392.3 388.9 384.6 379.1 372.8 366.9 362.3 357.3 354.3 351.9 349.5 347.4 346 345.7 344.4 343.2 342.4 342.1 341.3 339.9 338.5 336.3 333.5 330.6 328.9 328.8 326.8 325.3 320.5 317 317.9 316.7 312.4 309.1 305.1 301.7 299.8 300.2 299.3 298.7 299.4 300.2 300.6 297.2 293.8 284.5 276.5 269.7 267.3 266.2 263 258.1 254 246.9 242.1 239.6 231.6 222.2 219.3 218.2 213.9 209.6 208 204.7 201.4 199.9 199.7 198.7 192.7 185.6 182.1
398.1 395.5 395.5 395.1 393.6 392 390.7 388.2 384.4 379.3 374.4 368.1 363.1 358.8 354.5 352 349.8 347.4 345.5 344.3 344.3 343.4 342.2 341.9 341.5 340.7 339.2 337.7 335.5 332.9 329.7 325.9 324.1 322.1 320.3 314.5 312.3 314.6 313.9 310.7 307 301.5 297.1 294.6 294.3 293.6 293.9 294.6 295.3 296.3 294.9 291.6 281.1 273.1 267.6 264.1 264.6 258.8 255.9 251.4 245.8 240.8 236 228.6 222.8 219.6 217.7 214 210.7 209.3 206.2 202.8 201.3 198.3 196.7 192.2 184.3 182.1
393.5 391.4 390 389.2 389 387.4 386.4 384.4 380.9 377 371 365.2 361.1 357 352.9 349.4 347.3 345 343.5 342.6 342.6 342.3 341.7 341.3 340.8 339.1 337.5 335.9 333.1 330.5 327.7 322.1 319.4 316.8 313.9 311.7 307.5 310.3 310.9 307.6 303.7 297.8 291.6 288.4 286.4 288.1 288.7 289.5 289.8 287.3 286.9 284.5 278.4 272 267.3 265.3 265 260.6 255.6 251.1 245.9 241.8 238.8 235 222.8 219.4 217.2 214.5 211.6 210 206.8 205.1 203 199.9 196.9 191.8 183.6 181.7
384.2 381.5 383.1 382.5 382.5 382.2 382.2 381 377.7 372.9 367.5 363.6 359.5 355.5 351.4 347.7 344.5 341.3 340.1 340.8 340.8 340.7 340.3 340.1 339.6 338.6 335.5 333.8 330.9 327.9 323.9 319.5 315.5 311.7 308.4 307.8 305.1 305.2 305.6 303.5 298.5 292.9 284.5 280.6 280.2 281 280.9 282 282.3 280.6 278.7 278.1 276.5 272.5 270.4 267.2 263.2 259.3 255.3 250.8 246.6 243.5 237.8 233.7 227.1 219.5 217.4 216.7 211.6 210.9 209.6 207.3 204.2 201.3 198.3 192.5 186.2 183.6
371.7 370.2 372.2 375 372.8 374.3 375.9 375.7 373.1 368.7 363.4 360.6 357.1 353.3 349.4 345.1 339.4 331.8 334 338.3 338.8 338.8 338.3 337 336.8 336.4 334.2 331.6 328.8 325.7 321.5 317 312.6 308.2 303.3 303.9 304 302.8 302.8 299.7 293.5 289.7 278.1 276 274.4 274.3 273.6 273.5 273.1 273.1 273.8 273.4 273.2 274.3 272.4 265.8 261.3 258.1 253.9 250.1 246.2 241.5 235.3 233.4 229.3 219.3 215.7 216.8 213.1 210.6 209.2 207.5 203.4 200.5 196.5 191.7 187.7 183.7
358.5 356.5 359.5 361.9 363.8 366.4 367.9 368.8 367.1 364.6 359.4 357.1 353.8 350.5 346.8 342.4 335.9 322.1 327.1 335.2 337.7 338.2 337.8 336.9 333 330.6 328.8 326.4 326.2 323.8 319.6 315.4 309.1 302 299.9 299.9 302.2 304 300 294.2 289.8 285.2 278 278.4 274.9 272 270.2 268.6 268.2 268 267.2 267.9 271.4 270.4 269.9 266.4 261 256.7 251.6 247.3 242.3 237.1 234.4 231.3 226 217.2 215.1 213.3 210.8 208.6 206.2 203.8 200.9 197.7 194.8 192.4 188.6 185.1
339.2 337.5 344.2 346.6 348.3 354.1 360.2 361.6 361.1 358.8 355.5 353.7 350.4 347.1 343.8 338.7 329.9 311.1 319.7 332.5 336.6 337.8 337.3 336.8 335.5 334.1 332.3 329.7 324.7 322.5 319.8 312 306.9 301.1 299.3 297.3 295.6 297.1 292.8 288 284 282.9 287.9 289.9 284.9 278.9 275 271.1 267.5 265 263 264.2 265.8 267 267.4 265.9 262.8 257.1 250.3 245.5 241.9 235.9 233.8 229.8 223 214.2 212.7 211.3 208.6 206.1 202.9 201.2 198.2 194.5 193 192.9 189.7 187.4
320.1 320.2 328.7 331 332.3 339.4 347.1 349.2 350.1 350.6 349.9 350.1 346.5 342.6 339.5 334 316.4 302.4 318.4 333.7 337.1 336.6 336.2 335.8 334.6 332.9 331.2 328.7 326.5 323.4 319.6 313.9 304.3 306.4 315.1 310.7 299.4 295.4 294.2 292.3 291.2 293.2 298.6 297.2 292.3 286.4 282.8 279 273.8 267.9 263.6 262.5 262.3 263.5 264.8 265.2 262.5 257.7 251.4 247 242.1 234.6 232.6 228.2 219.3 212.4 210.4 209.1 207.8 207.8 205.8 202.1 198 193.7 192.8 192.3 190.3 187.7
305.4 306.3 313.1 314 312.6 319.8 325 328.1 330 332.1 335.4 335.3 339.2 338.4 334.1 327.1 304.3 301.8 318.5 333.1 335.6 335.3 334.5 333.4 331.9 330.2 328.2 324.4 319 317.8 315.6 311.3 305.1 314.3 322.6 322 316.9 309.7 306.4 307.5 308.8 308.5 307.3 303.9 299.1 294.2 289.8 285.1 280.3 275.1 268.3 263.6 259.5 260.2 266.2 269.5 266.9 260.2 255.1 249 243.7 239.2 231.4 223.6 215.1 211.2 209 207.9 207.5 207.6 206.9 204 200.9 196.2 192 190.3 188.2 184.9
293.7 296.5 298.6 298.9 299.6 301.1 304.1 305.5 306.9 307.9 311 312.6 316.3 320.2 322.5 314.5 296.5 303 318.9 329.7 332.7 333.2 332.1 331 329.4 327.6 322.4 316.4 313.5 312.7 312.4 310.3 310.1 314.9 327.2 328.2 326.7 321.4 319.3 318.6 317.2 315.5 311.9 308 303.2 299.2 295.2 291.2 286.4 281.4 274.7 265.8 258.4 258.9 265.7 278.2 274 262.7 256.3 250.4 245.1 240.8 231 219.9 215.3 213.6 211.4 209.7 209.6 209.7 207 203.6 201.4 197.9 194.2 191.4 184.2 181.3
281.3 282.7 285.9 286.1 286.9 286.4 286.5 287.8 288.2 289.2 290.4 290.9 293.6 298.5 302.7 298.4 285.1 303.5 318.5 327 329.4 330.6 329.8 328 324.6 321.2 317.8 313.1 311.6 312.4 312.5 312.7 316.4 322.1 327.1 328.7 328.5 326.2 326.4 324.8 322.3 318.3 314.3 310.9 306.8 302.8 298.8 294.7 290.2 285.2 278.8 267.9 257.6 259.7 270.7 282 276.5 266.9 257.5 251.6 245.7 240.6 232.8 221.2 223.2 220.5 215.8 213.2 213.3 211 207.5 204 201.4 199.1 196.3 193 188.8 182.5
284.4 281.8 278.6 278.1 275.8 275.1 274.6 274.8 273.8 274.8 275.9 275.2 277.9 280.7 280.7 277 282.3 302.4 316.2 324 326.5 328.8 327.5 324 320.6 318 315.7 314.1 317.9 317.9 319.3 320 322 326.2 331 332.9 331.6 331.7 332.8 330.4 326.2 321 316.5 313.2 309.8 305.7 301.5 296.9 292.2 287.8 277.5 266 257.4 266 274.7 282.5 275 267 259.4 252.2 249.1 241.7 235 226.9 230.2 232.1 226.2 215.9 214.5 213 209.6 205.3 201.9 200.2 198.3 194.3 190.8 185
294 292.9 292 285.4 278.4 276.9 274.7 273.7 270.3 268.3 266.6 267.7 268.5 270.7 270.1 273.7 292 301.6 310.3 320.2 326 326.7 324 320.7 317.8 315.8 314.4 315.6 319 320 321.8 324 325.9 330.6 335.1 339.3 338.8 338.1 336.7 333.6 329.6 323.4 318.5 315.6 312.2 308.1 304 299.4 293.7 286.3 271.9 265.2 258.8 276.1 281.3 283.3 276 269.6 260.1 250.8 248.1 241.3 235.5 229.1 229.8 233.3 231.6 227.3 218.5 215.3 210.8 205.9 202.4 200.8 201 197.2 191.3 185.3
308 307.6 304.1 299.3 291 285.5 283.4 281.1 276.7 271.7 268.9 267 263.8 263.5 266.4 271.8 286.3 288.5 307.5 321.8 323.3 322.7 320.2 317.9 316.4 314.8 313.8 315.7 318.5 319.6 322.4 326.4 329.8 333.8 340.1 346.6 348.2 346 341.9 335.4 330.4 325 320.3 316.7 313.3 309.1 304.7 299.4 294.3 282.9 272.8 258 263.8 278 275 273.2 267.3 262.2 255.6 246.8 238.5 233 229.8 227.1 221.8 226.4 229 229.6 220.9 218.3 209.9 202.5 205.2 205.6 204.3 197 189.9 183.7
316.4 312.8 309 305 298.4 294.9 294 290.7 287 278.8 272.4 268.9 266.7 263 261.8 267.6 274.8 292.4 315.1 323.9 322.1 319.2 317 315.5 313.9 312.2 313.5 314.3 316.2 320.2 324.1 327.9 332.1 337.4 344 348.9 350.5 350.1 343.2 337.4 332.4 327.1 322.6 318 314 309.7 304.4 299.1 293.6 280.7 271.6 257.9 252.1 256.2 260.9 262.3 256.6 249.9 248.3 238.5 224.9 219.8 214 212 210.8 214 213.6 214.8 216 214.1 205.1 206.7 207.9 209 207.2 195.9 188.2 181.1
319.1 315.9 312.8 309.3 305.2 302.3 301.1 300.1 298.3 292.7 283 278.2 270.6 265.7 261.7 261.2 270.9 290.9 316.4 317.4 320.9 315.5 313.9 312.7 310.2 309.1 310.8 313.1 316.9 320.7 326 329.8 334.9 341.2 347.4 352.2 355.2 353.2 346.1 340.3 335.3 329.2 324.1 319.6 315.1 309.9 304.8 298.9 291.6 281.7 273.9 267.4 264.5 258.6 252.7 244.7 239.3 239.9 240 227.6 218.6 219.9 218.3 213.6 208.7 204.8 203.8 204.7 205.3 205.1 211.1 211.2 212.4 210.6 202.5 193.8 184.6 177.9
320.4 318.4 315.3 311.9 308.6 306.2 304.2 301.6 299.1 295.7 291.9 283.9 275.4 269.1 263.6 258.5 265.8 289.6 315.4 312.7 317.2 313.1 311.3 309.9 307.2 306 307.3 310.6 317.4 322.9 327.9 332.1 338.9 343.3 349.5 353.2 354.7 353.5 349.6 345.6 337.3 331.3 325.9 321.2 317.5 311.3 305 299.1 293.1 284.1 281.3 281.5 282.1 278.2 271.2 256.3 246.5 232.7 229 222 227.9 230 230.9 228.6 223.3 212.4 205.5 198.8 198.1 206.6 213.3 214.2 212.7 206.2 198.9 190.1 180.4 174.2
321.4 318.9 317.2 314.2 311.2 308.3 305.3 302.5 299.3 295.8 293 289.1 281.4 272.8 264.4 258.6 262.1 288.6 315.5 320.8 313.4 311.4 309.2 306.6 303.2 302.9 307.4 313.2 320.6 324.8 330 335.2 341.7 347.1 352.5 353.5 354.1 353.3 350.4 349.3 341 332.6 327.3 323 318.7 313.5 307.8 302 295 289.5 290.3 295 292.8 287.1 278.8 266.6 255.2 245.9 233.6 231.6 235.5 237.8 239.1 236.4 230.1 220.5 208.9 196.8 198.7 210.1 215.7 213.4 208.2 201.8 193.8 183.2 176.4 172
321.1 319.2 317 314.6 311.6 308.5 305.5 302.1 298.7 294.4 292.3 291.7 286.1 275.2 263.9 257.9 263.1 289.4 313.6 315.1 311.2 308.5 304.7 302.1 299.4 305.4 312.1 317.4 322.7 327.5 331.8 338 343 347.4 352.9 353.6 354.1 352.9 350.7 348.8 345.3 334.6 328.7 324.6 319.7 314.6 309.2 303.3 300.1 298.2 296.5 299 295.6 288.5 280.8 272.7 267.7 259.6 250.6 247.4 248 248.7 246.6 241.9 235.9 222.2 205.2 195.6 196.7 207.5 207.3 204.5 202.5 196.2 186.9 178.6 175.5 177.4
320.3 317.9 316.2 314.1 311.1 308.1 305.1 301.8 298.1 293.7 290.1 288.2 283.7 275.7 265.1 257.2 262.9 290.9 306.5 309.3 307.6 303.8 300 297.6 301.1 309.2 316.6 322.6 327.8 330.2 333.6 339.6 343.5 347.3 353.3 353.9 351.7 351.7 349.8 347 343.7 334.2 328.8 324.9 320.5 315.4 309.8 306 302.6 304 303.7 301.3 296.9 292.1 285 282.4 277.6 269.7 263.9 259 255.7 253.9 248.7 242.5 235.7 220.5 204.5 195.3 191.3 190.4 191.9 192.3 190 185.1 180.3 177.6 182.3 183.1
318 316.3 314.5 313.1 310.5 307.3 304.1 301.4 297.6 293.4 289.4 284.9 280.4 272.1 264.3 256.5 263.4 289.9 309.8 305 302.1 297.9 294.5 298.1 303.9 310.5 318.1 326.5 330.6 331.8 335.9 340.4 343.4 347.2 352 351.7 349.6 349.4 348.6 345.9 342.3 335.2 329.9 325.1 319.8 315.8 312.1 308.7 306.9 306.5 305.1 304.4 299.9 296.1 291.9 287.1 282.2 278.6 274.3 266.7 261.8 256.1 248.5 242.3 235 221 214 209.2 198.3 196.1 190 186.4 184.3 181.6 178.3 184.9 189 189.4
310.9 311.5 311.5 310.7 308.6 305.8 302.6 300.1 297.1 293 288.8 283.7 277 269 261.6 255.6 262 291 307.3 303.3 299 293.5 293.3 303.3 305.6 312.1 320 326.3 329.4 332.1 335.5 339.4 342.5 346.2 348.7 348.1 347.3 346.9 346.6 344.5 341.9 335 328.8 325.9 321.2 317.1 313.6 310.2 309.1 307.3 305.8 303.9 302.6 300 297.8 292.4 288.7 285.9 281.8 274.4 266.6 259.3 251.1 244.8 239.9 228.7 222.1 222.5 217.1 209 203.8 198.6 189.2 182.7 179.1 188.3 194.2 195.8
299.8 302.1 303.8 306.8 305.9 303.2 301 298.4 294.6 290.4 285.9 280.4 274.1 266.5 261.6 253.4 261.6 293.3 304.1 300.6 293.8 291.9 288.9 294.5 300.3 310.1 320 326 330.4 332.8 335.3 338.4 340.6 343.3 345 345.3 344.9 344.6 344.3 342.8 341.6 335 329.5 326.7 322.5 318 314.8 311.8 308.8 306.2 305.7 305.3 305.1 302.1 300 296.9 293.8 291 286.9 279.7 271.9 264.7 256.3 248.7 242.3 236.8 230.3 227.9 226.9 220.3 212.1 205 195.3 185.1 181.4 187.8 193.8 196.4
291.3 291.1 293 297.6 300.2 298.8 296.1 293.8 290.8 286.7 280.8 275.5 269.7 263.6 258.5 248.4 273 295.5 301.2 296.1 289.5 288.3 284.4 298.1 310.2 317.6 322.8 328.6 333.8 336.9 339.2 339.6 340.9 342.6 343.3 343.6 343.3 342.9 342 340.4 339 336.9 329.7 325.3 321.6 318.8 315 314.3 313.9 307.4 307.5 307.9 307.4 305.2 304.2 300.1 297 294.3 290.7 284.9 276.4 269.4 261.9 253 246.7 241.4 236.5 230.6 228 220.9 214.8 203.9 193.5 184.7 184.3 191.1 196.6 197.8
292.5 288 286 286.4 289 291.5 290.1 287.2 285 282.3 276.6 269.4 263.2 258.6 253.6 248.4 278.5 294.7 297 290.6 284.5 278.9 289.7 301.4 311.3 320.8 327.6 334 337.7 340.6 341.9 342.5 344.1 345.3 343 342.1 341.4 340.4 339.5 338 337 339.4 333.1 325.2 322.5 319.5 317.1 313.9 312.3 310.9 309.9 309.5 309.8 308.2 305.7 302.8 298.7 296.6 292.2 287 280.1 273.7 265.1 255.3 245.8 239.5 236 233.3 228.7 221.6 212.7 200.9 189.3 184.7 190.4 197.1 200.1 200.3
301 297.2 291.6 285.6 282 280.5 282.6 280.4 278.3 278.1 270.4 264.4 258.5 253.1 249.6 253.1 280.1 289.8 288.3 282.8 276.6 281.4 292.6 305.6 315.8 324.4 332.1 336.3 341 342.5 344 345.3 348.9 347.4 342.4 340.6 339.2 338 336.9 336.2 335.6 337.2 332.2 325 322.4 319.9 318 314.9 315.6 313.6 312.6 310.9 310 307.4 305.4 302.6 298.7 294.3 289.5 285.6 279.1 272 263.5 254 246.1 239.9 231.8 228.2 224.6 219.8 211.8 200.9 189.4 188.7 196.6 203.2 205.3 203.2
309.1 303.8 298.3 291.4 286.1 281.3 275.2 269.5 268.5 267.8 264.4 261.3 254.5 250.7 246 258.6 274 283.2 275.2 269.9 271.2 283.1 296.3 310.4 320.2 330.6 335.7 340.8 342.9 344.4 346 350.1 350.2 344.4 341.5 339.6 337.9 336.6 335.4 334.4 334.3 333.7 330.9 328.3 324.8 320.6 318.5 317.7 317.5 316.4 314.5 312.4 310.1 307.2 304.2 300.7 296.4 289.8 286.2 282.4 275.1 268.3 259.4 248.6 242.2 232.8 222.2 216.5 214.7 213.3 210.7 201.7 189 190.8 200 207.3 207.3 204.9
315.4 305.2 299.5 294.1 291.2 287.3 279.6 275.5 270.9 265.3 260.1 254.4 251 248.4 242 257.9 264.4 258.1 265.1 271.2 274.9 284.1 298.6 313.1 327.1 335.6 340.3 343.4 344.2 345.3 347.3 351.6 346 342.2 340.5 338.7 336.8 335.2 333.9 332.4 333.3 334.3 332.3 333.4 330.9 324.5 321.5 320.2 320.3 319.2 317 312.7 309.5 304.8 300.7 296.6 289.6 284.6 281 276.3 269.9 262.7 254.4 242.4 234.8 223.6 213.6 207.4 204.1 205.1 204.2 198.4 189.2 190 198.8 208.1 209.2 205.6
317.6 304.9 296.7 291.7 289.8 289.6 283.2 278.5 273.9 269.7 262.7 256.8 252.7 247.1 243.3 251.1 250.3 265.6 266.9 268.2 274.9 285.4 302 317.7 330.6 338.2 343.2 346.9 345.5 345.7 346.5 349.6 342.5 340.3 338.3 336.7 335.2 333.7 332 330.6 331.3 332 332.4 335 333.6 328.9 325.7 323.5 321.6 322 320.8 315.8 311.3 306.5 301.5 295.4 286 279.9 274.5 270.5 264.5 257.5 248.4 235.9 227.2 219.9 206.7 201 199.2 197.7 195.3 192.2 190.6 190.5 198.7 206.1 208.5 207.2
313.6 298.8 294.1 289.2 287.3 285.6 284.2 279.9 275.6 269.3 260.5 257.4 254.6 249.2 243.5 241.5 246.7 260.9 262.8 267.3 276.4 289.6 310.3 321.3 331.3 338.3 342.8 346.2 345.7 345.6 346.8 345.9 341.4 338.8 336.4 334.4 332.8 331.3 329.9 328.8 329.5 329.1 331 331.2 333.7 334.9 335.3 328.3 326.1 323.8 324.2 319 312.8 307.7 303.4 298.3 287.7 278.7 271.1 261.1 253.5 246.6 239.6 227.9 219.9 214.3 202.9 199.3 199.9 200.6 195.9 193.1 191.8 192.2 197.1 202.9 205.8 204.7
305.9 297.8 292.5 288.7 285.7 283.2 279.2 274.1 268.7 269.3 267.7 265.9 258.7 254 249 240.2 241.7 246.4 254.5 265.3 278.9 300.7 312.3 322 329.7 336.2 341.4 344.3 345.5 346.4 344 342.9 340.8 338.2 335.6 332.9 330.5 329 327.7 327.1 327 327.1 328.3 328.6 331.5 336 338 333.4 328.8 327.7 323.9 320.2 313 308.6 303.3 297.2 289.7 280.9 273.6 265 255.8 243.9 231.7 223.5 215.1 209.4 203.6 202.8 207.6 208 205.7 199.1 194.2 193.4 195.8 200.6 204.4 203.2
302.2 297.1 292.6 289 286.5 284 279.6 273.7 280.1 279.8 275.1 271.6 266.2 260.8 256.2 251.3 237.3 237.5 242.8 259.6 280.6 304.5 311.4 318.9 325.8 331.4 338.3 343.9 347.7 346 342.8 341.1 339.4 336.9 334.1 331.4 328.9 326.9 325.4 325.1 325.5 325.7 327.3 329.4 331.4 333.6 335.9 336.6 331.1 330.3 325.1 321 314.3 308.4 302.8 297.2 290.6 282.8 275.3 266.7 258.6 246.8 232.3 221.2 212.4 206 205.3 207.3 212.5 214.3 213.3 207.7 201.4 196.4 198.5 202.6 204.6 202.1
302.7 297.8 294.7 292.2 287.5 283.9 278.3 280.2 284.3 285.4 279 275.2 269.6 265.5 261.7 256.8 250.5 247.7 236 250 277.7 299.5 306.6 313.5 321.3 328.1 335.2 341.5 346.3 344 341.7 339.3 336.5 334.4 331.9 329.8 327.2 323.3 321.2 325.2 326.1 326.1 327.7 329.2 331 332.9 334.9 337.2 330.6 327.5 324.4 320.6 314.5 308.2 302.5 296.8 290.7 284.1 277 268.2 259.3 244.7 231.8 219.3 208.9 205.3 205.3 211.7 216.8 217.1 216.1 213.4 209.7 206.9 205.1 205.5 203.9 201.3
306.7 301.6 297.4 293.9 288.3 281.7 280.3 283.6 288.2 288.2 282.9 278 273.7 269.4 265.5 260.1 254.8 249.5 235.9 240.3 271 291.1 298 307.4 316.5 323.4 330.3 341.3 342.8 338.9 336.9 335.6 333.4 330.2 326.7 322.3 320.9 318.6 320.1 323.9 325 326.7 327.8 329.3 330.9 332.6 332.8 334.1 329 325.5 322.7 318.7 312.8 306.3 301 295.6 289.7 283.1 276.1 267.2 259.1 245.6 231.2 219.1 209 205.3 206 212.8 217.8 216.8 216.4 216 215.4 210.8 207.1 206.7 203.2 200.7
314.7 307.8 298.9 292.2 285.9 281.7 284.4 286.8 287.3 285.4 284.6 282.5 278 273.5 270 267 260 249.6 236.9 233.9 257.8 280.8 295.1 301 308.6 318 324.3 336.3 336.5 334.5 332.9 330.7 328.2 324.6 320.7 315.3 313.2 314.3 319.7 323 322.5 325.4 327.3 328.5 329.3 329.7 328.6 327.5 324.7 322.4 319.4 315 309.9 304 298.5 292.8 286.7 280.1 272.7 263.9 255.8 242.2 230.5 219.7 212.8 206.7 205.3 212.1 214.5 218.1 217.9 218 217 212.6 210.2 208 205.2 201.6
