app/static/ascii/SJ24.asc
ncols 200
nrows 200
xllcorner 320000
yllcorner 340000
cellsize 50
[rows 70 to 104 of 200, columns 78 to 155 of 200]
446.8 445.9 443.6 443.7 442.5 440.5 437.9 434.4 431.6 428.2 425.1 422 419 414.5 410.3 407 404.3 401.5 397.4 394.6 391.4 389.1 386.9 384.5 382.2 379.9 377.3 374.9 373 370.7 367.5 364 360.6 353.5 347.4 344.3 341.1 335.3 332.1 331.7 329.5 326 321.9 317.4 312 305.2 280.7 287.7 298.8 299 291.3 284.2 281.8 278.6 279.9 278.3 273.1 262.8 256.3 253.1 249.8 242.5 251.9 249.4 244 241 241 242 243.8 243.7 241.4 238.6 235.5 235.3 235.7 235.4 234.2 233.4
444.8 443 440.8 443.2 442.5 440.3 437.2 433.6 430.3 427.2 424 420.9 417.8 413.8 408.5 405.5 402.7 399.8 396.9 393.2 389.8 384 383.3 380.9 378.6 376.2 374 372.5 370.4 367.9 365.1 362.5 357.7 351.8 345.6 342.6 339.3 334.5 331.5 330.1 326.8 324 320.8 316.9 310.9 294.4 276 288.7 299.9 299.4 290.9 284.5 281.6 276.6 276.7 272.9 264.5 259.2 255 252.1 249 240.2 241.4 238.4 236.7 233.5 240.5 244.4 241.9 241.6 240.3 239.3 237.1 234.7 234.9 233.4 232.1 230.8
441.6 440.4 438.2 441.5 442.1 439.9 436.7 432.8 429.4 426.4 423.3 419.9 416.2 411.9 406.4 403.3 400.5 397.7 394.7 391 383.2 377.6 375.8 376.5 374.1 371.6 369.2 368.2 366.1 364.3 361.9 360 356.6 351.7 347.4 341.6 336.9 334 329.8 326.4 322.8 320.9 318.2 314.6 301.5 280.4 275.2 293.7 303.3 297.8 294.3 283.2 273.8 271.8 269.4 265.1 261.2 258.3 255.7 252.4 250.1 248 245.3 247.2 244.3 232.6 237.2 241.8 242.6 238.8 239.2 238.6 237.9 236.1 234.4 232.3 230.7 228.9
438.7 435.2 434.3 437.7 441.6 437.9 434.7 431.4 428.2 424.5 420.6 417 413.5 409.4 404.3 401.2 398.3 395.3 392.3 389.3 385.2 380.3 367.1 369 369.3 367 364.4 363.1 361.8 360.1 358.8 357.4 354.5 350.2 345.2 340.1 335.9 333.3 330.4 326.4 321.6 316.4 315.2 311.8 292.9 275.1 282.7 297.9 308.9 301.1 296.2 281.8 274.8 271.9 266.4 265.2 262.3 257.6 253.6 251.5 250.4 248 246.6 245.8 243.3 238.5 227.7 240 239.9 237.6 237 237.7 237.6 235.4 233.4 232.1 230.9 230
439.6 436.1 431.5 431.6 431.4 432.1 431.1 428.1 424.7 421.1 416.7 413.5 410 406.3 402.2 399 395.9 392.9 390 386.4 382.5 378.2 366.9 362.6 363.3 361 358 356.7 356.2 355 353.7 352.9 351.1 347.1 343.2 339.2 334.7 331.4 328.1 326.2 322.6 318 313.3 305.2 285.5 272.7 284.2 297.8 311.7 307 304.8 288.9 278.2 269.6 267.1 270 265.1 255.9 253 250.8 250.3 249.6 248.7 245 241.8 237.2 230.2 242.8 239.6 236.4 234 234.4 235.9 233.9 232.8 231.4 230.3 229.4
444.6 438.8 435.9 431.3 426.9 422.8 417.6 421.5 420.5 416.6 412.8 409.9 406.5 402.9 399.6 396.4 393.5 390.5 387.1 383.2 378.6 373.9 365.3 358.6 356.1 355.4 351.1 350.2 350.4 349.6 348.6 348 346.3 342.9 339.2 335 332.2 329.7 327.6 325.7 322.8 318.6 314.3 303 283.2 271.5 285.1 298.4 309.9 311.1 308.4 296.6 282.3 278.3 278.5 272.4 267.4 256.3 252.1 250.4 249.7 250.6 249 245.4 242 222.4 238.1 242.3 239.6 234 230.3 230.5 232.8 233.1 230.6 229.8 229.3 229.2
447.3 446.2 445 442.1 437.1 431.8 425.8 414.4 415.5 412.6 408.7 405.9 402.4 399 395.7 393.2 390.4 387.3 383.8 379 373.8 369.2 364.5 358 354.4 345.1 340.2 344.1 344.1 343.8 342.4 342.4 341.3 339 336 331.3 328.8 327.2 325.8 323.9 320.8 316.9 312.6 291.5 281 269.3 286.9 296.6 309.2 306.7 303.9 301.6 293.1 289.6 285.4 274 266.9 257.9 251.7 250.6 252.3 252.5 248.5 245 243.8 222.7 218.6 231.1 236.1 232.9 230.9 229.2 228.7 230.6 228.8 228.9 229.2 229.1
452 450.1 446.7 443.3 438.4 433.1 427.3 420.5 410.4 408.3 405.4 401.6 398.6 393.9 390.7 388.7 386.3 383.2 379.4 374.3 369.1 363.7 359.3 354.4 351 345.6 333.2 337.2 336.1 337.2 335.1 335.6 336.2 334.8 332.4 328.7 326.3 324.1 322.6 321.6 318.5 311.5 296.5 288.1 273.9 267.7 284.3 295.9 306.1 306.4 301.8 300.9 298.2 297.8 286.5 275.2 266.4 259 254.5 252.2 253.6 254.5 249.8 244.6 246.4 245.3 238.7 223 214.7 225.1 213.4 214.1 219 226.8 226.7 225.7 227.8 228.7
456.4 451.9 448.4 444.1 438.6 433.2 427.1 421.2 416.1 410.9 406.4 402.8 398.6 393.8 388.3 384.4 381.5 378 372.4 367.8 360.7 357.2 352.7 348.6 345.5 341.1 334 328.7 327.5 329.5 329.3 329 329.3 328.7 327.9 326.1 323.6 321.6 320.1 317.7 315.2 301.8 294.9 282.7 269.5 274.9 293.6 301.1 306.3 306.6 301.7 297.8 296.6 295.6 290.2 278.6 273.9 261.3 255.8 251.7 248.8 249.2 247.9 242.7 242.8 244.1 240.5 237.9 233.2 224.8 231.1 229.4 224.7 208.2 223.4 219.1 222.5 225
459.9 455.3 449.5 443.8 438.4 433.2 428.1 423.5 418.4 413.8 409.4 404.9 400.8 396.8 392.7 388.9 384.3 378.3 368.9 367.6 362.5 354.9 346.5 339.9 337.7 335.3 331.4 327.1 320.8 322 322.7 321.6 322.4 322.8 322 322.1 320.6 317.9 315.4 313 313.2 298.1 291.3 275.8 265.6 287 299.5 311.1 310.1 307.1 302.1 297.4 295.2 293.4 289.4 279.2 274.6 263.5 257.5 252.5 249 244.1 243 241.7 238.7 238.9 238.1 238.1 236.5 232.8 233 231.5 229.4 216.5 202.6 198.4 200.6 212.9
463.9 456.8 450.3 444.5 439.4 434.1 429 424.4 419.9 414.5 409.8 405.7 401.6 397.4 393.4 389.9 386.5 382.3 377.3 372.8 368.1 362.5 355 347.5 341.5 334.7 329.4 322.5 320.1 315.8 312.9 315.5 316 316.9 316.7 316.9 317.2 314 311.4 309.6 310.9 293.9 287.7 272.2 262.9 287.3 300.7 311.2 311.6 306.6 302.4 298 296.3 294.3 290.4 280.3 270.7 265.1 259.5 253 250.1 244.2 239.2 239.6 237.5 237 235.4 236.7 236.9 233.3 232.7 231 229.2 227.7 225.6 222.2 206.1 198.4
467.1 458.5 451.9 445.8 440.3 435.1 429.8 425.2 420.3 415 409.6 405.5 401.5 397.6 393.7 390.1 386.1 381.7 377.3 372.8 367.9 362.6 357.3 350.4 344 338.7 333.3 331.4 327.6 320.9 314.9 307.3 307.2 308.1 309.7 311.2 310.9 309.1 306.8 304.9 300.7 289 277.6 267 258.5 287.3 300.8 313.1 311.4 306.9 302.5 299 297.6 295.6 290.6 282.7 274.1 269.8 263.9 254.9 251.3 243.5 237.9 235.9 235.6 234.5 234.9 236.3 234 233.4 231.4 229.1 228.2 227.6 225.3 221 216.6 213.1
469 460.4 453.6 447 441.1 435.9 430.2 425.3 420.5 415.6 409.5 405.3 401.5 397.4 393.3 389.8 385.3 380.8 376.4 372.1 367.4 362.2 356.9 351.7 345.4 339.1 334.5 331.1 328.5 326 318.5 313.1 306.4 303.6 295.1 297.8 303.1 301.7 301.1 297.8 291.5 279.9 270.8 260.3 255.1 281.9 291.1 304.9 308.2 306.3 304 300.1 297.9 295.5 290.8 283.6 276.5 273.8 265.7 255.9 251.6 243.4 236.7 234.4 235.5 231.5 233.6 235.3 235.1 234.2 231 227.5 228.3 226.4 223.5 218.7 214.6 213.7
470.2 462.6 455.2 448.5 440.8 434.9 429.1 424.2 419.6 415.1 409.2 404.4 400.2 396 392.2 388.4 384.4 379.9 375.5 371.2 366.8 361.9 356.5 350.1 344.5 338.7 333.5 328.2 319.7 315.3 312.1 308.9 302.4 296.8 295.3 286.8 289 297.2 294.4 293.4 291.2 282.2 274.8 260.9 253.8 279.4 285.7 294.5 308.1 307.5 304.2 300.8 297.2 293.4 288.7 283.9 277.9 271.5 260.3 252.7 249.1 243.4 235.5 231.4 232.6 231.2 232.7 233.2 233.9 232.5 229.6 226.3 226.3 224.9 221.3 216.7 212.8 209.3
470.5 463.5 456.5 448.6 440.4 434 428.3 423.5 419 414.4 408.3 403.4 399 394.5 390.7 386.9 383 378.9 374.5 370.3 365.3 360.6 353.7 347.6 343.6 338.3 332.7 330.4 326.8 322.6 316.8 311.9 308.5 304.6 297.6 295.7 286.3 276 278.5 288.1 285.1 284.1 270.4 263.9 250.8 275.4 283 287.9 298.7 304.2 301.8 297.7 293.5 289 286.2 281.1 275.2 268.3 258.2 247.5 244.5 241.8 234.9 230.1 230.1 229.1 230.1 230.9 232 231.5 229.7 225.8 221.8 220.5 217.4 215.2 211.5 207.7
470.5 463.5 456 448.3 441 433.7 428.3 423 418.4 413.6 407.5 402.4 398.1 394.1 390.2 386 381.9 376.2 371.5 367.2 366.1 362.6 358.1 353.2 348.1 342.8 338.1 334.4 330.2 325.3 319.7 315.8 312.1 307 302.9 297.2 288.1 277.4 267.2 280.8 279.6 276.9 265.4 256.8 247.3 268.3 278.8 282 286.5 288.9 294.6 294.1 287.7 284.3 281.4 276.7 267.8 258.9 254.5 244.5 239.6 238.2 233.8 230.8 227.8 226.9 228.5 229.9 229.8 229.4 228.2 225.1 221.1 217 211.4 211.3 210.2 207
470.6 462.8 454.8 447.4 440 433.6 428.8 423 417.9 412.7 406.7 401.7 397.7 393.8 389.9 385.8 382.1 379.6 376.3 373.2 369.3 365.3 361 356.5 351.5 346.4 340.9 336.6 332.3 327.5 319.4 315.2 312.2 308.2 304.7 301.4 290.1 282.3 273.2 260.8 264 266.6 260.7 252.6 241.5 253.8 267.2 268.6 274.6 280.8 286.3 287.3 277.1 271.2 268.1 267.8 255.7 248.2 243.2 241.2 234.8 233.2 231.2 229.8 227.7 225.7 224.5 223.6 225 225 223.5 220.1 216.6 212.3 207.3 208.1 206.7 203.4
470 462.6 454.8 447.5 440.3 434.2 428.8 424 418.1 410.8 406.7 401.9 397.6 394.1 390.7 387.6 384.7 381.7 378.7 374.9 370.9 367.1 362.8 358.4 353.9 349.1 343.7 338.8 334.3 329.5 320.4 315.3 311.5 307 302.1 299.2 294.8 288.3 274.4 269.4 257.8 253.6 247.6 248.4 240.3 238.6 245.5 254.2 272.7 273.7 277.6 278.8 267.9 262.7 258.1 253.7 248.9 244.5 238.3 238 230.1 227.9 226.7 226.8 226 224.9 224.4 221.2 219.9 217.5 217.3 215 211.5 206.7 203 202.6 202.1 199.1
468.6 462.1 453.9 446.6 439.3 433.4 428.7 424 419.3 413.3 407.6 402.4 398.3 394.6 391.5 388.7 385.9 382.9 380 376.5 372.6 369 364.6 360.3 355.9 350.7 345.5 339.6 333.1 327.1 321.1 315.5 311.9 308.9 306.1 300.2 294.6 291.2 284.1 277.8 267.2 261.8 257.9 252.9 252 244.8 234.3 247.5 260.4 264.6 269.9 271.3 262.2 256.7 252.9 248.5 245 240.3 235.3 232.9 228.5 225.1 223.8 224.5 223.4 222 220.3 217.4 214.1 212.3 209.5 206.7 204.9 201.1 200.2 199.3 197.9 194.8
467.2 460.6 452.4 445.9 438.8 433.4 428.9 424.4 419.9 414.1 408.3 403 399.1 395.3 392.1 389.4 386.6 383.8 381 377.7 374.3 370.5 366.3 361.8 357.3 352.4 347.1 340.8 333.8 330.5 327 320 315.4 310.9 306.5 302.5 296.8 290.2 283.8 274.9 274.6 271 265.2 259.2 255.3 252.3 232.8 235.9 250.3 254.9 260.8 263.9 259.8 254.8 248.9 243.8 240.1 236.2 231.7 227.5 222.1 220.5 220.6 221.4 220.7 219.2 218.1 216.1 212.9 210.7 207.7 205.4 203.4 200.8 198.5 197.3 196 192.2
466.1 459.2 451.8 444.2 437.8 433.5 429 424.7 419.9 414.2 408.8 403.6 399.4 395.9 392.4 389.4 386.4 383.4 380.4 377.7 374.3 370.3 366.4 362.6 358.3 353.6 348.3 341.4 337.9 333.8 326.5 320.7 316.4 311.6 308.1 303.5 299.8 294.7 285.2 280.4 275.7 269.4 266.7 263.9 258.8 250.7 242.2 229.3 235.2 242.3 247.8 249.6 248.7 249.5 246.4 240.1 232.7 229.2 224.6 220.8 217 216.8 216.7 216.8 217.8 217 215.8 213.9 211.5 208.8 206.6 203.9 201.8 199.4 197.9 195.4 193.6 192.3
463.5 457.1 449.8 442.9 436.5 432.8 428.8 424.5 419.5 413.4 408.4 404.2 399.5 396 392.5 389.1 385.8 382.9 379.9 377 373.6 370.1 366.2 362.3 358 353 348.7 343.6 342.6 336.6 326.7 321.7 317.2 311.1 307.4 304 302.2 295.3 288.5 285.4 278.1 272 267.8 263.1 258.1 252.3 245.1 233.9 227.5 224.7 233 238.2 238.8 237.6 234.7 233.3 231.1 225.6 218.9 214.4 212.3 213 211.4 213.1 213.2 212.8 212.7 205.7 200.7 200.7 198.2 197.7 198 192.3 190.7 185.5 184.5 189.1
460.8 454.3 448 441.6 435.3 431.5 427.8 423.7 418.7 412.6 407.9 404 399.6 396.1 392.7 389.2 385.8 382.3 379.3 376.1 372.7 369.7 366.3 362 358.4 355.3 350.8 345.3 342.8 336.3 329.1 323.4 314.4 309.5 305.5 303.4 301.3 295 294.5 290.6 284.2 277 274 267.5 262.4 257.1 254.5 244.7 232.2 227.4 222.8 220.1 218.7 218.2 221.2 223.8 222 217.2 215.7 207.9 206.1 205.6 205.1 201.7 200.7 200.7 200.7 200.7 200.7 200.7 196 191.5 190.1 188.8 188.5 190.2 189.1 182.9
458 451.3 445.4 439.6 434 430.1 426 421.5 416.9 411.8 407.4 403.6 399.7 396.1 392.6 389.2 385.7 382.3 379 376.2 372.9 369.9 367.3 364.2 360.5 356.7 351.1 346.3 341.4 336.2 331.6 325.1 313.6 310.1 306.7 304.3 298.8 296 292.9 288.7 284 280.8 278.1 273.7 270.9 263.8 259.8 252.4 238.8 231.4 225.5 221.3 218.8 215.9 215.7 215.7 215.7 215.7 215.7 216.6 207 214.1 215 210 213.7 216.3 208.2 216.2 217.6 214 212.5 209.6 206.5 202 200.8 195.5 195 192.2
454.5 448.5 442.8 437.3 432 427.5 423.5 418.8 414.1 409.7 406.2 402.8 399.3 395.9 392.3 388.8 385.4 382.1 379.2 377 374.1 370.5 367.9 365.1 361.4 356.4 352.4 347.9 343.1 338 332.9 325.4 316.8 312.8 309.3 306.5 301.8 296.6 292.2 287.4 285.1 283.3 278.7 275.2 268.8 265.5 262.4 258.3 240.4 239.3 236.6 231.5 227.5 216.4 215.7 215.7 215.7 215.7 215.7 215.7 221.9 225.5 223.2 218.9 222.1 228.1 226.2 217.9 214.5 216.8 212.3 208.6 206.5 202.7 199.9 197.6 193.4 192.6
451 446.3 440.7 435.2 430 425.4 420.9 416.1 411.6 407.9 404.4 400.9 397.3 394.5 391.6 388.5 385.2 382.3 379.5 376.3 374.1 371.3 368.4 365.5 361.7 357.6 353.7 349.6 344.8 339.7 335 328.1 321.6 316.8 313.7 308.7 304.2 300.1 290.9 290.3 288.9 284.3 280.8 277.2 273.8 270.8 268.3 263.1 246 250.2 248.7 244.7 237.3 231.6 222.2 222.9 222.5 222.1 223.8 226.9 233.5 230.4 224.5 220.1 224.8 227.9 224.1 215.2 212.5 212.1 211.8 210.9 206 201.8 198.8 196.4 196 192.5
447.6 443 438.4 433.1 428 423.6 419.3 414.1 410 406.2 402 398.7 395.4 392.7 390.1 387 383.8 381.3 379 375.8 373.6 371.5 368.5 365.5 362.5 358.9 355 351.2 346.8 342.3 337.9 332.2 327.2 323.5 318.6 311.5 306.7 302.8 300.3 297.6 292 285 281.8 280.4 277.7 274.1 269.7 261.5 252.7 256.5 256.1 253.1 246 240.9 228.8 233.1 235.8 234.4 235.3 238.9 235.1 232.5 228 222.5 225.4 226.5 220.9 214.5 212.1 211.2 211.8 213.1 208 204.2 202.4 197.2 194.4 194.3
444.3 439.7 435.1 430.4 425.9 421.7 417.8 412.5 408.1 403.9 399.4 396.2 392.7 390.8 388.3 385.2 382.2 380.1 378 376 373.6 371.2 368.3 365.4 362.4 359 355.7 351.5 346.7 342.4 339.4 336.3 334.5 328.4 323 314.9 308.6 302.8 309.3 302.9 295.9 289.2 284.6 282 278.6 275 269.3 260.9 261.2 264.5 263.3 261.7 255.7 244.5 237.6 243.7 246.3 247 249.8 246.7 241.8 235.1 231.4 224 221 219.3 217.7 215.1 211.6 205.8 207.4 210.9 208.5 204.8 203.6 198.7 193.5 191.3
441.7 437.2 432.6 428.1 424.3 420.4 416.4 410.8 406.1 401.1 396.9 393.5 390 388.2 386.4 383.4 380.6 378.5 376.4 374.3 372.5 370 367.7 365.1 360.4 356.5 354.4 350.3 346.2 343.9 340.8 337.8 336.4 331.2 325.6 318.4 313 309.8 310.8 309.3 302.2 295.4 288.9 282.5 277.7 275 270.9 267.5 261.5 266.1 265 262.7 258 247.2 244.4 248.4 254.3 261.9 258 251.7 247.5 240.1 234.7 229 222.6 220.5 218.8 213 207.1 202.6 202.4 207.3 205 202.4 204.7 202.2 197.2 194.6
439.9 435.3 430.8 426.6 423.2 419.1 414.7 409.1 403.9 398.3 394.3 390.7 387.3 385.5 383.3 381 378.9 376.7 374.6 373 371.4 368.7 366.5 364.2 360.2 356.8 350.9 347.9 345.6 343.8 341.1 338 336.6 333.4 326.8 319.8 314.5 311.2 314 315.6 307.1 303.1 294.9 284.5 278.8 277.8 275.2 274.7 267.9 268.3 270.6 265.6 260.7 250.2 247.1 252.8 257.7 260.5 258.8 251.6 244.5 241.3 235.3 230.8 224.3 223 220.4 210.4 204.6 200 197.8 198.9 198 197.9 199.2 199.4 199.6 197.9
438.4 433.5 429 425.3 421.8 417.5 412.4 406.8 401.2 395.4 391.5 387.8 384.7 382.5 380.3 378.2 376.5 374.9 372.9 371.2 369.4 367.4 365 362.4 359.6 352.7 349.4 346.8 344.3 342.2 339.9 336.5 334.4 331.1 326.2 320.3 315.5 312.5 314.7 317.5 313.7 305.5 296.9 285.7 280.8 279 277.6 274.1 273.1 272.8 270.7 264.9 261.3 252.7 251.1 252.5 258 258.2 254.7 251.5 249.5 246.5 235.6 229.8 223.8 220.3 215.3 211.2 205.8 199.8 198.3 196.8 196.3 196.6 198.2 196.6 197 196.5
434.8 430.6 427.5 424.2 419.9 415.3 409.9 404.4 398.8 392.7 388.3 384.7 381.9 379.8 377.6 375.5 373.8 372.4 370.6 368.6 366.5 364 362 359.5 356.9 353.2 349.8 346.2 343.7 341.9 339.3 336.4 333.5 329.7 324.7 321.6 318 314.6 314.2 315.7 312.5 305 296.7 287.3 281.2 277.4 275.7 276 276.5 274.3 269.9 263.6 259.2 256.1 256.3 254.9 255.7 254.9 252.2 251 250.4 242.5 234.3 228.5 225.2 218.7 212.5 209.6 206.9 202 199.1 197.2 194.6 194.9 196.6 195.5 192.4 191.5
432 429.4 426.3 422.3 417.9 412.6 407.3 401.9 396.3 389.6 385.1 381.1 378.8 376.8 374.9 372.8 371.1 369.4 367.4 364.8 362.3 360.1 358.7 356.7 354.3 351.4 349.5 345.7 343.4 340.9 338.1 335.2 331.9 327.9 324.5 322.6 318.1 315 314.7 314.7 310.7 304.7 298.4 288.8 282 278.5 277.4 277 276.3 271.3 266.1 261.9 259.8 255.5 256.3 253.8 249.6 251 250.8 249.3 244 239.2 233.1 228.9 225.8 218.2 211.9 208.5 206.8 203.6 200.5 197.3 193.9 192.5 193 191.9 188.6 186.9
429.1 427.5 424.8 420.4 415.1 409.8 404.5 399.1 392.9 386.4 381.7 378 376.1 374.1 372.1 370.1 367.7 365.9 363.3 360.7 358.2 356.4 355 353.8 351.7 349.3 347.5 345.3 341.9 338.1 335.7 333.6 331.7 326.8 322.9 320.1 317.7 315.6 315.3 312.7 308.3 304.1 299.7 295.3 287.3 281.3 280 279.2 275.9 271.1 264.4 259.7 258 251.8 249.4 247.6 242.5 242.4 246 242.1 238.2 233.1 230.1 229.1 225.8 219.4 213.1 208.2 207.2 204 200.7 197.4 194.1 192.3 189.3 188 186.3 184
426.1 424.9 422.3 417.6 412.3 406.9 401.2 395.4 389.4 383.4 378.2 375.3 373.2 371.6 369.6 366.8 364.3 362.3 359.2 356.5 354.2 352.8 351.3 349.9 349 347.2 345.2 343 338.8 336.3 333.7 332.3 330.7 326.4 323.2 320.1 315.6 312.2 309.4 308.6 305.3 301.4 299.6 298.2 289.8 283.5 281.5 278.2 274 270.2 264.8 258 253.6 247.7 244.1 241.7 240.6 238.9 239.2 237.6 234.1 228.8 228 228.2 225.6 220.3 214.3 210.2 207.7 204.4 200.7 197.4 194.1 192.8 191.4 188.8 185.3 183.5
