app/static/ascii/SJ26.asc
ncols 200
nrows 200
xllcorner 320000
yllcorner 360000
cellsize 50
[rows 105 to 139 of 200, columns 78 to 155 of 200]
104.2 103.9 103.7 105.3 107.8 106.4 112 113.7 115.9 117.9 118.6 119.4 120.1 123 121.7 118.7 123.3 131.7 135 136.5 138.1 139.2 138.8 137.9 140.9 138.3 142.4 145.9 147.1 147.5 148.6 150.3 152.2 154.4 157.3 159.2 161.1 162.1 164.8 167.5 168.1 168.9 165.1 163.3 159.7 156.1 153.6 152.1 151.4 150.5 148.1 145.7 144.7 144.3 142.8 141.8 141.8 141.3 139.8 140 140.3 140.9 140.6 139.9 138.4 140.7 142.4 144 145.5 146.4 147.3 148.6 150 151.2 151.8 151.9 151.9 151.8
104.7 104.3 104 104.1 105.3 106.4 111.7 113 114.6 116 116.8 119.5 118.7 119.6 118 116.8 121.7 129.8 133 134.6 136.2 136.5 136 135.2 136.6 141 143.1 144.8 145.5 145.9 147.3 148.9 150.8 152.7 156.2 158.5 160.4 161.5 162.1 165.7 170 169.1 166.2 163.6 161.8 158.5 156.3 155 153.8 152.4 150.2 147.6 146.3 145.5 144.1 143.4 143.1 142.5 141.3 141.8 142.4 143.1 143 140.1 138.7 138.9 142 144.2 144.9 146.3 146.6 148.3 149.6 150.7 152 152.1 151.4 152.1
105.7 104.8 104.7 104.3 104.5 105.6 110.7 111.9 113.5 114.9 116.6 117 115.8 115.4 115.1 115.3 122.2 128.7 132.1 133.6 134.8 133.7 133 135 136.8 139.1 141.1 142.7 143.5 144.2 146.6 148.9 149.4 151.3 154.5 157.6 159.2 159.9 160.3 162.5 166.5 167.1 166.1 163.9 161.8 160.2 159 157.5 155.1 153.9 151.9 149.5 148.1 146.8 145.9 145.1 144.4 143.7 142.9 143.8 143.4 143.1 142.4 142 140 139.1 140.5 143.6 143.9 143.9 145.4 147.2 149.1 151.5 151.4 150.7 150.9 151.8
104.5 105.8 103.6 103.9 103.9 104.8 106.9 110.6 112 113.2 114.2 114.5 114.9 115 114.9 116.1 121.4 126.8 131 132.5 132 130 133.1 131.4 134.5 137 139.2 141 142.3 143.8 146.7 148.7 149.1 150.1 153.1 155.7 155.9 156.2 157.1 160 162.7 164.8 164.3 163.1 161.4 160.2 159 157.8 155 154.5 153.2 151.3 149.8 149.1 148.2 147.3 146.3 145.5 145.2 145 144.1 143.1 143.3 143.5 141 140.5 141.6 143.1 144 144.1 145.8 147.5 148.4 149.1 149.1 149.6 150.7 151.4
104.3 105.5 105.4 102.5 104.6 104 103.5 105.4 109.7 110.8 111.1 112.7 113.9 113.8 113.7 116.4 120.6 124 127.1 128.7 129 131.2 130.3 132.6 134.5 137.3 138.3 139.8 140.6 142.1 144.4 146.2 147.9 149.1 150.2 151.3 152.7 152.8 153.4 158.3 159.1 163.4 163 162.4 161.1 159.7 158.5 157.4 155.3 155.9 153.7 152.1 152.2 151.4 150.6 149.5 148.4 147.3 147.2 146.3 145.5 144.8 144.3 144.4 141.4 142 142.3 143.2 144 144.8 145.5 147.5 149.1 149.7 149.8 150.1 150.6 151.3
105 105.4 105.6 105.3 103.7 104.3 103.9 103.3 104.7 107.4 108.2 110.2 111.4 112.9 111.2 112.9 116.3 118.9 120.5 121.7 128.5 130.3 130.3 133.1 135.8 138.1 137.6 139.5 140.1 139.5 140.8 142.6 144.6 145.8 146.6 147.1 148.8 149.6 150.3 153.3 157.1 159.1 161.4 161.5 160.4 159.3 158.2 157.1 156.3 156.1 153.8 153.7 153.9 153 152.2 151.3 150.3 149.2 148.6 148.3 148 146.8 145.9 145.3 141.6 141.5 143 143.2 144.3 146.1 146.8 147.6 149.3 150.7 151.3 150.8 150.8 151.4
105.7 105.6 105.5 105.7 105.2 104.7 104.5 104.1 103.1 103.2 104.3 108.3 108.8 108.5 112.9 118.3 120.3 122.2 124.9 125.6 127.7 129.2 131 133.7 136.2 136.9 138.3 139.4 139.1 138.9 139.3 140.2 142 143.5 144.6 144.6 145.4 147.4 148.5 150.4 153 156.1 157.7 159.8 160.1 159.1 158 157 156.7 156.4 155 155.2 155.4 154.5 153.5 152.6 151.9 151.4 151.2 151 149.9 148.7 147.8 146.5 143.8 143.2 143.5 143.4 146.5 154.2 150.6 149.1 150.3 152.2 151.5 151 151.2 151.5
105.3 105.7 105.6 105.4 105.1 104.7 103.2 104.8 104.3 102.7 103.5 104.9 106.8 112.3 117 119.9 121.7 122.6 126.8 124.7 126.7 126.9 130.1 134.1 135.7 136.5 137.4 139.2 138.3 138.1 138 140.3 142.5 144 144.4 144.4 144.9 146 147.2 147.6 148.6 152.3 155.3 156.6 157.8 158.5 158 157.7 157.3 156.8 155.9 156.6 156.8 155.9 155.2 154.8 154.4 154.1 153.8 153.1 151.9 150.7 149.7 148.8 146.6 146.2 145.7 145.5 146.2 151.2 150.9 150.7 151 152.1 151.4 151.4 151.6 152.5
105.5 105.7 105.6 105.4 105.1 105.3 104.5 103.6 103 102.3 102.8 103.3 105.3 112.3 119.8 121 122.1 125.6 124.2 127.1 128.4 126.4 127.5 131.6 135.4 136.3 137.6 139.3 138.1 136.9 136.9 139.6 142.2 143.5 144.1 144.4 144.2 144.6 145.7 145.9 146.7 149.5 151.7 153.8 156.2 157.2 157.7 157.5 156.8 157.8 157.3 157.5 158.2 158 157.7 157.2 156.3 155.7 155.4 154.7 153.7 152.6 151.5 150.6 149 148.4 147.5 147 148.9 150.5 152.1 151.9 151.9 153.4 153.9 153.6 152.7 152.7
104.1 105.7 105.5 105.1 105 104.6 104.4 104.6 101.8 102.1 103.1 103 103.1 110.6 119.8 120.7 121.7 124.4 120.9 129.4 129.8 127.6 126.7 128.9 134 136.1 137.1 137.3 136.8 131.1 136.4 138.5 140.9 142.1 143.5 143.3 143.1 143.6 144.9 145.5 145.6 147.1 149 150.8 153.1 155.6 156.8 156.8 156.9 158.3 158.3 158.3 160.9 160.8 160.3 159.9 158.9 158.1 157.2 155.9 155 154 153.2 152.3 151 149.2 148.2 148.6 149.9 151.9 152.9 153 152.9 154.2 154.8 154.3 153.5 152.8
104.3 106.2 105.3 105 104.8 104.5 104.3 103.8 103.9 102.6 102.1 101.8 102.8 103.7 113 120.6 119.8 123.9 120.3 128.4 129.8 127.3 125.5 128.8 133.3 134.6 135.8 135.5 132.9 127.9 133.3 137.5 138.1 140.4 142 142 142.9 142.7 145 145.7 145.6 145.9 146.7 147.8 150.1 152.5 154.8 153.7 156.9 158.5 160.9 163 163.5 163.4 163 162.5 161.6 160.7 159.7 157.5 156.4 155.4 154.7 153.2 152 150.3 149.6 151.3 150.5 151.1 154.1 154 153.7 155 155.4 154.8 154.3 154.4
108.2 105.2 104.3 104.9 104.7 104.4 104.2 103.8 102.9 102.8 102.3 101 100.7 102 105.5 110.5 116.6 121.3 120.8 125.6 127.9 126.3 125 128.4 131.6 132.8 133.6 132.2 129.9 134.3 136.6 138.2 140.4 141.4 142.1 142.9 144.3 144.4 145 146 145.4 145.2 145.5 146.5 148.2 149.8 151.3 153.4 157.2 160.1 163.3 163.7 164.4 166.1 165.6 165.1 164.2 163.3 162.2 160.3 158 157.1 155.7 154 152.8 151.9 151 151.5 152.2 152.9 154.7 155.3 154.8 155.8 156.4 156 155.6 155.2
105.3 104.5 103.9 104.7 105.4 104.9 104.4 103.9 102.8 102 101.9 101.9 101.2 101.9 102.8 105.4 109 114.8 118.7 122.9 124.7 123.9 124.7 127.4 129.9 130.9 130.1 120.9 132.2 134.9 136.9 138.7 140.2 141 141.9 143.1 145.6 145.6 145.7 145.4 145.2 145.3 145.3 145.9 147.3 149.9 151.3 155.4 158.7 161.8 164.9 166.4 167.8 168.5 168.2 167.9 166.8 166.9 166.6 163.4 159.7 158.6 156.7 155.5 154 152.5 151.2 151.7 152.3 153.1 154.6 155.3 155.9 156.7 157.7 157.6 156.5 155.2
110.6 104.4 104.9 105 105.7 104.9 104.1 103.6 102.9 102 102.6 102.2 100.5 101.3 100.9 100.1 104.8 110.3 115.6 119 121 121.3 122.4 124 127.3 126.5 120.1 130 132.8 134.9 136.9 139.1 140.2 140.8 141.3 142.5 145.2 145.7 145.5 145.8 145.6 145.8 145.7 145.7 146.6 149.7 151.4 154.3 157.7 160.8 164.2 166.7 169.5 170.7 171.3 171 170.5 169.6 169.1 165.3 161.8 159.8 157.6 156.7 155.1 152.7 151.1 151.7 152.4 153.4 154.5 155.7 157.2 158.2 159 158.6 157.1 155.3
111.3 106.2 104.7 104.5 104.8 104.2 103.7 103.2 102.8 102.9 104.6 105.7 104.5 101.3 100.7 100.2 100.9 105.7 113.7 115.2 117.4 120.2 119.1 120.2 118.2 118.5 127.5 130.2 132.5 134.4 136.6 138.8 138.6 140.1 140.7 142.2 144.1 145.3 145.3 145.6 145.9 145.9 146.4 146.2 146.3 148.9 150.5 153 155.7 158.9 161.9 164.5 167 169.5 170.6 170.6 170.2 169.4 169.3 164.8 162.4 160.6 158.7 157.4 155.1 153.2 151.4 151 151.7 153.8 154.9 156.5 158.1 159.6 159.7 159.3 158 156.4
110.6 106.4 104.9 104.7 102.7 103.7 103 103.6 103.1 106.1 107.3 107.3 105.9 104 101.4 100.4 100.5 100.2 108 112.5 115 111.2 113.2 117.9 122.5 125 127.6 130.2 131.7 133.1 135.4 136.8 136.5 137.1 139.1 141.2 143.1 144.2 144.7 145.5 145.7 146.8 147.8 147.8 147.8 148.1 150.7 152.7 154.7 157.4 159.7 161.4 164.3 166.7 167.9 168.1 168.5 168.5 167.5 164.7 162.4 160.3 158.2 156.1 154.3 152.6 151.2 149.9 151.3 153.3 155.4 157.2 159 160.5 160.6 159.3 158.2 157.5
111.3 110.9 105.2 104.9 104.3 102.7 103.4 104.8 106 107.9 107.7 107.7 107.4 106.3 103.3 100.5 100.5 100.9 106.9 107.9 107.7 111.5 120.1 122.5 124.2 126.2 128.1 129.5 130.5 131.9 133.3 134.8 136 138 139.7 141.8 142.8 143.9 145.2 146.3 146.3 146.8 148 148.8 149.3 149.8 150.7 152.3 154.1 156.1 157.6 159.4 161.7 163.6 164.8 165.5 165.7 165.8 165.3 163.1 161.9 159.7 157.4 155.4 153.5 150.9 148.5 148.2 150.4 152.2 154.9 157.8 159.4 160.5 160.3 159 157.8 156.8
111.5 111 109.7 104.9 104.2 103 105.1 106.6 106.4 107.6 107.4 107.3 107.6 107.8 106.4 101.6 99.8 99.6 105.2 103.7 106.4 114.4 120.2 122.7 123.9 125.3 126.6 127.6 129 131.4 133.8 136 137.2 138.7 140.4 142 143.1 144.2 145.2 146.9 146.9 146.8 148.1 148.9 150.1 150.7 151.6 152.9 154 155.8 157.2 158.4 160.3 160.7 162 163.1 162.9 162.9 162.8 161.5 160.4 158.9 156.7 154.5 151.7 149.7 146.7 147 149.3 150.8 154.1 157.1 159.1 159.5 158.8 158.1 155.7 155.8
111.3 110.8 110.1 105.8 104.2 103.9 104.1 105.5 106.1 106.9 106.4 105.9 107.2 107.6 108 104 101.3 100.5 103.8 102.7 109 114.8 118.5 120.3 121.7 123.1 125 127.1 128.7 131.2 133.6 136 137.7 139.1 140.6 142.1 143.3 144.4 145.5 147 149.3 149.1 148 148.2 150.4 151.5 152.4 153.6 155.2 156.7 157.7 158.6 159.3 159.6 160.8 161 161 160.8 159.8 159.9 158.9 157.6 155.5 152.9 150.2 148.2 147 146.4 148.3 150.2 153 156.1 158 158.2 157.1 155.9 155.5 155.3
110.9 110.6 109.8 108.8 105.1 103.4 103.7 104.6 105.3 106.2 106.5 106.8 107.1 107.4 107.3 106.9 103.6 100.7 101.3 103.4 106 111.3 111.2 115.7 116.7 122.7 125.8 127.1 128.1 130.2 133 135.7 137.5 138.7 140.5 142.2 143.3 144.5 145.7 147.3 150.1 150.5 149.7 147.5 150 151.9 153 154 156 157.5 158.3 158.3 158.6 159 160.1 161.5 160.4 159 158.6 158.2 157.3 156.3 153.9 151.4 148.4 147.1 145.1 145.9 147.9 149.8 152.2 154 156.1 157.4 156.3 155.6 155.4 155.1
110.7 110.4 109.6 108.9 108.1 103.3 103.1 104.3 104.6 105.3 106.8 107.5 107.4 107.3 106.9 106.5 104.8 101.3 102.2 102.8 103.2 107.9 110.6 117.3 120.4 122.9 125 126.2 127.6 129 131.7 134.9 136.6 138.4 140.1 142.1 144.7 146 147.4 148.2 150.8 151.4 151.3 148.2 148.7 151.2 152.1 154 156.8 158.5 158.1 158 157.2 158.8 159.7 160.4 159.8 158.2 157.5 157.5 156.9 155.5 154.5 152.8 150.4 148.1 143.7 145.8 147.8 149.7 151.3 152.6 155.2 155.9 156.1 155.2 154.9 155
111 110.6 109.7 108.9 108.7 105.2 102.6 102.3 102.4 104.1 106.2 107.6 107.3 106.8 104.1 105.5 105.5 102.4 102.6 103 103.3 105.2 112.5 115.2 118.2 120.1 121.1 123.6 126.4 128.5 130.5 133.8 135.6 137.8 141.5 143 144.9 147.4 148.8 149.9 151.6 151.7 151.9 151.7 147.2 148.4 151.2 152.5 156.4 158 157.9 157.6 154.9 157.5 158.3 159.3 159.1 156.9 156.1 157 157.5 157.1 156.4 154.7 152.5 149.7 145.2 143.5 148 149.6 151 152.3 154.5 155.8 156 155 154.9 155.2
110.8 111 110 108.2 106.7 105.1 102.5 102.6 102 102.9 105.5 106.2 106.2 104.8 105 103.2 104.4 103.4 99.9 103.2 102.6 104.6 110 112.4 113.5 115 118.1 121.3 123.7 126.2 129.4 132.8 135.3 138.1 143.5 145.2 146 148.2 150.2 151.6 151.8 151.7 151.7 152 148.6 146.4 148.1 151.1 153.1 156.7 155.4 154.5 153.5 155.3 156.6 157.8 157.2 156.6 154.9 156.5 158.4 158.3 157.7 156.2 153.9 150.7 147.9 141.2 145.9 149.6 150.4 151.3 153.5 155.5 155.4 154.2 153.4 154.6
109.4 110 108.5 105.9 104.7 103.9 102.8 102.2 101.6 102.3 104.1 106.1 105.1 105.4 106.4 105.9 104.1 101.9 99.6 99.5 100 99.8 104.5 106.8 109 115.4 120.9 123.3 125.9 128.1 129.7 132.3 135.2 138.2 144.7 147 147.9 149 150.7 152.1 151.7 151.2 151.2 151.1 150.3 146.5 147 149.8 150.9 152.6 152.1 150.7 152.4 153.8 155.1 155.7 153.1 152.4 153.4 155.4 156.5 157.7 157.9 157.5 154.5 151 147.2 144.8 146 149.2 149.7 148.9 151 153.6 153.9 152.6 152.2 153.1
107.5 107.6 106.1 103.9 103.4 103.7 102.6 101.8 101.8 101.8 102 104.2 103.4 104.7 106 105.7 105.2 102.6 102.4 99.6 99.5 99.4 100.9 104.5 111.3 116.5 120.5 122.8 125 126.4 128.7 131.7 134.7 138.8 143.4 146.4 148.9 150.4 151.3 151.4 150.6 149.7 149.4 149.2 148.6 146.6 146.9 147.9 148 148.8 149.7 151.1 151.8 152.7 153.2 153.2 153.3 150.5 152.2 152.9 153.8 155.4 156.8 156.6 154.7 151.5 147.1 143.9 145.3 148.2 147.1 147.3 148 150.9 152.6 152.2 150.7 151.7
107.7 107.6 108.3 106.3 104.4 104.3 103.3 103 102.7 102.5 102.1 102 103.4 105.6 105.8 105.5 104.9 103.3 100.4 98.4 99.5 99.4 100.3 104.7 110.5 114.2 117.9 121.6 123.5 125 127.8 130.9 133.9 136.8 141.3 144.3 146.6 148.8 149.6 149.3 148.5 147.6 147 147 147.5 148.3 145.8 146.1 146.4 146.7 148.8 149.9 150.7 151.6 152.5 152 149.3 149.5 149.1 149.8 150.6 152.2 154.1 154.7 154.7 152.1 148.3 144.8 143.6 146.7 145.2 145.4 146.5 148.5 149.6 149.2 147.5 148.3
108 108.2 108.3 107.6 107.1 105.9 104.6 103.1 102.7 102.8 102.2 102 102.5 104.3 105.4 105.2 104.6 103 101.6 99.3 99.3 99 102.8 104.4 107.8 111.8 115.3 119.6 122.3 124.2 126.7 129 132.7 135.6 139.1 141.8 144 146.3 146.9 146.9 146.1 145.5 146.3 147.6 148.7 149.9 148.4 146.3 145.4 145.9 147.7 148.6 149.3 150.4 151.1 150.1 148.7 147.6 146.2 146.3 147.6 149.5 151.4 152.3 152.6 151 147.6 144.3 136.1 141.7 143.7 143.8 145.3 146.7 146.6 146.2 144.5 145.1
108.2 108.8 108.8 108.8 108.8 107.2 104.8 103.5 103.4 103.1 101.7 101.3 102.4 102.9 103 102.8 102.8 100.9 100.8 98.7 99.6 98.9 99.6 102.8 104.8 108.6 113 118.4 121.2 123.4 123.9 125.4 129.5 133.4 136.3 139.3 141.6 143.1 143.6 144.3 143.9 145.3 146.7 148.7 150.3 151.4 151.1 149.8 147.6 146.5 146.8 147.1 147.2 147.5 148.9 147.8 147.3 147 145.1 143 145.1 146.8 147.8 149 151.5 150.1 146.6 143.5 132.6 139.4 140.7 142.6 144.2 144.6 144 143.3 141.8 142.1
108.5 109.4 110 110.3 109.7 109.2 105.1 103.7 103.2 102.8 102.6 103.6 101.2 101.5 100.9 99.7 98.4 97.8 99.6 98.4 98.2 97.9 98.8 100.5 103.4 106.6 114.6 117.9 120.4 122.3 122.4 122.5 124.9 129.4 131.7 135.7 138.8 139.9 140.3 141.9 143.9 145.7 147.1 148.7 151.2 152.4 153.2 152.7 150.8 147.7 144.7 145.4 145.8 146.1 146.6 145.4 145.5 146.6 145.5 144.7 142.4 143.7 146.2 147.4 149.9 150.1 147 142.6 134 135.8 138.7 140.6 142.6 142.8 142.2 140.3 139.1 139.2
108.8 107.9 108.3 110.6 110 109.4 104.7 104 103.5 103.1 102.9 103.2 101.9 99.7 99.2 98.8 98.3 97.9 98.8 98.6 98.6 98.1 98.3 99 100.5 104.8 113.8 118.9 120.6 120.2 119.6 119.7 120.4 124.6 127.7 131.7 135.1 134.8 138.1 140.7 143.1 145.1 147.1 149 150.6 152 153 153.1 152 147.6 143.8 144.2 144.6 144.9 144.3 143 143.6 144.8 145.9 145.8 144.5 143.1 143 144.8 147.7 148.3 145.6 141 135.2 127.8 135.3 138.1 140.8 141.4 139.7 135.5 135.7 136.2
109.2 108.3 107.4 109.1 109.1 108.9 108.1 105.6 103.7 103.4 103.2 102.2 101.4 99.8 99.7 100.8 98.4 97.9 98.1 97.9 97.8 97.6 98.9 98.9 98.7 102.9 109.1 114.3 118.8 118.6 118.8 118.8 120.4 122.2 124.5 128.2 130.4 132 135.8 139.2 141.9 144.4 146 147.7 149.2 150.8 152.6 152.5 150.5 147.7 142 141.7 141.7 141.6 141.1 140.4 139.5 140.3 142.7 144.4 144.5 145.6 145.2 138.9 143.5 143.5 141.7 138.3 132.5 126.7 131.2 134.7 137.5 139.1 136.2 134.4 133.7 134
108.9 108.5 107.7 106.7 107.9 106.5 108.4 105.2 105.9 104.4 104.1 102.9 100.7 100.6 99.5 99.8 100.2 97.7 97.9 97.9 97.7 97.6 98.8 98.7 98.4 99.9 104.8 107 109.6 118.7 118.2 117.9 119.8 121 122 124.1 126.4 130 133.8 137.4 140.5 143.3 145.6 147.1 148.9 150.7 152.2 152.3 150.4 148.1 143.9 141.6 139.5 138.9 137 137.1 135.5 135.6 138.5 140.9 142.1 142.9 145 144.1 139.3 137.1 137.7 133.2 128.4 125.5 129.2 130.8 132.7 133.3 132.7 131.8 131 131.2
108.6 108.4 107.3 106.5 105.9 106.3 107 105.8 105.1 103.2 101.3 101.2 101.1 100.8 100.5 99.6 99.7 97.7 98.1 98.1 98 98.1 98.3 98.4 98.6 98.3 101.9 106.4 111.7 118.1 118 117.2 116.8 117.4 118.4 120.3 124.9 129.3 132.5 135.9 139.9 142.2 144.8 147 148.8 150.3 151.7 151.7 150.5 148.1 145.7 143.5 140.6 139.8 138.9 137.8 136.2 132.1 133.6 136 137.3 140.7 142.7 141.1 140.9 136.9 131.4 131.7 124.3 122.8 127.2 128.7 130.2 130.8 130.6 129 128.7 129.4
109 107.8 106.8 106.4 106.1 104.5 105.5 105.3 104.5 102.2 101.1 101.5 101.3 101 100.5 100.2 100.3 100.2 97.7 98 97.9 98.5 98.7 98.8 98.2 98.3 102.6 106.6 111.4 115.5 116.8 116.6 115.3 115.3 115.4 118.2 123 128 132.3 135.8 139.6 141.9 144.3 146.7 148.4 149.8 151.2 151.2 150.7 148.5 146.3 144 141.6 139.8 138.6 137.4 135.9 132.2 130.8 130.8 131.5 134 137.2 139.3 139.7 137.8 134.6 130.8 121.5 120.2 125.3 126.7 128 128.3 128.1 128.2 128.4 127.1
108.9 107.7 107.3 107 106.4 105.8 104.9 104.4 103.9 102.6 101.2 101.8 101.5 101.1 100 100.4 99.7 100 99.3 97.6 97.8 97.8 97.9 98.6 98 98 103.3 106.1 110.2 113.5 114.6 115 113.2 115.3 119 121.7 119 123.1 129.6 135.3 139.3 141.7 144.2 146.6 148.7 149.9 151.2 151 150.6 148.8 146.4 144.1 141.8 139.5 137.5 136.3 134.5 131.8 127 127.9 127.8 130 132.1 134.9 137.6 136.9 133.3 130.2 123.8 117.7 123 124.8 125.8 125.6 125.4 126.2 129.5 124.9
