app/static/ascii/SJ27.asc
ncols 200
nrows 200
xllcorner 320000
yllcorner 370000
cellsize 50
[rows 160 to 199 of 200, columns 0 to 89 of 200]
253.2 248.1 242.9 237.3 232.9 227 221.4 216 209.8 203.7 198.9 194.4 189.9 185.4 182 177.8 174.2 171.3 168.8 167.9 164.5 161.6 157.7 155.2 152.1 148.9 146.9 145.3 141 138.9 133 123 121.8 118.8 118.9 118.5 108.6 97.4 100.1 109.5 110.8 112.8 118.5 126.3 125.2 122.7 120.6 116.2 111.3 108.5 106.9 104.4 100.9 98.7 96.7 95.3 94.7 93.7 91.8 90.1 88.4 86.4 84.1 81.8 78 74 70.1 64.5 60.6 58.2 55.2 52.1 48.6 45.3 39.6 33.8 27.8 27.5 28.3 33.8 42.8 50.1 51.8 51 50 49.5 49 48.5 45.3 41.9
259.3 254.8 249.4 243.9 238.6 232.2 226 219.7 213.5 207.6 201.4 196.8 192.2 187.6 183.4 180 176.9 173.7 171.1 169.2 166.4 162.3 161.2 157.9 154.8 151.2 148.7 147.6 144.3 141.6 138.7 134.6 135.2 132.3 129.7 125.5 114.8 106.6 100.5 98.9 93.9 95.9 107.5 118 121.6 121.1 119.2 116.6 111.4 109 109 106.3 102.7 100 98 96.9 96.4 94.6 92.9 91.1 89.2 86.6 85.5 82.5 78.6 71.5 68.1 67.1 65.2 59.5 55.8 52.6 48.2 44.9 38.3 32.3 28.2 28.5 31.1 35.3 42.3 51 51.4 51.3 50.4 49.7 49.2 48.5 45.1 42.3
264 261.4 256.4 250.2 243.7 238.4 231.5 223.9 216.8 211.3 205.3 199.7 194.7 190.2 185.7 182.3 179.3 176.1 173.1 170.6 167.3 165.2 162.2 160.3 157.9 154.2 151 148.4 146.3 144.5 142.7 140.7 142 139.9 135.1 127.8 120.9 109.5 112.8 113.3 104.7 99.5 91.7 105.3 116.6 117.7 117.6 116.2 112.7 109.6 109.5 107.6 103.7 100.9 99.8 98.8 97.5 95.5 94.7 92.1 89.7 87.5 82.7 79.4 76.9 74 72.3 69 62.2 56.3 51.2 50.2 47.2 41 34.8 31 29 30.9 33.1 35.4 42.1 49.4 51.3 51 50.6 49.8 49.1 46.7 45.8 43.1
267 265.4 261.9 256 249.5 243 235 228.1 220.4 213.9 207.9 202.7 197.7 193.3 188.6 184.4 181.3 178.3 175.2 172.3 169.5 166.6 164.4 162.2 159.2 156.2 152.7 149.7 147 145.4 144.7 144.1 143.5 141.9 136.1 122.9 113.5 122.5 123 120.3 113.4 106.4 98.2 89.3 102.2 109.7 115.5 116.1 113.9 110 109.5 107.9 104.7 101.5 100.6 100 98.9 98.2 97.3 94.2 91.5 88.1 85.2 82.6 80.6 75.5 70.4 62.9 58.7 57.6 56.3 53.9 49.7 43 37.6 31.1 30 32.5 34.5 35.9 42.7 47.8 51.3 51.3 50.5 49.3 47.3 46.7 45.4 42.8
268 266.2 265 260.4 253.2 246 238.3 230.1 222.9 215.9 211 205.8 200.7 196.3 191.8 187.1 183.2 180.2 176.9 174.5 171.9 169.3 165.4 163.2 159.6 155.1 153 151.2 148.3 145.5 145.1 145.4 143.5 140.5 133.9 121.9 123.9 131.5 125.8 121.1 117.7 114.2 103.9 92.6 85.2 101.9 110.3 115.2 114 110 109.2 107.3 103.9 102.1 100.7 100.1 99.7 100.5 99.9 96.8 93.6 89.1 85.6 82.1 79.1 75.2 68.3 64 65.8 63.5 62.1 57.1 49 41.5 34.2 31.4 31.9 34.9 35.4 37 40.8 46.8 51.4 51.1 50.2 48.9 47.4 46.3 44.8 43.7
270 267.3 265.4 262.2 256.3 247.9 239.7 232.8 225.6 218.7 213.3 208.5 203.7 199.3 194.9 190.3 185.7 184.1 181.1 176 172.2 169.6 166.1 163.6 158.6 154.8 151.9 150.5 148.7 144.3 143.8 143.8 141.3 137.4 129.6 123.9 138.3 138.7 131.8 124.3 120.9 114.8 106.3 98.8 85.9 90.5 102.9 109 112.3 109.2 108.7 107.1 104 102.6 101.3 100.5 99.7 100.3 101.7 98.8 94 89.5 85.4 80.4 73.1 68.4 67.7 71.9 71.1 66 62.7 57 45.1 36.8 32.3 31.4 35 36.1 36.5 39.2 43.4 51.1 52.9 50.5 50.1 49.2 48.2 47.2 46.1 44.9
269.8 267 265.3 262.6 257.8 249.2 242.2 235.7 228.4 221.5 215.5 210.6 205.9 201.3 197.4 191.2 186.5 185.6 184.7 180 173.2 169.7 166.2 163.3 159.1 155.3 152.2 148.1 145.9 142.2 140.5 137.7 133.7 132.6 133.6 138 139.6 139.4 135.1 127.5 123.6 116.5 107.5 100.6 87.4 83.9 96.7 110 111.4 108.7 106.7 106.1 103.1 101.8 100.5 99.7 98.2 97.3 99.9 97.3 93.8 89.5 83.3 76.1 75.6 77 77 72.3 71.7 68.1 62.1 55.5 42.8 33.5 33.1 32.8 36.1 37.7 38.9 41.5 47.3 53.7 53.9 51.2 51.1 50.3 49.5 48.6 47.5 46.4
270.8 266.5 265 262.7 257.9 252 245.2 238.4 230.4 224.3 218.1 212.6 207.5 203.5 197.7 194 187.1 186.1 184.9 178.5 175.6 172.9 168.9 164.7 161.2 157.3 153.1 150.3 150.3 148.4 145.8 143.8 142.8 142.8 140.6 139.2 138.2 138.3 136.3 130.5 124.2 119 108.5 101.9 97.2 85.5 87.3 104.8 109.7 108 106.4 106.2 103.5 100.5 99.9 99.2 98.3 96.7 95.3 93.7 91.1 85.5 79.6 82.7 82.2 80.1 78.4 68.8 68.9 69.7 62.9 48.8 35.6 34.1 34.1 37.2 39 39.9 41.3 45 51.1 54.1 54.7 54.3 53.5 52.8 50.9 49.9 48.9 47.2
271 267.3 264.5 263.5 258.7 253 248.3 241.4 233.3 226 219.7 214.5 209.8 206 199.5 194.5 193.3 189.5 184.6 181.3 178.7 176.1 172.3 169.1 164.3 159.5 154.8 154.3 153.5 150.3 148.7 146.2 144.5 145.6 143 138.7 134.6 134.6 134.1 127.2 121 116.2 109.5 102.6 99.2 92.7 82.2 92.6 108.3 106.5 105.1 105.1 103.8 102.1 100.3 98.8 98.4 94.7 91.8 88.9 86.8 83.6 86.1 85.7 83 80 78.2 67.7 65 65.5 57.8 42.4 35.9 35.3 36.4 40.3 41.5 42 44.3 49.1 56.1 54.7 54.7 54.7 54.1 53.5 52.6 51.5 49.9 47.5
272.3 268.6 265.2 262.7 258.2 253 248.9 243.1 236.8 230.8 225.3 218.7 214.2 208.9 203.9 196.6 193.9 191.7 187.5 183.7 181.5 178.8 174.8 170.7 165.6 163.5 157.3 155.6 155.1 147.9 144.3 142.5 138.6 135.9 135.8 131.8 127.1 124.2 117.6 113.7 106.7 103.2 102.9 100.3 98.8 97.8 91 79.7 100.8 104.2 104.1 103.3 103.1 102.6 101 99.2 98 94.7 91.6 89.7 88.3 86.2 85.9 83.9 81.3 79 76.6 75.7 70.7 63.4 48.1 36.7 35.1 38.8 41 43.6 44.9 44.6 47.8 55.4 56.6 54.9 54.8 55 54.5 53.6 52.2 51.8 49.6 47
273.3 270.3 267.3 263.4 257.9 251.8 249.4 244.6 238.9 232.9 227.3 221 217 212.9 205.8 202.6 198.5 195.1 191.5 187 184.2 180.4 176.2 172.4 171.7 166.8 158.8 157.1 160.3 147.2 146.7 145.1 144.1 140 137.3 132.6 127.8 124.9 123.8 121.2 116.3 111.1 102.9 95.4 90.5 94.1 90 73.9 93.8 102.8 104.5 103.7 103.6 103.2 101.7 99.9 97.8 96 94 90.7 85.3 82.3 80.2 80.1 79.7 77.3 76.9 79.6 74.9 55.1 38.9 38 40.4 41.2 43.5 48.6 50.2 48 49.6 57.6 56.6 56 56 55.1 54.7 53.1 51.6 50.6 48.5 47.7
273.6 271.2 267.9 263.9 258.7 254.6 251.4 247.4 242.6 235.6 229.7 224.6 219.5 213.7 209.3 205.2 201.5 198.1 194.1 189.4 185.6 182.1 178.6 175.8 172.8 168.1 161.7 157.6 152.3 150.8 151 149.1 145.5 143.7 143.3 135.6 130.1 130.4 129.8 125 121.6 116.7 111.9 101.7 93.6 86.3 83.1 78.1 77.6 93.8 101.8 102.7 103.7 103.6 102.3 100.1 97.6 97.3 95.8 89.4 84.6 82.5 79.4 77.6 78.7 76 71.7 73.5 68 45.2 38.4 42.2 43 43.2 49.7 54.5 55 52.4 51.2 57.5 58.3 57.6 56.8 55.6 54.4 52.6 50.6 48.3 49.9 49.9
274.6 272.4 269.4 265.1 260.6 257 253.6 249.2 244 238.5 232.4 226.4 221.4 216.4 213.5 209.7 204.5 200.3 195.5 191.7 189.3 185.4 181.9 177.9 174.8 170.3 165.3 158.9 157.7 154.5 154.2 150.5 146.3 142.2 138 135.1 137.3 134.8 131.1 127.7 123.1 117.3 114.6 110.7 96.3 88.6 88.9 84.6 77 73.3 81.5 90.6 103.1 103.4 102.2 100 96.9 96.6 96.2 92.3 85 83 78.4 74.3 75.9 73.1 66.4 60.1 53.1 40 40.4 45.6 45.7 48.2 58.9 60.6 59.6 56.9 55.6 59.6 59.2 58.6 57.5 56.3 54.7 52.5 49.9 51.2 52.1 52.6
275.9 273.2 270.1 266.4 262.5 258.2 255.3 252.3 245.8 241.1 236.8 230.9 225.2 219.9 216.7 213.1 208.2 201.8 198.2 195 192.8 189.2 184.8 180.2 176.1 172.7 168.1 166.4 164 158.8 156.9 152.3 144.6 141.4 140.8 142.1 141.5 136.2 131 127.7 123.3 118.6 117.1 106.9 99.4 101.4 96.2 91.6 85.6 79.5 72.5 72 95.9 100.2 100.4 100.2 98.7 97.1 95.7 92.9 90.4 87.7 81.8 73.6 64.3 64.7 58.6 52.8 44.1 41.5 48.1 48.2 50.1 59.4 64.3 63.2 60.7 59.1 60.1 61.3 60.6 59.6 58.4 57.3 55.2 52.8 52 52.9 53.2 53
274.8 273.6 270.9 267.9 263.3 258.8 255.4 253.6 249.8 245.8 242.9 236.5 228.3 223 218.2 214.4 210.6 205.8 201.8 198.5 195 191.7 187.4 182.4 178.1 174.4 171.4 170.7 166.6 163.8 160.2 151.9 146.8 146.6 145 144.6 141.7 136.2 132.7 129.3 125.6 121.2 111.6 103.1 112.4 111.6 106.3 98.8 96.4 92.8 83.3 71.9 76.7 94.3 99 98.1 98.3 96.4 96.2 95.1 93.2 92.5 86.5 77.2 66.7 57.1 54.1 43.4 42.4 48.3 52.4 54.7 60.3 65.7 69.1 66 61 61.8 62.8 62.6 62.1 60.7 59.4 57.7 55.6 53.1 53.9 54.4 54.4 53.3
277.8 276.3 272.1 268.1 264.3 260 255.8 254.9 252.8 250 246.8 241.3 233.8 226.6 221.9 216.4 212.8 209.7 206.3 200.7 197.6 193.5 189.2 185.6 180.2 176.6 173.5 172 168.7 165.1 161.5 156.2 155.2 152.4 148.6 146.4 143.6 138.1 135.5 132.5 128.5 121.1 109.4 106.9 115.3 115.7 113.6 107.2 106.8 105.8 95 81.6 68.9 72.9 80.4 84.5 82.9 76.7 73.6 82.2 93.3 92.9 85.9 75.3 64.2 56.2 47.1 43.7 43.9 58.6 59 59.5 67.3 70.4 70.9 67.8 63.1 62.1 64.2 64.6 63.6 62.2 60.8 59 57 55.7 55.8 56.3 55.6 54.2
278.8 277.8 273.2 269 265.3 261.4 259 258.2 255.1 252.3 250 245.5 238.5 233.3 227.6 221.8 215 212.8 210.3 204.4 199.5 196 191.5 187.7 183.1 179.2 176.1 173.6 171 166 161.5 160.5 159.7 155.4 152.2 149 145.8 141.4 138.2 134.7 128.3 117.6 122.2 115.5 118.1 118 116 114.3 114.7 112.5 105.6 90.7 79.3 68.4 65.4 61.2 60.2 63.1 61 64.2 89.4 94.3 84 71.4 63.4 48.3 45.2 45.2 47.1 60.7 64.7 61.4 67.6 72.2 73.6 69 64.7 63.9 65.8 66.2 65 63.8 62.1 60.4 57.8 55.7 57 57.5 56.6 54.4
277.4 276.2 273.8 269.8 266.4 262.9 259 258.5 258 255.8 253.5 249 242.6 239.1 233.8 228.7 221.1 216.4 211.3 206.9 201.9 198.4 194.3 189.6 185.6 182.6 179.1 176.1 173.2 168.9 165.9 163.3 160.9 159 154.7 151.6 148.5 144.7 140 132.8 130.8 129.5 127.7 118.2 122.1 121.3 118.9 116.7 116.5 113.8 111.4 103 90 81.5 83.3 85.4 88.1 81.4 68.5 57.8 79.4 87.8 78.8 68.5 59.8 46.2 46.5 46.8 45.4 58.1 67.2 63 65.9 71.1 72.2 64.7 63.5 64 67 68.1 66.4 65.2 63.8 61.2 57.6 57 59.1 58.4 57.5 54.1
274.5 274.3 272.5 270 268.6 265.7 262 257.5 257.3 257.5 256.1 253.1 247.8 243.4 238.5 233.2 226.9 220.5 215 209.2 205.4 200.9 197.5 192.8 187.3 184.7 180.9 177.2 174 171.5 168.7 166.5 164.5 160.4 157.7 153.5 148.5 143.8 138.8 139.6 137.6 134.2 131.3 121.1 129.4 125.6 122.8 120.3 117.4 115.8 114.7 109.3 90.9 99.7 100.2 96.3 95.2 91.2 73.1 60.8 58.1 66.6 67.5 57.4 47.6 50.2 53.3 50.4 46.4 59.6 69.9 66.4 63.3 67 71 64.8 65.7 67.5 69.2 69.3 68.4 66 64.3 59.4 59.6 61.3 60.5 59.4 56.1 45.3
269.5 270.7 270.1 268 267.4 266.3 264.5 260.1 256.8 256.8 257.2 256 252.2 247.6 242.6 237.3 230.4 224.6 218.9 212 208.6 204.8 201.8 196.7 190.7 185.8 182.5 178.5 175.4 173.3 171.2 168.9 165.8 162.6 160.1 156.4 147.9 147.1 146.6 144.9 141.3 137.6 132.9 127.7 132.8 129.7 126.7 124.4 120.8 116.7 115.7 109.8 96.2 105.7 101.2 99.4 96.4 93.8 82.7 72 59.2 54.8 53.8 56.8 59 60.8 63.5 54.1 47.3 61.1 71.3 67 62 63.2 64.8 67.4 70.6 73.6 73.8 71.8 67.5 62.5 60.8 63.9 64.4 63.3 61.7 58.3 48.2 41.2
263 266.5 266.1 265.5 265.4 265.1 264.6 262.1 260.4 255.9 257.1 257.5 254.9 249.4 245 240 233.8 228 222.3 215.1 212.6 208.2 205.1 200.3 192.7 187.8 184.3 181 177.7 175.2 173.2 170.8 167.2 163.8 161.1 159.5 155.7 152.6 150.4 148.2 143.4 137 133.2 133.1 134.6 132.6 128.9 126.3 123.3 119 115 103.2 111 108.3 103.3 100.2 97.1 94.8 89.9 79.2 71.8 70.1 69.5 68.3 74.3 72 73.8 56.8 48.6 58.1 72 66.8 61.7 61.7 63.1 64.9 71.8 76 75.3 71.8 63.1 67.7 68.3 68.5 66.4 64 60.3 49.8 43.4 43.6
253 257.8 260.3 263.1 263.7 263.6 263.6 262.9 261.7 260.9 256.6 254.7 255.3 252.3 247.7 242.1 236 230.4 224.1 220.3 216.1 210.5 206.1 201 198.4 195 188.3 183.4 180.5 177.9 174.7 172.5 169.1 165.7 162.8 160.9 158.9 156.4 152.8 150.2 142.1 140.6 138.9 139.5 136.6 134.5 131 128.7 125.7 122.4 118.1 113.8 111.3 109.6 103.5 101.7 98.7 96.9 91.6 85.5 80.6 79.4 76.8 79.7 81.1 80.9 76.7 60.8 51 50.8 64.1 65.8 63.4 62.8 67.7 70.2 74 78.1 75.2 67.1 69.2 72.7 70.5 69.8 63.8 57 47 44.1 44.3 52.1
250.1 250.4 253.5 258.2 262.9 264.4 263.8 262.1 261.7 261.6 259.3 255.8 252.7 251.6 248.1 243.1 238.2 233.6 229.2 222.9 218.7 215.2 209 204.4 204.8 201.3 193.2 186.2 183.3 180.5 176.6 173.6 169.5 167.4 165.4 162.9 160.2 158.7 156.3 150.1 146.9 147 143.1 144.1 141.2 138.6 136.7 132.8 127.3 123.5 119.2 114.1 111.8 109 104.2 101 99.7 93.4 92.2 91.6 92.9 88.5 83.9 86.5 89 86 80.1 68.7 54.2 51.1 54.7 64.4 65.7 68 72.4 73.4 74.3 74.5 71.4 67.1 74.6 73.5 70.2 57.1 49.6 47 45.9 46.6 51.3 59.2
249 249.4 250.3 254 258.1 261.6 263 264.6 263.2 262.6 261.6 258.7 253.2 251.4 248.9 245.4 240.2 236.3 232.6 227 220.8 216.5 212.1 207.4 206.2 203.8 197.2 190.2 185.3 181.7 178.6 175.7 172.5 169.8 167 164.3 161.9 159.2 158.3 151.6 152 148 146.9 148.4 146.1 144.1 139.1 135.7 131.1 127 123.8 117.6 114.4 110.1 104.4 102 100 97.9 94.4 95.6 94.8 91.4 89.5 91.3 95.3 90.9 82.9 68.7 53.7 57.4 62.7 62.5 62.7 65.6 68.8 70.9 71.1 71.1 72.6 76.3 77 70.8 62.5 48.5 46.4 46.9 49.1 55.8 62 63.4
247.8 248.5 249.8 252 255.5 261.6 265.4 267 266.4 264.9 263.1 260.6 256.1 253.1 252.3 248.5 243.4 239 235 231.1 225 220.2 216.8 210.5 206.9 204.8 199.7 193.4 188.2 184.1 180.6 177.8 175 171.8 168.6 165.3 162.7 161.3 160.6 157.9 152.5 149.1 148.8 150.8 150.8 147.4 141.7 137.2 134.4 132.5 126.2 121.1 116.5 112 106.7 103.2 101.1 98 97.7 94.2 94.1 91.9 93.8 94.6 94.7 91.6 79.2 68.3 53.4 66.9 67.2 62.7 62 62.1 67.9 77 77.3 76.1 78.1 77.7 76.8 62.5 52.7 47.3 48.9 50.6 54.9 63.2 66.9 66
246.9 249.9 251.8 251.3 254.4 259.9 263.1 267.3 268.2 267.2 265.4 262.9 259.3 254.3 254.1 251.2 246.1 242.5 238.6 234.2 229.8 225.3 221.4 215.1 206.6 203.6 199.5 195.2 191.9 187.8 183.2 179.8 177.1 174.2 171 167.1 164.8 165.4 164.4 160.6 157.4 151.9 150 151.5 151.8 148 144.3 139.6 137.6 135.6 129.3 123.1 117.7 113 109.8 105.3 101.6 99.6 98.8 93.4 93.6 91.8 94.9 95.5 93.2 88.2 75.6 68.5 53.4 73 74.8 69.4 65.8 63.8 69.6 79.1 79.4 78.4 77.7 77.3 70.7 57 48.8 48.7 54 59.6 65.1 65.4 69.8 69
246.6 250.9 253.3 253 255 259.8 262.2 264.3 268.6 269.6 269.2 265.5 262.7 256.5 253.9 253.1 249 245.4 242.1 237.6 234 231.2 227.6 221.6 212.7 207.9 202.5 197.5 193.8 189.6 186 182.8 179.3 175.9 173.6 169.4 167.1 165.4 164.6 163.9 160.1 156.6 151.3 151 150.5 148.8 148.5 143.6 139.7 137.1 132.8 127.4 119.3 114.9 111.9 108.8 103.2 100.4 98.6 95.6 93.6 91.1 95.4 95 91.4 85.2 73.4 64.2 55.2 73.8 77.5 78.2 68.6 63.7 71 80.6 80.6 78.7 77.6 76.4 66.6 54.7 48.7 54.5 62.4 68.6 72.8 69.1 72.1 70.5
246.8 248.8 255 255.7 256.3 259.7 261.5 264.4 268.5 270.6 270.3 267.7 265.5 260.3 255.4 253.6 251.8 247.9 244 240.3 238.2 235.8 232.8 226.9 222.2 216 209.8 202 195.6 191.3 187.4 184.9 182.8 180.1 177.5 174.8 171.8 168 164 163.5 159.9 156.4 155.6 154.1 151.9 153 152.3 147.2 142.2 138 134.3 129 122.5 118 115.1 112 105 100.8 100.5 98.9 93.7 97.4 96 88.2 84.2 79.2 70.7 60 60.1 73.1 78.4 80.3 70.1 68.5 74 80.1 80 77.7 76.5 72.7 63.6 51.9 51.4 60.6 74.3 77.7 75.6 74.2 73.7 72.3
244.9 246.2 246.9 251.3 255 257.5 260.6 264.1 268 271 274.5 271.3 268.4 266.5 260.7 256.1 252.5 250.4 247.4 242.5 241.9 239.6 236.3 231.5 227.1 222.2 216 205.5 197.7 193.5 189.6 186.1 184.3 182.8 180.7 177.5 174.3 170.8 165 162.8 159 156.6 155.4 154.4 153.8 156.5 155.3 150.1 145 140.1 134.9 131.3 126.1 120.1 116.9 112.1 105.9 100.5 101.6 98.8 99.2 101.4 97.5 93.3 84.4 78.1 71.9 60.5 65.4 75.6 79 72.8 70.8 74.8 79.5 80.3 78.8 72.9 70.8 61.7 55.1 51.7 56.2 58.6 74.9 79.8 78 76.6 75.7 73.8
241.5 243.5 246.2 246.7 250.3 253.7 256.9 261.4 266 271 278 275.3 273 270.8 267.6 261.8 255.6 252 248.6 245.1 245.4 243 239.6 235.7 233.5 228.5 221.4 211.1 200.6 196 191.8 187.7 185.3 183.8 182.9 180.2 176.4 173.3 168 165.6 163.4 161.1 158.1 153.7 152.7 156.4 157.2 153.1 148.5 143.7 138.6 134.7 129.7 122.6 116.9 110.1 105.2 100.9 101.1 98.9 103.4 101.3 95.2 92.4 85.2 82.3 67.2 59.5 74.8 81.9 81 73.4 76 81.5 84.3 83.1 74.3 65.8 66.7 60.4 52.5 57.5 63.5 59.7 73 80.4 80.4 79.2 77.5 75
237.9 240.4 243.5 247.7 253.3 253.5 254.5 258.3 263.4 270.4 278.7 277.5 276.4 275 271.7 267.4 261.6 253.4 249.4 248 250.1 249.3 247.3 242.1 238.4 235.3 227.4 217.8 206.5 199.2 194.3 190.3 186.1 183.3 183.9 182.3 179.1 176.1 171.6 172.2 169 164.6 161.6 158.5 153.1 150.7 154.9 156 151.5 147 141.8 136.3 130.5 124.2 117.9 112 109 104.4 101 99.7 102.2 99.6 95.3 88.3 80.5 75.3 62.1 71.7 82.9 86.1 83.3 83 81.8 85.7 85.9 81.6 70.2 64.2 58.9 54.9 60.4 65.2 70.9 68.2 74.2 80.6 80.7 79.8 78.5 74.3
238.1 239.6 244.3 258.3 257 253.1 254.5 257.4 263.1 269.7 277.8 282.4 281.4 279 274.4 270.9 267.1 260.6 252.3 248.3 254.6 255.2 253.3 248.8 241.8 238.2 232 224.6 213.6 204.6 197.7 193.8 189.1 184.4 182.8 183.5 182.3 179.7 176.2 174.1 171.1 164.9 161.4 159.9 153.7 153.4 148.5 153.2 153.2 149.6 143.7 136.4 130.9 125.4 119.1 114.4 109.7 106.8 102.2 101.3 100.1 97.3 94.8 87.4 78.4 66.2 63.9 83.5 84.4 87.1 86.4 85.3 81.9 87.7 86.7 75.9 64.1 60.2 58.9 63.3 68.9 69.9 75.6 76.5 76.8 80.2 80.2 80 79.5 78.3
238.4 241 253.3 262.9 258.7 254.6 255.6 256.8 262.2 269.3 280.5 284.8 284.9 281.4 277.6 274.2 269.2 264 257.2 249.4 249.1 255.4 254.7 251.4 245.6 239.3 235 229.1 218.4 210.7 202.8 197.4 193.1 187.1 183.5 183.5 186.1 184.9 181.6 178.9 174.8 167.3 162.4 156 157 157 151.9 146.2 149.7 149.1 145.2 138 133.3 128.3 121.2 117 114.2 111.6 103 102.1 100.6 98.1 95 87 74.3 65.1 75 87.3 85.4 88 86.1 82.9 79 89.3 85.9 70.4 59.6 63.8 65.2 67.3 73.6 83.5 81.5 81.3 80.3 80.4 80.2 80.1 80.3 78.7
171.8 233.7 249.6 250.5 254.5 254.3 255.1 256.3 260.7 268.8 277.3 283 285.5 282.9 279.4 275.6 270.6 265.1 260.1 255.7 247.5 250 252.8 251.5 248.5 242.4 236.3 231.9 224 215.4 207.5 199.2 195.6 190.4 184.6 182.6 184.1 186.2 185.2 181.6 179.2 174.4 164.9 157.7 160.9 160.4 155.4 150.4 143.6 148 146.6 140.3 135.7 130.1 124.9 119.9 116.3 113.9 106.1 103.4 102.1 99.5 96 87.4 71.1 69.5 88 89.4 89.8 89 83.1 79 84.1 90.7 83.9 67.2 59.8 66.5 76.8 72.1 83 85.6 84.6 83.1 81.9 81.1 80.7 79.4 78.2 75.6
159.8 207.1 265.6 260 255.5 254.2 254.8 255.5 258.9 264 271.4 277.2 281.4 283.1 281.2 277.3 271.4 266 262.5 258.2 253.3 244.4 250.3 251 250.2 245.4 240.4 235 231.7 220.7 209.5 203.5 198.8 194.2 187.8 182.4 181.1 181.7 182.7 183 180.5 177.3 168.4 161.6 165.4 164 158.8 153.5 148.6 140.8 147.4 141.2 138.1 132.3 129.6 122.6 118.4 114.2 110.6 107 103.6 99.5 91.8 76.1 67.8 85.8 93.3 93.5 93.7 90.2 83.2 79 83.9 84.7 80.5 66.9 61.4 72.9 82.8 80.3 83.3 86.2 85.8 84 82.2 81.9 79.3 75.9 71.3 68.6
160.1 189.4 248.7 269.9 260.3 254.3 254.4 254.6 256.4 259.4 263.9 269.9 274 279.4 278.7 277.1 272.1 267 263.8 259.9 255.2 247.2 245.8 250.1 250.7 247.4 242.8 237.7 232.1 225.9 215.3 207.8 205.1 200.7 192 186.6 183.9 179.9 177.9 180.2 180.6 177.2 171.7 166.1 170.4 169 163.5 157.4 151 145.4 137.8 140.5 137.5 136.8 134.8 125.1 119 115.6 111.2 110.8 105.5 99 82 69.1 78.1 86.5 92.9 97.2 97.1 91.6 83.4 79 85.4 83.8 75.7 65.2 61.9 74.3 85.5 86.6 86.2 86.1 86.3 85.5 83.3 82.7 79.9 79.4 79.3 77.2
160.3 193.9 249.6 265.8 261.3 257.7 254.3 255.1 258.6 260 262.9 264.4 266.3 269.4 271.8 273.7 270 267.2 264.1 260.8 256.8 252.4 244.2 249.1 251.1 248.6 245.2 240.4 236.4 232.7 221.1 215.8 212.4 205.9 195.4 192.6 190.5 185.5 177.5 177.5 180.3 177.6 173 168.5 169.8 173.2 168.1 162.1 154.5 147.8 142.7 134.7 135 137.1 131.6 125.6 119.7 115.8 111.5 110.2 105.4 94.5 74.8 79.2 91.6 90.9 92.4 99 96.1 94.7 89.5 79.5 88.7 86.9 79.3 67.6 63.8 75.8 88.4 88.1 87 87.3 87.1 86.4 84.9 83.6 79.4 81.4 81.3 79
186 215.7 251.6 262.3 260 256.8 255.8 260.5 263.6 263.8 263.6 264.3 265.1 265.3 268 270.2 268.1 265.3 262.4 259.2 256.6 253.3 247.6 245.2 251.1 248.9 247.2 244.2 241.3 237 227.8 221.8 218.1 211.3 201.8 196 197.1 191.2 182.3 175.3 178.5 176.8 174 169.6 167.5 172.9 172.1 166.6 159.3 152.1 146.5 140.1 131.8 135.6 130.9 126.4 120.8 115.2 110.7 107.7 103.9 89.4 74 92.2 96.5 92.7 94.1 101.9 101.8 97 93 82.8 85.7 82.8 76.9 66.3 67.5 79.3 88.5 88.5 88.7 88.1 87.3 86.7 85.4 82.9 82.8 83.7 83.6 81.8
215.2 234.6 252.4 261.8 258.9 256.5 257 260.2 263.6 265.6 266 265.8 264.8 264.5 265.7 265.2 264.8 261.2 258.7 254.5 253 252.3 247.3 242.1 246.9 248.1 248.2 247.1 243.6 239.1 234.1 226.9 222.4 217.8 208.8 197.4 196.6 196.2 187.3 177.7 175 175.4 174.7 171.2 167.8 170.1 173.2 171.2 163.9 157.1 152 144.5 140.5 128.9 127.2 123.3 117.7 113.4 109.8 100.2 94.3 84.1 76.4 91 95.9 94.4 99.9 105.6 102.9 98.8 93.9 85.3 81.4 78.1 72.4 66.7 70.6 81.2 87.1 88 88.7 89.1 88.3 87.4 85.9 83.5 85.9 86 84.8 83.2
238.6 253.7 258.3 262.4 258.2 257.2 257.8 259.7 265.8 267.9 268.2 268.5 268.4 268 265.4 265.6 266.1 261.4 257.5 255.6 253.5 251.7 250.8 243.6 240.8 244.6 246.3 246.4 245.2 242.2 237.7 232.8 227.1 222.5 213.1 203.7 195.3 197.3 193.2 184.6 176.6 174.8 175.8 173.5 169.3 167.6 170.9 173.4 168.1 161.7 155.7 148.8 142.6 135.6 126.4 124.5 122.3 121 119.1 113.5 106 90.2 80.4 83.6 96.8 96.6 105.3 107 102.7 98.1 95.3 91.8 79.9 76.2 70.9 68.7 73 78.3 87.7 89.7 89.8 90.1 89.1 88.3 87.1 86.4 85.9 86.7 83.1 78.2
