app/static/ascii/SJ34.asc
ncols 200
nrows 200
xllcorner 330000
yllcorner 340000
cellsize 50
[rows 38 to 75 of 200, columns 0 to 83 of 200]
129.5 127.8 126.1 124.3 123.9 122.9 120.5 118.4 116.9 113.7 110 108.5 107.3 106.8 105.6 104.4 102.9 100.8 99.4 101.6 110.9 103.3 129.7 138 130.9 116.7 105.1 103.2 101.4 99.9 98.1 96.8 96.2 94 90.8 89.8 87.1 84.7 81.9 86 88.1 86.3 85.6 84.4 84.5 85.9 83.3 78.2 75.1 73.7 73.8 74.2 88.6 89.2 90.3 91.2 90 86.3 85 83.6 84.7 85.8 86.1 86.1 86.3 86.6 86.8 87.8 88.7 89.5 89.4 88.9 88.4 87.8 87.2 84.6 81.9 77.8 70.7 64.9 58 58.4 64.4 71.5
129.9 128.1 126.4 124.6 123.9 122.3 120.5 119.2 118.2 117.5 113.1 109.7 108 107 105.8 104.7 102.8 100.8 100.3 102.5 109 108.3 118.2 124.7 121.5 112.2 105.5 105.3 99.5 99.6 99 96.6 94.7 93.3 91.8 90.7 88.8 85.2 82.2 84.3 87.6 85.9 85.7 84.8 84.9 86.3 82 77.6 75.6 74 74.1 77.6 90.1 89.2 89.3 90 87.7 85 84.2 84 84.4 84.9 84.3 84.1 85 85.7 85.9 87.9 88.9 88.9 88.8 88.6 88 87.4 87.1 85.1 83 79.9 71 63.9 60.3 61.2 68.4 71.8
130 128.2 126.5 124.8 122.9 123 123.2 120.4 118.6 118.3 115.3 111.2 109.2 107.2 106.4 105.2 103.3 101.3 102.4 103.4 104.7 111.1 107.2 126.3 118.7 115.5 105.5 102.9 103 101.2 98.9 96.7 95.7 96.2 94.3 91.7 90.7 87.3 83 80.9 85.5 85.6 83.6 83 83 81 79.7 76.1 74.8 74.2 74.7 84.2 91.1 90.1 89.3 89.1 86.8 85.2 84.5 85.2 85.3 85.5 83.7 83.5 84.1 84.7 85.3 86.6 87.8 88 88.1 88.1 87.9 87.9 87.8 86.2 82.8 76.6 69.5 65.8 61.6 61.2 78.6 74.8
130.1 128.3 126.4 123.6 121.5 124.2 123.3 120.7 118.9 118.2 114.4 111.6 110 108.3 106.6 105.3 103.4 103.2 104.4 105.3 105.9 108.7 111.8 116.8 117.8 116.2 105.6 104.6 103.5 101.7 98.7 96.8 98 96.6 95.3 94.2 92 88.5 85.4 82.3 80.3 82.8 82 80.4 77.2 76.2 75.4 75.1 74.6 74.6 74.6 80.4 90.7 89.6 89.6 89.2 86.4 85.5 85.9 86.5 86.7 86 84.3 83.3 83.9 83.5 84.2 85 86.8 88 87.4 87.3 87.2 86.7 86.8 86.9 83.8 78 70.2 66.1 61.9 59.8 70.7 79.3
129.3 127.5 125.6 122.5 121.5 123.6 120.8 120.3 118.9 117.4 115.7 111.7 110.1 109.9 105.7 107.3 106.2 105 105.7 106.6 107.5 107.9 111.8 108.9 115.9 111 102.9 104.5 104 101.8 99 99.2 100.5 98.6 97.3 95.5 92.8 91.2 89.2 85 80.7 80.3 79.4 79.1 78.2 78.7 76.9 75.2 75.4 76.3 75.2 88.8 89.3 89.3 90 89.1 86.4 86.1 88.2 88.1 86.8 85.2 83.3 81.7 82.1 81.8 81.5 82.6 86.1 86.6 86.8 86.6 86.4 86 86.1 85.1 82.9 77 71.5 66.5 61.6 60.7 64.5 68.9
124.5 123.4 122.2 120.5 120.6 120.7 119.5 119.7 119.5 120.3 115.8 111.5 110.8 107.3 107.1 107.7 107.2 107.3 106.9 107.8 108.6 108.8 109.5 111.2 113.1 104.6 101.2 104.4 104.1 102.5 100.4 100.6 101.1 99.9 97.1 95.3 94.1 93.4 92.9 90.9 87.8 85 83.8 82.6 81.2 79 76.2 77.9 79.7 83.1 88.9 88.6 89 89.7 90.3 89.7 88 87.9 88.8 89.2 88.2 86 83.2 81.3 80.1 79.7 79.1 83 86 84.9 85.5 86.2 86.1 85.9 86.4 85.8 84.5 81.3 73.2 67.4 63.1 61.6 64.9 69.7
121.1 122.2 120.4 119.6 118.7 118.2 117.8 117.4 119.5 120 116.9 111 110.3 109.6 108.8 108.5 108.1 107.9 108.4 109 109.6 109.6 109.2 112.5 107.5 102.1 101.1 103 104.2 103.3 102.5 101.2 100.3 100.1 97.5 94.9 94.5 93.8 93.6 91.9 89.8 88.7 86.7 85.1 82.3 79 76.4 86.3 90.4 89.8 90.7 90.5 90.2 90.1 90.3 90.3 87.8 88.4 89.8 88.8 87.2 84.9 83.3 81.4 79.3 78.8 80.1 83.3 86.2 86 85.3 86 86.1 86 86 83.8 81.4 75.7 69.7 66.4 61.9 62.9 69.8 76.2
131.2 127.4 120.2 119.4 117.3 117 116.3 115.6 114.7 113.9 112.7 111.8 111 110.2 109.5 109.1 108.8 108.8 109.3 109.7 110.1 109.9 109.7 110.1 105.3 101.9 101.2 102.3 103.7 103.1 102 100.1 98.5 98.5 97 94.6 94.9 94.4 94.1 92.5 91.6 90.2 88.3 84.6 82 79 81.6 88.1 90.9 91.5 92 91.5 91.3 91.6 91.6 90.9 88.9 90.2 89.2 87.9 85.8 83.1 82.1 81.2 78.5 77.8 80.2 82.5 86.6 86 85.2 85.8 85.9 84.4 83.3 78.1 73.6 69.6 66 63.1 62 64.3 73.7 77.9
134.2 133.1 126.3 122.1 119.9 117.8 117.4 116.6 115.6 114.9 114 112.9 112 111.1 110.2 110 110.5 111.3 109.9 110 110.3 109.8 109.2 108.9 112.4 102.6 101.3 100 101.9 102.1 100.6 98.9 97.8 96.9 94.7 94.8 94.1 93.8 94.1 93.9 92.9 90.7 87.4 81.3 80.1 79.5 89.3 89.5 89.7 91.2 92.6 92.5 92.4 92.3 91.9 92 90.5 89.8 88.7 87.6 84.9 82.8 81.8 81 79.9 79 77.7 79.7 84.5 84.6 82.6 83.9 83.5 79.9 75.9 72.3 67.9 64.2 62.8 62.9 64.4 67.2 72.2 75.3
137 136 132.9 129 123.1 120 118.7 117.7 116.8 116 114.6 113.5 112 111.1 110.2 109.8 110.9 111.2 110 109.8 110.1 109.6 109.9 107.2 112.2 105.3 103.3 100.4 100.3 100.2 99.5 100 99.9 98.3 96.7 95.1 93.1 93.2 93.8 93.9 92.2 88.6 84.7 80.3 82.6 89.4 89.9 89.8 89.9 90.6 93.1 93.6 93.6 91.4 92.8 92.5 90.9 89.3 88.2 87.1 84.7 83.1 82.5 81.7 79.6 79.4 77.8 78.9 82.8 83.6 80.4 79.7 80.3 76.1 70.8 67.3 64.4 61.5 65.1 65.2 65.9 66.9 69.7 72.2
139.7 139 135.9 132.4 126.2 124.5 122.2 118.5 117.5 116.6 115.1 114.3 111.9 110.9 110.3 109.9 110.9 110.9 109.9 109.6 109.7 109.3 108.6 107.7 108.1 110.7 101.9 101 100 100.9 101.4 101.4 99.9 98.4 96.3 94.6 92.9 92.6 93.2 93.7 91.9 88 83.7 80 88.6 90.9 90.4 91.6 91.1 90.6 93.5 94.7 94.6 92.9 92.8 92.2 91.2 89.6 87.9 86.6 84.8 83.5 82.6 81.4 79.3 79.7 77.4 77.6 81.8 82.9 78.9 75.3 73 72.1 68.8 65.8 63.5 65.8 69.1 68.5 67.3 67.4 68.6 70.9
141.1 142.3 139.1 135.3 129.2 128 125 120.1 117.7 116.1 115.2 112.8 111.8 110.8 110.4 110 110.7 110.5 109.7 109.4 109.4 108.9 108.9 107.6 106.5 110.6 101.1 100.6 102 101.2 101.3 101 99.7 98 95.8 95 93.4 91.8 92.3 92.6 91.7 88 83.3 80 88.3 89.9 90 92.2 91.1 91.8 95.1 95.9 95.8 94.3 92.5 91.9 91.1 89.7 88.1 86.5 85.8 84.1 82.3 80.8 80.2 79.7 79 75.3 81.4 82.6 79.4 75.9 72.4 70 68.1 65.1 63.3 68.8 72.4 71.2 70 68.7 69.1 72.7
145.3 145.8 141.7 136.9 129.8 127 125.5 123.6 120.1 118.5 115.8 112.5 110.7 110.3 110 109.7 110.4 110.2 109.4 109.2 109.1 107.4 108.5 107.7 105.7 107.4 103.5 102.4 103.3 102.3 100.9 100.3 99.4 98.7 96.6 96.2 94.7 92.6 90.3 90.4 91.3 88.5 82.6 78.9 87.9 90.7 90 90.6 92 93.1 95.3 95.7 95.7 94.5 92.7 91.7 90.5 89.3 87.8 86.4 85.7 83.9 82.1 81.4 80.1 79.4 77.2 73.3 79.4 81.9 79 75.1 71.7 69.1 67.4 64.7 64.2 70.8 72.2 72.6 70.8 70 70.8 72.4
148.1 149 143.4 138.3 132.9 127.3 124.1 122.2 120 118 116.3 113 110 109.7 109.4 109.3 109.5 109.5 109.2 109 108.8 109 108.6 107.8 107.4 105.9 107.5 104.2 103 101.8 100.3 100 99.3 98.6 97.9 97 95.3 93.2 91.2 87.8 89.8 86.9 82.5 78.7 89.9 92.1 90.4 91.7 91.7 94.4 95.3 95.2 95.3 94.5 93.3 91.5 90 88.7 87.1 85.9 84.9 83.2 82.6 82.1 80.9 79.5 75.6 72.4 75.1 79.4 76 73.9 71.4 68.7 65.5 63.6 67.9 70.4 71.5 72.3 73.3 73.6 73.5 73.2
150.3 151 146.4 141 134.7 128.9 124.8 121.6 119.4 116.9 115.1 112.8 109.7 109.5 109.3 109.2 109 109.3 109.4 109.1 109.6 109.5 109.2 108.5 107.2 105.7 107.2 103.4 102.6 101.4 100.1 99.6 99.1 98.5 98.4 97.4 96.1 94.3 91.9 88.2 86.5 85.7 82.1 79.5 91.2 92.9 91.8 93.1 92.2 93.7 94.2 94.5 95.4 95 93.3 92.3 90.5 88.1 86.3 85.5 84.3 83.7 83.2 82.6 81.9 79.4 75 74.6 72.2 71.3 72.1 70.8 68.8 65.9 64.2 66.5 68.1 68 68.4 69.8 71.7 74.1 75.4 76.5
151.1 152.6 149.2 144.6 137.3 129.7 125.9 122.5 119.5 116.6 114.1 111.7 109.5 109.3 109 108.9 108.9 109.3 109.7 107.2 110.8 110.3 109.7 108.4 106.8 106.7 106.5 103.9 103.8 102.6 101.4 100.6 99.7 99.2 98.8 97.6 96.3 94.5 92.5 89.8 88.1 87.1 83.3 80.9 92.6 94.2 94 93.2 92.9 92.8 93.3 94.5 95.5 94.6 93 91.8 90.6 87.9 85.3 84.4 84.3 84.1 83.5 82.9 82.4 80.6 76.3 78.2 78.7 76.4 74.9 71.3 66.2 67.2 68.3 68.4 68.5 68.3 69.5 69.9 71.2 73 74.3 76.6
151.6 153.5 150 144.8 137.5 130.3 126.6 123 119.8 117.1 114.9 112.2 109.1 108.8 108.7 108.8 108.8 108.9 109.8 110.7 111.3 111.1 110.2 109.4 108.4 108.3 107.7 106.6 104.8 103.4 102.2 100.8 99.8 99.2 98.2 97.2 95.8 94.5 92.8 90 88.7 87.7 84.4 81.7 92 93.9 93.5 93.5 93.4 93 92.5 94.4 95.4 94.5 91.9 90.8 90.1 86.8 85.3 83.5 82.2 82.3 82.5 82.7 82.2 80.4 79.3 81 80.7 78.5 75 71 65.7 68.9 71.6 72 70.2 71.8 72 71.5 72.5 72.5 73.5 75.7
150.2 152 148.9 144.3 136.8 131.1 127.1 122.8 119.6 117.6 115.6 111.3 108.8 108.5 108.6 108.7 108.7 108.8 107.8 112.7 112.7 111 110.3 110 109.2 107.8 107.6 104.3 105.8 104 102.6 101 99.5 98.6 97.7 96.8 95 93.6 92.8 90.2 88.4 85.6 81.2 87.5 90.5 91.8 91.2 92.2 92.8 93.1 92.2 93.5 95.2 94.6 93.6 92.3 91.1 88 85.8 83.8 82.2 81.2 81.2 81.1 81.8 79.9 80.1 81.5 81.3 79.3 75.2 69.4 65.3 67.4 74.5 74.8 72.5 73.7 73.6 73.5 74.8 74.9 75.5 76.2
148.5 150.2 147.3 143.7 136 130.6 126 122 119 117.1 114.7 111.2 108.8 108.4 108.2 108.3 108.5 108.7 109.8 120.9 121.8 114.4 110.5 110.2 109.4 107.4 107 103.5 105.9 103.3 102.5 101.6 100.3 98.8 97.7 96.6 94.6 93.2 92.5 89.7 84.4 81.4 83.9 88.4 89.1 89.5 91.6 91 91.9 92.4 92 92.3 94.8 93.8 92.5 91.1 90.2 88.2 85.8 83.8 82.3 81.3 80.7 80 79 79.2 80.7 81.5 81.5 79 73.7 67.5 65.7 64.2 76.4 77.2 75.1 75.4 76.3 75.6 76.6 77.3 76.8 76.7
146.1 148.1 147.3 143 134.9 129.8 124.5 121 118.5 116.1 113.8 110.8 108.8 108.4 108.2 108 107.8 108.3 115.7 124 121.5 119.1 117.7 114.8 110.3 108.8 107.4 106.7 105.9 103 103.4 102.6 101.5 99.6 98.2 95.8 92.1 92.4 89.9 87.9 84.6 79.3 90.5 90.6 91.5 93 94.9 91.5 91.3 92.1 91.8 91.8 93.8 92.6 91.3 89.9 89.3 87.8 85.9 83.8 82.5 81.9 81.9 81.3 78.8 78.1 80 80.6 80.8 78.9 72.6 66.6 64.2 64.5 73.7 77.5 76.9 77.1 77.9 78.6 78.8 78.8 77.8 77.2
143.5 146.3 145.8 143.2 134.2 128.7 123.5 120.1 117.6 115.2 112.9 110.4 108.9 108.5 108.3 108.2 108.1 108.4 122.2 125.4 120.7 120.3 121.8 128.8 119 110 108.7 107.1 105.1 103.8 102.6 102.5 101.9 100.4 95.4 94.6 94.9 94.5 91.6 87 83.3 86.4 92.2 92.5 93.2 93.5 92.8 92.1 91.6 91.7 91.9 93.1 93 91.8 90.4 88.7 88 86.7 85.2 83.8 83.1 82.7 82.1 81.5 80 76.9 80.1 81.4 79 73.2 63.1 65.6 65.6 66 73.2 76.7 78.7 79.5 79.8 80 80.4 80.1 79 77.3
138.4 143.3 143.5 140.2 132.3 128.2 123.5 119.9 117.7 115.4 112.9 110.2 109 108.5 108.4 108.4 108.3 111 125.1 126.4 121.5 121.7 125.8 136.4 136.3 118.3 108.3 107.4 102.1 105.3 103.2 101.7 101 99.4 95.3 95.6 95.5 94.8 92.6 87.5 83 92.4 94 93.8 94.2 93.7 92.2 91.9 92 93.2 95.2 93.6 92.6 91.7 91.4 90 88 87 85.8 83.8 82.8 82.5 82.3 81.5 80 71.4 76.4 75.3 62.7 61.4 66.5 74 75 71.9 72.5 76.2 78.4 80.2 80.9 80.9 80.4 80 78.8 76.6
132.4 139.2 140 135.9 129.9 127.4 123.1 120 117.9 115.4 112.7 110.1 109.5 108.9 108.4 108.3 108.1 113.4 129 127.1 123.6 124.5 140.8 149.2 140.5 130 113.8 106.7 101.4 105.7 103.7 102.6 100.8 98.9 97.4 96.8 96.1 94.8 92.8 88.6 83.8 92.2 94.1 94.2 94.3 94.8 93.6 93.2 93.5 95.2 94.9 93.7 93.3 92.9 93 91.1 88.7 87.4 86 83.8 82.5 82.3 81.9 80.8 79.4 76.4 69.6 63.4 69.4 73.2 66.8 71.7 76 75.9 74.4 75.2 78 80.4 81.3 81.4 80.1 78.2 76.1 72.7
127.5 135.2 135.8 132.6 129.2 125.8 121.7 118.2 116.9 115.6 112.6 110.4 109.7 109.3 108.9 108.4 107.8 118.7 131.3 126.5 125.1 127.1 142.2 150.3 147.7 130.6 118.9 107.4 101.8 103.5 101.9 101.3 100.6 99.6 97.3 96.7 96.3 94.9 93.6 90.6 85.2 92.7 95.1 95.1 93.6 94.2 94.3 94.2 93.4 94.8 94.3 95.1 94.2 93 92 91.6 87.6 86.1 85.2 83.7 82.2 82 81.2 79.9 77.6 71.2 64.1 70.2 75.2 76.4 72.5 69.5 74.5 77.2 76.5 74.5 77.3 80.4 81.7 81.6 79 76.2 73.1 71.2
126.3 130.7 132.3 130.7 127.8 123.9 121.2 118.5 116.8 114.7 112.1 110.7 109.7 109.3 108.9 108.5 111.1 121.4 132.4 129.5 133.9 134.1 139.7 149.2 148.4 131 118.9 104.5 102.9 101.4 101.4 100.1 99.5 99.4 98.3 97.4 96.9 95.4 94 91.9 86.8 90.9 95.9 93.6 93.4 94.7 94.8 94.8 94.1 95 95 94.8 93.5 92.2 91 90.4 85.3 84.7 84.2 82.8 81.4 80.9 79.9 77.8 73.4 66.2 70.6 74.5 76.1 76.5 73.6 73.6 75.9 74.7 77.6 75.6 77.5 80.4 82 81.8 81.5 79.2 76.3 74.9
125.7 126.5 127.3 128.5 125.5 122.3 120.1 118.6 116.8 114 112.5 111.1 109.7 109.3 108.9 108.4 112.1 122.9 132.2 132 138.1 137.3 141.5 146.6 138.7 125.8 117 102.2 101.7 100.8 101.4 100.8 99.3 99.1 98.7 98.5 97.5 95.2 92.6 89.9 87.8 88.2 94.7 91.8 92.9 94.3 94.2 94.7 94 94.1 94.3 93.7 91.6 89.9 88.4 87.7 85.9 83.4 83 81.9 81.3 79.4 77 74.4 66.5 65.1 76.6 77.2 76.5 76.1 74.6 74.5 76.1 77.3 77.2 78.4 77.3 80.1 82.3 82.6 82.3 81.9 79.9 77.2
128.1 127.2 124.6 124.5 123.2 121 118.9 117.3 115.4 114.1 112.8 111.5 110.1 109.4 108.9 108.3 113.6 122.7 129.1 130.7 135.4 141.5 144.8 140.4 134.2 122.8 113.2 102.1 100.6 101.3 100.5 101.1 99.7 98.8 98.4 98.1 96.5 94.4 91.5 90.3 89.4 86.5 92.7 92.2 92.4 93.3 93.7 94.6 93.9 93.6 93.6 92.3 89.6 87.7 86.9 86.3 84.6 82.7 81.8 81.3 80.3 75.7 71.7 66.8 66.4 67.8 76.4 77.7 77.5 76.9 76 76.5 77.9 78.5 77.7 79.1 78.7 80.9 82.7 83 83.1 82.7 82.2 79.2
128.9 131.7 129.7 126 122.3 120.7 119.2 116.9 115.5 113.5 112.3 111 109.7 109.3 108.7 108 116.2 124.3 130.5 129.7 129.4 131.4 135.1 134 124.2 117 108.5 101.5 100.8 100.7 98.7 98.7 98.7 98.6 98.3 98 96 92.7 91.5 92.6 89.3 85.5 93.2 92.1 91.8 92.4 93.1 93.8 92 91.8 91.8 89.9 88.5 85.7 85.3 84.8 83 80.1 80.1 76.8 74.8 71.2 67.8 67.1 75.1 75.8 70.1 75.5 76.5 76.7 77.5 78 78.1 78.3 78.9 80.3 80.8 81.7 83.2 82.7 82.5 82.1 80 76.6
131 132.8 130.2 126.5 123.7 121.7 119.8 117.6 115.7 114 111.7 110.4 109.4 108.8 108.7 107.6 115.8 123.4 129.1 128.3 126.4 128.6 127 121.5 115.2 112 102.2 101.2 100.1 100.6 99.2 99 97.8 97 96.8 96.6 96.2 91.9 93.7 93.4 89.7 85.9 92 91.9 91.2 91.9 92.5 93 90.6 91.5 91.2 89.9 88.5 87.1 84.8 81.1 80.6 78 74.5 76.6 74.5 70.4 67.3 70.9 72.8 77.7 76.7 70.6 74.5 75.9 77.4 78.8 79.6 79.7 79.5 80.9 81.8 82.8 83.1 81.9 79.7 78.7 75.5 71
130.6 132.9 130.4 127.1 124.5 122.5 120.3 118.2 116.4 114.6 112.1 109.8 109 108.4 108.4 107.9 116.1 119.2 126.6 128.4 124.3 121.6 116.5 114.6 111.7 107.6 104.3 103.3 101.4 100.4 99.6 99.3 98.2 97 96.1 95.9 94.4 92.6 93.7 92.4 89.6 86 89.6 91.2 91.1 91.4 91.9 91.5 89.7 91 90 89.7 88.4 87.2 84.4 79.2 82.4 81.2 81.2 80.9 77.3 70.3 67.5 77.5 72.4 77.1 78.2 76.5 75.2 77.2 78.4 79.1 80.3 81.3 81.1 80.7 81.8 82.5 82.6 81.9 78.7 74.1 70.6 67
131.4 133.2 130 128.3 125.4 123 120.8 118.8 116.2 114.6 112.9 110.1 109 107.9 107.5 108.1 112.1 118.4 122.3 124.6 122.7 118.2 115.1 111.5 109 106.1 105.1 104.3 102.8 100.5 100.1 99.4 98.6 97.5 96.7 93.7 92.4 93.4 91.5 89.8 87.1 86 89.6 91.3 92.2 92.4 92.6 91.3 90.2 91.3 90.8 89.1 87.9 86.7 84.1 86.3 85.6 84 82.6 79.3 74.7 69.8 67.7 78 79.2 76.2 78.8 78.4 74.2 76.8 78.3 79.5 80.6 81.6 82 81.7 81.8 80.9 79.1 77.7 77 73.3 69.8 65.9
131.1 133.2 130.6 127.5 124.9 122.2 120.3 117.9 115.5 114.5 113.5 111 109.2 108 106.9 107.9 109.3 114.7 118.1 118.1 116.2 116.2 114.9 109.1 108.5 105.9 105.3 104.7 103.5 100.4 100.5 98.9 97.1 96.5 95.3 94.9 94.5 93.3 91.7 90.1 86.9 86 88.8 90.3 91.9 92.5 92.9 91.4 90.2 90.5 90 89.1 87.2 85.9 87.4 87.4 86.5 85.1 83 80.4 73.8 69.7 68.4 77.4 80.2 73.8 77.8 79.6 78.8 77.8 77.1 78.3 79.8 81.2 82.1 82.7 83.2 81.6 81.3 81.8 78.9 75.8 71.9 67
131.5 133 130.4 126.9 124.2 122.2 120.2 117.8 115.8 114.5 113.6 112.6 109.3 108 108.5 108.2 108.4 108.9 108.5 108.3 115 115.3 113.3 107.9 108.1 106.3 105.3 104.4 103 100.3 99.6 97.9 96.9 97.8 97.2 96.2 95.2 93.8 92.3 90.7 88.2 86 86.6 90.5 91.4 92.3 92.8 90.5 88.5 89.9 89 88.1 87.3 87.3 88.6 88.4 87.3 85.9 83.3 80.4 74.9 70.3 68.2 77.4 80.9 78.2 76.2 78.8 79.2 79.7 79.3 78.4 79.6 81 82.7 83.6 84.5 84.6 83.8 81.3 78.2 73.6 70 69.1
131.5 133.1 131.2 127.6 124.8 122.3 120.5 118.7 116.3 114.7 114.4 112.9 110.1 108 109 108.2 106.4 106.4 106.4 106.8 108.3 108.5 107.7 107.4 107.2 105.3 104.4 103.5 102.3 100.2 100.3 99.2 97.5 97.6 97.5 96.5 94.9 93.5 92 90.5 88.8 86 86.5 90.5 91.5 92.5 92.2 89.2 87.4 89.9 89.3 88.7 87.9 87.8 89.7 88.8 87.3 85.3 82.4 79.5 75.4 71 68.7 75 81.3 80.6 76.7 79.3 80.2 80.6 80.7 80.6 79.9 81.3 83 84.1 85 85.5 85.3 82.2 78.7 77.2 74.9 73.3
131.9 132.8 131.5 128.2 125.4 122 121 119.7 117 114.8 114.2 113.3 110.4 108.4 109.1 106.9 106.3 106.1 106.1 108.4 107.4 106 108.4 108.3 106.1 105.6 104.5 103.3 102.3 100.2 99.8 98.7 97.5 97.6 97.1 95.5 93.7 92.1 90.7 89.3 87.5 86 86.2 89.6 92.1 92.6 91.2 89 89 89.8 89 88.2 87.4 87.6 89.5 88.2 86.6 84.5 81.6 78.7 72.8 70.1 69.9 72.4 82.2 82 77.6 79.8 80.6 80.7 81 81.4 81.2 81.7 83.2 84.6 85.4 85.8 85.4 84.2 81.9 79.9 78.7 76.4
132.2 132.3 130.8 127.6 124.6 122.4 121.3 119.6 117.2 115.1 113.7 112.2 110.4 108.6 109 107.8 106 105.9 105.8 107 106.1 105.3 105.7 104.4 104.1 104.6 104.3 103.2 102.2 101.2 99.3 98.3 97.8 96.8 96.8 94.4 92.6 90.8 89.3 88.1 86.6 86.1 86.2 89.6 91.4 93 92.2 89.6 90.8 89.8 88.9 88.1 87.3 87.2 88.3 86.8 85.5 83.7 82.4 80.6 74.2 70.2 70.1 81.6 83 82.2 79.6 78.8 79 80.3 80.9 81.6 81.8 82.9 84 84.8 85.1 85.5 85.3 83.9 81 79.8 77 74.1
132 131.5 130.8 128.2 125.6 122.1 121.4 119.4 118.2 117 114.6 112.8 109.9 108.4 109.1 108 105.9 105.5 105.8 106.4 106.9 106.4 105.2 104.4 103.4 103 103.7 103 102.1 100.5 99.4 98.8 97.4 95.9 95 93.1 92.2 90.6 89.1 87.8 87.3 86.8 86.1 89 92.1 94.1 92.2 91 91.8 90.7 89.5 88.5 87.5 86.7 87.4 84.5 85.1 83.8 82.7 81 73.5 70.5 69.6 82.2 82.3 81.5 82.1 80.3 79.4 79.8 80.8 82.1 83.3 84.4 84.8 84.6 84.4 84.7 84.5 82.5 79.4 76.9 75.5 72.4
130.6 130 128.7 126.5 124.6 122.7 120.8 119.6 118.8 116.7 114.5 112.3 109.6 108.3 108.6 107.6 105.4 105.9 106.8 106.8 106.3 106.2 105.4 104.5 102.4 101 101.4 102.3 102 99.8 99.2 97.6 96.3 94.9 93.9 94.4 95.3 92.4 90.2 89.1 88.2 87.4 86.4 89.5 92.2 93.4 91.7 89.8 91.1 90.6 89.5 89.2 88.1 86.4 86.7 83.4 84 82.6 79.1 73.9 73.2 70.8 69.8 80.9 81.3 81.6 82.2 80.8 80.6 81 81.8 83.6 84.8 85.1 85.1 84.9 84.6 84.6 83.1 79.9 80.5 77.9 75.5 71.1
