app/static/ascii/SJ35.asc
ncols 200
nrows 200
xllcorner 330000
yllcorner 350000
cellsize 50
[rows 152 to 189 of 200, columns 86 to 171 of 200]
83.3 82 81.7 82.3 82.9 83 83.1 83.2 85.1 88.3 93.5 95.9 92.7 87.4 82.6 77.9 74.2 74.3 73.4 73.6 73.3 74.4 73.6 72.2 72.4 71.9 71.1 75.1 75.8 76.3 72 71.6 70.9 71.1 70.2 70.1 65 66.7 67.9 68 73 76.3 76.5 76 76.1 75.2 74.4 70.9 67.7 68.6 68.8 68.2 70.8 72.2 71.3 70.7 63.8 60.9 59 56.7 54.3 52 50.5 48.7 47.3 45.9 44.5 42.6 40.7 38.5 36.5 35.3 34.6 33.8 33 32.1 31.3 29.9 28.6 28.1 27.8 27.4 26.2 24.9 24.7 24.4
82.7 82.2 81.5 82.1 82.6 82.9 83.2 84.3 85.2 88.2 91.8 98.5 92.2 88.9 83.5 74.7 77.5 77.4 73.5 73.3 74.6 75.5 76.7 78.7 77.7 76.2 73.7 71.1 75 75.2 75.7 73.5 71.3 70.5 69.9 70.6 65.5 67.1 72.5 74.9 77.2 75.9 75.6 76.1 76.4 76 75.6 75.7 69.5 70.8 67.8 68.7 68.5 72.3 71.7 70.7 64.6 61.9 59.4 57.2 55.1 53.9 52.5 50.5 49.1 47.5 45.5 43.3 41.2 39 37.3 36 34.9 34 33.2 32.3 31.3 29.8 28.4 28.1 27.6 26.5 25.2 24.6 24.2 24
83.9 81.5 81.1 80.7 82.1 82 82.2 83.1 84.1 87.4 90.9 94.7 94.9 90.7 86.8 84.2 81.5 81.9 78.2 73.5 74.3 78 79.4 80.9 79.5 78 75.8 72.6 72.7 75.1 75.2 74.8 75.2 76.3 76.6 75.8 75.4 75.3 78 79.9 70.5 74.1 76.2 76.6 76.5 76.3 75.9 76.1 73.5 76.6 75.9 74.8 73.4 71.7 70.4 69.4 65.8 62.8 60.4 58.3 56.1 55.2 54 52.1 50 48.4 46.1 43.9 41.7 39.5 38.1 36.6 35.5 34.5 33.5 32.6 31.1 29.4 28.4 27.5 26.4 25.3 24.4 24.3 23.8 23.9
84.9 81.9 79.7 80.5 81.7 80.9 81.1 82 83.6 84.8 88.2 91.1 92.6 89.6 86.3 83.4 80.7 83.3 84.4 78.6 78.6 78.9 78.6 79.5 79.1 78.3 76.2 74.1 71.3 68.8 69.5 68.2 71.3 74.9 75.1 76.2 76.6 78.2 79.1 77.5 71.3 69.7 73.9 74.9 76 76.7 76.5 75.7 75.9 76.9 76.1 74.4 72.8 71.2 70.2 66.9 65.5 63.7 61.5 59.3 57.5 56.3 54.9 53.3 51.3 49.1 46.8 44.4 42.2 40.2 38.7 37.2 36.1 35.1 33.8 32.5 30.8 28.9 28.1 26.7 25.3 24.2 23.7 23.6 23.8 23.5
86.6 81.5 79.5 80.1 81.3 80.5 80 81.7 83.1 84.1 85.6 87.9 89.4 87.5 86 84.8 82.1 82 85.5 83.1 80.1 79.1 79.1 79.2 78.8 78.1 76.4 75.6 74.8 72.9 69.7 67.5 65 68.7 72.4 75.3 75.5 77.1 76.8 75 72.7 72.2 70.7 72.3 75.1 76.2 76.4 75.7 75.7 76.1 77.4 73.9 72.5 70.1 68.2 66.8 65.4 63.5 61.4 59.5 57.9 56.4 54.7 52.8 50.9 49.6 47.3 45 43.1 41.3 39.7 37.8 36.1 34.8 33.4 32.3 31 28.5 27.7 26.3 24.9 23.6 23.3 23.1 23.5 23.8
84.9 80.7 78.9 79.1 79.5 80.4 78.8 80.9 81.3 82.4 83.2 84.1 85.3 85.9 86.3 85.7 84.5 82.4 85.8 87.9 83.1 81.1 80.3 79.5 79.1 79.1 78.1 77 76.3 75.4 74 72.2 68.8 65.5 63.6 65.1 69.7 75.3 75.8 72.5 69.3 70.4 68.9 69 71.8 75 77.8 75.6 75.7 75.9 75.4 73.2 71.9 69.2 67.8 66.6 65.4 63.1 60.7 58.4 56.8 55.4 53.7 52.3 51.4 50 47.8 46 44.2 42.1 39.9 38 36 34.4 33.1 32.1 30.6 29 27.1 25.9 24.5 23.6 23.3 23 23.3 24.2
84.6 80.5 77.8 77.6 78.3 79 79.2 79.7 80 79.9 80.4 81.1 82.5 84.1 85.6 85.9 84.2 82.8 83.3 84.8 83.7 81 81.5 81.1 80.2 79.6 79.1 78.9 78 78.1 76.1 74.2 73.2 71.7 69.1 65.7 64.2 61.1 62.6 63.7 61.2 61.6 64.7 68.3 68.6 73.2 76.2 75.2 75.3 75.2 74.3 70.1 69.6 68.5 67.5 66.4 64.5 61.6 59 56.5 55.6 54 52.8 52.2 51.2 50.2 48.7 46.9 44.6 42.1 40.2 38.3 36.3 34.3 32.9 31.8 30.1 28.5 26.7 25.4 24.3 23.6 23.2 22.8 23.2 24.2
86.8 82.4 78.1 78.9 78.9 78.9 78.1 79.2 78.8 78.6 78.7 79.6 80.8 82.5 83.7 83.9 83 82.6 82.3 81.3 80.7 79.8 80.8 81.6 81.6 81.2 80.8 80.6 78.7 79.3 77.8 76.7 75.9 74.3 73.5 72 70.7 68.8 66.6 63.4 61.7 62.1 55.9 60.9 70.8 73.3 75.1 74.4 75.1 75.6 77 73.7 69.1 66.9 65.7 64.3 62.5 59.9 57.2 54.4 52.2 52.6 52.7 51.5 50.5 49.5 48.9 47.1 44.6 42.6 40.8 38.8 36.7 34.7 33.1 31.4 29.7 28.1 26.5 25.2 24.1 23.4 23 22.6 23.2 24.2
89.7 87.1 83.4 80 78.9 78.9 78.9 78.6 78.3 78 78 78.5 79.7 80.9 82.2 82.4 82.1 82.1 82.1 81.3 80.1 79.4 79.9 80.6 81.4 81.6 81.5 80.9 80.1 78.4 78.7 78.4 77.7 75.1 74.2 73.9 74.2 74.9 74.6 74.2 73.6 71.8 64.3 57.6 56.1 68.8 66.6 62.9 61.6 61.3 61.5 61.4 55.8 65.1 64.9 61.9 59.2 57.1 54.4 52.5 52.2 51.9 51.6 50.8 49.8 48.8 48.3 47.2 44.8 43.1 41.4 39.2 36.8 35.1 33.1 31.2 29.4 27.8 26.4 25.1 24 23.2 22.6 22.9 23.9 24.7
92.6 89.3 86.6 84.1 82.3 80.3 79.5 78.8 78.5 78.2 78 78.3 78.7 79.8 80.6 80.9 81.6 81.9 81.9 81.3 80.2 79.1 78.8 79.2 79.5 80 80.6 80 79.4 79.4 77.7 78.5 77 73.7 75 75.3 75.2 75.2 75.2 74.6 72.7 70.2 66.3 62.7 60.1 60.7 61.6 64.3 56.7 63.1 57.7 57.9 55.9 58.3 59.6 58.9 56.4 54.3 53.2 51.6 51.2 51.9 51.5 50.2 49.1 48.1 47.6 46.6 45.3 43.7 41.5 39.1 37 34.9 33 31.2 29.3 27.7 26.3 25 24 23.1 22.5 23.2 24 24.8
92.4 89.7 88.2 87.2 85.3 83 81.1 79.2 78.8 78.6 78.5 78.2 78.6 79 80 80.3 80.5 81.5 81.7 81.2 80.2 79.1 78.3 78.4 78.3 78.7 79.3 79.1 78.7 78.7 77.9 77.4 75.8 74.5 75.3 74.5 74.6 74.8 74.2 73.5 66.6 61.2 60.3 56.5 55.5 54.2 52.9 53.2 53 52.8 51.5 51.2 51.1 51.1 51 51.7 53.2 50.6 51.6 50.8 50.2 51.4 51.9 50 48.7 47.4 46.3 45.1 44.5 43.5 41.4 39 36.9 34.6 33 31.2 29.4 27.4 26.2 24.9 23.9 23.3 22.7 23 23.8 24.6
91.1 89.9 88.7 87.6 86.4 84.5 82.6 80.7 79.1 79.6 79.1 78.6 78.4 79.4 80.1 80 79.8 80.7 81.4 81.1 80.2 78.5 77.8 77.3 77.3 77.8 78 78.2 78.2 78.3 76.5 76.6 76.7 75.4 75.5 73.7 73 72.3 69 65.9 63.3 61 60.7 59.3 60 59.1 55.5 53.7 49.8 49.9 50.6 49.4 48.6 48.1 48.1 47.3 49.2 47.2 50.6 50.6 51.2 52.5 52.5 49.9 48.3 46.7 45 43.9 43.3 42.7 40.6 38.5 36.3 34.1 32.7 31.3 29.5 27 26 24.8 24 23.4 22.9 22.8 23.6 24.3
88.9 89.7 89 87.9 86.6 85.4 84.3 82.6 81.4 80.7 80 79.6 79.2 80 80.4 79.9 79 79.9 80.8 80.4 79.6 77.5 76.9 76.2 76.3 76.8 77.2 76.7 78.3 76.8 75.4 76.1 76 75.9 75.1 73.2 71.9 69.9 65.6 62.4 71.8 70.3 70.5 61.5 61.7 64.6 61.3 58.1 55 54.1 52.3 50.7 49.4 48.8 48.1 47.3 46 45.9 48.4 52.4 50.2 50.9 51.9 50.1 48.3 46.3 44.6 43.3 42.5 41.6 39.6 37.5 35.6 33.5 32.2 30.8 29.4 26.7 25.7 24.9 24.2 23.6 23.1 22.9 23.3 23.5
87.4 88.5 88.3 87.3 86.3 85.4 84.7 83.8 83.1 82.4 81.8 81 81.2 81.4 81.4 80.7 79.9 79.1 78.6 78.6 77.9 77.1 76.8 75.7 74.9 74.9 75 75.4 77.2 76.5 76 75.6 75.7 75.7 75.3 74.1 73.2 70 62.1 71.1 73.1 72.7 73.1 67.2 57.5 67.1 63.6 60 57.7 56.3 54.3 52.4 50.6 49.7 48.9 47.2 46 45.4 49.1 54 53.5 49.8 49.9 50.2 48.2 45.8 44.1 42.8 42 39.6 38.8 36.7 35.1 33.5 31.3 29.9 29 27.3 25.9 25.1 24.5 23.9 23.4 23.2 24 24.2
86.4 87.4 87.4 86.6 85.6 84.9 84.4 83.8 83.1 82.3 81.7 82 81.9 82.1 82.1 81.6 81 80.1 79.3 78.5 77.4 76.9 76.4 76.1 75.1 74.3 74.2 73.6 73.3 74.1 72.6 70.7 71.4 72.9 74.4 73.6 71.8 65.1 64.2 72.4 74.4 74.9 74.6 67.8 58.8 66.3 64.8 62 59.5 58.2 56.3 54.4 52.5 50.6 48.8 47 45.9 45.2 49.7 54.1 53.5 52 50 48.8 47.6 45.3 43.7 42.4 41 40.5 39.1 37 35.4 33.9 32.1 29 28.7 28.1 26.4 25.4 24.8 24.2 23.8 24.1 24.6 25.1
85.8 86.4 86.6 85.9 85 84.5 84 83.4 82.8 82.1 81.6 82.1 82.6 82.7 82.6 82.1 81.4 80.8 80.2 79.5 78.4 77.6 76.8 76.2 75.7 74.5 74 73.8 72.4 71.3 71.4 72.3 71.9 68.9 71.8 70.8 69.7 70 71.5 71.8 73.9 73.5 73.2 71 66.5 68.1 66 63.9 62.8 59.5 57.6 55.7 53.5 51.4 49.6 47.5 45.7 46.2 46.5 50.4 51.8 51.3 49 48.6 47.1 46.5 44.7 42.8 41.7 40.5 39.1 37.3 35.8 34.3 32.8 30.4 28.7 27.6 26.4 25.7 25.1 24.6 24.8 25.3 25.8 26.2
84.9 85.4 85.9 85.2 84.6 84 83.5 83 82.5 82 81.5 82.1 83 83.3 83.1 82.5 81.9 81.2 80.5 79.8 78.9 77.9 77 76.3 75.9 75.1 75 75.2 74.7 74.2 74.9 74.6 73.9 72 71.3 72.7 73.7 73.6 73.8 73.7 73.3 72.8 72.4 74.1 71.8 69.5 66.7 63.3 63.5 61.2 58.9 56.3 53.9 52.2 50.5 48.4 46 45.6 44.6 44.8 46.7 47.2 47.3 46.8 47.5 47.3 46 44.2 42.9 41.6 40.1 37.8 36.3 34.8 33.2 31.4 29.5 27.8 26.7 25.9 25.4 25.6 26 26.5 27 27.4
83.9 84.4 84.9 84.7 84.1 83.6 83 82.4 81.9 81.6 81.4 81.9 82.6 83 83.3 82.6 82.1 81.5 80.8 80.1 79.3 78.2 77.1 76.4 77.2 77.1 76.7 76.2 75.6 75.1 74.1 73.5 73.1 72.2 71.4 73 73.9 74.8 74.7 73.9 73.2 72.8 73.9 74.4 71.8 69.5 66.7 63.1 61.7 60.4 58.9 56.5 54.7 53 51.5 49.8 47.3 46.1 44.9 45.4 44.1 43.9 43.2 42.6 44.2 46.2 45.8 45.1 43.9 42.4 40.9 38.8 36.8 35.3 33.7 31.5 29.7 28.2 26.9 26.5 26 26.6 27.3 27.7 28 28.2
83.1 83.6 84.1 83.9 83.5 82.9 82.4 81.8 81.4 81.3 81.3 81.6 82 82.6 82.7 82.3 81.8 81.4 80.9 80.4 79.3 77.1 76.5 77.3 78.3 78 77.5 76.8 76.2 76 74.9 74.4 73.9 72.9 72.7 73.4 75 76.2 74.7 73.9 73 73.8 74.7 73.9 70.3 68.1 64.9 62 59.7 59.1 57.4 56.5 56.4 54.8 53.3 51.6 49.7 48.8 47.8 46.7 45.5 44.7 44.1 42.2 41.8 42.3 45.1 45.4 44.8 43.3 41.6 39.7 37.6 35.8 33.9 31.7 30.1 28.6 27.2 26.9 26.7 27.5 28.2 28.6 28.7 28.9
82.4 82.9 82.9 82.8 82.6 82.2 81.7 81.3 81.4 81.7 81.9 81.9 81.9 82.1 82 81.9 81.5 81 80.4 79.8 77.9 78.1 78.8 79.2 78.9 78.5 78.1 77.8 77.2 76.8 76.5 76.7 76 75.3 74.6 76 77.5 77.2 75.4 73.8 73.1 74.1 74.7 73.2 70.2 67.5 64.3 61.4 59.5 58 55.9 54.7 55.1 55.8 54.9 53.2 51.5 50.4 49.9 48.1 47.1 46.1 45.3 48.8 41.8 41.5 42.6 45 44.7 44.1 42.2 40.7 38.6 36.5 34.4 32.3 30.3 28.8 28.2 28.5 27.9 28.2 28.9 29.3 29.4 29.6
81.6 82 81.8 81.6 81.6 81.7 81.8 81.6 81.2 80.9 81 81.2 81.2 81.4 81.3 81.2 81 80.3 79.7 79 79.4 80.2 79.8 79.3 78.6 78.1 77.7 78 77.8 77 77.1 77.6 78.2 77.7 76.5 78.2 78.9 77.5 75.9 74.1 74.1 75.1 74 72.3 69.7 67.8 64.1 61.1 58.6 56.9 54.7 53.4 53.4 54.5 55.3 53.9 50.9 49.5 48.8 48.5 48.1 47.1 46.1 46.8 43.5 41.3 40.9 42.1 44.2 44.1 42.8 41.4 39.5 37.8 35.7 33.5 31.3 29.9 30.6 29.9 29.4 29 29.6 30.1 30.2 30.3
81.4 81.4 81.7 81.9 82.2 81.8 81.7 81.9 81.5 81.2 80.7 80.6 80.7 81 80.7 80.7 80.5 79.9 79.8 79.8 80.5 80.4 80.1 79.5 78.8 78 77.3 77.7 77.5 76.7 77.1 78.1 78.9 78.4 78.5 79.5 79.6 78.1 76.3 74.6 74.8 75.1 73.7 71.7 69.7 67.9 65.1 61 58.6 55.8 53.5 52 52.3 55.9 54.7 54.2 53.2 51.4 49.8 49.2 48.6 47.6 47 47.4 44.1 43.2 41 40 41.2 43.5 42.7 41.6 40.6 39 37 34.8 33.7 32.7 31.7 31.4 31 30.5 30.3 30.8 30.9 30.7
82.1 82 82.2 82.4 82.5 81.9 81.6 82.1 81.8 81.3 80.9 81.4 81.3 81.1 80.9 80.6 80.4 80.4 80.3 80.2 80.1 80.6 80.2 79.6 78.9 78.2 77.2 76.6 75.7 74.7 75.7 76.9 77.4 76.9 78.9 79.9 80.2 78.7 76.5 75.8 76 75.3 73.7 71.6 69.6 68.2 64.8 61 59.2 56 53.6 51.6 51.4 52.8 53 53.2 52.7 51.8 50.3 49.7 48.9 51.2 47.6 46.6 45 43.8 42.5 40.2 39.2 41.7 42.5 42.4 41.6 40.2 38.5 37.4 36 34.5 33.2 32.6 32.3 32 31.6 31.6 31.3 31
82.8 82.5 82.7 83 82.6 82 81.7 82.6 82.6 82.5 82.3 81.6 81.5 81.3 81 81.1 81.3 80.7 80.8 80.4 79.3 80.3 80.3 79.7 79.1 78.2 76.5 75.3 74.1 73.2 72.3 73.1 73.5 74.9 78.7 79.2 80.1 79.8 78.8 78.5 78.2 75.1 72.8 71.2 70.1 68.4 64.6 60.9 58.3 55.6 53.7 51.7 50.4 49.5 50.2 50.7 51.7 51.2 50 49.2 49.9 48.1 47.1 48.3 47.4 43.8 42.5 40.7 38.8 44.3 41.6 42.5 42.2 40.9 39.4 37.9 36.4 35 34.3 33.6 33.2 32.9 32.6 32.2 31.9 31.7
83.1 83 83.2 83.2 82.7 82.1 82.5 83.2 83.7 83.5 83.2 82.5 81.6 81.4 81.1 82.4 82.1 81 81 80.9 80.9 80.8 80 79.5 79.2 78.1 76.8 76.3 75.9 75.3 73.7 72.6 71.7 70.3 71.2 76.7 79.1 79.6 79.9 79.8 79.5 74.1 70.9 70.3 69.1 67.8 64.4 60.7 57.6 55.1 53.6 52.2 51.6 49.9 48.5 47.5 49.3 50.5 50 49.2 48.3 48.2 50.8 48.2 46.6 46 43 40.6 38.8 41.1 39.4 41.7 42.2 41.2 39.7 38.2 36.8 36.1 35.4 34.7 34.1 33.8 33.2 32.9 32.7 32.4
83.4 83.2 83.1 83.2 82.8 82.5 82.7 82.4 82.1 82.6 82.7 82.2 82 81.5 82.4 83.4 82.8 81.8 81.4 81.9 81.3 80.6 79.8 79.1 78.6 78.3 78 77.4 76.7 76 75 74.4 74 72.8 68.6 65.3 69.9 75 76.6 75.4 70.5 72.4 66.1 64.5 68.1 66.6 64.1 60.2 56.3 52.6 53.4 53 52.5 51 50.8 49.2 46.8 49.4 48.3 47.4 47.3 51.8 49.8 48.4 48.4 46.6 43.8 42.8 39.5 37.7 38.5 41.2 40.8 41.4 40 38.7 37.9 37.2 36.5 35.8 35 34.2 33.9 33.7 33.4 33.2
83.5 83.4 83.1 82.8 82.4 81.6 81.1 80.8 80.6 79.8 79.9 81.1 81.8 82 83.5 84.4 83.5 82.9 82.3 81.8 81.3 80.6 79.8 79.7 79.3 79.2 79.1 77.6 77 76.4 75.8 75 74.3 73.7 72.8 70.1 65.3 61.5 61.3 60.7 59.9 60.6 59.4 59.6 65.3 66.1 63 57.4 53.3 50.1 48.9 49.5 50.8 50.6 49.1 48.3 47.1 44.7 44.5 44.5 43.3 46.2 48.9 49 46.3 46.9 47.3 45.4 40.3 39 38.4 40.3 41.2 41.3 40.1 39 38.1 37.1 36.1 35.2 35 34.9 34.6 34.4 34.1 33.9
83.2 82.6 82.1 82 81.8 80.4 80.4 79.3 78.6 77.4 77.6 79.9 81.3 82 83.5 85.2 84.5 83.8 83 81.8 81.3 80.6 80.7 81.1 80 80.3 79.9 78.2 77.2 76.5 75.6 75 74.7 74.4 73.3 71.8 71.3 67.6 62.7 60.9 59.2 57.1 55.8 58.1 65 61.2 56.6 51.9 50.6 50.8 50.4 49.6 48.3 47.4 46.7 46 45.6 44.7 44.9 44.4 43.3 42.8 44 48.3 47.9 44.3 42.7 42.5 39.4 39 38.8 39.5 41.7 39.7 39.8 38.3 37.2 36.3 35.3 35 34.5 34.9 34.8 34.7 34.5 34.3
82.3 81.5 81.8 81.3 81.3 79.4 78.8 76.5 74.2 74.3 78.2 81.1 81.9 82.3 83.5 84.9 85.1 84.7 83.5 82 81.4 81.3 81.8 82.2 82.3 81.8 81.2 79.5 78.2 77.4 76.2 75.5 75.1 74.9 73 72 71.3 68.8 67.5 64.4 62.4 60.3 57.8 55.1 54.7 53.9 53 54.4 54.6 53.7 53 51.9 51.1 50 48.1 47.3 46.9 46.8 46.3 44.9 43.6 42.1 41.2 42.3 43.6 43.8 42.7 40.1 38.5 38.5 38.8 38.8 39.7 40.4 39.3 37.9 36.5 35.4 34.8 34 34.2 34.8 34.9 34.7 34.5 34.4
80.7 80.9 82.7 82.5 80.5 78.4 78.2 76.1 73.9 74.4 76.5 80.7 82.1 82.4 82.4 83.9 84.1 84.7 84 82.6 82 81.2 81.7 82 82.2 82.4 82.2 81.2 79.6 77.7 76.4 75.4 74.8 74.1 73.7 72 71.2 68.3 68 67 65.2 62.8 60.7 58.3 57 57 58.6 58.5 57 55.9 55.1 54 52.7 51.7 50.9 50.1 49.1 48.2 46.9 45.5 44.1 42.6 40.8 40.9 42.7 43.5 42.5 40.6 38.3 38.2 39.3 38.5 38.9 39.1 39.6 38.1 36.2 34.9 33.7 33.4 33.9 34.6 34.7 34.7 34.5 34.3
81.4 80.7 81.5 82.4 79.8 78 77.1 76 74.2 75.5 78.6 81.1 81.8 81.8 81.3 84.1 84.3 84.4 84.5 83.3 82.5 81.3 81.6 81.9 82.1 82.3 82.5 82 80.3 78 75.8 73.4 72.4 70.9 71.2 70.3 68.1 66.8 67.6 68.9 67.2 65.3 63.5 62.1 61.1 61.8 61.5 61.1 59.7 58.4 56.8 55.4 54.1 52.7 51.1 50.1 49.1 48.2 47 45.6 44.2 42.7 41 39.9 41.4 45.2 42.5 41.5 38.1 38 39.9 38.2 38.5 38.9 38.5 37.6 35.7 35 33.3 31.3 32.2 34.2 34.3 34.1 34.2 34.2
78.2 81 82.8 81.6 81 77.5 75.6 74 72.8 75 79.2 81.8 81.8 80.6 80.7 81.5 83.7 84.1 84.5 83.8 83 81.7 81.5 81.8 82 82.2 82.5 81.9 80.5 77.4 74.2 71.7 69.6 68 67.7 67.6 66.6 64.6 64.8 68 68 66.1 64.7 63.1 63.4 63.4 63.3 63 61.7 59.9 58.1 55.9 54.3 52.6 50.8 49.7 48.7 47.8 46.9 45.7 44.2 42.7 41.8 42 42 42.4 43.2 41.7 39.7 40.6 40.2 36.4 36.7 36.9 36.6 36.4 34.9 34.5 32.8 31 31.4 31.7 31.8 33.1 33.4 33.3
80.9 81.8 81.6 81.3 80.6 77.5 74.9 72.9 73.5 77.3 79.2 81.7 82.4 81 80.6 81.3 83.8 84.5 83.8 83 81.8 81.6 81.2 81.6 81.8 82 82.2 81.4 80.2 76.5 73 70.5 68.3 65.8 64.9 65.2 65.8 64 63.6 66.3 67.1 65.2 68.9 64.3 65.1 64.9 64.2 64.3 62.7 60.3 57.6 55.3 53.6 52 50.5 49.2 48.2 47.2 46.2 45.2 44.6 43.2 41.8 41 40.6 40.6 42.2 41.7 38.1 39.2 38.8 36.1 36.1 35.9 35.7 35.6 34.9 33.4 32.3 30.3 30.9 30.9 31 31.3 32.3 32.2
81 82.1 81.4 81 81 79 76 71.2 73.5 78.7 80 81.8 81.5 80.3 80.3 81.6 83.3 83.8 83.5 83.6 81.7 81.6 80.8 81.3 81.7 81.4 81.5 80.8 78.2 74.9 72.3 70.6 67.9 64.4 62.4 62.4 63 63.3 64.6 66.8 65.9 64.1 69.4 64.4 64.9 64.8 64.3 63.7 61.8 58.9 56.3 54.1 51.7 50.2 49 47.6 46.6 45.6 44.6 44.7 43.9 43 42.1 40.8 38.7 38.9 38.2 40.1 40.4 38.7 37.7 35.2 35.5 35.4 35.3 35.1 34.5 32.9 32.8 33.2 31.8 30.2 30.3 30.6 31 31
80.8 82.6 81.2 79.8 80 80 76.3 71.4 71.8 74.3 79.2 81.1 81.8 79.4 78.6 80.3 82 82.5 83.3 83.1 82.4 81.6 80.5 79.6 81.2 81.4 81 79.1 76.2 73.5 72.5 70.1 66.9 64 62.8 61.8 59.1 61.3 65.1 66.1 63.8 65.5 64.9 63.5 61.4 63.1 63.7 62.7 60.3 57.5 55.1 52.9 50.6 48.6 47.4 46.2 45 44 43.6 44 43.1 42.4 41.8 40.7 39.1 38.5 37.7 37.1 39.1 37.5 34.7 33.3 34.7 34.8 34.9 34.6 34.1 32.9 31.7 30.8 30.6 29.8 29.7 30 30.2 31.9
78.9 81.3 79.9 77.7 77.1 77.3 73.8 71.3 70.8 73.9 77.7 80.5 80.8 78.5 76.9 80 81.2 81.1 80.8 81.6 82.4 81.6 80.5 79.4 79.1 80.4 80.5 79 75.4 74.3 72.9 69.9 66.8 65.8 65.9 65 61.5 57.3 64.9 62.9 62.1 65.4 63.1 58.5 58.8 62.5 63.7 61.1 57.9 54.8 52.4 51.1 49.5 47.4 45.8 44.9 43.5 42.6 43.1 42.6 42.8 42.3 41.7 40.4 39.8 39 38 37.1 34.7 34.4 34.3 34.3 34.4 34.6 34.7 33.6 33.9 32.7 31.1 30.5 30.1 30.1 30 29.8 29.5 32.1
78.4 80.1 79.6 77.4 73.8 72.1 70.8 71 74.5 76.4 76.7 79.5 78.4 75.1 75.8 77.6 78.7 79.2 79.1 80.4 81.5 81.6 80.7 79.5 78.5 78.7 79.7 77.8 76 74.5 73.1 71.8 69.7 69.3 68.1 65.7 62.6 57.8 57.1 64.3 56 53.9 53.2 53.2 55.5 58.5 60.2 58.5 55.3 51.8 50.5 49.5 47.9 46.2 44.2 43.3 42.3 41.1 40.7 40.7 41.2 41.9 41.4 40.8 40.3 39.2 38.1 34.8 34.5 34.4 34.2 34.2 33.8 34.7 34.6 34.2 32.7 31.7 31 30.2 29.7 29.4 29.2 29.5 29.8 33.5
78.5 79.2 79 76.1 71.9 69.8 69.6 75.6 77.2 76.7 75.2 73.7 73 71.2 72.3 73.9 75.4 76.7 77.8 79.9 80.7 81.4 80.7 80 79.4 78.5 78.6 77.8 76.3 74 73.1 72.1 70.8 69.3 66.8 65.1 63.1 61.1 57.9 56.4 53.7 52.7 52 51.2 50.9 53.6 54.2 53.3 52.2 48.8 48.3 48 46.3 44.6 43 42.3 41.8 41.3 40.5 40.1 39.9 40.6 41 40.6 38.6 38 37.5 37.1 34.6 34.3 33.9 33.5 33.1 33.7 35.5 39.8 31.4 31.4 31.3 30.3 29.6 29.3 29.3 29.5 29.5 29.1
