app/static/ascii/SJ47.asc
ncols 200
nrows 200
xllcorner 340000
yllcorner 370000
cellsize 50
[rows 120 to 159 of 200, columns 90 to 179 of 200]
13.3 12.8 12.3 12.1 12.3 12.4 12.6 12.6 12.4 12.2 11.9 11.7 11 8.9 12.5 12 11.9 11.7 11.5 11.4 11 10.6 10.1 9.7 9.5 9.7 10.1 10.5 10.5 11 11.4 11.6 11.9 12 12 11.9 11.8 11.6 11.3 11.7 11.7 12.2 12.4 12.6 12.8 12.8 12.7 12.9 13.3 13.7 13.8 13.6 13.6 14 14.7 15.7 16.5 17.2 18 18.5 19.3 19.4 20.7 20.2 19.3 18.4 17.3 15.6 14 12.4 11.2 11.1 11.3 11.5 11.8 12.4 12.6 13.5 14.2 14.9 15.6 16.1 17.1 18.3 20 22.5 24.2 27.4 31.1 36.5
13.4 12.8 12.3 12 12.2 12.3 12.5 12.6 12.8 12.7 12.6 9.5 8.8 12.2 12.2 12.1 12 11.9 11.8 11.7 11.2 10.8 10.3 10 9.8 10 10.4 10.3 10.6 10.9 11.1 11.4 11.6 11.9 11.9 11.9 11.9 11.6 11 11.6 12.1 12.3 12.4 12.6 12.8 13 13.1 13.3 13.5 14 13.8 13.8 14 14.7 15.1 16.1 16.9 17.6 18.4 19.2 19.8 18.4 20.7 20.4 19.6 18.7 17.4 15.7 14 12.8 11.5 11 11.4 11.7 12.1 12.7 12.8 13.7 14.5 15.2 15.8 16.3 17.2 18.3 19.6 22 23.9 26.6 30.4 35.5
13.5 13 12.5 12.3 12.5 12.7 12.8 13 13.3 13.8 9.2 9.8 12.4 12.4 12.6 12.4 12.2 12.1 12 11.9 11.4 11 10.6 10.2 10.1 10.4 10.4 9.8 10.3 10.4 10.9 11.1 11.4 11.4 11.5 11.6 11.7 11.6 11.7 12 11.5 11.9 12.1 12.3 12.5 12.7 13.1 13.5 13.8 14 14 14.2 14.4 15.1 15.8 16.5 17.2 18 18.8 19.7 14.8 20.7 20.8 20.6 19.9 18.9 17.5 15.8 14.4 13.2 12 11.2 11.1 11.9 12.5 13.1 13.1 13.8 14.7 15.4 15.9 16.7 17.6 18.6 19.7 21.6 20.5 26.2 29.8 34.4
13 12.8 12.8 12.6 12.8 13 13.2 13.4 13.9 9.1 11.2 13.1 12.8 13 13 12.7 12.5 12.3 12.2 12.1 11.6 11.2 10.8 10.5 10.3 10.5 10 9.3 9.8 9.7 10.2 10.9 11.1 11 11 11.2 11.2 11.2 11.5 11.8 11.7 11.6 11.6 12 12.2 12.4 12.9 13.3 13.8 14.2 14.4 14.6 14.7 15.4 16.1 16.9 17.7 18.6 19.5 20.5 20.9 21 21 20.7 20.1 18.9 17.5 16 14.8 13.6 12.4 10.9 10.5 12.3 13.1 13.6 13.7 14.2 15 15.7 16.5 17.3 18.2 19.3 20.6 22 23.2 26 29 33.3
12.3 12.1 12.4 12.9 13.1 13.3 13.5 13.7 9.1 12.5 14.8 13.8 13.3 13.5 13.3 13.1 12.8 12.6 12.5 12.4 11.8 11.4 11.1 10.8 10.7 10.2 9.5 9.7 9.4 9.3 9.1 9.8 10.2 10.5 10.6 10.7 10.8 11 11.3 11.5 11.8 11.6 11.7 11.7 11.8 12.2 12.7 13.2 13.6 14.1 14.5 14.9 15.1 15.8 16.4 17 18.1 18.9 19.8 18.3 20.8 21.2 21.2 20.8 20 18.9 17.6 16.4 15.2 14 12.6 10.4 10 11.7 14.1 14.4 14.4 14.8 15.6 16.3 17.1 17.8 18.8 20.1 21.2 22.3 23.4 25.5 28.5 31.7
11.6 11.6 12 12.3 12.5 12.7 12.9 8.8 13.2 13.9 14.2 13.8 13.7 13.9 13.7 13.4 13.2 13 12.7 12.6 12.1 11.7 11.4 11 10.5 10.1 9.5 9.1 10.3 10.1 8.9 9.6 9.9 10.2 10.5 10.6 10.7 10.9 11.1 11.3 11.5 11.6 11.8 11.8 11.8 12.1 12.6 13 13.5 14 14.4 14.9 15.4 16 16.6 17.2 18.5 19.3 16.3 20.1 20.9 21.5 21.3 20.9 19.8 18.9 18 16.8 15.6 14.4 12.4 10.1 9.7 11.7 14.2 15.1 15.2 15.5 16.2 16.8 17.6 18.4 19.3 20.3 21.3 22.4 23.5 24.9 27.3 30.3
10.9 11 11.3 11.5 11.6 11.8 8.5 12.6 13.2 13.7 14 13.7 13.4 14 13.8 13.6 13.4 13.2 13 12.7 12.3 11.9 11.6 10.7 10.2 10 9.8 9.2 9.8 9.8 9.7 9.3 9.7 10.1 10.4 10.5 10.7 10.9 11.1 11.2 11.4 11.6 11.8 11.8 11.8 12.1 12.5 13 13.4 14 14.5 15.1 15.6 16.2 16.8 17.5 18.3 19.1 19.4 20.3 21 21.6 21.4 20.9 20.1 19.2 18.4 17.3 16.1 14.9 13.1 10.8 10.1 12.2 14.6 15.6 15.9 16.2 16.8 17.4 18.2 18.9 19.8 20.8 21.8 22.8 23.7 23.3 26.4 29.2
10.6 10.8 10.6 10.8 10.9 8.3 12 12.6 13 13.3 13.6 13.8 13.9 13.9 13.9 13.6 13.4 13.1 12.8 12.5 12 11.7 11.2 10.3 9.9 9.8 9.6 9.4 9.4 9.4 9.8 9.3 9.7 10 10.3 10.5 10.7 10.9 11.1 11.2 11.1 11.4 11.7 11.8 11.8 12.1 12.5 13 13.4 14.5 14.8 15.3 15.9 16.5 17.1 17.8 18.4 17.9 19.9 20.7 21.3 21.6 21.6 21.2 20.3 19.5 18.8 17.9 16.9 15.7 14.4 11.4 9.8 12.7 14.8 15.9 16.5 16.8 17.3 17.9 18.6 19.4 20.2 21.2 22.2 23.1 23.8 22.7 26.5 29.4
10.3 10.5 10.4 10.2 8.3 11.9 12.2 12.5 12.6 12.9 13.2 13.5 13.5 13.6 13.8 13.5 13.3 13 12.7 12.4 11.8 11.4 10.7 10 9.9 9.8 9.6 9.5 9.2 9.2 9.8 9.6 9.6 9.9 10.2 10.5 10.6 10.9 10.7 10.8 10.9 11.2 11.6 11.8 11.8 12 12.5 12.9 13.1 14.8 15.3 15.6 16.1 16.7 17.5 18.2 17.2 19.5 20.2 21 21.6 21.9 21.9 21.5 20.6 19.9 19.2 18.3 17.4 16.2 14.7 11.8 9.5 12.9 15.6 16.8 16.9 17.4 17.8 18.3 19.1 19.8 20.6 21.5 22.5 23.3 23.8 24.3 26.5 28.3
10.5 10.7 10.9 8.4 11.7 12 12.5 12.7 12.8 12.8 12.8 13.1 13.2 13.6 13.6 13.4 13.1 12.8 12.5 12.2 11.7 11.1 10.7 10.2 10.1 10.1 10 9.9 9.5 9.1 9.6 9.5 9.5 9.8 10.1 10.4 10.8 10.7 10.6 10.4 10.8 11.1 11.4 11.7 11.8 12 12.4 12.7 13.4 15 15.8 16.1 16.4 17.1 17.9 18.7 19.1 19.8 20.6 21.4 22 22.1 22 21.8 21.1 20.4 19.7 18.8 17.6 16.4 14.3 11.5 10.2 13.2 15.8 16.7 17.3 17.9 18.3 18.8 19.4 20.2 21 21.9 22.8 23.3 23.8 24.3 25.9 27
11 10.7 8.2 12.8 11.4 12.1 12.5 12.9 13 13.1 13.1 13.1 13.1 13.1 13.1 13.2 13 12.7 12.4 12.2 11.8 11.3 10.9 10.4 10.2 10.3 10.3 10.3 10 9.7 9.7 9.5 9.5 9.7 10 10.2 10.8 10.2 10.1 10.3 10.6 10.9 11.3 11.6 11.9 12 12.4 12.5 13.6 15.2 16.2 16.5 16.7 17.6 18.5 17.7 19.5 20.3 21 21.7 22.2 22.3 22.4 21.8 20.9 20.3 19.6 18.6 17.2 15.9 13.7 11.3 10.9 13.1 15.5 15.8 16.4 17.4 18.3 19.2 19.8 20.6 21.4 22 22.8 23.3 23.9 24.4 26.1 27
8.3 7.8 11.4 11.9 11.7 11.9 12.6 12.9 13.3 13.3 13.4 13.4 13.5 13.3 13.1 12.8 12.8 12.6 12.4 12.1 11.9 11.4 11 10.6 10.4 10.4 10.4 10.5 10.6 10.3 10 9.5 9.4 9.6 9.8 10.1 10 10.3 10.3 10.6 10.9 11.2 11.5 11.8 12 12.1 12.3 12.3 13.8 15.4 16.6 16.8 17 18 18.9 19.3 20.1 20.8 21.5 22.2 22.6 22.8 22.9 21.9 20.7 19.8 19.2 18.2 16.8 15.2 12.6 10.9 11.6 13.7 13.9 15.5 16 17.1 17.9 18.8 19.9 20.4 21.1 21.8 22.6 23.3 23.9 24.6 24.7 27.1
7.6 8.9 10.1 11.2 11.1 11.6 12.2 12.9 13.4 13.6 13.7 13.7 13.8 13.7 13.3 13.1 12.8 12.5 12.3 12.1 11.9 11.5 11.3 11 10.9 10.6 10.5 10.6 10.7 10.9 10.3 9.7 9.4 9.4 9.6 9.8 10 10.4 10.6 10.6 11.2 11.5 11.8 12.1 12.2 12.2 12.5 12.8 13.9 15.4 16.4 16.9 17.4 18.3 19 19.8 20.6 21.4 22.1 22.8 23.1 23.2 22.5 21.4 20.4 19.5 18.6 17.6 16.2 14.5 12.7 11.4 12.6 15.7 16.4 16.6 17.1 17.6 18 18.7 19.8 20.6 20.8 21.5 22.4 23.2 24.3 24.9 24.8 27
7.8 8.5 9.1 10.2 10.7 11.3 11.9 12.6 13.2 13.8 13.9 14 14.2 14.2 13.6 13.3 13.1 13 12.5 12.2 12 11.7 11.8 11.5 11.3 11 10.7 10.7 10.8 10.8 10.3 9.7 9.6 9.5 9.6 9.7 9.9 10.3 10.8 10.8 11.3 11.7 12 12.3 12.4 12.3 12.6 13.2 13.8 15.6 15.6 16.3 17.7 17.2 19.3 20.2 21.1 21.9 22.7 23.2 23.5 22.9 22 21 20.1 18.8 17.6 16.4 15.1 14.3 13.5 12.1 11.3 15.2 16.9 17.5 18.3 18.3 18.7 19.3 19.8 20.7 21 21.5 22.6 23.6 25 25.4 25.7 26.8
8.1 8.7 9.3 9.8 10.3 11 11.6 12.2 12.9 13.5 14.2 14.4 14.5 14.6 13.9 13.6 13.5 13.4 12.9 12.4 12.2 11.9 11.6 12 11.6 11.2 10.8 10.7 10.7 10.7 10.3 9.7 9.7 9.5 9.4 9.7 9.8 10.2 10.7 11.1 11.3 12 12.3 12.6 12.6 12.5 13 13.7 14.5 15.1 15.8 20.1 18.1 19 19.8 20.9 21.9 22.6 23.4 23.8 23.4 22.3 21.4 20.4 19.2 17.9 16.7 15.9 15.2 14.5 13.8 12.6 11.2 13.6 15.3 16.5 17.4 18.1 19.3 20 20.9 21.5 21.8 22.4 23.2 24.2 25.3 25.8 26.3 26.7
8.3 8.7 9.1 9.3 9.8 10.5 11.2 11.9 12.5 13.1 14.2 14.6 14.8 14.9 14.3 14 14.1 13.7 13.2 12.7 12.4 12.1 11.7 11.5 11.2 11.1 11 10.8 10.7 10.6 10.3 9.9 9.7 9.5 9.2 9.6 9.8 10.2 10.6 11.1 11.4 12 12.6 12.8 12.7 12.6 13.5 14.4 15.2 15.8 16.7 17.2 19.6 20.7 20.9 22.2 23 23.5 24.2 24.6 23.8 22.7 21.5 20.5 19.6 18.8 17.9 17 16.1 15.4 14.7 13.5 11.7 14 14.9 15.7 16.5 17.1 17.8 19 19.9 20.9 21.6 22.6 23.9 24.8 25.6 25.8 26.2 26.8
8 8.4 8.6 8.7 9.2 10 10.7 11.5 12.1 13 14.1 14.8 15 15.1 14.4 14.8 14.3 13.9 13.6 13.1 12.6 12.3 11.9 11.6 11.4 11.2 11.1 10.9 10.7 10.6 10.3 9.9 9.7 9.5 9.3 9.4 9.7 10.1 10.6 11 11.5 12 12.8 12.9 12.6 13.1 14 15 15.9 16.6 17.6 16.6 20.2 21.5 22.3 23.6 24.1 24.5 25 24.8 24.1 23.2 22.1 21.4 20.7 19.9 19 18.1 17.2 16.3 15.6 14.4 12.7 12.9 14.5 15.9 17 17.9 18.3 18.2 19.1 20.1 20.8 21.5 22.7 23.2 24.3 25.3 25.8 25.3
8 7.9 8 8.1 8.7 9.4 10.2 11 11.7 12.7 13.8 14.5 14.6 14.6 14.4 14.4 14.3 13.9 13.6 13.2 12.8 12.5 12.2 11.8 11.5 11.4 11.2 11 10.8 10.5 10.3 10.6 10.2 9.8 9.5 9.1 9.6 10 10.5 10.9 11.4 11.9 12.6 13 12.6 13.6 14.5 15.5 16.4 17.6 18.7 19.9 21.4 22.8 24.1 25 25.1 25.4 25.8 25.3 24.5 23.8 23 22.3 21.6 20.8 20.1 19.2 18.3 17.5 16.6 15.2 13.6 12.1 14.6 15.9 17 17.9 18.5 17.7 18.6 19.6 20.5 21.3 21.5 22.3 23.2 24 24.6 24.8
8.1 8 7.9 7.9 8.3 9 9.7 10.4 11 12.1 12.9 13.4 13.8 14 14.2 14.2 14 13.8 13.6 13.2 13 13 12.6 12 11.8 11.7 11.6 11.4 11.2 10.7 10.4 10.4 10.2 9.9 9.7 9.4 9.7 9.9 10.2 10.7 11.3 11.8 12.5 12.9 12.9 13.7 14.5 15.5 16.5 18.2 19.7 21.5 23.2 24.9 26.1 26.9 26.7 26.5 27 26.4 25.7 24.9 23.9 23.2 22.4 21.7 20.4 20.1 19.4 18.5 17.6 16.8 14.3 12.6 14.4 15.2 16.4 17.4 17.7 17.5 18.3 19.6 20.5 21.1 21.8 22.5 23.4 24.4 25.1 25.2
8.2 8.1 8 7.9 7.8 8.3 9 9.7 10.4 11.3 11.9 12.4 12.8 13.5 13.9 14 13.8 13.6 13.4 13.1 13.7 13.2 12.7 12.1 11.9 11.9 11.9 11.8 11.6 11.1 10.6 10.7 10.6 10.4 10.2 9.9 9.8 10.1 10.2 10.7 11.2 11.8 12.3 12.7 13.1 13.8 14.6 15.5 17.1 16.4 21.2 23.1 25.2 26.9 28 28.2 27.9 29 28.5 27.6 26.7 25.9 24.9 24.1 23.3 22.6 21 20.4 20.1 19.5 18.2 17.4 15.2 13.2 16.6 16.5 17.2 17.8 18.3 18.8 18.9 20 20.8 21.4 22 22.8 23.7 24.7 25.5 25.8
8.3 8.2 8.1 8 7.9 7.8 8.4 9 9.7 10.2 10.8 11.3 12 12.7 13.4 13.7 13.5 13.4 13.2 13.1 13.3 13.3 12.8 12.2 12.1 12.1 12.1 12 12 11.8 11.5 11.3 11.1 10.9 10.6 10.4 10.1 10.1 10.2 10.7 11.2 11.7 12.3 12.8 13.3 13.8 14.7 16.3 17.9 20.1 23 25.2 27 28.9 30 29.5 28.2 30.1 29.8 28.9 28 27 26 24.9 24.2 23.4 21.6 20.7 20.2 19 17.3 16.6 14.7 13.2 17.7 17.6 17.8 18.1 18.5 19.2 20.2 20.8 21.3 21.9 22.4 23.1 24.1 25.1 25.9 26.2
8.4 8.3 8.1 8 7.9 7.8 8.4 9 9.3 9.4 9.9 10.7 11.6 12.4 12.9 13.2 13.5 13.5 13.2 13.2 13.1 12.9 12.6 12.3 12.3 12.3 12.4 12.6 12.8 12.4 11.9 11.5 11.3 11 10.8 10.5 10.2 10.2 10.3 10.8 11.2 11.7 12.5 13.5 13.6 13.9 15.3 17.5 18.5 21.7 24.6 27.1 29.3 30.7 32.3 32.8 32.4 32.4 31.3 30 28.7 27.7 26.6 25.2 24.5 23.3 21.7 20.8 19.8 19 18.1 17.4 15.8 14.4 15.3 17.9 18 18.4 18.8 19.5 20.8 21.5 22 22.5 23.1 23.7 24.6 25.5 26.3 26.9
8.7 8.7 8.5 8.2 8 7.9 8.4 8.6 8.9 8.6 9.3 10.2 11.1 11.7 12.1 12.4 12.8 12.8 13.1 13.1 13.2 13 12.7 12.7 12.7 12.9 13.3 13.6 13.3 12.7 12.4 11.9 11.4 11.2 10.9 10.6 10.2 10.2 10.4 10.9 11.4 11.8 13 14 14.5 14.5 16.2 16.1 20.5 23.3 26.3 29.3 31.4 33.6 34.4 32.4 34 33.8 32.7 31.4 29.8 28 26.4 24.9 23.2 22.1 21.6 21.3 21.2 20.3 19.3 18.3 16.8 15.3 14.1 16.5 18.3 18.6 19.1 19.8 21.1 22.1 22.6 23 23.4 23.9 24.8 25.7 26.9 27.6
9 9 9 8.7 8.3 8 8.2 8.5 8.7 8.8 9.2 9.9 10.3 10.9 11.4 11.7 12.1 12.2 12.7 13.3 13.2 13 13.4 13.3 13.3 13.2 13.4 13.7 13.3 12.6 12.3 11.9 11.6 11.3 11 10.7 10.3 10.3 10.7 11.1 11.4 11.9 12.8 14 15.4 15.9 17.6 19.5 22 25.1 28.3 31.4 34.1 35.8 35.7 35.3 36.1 35.6 33.3 31.4 29.6 27.7 26.2 24.8 23.2 23 22.6 22.2 21.8 21 20.1 19.1 17.8 16.2 15.1 14.1 15.9 18.5 19.4 20.2 20.2 21.2 22.2 22.9 23.2 23.7 24.6 25.5 26.6 26.4
9.3 9.3 9.1 8.9 8.5 8.3 8.3 8.6 8.9 9 9.4 9.7 9.9 10.1 10.6 11 11.5 11.9 12.4 12.9 13.3 13.6 13.4 13.2 13.6 13.2 13.1 13.6 13.2 12.5 12.2 11.9 11.5 11.2 11.1 10.8 10.4 10.4 10.7 11.1 11.4 12.1 12.8 13.8 15 16.6 18.6 20.3 23 26.4 30.1 32.6 36.5 37.8 38.5 37.4 37.1 35.4 33.2 31.2 29.4 27.5 26.1 24.7 24.2 23.8 23.2 22.7 22.3 21.6 20.8 19.9 18.7 17.1 16.3 15.6 14.4 15 17.4 19.1 18.1 20.3 21.4 22.6 23 23.6 24.4 25.3 26.4 25.2
9.6 9.4 9.2 9 8.6 8.5 8.6 8.7 9 9.2 9.4 9.6 9.9 10.1 10.3 10.7 11.2 11.6 12.1 12.7 13.2 13.2 13.5 13.9 13.7 13.3 12.9 13.2 12.7 12.4 12.1 11.8 11.5 11.1 10.9 10.5 10.5 10.4 10.8 11.1 11.4 12.2 12.9 13.7 14.9 15.6 18.5 20.7 24.1 27.5 30.6 36.4 39.3 40.1 39 38.5 37 34.7 32.7 30.8 28.9 27.2 25.9 25.1 24.6 24.2 23.8 23.3 22.7 22 21.3 20.6 19.6 18.3 17.6 16.8 16.4 15.7 15.2 16.6 17.6 18.8 20.7 22 22.8 23.4 24.2 25.1 25.9 24.4
9.6 9.5 9.3 9.2 8.8 8.8 8.8 8.8 9.1 9.3 9.8 10.1 10.3 10.5 10.7 11 11.5 11.9 12.3 12.8 13.3 13.8 14.3 14.1 13.7 13.3 12.9 12.5 12.4 12.1 11.9 11.7 11.4 11.1 10.8 10.7 10.5 10.5 10.8 11.1 11.5 12.3 13.1 13.8 16.1 16.3 17.7 20.6 24.6 28.2 32.9 38.9 40.4 41.8 40.5 38.6 36.5 34.1 31.8 30.1 28.4 27 26.1 25.5 24.9 24.5 24.1 23.7 23.2 22.5 21.8 21.1 20.4 19.5 18.5 17.8 17.6 17.4 16.8 16.3 15.8 17.9 19.7 21.3 22.3 23.1 23.7 24.3 24.9 23.7
9.7 9.6 9.4 9.3 9.1 9.1 9.1 9.1 9.2 9.6 10.1 10.5 10.7 11 11.2 11.5 11.9 12.1 12.6 13.2 14.2 14.5 15.1 14.7 13.9 13.5 13 12.4 12.1 11.8 11.6 11.5 11.3 11 10.9 10.8 10.5 10.6 10.9 11.1 11.7 12.4 13 13.4 15.3 15.9 17.7 20.6 24.6 28.7 35.8 40 42.2 42.9 41.1 37.3 35 32.5 31 29.6 28 27.1 26.5 25.8 25.3 24.6 23.9 23.9 23.6 22.9 22.2 21.5 20.9 20.3 19.3 18.9 18.6 18.6 18.4 17.9 17.3 15.5 18.3 20.1 21.2 22.1 22.9 23.6 23 21.2
9.5 9.7 9.6 9.4 9.4 9.4 9.4 9.4 9.5 9.9 10.4 10.9 11.2 11.5 11.7 12 12.3 12.7 13.3 14.3 14.9 15.2 15.8 15.3 14.5 13.7 12.9 12.2 11.8 11.5 11.3 11.2 11 10.9 10.8 10.6 10.5 10.9 11.1 11.3 11.6 12 12.5 14.6 15 15.9 17.9 20.6 24 27.4 36.9 40.3 42.6 41.3 37.5 36.1 33.2 31.6 30.3 28.9 28 27.3 26.5 26.1 25.7 25 24.3 24.3 24 23.3 22.6 22.1 21.6 21 20.4 20 19.7 19.5 19.6 19.6 18.7 16.3 16.8 19 20.1 21 21.9 21.8 20.8 20.9
9.3 10 9.8 9.8 9.7 9.7 9.7 9.8 10 10.3 10.8 11.3 11.8 12 12.3 12.6 13.2 13.8 14.1 15.4 15.6 16 16.3 15.6 14.6 13.8 13 12.2 11.5 11.2 11.1 11 11 10.9 10.8 10.7 10.7 11.1 11.6 11.9 11.6 12.3 12.7 13.1 14 15.4 17.8 21 24.3 30.2 36.9 41 40.3 41.2 37.9 34.5 31.9 30.3 28.8 28.3 28 27.3 26.9 26.5 26.1 25.5 24.9 24.8 24.5 23.6 23.2 22.8 22.3 21.7 21.1 20.9 20.6 20.3 18.9 20.5 21.5 17 16.4 18.1 19 19.7 20.5 20.3 19.5 20.8
9 9.8 10.1 10.6 10.3 10.1 10.1 10.3 10.5 10.8 11.1 11.7 12.2 12.6 13 13.4 14 14.6 15.2 15.7 16 16.5 16.4 15.6 14.8 13.8 13 12.2 11.4 11.2 11.1 11 11 10.9 10.8 10.9 10.9 11.3 11 11.1 12.1 12.2 13.7 13.5 14.5 15.4 17.6 21.1 24.6 29.8 36 39.6 39.3 38 35.5 32.6 30.5 28.8 28.4 28.2 27.9 27.7 27.3 26.9 26.6 26 25.5 25.2 24.3 23.5 23.2 22.9 22.5 21.7 21.1 20.7 20.4 19.7 22 22 22 22 17.7 17.5 18 18.7 19.3 18.6 18.5 20.3
9.1 9.7 10.4 10.9 11.3 10.5 10.7 10.9 11.1 11.3 11.5 12 12.6 13.2 13.6 14.1 14.7 15.2 15.7 15.9 16.3 16.5 16.4 15.5 14.6 13.7 12.9 12 11.5 11.2 11.1 11 11 10.8 11 11 11 11.1 11.2 11.2 11.4 13.4 12.8 13.8 15 16.2 17.9 21.2 24.8 28.7 34.7 37.8 37.7 35.4 32.8 30.1 28.5 27.9 27.5 27 26.8 26.9 26.9 26.8 26.5 26.2 25.5 24.7 24 23.5 23 22.7 22.3 21.6 20.6 20.4 20.2 19.5 22 22 22 22 22 22.2 21.9 21.1 18.4 19.2 19.1 20.1
9.4 10 10.7 11.1 11.6 11.2 11.4 11.6 11.8 12 11.8 12.3 13.1 13.8 14.2 14.7 15.2 15.8 15.9 16 16.3 16.7 16.1 15.3 14.4 13.6 12.7 11.8 11.6 11.3 11.1 11 10.6 10.7 11 11.1 11.1 11 11.3 11.4 11.4 12.3 13 14 15.5 17 18.7 21.6 24.9 28.9 33.9 36.6 36.5 34 31.1 28 27.1 26.5 26.1 25.6 25.7 25.8 25.7 25.2 25.1 25.4 25 24.4 23.9 23.4 23 22.6 22 21.5 20.7 20.8 20.5 20 22 22 22 22 22 22 22 22 21.7 20 20.5 20.3
9.8 10.3 11 11.4 11.4 11.6 12.1 12.3 12.5 12.5 12 12.8 13.7 14.4 14.8 15.3 15.7 16.1 16.2 16.4 16.6 16.5 15.9 15.1 14.2 13.4 12.5 11.8 11.4 11 10.7 10.5 10.4 10.7 10.9 11.2 11.2 11.1 11 11.4 13.8 12.7 13.3 14.3 16 17.7 19.5 22 24.8 29 32.6 34.4 32.9 31 29.8 26.7 25.6 25.1 24.7 24.5 24.6 24.9 24.8 24.7 24.8 24.8 24.8 24.4 23.9 23.4 22.9 22.3 21.8 21.3 21.5 21.5 21.5 21.7 22 22 22 22 22 22 22 22 22.1 20.3 20.1 20.1
9.5 10.4 11.3 11.5 11.7 12 12.6 13 13.3 13.6 12.8 13.3 14.2 15.1 15.6 16 16.3 16.6 16.9 16.8 16.1 15.6 15.5 14.8 14 13.2 12.5 11.8 11.3 11 10.6 10.3 10.6 10.8 11 11.1 11.3 11.2 11 11.9 12.3 12.8 13.6 14.8 16.4 18.1 19.9 21.2 25.3 28.3 31.1 33.4 33 28.5 27.1 25.7 24.5 23.7 23.3 23.6 23.9 24.3 24.2 24.3 24.4 24.5 24.5 24.3 23.9 23.4 22.6 22 21.8 21.2 21.8 21.9 21.8 21.5 22 22 22 22 22 22 22 22 21.8 20.9 19.9 20
9.7 10.4 10.5 11.3 12 12.3 13 13.7 14.1 14.4 14.7 15 15 15.8 16.4 16.7 16.6 16.5 17 17 15.4 15.4 15.2 14.5 13.7 13 12.4 11.9 11.3 10.9 10.6 10.4 10.6 11.1 11.5 11.7 11.6 11.4 11.5 12.1 12.6 13 13.9 15 16.5 18 19.2 22.3 25.1 27.9 30.9 32.6 31.5 29.3 26.4 25.1 23.7 23 22.9 23.1 23.3 23.7 23.8 24 24.1 24.1 24.2 24 23.3 23.3 23.1 22.9 22.3 21.6 21.6 21.8 21.8 21.6 22 22.5 22.5 22 22 22 22 22 21.5 20.9 20.4 20
9.1 9.7 9.7 10.4 11.3 12.3 13.4 14.1 14.5 15.1 15.3 15.7 16.1 16.2 16.5 16.6 16.5 16.5 16.5 16.6 15.5 15.1 14.8 14.2 13.5 12.9 12 11.7 11.2 10.9 10.7 10.5 10.7 11.1 11.6 12 11.9 11.7 13.8 12.4 12.9 13.3 14.3 15.4 16.8 18.3 19.8 22.3 25 27.9 30.8 31.8 30.1 27.4 25.7 24.4 23 22.6 22.5 22.7 23 23.4 23.4 23.6 23.7 24 24 23.9 23.8 23.5 23.3 23.1 22.6 21.9 21.3 21.7 21.7 22.1 22.6 22.5 22.1 21.9 22 22 22 22.1 21.9 21.5 21.1 20.7
8.3 8.7 8.9 9.7 10.7 12 13.1 13.6 14 14.9 15.9 16.2 16.4 16.2 16.5 16.6 16.5 16.5 16.2 16.3 15.4 15 14.6 14 13.4 12.8 11.9 11.2 11.1 11 10.8 10.6 10.7 11.1 11.5 11.8 12.1 12.1 12.4 12.8 13.2 13.8 14.7 15.9 17.1 18.6 20.3 22.7 25.1 27.7 29.9 30.7 29 26.8 25.1 23.6 22.3 22 22.3 22.6 22.9 23.4 23.3 24.1 24.1 23.9 24 24.1 24 23.8 23.5 23.4 22.8 22.2 21.6 21.2 21.8 22.5 22.7 22.8 22.4 21.8 22 22 22.1 22.2 22.3 22.2 21.8 21.3
6.1 8 8.1 9.2 10.3 11.6 12.3 13 13.5 14.4 15.4 16.4 16.1 16.2 16.5 16.5 16.5 16.6 16.3 15.9 15.4 14.4 13.5 13.2 13.1 12.6 11.9 11.4 11.4 11.2 11.1 10.9 11 11.5 11.5 11.7 12.7 12.8 12.7 13.1 13.6 14.4 15.1 16.3 17.5 19 20.9 23.3 25.7 27.9 29.1 29.9 28.4 26.3 24.5 23 21.5 21.8 22.1 22.5 22.8 23.4 23.6 23.6 23.8 23.8 24 24.2 24.2 24 23.7 23.6 23 22.5 21.9 21.7 22.2 22.7 22.7 22.8 22.8 22.6 22.7 22.6 22.7 22.2 22.4 22.6 22.4 21.6
6.6 7.3 7.7 8.7 9.9 11 11.6 12.2 12.9 13.7 14.6 15.4 15.4 15.8 16.2 16.7 16.7 16.7 16.2 15.6 14.8 13.8 12.8 12.6 12.5 12.4 12.2 11.7 11.6 11.5 11.3 11.2 11.3 11.8 12.2 12.3 13.4 13.3 13 13.6 14.2 14.9 15.6 16.4 17.7 19.2 21.1 23.3 25.5 27.3 28.6 29.1 27.5 25.4 23.9 22.4 21.2 21.1 21.5 21.9 22.4 22.7 22.9 23.1 23.3 23.6 23.9 24.1 24.3 24.2 24.2 23.7 23.2 22.6 22.3 22.2 22.6 22.8 23 23 23.2 23.6 23.8 23.6 23 22.6 22.6 22.8 22.6 21.5
