app/static/ascii/SJ52.asc
ncols 200
nrows 200
xllcorner 350000
yllcorner 320000
cellsize 50
[rows 0 to 36 of 200, columns 83 to 165 of 200]
77.1 77.5 77.7 78.7 77.9 76.4 74.7 72.5 74.1 77.8 79.6 80 80.7 80.8 80 79.8 79.5 79.1 79.1 79 78.8 79.3 79.9 80.3 80.1 79.9 78.9 78.7 78.6 77.9 77 76.2 75.8 76.8 77.6 77.4 77.5 77.9 78.6 78.5 78.7 79.2 81.2 81 81.5 81 81.6 83 83.3 86.1 87.1 86.5 87 90.2 91.1 91.7 92.4 94.4 93.9 98.1 103.8 108.3 111.4 112.8 119.7 125.6 129.4 131.8 134.1 133.4 130.8 128.7 127.3 125.7 123.6 120.9 117.9 116.5 118.5 120.6 124.2 127.7 129.6
76.2 76.6 76.8 77.4 78.1 77.3 75 71.6 75 78.8 79.5 80 80.5 80.4 79.7 79.5 79.6 79.3 79.1 79.2 79.2 79.1 79.1 79.9 79.6 79.3 78.8 78.4 78.1 78.1 77.3 76.5 75.7 76.5 79 79 78.9 79.3 80.5 81.1 79.8 82 81.9 81.3 81 81.8 82.2 83.1 87.4 86.4 87.7 90.7 91.2 92.3 93 92.8 94.3 93.9 93.9 102.1 108.4 114.1 119 120.2 127.8 133 137.1 142.7 144.5 142.7 141.6 139.1 135.8 132.2 128.9 124.1 121.8 121 121.4 123.1 126.2 129.5 132.9
75 75.3 75.9 76.4 77.1 77.2 73.9 72.4 76.4 77.3 78.1 79.1 79.7 79.8 79.5 79 79.5 79.5 79.2 79 79 79 79 79.1 78.8 79.1 79 78.9 78.1 78.6 78 77.2 75.9 75.7 78.2 79.2 79.1 79.3 81 82.8 81 81.1 82.1 81 83.2 82.9 82.5 84.3 86.7 88.9 90.5 92.2 93.2 94.2 93.8 93.9 93.9 93.9 96.9 102.7 108.7 117.3 124.7 126.8 132.1 141.1 146.6 149.8 151.6 151.9 151.2 150.1 146.7 140 136.7 131.7 127.9 124.7 122.8 124.1 128.1 132.6 136
74.5 74.6 75.2 75.6 76 74.5 73.5 74 76.8 78.6 78.1 78.2 78.7 79.4 78.6 78.4 79.1 79.7 79.1 78.9 78.9 78.9 78.9 79.2 79.3 79.5 79.4 79.8 79.3 79 78.7 77.7 75.9 75.3 77 78.5 79 79.5 81.5 82.5 81 81 81 81 81.1 83.2 84.7 86.9 87.9 90.4 92.2 94.5 93.9 93.9 94.2 95.9 97.4 94.4 96.9 102.4 110 121.1 128.2 131.6 137.1 149.1 154.5 156.8 157.6 157.7 157.8 157.8 156.2 152.4 147.6 141.6 135.2 131.7 130.3 130.2 133.6 137.4 140.3
73.9 74.1 74.7 75.3 74.1 72.5 73.3 75.7 78.5 79.2 79.1 80.4 80.1 79.6 78 77.7 78.2 78.7 79 78.7 78.7 78.7 79.2 79.4 79.7 79.8 80.1 80.3 79.5 79.2 78.9 77.8 76.2 75.3 76.8 78.4 79.1 79.9 81.5 82.2 82.2 81 82 82.6 82.9 85 84.1 87.5 89.4 91.3 94.5 93.9 94 97.9 101 102.9 102.7 99.5 97.1 100 110.4 120.6 127.7 131.5 138.9 150.6 160.5 163.3 163.8 163.3 163.7 163.8 162.7 160.9 156.3 153 147.1 139.6 137.4 137.4 139.9 144.2 145.8
72.9 73.6 73.4 72.4 71.7 73.5 76 76.5 77.5 78.6 78.3 78.6 79.5 78.8 79 77.8 77.5 77.7 78.3 78.5 78.7 79.3 79.5 78.9 79.6 79.6 79.3 79.3 78.9 78.2 77.6 76.5 75.1 75.7 77.1 78.6 79.7 80.1 82 82 83.1 83.8 83.7 83.9 85 87.3 85.9 86.4 88.6 92.3 93.9 94.1 99.2 101.5 103.4 105.6 106.3 103.4 98.4 98.3 106.6 115.7 122.1 124.8 134.1 148.2 160.3 168.4 168.9 168.9 169.1 169.3 168.2 166.8 164.2 160.2 157 150.5 144 149.3 151.2 152 152.7
73.9 72.9 72.9 71.7 74 75.3 76.1 76.3 77.7 78.7 77.6 78.5 78.5 79 78.6 78.1 77.9 78.4 78.3 78.9 79.1 79.3 79.6 79.7 79.1 79 78.3 77.4 78.2 77 75.8 74.7 75.5 76.8 78.4 80 80.9 81.4 83 84.2 85.1 86 85.7 85.4 86.4 87.1 87.4 87.8 89 91.5 94.1 96.3 101.5 103.9 105.8 108.5 109.4 107.9 102.3 98.5 100.4 106.8 114.1 116.1 126.3 142.3 156.3 167.8 173.6 173.9 174 173.8 173.3 172.6 170.5 167.2 164.7 158.1 156.6 160.9 161.4 162.4 162.1
74 73.7 73.4 71.9 74.3 75.6 76.5 77.2 77.2 77.3 78 78.4 78.6 79 77.7 78.6 78.7 78 77.8 77.9 78.4 78.6 79.3 79.6 78.8 77.8 76 75.3 75.1 74.6 75.1 75.6 77.4 78 79.6 81.1 82.1 83.6 84.3 86.2 87.2 87.7 87.4 87.2 87.4 88 89.6 91.1 91.6 91.1 93.5 98.4 102.5 106 109.4 111.2 113.7 112.6 109.3 104.5 100.5 100.6 104.9 109.9 116.4 130.4 148 164.4 175.5 178.2 178.4 178.1 177.9 177.3 175.8 173.2 170.5 168.8 168 169.4 170.9 171.1 171
74.4 74.3 74 72.6 72.9 75.2 76.7 78.4 76.8 76.7 77.6 77 77.2 78 78.2 78.4 78.9 78.3 77.8 77 77.6 78 78.4 78.9 78.2 76.3 75.1 74.7 75 75.5 76.1 76.6 78.2 79.7 80.8 82.1 83.8 85.3 86.4 88.8 89 88.7 88.7 88.9 89.2 89.5 90.4 92.3 93.9 93.9 95.5 97 99.9 104.1 112.5 116.3 117.3 116.4 116 113.3 107.1 105.2 105 107.7 110.4 124.3 143.1 160.8 173.6 181.3 181.7 181.9 181.9 182 181.2 179.2 176.2 173.7 173.9 175.4 177.3 176.6 176.2
75.2 75 74.5 73.4 71.9 73.7 76.3 78.9 78.1 77.9 77.3 76.6 77.3 77.6 78 78.5 78.7 78.4 78.1 77.6 77.2 77.7 77.6 77.4 76.3 75.5 74.7 75.1 76 76.6 77.2 77.7 78.6 80 81.6 83.1 85.7 86 89 90.7 90.8 90.6 90.9 91.1 90.3 91.2 91.5 93.5 95.6 97.8 98 98.5 100 99.4 107.4 115.6 115.9 118 120.8 121.2 118.8 114.7 108.4 106.3 109.8 119.9 139.7 157.7 172.1 181.8 185.4 185.6 185.6 185.8 185.8 184.7 182 179.7 179.7 180.6 181.3 181 180.8
76.6 75.8 75.5 74.4 72.4 72.4 75.9 77.6 78.3 78.6 77 76.5 77.2 77.7 78.2 78.7 78.5 78 77.7 77.5 75.7 77.2 77 74.7 73.9 73.9 74.8 76.3 77.3 78 78.6 78.8 79.6 80.8 83.1 85.5 85.8 87.3 91.3 92.5 92.5 92.5 93.1 92.8 93.6 94.3 94.5 94.3 96.4 99.7 101.4 102.1 102.4 102.2 104.4 111.3 112.8 115.7 123.6 127.5 126.4 121.7 112.9 105.9 109.5 114 133 151.4 167.7 180.1 188.8 189.7 189.6 189.7 190 189.4 188.3 186 185.8 186.1 185.7 185.6 185.4
76.9 76.9 76.7 75.3 73.5 71.9 73.4 75.2 75.1 75.4 75.3 75.9 75.9 76.3 77 77 77.5 77.4 77.2 76.9 75 74.7 74.3 73.4 73.5 75.2 76.6 77.8 78.7 79.2 79.7 80.2 80.9 82 85 88.2 89.4 91 92.7 94.1 94.2 94.4 95.4 95.9 95.2 97.9 99.8 98.3 96.7 100.2 103.6 104.7 105.6 105.7 104.6 107.3 111.3 116.8 125.4 130.1 130.1 125.2 114.7 107 108 113.9 124.1 142.3 160.5 175.4 187 193.5 193.5 193.7 194.1 193.3 192.4 191.5 191 190.8 189.9 190 189.4
77.1 77.3 77.2 76.7 75 72.5 71.7 71.5 71.8 70.9 71 73.2 74.8 75.4 75.4 75.6 75.7 75.7 75.8 74.6 73.3 72.6 73.3 75.1 76.8 77.4 78 78.7 79 79.8 80.9 81.8 82.1 83 85.1 88.1 90.7 91.1 93.5 94.9 95.8 97.3 98.7 98.9 100.4 102.2 103 102.5 100.2 100.8 105.3 107.8 108.8 109.4 109.3 108.6 110.1 116.5 124.3 129.9 130.7 126.4 116.7 108.9 109.3 114.7 120.8 130.6 150.1 167.9 182.4 193.7 198.2 198 198 197 196.1 195.1 194.6 194.1 193.1 193.6 192.7
77.1 76.7 76.4 75.6 71.4 70.7 71 71.5 71.7 71.8 71.5 71.1 71.7 74.1 75.5 75.6 75.8 75.7 75.5 73.6 72.7 75.8 77.2 77.9 78.8 78.9 79.2 79.3 79.5 80.4 81.9 82.8 83.5 83.7 84.7 86.9 89.4 91.3 93.9 95.8 97.4 99.7 101.2 103.1 105 106.7 107.7 107.2 103.7 101.9 107.9 110.3 110.8 111.1 112.3 112.9 110.8 112.5 120.7 127.2 129.9 126.2 116.8 111.4 109.7 113.5 121 125.7 137.6 157.8 174.5 188.4 199.4 201.5 201.3 200.3 199.6 198.8 198 197 193.7 191.3 190.2
76.8 75 72.6 71.6 71.1 72.4 73.9 73.9 73.9 73.3 72.7 72.3 71.4 70.9 72.4 74.4 75.1 75.5 75.1 73.5 72.9 75.9 78.1 79.2 79.2 79.3 79.5 79.9 80.1 81.3 82.8 83.8 85 85.8 86.6 87.4 89.3 90.5 93.2 96 98.9 101.8 104.6 106.9 109.8 110.7 109.8 111.5 108.1 104.4 109.4 112 113.2 112.6 113.5 115.1 114.2 112.2 116.7 123 128.4 127.9 119.2 114.1 111.5 112.2 121.6 126.5 128.1 144.2 161 181.1 194.9 204.4 203.9 203.6 202.7 201.5 198.1 192.9 186.1 182.8 179.9
71.7 71.4 72.1 73.5 74.5 75.4 75.7 75.4 75.4 75 74.6 73.7 73.4 71.8 70.3 70.7 74 75.1 75.2 73.6 72.3 75.4 78.5 79.1 79.1 79.4 79.7 80.3 80.8 82.4 84.1 85.7 87.7 88.8 88.7 89.1 90.4 90.8 93.9 97 100.5 103.6 107 111.1 114.9 116.5 116.6 115.6 112.1 105.4 107.6 112.4 115.2 113.9 114 115 116.7 114.7 115.2 122.4 126.9 127.2 121.6 116.2 113 112.2 123.3 130.3 130.9 133.6 152.7 172.5 188.5 199.2 204.3 205.4 204.1 200.3 194.5 186.1 174.2 169.9 166.1
71.7 73.5 74.7 75.6 76.3 76.5 76.5 76.6 76.6 76.2 75.4 74.9 74.3 73.2 72.6 71.3 71.2 73.8 74.3 73 72.3 76.1 78.6 79 79 79.5 80.1 80.6 82.3 84.6 86 87.5 89.3 91.3 91.9 91.8 90.9 92 93.6 97.1 101.6 105 110.3 115.5 120.1 122 120.3 116.5 112.8 108.7 106.9 110.8 113.2 113.5 114 115.4 117.3 117 115.4 123.9 127.7 126.1 120.2 117.5 115 114.1 124.9 134.3 137.8 135.3 141.1 161.3 179.3 193.2 200.5 202.9 201 195.8 188.1 178.6 166.3 158.4 154.2
73.7 75.2 76 76.7 77.3 77.2 77.3 77.4 77.4 77.3 77.2 76.5 75.2 74.6 73.5 72.7 71.2 70.8 73.8 72.3 73.3 75.7 78.7 78.8 78.9 79.5 80.2 81.7 84 86.8 88.8 90.2 91.3 93.2 94.8 94.3 92.8 92.6 93.9 95.6 99.4 105.4 112.3 118.3 122.9 124 119.7 116.2 113.3 109.5 107.7 110.8 112.7 113.5 115 116.8 118.2 119.2 118.1 122.3 128.8 125.8 120.4 119 116 116.9 127.1 138.3 143.6 142.6 140.1 152.2 170.8 185.8 194.1 196.4 194.8 188.7 178.7 169.3 158.5 152.9 150.6
75.8 76.2 77.1 77.6 77.8 78 78.1 77.8 77.6 77.5 77.5 77.7 76.8 75.3 74.3 73.1 71.5 70.5 71 71.3 74 76.8 78.5 78.7 79.1 79.6 81.2 84 86.5 89.1 91.6 93 94.1 95.8 97.3 95.9 96.2 95.9 94.9 96.2 98.2 103.4 112.7 120.2 123.1 122.2 119.2 116.4 112.9 110.2 109.2 111.4 113.2 114.6 116.8 118.4 119.6 120.4 122.2 122.3 129 127 123.6 120.7 117.4 118.2 128.6 141.2 147.9 148.9 145.6 148.8 164.2 178.5 185.6 187.8 185.3 179.2 170.1 160.1 152.7 149.9 147.4
77 76.9 77.8 77.9 78.2 78.2 78.2 78 77.8 77.7 77.7 77.5 77.2 76.8 74.9 73.7 72.4 70.4 70.2 72.1 74.4 76.2 76.4 78.5 79.2 80.4 82.4 85.1 88.1 90.1 92.6 95.3 96.9 98.2 99.5 97.9 99.3 99.3 98.4 96.9 98.6 101.8 107.9 116.6 119.4 118.5 117 115.7 113.5 111.1 110.6 111.4 114.2 115.3 117.6 120.2 121.4 122.4 123.5 122.3 127.9 126.4 124.8 121.9 118.4 120.1 131.6 142.9 150.3 152.2 149.8 153 162.5 171.2 176.3 176.6 171.7 165.1 157.9 152 149.9 146.6 144.5
78.1 78 78.4 78.3 78.3 77.9 78.1 77.8 77.9 77.6 77.4 77.4 77.4 77.1 76.3 74.3 72.9 70.9 70.2 71.9 74.2 75.6 76.9 78 79.6 81.7 84.2 86.2 88.4 90.5 93.7 96.2 99.1 100.3 101 100.5 102.1 103.1 103.6 102.5 98.7 100.6 107.3 112.5 117 118.6 117.9 115.4 113.1 111.8 111.3 112.9 115.4 117.5 118.7 120.6 122.6 123.9 125.5 125.5 125.8 124.9 124.5 123.4 120.4 122.6 132.4 141.6 149.9 153.2 151.1 151.8 158.4 162.5 165.2 164.1 157.8 155 150.6 147.8 146 144.1 142.2
79.9 79.9 81.1 81.3 81.5 83.2 80 77.8 77.7 77.2 77.2 77.6 77.5 77.2 76.7 75.5 73.2 71 70.9 70.9 73.6 75.9 77.5 79.3 81.3 85.1 88.6 89.8 91.6 93.4 95 97.1 100.8 102.7 102.8 103.7 104.8 106.4 108.3 106.7 101.2 100.8 106 111.6 116 117.8 117.3 115.5 113.6 113.3 113.9 115 116.8 118.9 119.7 121.2 123.1 125.1 127.9 128.6 127 125.4 125.5 126.2 123.3 122.4 131.2 140.9 148.8 152.6 150.3 149.1 153.4 154.9 153.3 153.6 151 149.1 146.9 145.3 143.2 141.7 140.6
82 83.9 87.1 91.6 93.1 90.5 83.9 80.1 77.7 76.9 77.1 77.4 77.6 77.1 76.5 76 74 71.3 70.4 70.2 73.7 75.7 77.9 79.9 82.6 86.8 90.2 93.8 93.5 95 97 99.3 101.7 103.3 103.2 105.9 107.7 110.8 110.1 106.1 101.7 105.3 108.4 112.8 116.6 118.2 118.3 117.2 114.5 115.2 115.5 116.9 118.6 120.2 120.8 122.7 124.6 127.1 130.6 131.9 129.9 127.9 128.3 128.7 126.8 124.6 125.2 136.7 147.2 149.2 148.3 148.1 149.3 149 148.4 147.2 146.4 145.2 144 143.2 142.2 141.2 139.2
88.1 96.4 97.9 96.8 94 90.2 82.5 81.3 78.4 76.8 76.9 77.3 77.3 77 76.5 75.9 74.6 71.8 70.9 70.5 72.2 74.3 76.3 79.3 83.1 86.4 87.7 90.3 91.9 94.1 99.9 102.2 102.2 102.3 103.9 107.1 111.1 113.4 111.2 108 103.5 109.5 112.1 114.8 117.8 118.9 119.7 118.9 116 117.1 118.3 119.1 120.9 121.7 122.4 124 126 129.2 133.3 133.5 131.1 129.8 129.4 131.6 130.5 129.2 129 130.2 144.1 146.4 144.5 145.4 146.8 145.8 144.4 143.1 142.7 142.3 142.5 142.4 142 141 138.9
98.5 100.7 100 97.2 93.9 89.5 85.5 82 79.3 77.4 76.5 76.7 76.9 76.8 76.3 75.9 74.3 72.1 70.8 70.1 72.3 75 76.3 78.9 81.7 84.3 87.5 89.4 90.8 91.1 94.7 98.2 99.8 102.3 104.9 108.8 114.4 115.2 112.1 109 106.5 110.4 114.3 116.3 119.9 121.6 122.2 121.8 118.8 116.9 118.6 120.6 122.1 124 124.6 125.7 127.8 131 135.5 134.8 132.8 131.3 130.9 133.6 134.3 134.5 133.4 128.2 139.6 143.4 142.3 142 143.3 143 141.3 140.1 140.4 140.4 140.9 141.8 141.9 141.1 139.3
102.5 102.3 100.3 97.4 93.1 88.6 84.7 81.3 78.7 77.2 76.9 76.4 76.4 76.5 76.1 75.6 74.4 72.5 70.7 70.4 71.1 75.3 77.2 79.6 84.8 88 91.6 96 97.1 94.8 93.3 94.3 97.9 103.5 107.2 115.5 122.1 117.1 118.2 110.7 109.3 112.2 118.3 119.8 121.3 123.6 124.1 124.4 121.8 120.3 121.6 122.6 123.7 126 126.7 128.7 129.9 132.3 137.6 137 134.8 132.8 132.6 134.8 137.7 140.2 138.3 133.3 133.9 139.9 139.7 139.4 139.1 140.1 139.4 138.2 138.3 137.8 139.3 138.7 140.7 139.5 137
102.8 101.9 99.9 96.3 91.9 87.1 83.8 80.4 78.5 77 76.7 76.4 76.1 75.8 75.6 75.3 74 72 70.7 70.3 71.9 74.2 76.8 80.5 86.2 89.7 93.6 96.2 99.5 99.4 95.7 94.9 100.5 105.1 113.3 122.6 125.8 121.2 120.5 114.8 111.7 114.4 121.4 123.7 124.1 125 126.2 125.9 124.1 122.8 123.5 124.6 126.2 127.9 129.1 132.2 133.4 135.9 136.8 139.1 136.6 134.9 134.3 136 139.4 142.4 141.8 137.9 132.8 135.9 136.5 137.3 137.2 137.8 137.6 137.5 138.9 140.3 139.7 138.9 137.5 137 136.7
102.6 101.3 99.1 95.2 89.9 85.7 82.7 79.8 78.2 76.8 76.5 76.2 75.9 75.6 75.3 74.9 73.8 71.3 69.8 70.1 78.4 79.4 76.3 79.8 85.8 90.2 95.1 98.2 101.4 100.5 97.2 98.9 100.7 108.1 112 121.7 124 124.3 122 117.7 114.5 115.8 123.8 127.1 127.2 127.5 127.9 127.3 125.2 123.2 124.2 125.9 127.5 129.7 131.9 134.8 136.9 139.8 140.6 140.4 138.7 137.4 137.4 138.8 142.5 144.5 144.9 141 136.5 134.5 135.4 136.2 137.2 137.5 138.7 139.7 140.9 141.9 141.8 140.4 140 138.9 138.6
101.9 100.2 97.8 93.5 88.1 84.3 81.2 79.3 77.7 76.5 76.2 76 75.7 75.4 75 74.3 72.9 70.4 70 77.2 81.6 83.5 79.5 79 83.6 90.1 94.4 98.4 100.3 98.8 99.4 104.4 112.1 113.5 120.6 124.7 124 125 124.8 121.2 115.9 115.3 124.5 128.8 129.3 129.8 129.9 129.3 126.8 125.5 125.8 127.6 129.3 131.4 133.7 136.7 140.4 143.1 143.6 142.3 143.6 139.7 139 140.6 143.6 146.4 145.7 142.9 139 136.8 137 136.8 136.6 138.4 140 140.9 142.1 143.7 144 143.6 142.2 142.1 140.9
100.6 98.8 96.1 91.8 87.2 83 80.3 78.8 77.3 76.3 76.1 75.8 75.6 75.1 74.5 73.5 71.9 70.6 72.7 77.7 83.4 85.3 80 80.9 84.7 91.6 96.2 97.5 98.1 99.1 104.8 110.9 118 118.9 122.7 126 126 127 126 123.5 119.2 119.8 125.7 129.6 131.4 131.9 131.9 131.4 129.6 128.3 128.2 129.3 132.6 136 136.8 138.7 142.4 145.5 146 145.7 144.3 141.1 141 142.3 146.2 148.5 147.4 144.7 141.3 138.5 138.2 138.4 138.8 141 141.5 142.6 143.7 145.4 146.1 146.2 145.4 144.4 142.9
99.6 97.8 94.8 90 85.3 81.6 79.2 77.5 76.8 76.1 75.8 75.6 75.3 74.5 73.5 72.3 70.5 70.6 76.9 80.3 84.2 83.7 79.6 82.7 85.9 89.7 93.8 95.9 97.6 103.1 110.4 118.2 121.4 123.2 123.8 127.4 128.3 128.5 127.6 125.6 121.8 120.6 126.9 129.5 131.9 133.5 133.8 133 132 131.2 130.9 131.8 134.5 137.4 138 138.8 143.1 147.1 147.9 146.4 144.9 143 143.8 144.1 147.1 150 149.5 146.9 143.7 141.7 141.8 141.8 141.8 142.5 143.6 144.7 146.2 147.8 148.2 147.8 147.6 146.4 145.5
98.6 96.7 92.8 89.1 84.7 81.2 78.7 77 76.2 75.9 75.4 75 74.2 73.4 72.2 71 70.1 73.3 83.1 85.5 85.6 85.9 80.2 83.7 90.2 91.2 94.6 95.7 102.4 108.1 115.5 121.4 124.8 126.5 127 128.8 130 129.8 129.3 126.9 124 120.4 127.4 130.7 132.8 134.2 134.7 134.1 134.6 134 134.1 135.1 136.9 138 138.6 139.3 142.8 147.9 148.8 147.9 146.3 144.8 146.7 146.7 147.4 150.2 149.6 148.7 146 144.1 144.1 145.1 143.7 144.9 145.8 147.1 148.3 150.2 150.3 149.4 150.5 148.4 147.4
97.8 95.7 92.4 88.2 83.7 80 77.8 76.2 75.7 75.5 75.1 73.7 72.9 71.9 70.4 70.1 72.4 84.1 90.8 88.9 89.2 90.9 86.6 83.2 89.1 94.6 96.2 97.1 105.3 113.2 120 124.7 127.3 129 129.4 130.2 131.1 130.7 130.1 128.7 127.7 122.4 125 131.8 133.9 135.2 135.8 135.6 135.6 135.2 135.3 136.2 137.7 138.5 138.7 139.3 142 146.2 148.3 147.8 146.9 145.9 147.6 148.5 149.6 150.7 151.5 149.3 146.9 146.1 146.3 147 146.4 146.6 148 148.9 150.9 152.1 152.8 152.1 152 150.8 149.7
97.1 94.5 91.2 87 82.4 78.9 76.8 75.7 75.2 74.8 73.6 72 71.1 70.2 69.3 72 86.3 95.8 94.5 90.5 92.5 93.8 93.2 88.3 87.3 92 95.2 103.4 109.6 117.7 124.3 127.9 129.7 130.6 131 131.6 132.3 131.8 131.3 130.4 129.7 128.2 121.5 131.6 134.7 136.1 136.6 136.7 136.6 136.6 136.6 137.4 138.5 139.3 139.5 140.3 142.4 145.4 148.8 148.2 147.3 147.7 149 150.6 152.1 153.6 153 150.7 148.7 148.7 149.7 150.8 149 149.2 150.1 153.3 154.5 154.7 154.7 155 153.9 152.6 151.8
96.1 93.9 90.8 86.3 81.3 77.7 75.5 74.1 72.7 72.3 71.4 70.2 69.4 71.1 81.8 90.9 100.1 98.9 94 91.3 94.1 96.7 96.6 92.2 87.8 88.8 93.2 104.9 110.3 121.8 127.7 130.4 131.5 132.3 132.3 132.9 133.4 133.5 133.1 132.9 132.1 130.3 124.7 127.9 134 136.8 138 138.8 139.3 138.2 138 137.7 138.4 140.5 141.4 142.2 143.8 146.4 148.9 149.2 148.8 149.5 149.4 152.1 153 154 153.2 150.2 148.9 149.7 151.6 152.4 151.9 150.9 153.5 156.3 157.8 157.7 158.4 157.8 158.1 156 154.4
94.2 92 89.2 85 79.5 75.7 72.8 71.3 70.5 69.4 69.6 70.8 80.4 90.4 101.9 102.3 102.1 100 95.3 96.8 98.2 101 99.9 97.5 92.4 89.4 93.8 107.7 118.9 121.8 128.4 131.3 132.2 133.2 133.5 134.2 134.1 134.9 134.9 134.5 134 131.9 126.6 124.1 131.2 136.4 138.7 140 141 140.8 139.5 139.1 140 141.5 142.7 144 145.3 147.6 151.1 150.6 150.6 151.6 149.6 151 152.2 151.4 151.3 148.8 147.3 148.4 150.6 152.2 152.5 152 153.6 157.4 160.2 160.7 161.4 161.4 160.1 159 156
93.3 88.7 86.4 81.1 73.9 70.6 69.6 70.1 69.4 72.4 79.7 89.1 98 104.7 105.2 104.3 103.1 100.2 98.3 103 105.3 105.9 103.3 98.9 92.2 91.4 95.9 112.5 123.8 129.3 129.7 129.9 132 133.6 134.9 135.4 134.9 136.1 134.8 133.2 132.8 129.2 125.4 124 127.8 135.8 138.3 140.5 141.6 142.4 141.4 140.9 141.5 142.3 144.1 145.3 146.6 148.1 152 154.4 154.6 153.3 149.4 148 148.8 148.2 147.6 144 143 146.2 148.4 150.2 151.4 151.8 153.3 156.2 159.9 161.4 162.6 163 161.8 160.7 158.5
