app/static/ascii/SJ74.asc
ncols 200
nrows 200
xllcorner 370000
yllcorner 340000
cellsize 50
[rows 72 to 107 of 200, columns 0 to 81 of 200]
70.1 70.2 70.3 70.9 69.3 69 69 69.1 69.2 70.6 72.9 74.8 75.7 74.6 74.1 74.1 74.1 75 74.6 74.8 74.7 75.3 74.1 74.1 74.1 74.1 74.1 74.1 74.1 74.1 74.1 74.1 74.1 74.1 75.2 76.7 76.9 75.7 75.5 73.8 73.3 70.3 68.9 71.7 76.1 79 80.9 80.5 80.8 80.7 81 79.5 79.2 78.9 77.7 77 76.1 75 74.5 73.9 74.8 75.4 74.3 71.9 69.7 68.9 68.5 68.7 69 69.1 69 69.3 69.4 69.2 69.3 70.5 71.2 69.6 73.9 74.8 79.6 80.8
71 70.7 70.4 70.4 71 69.8 69.3 69.2 69.9 70.8 72.6 74.3 74.4 74.1 74.1 74.1 74.1 74.1 74.5 74.1 74.1 74.1 74.5 74.1 74.1 74.1 74.1 74.1 74.1 74.1 74.1 74.1 74.1 74.1 75.4 76.9 77.8 76.7 75.3 74.6 75.5 75.3 70.3 69 73.8 77.8 80.9 80.8 80.9 81 80.4 80.6 79.5 80.6 79.7 78.6 77.8 76.7 76.7 76.3 76.9 76.3 75.3 72.9 69 71 69 69.3 70 70.9 71.5 71 70 69.3 69.1 69.2 69.2 70.5 75.5 76.3 79.2 80.2
71.4 71.1 70.6 70.4 70.5 72 71.5 70.6 70.9 71.5 72.4 74 74.1 74.1 74.1 74.1 74.1 74.1 74.1 74.1 74.1 74.1 74.1 74.6 74.1 74.1 74.1 74.1 74.1 74.1 74.1 74.1 74.1 74.4 75.7 77 77.8 77.1 77.6 77.3 77.6 77.3 77 73.8 69.3 74.8 79.9 81 81 81 80.1 80.5 79.7 80.4 80 80.7 80.7 78.2 78.5 78.9 78.8 77.7 75.6 73.1 70.5 71.1 72.2 73 73.6 74.6 74.9 74.2 73.5 71.8 69.4 69 69 70.9 75.7 76.7 78 79.2
71.7 71.2 70.8 70.8 70.8 72.2 73.2 72.7 71.9 72.4 73.2 74.1 74.1 74.1 74.1 74.1 74.1 74.1 74.1 74.4 74.3 74.1 74.1 75.7 74.9 74.1 74.1 74.1 74.1 74.1 74.1 76 75.5 75.5 76.1 77.4 78 77.8 78.7 79.7 80.1 80.2 80.3 78.5 74.3 70.1 78.4 81 80.6 80.3 80.3 79 79.7 79.6 80.9 80.8 80.5 79.5 81 80.8 80 78.2 74.1 73.6 74 74.4 75.2 75.7 76.2 75.8 75.9 75.3 75 74.6 73.7 69.2 68.4 69.2 70.5 73.5 75.9 76.1
71.3 71 70.7 69.4 70.4 71.6 72.3 73 73.7 73.4 74.1 74.1 74.1 74.1 74.5 74.1 74.1 74.1 74.1 74.1 74.6 76 75.4 75.4 75.3 74.8 74.6 74.8 74.1 74.9 76.1 76.2 77 76.7 77.2 77.8 78.4 79.2 79.7 80.4 81.3 82.4 83.3 82.5 78.7 69 75.6 79.6 78.3 80.9 80.5 80.7 80.9 80.1 81.8 82.1 81.8 81.1 80.9 80.6 81 80.2 74.6 74.1 74.9 76.2 76.8 77.3 77.2 76.9 76.7 76.5 76.1 75.5 75.6 72.2 69.9 69.1 69.1 69 69.4 71.3
70.8 70.5 70.2 69 70 70.6 71.3 72 72.8 73.7 74.1 74.7 75.1 76 75.6 75.1 74.1 74.1 74.1 74.1 74.1 75.8 75.9 76 76.1 75.7 75.5 75.2 74.1 74.8 76.3 76.7 77.7 77.9 78.5 79 79.1 80 80.6 82.2 83.5 84.7 86 84.5 81.8 73.7 73.8 77.9 77 80.7 81.3 81.8 82.4 81.7 82.8 83.3 82.9 81.7 80.5 79 80.5 78.4 74.2 74.3 76.1 77.7 78.5 79 78.4 78.1 77.8 77.5 77.1 76.3 75.7 74.1 75.7 73.3 71.4 71 70.4 69.7
70.4 70.2 71 70.4 71.3 70.8 70.7 71.5 72.4 73.2 74.2 74.8 76 76 76 75.4 74.6 75.1 74.9 74.1 75.3 75.7 76.1 76.4 76.8 76.4 76 75.5 74.8 75.3 76.5 77.4 78.5 79.1 79.7 79.8 79.3 80.6 82.6 84.1 85.4 86 86 86 85 79.9 73.9 75.1 79.7 81.1 82.6 83.7 84.3 83.5 84.2 85 83.8 82.9 81.9 81 80.1 77.5 74.2 77.1 78.8 79.5 79.5 80.7 79.6 79.1 78.9 78.8 77.9 77.4 76.4 76.6 76 75.4 75.4 74.9 72.3 70.9
71 70.7 70.7 71.6 71.2 71.3 70.6 71 71.9 72.9 74.1 75.2 76 76 76 76 75.3 75.8 76 74.3 75.1 75.5 76.1 76.6 77 77.2 76.5 75.8 75.7 76.2 77.1 78.2 79.2 80.3 80.9 80.9 80.1 82.2 84.3 86 86 86 86 85.3 84.2 80.7 74.1 74.9 79.2 81.6 83.7 84.9 85.9 85.5 85.7 85.7 84.7 85 84.7 82.6 80.8 78 77.3 79.7 81 81.2 81.2 81.3 80.7 80.1 79.6 79.4 79.3 79.2 78.9 78.2 77.7 77 75.7 74.2 74.5 73.9
70 70.4 70.5 71.3 71.9 71.8 70.9 70.5 71.4 72.6 73.7 74.9 76 76 76 76 75.5 75.7 76 74.5 74.9 75.6 76.2 76.8 77.1 77.4 77.5 76.7 76.5 77 77.5 78.4 79.5 81 80.9 80.5 80.2 81.9 85.5 86 86 86 86 80.3 79.7 80.4 74.5 74.3 80 80.7 84.6 85.7 85.5 85.9 86 86 85.5 85.8 86 84 79.4 79 79.9 81.8 82.3 82.4 82.3 82.7 82.9 82.3 81.2 81.1 81 81 80.9 80.4 79.9 78.6 77.5 76.2 76.2 75.8
68.8 68.9 70.1 71 71 72 71.2 70.4 71 71.6 72.5 73.5 74.3 75.1 75.6 75.7 76 75.9 75.5 75 75.2 75.6 76.2 76.7 77.1 77.1 77.2 77.7 77.2 77.7 78.1 78.8 79.9 80.8 80.1 80.9 79 81.9 85.9 86 86 86 85.8 85.5 79.5 79.5 75.2 74.4 78.1 80.9 85.6 85.8 86.4 86.8 86.9 86.8 86.3 85.4 86 83.5 79.5 80.5 82.9 83.9 84.2 83.5 84 84.6 85 83.7 82.9 82.8 82.8 82.9 83 82.5 81.5 80.1 79.2 78.4 78 76.3
67.6 68.9 69.8 70.7 70.3 70.6 70.3 69.7 69.9 70.4 71.4 70.9 71.4 72.9 73.3 74 74.8 75.7 75.5 75.5 75.8 75.9 76.3 76.6 76.4 76.4 76.7 77.3 78 78.5 79 79.6 81 80.8 80.2 80.5 79.2 84.4 86 86 86 86 86 86 80.3 80.1 77 74.2 74.7 79.9 85.5 86.4 86.9 87.5 87.7 87.6 87.1 86.4 86 82.8 81 83.1 85.8 85.9 86 85.7 85.8 85.7 85.5 85.1 84.7 84.6 84.7 84.9 85 84.3 82.9 81.8 80.9 80.4 79.3 77.2
68.1 69.6 69.7 70.5 69.3 70.6 69.7 69.2 69 69.1 69.2 69 69.4 70.8 71.3 72.5 73.2 74.6 76 76 76 75.9 76.4 76.1 75.9 75.7 76.1 77 77.9 78.9 80 80.8 80.7 80.6 81.7 82.6 83 84 85.2 85.9 85.2 84.2 84.3 85.7 84.5 81.8 76.8 74.3 75.1 80.6 86 85.5 87.5 88.2 88.5 88.5 87.9 86.6 85.2 84 84.4 84.4 85.3 85.9 85.9 85.9 85.7 85.5 85.5 86.4 86.6 86.4 86.6 86.9 86.8 84.9 84.4 83.3 82.1 81.2 80.2 78.2
68.2 70.4 69.2 69.1 69.6 73.2 73.8 74.5 72.8 70 69.3 69 69 69 71.1 73 73.4 73.3 74.2 74.5 76 76.1 75.8 75.5 75.3 75.2 75.8 76.7 77.7 78.6 80.2 81 81 81.2 82.4 83.6 85.1 85.5 85.8 85.5 85.7 85.6 84.1 85.3 85 81.9 74.6 74.5 78.3 79.9 83.3 84.1 87.1 89.2 89.4 89.3 87.9 86.4 84.9 84 84.1 84 85.9 85.8 85.8 85.9 85.5 85.3 86 87 87.6 88.1 88.4 88.4 86.8 84.9 84.2 84.2 83.4 82.2 80 79.1
67.5 69.5 70.2 69.4 70.6 74.1 75.8 76 75.7 72.9 71 70.5 70.2 71.4 73.8 75.6 74.9 74 75.5 74.2 74.1 74.1 74.9 74.9 74.7 74.7 75.4 76.3 77.3 78.3 79.1 80.2 80.6 82 83.2 84.3 84.8 85.5 86 85.9 86 86 85.5 86 86 81.2 74.2 75.7 79.2 84.8 84.5 86.3 90 90.2 90 89.2 87.7 86.7 85.7 84.7 84 84 85.8 85.6 85.7 85.9 85.3 85.5 86.5 87.5 88.2 88.6 88.7 88.6 86.8 85.3 85.7 86 85.1 82.9 80.7 79.3
70 69.1 69.3 69.1 71.4 73.4 76 76 76 75.3 74 73.9 75.8 74.6 74.1 74.1 74.2 74.2 74.4 74.1 74.1 74.1 74.2 74.3 74.2 74.4 75 75.7 76.9 78.3 80.8 79.2 81.2 83.5 84.8 84.6 84 85.7 86.3 86 86 86 86 84.9 85.3 80.2 76 77.3 81.2 85.4 86.5 88.1 89.5 89.5 89.4 89.8 88.8 87.8 86.8 85.8 84.4 84 85 85.6 85.7 85.9 85.3 86.1 87.2 88.2 88.7 88.8 88.6 88.7 87.5 86.2 85.2 84.6 85.9 84.5 82.9 81.5
70.9 69 69 69 70.4 72.6 75.3 76 75.9 75.9 74.4 74.9 75.7 75.8 74.1 74.1 74.3 74.4 74.4 74.2 74.1 74.1 76 76 75.1 74.9 75.6 76.1 76.3 78.1 81 81.1 82.3 84.6 86 85.3 84 85.2 86.2 86 86 86 86 84.3 82.9 80 79.1 78.8 79.2 81.5 85.9 87.2 88 87.9 88.1 88.8 89.2 88.9 87.9 86.9 85.6 84.3 84.1 85.3 86 85.7 85.6 86.9 88 89.1 89.5 89.9 89.2 88.9 88 86.7 85.6 84 84.7 85.4 85.7 82.7
70.6 69.1 69.3 69.1 69.8 71.8 74.5 76 75.5 76 76 74.9 74.1 74.1 74.2 74.2 74.4 74.6 74.6 74.3 74.9 74.7 74.1 75.5 75.8 76.2 77.4 78.1 78.4 79.2 80.5 81.2 84.1 86 85.1 84 84 85.4 86 85.9 85.9 85.9 84.6 84.4 84 82.2 79.7 79.2 79.4 79.1 85.3 86.2 86.5 86.4 86.9 87.6 88.1 88.5 88.9 87.9 86.7 85.6 84.7 85.5 84.4 84.4 85.5 87 88.7 89.2 90 89.7 89.6 89.7 89 87.7 86.8 86.8 85 85.5 85.8 84.2
70.8 70.9 69.5 69.2 69.5 71 73.3 74.8 74.8 76 76 76 74.6 75.4 74.8 74.1 74.5 74.9 74.8 74.4 74.5 76 75.1 74.5 77 78.2 78.7 79.9 80.6 79.5 79 81.4 85.1 86 84.6 84.9 84.6 84.6 84.9 86.2 87.2 87 86.4 85.5 85.8 82.7 80.9 81.6 83.9 78.4 79.3 85.2 84.8 85 85.8 86.9 88.6 89.2 89.7 89.3 88.1 87.1 85.7 85.2 84.9 84.4 85.4 87.1 88.5 89.4 89.4 89.3 89 89 90 90.2 89.8 88.9 87.3 86.4 85.3 84.8
69.7 70.9 70.3 69.4 69.2 70.6 71.7 74 75.2 75.7 75.9 76 76 75.8 75.6 74.1 74.1 74.1 74.9 74.4 76 76 74.1 74.7 77.4 80.3 79.5 79.7 80.5 80.7 79 79.2 81.9 82.7 84 86 86 85.8 85.8 86.5 87.3 87.6 87.1 86.2 85.2 84.3 83.3 83.9 82.4 79 79.2 79.8 84 84 85.1 87 88.9 90.2 90.8 90.7 89.6 88.3 86.1 85.5 85.8 85.8 86.5 87.7 88.1 89.1 89 89 89.1 90.9 90.9 90.9 90.9 90.9 89.4 87.7 86 86
69.3 70.6 70.7 69.9 69.1 69.3 70.3 73.1 75.9 75.8 76 76 76 75.4 75.1 74.5 74.1 74.1 75.2 75.4 75.7 75.7 74.1 77.4 80.2 80.7 81 79.1 79.9 80.7 79.2 79 79 80.3 85.6 85.9 85.8 85.8 85.4 86.2 87.2 87.3 86.8 86.3 85.4 84.5 84.4 84.5 83.9 79.3 79.1 80.4 85.4 86 86.1 87.9 89.7 89 90.9 89 90.1 88.9 86.4 86.2 86.7 86.7 87.5 88.5 89.3 88.8 89 89.8 90.2 90 90.9 90.7 90.9 90.9 89.4 87.8 86.3 85.5
70.5 71 71.5 70.9 71.1 69.7 69.3 70.8 74.4 76 76 76 76 74.1 74.1 74.6 75 74.6 75.7 75.9 74.6 74.9 77.6 79.8 80.4 81 81 80.5 79.4 80.3 80 79.5 79.9 79.3 84.2 86 86 86 85.1 86 87.1 86.9 86.4 85.9 85.4 85.2 85 84.2 84.1 82.9 79.7 79.6 86.2 85.6 87.1 89 90.9 90.9 90.3 87.6 87.9 86.6 85.4 86.8 87.5 87.6 88.6 89.5 90.4 89.7 90.8 90.6 90.6 89 90.7 90.7 90.9 90.7 88.4 86.8 86 84.7
70.9 71.5 72.1 72.5 73.5 72.2 71 71.4 73.7 74.5 75.7 76 76 74.4 74.1 76 75.8 75.5 76.5 75.9 76.2 78.3 79.5 80.4 80.8 81 81 81 79.3 81 79.7 79 80.7 80.2 82 86 86 86 85.4 85.9 87 86.5 86.2 85.9 85.4 85.2 85.5 84 84 84.2 84.8 81.5 80.8 85.3 86.9 89.8 90.9 90.4 87.1 84.8 85.8 85.2 85.1 86.4 88 88.7 89.6 90.5 90.9 90.5 90.9 90.9 90.3 89 89.7 89.7 89.4 88.1 85.6 84.7 85 83.4
72.1 71.9 72.5 73.2 75 74.1 73.2 72.9 74.3 74.5 74.1 76 75.4 74.4 74.2 75.9 75.8 76.5 77.6 78.2 79.8 80.4 80.6 81 81 81 81 81 81 79.2 79.6 80.7 81.3 81.8 81.2 84.4 85.4 84.8 85 85.3 86.7 87 86.6 86 85.3 85 84.3 84 84 84.1 89.6 86.7 79 83.4 85.8 88 90.2 87.7 84 84.5 84 85.1 85.6 86.7 88.3 89.5 89.8 90.6 90.9 90.9 90.9 90.9 89.6 89.6 87.8 86.9 85.5 84.1 84 84 84 84.7
74.1 73.3 72.8 73.6 74.5 74.1 75.6 74.1 75.1 74.8 74.1 75.5 74.3 73.3 73.5 75.3 75.8 78.1 79.3 80.5 80.6 80.7 81 80.7 80.5 79.8 79.3 79 79.1 79.2 79.6 81.7 83.3 84.5 84.4 84.1 83.7 84.3 84.9 85.7 86.9 87.4 86.6 85.9 85.3 85.4 86 84.5 84 84.2 86.8 85.4 82.6 79.6 83.7 85.4 84.6 85.8 85.7 85.7 86.6 86.5 87.5 88.2 89.4 89.5 89 90 90.2 90.8 89 89.4 89.7 88.9 87.3 86.2 84.8 84 84 84 84.8 85.1
74 73.9 73.6 74 74.8 74.6 76 74.1 75.8 76 75.8 74.6 73.3 72.1 72.9 74.7 75.8 78.3 80.7 80.4 80.5 81 81.2 80.9 80.2 79.1 79.1 79.5 79.1 79 80.2 81.9 83.7 85.3 85.9 84 83.3 83.9 85 85.9 87.2 87.7 87.3 86.4 85.8 85.3 86 84 84 84 85.6 84 85 79 81.8 84.4 84.8 84.8 84 86.4 90.9 89.1 88.8 89.2 90 89 89.4 89.6 89 89.6 89.2 89.3 89.2 88.9 87.9 86.9 86.2 86.3 86.8 87.2 87.8 87.3
73.1 73.8 74.7 75.1 75.5 75.7 75 75.4 76 76 76 74.8 73.1 71.3 71.7 74 75.2 77.6 79.8 80.1 80.7 81.4 82 81.7 81.1 80.8 79.6 79.9 79.2 79 80.5 82.5 84.2 85.8 86 83.8 83 84.1 84.5 85.9 87.5 88 88.1 87.9 87.1 84.8 84.1 84 84 84.4 85.4 84.1 85 80.6 80.9 84.9 85.8 84 84.1 86.2 90.9 89.8 89 89.9 90.6 89 89.7 89.5 89.1 89.5 90 89.6 89 89.3 88.7 88.5 88.4 89.2 89.5 90.1 90.1 89.4
72.8 73.9 75.4 76.1 76.5 76.9 76 75.3 75.7 76 76 74.4 72.5 71.1 71.4 72.8 74.3 76.5 80 80.8 81.3 81.8 82.4 82.5 82.4 81.6 80.7 80.7 79.7 79.9 81.3 83.1 85.1 86 86 83 82.7 84.1 84.2 86 87.6 88.7 89.1 89.8 89.1 87.7 84.1 84.1 84.3 85.6 87.3 87.5 85.2 82.9 82.6 84 86 85.5 85.5 88.5 90.3 91.1 90.6 90.3 90.2 89 89.8 92.1 93 92.8 92.3 91.7 91.1 90.5 90.5 90.4 91.3 92 91.5 91.7 92.3 92.6
73.4 74.1 75.4 77.1 77.6 78.1 76.9 75.6 75.3 76.1 74.8 74 72.7 72.1 72.3 72.9 74.1 77.2 80.8 81.2 81.9 82.7 83.2 83.5 83.7 83.1 82.6 81.5 80.8 81.1 82.4 84.1 86 86 86 82.7 82.6 84.1 84.7 86.7 88.6 89.7 91.3 91.7 89 87.6 84.2 84.3 85.4 87 89 90.5 85.3 84 84.7 84.1 85.9 87.9 88.7 90.2 91.1 91.7 90.9 90.8 90.4 89.3 91.1 93.8 95.9 96 94.2 93.6 93 92.4 92.3 93.1 94.7 94.6 93 93.1 93.8 95.7
74.5 74.8 75.5 77.1 78.1 78.5 77.4 76.1 75.3 74.5 74.7 74.5 73.7 73.1 73.2 73.9 74.2 75.5 80.5 81.3 82.1 82.9 83.6 84.4 84.8 84.4 83.5 82.4 82.7 83.2 84.3 85.6 86 86 86 84.2 83.6 84.4 86.5 88.4 91.3 92.8 95.6 93.5 91.7 91.1 87.5 87.2 86.8 87.7 89.2 89 85.1 83.6 85.7 84.1 88.4 89.7 91 92.4 92.1 92.6 91.5 91 91.1 89 91.7 95.9 95.1 95.7 94 96.1 94.8 94 94.2 94.5 96.5 96.8 94.8 94.8 94 94
75.8 75.6 76.3 77 78.2 78.3 77.3 76 75.5 74.5 74.3 74.2 74 74.4 74 74.5 74.6 75.3 79.2 79.7 80.8 82 83.3 84.4 85.5 85.4 84.4 84.8 84.5 84.1 84.6 85.7 86 86 86 84 84 85.6 87.5 90.9 95.8 96 98.8 94 91.9 90.1 89.7 90.3 88.4 88.8 89.4 88.9 88.2 83.3 85.2 88.1 91.2 94.6 94.8 94.1 93.7 93.7 91.9 91.1 90.5 89.8 92.3 96 96 96.1 95.9 96.6 95.9 97.3 97.4 97.7 99.5 100.4 97.4 97.4 99.3 95.5
76.3 76.8 77.1 77.7 78.1 78.1 77 75.7 74.5 74.4 74.3 74.2 74.1 75 74.4 74 78.1 80.7 81 79.3 81.1 81.2 81.9 82.9 84.6 84.7 84 83.9 83.9 83.9 84 84.8 85.1 85.6 86 83.9 83.9 83.9 90 94.7 98.9 98.9 97.5 94.3 92.9 91.6 90.9 91.6 90.2 90.6 89.9 89 91 84.2 84.5 91 93.3 96.1 96.1 94.2 94.6 95.1 93 90.7 89 89.9 93 93.9 93.9 96.3 98.5 98.6 98.2 99.7 100.7 101.7 102 102 100.2 99.4 101 98.6
74.7 76 76.8 77.2 77.6 77.8 76.8 75.2 74.1 74.3 74.2 74.2 74.1 75 75.6 74 79.2 80.6 80.8 79.3 81 80.5 80.3 81.8 83.7 84.6 84.1 83.9 83.9 83.9 83.9 85.2 85.3 85.3 84.8 83.9 83.9 85.9 91.7 96.2 100.7 100.4 95.7 94.2 94.1 93.2 92.7 92.2 92.2 92.1 90.7 89 91.4 89.6 83 88.5 92.4 95.8 96.1 96.1 94.5 94.4 94.1 91.7 90.8 91.6 93.5 93.8 93.7 99.9 101 98.9 100.2 101.8 103.2 103.9 104.1 104.2 100.5 98.9 101 99.6
75.2 75.5 75.8 76.1 76.2 76.1 76.1 75.4 74 74.1 74.1 74.1 74 75.1 75.8 76 80.4 80.3 80.3 80.5 79.6 78.9 79.5 81.7 83.7 84.1 83.9 83.9 84.4 83.9 84.3 85.7 86.1 86.1 85.3 85.3 85.9 86.9 92 96.1 100 101 95.2 94.2 94 94.8 94.1 93.6 93.4 94.1 93.2 90.5 91 84.3 85.1 89.3 90.3 94.9 96.1 96.1 96.1 94.7 94.8 94.2 92.9 93.8 94.4 94 97.6 100.1 102.3 102.9 103.9 104.8 105.5 105.9 106.4 106.1 102.9 99.8 101 99.4
75.6 75.8 76.1 76.4 76.4 76.3 76.1 75.6 74.8 74.1 74 74 74 75.3 77.5 79.9 80.4 80.3 80.2 80.3 80.4 80.3 80.6 81.7 83.5 83.8 85.6 84.5 84.8 85.2 86 86.5 87.2 87.3 86.9 86.6 86.5 87.6 90.5 94.4 98 100.6 96.5 94.3 94.5 94.9 94.1 94.7 94.6 94.8 94.9 91.6 88.2 84.9 90.3 89.4 89 92.3 96.1 94 94.1 94.2 95.3 95.6 94.7 95.6 97.8 98.9 101.1 103.4 105 105.5 105.9 106.6 107.4 108 108 105.5 103.9 101.1 100.8 99.4
75.8 76.1 76.4 76.7 76.8 76.6 76.1 76.2 76 75.7 75 74.3 74.9 76.1 78.3 81.8 81.5 81.6 81.7 81.4 81.6 81.5 81.6 82.2 83.7 84.5 85.3 85.8 85.7 86.3 86.8 87.5 88.1 88.6 88.3 87.5 87.1 88.2 89.2 92.2 95.5 98.1 95.6 94.5 96 96.1 94.5 95 95.2 95.1 94.8 91.5 89.1 88.2 89.8 89.6 89.1 94 95.2 94 94.3 95.6 97.3 98.5 99.8 101 98.9 100.6 102.5 105.8 106.3 107.4 108.2 108.5 109.3 110.1 109.7 106.7 106 102.6 100.6 98.9
76.3 76.5 76.8 77.1 77.1 77.1 77.2 77.3 77.1 76.4 75.7 75.8 77.2 77.2 79.1 82.3 83.1 83.1 82.9 82.6 82.7 82.7 83.2 83.1 83.7 84.1 84.6 86.1 86.4 86.8 87.2 87.9 88.6 89.1 88.2 87.8 87.7 88.9 89 90.8 94.7 96.3 96.2 95.7 95.7 95.4 94 94.7 95.3 95.2 95.1 92.5 89 89.9 89 91.3 91.3 93.5 93.9 95.2 96.8 98.6 99.5 100.6 101.6 102.2 101.3 105 105 105.9 107.3 108.7 109.6 110.1 110.8 110.9 109.3 106 103.5 101.5 101.1 101.6
