app/static/ascii/SJ85.asc
ncols 200
nrows 200
xllcorner 380000
yllcorner 350000
cellsize 50
[rows 105 to 139 of 200, columns 0 to 78 of 200]
95.3 95 95.4 95.8 96.7 97.6 98.4 99.5 100.5 99 99.4 100.7 101.5 102.7 103.7 104.2 105.2 107.6 109 109.6 111.3 111.6 112.8 113 114.4 115.5 115.9 115.7 114.6 115.4 118.4 120.1 121.2 122.1 122.5 124.2 126.4 128.2 129.4 130.2 131.6 131.9 131.5 132.1 133.3 134 133.9 133.4 132.9 132.8 132.5 133.3 134.7 135.4 133.8 131.4 128.7 128 128.5 128.4 128.6 128.6 122.4 124.3 121.6 123.8 125.3 124.1 123.9 124.5 124.5 126.8 129.3 135.1 135.5 137.3 140.9 144.1 146.9
96.2 96.6 96.9 97.2 98.1 98.8 99.3 100.6 102 100.7 100.6 101.4 102.7 103.9 105 105.2 106.8 109.3 110.4 109.6 110.8 112.3 113.1 114.4 115.4 116.9 117.5 117.5 115.7 117.2 120.2 122.4 123.7 124.2 124.6 125.8 127.7 129.6 130.8 133 134.3 133.6 132.2 132.5 133.9 134.4 134.3 135.1 135.7 135.8 136.1 136.6 137.7 137.3 135.7 133.9 130.9 129.8 130 129.4 128.7 129.7 127.6 123.3 124 125.4 121.6 121.6 123.6 124.2 124.3 125.5 124.9 127.6 129.6 129 139.7 142.8 145.2
97.4 98.5 98.8 99.1 100.9 101.7 104.4 104.1 105.2 104 102.8 101.8 102.9 104.2 105.2 105.8 107.3 109.5 110.1 110.3 111.8 113.3 114.9 116.8 118.6 118.8 119.3 118.4 117.7 120.6 122.4 124.5 125.7 126.5 127.1 128.1 129.8 131.9 133.7 136.5 138.1 136.5 133.6 133.1 134.5 135.2 135.8 136.5 137.9 137.8 138.5 139 138.3 137.5 136.7 135.5 132.9 132.2 131.3 130.3 129.6 131.6 132.2 129 125.2 124.1 126.1 126.8 126.5 125.4 123.7 125.7 129.5 127.5 128 133.5 138.4 141 142.8
98.4 100.3 100.7 100.4 100.9 104.2 107.1 107.9 107.8 106.6 104.5 104 103.2 104.4 104.7 105.1 106.4 108.4 111.3 116 115 116.2 118.1 120.2 122.6 122.5 122.3 119.3 120.1 124.1 125.6 126.8 128.4 129.5 130.4 132.3 135.2 137.8 138.7 140.9 139.8 136.6 134.5 134.3 135.7 136.8 137.3 138 138.5 139 139.4 139.7 139.1 140 139.7 139.1 136.4 134.9 133.3 131.2 130.6 132.1 132.6 130.9 129.2 128.4 123.9 126.3 129 128.6 127.2 126.8 123.5 127.5 128.7 130.7 137 140.6 142.1
99.3 100.6 100 101.2 104.4 108.2 110.1 110.3 109.9 107.8 105.1 104.9 104.6 105.2 105.5 106.9 108.5 110 112.4 116.6 118.2 119 121.1 124 126.2 126 123 120.8 123.6 126.5 128.6 129.9 131.2 132.9 135.3 137.9 141 143.7 145.4 145.7 140.9 136.4 134.1 135.6 137.1 138.1 138.2 138.3 138.8 139.3 140.2 140.4 141 141.8 142.8 141.4 139 137.6 136.4 134.4 132.7 132.3 132.7 131.9 131.2 130.3 129.1 128.2 124.8 128.2 128.2 128.4 128.7 129.4 124 128.4 130.4 136.6 142.4
100.8 101.6 102.2 104 106.5 111 110.2 110.5 110.5 108.4 105.7 104.2 104.6 105 105.3 108.9 110.8 111.3 114 116.5 120 121.5 123.2 126 127.9 127.6 125.2 120.8 124.1 127.2 131.1 132.9 134.2 137 141.6 144.5 146.9 149.8 149.4 143.6 136.6 130.9 134 137.7 138.6 137.8 138.1 138.4 139.1 139.9 141 142.1 142.8 143 143.8 143.4 141.5 139.3 137.1 136.4 134.2 133.4 132.8 131.7 130.7 130.2 129.7 130.9 130.2 129.5 126.5 128.2 129.7 129 128.4 127.9 128.3 129.3 133.8
103.2 104.4 104.6 104.6 105.9 109.9 109.8 110.4 109.2 106.3 104.1 104.1 104.7 105.6 106.8 108.1 110.1 111.7 113.7 116.2 120.7 122.3 124.1 126 128 129.3 127.9 123.9 121.4 126.3 132.2 136.1 138.6 142.1 146.9 150.7 152.3 153.6 148.9 141 132.4 130.5 133.4 137.3 138.3 137.6 138 138.8 139.5 140.9 142.7 144.3 144.9 145 145.2 144.2 142.3 140.3 138.2 137.5 135.8 133.8 132.9 131.9 131 131 131.2 130.8 130.5 130.2 130.4 130.5 127.7 128.7 128.6 124 129.4 130.9 132.1
104.5 106 106 105.8 107.1 108.7 107.9 106.2 105 104.1 104.1 104.1 104.1 105.7 107.3 108.8 110.4 112.1 113.9 116.3 118.9 121.9 123.5 125.1 127.4 129.8 130.5 129.6 126.8 125.5 132.7 136.5 140.2 144.5 148.9 153.7 155.8 155.6 149 140.4 130 131.8 133.5 135.9 137 137.6 138.7 139.8 140.8 144 146.5 148.2 148.4 147.4 146.4 144.4 141.9 140.1 138.3 137.7 136.9 134.3 133.4 132.4 132.1 132.1 131.7 131.5 131.2 131 131 130.8 130.8 127.8 128.8 124 130.8 132.4 133.2
105.9 106 106 105.8 106.6 106.8 105.3 104.6 104.1 104 104 104.1 105.3 106.1 107.6 109.1 110.8 112.5 114.3 117.1 118.4 121 122.6 124.1 125.3 127.8 131.1 132.3 132.3 130.5 127.8 135.3 139.5 142.9 147.5 151.1 151.6 150.5 147.8 141.3 132.9 133.8 134.6 136.8 138.4 139.1 139.9 145.5 150.9 152.1 152.3 151.8 149.5 147.9 146.5 144.4 142.4 140.3 138.9 138.4 137.3 134.9 133.9 133.2 133.1 132.5 132.2 132.1 131.9 131.7 131.4 131 131.1 131.4 128.9 124.6 131.7 133 134.7
105.8 106 106 105.8 105.9 105.3 104.7 104.3 104 103.8 104.4 105.4 106 106.9 108.2 109.7 111.4 112.9 114.5 118.6 120.4 121.7 122.1 122.7 125 127.2 129.2 131.5 134.1 133.6 132.2 130.2 136.9 139.3 141 143.5 145.1 143.5 141.7 137.2 133.8 134.8 136 137.6 139.8 140.4 143.4 152.6 158.8 159.9 156.5 154.4 151.8 149.3 147.9 146.7 144.7 142.5 140.1 138.8 137.6 135.7 134.4 134.1 133.5 132.8 132.7 132.6 132.6 132.3 132 132 132 132.3 131.9 130.6 132.3 134.8 143.1
105.9 105.9 106 105.5 105.1 104.6 104 104.1 104 103.9 105.2 105.9 106.8 108.2 109.6 110.8 112.2 113.8 114 120.2 122.1 123.5 123.6 123.8 126 128.1 129.8 130.9 133.2 134.9 134.2 133.7 132.7 131.9 133.8 135.3 137.8 137.9 137.3 132.9 132.8 133.5 134.9 138.5 141 142.4 150.7 157.7 163.9 164.2 161.3 156.8 153.8 150.7 149.2 148.2 147 144.6 142.2 139.6 137.7 136 135 134.4 133.8 133.2 133.1 133.1 133.2 133.6 133.4 133.4 133.3 133.2 130.2 132.1 133.2 144.2 151.5
105.9 105.7 105.3 104.1 101.7 101.3 102.7 104.4 104.5 104.3 105.4 107.1 108.6 109.7 111 112.2 113.9 116.1 118.8 121.5 123.5 125.1 125.8 127.2 127.8 128.9 130.2 131.4 134.4 137 137.3 137 135.9 131.8 132.1 133.3 134.3 134 134.3 133.4 131.4 132.4 134.8 139 141.6 145.2 152.5 159.6 163.2 165.2 164.3 160.3 156 153.4 151.3 149.7 148.2 145.1 142.4 139.9 138 136.3 136.2 135 134.2 133.7 133.7 133.9 134.1 135.3 135.9 135.7 135.3 135.3 124.9 132.6 128.2 144.3 154.3
105.9 105.2 103.9 101.5 99.2 100.1 102.6 104.1 105.2 105.3 108.7 110.3 110.6 111.3 112.6 114.3 118.2 120.4 122 125.1 127.2 128.4 129.9 131.1 130.4 130.2 130.4 132.4 136.2 139.7 142.4 143.9 140.2 135 132.6 133.5 134 134 134.7 135.9 137.4 139.2 140 140.3 142.4 147.6 155.1 157.7 161.4 163.9 164.8 163.2 159.2 156.5 154.1 151.8 149.4 145.8 142.6 140.4 138.2 137.1 137 136.3 135.2 134.9 135 135.1 135.2 136.8 138.3 138.4 138.3 138.3 132.9 132.7 134 135.9 151.9
104.2 101.3 99.9 99.7 99.1 100.9 103.5 104.6 106 107.5 109.8 111 111.8 112.6 115.6 118.5 122.3 125.9 128.5 131.1 133.4 134.5 133.6 132.9 132.2 131.5 131.8 133.9 138.1 141.6 144.1 145.8 141.3 135.5 133.9 134.8 135.5 134.5 135.4 137.4 139.1 141.1 142.3 143.2 147.6 152.5 155.6 156.8 159.6 162.6 164.7 164.5 161 160.4 157.9 154.8 150.2 146.6 143.2 140.9 138.6 137.9 137.8 137.6 136.6 137 137.4 137.5 137.8 138 139.7 140 140.6 141.3 139.4 133 134.4 129.7 146
98.4 100.1 99.6 100.1 101.8 103.6 105.1 106.7 108.2 109.6 110.8 112.3 113.2 115.9 119.6 123 126.9 131.3 134 136.5 139.2 143.5 143.7 140.1 135.3 133.7 133.9 134.8 137.3 141.6 146 147.4 140.8 135.3 136.2 137.3 137.6 137.8 138.1 139.1 140.6 142.8 144.3 146.2 150.5 153.1 154.9 156.1 157.5 161.6 164.2 163.3 162.8 162.1 160.5 157.7 153.2 148.6 144.3 141.9 139.7 138.5 138.4 138.4 138.5 138.7 138.9 139.1 139.4 139.7 139.4 140.6 140.8 141.9 141.4 137.3 135.6 136.3 139.8
100 101.5 102 102.9 103.9 104.9 106.4 108.9 110.4 111.6 112.7 114.2 116.8 120.6 124.6 129.1 132.7 136.4 139.5 142.5 147.4 152.1 151.8 147.2 141.6 136.4 135.1 135.7 138.1 142 145.9 146.7 140.8 136.2 139.2 142 143.4 143.3 143.4 143.4 142.7 145.1 146.2 148.1 152.1 153.3 155.3 156.3 157.8 159.7 163.6 163.2 163.5 162.7 161.5 159.5 155.5 150.3 145.9 144 141.6 139.8 139.5 139.5 139.3 139.2 139.1 139.2 139.4 138.9 138.7 140.8 142.6 141.9 141.4 139.1 137.4 138.7 131.4
101.8 102.3 103.4 103.8 105 106.1 108.7 110.9 112.3 113.3 114.4 116.6 119 123.2 129.5 134.6 139.2 142.6 144.4 148 152.5 154.3 150.9 145.5 141.6 137.6 136.2 137 139.7 144.3 146.9 144.7 137.6 138.1 142.8 146.8 150 149.4 148.7 147.1 145.8 147.3 148.6 150.4 154.1 155.5 156.8 157.5 157.6 158.9 160.9 161.4 161.8 159.7 158.5 157.4 154 150.7 147.7 145.6 144.2 142.8 141 140.6 140.3 140.1 140 139.6 139 139.6 141.7 145.2 148.9 151 150.1 146.3 143.6 139.6 131.8
101.1 102.6 104 104.7 105.9 107 109.6 111.7 113.1 115.1 116.6 119 122.7 128.4 134.5 140.3 144.9 147.8 149.1 149.7 149.3 147.9 144.2 140.5 136.9 134.1 136.6 138.9 142 145.5 145 135.4 135.6 140.9 147.5 151.2 155.7 155.1 153.4 149.9 147 149.4 150.8 152.5 155.6 158.9 161.2 161.5 159.7 159.9 160.6 161.2 160.1 157 155.6 154.5 152.5 149.9 147.7 145.8 145.5 144.7 143.1 142 141.8 141.8 141.9 141.1 141.1 142.1 144.8 148.1 152.3 154 153.9 153.4 151.4 144.3 133.7
100.4 102.6 104.4 105.5 106.4 107.4 110.1 112.3 113.9 117 120.2 125.2 129.2 134 138.7 142.8 146 147.4 146.1 143.6 142.5 141.4 140.5 137.2 133.6 135.3 138.8 142.7 139.8 136.2 135.1 136 140.8 147.5 152.4 157 159.2 159.8 157.9 154.5 149.2 151.4 154.1 156.3 158.4 162.6 166.3 168 165.4 162.7 162.5 162.1 160.7 157.6 156.3 154.8 152.9 150.6 148.6 147.9 147.4 146.4 145.1 143.7 143.4 143.8 143.9 143.5 143.5 145.1 148 150.9 154.4 157.4 158.2 158.6 156 152.7 141.1
102.5 104 105.5 106.4 106.9 107.9 110.6 112.9 116 120.5 126.4 131.4 135.4 138.7 141.3 142.2 141.4 141.1 139.7 139 139.6 138 136.5 133.8 132 135.1 137.3 137.4 135.2 136.5 140.1 144.2 149.9 154 157.7 163.1 166.8 167 164.9 160.6 155.4 154.3 157.5 160.9 163.7 168.8 171.6 172.2 170.5 168.3 166.6 165.4 162.2 160.3 159 157.2 155.1 153 150.9 150.1 149.6 148.5 146.7 145.5 145.2 145.5 145.8 145.8 146.5 148.6 151.8 153.3 156.3 159.2 160.6 161.1 161 160.8 150.6
103 104.9 106.7 107.9 108.5 109.2 111.4 114.6 119.2 125.5 131.5 135.9 137.8 138.1 138 136 134.8 134.1 133.9 134.7 135.2 134.2 132.2 132.3 132.1 132.5 135.2 139 144.3 147.7 149.1 152.4 157.6 160.6 164.7 168.1 171.2 171.4 169.5 165.2 159.2 157.9 161.6 166.1 171.1 177.6 178.8 178 175.1 173.4 171.8 169.9 166.3 164.2 161.7 159.7 157.9 156.1 154.4 152.3 151.6 150.5 148.4 147.2 147.3 147.2 147.5 147.8 148.7 152.2 153.6 156.4 158.9 160.1 161 158.9 159.9 160.1 157.6
103.5 105.2 106.9 108.8 110.7 111.8 113 115.8 121.4 127.2 132.4 134.9 134.6 132.5 130.9 128.8 127.3 127.7 127.7 129 129.5 129.6 130.4 133 136.6 140.1 143.9 145.9 151.9 155.8 156.9 157.3 162.2 166.3 169.9 172.5 174.9 175.1 173.5 168 161.9 160.8 163.9 169 174.8 182.1 186.2 190 187.5 182 177.7 175.5 171.8 167.5 165.6 163.8 162.1 159.1 158.9 156.7 153.9 151.9 150.4 150.6 150.1 149.8 149.5 149.6 150.3 153.6 155 157.5 160 161.3 160.7 158.5 156.5 157.2 158.5
104.5 106.2 108 110.6 112.6 114.4 115.4 117.4 121.5 125.9 127.7 128.7 129.5 129 126.1 126.3 126.8 126.7 126.8 127.3 127.8 128 130.7 134.8 138.7 142.6 144.4 147.6 153.5 160 163.4 161.4 162.8 166.1 171.3 175.5 177.2 177.5 176.2 170.3 163.9 162.1 166.3 173.8 178.8 184.4 190.1 195.1 197.8 194.9 186.9 181 177.2 173.2 169.3 167.9 164.3 160.3 159.9 159 157.7 155.1 153.2 154 153 152.7 152.4 152.1 152.3 155.9 157.5 158.7 160.7 161.8 160.5 157.4 155.7 157.4 158.5
105.4 107.4 109.2 112.3 114.6 116.3 118.1 120.3 122.5 123.2 123.8 123.9 124.9 126 126.5 127.1 127.6 128.3 128.3 128.2 128.1 128.3 131.2 135.5 139.8 143.4 142.6 146 152.1 157.9 160.3 157.4 163.1 166.7 170.5 176 177.1 176.8 176 171.1 164.3 160.8 169.5 177.7 182.9 186.6 190.4 196 200.8 201.6 195.6 187.6 182.6 178.5 175.1 171 168 163.1 160.9 160.1 158.5 157.2 156.3 155 154.9 154.9 155.1 154.1 154.3 157.5 160.1 161.4 162.1 162.5 161.2 156.4 150.1 146.8 149.8
106.1 108.1 110.5 114 116.6 118.6 120.4 121.5 122.5 123.1 123.2 125.9 126 127.4 127.9 127.9 128.4 128.9 129 128.7 128.3 128.7 132.3 136.9 141 143.4 143.4 145.9 148.1 151.9 153.4 157.3 161.7 166.6 171.1 174.2 175.9 175.8 175.5 171.3 165.6 163.5 169.7 178 186.3 186.3 190.5 195.4 198.7 201.9 197.2 192.9 188.6 183.9 180.5 176.6 172.8 168.8 163.3 161.3 160.6 159.8 159 157.6 156.8 156.4 156.4 155.6 156.2 159.7 161.9 163.3 164.1 164.7 163.3 154 148.1 140.7 137.2
106.6 108.9 111.7 115.3 118.8 121.1 123 123 122.9 124.7 127 128.5 129.3 129 128.4 128.6 128.8 129 129.2 129.2 128.8 130.5 133.1 137.4 142.3 143.9 143.9 144.9 146 147.8 150.9 157.9 161.7 165.8 168.4 171.4 174.1 174.8 176.1 173.9 169.7 167.2 169.1 175 181.2 184.7 189.2 193.2 196.6 198.4 197.1 196.1 194.9 192.6 188 183.7 179.4 175 170.1 163.4 161.9 161.1 160.4 159.7 159 158.3 157.7 156.9 159 162.4 163.7 164.9 166 166 156.9 146 140.9 139.6 142.2
106.8 109.5 113.5 117 120.2 122.7 124.7 125 126.3 128.2 129.9 130.9 130.4 129.1 128.2 128.5 128.7 129 129.2 129.4 130.4 132.3 135.2 136.9 141.9 142.9 143.2 143.7 144.5 146.2 150 156.8 161 164.2 167.2 170.9 175 177.7 178.7 177 174.4 170.1 171.5 173.7 177.2 180.7 186.4 190.5 194.1 195.8 196.3 199 199.9 200.5 199.2 195 188.1 181 176.4 170.4 163.7 162 161.3 160.6 159.8 159.1 158.3 157.7 162.1 164 165.9 167 167.2 166 151.5 142.9 141.3 138.6 144.1
106.8 109.5 115.1 119.7 122.6 124.4 125.9 126.3 128.6 130.4 131.2 131.4 130.4 129.2 128.1 128.3 128.6 128.8 129.1 130.4 131.7 134.5 137.2 138.9 140.6 141.2 141.9 142.9 143.7 145.7 149.7 154 158.5 163.2 167.7 172.8 176.9 180.1 182.7 181.2 178.8 176.7 176.8 176.8 176.7 178.5 182.8 187.2 190.7 193.8 196.3 201.2 203.3 204.3 204.2 201.4 196.6 190.8 183.3 177 169.8 163 162.2 161.4 160.8 160.2 159.9 160.2 162.2 165.2 168.2 169.1 167.9 162 148.2 142.9 141.4 139.8 152.8
107.6 110.2 114.9 120 123 124.1 125.6 127.3 129.2 130.2 130.3 129.9 129.6 128.8 128 128.2 128.5 129.2 130.5 131.5 132.8 136.5 138.4 138.1 138.4 139.1 140.4 141.8 143.3 145.5 149.2 152.7 157 161.8 169 173.8 178 182.7 186.5 187.8 185 181 179.4 179.3 179.2 179.7 181.9 185.2 188.1 193 197.7 203.1 207.7 208.1 206.3 203.9 200.7 195.9 190 182 176.7 168.9 163.2 162.6 161.6 161.4 161.4 162.6 164.2 167 169.9 170.1 169.5 159.4 149.3 142.8 141.6 139.9 154.8
109 111.4 115.7 119.6 121.4 123.6 126.1 127.7 128.8 130 129.5 128.9 128.7 128.2 128.2 128.3 128.9 129.9 130.8 131.8 133.1 136.1 136.6 137 137.4 138.1 139.5 140.8 142.2 145.2 149.3 152.9 157 161.6 168.8 174.6 179.2 183.4 187.3 190.6 189.6 185 182.9 181.7 182 182.4 186.1 188 188.9 194 199.3 205.4 211.4 210.5 207.7 204.4 200.9 196.8 192.5 187.4 183 174.3 167.3 166 161.7 161.4 161.4 163.6 165.6 168.7 171.1 171.3 169.4 160.5 149.1 143.4 142 147.3 158
109.9 112.5 116.8 120.4 124.4 127.2 127.4 129 129.5 130.2 129.7 129.1 128.5 128.5 128.6 128.8 129.3 130.1 131.1 132 132.9 133.7 133.5 135.1 136.7 137.3 138.6 140 141.5 144.7 149.1 152.9 156.4 159.9 166.8 174.1 178.5 182.6 186.2 189.4 190.8 188.7 187.7 184.8 183 183.9 188.3 191.2 193.2 196.7 201.4 205.8 208.7 209.6 206.6 203.7 200.8 198 195.3 193 187.3 181.1 173.5 168.4 164.7 163 162.5 165.9 168.1 169.8 172.3 171.2 167.9 163.7 150.2 146.9 148.3 148.5 163.7
110 113.3 117.7 121.3 125.5 129.3 129.6 130.2 130.3 130.3 130 129.4 129.2 129 129 129.4 129.9 130.3 131.1 131.9 132 131.8 132.1 133.8 136.2 137 138.5 140.2 142.1 145.4 148.8 153.2 156.8 160.8 165.2 172.3 177 180.8 184.1 187.3 189.1 189.7 188.9 187.8 187 188.2 190.4 193 195.1 199.1 203.9 203.9 206.3 207.1 204.6 202.5 202.2 200.8 200.1 198.6 194.6 186.1 178.3 172.1 166.9 164.3 164.7 168.4 171.2 172.5 172.4 170.3 162.1 161 150.1 146.9 146.2 150.4 165.9
108.8 111.8 116.8 121.2 124.2 128.5 128.7 128.9 129.5 130.1 130.1 129.8 129.9 129.8 129.4 129.9 130.4 129.9 129.5 130 130 130.3 132 133.7 135.4 137.6 139 140.9 143.5 148.2 149.6 152.9 157.4 161.4 166.2 170.9 175.2 178.7 181.9 185.2 187.6 188.6 188.2 188 188.1 189.6 191.6 193.1 196.1 199.9 204.2 203.7 203.6 204.7 204.4 203.4 203.9 204.9 205.6 205.2 203 193.1 183.7 175.9 169.7 167.1 166.6 170.5 173.7 175 173.9 171.8 163.4 154.4 146.9 146.9 142.8 150.5 168.9
109.4 113 117.1 121.6 124.1 125.6 126.6 127.2 127.8 128.4 128.9 129.5 129.8 129.7 129.9 129.8 129 128.4 128 127.9 128.6 130 131.7 133.4 135.2 137.8 139.9 141.6 144.9 151.1 155 157 156.5 160.7 164.3 168.6 173.3 176.3 179.5 182.6 185.3 187.5 186.9 186.7 186.9 188.8 190.9 192 193.7 196.9 199.8 200.4 201.1 202.9 203.7 204.7 205.3 206.6 208.5 209 208.2 201.5 190.3 180.2 174.8 171.5 167.8 170.4 174 175.8 174.7 171.8 165.2 155.2 146.9 146.9 142.6 156.1 171.1
111.1 114.2 118.1 121.7 123.5 125 124.8 125.3 125.8 126.4 126.9 127.8 127.7 128.2 128.5 128.4 127.6 127 127.5 128 128.3 129.7 131.4 133.1 135.1 137.3 138.6 141.6 146.2 153.2 158.7 161.1 162 161.4 163.4 166.3 170.9 174.1 177.1 180.1 184.1 185.9 185.6 185.3 184.8 185.9 187.7 189.1 190.3 192.7 194.5 195.8 199.2 201.4 202.4 203.5 204.1 206.7 209 210.2 210 208.3 197.9 189.3 179.2 174.5 169.7 167.7 170.2 172.5 173.2 169.7 163.1 154.2 146.9 146.9 145.3 161.9 173.9
