app/static/ascii/SJ96.asc
ncols 200
nrows 200
xllcorner 390000
yllcorner 360000
cellsize 50
[rows 105 to 139 of 200, columns 78 to 155 of 200]
239.6 240.7 240.7 239.6 238.9 237.7 228.7 211.4 218.8 223.4 223.9 203.5 214.7 217.6 200.1 181.9 185.1 198.4 210.8 213.1 215 216.2 220.3 222.4 227.5 229.2 231.1 233.4 232.8 231.7 228.3 227.3 225.5 224 220.4 210.4 207.1 208.6 206.9 198.7 206.1 205.1 191.2 176.5 173.9 172.9 184.9 206.1 223.9 229.7 233.3 232.3 237.3 243.4 242.2 240.3 238.9 243.5 245.5 247.7 246.4 248.9 247.5 243.2 239.2 236.6 235.1 233.8 234.4 234.3 227.9 233 239.2 244.5 252.1 258.5 265.2 272.9
235.4 237.4 236.4 235.4 234.1 233.6 233.5 231.4 221.6 200.2 215.3 200.8 209.1 214.5 199.5 184.5 178.8 196.8 208.8 213.8 219.2 220.3 216.4 215.6 221.8 226.7 229.5 231.7 232.1 227.4 225 224.5 222 218.6 216 214 214 212 211 206.5 192.8 189.2 186.6 183.1 176.5 173.4 179.6 191.7 222.1 230.2 231.8 230.8 231.7 234.1 233.5 232.6 232 232.3 234.5 235.9 237.2 238.9 238.5 238.6 237.3 234.6 233 231.5 231.9 223.6 233.1 236.1 237.5 241.3 246.7 252 257.8 262.8
234.3 236.5 234.1 234.4 232.6 231.7 228.6 230.2 225.9 217.8 203.6 192.1 203.5 209.8 193.8 176.4 184.7 200.6 210.3 214.2 217.2 222 223.9 214.1 216.6 219.9 224.5 230.1 230.4 227.5 223.9 220.7 218 216 213.9 212.2 211.5 210.4 210 209.9 208.5 205.9 207.1 198.3 176.8 173.5 175.3 187.9 208 227.4 229.5 228.7 227.8 228.4 228.3 228.7 228.2 228.6 228.9 229.3 230.5 231.8 232.4 232 231.6 231 230.7 229.9 225.4 226.9 232.3 233.7 235.5 237.5 242.3 246.9 251.8 256.2
232.2 234.4 236.6 234.3 231.9 231.2 228.2 221.9 216.9 221 215.8 192.1 197.6 203.1 184.9 174.6 190.4 210.1 214.3 211.9 215 219.3 221.9 216.4 215.2 214.8 220.6 227.4 230 228.4 223.6 218.8 216.7 215 213.1 211.6 210.3 209.8 209.2 209.2 208.1 209 210 205.9 184.9 173.4 173.3 189.6 202.6 225.8 226.8 226.5 225.5 224.3 224.9 224.5 224.4 225.5 225.9 225.7 225.7 226.3 227.8 227.4 227.3 227.5 227.8 228 221.4 227.6 229.6 231.3 233.1 235.1 237.8 241.3 244 249
229.8 232.2 234.9 233.6 231.1 229.2 227.6 222.3 213.2 212.2 209.7 192.3 194.9 191.1 173.6 177.6 203.1 210.9 214.3 212.1 213.6 216.6 218 218.6 212.2 211.7 212.7 221 226.3 225 219.1 215.7 215 213.6 212.7 211.4 210.2 209.2 208.1 206.3 206.2 208.1 209 206.3 193.9 173.7 172.5 173 200.2 220.7 221.8 223 222.3 221.9 223.3 223.5 223.3 223.2 222.7 222.5 222.3 223 223 223.5 224 225.1 225.4 222.8 221.9 227.6 226.2 228.8 230.6 231.1 234.6 236.4 236.2 243.3
227.8 229.8 231.8 231.8 228.3 227.1 224.8 223.3 211.7 196.5 198 189.7 190.1 178.7 172.6 188.2 201.5 209.5 210.8 211.7 212.9 216.6 217 216.9 216.8 213.3 210.4 211.9 221.4 222.3 218.7 214.1 212.5 212.3 212.1 211.2 210.1 207.4 205.8 203.1 204.4 207.1 207.9 205.9 186.6 172.2 172.5 173.1 204.3 215.7 216.3 217.1 218 219.4 220.8 222.3 222 219.8 219.2 219.1 220.9 221.9 222.1 222.7 221.8 222.6 221.7 219.9 220 222.1 223.7 226.9 229.7 233.8 239.5 242.2 243.2 239.8
227.2 228.5 229.7 227.8 225.8 224.2 220 221.2 208.4 204.8 188.2 178.8 186.9 168.7 179.3 188.2 200.4 206.3 206.9 210.8 212.3 215.1 215.2 215.1 216.1 215.1 211.7 210.4 216.6 220.5 217.4 214.1 208.3 209.7 206 205.5 204.3 203.3 199.5 187.2 201.7 203.3 203.6 202.7 177.9 173.1 170.5 186.6 205.9 210.7 212 213.1 214.3 216.4 218.5 219.2 219 216.5 217.1 218.5 220.4 220.9 221.3 221.9 222 217.7 220.2 221.5 222.8 226.5 229.5 232.4 234.2 239.9 246 248.2 250.5 249.6
225.1 226.3 225.3 223 222.6 215.5 210.1 218.5 211.6 198.8 186.3 172.9 191.6 166.8 178.4 188.5 196.6 203 207.5 207.4 209.9 213.4 214.6 214.6 214.3 214.6 212.9 208.5 211 215.4 214 208 204.9 200.1 194.9 192.2 190.3 188.6 188 181 187.2 181.3 179.4 179.9 170.4 170.3 171.8 192.3 205 208.4 208.9 210.8 212 212 212.7 213.2 214.3 217.5 219.9 220.5 221.7 221.8 221.9 220.4 217.6 215 220.9 225.2 226.9 229.7 233.5 235.2 236.1 245.1 252.6 256.2 257.2 255.6
223.4 222.2 223.1 217.7 216 202.2 202.4 215.9 205.5 192.4 181 168.3 169.2 168.8 177 194.4 199.7 201.2 205.3 207.1 208.6 210.6 212.2 211.9 212.4 212.8 213.2 210.3 210.3 211.7 211 206.2 193.8 189.9 179.8 172.5 170.1 169.8 170.3 174 171.4 170.6 169.9 167.1 170.6 172.3 181.8 199.3 202.3 205.1 209.4 211.5 212.8 203.9 214 217.3 220.2 221.8 222.6 223.4 225.1 225.8 225.1 223.7 217.6 216.3 224.2 225.1 226.6 231.6 237.5 231.9 238.5 246.3 256.9 263 264.2 261.6
219.9 216.8 222.5 219.7 210 198 186.7 199.4 205.2 194.8 180.9 164.2 163.6 180 188.2 198.9 198.8 198.8 205.9 206.7 208.2 208.2 209.8 209.3 209.2 209.6 211.7 212.9 210.9 211 210.2 205.4 195.9 183.1 171.2 169.4 168.1 167.4 167.4 168 168.2 167.9 166.6 174.8 171 175.2 194.9 203.1 201.2 205 211.4 213.9 214.3 202.8 217.1 222 223.5 224.5 224 225.3 228.1 228.5 225.8 222.2 210.4 216.1 221.7 223.7 225.4 226.8 228.5 228.1 233 239.3 250 259.9 268.4 268
212.8 207.9 218.4 216.7 206.6 196.5 196.3 181.6 185.7 180.2 169.6 161.4 176.6 183.2 191 199 198.1 198.6 207 207 205.8 204.9 205.9 207 206 207.4 209.2 210.9 210.1 208.9 206.1 197.9 185.5 163.7 163.3 164.7 164.4 166.6 166.5 166.4 167.9 173.4 180 198.2 185.1 173.7 191.4 200.1 200 202.4 207.7 211.1 207.5 200.8 214.9 222.2 223.8 223.5 223.8 225.7 226.2 224.6 222.5 214.6 207.7 216.7 219.7 221.7 222.8 223.7 223.1 224.6 226.5 232.2 240.8 249.5 260.5 270.3
201.2 197.3 214.2 213.8 212.3 199.7 189.5 178.5 174.6 162.8 157.5 171.7 181.5 191.5 199 199.1 196.2 199.1 205.1 206.9 206.8 202.3 201.1 202.6 204.3 205.4 206.2 207.6 206.9 200.9 192 172.7 161.7 166.4 174.8 183.1 177.4 177.9 181.1 183.6 186.4 191 199.4 202 193.8 175.3 177.2 182.7 194.4 193.8 193.2 192.8 196.8 206 214.7 219.7 222.1 221.9 222.7 223.4 222.2 220.9 220.5 204.3 211.3 217.1 217.7 219.4 219.8 220 220.1 221.2 222.4 226 231.1 238.8 247.9 258.7
183 185.7 205.7 205.9 209.8 197.4 189.7 184.3 167.1 154.8 171.2 179.3 184.9 197.8 200.3 197.1 194.2 198 202.4 200.1 202.8 200.8 198.8 199.9 202.4 205 204.9 201.1 195.8 183.9 173.7 159.6 164.9 166.8 183.8 192.3 193.4 198.9 204.3 197.2 196 196.3 205.4 206.9 204.2 199.8 184.7 176.3 177.2 186 196.5 198.1 205.6 208 209.8 214.2 215.8 216.7 219.5 221 219.5 217.5 210.5 201.8 212.4 217.3 217.5 217.3 217.7 218 218.2 218 219.6 221.8 224.3 229.5 236.5 245.6
168.3 177.6 187.5 191.1 195.4 190.6 180.7 167.5 162.2 160.6 180 189.6 196.2 198.3 197.6 193.5 196.1 197.9 201.8 201.2 197.6 194.9 189.6 196.1 201.5 203.6 202 185.8 181.6 175.4 159.5 161.4 164.5 174.1 191.3 195.7 199.4 203.9 206.3 210.6 210.9 208.4 207 209.6 208.6 207.6 203.6 196 181.2 179.7 194.9 199.9 202.5 204.2 205.7 208.7 210.2 211.2 213.3 216.9 219.2 217.3 204 203.6 212.9 216.6 217 216.6 216.7 217 216.9 216.7 217.1 219.3 221.4 224.9 229.7 233.6
151.8 162.6 172.2 183.9 181 184.9 173.9 162.8 156.7 174.7 186.3 194.5 198.1 197.9 194.7 189.6 196 198.2 200.6 201.2 200.4 197 186.6 197.6 200.6 199.6 197.4 180.9 175.1 163.2 160.5 161.8 167.3 186.4 196 196.3 199.5 203.7 208.3 211.9 213.3 211.3 209.5 210.9 212.1 211.3 208.2 201.7 185.8 183.1 188 199.9 203.6 202.4 202.3 201.7 197.2 196 200.4 201.8 204.2 209.1 196.2 204.4 210.8 214 214.1 216 215.7 215.9 215.7 215.9 215.2 216.7 218.4 220.4 224.3 228.1
145.2 147 157.7 166.5 169.9 183.3 165.3 153.7 165.9 177.9 188.4 196.2 199.8 194.8 186.9 183.1 192.2 194.2 200.8 203.1 202.5 201.6 187.7 185.2 191.7 179.7 182.6 169.2 168.2 160.3 159.4 163 182.7 191.5 195.3 198.4 203.6 207.9 211.5 215.4 216.1 213.9 213.1 213 215.9 213.6 212.3 206.5 185.4 190.7 182.8 185.1 201.9 201.4 196.4 188.1 185.8 187.2 190.3 198.2 197.5 195.9 192 195.3 197 203 207.4 210.6 213 214.5 213.6 213 214.1 214.1 216.2 218.4 220.5 224.2
147.5 147.4 144.6 145.7 159 170.8 167.6 153.2 165.6 178.3 191.3 201.1 189.3 178.7 176.8 174.6 175.4 182.4 188.1 199.4 200.3 200.2 197.5 181.7 180.2 170.3 163.7 162.2 162.9 162.1 159.5 170.3 189.9 192.1 195.3 199.6 206.2 209.3 213.1 217.2 219.1 217.7 214.3 216.7 222.1 217.4 216 205.5 191.6 206.9 192.2 182.8 183.1 183.2 184.4 190.9 195.9 194.5 191.4 188.8 190.2 192.4 192.9 196.2 197.8 194.2 194.2 196.6 201.3 207.5 205.4 212.7 213 214.4 216 217 219 221.4
150.1 150.3 149.2 146.9 145.6 157.7 156.2 157.5 168.9 179.4 187.5 176.1 173.1 168.6 169.1 163.3 162.7 161 162.3 164.5 175.9 182 185.8 180.1 167.9 160.1 159.4 155.8 159.7 159.8 161.9 179.6 192.8 193.5 197.9 204.7 209.9 209.8 213.5 217.6 219.5 216.8 218.1 221 226.8 219.7 215.7 199.9 199.9 211.9 207 198.2 193.4 192.9 195.3 200.3 199.4 198.6 200.2 198 197 194.8 198.8 201.4 203.1 202.2 201.9 199 196.4 197.8 203.7 210.3 214 215.7 215.4 215.8 217.8 220.5
156.6 155.1 153.6 150.7 145.8 147.8 148.8 161 169.6 171.5 168.8 166.8 162.8 164.5 160.4 156.2 153.1 154.9 155.7 157.1 157.1 158.7 161.2 160.3 153.5 157.3 160.3 167.9 171.7 172.5 165.3 177.1 193.4 198.6 204.9 207.9 208.9 210.1 213.5 216.3 217.1 217.7 221.4 226 229.4 223 216.3 199.1 203.1 212.6 212.1 209.4 204.5 203.3 204.1 207.4 206.1 205.3 208.2 207.3 204.8 200.9 201.2 199.6 201.3 202.8 205.9 206.5 205.4 205.4 201.7 200.6 212.5 215.9 214.5 214.7 217 218.6
171.2 181.6 166.6 156.2 148.3 148.1 148.5 150.4 156.5 161 157 156.8 152.5 149.7 149.2 149.5 151.1 151.6 151.7 155.7 157.1 154.1 157 159.9 163.4 165.9 174.3 180.9 183.4 186 186.2 187.1 187.5 185.1 188.1 205.3 207.9 210.4 213.8 216.7 217 219 224.2 230 230.5 223 215.4 209.5 199.4 211.7 213.9 213 213.1 212.3 211.4 212.8 212.6 211.3 213.9 213.3 212 207.2 204.1 201.3 202.9 206.4 206.2 204.6 207.3 211.8 212.3 201.6 204.3 215.2 213.7 213.8 215.1 216.8
188.7 190 178.4 164.3 149.9 147 148.7 148.4 149.1 149 149.8 148.4 149.6 150.7 153 154.9 154.2 154.5 150.9 151.5 151.3 160.9 168.3 171.4 175 181.9 191 189.6 191.4 187.2 188.4 193 199.1 202.8 202 199.9 207.1 212 213.7 214.6 216.5 220.8 229.3 234.9 231.3 224.6 220 209.9 206.4 213.5 216.3 216.4 216.6 217 217.4 217.6 217.1 216.6 216.1 217.3 216.1 214.6 211.5 205.6 208.9 210.1 211.8 211.9 209.2 209.6 213.9 208 203.1 213.9 212.8 211.7 213 211.7
194.6 196.1 195.3 170.5 158 151.1 150.3 150.3 149.9 149.3 147.9 151.8 150 153.4 156.6 156.2 156.5 161.1 160.8 164.8 170.1 172.1 190.8 191.5 192.6 194.9 195.6 193.7 193.7 194.3 193.9 197.5 205.4 211.5 208.8 200.6 208.5 212.1 214.2 215.1 217 222.8 233.5 237.7 233.5 225.4 220.3 198.1 210.9 217.2 219.1 219.3 220 220.7 221 221.3 220.4 219.4 218.9 220.1 218.8 217.6 214.3 211.8 214 213.7 214.5 215.5 214.4 209.2 208.4 207.1 202.8 206 208.6 209.2 210 210.7
198.2 198.6 197.6 196.2 178.9 158.3 155.8 158.7 154 155.1 158.8 160 160.4 163.3 170.1 167.6 165 170.4 177.2 188.6 193.2 185.7 190.7 194.7 196.7 197.1 193.4 192.5 194.5 200.2 202.3 208.2 211.6 216.8 215.8 202.7 210.8 213.6 214.4 215.8 217.9 225.3 237.2 238.3 234.2 226.8 217.8 204.8 219.4 220.5 221.9 222.7 223.4 224.1 224.1 223.8 222.9 222.1 221.8 222.1 221.5 220.3 216.9 218 217.7 217.1 217.1 217.1 215.6 212.8 214.7 213.3 206.3 204.7 207.2 206.9 208.2 209.7
200.3 198.7 197.5 196.2 185.9 170.1 162.4 162.2 162 161.9 162 165 170.6 167.8 170.2 176.5 185.9 193 193.8 194.6 195.2 194.1 191.5 196.8 196.2 193 192 195.5 199.6 206.3 210.9 216.7 221.3 218.6 216.1 211.7 202.8 213.4 215.3 217.4 219.7 230.2 240 239.6 234.2 228.4 221.8 210.3 221.8 223 224.7 225.5 226.3 226.6 226.4 226.1 225.5 225 224.8 224.6 224.3 223 219 221.4 220.9 220.3 219.8 218.8 217.9 217.8 219 217.6 213.1 206 209.5 208.8 207.3 207.5
198.8 196.7 195.4 193.2 176.9 164 181.1 170.3 168.3 167.3 169.3 174.2 179.5 170.7 174.1 186 193.1 193.5 192.9 193.2 193.9 195.2 196.2 196 193.5 191.9 193.3 199 203.9 210.9 217.9 223.6 225 224 219.4 213.6 203.3 215.3 217.1 218.8 224.1 235.3 242 240.1 235.9 231.4 218.9 217 223.4 224.6 227.6 228.5 229.1 228.9 228.6 228.3 228.2 228 227.7 227.5 226.9 225.2 220.7 224.3 223.8 223.4 222.8 221.5 221.8 222.5 222.6 220.8 215.6 212.4 206.3 209.8 207.8 207.3
197.3 195 192 189.9 171.3 174.7 187.4 190.9 185.9 182.2 184.7 191.3 188.7 176.1 170.2 193.2 193.9 191.3 192.2 192.3 193.4 194.5 195.3 193.8 191.3 192.7 196 201.1 209.9 217.5 224.6 228.8 225.9 222.6 219.1 214.5 207.8 217.1 218.2 221.5 228.6 241.5 243.4 241.4 236.3 230.7 212.7 219.6 225.6 228.7 230.3 231.5 231.4 231.4 231.5 231.5 231.6 231.8 231.4 230.5 229.5 222.9 226.7 227.5 227.1 226.7 225.5 224.4 225.8 226.1 226.1 223.7 221 220.1 214.8 209.7 213.8 207.4
195.9 191.9 188.9 185.6 177.5 179.9 188 190 192 193.2 193.7 193.1 191.6 176.2 179.8 191.9 192 191.2 191.9 191.7 191.6 192.2 191.5 190.7 192.2 194.7 199.4 209.4 218.2 226.1 230.4 231.1 227.7 222.3 219.6 210.6 215.7 217.3 219.7 222.3 231.1 242 243.5 238.9 232.3 222.7 220.4 218.2 221.3 229.6 231.6 234.1 234.4 234.7 234.8 234.8 234.9 234.8 234.1 232.6 229 229.9 230.8 230.6 230.4 229.4 228.5 228.3 229.6 230.2 229.4 226.6 225.5 224.1 222.2 214.2 215.2 212.2
194.4 191.9 186.6 184.5 177.2 173.4 180.1 187.3 191.3 194.3 195.2 193.4 191.5 181.1 177.8 190.3 187.9 190.8 191.6 191.5 190.7 190.3 192.3 193.5 194.1 198.8 204.5 213.8 223 231.6 233.8 232.9 228.8 221.8 217.6 212.2 214.7 219.3 221.6 224.6 231.5 239.6 238.7 229.2 225.2 224.9 229.7 221.3 224.4 226.4 234.1 236.3 236.7 237 237.4 237.8 238.1 237.5 236.8 234.2 233.2 233.6 234.2 234 234.6 233.8 233.2 232.8 233.5 234.3 232.6 229.9 229.3 228 225.6 220.5 221.8 218.7
196.9 193.8 191.5 189 187.7 183.3 185.6 189.4 192.7 194.9 195.8 194.2 192.2 189.5 171.5 187.7 188.5 191.4 190.3 189.8 189.2 188.4 193.1 196.1 197.6 201.5 207.6 217.5 227.4 235.1 235.3 233.1 229.1 221.6 220.2 219.5 216.1 220.4 222.8 227.1 234.6 237.4 241.9 236.7 223.2 230.5 233.3 224.5 231.8 233.4 234.2 237.8 239.1 239.3 239.7 240 240.4 240.3 239 236 237.1 237.6 238.1 238.9 239.6 239.1 239 238.5 238.6 237.8 235.7 234.5 232.8 232.1 226.5 225.8 226.7 225.3
198.9 197.5 195.2 193.2 191.1 188.8 190 191.7 194.2 195.1 196.5 196.4 194.9 191.1 174.4 189.3 190.2 189.1 188.2 188.8 188 189.1 195.2 200.4 201.4 205.3 210.9 221.3 230 235.7 236.1 233.1 230.6 223.3 223.6 223 221.5 221.3 224.3 229.9 236.6 242.8 246.2 239 229.7 234.4 235.3 233.7 235.3 235.1 235.5 237.9 241.7 242 242.2 242.5 242.6 241.6 240.7 239.9 241.9 242.9 243.4 244.1 245.7 246.1 245.8 244.8 243 241.3 240.1 238.9 237.1 234.1 230.6 229.9 231 229.2
200.3 200.1 198.9 197.2 196.3 194.8 194 192.6 194.8 195.6 196.4 195.8 194 191.1 175.4 190.2 187.3 186.7 186.7 187.4 189.2 193.9 196.8 202.1 204.4 209.3 216 224.1 231.3 236.4 236.9 232.6 229.6 228.6 229.7 228 226.9 223.8 227.5 232.4 239.3 245.6 247.9 239.9 234.5 238.2 239.3 239.3 240.1 241 240.5 241.9 244.1 245 245.3 245.7 246 244.9 244.2 243.9 246.7 249.2 250.6 251.2 252.9 252.5 251.9 249.8 248 246.3 244.8 243.2 241.2 237.9 234.2 235.9 234.4 232.4
201.2 201.8 201.1 199.9 197.2 196.7 195 193.9 191.9 193.8 193.4 192.5 192.3 189.1 182.1 187.7 184.6 185 186 187.5 192.4 195.3 198.4 202.4 207.7 215.7 222.9 229.5 233.5 238.3 239.5 237.1 235.6 236.4 237.2 235.5 232.7 228.4 228.8 236.5 242.6 248 250.1 242.9 237.3 241.2 242.3 242.2 243.1 243.9 244.8 243.8 246.2 248.1 248.5 249.2 249.2 248.3 247.9 249 251.9 254.1 256.5 258.5 259 258.7 257.8 255.7 253.6 251.5 249.6 247.4 244.2 238.7 238.8 239.5 238.4 235.4
197.5 201.5 201.4 200.5 197.9 195 193.8 192 190.2 189.2 189.5 190.3 192.2 187 182.3 184.5 184.5 187.5 189.2 191.4 193.4 196.1 200.3 206.5 217.2 225.1 230.6 233.9 237.6 240.9 242.6 243 241.9 243.8 244.6 243.6 241.4 238.1 234.9 239.8 245.7 250.2 252.7 245.8 240.9 243.8 245.4 245.2 246 246.8 247.7 244.5 249.5 251.5 252.1 252.4 252.4 252.1 252.9 254.3 256.8 258.4 260.4 262.7 263.6 264.4 264.4 262.5 260 257.4 253.7 250.3 246.8 241.2 243.3 244.4 242.5 238.8
189.9 200.1 201.7 199.9 196.5 190.8 188.8 187.7 185.5 189.6 191.7 190.5 190 186.4 179.1 180.9 183.5 188.9 192.3 192.9 195.3 199.4 205.4 215.4 225.6 232 236 239.3 240.7 243.8 246.8 250.5 249.1 250.1 251.1 250.7 249.3 246.9 237.4 242.1 247.6 252.1 255.5 250.5 247.7 245.3 248.2 248.2 248.9 249.8 250.9 249.7 251.7 255.1 255.7 255.7 256 257.1 257.9 259.5 261.6 263.6 266.9 268.4 269.2 269.2 269.8 268.1 265.5 263 258.9 256 250.4 248.8 249.8 249.1 246.6 242.5
184.5 196.7 200.1 199.3 194.7 185 183.8 186.7 186.5 189.4 190 188.3 186.3 185.2 183.3 183.5 188.1 191 193.2 194.5 197.2 201.7 211.6 222.5 230.5 236.6 241.9 244.4 245.4 252.3 257.7 258.9 256 257.2 258.4 258.6 254.8 250.4 241.1 247.1 252.4 255.9 256.6 254.5 252.3 250.2 250.7 251 252.3 253.4 254.5 253.5 255.3 258.4 258.9 259.5 260.5 261.7 262.8 264.9 267.4 273 276 276.2 277.4 275.1 274.1 272.8 270.2 268.3 265 260.5 257.4 255.2 254.8 253.1 250 246.2
