app/static/ascii/SJ97.asc
ncols 200
nrows 200
xllcorner 390000
yllcorner 370000
cellsize 50
[rows 70 to 104 of 200, columns 78 to 155 of 200]
256.5 259.4 262.5 282.7 283.7 263.9 241.3 219.8 204.7 187 182.9 188.7 195.7 200.4 204.4 209.6 213 217.5 222.8 226.8 224.2 216.4 224.1 225.2 223.9 224.9 230 233.4 239.1 247.3 253 257.4 261.1 261.6 260.1 270.9 281.3 284.1 281.2 288.6 298.3 306.4 314.8 321.8 327.9 335.4 340.9 348.1 354.3 359.2 354.2 356.9 363.3 363.9 367.7 373.7 376 375.5 374.2 376.9 378.4 379.5 380.6 380.8 380.8 383.7 388.4 390.8 395.3 398.5 397 391 386.3 389.7 385.8 374 353.2 333.7
257.2 260.3 268.8 276.3 285 263.8 244.2 223 207.5 194.1 185.5 186 194.2 199.7 203.7 207.3 208.3 212.6 216.2 214.6 207.3 220.8 217.6 219.1 222 224.4 229.4 233.4 242.2 249.3 256.2 261.6 266.4 270.2 272.1 272.2 270.1 276 285.5 292.1 291.1 299.9 306.6 312.9 321.9 331.3 338.3 346.6 350.4 354.8 357.1 357.3 356.6 360 364.7 369.6 369.2 368.7 371.9 376.1 379.6 381.4 382.9 383.9 384.4 386.7 391.8 396 400.1 402.6 400.7 393.1 391.7 394.1 388.8 376.5 353.7 336.2
255.7 258 254.1 263.4 282.5 269.9 248.3 228.1 211.7 200.4 188.1 186.1 191.1 196.6 202.2 201.7 200.5 203.9 204.7 213.1 218.2 218.7 219.3 219.8 221.4 225.8 231.2 236.3 244.8 252.2 259.5 266.3 271.3 276.5 280.4 284.8 287.4 292.8 296.8 303.3 308.6 311.8 316.8 316.6 314.2 316.7 324.1 331.8 341.2 342.4 345.5 346.5 351.5 356.4 360.9 362.2 362.6 363.9 369.1 374.1 378 380.8 382.1 386.3 386.1 389.9 395.2 400.2 403.6 406.1 402.5 392.9 394.7 396.5 391.3 378.7 355.1 339.2
251.5 250.2 252 257.9 281.2 277.6 260.3 236.3 217.9 205.6 192.1 186.3 190.7 195.1 195.3 196.3 201.7 205.7 209.8 213.5 214.5 218.1 218.7 219.5 222.3 226.9 232.6 241.9 248 255.1 262.9 270.4 275.9 281.6 286.7 291.8 296.3 301 306 312.2 317.1 322.7 327.5 332.1 330.8 329.7 323.5 321 328.2 334.1 338.3 344.6 349.4 352.4 354 355.7 357 361.7 366.9 371.6 375.5 377.7 379.5 383.7 387.6 392.9 398.7 403 406.8 407.4 400.2 393.8 395.9 398.2 392.9 380.6 358 342.4
240.5 252.5 258.7 272.2 280.9 282.2 266.3 245.9 227.4 213.3 202 186.7 187.8 190.2 194.2 200.8 203.6 206.7 210.7 213.1 214 217 218.7 220.4 223.7 227.2 234.8 244.1 252.3 258.8 266.9 274.4 280.1 285.7 291.2 296.2 301.4 306.5 312 317.5 322.8 328.2 333.9 338.8 342.8 340.6 336.4 329.8 324.9 332.6 337.9 342.8 346.6 348.1 349.9 351.7 355.3 359.9 364.8 369 371.7 374.1 377.6 382.5 388.4 395.1 401.3 404.3 408.1 405.9 391.9 391.8 396.1 399.2 393 380.8 360.3 344.3
243.1 245.9 257.9 269.5 280.3 291.1 275.9 255 237.1 221.4 208.2 197.6 187.5 188.7 195.3 198.3 203.8 207.4 211.4 212.4 213.3 215.5 220.3 222.3 226.5 229.8 238.5 247.6 254.7 262.5 270.7 278.4 284.3 289.8 295.2 300.5 305.8 311.6 317.4 323.3 329.2 334.9 340.1 345 349.5 352.6 347.9 336.1 329.9 331.4 336.6 340.3 342.4 343.9 346 349.5 353.6 358.2 362.3 365.7 368.5 372 376 381.9 387.7 395.3 401.3 405 406.6 393.8 385.4 390 397 398.9 393.2 380.8 361.1 345.5
237.3 246.5 253.9 269.7 282.9 298.7 282.5 262 244.1 228.1 216.4 203.3 189.3 189.3 192.2 202.1 205.1 207.9 210.4 212.5 215 217.1 221.9 222.8 227.6 232.8 241.5 250.8 258.4 266.9 274.7 282 288.2 293.6 299 304.5 311.5 317.3 323.2 329.1 335 340.8 345.9 351 355.3 358.6 356.4 342.4 336.1 334.1 330.5 335.9 338 340.6 343.3 347.8 351.9 356.3 359.5 362.4 366.4 370.5 374.5 380.7 386.7 394.9 400.4 404.3 392.7 383.8 381.2 388.8 396.4 399.1 392.4 379.2 361.4 349.6
223.4 236.5 245.7 267.9 280.9 304.1 289.1 270 251.9 236 222.5 211.1 201.2 190.1 192 192.4 201.7 207.1 208.7 211.8 215.6 215.5 218.5 220.6 227.2 235.4 245.6 255.1 263.4 270.8 278.1 285.4 291.4 297 302.6 308.4 315.7 323.1 328.9 334.8 340.8 346.5 351.3 356.1 360.3 363.6 363.1 349.7 341.6 339.7 338.5 338.3 338.6 340.9 343.3 346.3 351 354.6 356.7 360.8 364.8 369.1 373.3 379.6 386.1 393.6 398.1 390.7 380.1 375.8 379.4 387.5 394.4 395 389.1 378.2 362.2 351.2
219.6 244.8 243 264.8 280.3 297.8 296.3 276.8 258.1 240.5 227.8 215.5 205.4 192.3 193.9 191.8 193.3 198.1 205.3 209 213.6 213.5 217.3 221.8 228.2 238.4 247.6 256.8 265 273.3 280.9 288.2 294.6 300.6 306.1 312.3 319.6 327 334.3 340.6 346.4 351.3 355.9 360.5 364.5 367.9 367.5 353.6 346.5 344.8 344.5 343.5 342.1 342.8 345.9 349 353.9 357.4 360 363.9 366.5 370.2 374.1 379.4 385.9 392.1 394.1 380.8 372.6 369.8 378.1 386.3 393.4 393.2 387.2 375.5 362.6 354.9
213.2 234.3 249.6 261.8 278 293.5 304.5 285.7 266.8 246.6 233 219.5 207.6 195.5 201 200.5 195 194.1 195.7 201.4 205.8 213.5 220.2 223.6 230.1 238.7 247.6 256.3 264.6 273 281.3 290.1 296.4 302.7 309 316.4 323.8 331.2 338.7 345.8 351.6 356.3 360.7 364 366 363.1 356.6 350.8 349.2 349 349.9 346.3 343.2 344.3 346.6 350.9 355.3 359.3 361.7 365.2 368.1 370.9 374.9 380.1 385.9 391.7 381.6 370.9 365.4 368.8 377 386.3 393.1 393.6 388.2 378.8 365.9 359
208.2 226.9 247 264.7 273.8 289.3 310.2 297.6 275.4 253.6 238.2 221.8 209.8 196.8 205.3 206.2 205.1 199.2 196.1 198.8 204.7 211.7 217.9 223.2 231.3 240.3 248 256 264.5 273.4 282.6 290.5 296.8 303.1 311.5 320.4 328.2 335.9 343.6 350.1 355.7 360.9 359.6 353.6 349.1 347 344.3 344.5 347.2 350.4 354.4 348.3 344.8 344.1 346.4 350.3 354.8 359.3 362 365 368.4 371.9 375.7 380.9 386.4 383.2 371 364.4 358.8 367.4 375.5 385.7 392.9 394.2 388.7 379.7 367.3 363.6
205.8 226.2 243.2 267.3 264.8 276.3 307.1 305.4 283.8 258.9 242.1 225.3 212.1 196.9 206.6 209.2 209.8 208.5 200.4 198.3 198.9 210.7 216.1 222.9 233.3 242.3 249.9 257.8 266.7 275 284.2 290.8 297.2 306.1 315 323.8 332.2 339.4 346.7 354 356.1 348.4 338.6 334.9 333.1 333.4 333.8 339.6 345 349.1 348.4 343.1 340.3 341.4 344.9 349.6 352.8 355.1 358.2 360.7 363.2 368.8 375.1 380.4 380.8 366.5 358.6 354.5 356.8 365.3 375.1 384.9 392.4 392.7 386.4 377 366.7 365.2
202.9 224.9 240.5 264 260.6 276.5 286.8 306.9 286.9 261.5 242.8 227.3 216.5 202.2 209 212.3 214.2 216.3 208.7 202.9 200.5 203.2 215.3 224.3 233.8 243.9 251.6 261.4 269.7 277.5 285 292.1 300.6 309.4 318 326.8 334.9 342.1 348.9 342.7 334 324.2 321.1 319.9 319.4 320.7 324.6 330.9 336.1 338.5 338.6 336.4 334.1 334.6 338.3 342.3 345.3 347.1 350.4 352.3 351.9 367 374.3 376.9 365.1 354.2 346.7 352.6 358.4 365.3 375.7 385.3 393.1 391.8 381 370.9 360.2 361.4
198.9 223.1 238.2 255.4 265.4 274.8 278.9 300.7 292.4 266.2 245.6 230 219.7 208.8 207 214.5 218.4 221.4 217.3 210.8 204.6 203.9 214.3 224.7 234.8 244.6 253 264 272.6 280.2 287 295.4 304.2 312.3 319.4 327.4 331.8 330.1 321.1 315.1 308.7 306.3 305.2 306.1 305.9 308.3 315.6 322.8 327.4 330.1 326.7 323 321.7 323 326.1 329.7 333.4 336.7 339.4 334.5 347.7 362.3 370.4 368.2 352.2 342.2 343.1 350.8 357.6 366.8 377.1 386.2 391.8 390.9 375 361.9 355.1 354.8
197.8 221 235.6 252.3 268.7 275 275.3 290.2 300.4 273.4 249.9 233.8 221.6 211.4 208.8 214.5 220.2 225.3 226.9 217.7 210.9 205.1 205.8 226.5 237.5 246.8 255 265.7 274.5 282 290.6 299.3 307.4 314.2 317.5 308.4 304.6 300 293.8 290.3 288.5 288.5 290.2 292.7 295.6 300.4 308.4 315.2 320.4 317.8 310.9 304.5 303.8 304.3 307.9 314.2 315.8 318.6 318.9 331.3 344.4 356.1 362.1 356.1 342.5 331.6 343.9 350.8 359.2 368.9 378.7 387.6 391.3 382.4 368 354.9 349.8 350
197.9 219.3 232.2 246.9 268.8 271.8 283.2 290.1 304.1 279 253.8 236.3 223.2 208.8 210.7 216.2 222.1 229.7 233.6 230.2 221.4 209.8 206.8 221.8 235.6 247.6 256 265.2 274.7 284.4 293.7 302.1 309.1 309.8 293.6 283.3 278.5 273.2 268.5 268.6 269.2 271.1 276.5 280.8 287.2 295.2 301.8 308 310.1 299.4 292.7 284.7 281.3 285.7 291.9 298.3 301 307 317.7 330.2 338.9 345.5 343.9 337.2 331.4 333.6 343 351.4 360.4 370.9 382.1 387.3 387.3 372.2 358 348 343.6 347.1
198.2 217.7 230.4 245 262.1 271.4 282.1 291 304 281.6 257 236 224.4 209.6 214.9 219.3 224.5 233.4 240.8 243 233.2 218.8 208.1 212.4 225.9 240.2 249.6 260.2 271.7 285 295.1 303.2 304.4 284.5 270.4 260 253.1 249.6 249.5 249.4 250.8 257.2 265.4 269.1 281.5 286 290.5 294.4 288.8 279.5 269.4 259.4 259.5 266.4 275.6 283.9 293.9 306.3 316.4 323.3 321.1 322.1 323.6 324.8 317.7 331.2 343.4 352.1 362.4 371.4 382.6 382.2 371.8 358.7 348.4 341.2 345.2 353.5
199.3 217.4 230 244 259.5 271.4 280 285.6 299 286.5 257.8 234.7 225 212.3 219 222.8 229.7 237.2 245.6 251.6 242 228.6 214.3 207.8 220.5 232.3 243.7 252.9 268.3 283.5 294.6 302 286.1 265.2 248.7 235.3 232.9 232.4 233.8 235.1 236.5 238 245.6 255.3 263.7 269.1 271.1 268.6 265.3 255.2 252.7 254.9 261.2 255.7 257.3 263.8 279.9 292 299.8 299.2 300.3 304.2 309.3 310.6 319 335.4 345.3 355 363 371.1 376 373.8 357.5 347.2 339.1 338.9 346 354.7
199.3 218.6 229.6 243.4 258 269.5 283.8 288.3 301.7 285.6 257.5 235.8 226.3 215.3 221.5 227.3 232.6 241.9 250.1 257 249.7 242.3 227.4 209.3 210.7 226.7 242.3 255.2 270 283.8 294.3 283.2 264.8 246.1 227.8 231.7 232.1 241.3 244.7 249.7 253.2 251.7 246.7 240.9 243.5 250.1 250.9 252.3 249 253.6 266.8 275.4 276.5 262.3 257.5 259.6 263.8 270 278.1 280.6 283.5 292.4 299.1 302.5 321.1 336.7 346.1 355.8 361.9 367.1 364.4 358.9 347.1 335.9 331.5 338.8 346.7 356.9
202.7 220.5 229.6 241.9 255.1 267 282.8 296.1 302.9 283.1 256.9 236.9 228.1 216.9 223.4 229 236.7 245.4 253.4 260.6 261.4 252.5 238.5 218.5 210.6 223.4 239.3 254.2 267.8 282 274.2 259.5 245.5 232.3 227.5 234.7 242.5 248.3 254.8 262.1 269.4 272.3 267.9 259.6 252.1 247.5 246.2 252.1 263.9 274.8 279.5 284.8 285.5 280.9 268.8 260.1 261.6 264.5 268.3 276.6 283.4 291.3 299.6 311.6 324.6 337.5 347.2 355.5 360.2 358.5 351.8 344.4 335.8 324.3 331 339.6 348.4 358.9
202.5 219.3 230.6 239.6 253.6 265.3 277.6 292.5 302.2 284.9 259.8 240.4 229.4 218.9 226.4 230.9 239.8 248.5 257 265.1 270.1 260.9 247.1 226.6 211.7 211.8 233.5 247.3 256.8 257.1 248.5 241 232.7 224.2 229.8 238.5 245.3 251.8 262.4 271.7 281 288.4 291.4 282.6 271.4 265.6 265 269.1 275.5 281.3 285.9 289.4 293.3 290.3 275.4 266.3 266.2 263.3 265.5 276.2 285.5 298 307.2 317.8 328.2 337.9 346.1 351.2 352.2 344.6 336.5 330.1 322.3 320.7 332.9 340.7 349.8 360.8
206.3 220.9 231.2 239.8 250.3 263.3 274.1 284.5 293.4 291.4 265.4 242.9 232.8 221.5 228.9 234.2 241.6 251.4 260.9 267.7 273.2 270 256.7 237.4 221.3 212.8 218.2 231.8 235.1 234.6 231.7 226.5 221.2 223.1 234.3 240.9 249.3 258.8 269.1 277.5 286 294.2 299.4 301.4 297.4 289.7 286.2 285.1 287.2 292.2 299.9 302.5 302.2 292 268.2 273.9 274.8 274.4 271.4 266.8 282.5 297.2 307.7 318.4 328.2 335.3 339.8 342.6 337.3 327.9 318.5 313.6 314.1 324.7 332.6 341.1 351.5 361.9
206 217.3 229.4 239.3 248 259.6 272.2 282.9 292.8 293.8 269.6 247 234 223.3 231.2 237.5 245.3 254 262.7 269.1 275.4 279 272.5 251.3 235 225.1 215.4 215.3 217.8 217.2 220.2 221 224.3 231.8 235.8 244.8 254.7 264.1 273 281.9 290.5 298.2 304.2 308.5 311.3 311.2 303.9 300 302.8 306.3 309.8 311.3 308.3 286.5 275.2 281.8 281.2 284 287 276.9 273.6 292.4 303.8 314 319.9 322.1 324.6 324.9 320.1 306.3 306.3 312.7 321.2 325.3 333 342.8 352.9 365.9
202.6 211.7 225.7 238.6 246.8 256.8 268.9 277 290.8 296.1 272.8 251 236.8 227.4 233.7 238.3 247 257.1 265.6 272.8 278.5 283 281.4 261.6 245.5 236.3 228.2 221.6 219.1 221.4 218.5 226.9 232.4 236.8 241.3 249.7 259.5 269 277.9 286.5 295.2 302.3 307.9 313 317.2 319.4 316 310.7 312.6 315 317.2 317.2 303.2 280.6 283.6 288.1 291.4 294.2 298.6 288.6 271.9 285.4 292.8 306.3 306.3 306.3 306.3 306.3 306.3 306.3 315.6 318.9 321.2 327.4 335.8 346.8 356 367.9
198.2 205.7 221.3 233.9 242.5 254.4 266.2 273.3 282 292.5 272.5 254 241.8 230.6 232.2 239.5 249.9 259.7 268.5 276.2 282.8 287 287.7 270.9 254.4 246.6 238.6 231.9 230.8 229.6 227.7 228.6 236.1 240.9 245.6 255.8 265.9 274.2 282.5 291.1 300.1 305 311.5 316.9 322.4 325.9 322.3 321.1 322.1 322.8 323.7 316.9 295.5 275.7 288.7 294.6 298.7 302.3 306.1 305 288.9 273.8 306.3 306.3 306.3 306.3 306.3 306.3 306.3 309.6 311.5 315.3 320.5 329.6 340 351.3 359.6 368.4
195.7 200.1 211.4 227.6 236.5 249.3 260 270.4 272.4 278.3 263.6 253.3 245.8 233.3 234.4 239.9 250.2 260.5 269 278.3 285.8 289.7 293.5 282.8 262.5 254.6 248.3 241.4 239.3 236.4 235 234.2 235.7 245.8 250.6 261.5 272.1 280.7 288.4 296.8 303.8 309.5 315.5 322.5 327.6 331.4 328.3 330.8 329.7 329.5 327.7 306.3 290 288.1 293 299.2 303.9 308.2 311.6 313.4 302.7 300.1 306.3 306.3 306.3 306.3 306.3 306.3 306.3 306.3 306.3 313.3 322.5 332.7 343.4 352.6 360.1 365.7
195.7 197 210.7 222 228.4 238.3 251.1 264.7 264.6 261.7 253.6 247.8 240.8 243.5 237.9 236.9 245.5 258 269 279 287.1 292.5 298.3 295.1 270.5 261.5 256.6 249.8 247 242.8 238.9 240.9 242 247 254.6 265.3 276.8 286.2 294.6 300.4 307.8 314.3 320.4 326.3 333.1 337.3 337 337.5 336.5 335.2 317.5 298.3 298 298.4 290.8 302.4 307.8 312 315.7 318.1 318 315.9 308.4 306.3 306.3 306.3 306.3 306.3 306.3 306.3 306.3 314.6 322 331.6 341.9 348.7 355.4 361.4
194.9 193.8 202.3 213.1 221 227.3 237.3 245.1 250.1 250 246.9 244.6 252.4 251.3 246.7 246.2 241.6 249.8 264.5 277.1 287.1 293.3 301.2 300.6 278.6 269.5 264.5 257.3 254.4 250.4 245.6 245.9 247.7 253 256.2 269.5 281.3 290.7 298.1 304.5 311.8 319 324.8 331.7 338.6 341.6 342.9 343.1 342.7 335.4 309.5 302.8 306 305.4 300.3 297.1 308.2 314.3 319.3 322.5 325.7 326.6 323.8 316.9 319 306.3 306.3 306.3 306.3 306.3 306.3 306.4 320.8 329.9 335.9 342.1 349.4 355.3
191.9 194.9 199.8 207.2 216.6 224.3 231.9 238.9 241.8 239.9 240.2 249.2 255.5 258.4 252.5 253 253.2 242.8 253.2 266.8 285.5 295.1 303.7 304.3 285.8 277.6 274.2 273.6 264.2 260.6 253.7 252.3 251.7 259.5 266.9 271.9 282.3 293.4 301.6 309.8 317 323.8 330.2 337.3 344.5 346.9 348.3 348 346.1 330.7 306.8 310.8 312.6 310.3 305.6 298.3 301.4 311.6 318.5 324.5 328.5 329.9 331.8 329 327.5 306.3 306.3 306.3 306.3 306.3 311.2 309.9 313.7 321.1 326.9 334.4 343.1 346.9
191.9 194.3 198.1 201.3 209.4 220 229.3 235.5 234.4 234.7 245.9 251.4 257.3 261.4 259.4 259.5 263.2 258.5 246.2 262.2 281.5 297.2 305.7 304 291.7 284.5 283.2 287.2 274.7 267.3 265.1 261.9 258.5 266 274.7 282.7 288 292.4 304.9 314.6 321.3 328.2 335 343.2 350.2 352.2 353.3 352.9 349.3 329 311.2 315.7 316.5 314.4 309.7 305.3 307.7 312.4 320.1 326 331.5 335 337.6 335.7 333.8 312.4 306.3 306.3 306.3 309.7 313.6 319 321.8 324.8 325.1 329 332.3 339.7
192 205.7 214.8 205.1 205.2 212.5 220.4 223 226.8 240.3 247.7 252.1 257.4 261.5 264.5 264.1 268.9 272.3 253.6 263 279.3 298 307.6 306.1 296.8 291.8 290.7 295.5 282.5 273.8 275.5 272.1 265.6 272.6 281.1 289.7 297.2 301.6 306.3 318.1 325.5 332.8 340.3 348.5 355.6 357.9 358.3 356.8 349.8 331.9 320.4 317.6 321.2 318.8 310.7 309.5 313 317.9 323.5 328.5 333.4 337.6 340.7 341.6 338.6 321.4 306.3 306.3 306.3 309.4 313.5 319.9 325.2 327.7 332 338.8 343 349.9
205.3 225 221.1 217.1 205.6 210.1 212.7 218.4 236.3 242.9 248.6 253.7 257.6 262.4 266.5 269.5 275.9 281.8 262 253.6 273.5 289.6 301.6 304 301.2 299.6 299.5 301.1 292.1 284.2 286.8 282.6 273 279.6 287.3 298.1 306.7 310.9 311.3 321.5 330.4 337.5 346 354.4 361.5 363.4 363.6 361.9 356.6 336.2 327.8 321.3 325.3 323.3 317.9 316.9 318.6 323.3 327.5 332.1 336.6 340.8 344 347.2 342.2 330.5 306.3 306.3 306.3 306.3 312.4 320.6 325.2 328.9 335.7 343.1 352.2 359.1
213.3 226.7 223.5 220.2 214.7 221 226.9 232.9 236.9 242.3 248.6 254.5 260 264.7 269.1 272.7 280.3 286.7 273.7 257.1 265.4 278.9 291 297.6 304.8 304.1 306.1 306.8 302.1 295.8 299.1 293 282.8 288.8 297.3 307.9 316.2 321.1 324.6 325.4 335.5 343.3 352.1 360.5 367.4 369.4 369.6 369.1 362.9 342.5 334.6 326.3 329.5 328.3 324.3 323.8 325.7 328.3 332.5 336.3 340.6 344.1 346 344.6 341.4 330.8 306.3 306.3 306.3 306.3 312.2 319.9 324.5 329.5 337.2 345.3 354 362.8
219.4 221.5 225 221.7 222.2 223.8 230 236 240 245.4 250.8 256.7 261.6 268.2 274.8 277.9 284.8 290.3 277.6 256.6 265.3 274.2 286.1 296.2 304.9 309.8 312.9 315.2 311.7 306.9 311.2 304.5 293.9 298.9 310.6 317.7 325.8 331.7 334.6 336.3 341.3 350.3 358.2 365.4 370.6 374.6 376.2 375.8 367.2 349.2 339.9 332.9 336.1 335.5 330.8 331.5 329.8 335.8 338.3 341 344.2 347.4 347 344.6 334.5 320.1 316.5 306.3 306.3 306.3 312.6 319 323.6 329.7 336.8 345.5 354.4 363.2
232.3 220.4 224.8 224.1 224.8 228.9 232.1 237.7 242.4 247.9 253.9 258.8 265.5 272.4 278.8 286 287.2 279.5 260 265.7 273.2 281.6 292.2 300.1 308.3 312.8 317.2 321.6 322.1 317.4 320.1 315.2 305.9 307.6 321.2 328.5 334.1 340.2 344.8 346.6 347.8 356.5 364.4 370.6 375.5 379.5 382.2 382.7 371.2 354.1 344.6 338.9 342.3 342.6 338.8 336 335.1 341.5 343.7 346.3 349.4 351.1 350.7 348.1 343 331.6 326.5 306.3 306.3 306.3 311.5 316 321.2 328.2 335.4 344.2 352.7 361.2
