app/static/ascii/SJ98.asc
ncols 200
nrows 200
xllcorner 390000
yllcorner 380000
cellsize 50
[rows 108 to 143 of 200, columns 80 to 159 of 200]
161.2 160.2 159.2 156.8 153.9 149.6 147.5 143.9 143 141.9 140.9 142.4 143.9 145.2 143.4 140.7 139.9 136.9 135 137.1 139.6 141.6 142.3 144.2 146.1 147.4 146.7 144.4 144.5 146.3 148.4 153.9 153.4 153 151.3 153.2 157.4 154.2 154.9 156.3 155 155.6 156.8 161 165.9 169.1 173.3 176 178.4 183.4 190 197.7 210.1 221 224.9 225.1 225.9 221.9 216.6 210.2 203.2 194.6 183.3 180.3 178.2 178.3 181.5 180.8 183.1 182.9 183.4 188.5 195.9 199.6 205.3 208.5 209.5 208.7 207.7 205.1
160.6 160.4 159.8 157.9 155.8 153.8 150.6 147.3 146 145.2 142 143.9 144.8 144.8 143.1 143.1 144.2 144.2 142.5 142.3 142 139.8 141.6 143.8 140.5 143.8 144.1 144.2 144.9 148.4 147.7 147.6 148.4 149.3 149 150.6 154 155.7 158.8 159.6 159.2 155.5 155.8 159.5 160.2 163.9 168.2 172.8 175.7 179.2 186.4 193.4 204 213.5 218.2 221.1 219.6 211.6 205.5 197.2 189.6 182.5 178.8 178.5 181.5 195 193.1 187 191.1 190.4 187.2 195.5 198.6 203.1 207.2 210.7 213.1 214.4 214.5 213.5
159.6 160.2 160.7 160.1 157.5 155.3 152.5 149 147.3 146.4 142.5 143.9 144.4 143.4 143.7 144.6 146.1 147.6 149 146.2 147.6 148.1 149.8 151.3 143.2 153.1 149.8 149.7 151.1 155.2 154.4 152.6 152.1 153.3 154.5 157.7 158.6 158.4 161.5 162.8 162.7 161.4 160.5 158.8 158.5 159.3 164.6 170.6 172.7 177.1 185.2 189.7 197.6 204.1 208.4 209.7 205.5 197.8 188.6 183.3 179.3 177.8 177.9 185.2 199.2 202.9 202.3 201.7 202.2 198 192.8 199.6 203.9 205.5 209.8 213.4 216.7 218.3 218.6 218.3
158.1 159.5 160.2 160.3 157.8 155.8 152.5 148.4 146.7 146.4 142.4 143.7 144.1 144.8 144 146.4 148.3 150.1 152.4 150.7 150.2 153.1 156.1 155.7 151.9 154 156.4 156.9 156.8 161.1 161.8 160.9 159.6 159.5 162.3 163.2 163.5 161.7 164.1 166.3 165.6 165.9 164.6 162.4 159.8 158.8 160.7 167.2 171.6 175.4 180.8 188.2 194.1 197.3 198.6 195.5 185.5 181.7 180 178.2 178 182.5 191.9 197.3 204.5 207.8 208.3 207.9 205.6 201.4 194.8 202.2 207.5 209.7 212.3 215.1 218.4 222 222.8 222.4
156 157.8 158 158.1 156.1 154.6 151.9 148.7 146.9 146.4 143.1 146.8 145.8 146.7 149.5 148.4 151.7 150.8 151.2 152.5 152.3 154.4 156.8 158.6 157.8 154.9 157.9 160.8 161 163.8 165.7 166.1 165.1 166.1 168.1 168.6 169 167.5 167.6 170.3 171 169.9 168.5 167 163.1 159 158.5 163.2 169.2 173.7 177.3 184.2 190.5 191.4 190 182.7 180.4 177.6 179.1 179.3 190.8 198.7 202.3 205.6 208.9 211.7 213.1 212.1 209.7 206.2 198.7 204 209.2 212.7 216.1 218.7 220.7 223.9 226.3 226.6
153.9 155.5 155.6 154.9 153.2 151.9 149.7 147.6 145.7 145.3 142.8 147.6 147.2 147.6 149.5 151 152.7 151.7 151.1 153.2 154.2 155.9 158.6 158.9 159.2 159.7 159 159.5 163.1 165.9 167.8 169.8 170.6 170.9 171.6 172.5 172.7 172.5 171.8 174.2 174 173.4 172 169.7 169 163.4 159.3 160.3 165.4 170.3 173.5 176.3 180.9 185 181.2 174.6 173.9 175 180.7 186.6 195.2 200.8 205.1 208.1 212.5 215.4 216.6 215.3 212.7 210.9 206.2 204.9 211.8 215.7 219.6 223.8 225.5 225.8 228.4 230.6
151 152.7 153.5 151.6 149.3 148.4 147.3 145.7 144.3 144 142.6 148.8 148.5 147.7 148.1 150.5 152.2 153.4 153.3 154.6 156.4 157.1 159.4 159.9 160.6 160.8 159.9 158.9 165.1 167.6 170 172.3 175.1 176.3 176.1 175.7 176.1 175.9 173.9 176.2 177.5 176.3 174.1 173.3 173.2 169.6 165.6 162.9 163.9 164.4 168.4 171.2 174.5 174.9 174 173.6 175.6 178.3 183.5 187.6 194.4 201.7 206.3 210.1 214 216.4 217.1 216.5 214.6 211.4 207.6 205.7 210.5 216 220.8 224.8 228.8 230.6 231 234.4
147.9 149.6 150.2 147.9 145.8 144.7 144.9 143.9 142.4 143.4 143.4 149.3 149 146.9 147.3 148.5 150.1 154.2 155.3 156.4 157.5 158.5 160.5 162.1 163.3 164.4 165.9 160.9 162.5 167.1 170.5 172.8 175 177.3 181 180.8 180.3 179.8 178.2 179.3 180.8 178.4 176 176.3 175.9 172.7 168.9 165 163.8 163.8 165.9 170 173.6 174 174 174.6 179.7 181.5 185.2 189.8 195.5 202.2 206.9 210.8 214.4 216.3 217.3 216.1 216.1 213.5 211.5 210.4 209.6 214.2 219.9 224.6 231.2 235 235.7 237.3
146.2 147 146.4 144.5 142.2 142.5 143.4 142 142.4 143.9 143.9 148.7 149.7 148.3 148 148.4 149.7 152.9 156 157.3 159.5 159.9 161.6 163.4 165 166 166.8 166.8 158 163.9 168.9 172.7 174.9 177.1 181.1 182.9 183.9 182.8 180.8 180.2 181.7 180.5 179.2 179.2 178.4 175.8 171.7 169.1 163.8 165.2 166.4 168.9 172.1 174 174.7 179 181.5 183.1 185.8 190.4 195.5 202.8 207.8 211.6 214 215.7 217.5 218 218.2 217.5 216.6 215.7 215.5 215.3 218.7 223.4 231.4 236.8 239.5 239.5
143.9 144.7 145.4 144.9 141.9 139.5 142 141.9 143.7 143.9 144.5 148.4 149.8 149.6 148.8 149.4 149.5 150.8 154.6 156.8 159.9 161.1 162.6 164.2 166 167.3 169 170.9 168.3 159 163.7 170 172.9 175.9 179 182.7 185.9 185.7 184.3 183.9 184.1 183.2 182 181.9 181.4 179 175.2 171.1 166.5 168.9 170.5 169 170.2 174.2 175.8 179.2 181.9 185.4 188.6 191.9 196.6 202.6 207.8 211.7 213.8 215.4 217.3 219.7 221.3 222.2 222.5 221.2 220 219 218.9 223.2 230.6 237.9 242.4 243.7
141.1 143.1 142.5 141.5 138.9 140.3 141.4 143.2 144.7 144.7 145.4 148.8 149.5 149.6 152.7 152.2 150.4 151 155 158.8 159.8 161.4 163 164.7 166.2 168.5 170.2 171.5 172.3 171.2 164 165.5 171.1 175 178 180.9 184.8 186.3 187.7 187.5 186.4 185.3 184.6 185.3 184.6 180.8 177.1 171.3 169.3 170.4 171.5 170 170.2 173.5 174.1 177.1 182.1 186.3 189.8 193.2 197.7 202.9 207.7 211.6 215.2 215.4 217.2 219.6 221.9 225.1 227 226.8 226.2 224.8 222.2 223.7 229.7 236.1 243.4 245.6
138.9 140.3 139.3 139.8 141.2 141.6 142.9 144.6 145.4 144.6 146 148.6 149.6 150.4 153.9 154.1 154 154.4 158 158.9 158.8 161.3 163.5 163.9 167.1 169.4 170.9 172.7 173.7 174.5 172.4 163.5 167.6 171.3 175 178.2 183.7 188.1 190.7 189.7 188.5 187.4 187.5 189.2 188.8 184.4 177.7 172.6 169.7 174.4 174.2 172.9 173.1 174 174.2 175.8 182.6 187.4 190.7 193.9 198.9 202.8 206.9 210.5 214.5 216 217.5 219.1 223 226.7 229.7 231.6 229.2 230.6 227.3 225 228.7 233.6 239.5 244.6
138.1 140.3 140.5 139.3 140.5 143.1 144.9 145.7 146.1 144.8 146.3 148.2 149.8 151 154 156 156.5 158.4 158.8 159.2 160.6 161.2 163 164.2 167.6 170.2 171.6 173.6 175.1 175.9 175.7 168.6 164.5 169.3 174.6 179.5 184.2 188.4 191.4 192.8 191 189.6 189 192.8 192 183.8 179.6 174.8 171.2 178.8 179.9 176.1 174.5 176.1 175.2 174.4 178.8 185.1 191 193 196 199.6 204.7 209.3 213.1 217.9 219.9 221.3 222.8 226.8 231.1 234.1 236.2 235.9 232.9 230 228.9 234 237.5 241.2
142.3 140.1 141.2 141 141.6 144.8 146 146 145.8 144.4 147.2 148 148.9 149.7 153.6 156.8 158.6 158.9 158.6 159.7 160.8 161.8 163 164.4 167.7 170.6 173.1 175.1 175.3 175.7 176 172.3 167.7 174.1 177.5 180.1 184.7 188.8 192.5 196.6 194.6 192.8 194.9 197.3 195.2 185 186.1 177.9 175.9 181.9 185.8 183.1 178.8 177.3 176.4 177.2 178.8 180.8 186.7 191.6 195.8 200.1 204.9 208.9 214.9 219.2 221.9 223.6 225.2 228.5 231.9 233.9 236.1 239.9 239.4 235.5 232.4 235.1 238.9 241.6
142.9 142.3 143.1 142.7 144.7 144.9 143.4 143.8 144.8 144.2 148 149.3 149.5 150.5 154.1 158.2 159.3 160.4 161.3 160 161.2 162.9 164.1 165.2 168.1 170.7 173.5 175.6 176.4 176.9 176.5 175.7 168.5 174.4 177.7 180.8 184.5 189.1 194.5 200.1 199.3 197.5 200.4 200.9 196.5 189.1 187.9 178.2 177.2 186.3 191.1 193.3 189.1 183.7 179.9 181.1 183.1 182.9 186.4 191.9 194.8 200.8 204.6 209 213 216.7 221 225.4 228.4 230.6 232.1 234 236.4 241.1 242.7 240.4 237.4 236.4 239.1 242.3
143.1 145.8 147.3 145.8 146 144.1 143.6 143.8 144.8 143.8 148 149.4 150.4 151.4 155.3 158.1 159.3 161.6 162.5 163.2 162.8 163.9 165 167 170.1 173.1 174.7 176 177.1 177.8 177.4 177.1 174.4 174.2 177.8 180.4 183.3 189.2 196.8 203.8 204.8 202.6 203 202.5 195 190.8 189 179.7 181 190 197 202.5 202 195.3 185.9 184.9 191.1 184.1 187.8 194.8 199.4 200.9 203.4 205.9 210.6 215.5 220.6 225.7 228.2 230.6 231.9 233.3 235.5 239.9 244.4 245.8 241.9 239.6 239 241.8
142.8 145.3 145.8 145.1 144.2 143.5 144.2 144.7 145.3 146.4 148.2 150.1 150.9 151.6 156.4 159.2 160.4 161.9 164.1 165.6 165 164.7 165.7 168.7 172 175.3 175.9 176.6 177.5 178.6 178.4 178.8 175.7 173.9 179.2 181.3 182.9 189.2 196.9 204.3 207.8 207.2 205.5 204.4 193.9 191.5 190.1 178.9 180.3 191.7 201.6 208.4 210.7 207.2 200.2 198 197.5 190 194 197.8 201 202.8 203.7 206.6 210.9 215.5 221.2 226.1 229.2 229.7 231.1 232.5 234.9 238.1 242.5 246.2 244.9 243.2 241.4 242.5
143.3 141.4 142.5 144 141.9 143 144.4 144.9 145.4 145.2 147.7 150 151 153.3 158.3 160.6 162 163.7 165.1 166.8 166.4 167.1 167.7 169.4 172.9 175.5 176.9 177.7 178.2 179.2 179.6 181 179.9 176.6 180.7 181.2 183.4 188.4 196 203.7 210 210.2 208.1 204.4 194.5 193.4 190.2 179.1 183.6 193.5 203 210.1 215.6 215 209.5 204.2 203.3 203.3 202.2 201.9 203.1 205.8 206.1 206.8 211.1 215.2 222.1 227.9 231.1 230.7 230.9 232.8 235.1 237.5 240.8 247 250 246.1 245 244.1
144.6 143.1 142.3 142.6 142.4 142.1 143.3 144.7 145.7 145.8 149.3 151.2 153.5 153.9 158.7 158.8 163.3 165.9 166.4 167.6 168.5 168.8 168.8 169.3 172.4 175.5 177.4 178.9 179.4 179.8 180.6 180.9 181 178.9 179.5 181.3 184.3 187.7 196 204.9 211.8 213.4 210.4 203.4 197.1 195.6 187.7 180.9 189.7 196.9 203.8 211.2 218.5 218.6 214 208.5 203.3 203.3 203.3 203.8 206.1 204.1 203.3 203.3 205.8 209.9 218.8 224.3 228.3 230.1 230.1 231 232.3 235.1 238.8 243.9 250 249.9 247.9 246.5
143.5 141.9 141.4 141.4 141.8 143.4 145.7 147.3 146.5 147.6 150 153.1 155 157.1 159.7 161.9 162.9 165.5 167.1 166.8 168.6 168.7 169 169.1 171.6 175.2 177.5 179.4 180.8 181.7 182 181.6 180.4 179.4 180.8 182.7 185 188 195.9 205.4 213.2 216.2 211.1 202 198 195.4 184.2 189.1 196.2 199.5 205.3 212.4 219.2 222.4 217.8 212.5 205.9 203.3 203.3 203.3 203.3 203.3 203.3 203.3 203.5 203.4 210.9 223.9 223.9 224.2 225.4 224.2 226.8 231.7 235.7 240.7 246.4 250.7 249.9 249.5
142.8 141.7 140.9 141.7 141.7 143.3 145.8 147.4 146 148.5 151.3 154.2 156.1 158.1 160.1 164 167 167 166.5 166.8 168 168.4 168.7 169.1 171.6 174.3 177 179.5 181.2 182.9 183.9 182.7 182 180.8 182.1 183.9 185.5 188 195.8 204.7 211 215.1 210.9 201 197.5 192.9 183.9 195 199 202.5 207.5 214 222.5 227.2 223.8 217.9 211.3 203.8 203.3 203.3 203.3 203.3 204.3 207.8 210.2 211 223.9 223.9 223.9 223.9 223.9 223.9 223.9 227.2 232.9 237.1 242.4 247.5 250.5 250.6
139.7 140.4 142.2 143 143.1 143.5 144.3 144.8 146.1 149.4 153 155.3 157 158.6 161.4 165.2 168.6 170.2 170 167.5 167.4 168.9 168.9 170.4 172.6 174.5 177.5 180.5 182.9 184.6 184.7 185.7 185.2 183.5 183.3 184.7 186.5 188.8 194.8 202.9 208.7 211.1 210.1 199.7 196.3 187.7 188.1 197.3 202 204.4 210 218.2 225.8 230.7 227.3 223.7 216.1 208.4 203.3 203.9 203.3 209.8 210.3 211.5 213.3 220.1 223.9 223.9 223.9 223.9 223.9 223.9 223.9 223.9 227.4 234.5 240.1 245.3 248.1 250.3
139.1 141 142.4 143.1 143.4 143.5 143.8 145.3 145.3 149.7 152.2 154.6 156.3 159.1 162.7 166 170.8 173.5 172.9 172.2 170.4 170.7 170.7 173.4 175.6 177.9 179.8 181.5 183.1 186 186.6 186.6 185.5 184.5 184 185.7 187.7 190.5 195.8 201.6 207.2 209.7 210.3 199.5 191.7 188.3 195.6 201.2 203 206.8 214.1 221.4 228.5 232.2 231.1 227.4 221.2 211.3 203.3 211.1 210.9 212.5 215.5 215.1 216.4 219.6 223.9 223.9 223.9 223.9 223.9 224.2 223.9 223.9 223.9 228.8 237.1 242.9 246.8 249.4
138.8 139.2 140.5 142.2 143.4 144.3 144.8 146.4 145 149.1 151.9 154.2 158.6 160.6 164 167.9 173.1 176.3 176 174.4 172.9 172.4 173.6 175.7 179.5 180.9 182.6 183.9 185.5 187.2 187.9 188.4 186.9 183.9 185.3 186.7 189.3 192.9 198.1 204.3 207.7 211 209 199.8 189.1 193.2 200.8 203 205.8 210.4 217.9 225.3 233.1 236.4 235.1 230.6 224.4 214.5 203.3 215.8 216.6 216.5 219.7 220.4 221.8 225.4 226 226.6 223.9 224.8 228.1 230.1 230.3 229.8 225.5 223.9 232.8 240.7 246.1 249.5
139.3 140.2 139.1 141 143.3 144.5 144.5 146.7 145.3 151.1 153.6 157.1 159.6 162.8 165.9 169.2 174.2 179.1 180.2 177.3 175.2 174.2 175.2 177.7 180.9 182.6 185.4 186.8 188.8 190.6 191.2 190.2 188.7 184 185.8 188.6 190.8 195.3 201.5 207.5 209.9 211 208.5 200.1 189.1 194.2 201.2 205 207.8 214.2 221.4 231.8 238 240.9 237.9 233.9 226.9 218.7 208.3 216.4 221.4 221.9 223 225.4 227.3 229.3 231.1 231.5 226.4 229.4 232.9 237.9 239.8 236.7 233 230.2 229.8 236.8 242.5 248.6
140.5 139.8 139.7 140.1 142.1 143.9 144 146.5 146.5 153.2 157 158.9 161.3 164.6 167.9 171 174.4 181 184.8 182.9 177.5 173.9 175.1 177.4 179.2 182.8 184.7 189.4 192.4 194 195.2 193.7 191.4 185.9 188.5 190.4 192.6 198.8 205 210.6 211.7 210.9 207 202.6 191.7 196.4 202.3 206.6 211 217.7 225.5 235.5 241.5 245.3 242.1 236.9 230.1 222.3 214.1 218 223.9 226.3 228.5 229 230.8 232 234.1 234.7 232.9 235.5 234.8 241.2 246.1 243.1 239.1 238.7 233.6 235.4 240.4 244
141.4 141.8 141.7 142.3 142.5 143.7 146.7 147.7 147.9 154.9 158.2 160.3 162.8 165.6 169.1 172.6 176 181.9 187.4 187.4 179.5 173.9 176.9 179.8 179.9 183.3 184.4 189 193.6 196.2 196.8 196.6 195.1 189.1 190 192.6 195.5 203.1 209.6 211 211.9 211.4 207.6 202 193.7 198.8 204 208.4 214.1 221.2 230 238.9 246.1 251.4 246.4 239.4 233 225.4 218.1 222.3 227.4 230.8 232.6 233.5 234.3 235.4 237.2 237.8 238.7 241.7 241.5 242.6 248 250.9 245.8 243.3 242.2 235.2 243.3 246.5
142 142.6 143.8 144.6 144.3 146.3 146.3 147.4 149.9 155.7 158.8 161.8 164.1 166.8 169.7 173.4 176.9 181.5 188.5 189.8 181.1 174.8 178.6 180.8 182.8 186.8 190.7 194.2 197.8 199.1 200.3 200 197.8 192.5 194.3 195.2 198.1 206.8 211 210.3 211.1 210.5 207.5 203.7 194.1 202.6 205.9 210.8 217.1 223.4 233.7 241.7 250.7 254.9 251.1 242.5 236 228.6 221.2 228.5 232.6 234.7 235.1 237.7 239.8 240.5 241.5 242.5 243.6 245.6 246.4 245.2 248 252.8 251.8 245.8 245.2 238.7 247 249.8
142 143.9 145.3 145 145.1 146.1 147.6 146.9 151 155.1 159.3 162.1 165.4 168 170.9 173.9 177.5 182.8 188.8 194 183.3 177.6 178.6 180.6 185.1 189.7 193.8 198.4 202.7 203.9 203.6 201.9 199.7 196 196 198.4 202.2 204.6 208.9 209.4 210.5 211.4 209.2 203.9 198.8 205.8 208.8 212.8 219.2 226.5 237.5 246.7 254.9 258 256.1 245.6 238.6 230.4 230.1 234.5 236.5 238.6 239.2 240.8 243.4 246.5 246.7 246.7 247.8 249.1 249.4 251.2 251.8 255.8 255.4 250.2 246.8 241.2 245.1 251.5
142 144.8 145.3 145.7 146 146.3 148.1 146.4 152.6 155.8 158.6 161.7 165.3 168.4 171.1 174.8 177.8 183 188.2 189.4 182.9 178 179.1 181.1 186 190.8 195.1 200.6 205.1 206.5 206 204.7 200.8 199.6 198.9 203.2 208.7 212.1 214.5 216.8 216.9 214.9 210.7 204.6 199.3 205 210 214.9 221.7 230.9 240.6 249.2 257.9 261 256.4 247.5 240.4 232.3 235.3 239.5 241.7 243.6 243.9 244.1 248.1 251.8 251.5 250.8 251.9 252.6 252.1 254.2 255.7 257.2 256.8 253.4 249.3 245.9 244.3 250.4
143.4 145.9 145.8 146.3 148 148.9 149 146.5 153 155.7 159.3 162.6 166.1 168.3 171.1 174.7 178 183.3 186.8 185.9 181.4 178.2 178.3 182 186.9 191.3 195.2 201.3 205.7 207.2 206.8 204.9 204.1 205.8 203.2 206.5 211.3 216.2 221.2 224.2 223.8 217.1 211.3 207.7 203.3 206.9 213.8 218.4 225.8 234.8 243.9 252.8 260.5 261.3 255.8 249.9 241.1 234.7 239.7 243 246.2 248.1 248.7 248.4 252.4 256.8 258.8 256.8 256.6 257.4 256.1 257.4 260.1 260.1 257.5 253.4 250.1 248.1 244 250.5
145.1 146.9 147.4 147.2 148.5 149.4 149.3 147.2 153.7 156.7 159.9 163.2 166.4 169 171.4 174.4 177.4 181.1 183.4 182.5 179.5 174.8 177.2 181.8 186.5 191.8 197.3 202.2 206.2 208.6 207.7 206.1 205.4 206.5 207.5 210.6 213.9 221.4 227.6 229.6 226.9 218.9 211.5 210.3 208.5 208.8 216.5 221.1 229.1 237.7 245.8 255 260.8 260.1 255.5 250.2 240.7 240.4 244.7 247.3 250.5 253.4 253.2 253.2 255.8 261 264.6 263.7 262.8 262.1 261.2 261.6 264.5 264.6 260.9 255.9 253.7 251.7 248.8 251.4
146.4 147.5 148 146.5 148 148.5 149.5 148.6 154.3 157.4 160.8 163.2 166.2 169.5 171.6 173.6 176.4 179.1 180.2 179.3 175.6 173.8 176.8 181.4 186.5 194.7 200.5 202 205.3 208.4 209 208.3 207.6 208.4 210.5 215.1 218.9 226.9 232.7 232.2 231 220.3 211.4 210.2 205.5 212.9 217.5 224 230.8 239.7 248.3 256.7 259.2 258.8 254.8 249.1 240.8 246.4 249.2 252.6 255.8 258.8 259.4 259.8 263.4 267.1 269.4 269 268.8 268.7 267.3 266.4 268.4 269.1 266.4 260.8 257.8 256.1 249 253.5
147.3 148.6 148.6 147.5 146.7 148 148.9 150.1 154.5 157.6 160.5 163.5 166.8 169.1 171.6 173.4 175.9 178 177.9 176.2 172.6 173.9 177.3 181.5 186.1 194.6 198.8 200.2 205.5 209.2 210.7 209.8 208.9 210.7 213.9 217.9 222.7 231.8 236.3 235.8 231.6 223.9 213.1 210 204.5 213.8 219.7 226.4 233.6 243 251 257.9 258.2 257 254.2 245.1 245.4 250.4 254.9 257.4 261.8 265 265.7 269.7 269.8 270.6 272.1 273.4 274.6 275.3 274.5 272.8 272.6 274.5 272.6 266.7 262.2 259.1 248.8 254.9
148.6 150.4 150.3 149.3 148.2 148.5 147.5 150.9 154.4 157.2 159.9 162.7 165.7 168.7 170.9 172.9 176.1 176.7 175.6 173.6 168.6 172.4 177.9 182 186.4 195.2 195.9 198 201.6 206.1 208.4 208.6 210.6 213.3 216.5 219.9 225 234.7 238.2 237.4 234.1 225.9 216.8 212 208.9 214.6 221.3 227.5 236.7 246.3 253.7 258.6 259.8 257.4 252.2 247.5 249.9 252.1 256.6 261.4 265.5 267.5 268.9 270.9 271.1 273.6 275.2 276.9 279.5 281.2 283.1 281.2 279.6 280.3 278.4 273 265.8 261.3 250.6 255.3
149.9 152.1 152.4 151.5 150.3 149.2 146.8 150.9 153.6 155.7 158.3 161.7 164.8 168.2 170.2 172.5 173.3 174.3 173.5 169.4 164.7 172.3 177.4 181.8 185.3 189.3 194 197.1 200.6 202.2 205.3 208.8 212.3 216.2 218.8 221.2 228.6 238.4 239.9 238.8 237 227.8 219.1 212.3 208.6 216.3 223.1 230.6 240.3 249.3 255.2 260.7 259.9 255.8 252.3 253 256.1 258.2 260.4 264.7 266.9 267.4 268.7 269.5 272.8 277.3 281.2 283.9 283.5 287.1 289.8 289.8 285.8 286 284.8 279.5 273.8 265.1 254.5 262
