app/static/ascii/SK04.asc
ncols 200
nrows 200
xllcorner 400000
yllcorner 340000
cellsize 50
[rows 0 to 34 of 200, columns 78 to 155 of 200]
318 324.5 329.5 333.2 337.9 341.5 344 346.6 348.7 350.3 353.5 357.1 362.3 366.9 370 372.1 373.4 374.9 376.8 376.4 377.1 377.2 376.5 375.5 374.9 371.9 369.8 366.9 362.8 355.8 345.6 335.9 327.8 320.7 318.2 312.5 306.4 303.8 301.6 300.3 299.1 298.9 297.6 296.5 294.9 292.5 291.4 292.8 293.9 295.8 300.6 292.8 285.2 278.9 271 272.9 270.1 266.4 262.9 259.2 256.3 254.6 252.9 250.1 246.7 242.7 237.9 234.7 231.2 232.4 243.4 244.1 244.1 242 237.9 237.1 233.9 234.3
305.9 314.6 322.6 327.5 331 336.1 339.2 341 345.3 348 350.6 352.5 358.6 364.7 367.9 369.9 371.7 373.7 375.1 375.7 377.5 378.4 378.2 377.4 376.4 374.5 372.3 370.7 366.8 361.5 353.7 344.2 334.8 327 321.8 316.4 310.9 307.6 304.5 302.8 302.4 301.7 300.2 299.2 296.7 295.2 295.1 296 297.2 299.5 304.4 295.4 289 283 278.2 272.8 272.4 269.2 265 262.1 259.7 257 254 250.2 245.1 242.2 237.7 235 233.5 232.9 243.7 244.5 243 241.2 238.4 239 238.4 238.1
296.6 300.8 308.8 315.8 321.2 327.2 330.1 332.8 338.9 342.6 346.2 347.9 352.5 359.2 362.9 366.6 369.5 371.3 373.8 375 376.6 377.8 380.4 378.8 378 376.7 374.2 371.9 368.4 363.9 356.8 349.5 340.9 334 326.5 318.6 315.7 311.6 308 306 305.1 304.1 303 301.6 299.6 297.3 298.1 299 300.5 302.6 305.7 296.7 291.1 286.3 282.1 275.9 274.1 271.5 268.6 265.6 261.5 257.7 252.1 246.4 243.9 239.3 238.3 238.4 234.5 235.4 243.2 245.6 243.9 244.1 240 242.2 242 239.6
288.9 292.4 296.9 303.2 310.1 315.8 321.2 327.9 332.1 337.6 341 344.3 347.8 354.3 358.5 361.4 364.7 368.2 371.3 374 375.6 376.6 378.4 378.7 378.7 378.4 376.9 375.2 371.7 367.1 360.3 352.6 343.8 337.4 329.3 323.3 318.5 314 309.8 308 307.3 306 305.1 303.5 301.1 299.5 301.2 302.5 303.7 305.9 307.2 298.2 293.9 288.1 284 280.5 271.4 274.8 271.6 267.7 260.4 255 248.9 243.4 239.3 234.3 234.6 232.7 232.3 234.8 243.2 245.5 246 245.5 244.1 243.7 242.1 239.9
283.2 286.5 290.7 296.1 301.1 305.6 313.7 321.2 325.3 329.5 333.9 337.6 346 349.1 352.3 356.5 360.9 365.2 368.6 371.1 373 374.2 375.4 377.3 378.5 378.2 378 378.5 376.6 373 366.2 357.6 349 340.7 333.2 325.9 320.2 315.7 312.5 310.1 309.3 307.5 306.9 305.2 303.7 302.8 303.8 305.5 307.3 309.8 310.1 301.5 295.4 290.1 286.8 284.8 277.5 273 273.5 265.2 258.4 250.2 241.3 234.5 229.1 228.7 232.8 232.6 234 241.5 245 245.3 245.4 245.3 244.3 242.5 244.2 242.8
279 281.4 285.3 289.1 293 298 303.7 311.1 317.3 323.1 326.7 329 338.5 345.6 348.4 351 354.7 361.4 365.3 368.9 370 371.5 373.4 375.5 377.1 378 377.4 378.3 378.8 376.6 371.6 363.4 354.2 344.7 337.1 327.5 321.7 317.3 314 312.1 310.7 309.1 308.2 306.7 306.6 305.5 306.6 308.5 310.6 313.8 313.8 305.2 299.2 293 289.9 287.2 281.2 273 273.2 261.4 246.5 238.7 237.2 227 230 222.3 228.8 234.2 236.2 244 244.3 245.1 244.7 244.6 243.9 249.6 244.2 252.6
275 277.7 280.9 284.5 288.8 292.2 298.4 303.4 310 315.4 319.9 324 330.7 337 343.5 348.6 352.1 355.7 359.2 364.6 366.9 368.4 371.5 374.2 375.8 376.8 376.1 376.7 378.4 378.1 375.5 371.1 362.1 350.8 341 330.1 324.2 319.2 315.9 314 312.9 310.9 309.5 309.5 309 308.3 308.6 310.4 313 317.6 318 308.2 302.1 296.2 293.2 288.9 282.3 279 271.4 269.3 256.9 242.5 236.1 232.8 233.7 230.8 231.4 236.2 237.9 241.5 244.4 245.7 250.1 247.8 245.9 244.7 254.6 263.8
271.7 274.2 277.7 280.7 285.1 290.4 294.9 300.1 305.4 310.2 314.6 321.2 328.8 333.6 337.6 342.3 349.6 354 357.5 361.6 364 365.8 368 372 374.3 375.3 375.1 375.2 376.1 377.4 375.8 372.2 367.7 357.6 346.7 336 328.2 321.8 317.9 315.9 313.8 312.9 312.3 311.7 311.1 310.4 310 312.6 315 319.8 320.8 309.9 303.9 299.1 295.7 291.9 287.5 282.9 275.9 270.3 265.6 252.5 244.7 242.2 237 235.1 235.2 237.8 239.3 245.4 247 247.5 250.7 252 249.7 258 268.9 269.3
268.6 270.9 275.3 280 284.5 288.3 292.6 297.4 300.7 305.7 309.9 315.6 324.3 330.7 334.3 336.9 340 347.4 353.3 358.4 362.5 364 363.7 367.2 371.5 372.6 372.3 373.7 374.2 375.4 375.3 372.2 368.6 362 348.5 338.4 330.4 324 319.6 317.7 316.1 315 314.3 313.6 313 312.6 311.4 313.7 316.8 321.2 322.4 312.7 306.2 301.5 297.4 294.4 284.7 284.6 279.1 273 268.7 264.9 258.6 252.3 244.7 239.6 237.3 238.1 241.7 246.1 250.4 250.3 254 255.4 261 270 272 270.5
264.9 268.9 273.6 277.8 282.5 287.4 290.6 294.5 298.7 302.4 306.2 310.7 316.3 325.2 330.6 333.4 336.6 339.4 343.2 349.8 356.8 360.3 360.7 361.7 364.6 368.6 370 371.7 372.5 372.8 373.2 373 371.6 365.3 351 341.6 332.1 326.4 322 319.8 318.4 317.3 316.9 316.2 315.4 314.5 313.1 314.7 316.9 320.8 322.8 315.2 310 304.3 300.8 295.9 290.6 286.2 280.8 276.3 271.5 266.4 261.7 260.1 254.6 251.1 248 245.8 245.6 248.4 251.7 251.8 256.7 262.7 269.3 272.8 272.2 270.8
264.2 267.4 271.3 275.3 279.3 283.5 289.9 293.2 295.9 299.3 303.3 307.3 312.1 317.4 324.5 330.5 334.3 337 339 341.7 347.5 354.3 358.5 360.2 362.5 365.3 368 370.5 370.7 370.9 371.1 371.6 373.3 368 355.8 344.8 333.9 328.8 324.6 322.1 320.3 319.4 318.6 317.9 317.2 316.4 315.3 316.1 317.6 321.2 323.3 318.1 313.5 308 303.6 299.8 292.7 288.3 283.1 277.1 273 268.5 266.3 262.4 259.9 256.9 253 250.2 246.4 250.3 254.3 256.1 258.9 264.5 270.3 272.6 271.1 269.6
262.3 265.7 268.9 272.3 277.6 281.5 285.7 290.9 294.5 297.7 301.3 304.6 307.9 312.4 318.2 324.5 332.5 334.7 336.4 338.5 340.9 345.2 352.8 357.1 361 364.8 366.3 368.5 368.8 368.8 368.5 369.4 370.9 369.4 360.4 348.2 337.9 330.9 327 324 322.9 321.7 320.6 319.7 318.9 318.6 317.1 318 320 321.8 324.4 321.2 316.8 311 306.7 302.8 295.4 289.6 284 279.1 276.1 272.3 269.1 265.5 262.4 259.1 254.9 250.6 247.3 256.2 257.7 259.8 264.3 266.1 269.8 271.2 269.9 268.9
261.2 264.1 267.6 271.3 275.5 279.9 283.5 288.5 293.8 295.6 298.1 300.6 304 307.3 312 317 324.1 329.4 333.3 336 338.1 341.5 345 352.7 357.2 360.7 364 365.4 365.7 366.4 366 367.3 368 368.3 363.1 350.5 341.3 334 330.1 326.6 324.9 323.9 322.8 321.8 321.6 320.7 320 320.1 321.2 323 325.2 324.8 320 314.6 309.1 304.9 297.1 292.9 288.2 282.1 278.4 275.2 271.8 268.7 264.2 264.5 261.4 252.2 251.4 259.7 262.7 266.1 269.8 269.5 269.5 269.2 268 267.1
262.4 265.2 268.5 270.9 274.3 278.6 282.6 286.2 288.1 292.7 295.1 296.9 299.2 303.3 306.3 310.5 315 320.6 328 331.7 336 338.5 339.6 341.5 347.2 353.9 357.4 361.4 361.6 362.1 363.1 365.2 366.2 365.5 363.3 352.9 344.6 336.6 332.7 329.6 327.6 326.2 325.1 324.4 324 322.4 321.2 322 323 324.2 326.5 327.6 322.9 317.7 310.8 307.1 301.3 295.9 291.8 286.1 282.5 278.4 275.2 271.8 267.5 273.2 269.7 263.7 260.3 265.4 268.1 271.5 273.3 272.2 269 266.7 265 262.4
262.8 266.2 269.8 272.1 274.7 277.5 281 282.6 286.5 288.4 291.5 292.6 296.9 297.5 300.6 305 308.2 311.7 317.1 324.7 330.2 334.4 335.5 337.4 340.2 342.7 345.8 353.3 356.3 357.3 359.3 362.1 364.4 364.2 363.1 355.7 347.7 339.6 334.8 332.3 330.1 329.1 327.6 327.1 326.3 323.1 323.6 324.2 324.7 325.7 327.9 329.2 324.8 319.4 313.5 309.3 304.1 298.7 294.7 289.5 285.9 281.6 278 270.2 267.2 273.9 275.4 273.5 266.4 270.5 273.3 274.8 274.4 271.8 267.1 264.5 263.8 263.2
264.8 269 272.3 272.7 274.4 276.5 279 281.4 283.3 284.5 287.5 287.3 290.1 293.4 295.4 298.7 303 305.8 310 314 322.8 327.7 331.2 335.9 338.9 340.8 342.6 345.7 350.2 353.5 355.9 358.6 362.4 362.9 360.5 356.2 349.8 342.4 337.5 334.8 332.9 332.2 330.6 329.9 328.7 325.3 326.5 326.9 326.5 327.5 328.8 330.7 327.2 321.3 315.6 311.7 307.8 301.9 296.8 292.7 285.1 280.5 274.2 272.5 266.2 268.4 275.4 277 275.5 276.3 278.5 276.9 274.1 269.8 271.5 274.2 274.9 275.7
268.2 272.7 275.6 275.4 276.1 277.7 277.9 280.1 280.4 281.4 282.4 280.7 286.9 289.9 292.5 294.8 298 301.4 304.2 308.4 313.3 318.9 326.2 333.5 336.9 338.8 340.8 343.1 346.2 349.6 352.6 355.8 358.7 360.3 358.1 355.6 351.5 345.5 340.5 337.5 336.4 335.8 334 332.8 331 328.5 328.8 329.7 329.1 329.6 330.1 331.8 329.1 322.8 316.9 313.2 308.8 303 294.5 287.1 285 283.4 279.2 272.6 271.2 277.4 278.8 280 278.7 278.2 278.5 275.4 272.4 276.2 279.3 281 282.8 286.6
273.1 276.6 279.2 279 279.9 280 278.7 277.3 277.5 278.2 276.3 282.6 283.7 285 288 291.6 294.5 296.2 299.2 301.4 306.1 312.1 318.6 327.5 332.5 333.4 337.4 341.2 344.7 347.1 349 352 354.2 357.2 357.2 356.1 355.5 350 344.5 341.1 339.5 338.1 336.6 334.9 332 330 331 332 331.4 331.5 331.8 331.8 330.5 324.5 318.4 313.9 308.7 302.6 297.4 291.5 289.4 285.3 279.1 278.8 285.9 287.7 286.7 284.9 281.8 280.3 278.5 276.5 280.4 281.5 283.6 286.5 288 288.6
274.8 278.5 280.3 281.4 281 278.7 276 272.6 273.5 274 276.5 279.4 279.5 280.6 282.4 287.5 291.4 292.3 294 296.8 300.4 304.1 309.3 315.1 321.8 326.7 331.5 337.9 341.9 344.8 346.2 346.3 348.6 352.7 355.3 355.4 356 354.4 350 344.8 342.7 341 338.4 335.9 333.6 332.3 334.1 334.4 333.7 332.7 333 332.3 330.9 325.1 319.6 314.7 310.5 305.5 300 296.3 293 286.8 281.2 286.6 292.9 292.7 290.4 286.5 283 281.1 281.4 282.6 290.4 296.2 296 289.5 286.8 289.4
274.1 277.6 279.2 279.6 278.7 275.7 270.6 267.9 269.8 269.8 271.5 274 275.4 275.6 278 282.6 286.9 288.3 290 292.1 294.8 296.4 302.5 310.3 315.3 320.5 324.8 332.6 336.9 340.1 342.4 342.5 345.8 350.2 352.4 353.6 355.6 357 353.6 349.3 346.1 343.6 341 338.3 336.3 334 335.7 336.2 335.6 334.7 333.4 331.9 330.9 327 321.1 315.6 311.3 306 304 300.5 296.6 286.4 290.9 294.6 295.5 294.9 291.3 286.5 283.7 282.6 294.7 295.6 298.2 299.3 299.4 282.2 282.4 282.4
273.4 276.3 277.4 276.9 275.4 273.2 269.6 263.6 265.2 267.2 270.1 270.6 272.1 271.4 275 278.6 281.7 284.8 286.6 288.3 290.7 293.1 298.5 303.7 308.5 315.5 320.2 323.9 332.7 335.4 338 338.9 340.5 347 349.6 352.1 353.8 356.3 357.4 354.4 350.3 347.3 345.2 342.6 340.3 338.8 338.1 337.7 336.6 335.3 333.2 331.5 329.5 327 321.3 316.8 312.6 310.3 307.9 305.6 301 295 299.9 299 297.6 294.9 291.5 286.6 284.3 296.2 299.5 306 301.6 300.5 300.4 284 281.2 281.8
272.6 275.4 275.2 273.5 272 270.7 266.1 260.1 261.1 264.8 267.5 266.5 268.2 268.4 270.8 273.9 277.5 280.4 283 285.1 288.1 291.2 294.8 300.3 304.5 308.1 314 320.8 324.8 331.4 332.7 335.6 338 340.7 347 350.1 352.3 354.4 358.4 360.5 356.4 353.3 349.9 346.2 343.5 342.4 341.2 338.9 337.6 335.6 333 331.1 328.6 325.4 320.6 319 316.4 313.9 313 310.9 306.4 302.8 302.7 300.4 297.3 294.5 291 286.9 287.3 298.6 306.6 310.1 310.2 306.8 300.9 283.8 281.9 282.6
272 274.4 272.9 270.5 268.3 267.3 261.4 257.2 259.2 260.5 261.1 260.4 263.9 263.1 267.1 271.1 274.1 276.6 279.8 283.2 286.4 288.8 291.5 295 300.2 304.1 308.2 314.9 321.4 324 328.6 333.2 336 339 342.3 348.5 350.5 352.2 354 358.8 362.9 360.3 356.3 352.6 348.8 345.8 343.1 340.7 337.8 335.3 332.8 330.8 328.3 325.5 324.4 321.2 319.1 317.1 314.9 312 309.2 307.5 304.6 300.8 297.4 293.7 290.6 285 291.3 302.3 311.7 316.6 316 309.7 302.5 282.6 283 282.9
270.5 272.7 271.8 268.5 263.9 261.6 257.6 255.7 257.1 256.4 256.5 258.1 258.9 261.5 266.4 269.5 271.8 274.7 278 280.8 284.1 286.8 288.7 291.8 294.6 300.1 304.6 309.1 318 319.6 325.4 330.2 333.9 336.8 340 346.4 348.3 349.9 352.1 353.9 356.9 360.6 361.4 358.3 353.3 349.3 346 342.3 338.7 336 333.3 331.1 328.5 327.9 326.4 323.2 321.1 317.8 315.4 313.4 311.7 309 305.9 301.2 297 293.6 291.5 286.5 290.4 304.5 316.2 321.6 320.5 312.2 301.8 282.8 283.6 283.7
268.5 269.9 269 266.4 262.4 256.4 254.9 252.2 251.8 247 252.2 250.8 252.7 256.1 261.6 264.9 269.9 273.8 276.3 278.1 280.6 283.9 286.1 291.4 294.2 298 302.3 308.3 313.1 317.2 323 327.4 331.8 336 337.4 340.1 345.4 347.8 349.8 351.5 353 354.4 356.9 359 357.6 353.9 349.2 344.1 339.9 337.3 334.6 332.1 330.9 329.6 327.5 324.2 321.6 318.2 316.3 315.5 313.3 310.1 306.6 302.2 297.8 295.7 293.6 291.2 293.8 307.4 318.6 323.8 322.5 314 300.2 283.7 283.9 284.3
265.1 265.2 264.3 264.2 261.3 254 250.4 247.6 245.6 253 255.7 256.2 258.5 259.9 262.3 265.1 266.3 267.4 272.5 275 278.1 280.3 284 289.8 292.3 295.5 299.7 303 309.3 314.2 319.5 325.5 329.3 334.1 335.2 337.5 341 346.1 347.6 349.1 350.5 352.1 353.1 354.1 355.2 354.3 350.5 345.4 341 337.6 334.9 332.5 331.6 330.3 328.6 325 320.6 318.5 318.2 316.8 314 310.7 307.3 303.5 299.4 296.9 295.4 288.4 297 310.1 318.5 322.8 323.2 315.6 302.7 287 283.7 283.7
259.9 260.2 260.3 260.8 257.3 250.4 248.2 242.8 250.4 257 259.2 259.8 261.2 264.2 265.9 267.6 270.1 272 273.2 275.8 277.9 279.7 283.2 286.6 290.7 294.6 297.6 301.8 305.7 310.2 315.7 322.1 326.5 329.2 332 335.7 338.3 342 345.4 346.9 348 349.1 350.7 351.5 352.2 352.2 350.5 346.7 342.1 338.5 335.9 333.7 332.2 330.7 328.9 325.5 321.9 320.3 318.6 316.4 313.7 311.1 307.8 304.3 301.9 299.1 296.3 294 302.7 313.3 316.8 320.7 324.7 316.5 301.2 285.7 283.8 283.1
255.6 256.2 256.3 256.6 252.4 247 246 243.1 253.2 258 262.3 264.2 266.3 267.7 269.8 270 272.2 274.5 276.2 277.6 280.2 282.1 284.8 287.2 289.7 293.4 296.7 299.9 303.1 307.4 311.8 316.9 321 325.1 328.8 335.3 337.7 339.4 343.1 345.5 346.5 347.5 348.3 349.9 351.2 351.2 350.1 347.9 343.9 339.9 336.8 334.6 332.5 330.5 328.5 325.8 323 320.8 317.9 316.4 314.1 311.8 309 306 304.1 301.6 299.8 302.1 304.9 318.4 326 326.1 337.9 315.1 296.1 275.9 270.7 270.9
251.3 251.3 249.5 250.2 245.6 242.7 242.9 244.2 251.9 256.9 261.9 266.7 268.8 271.2 273 273.1 275.2 278 279.3 280.7 282.4 284.6 286.4 288.7 290.8 294.2 297.5 299.5 302.5 305.7 310 314 317.1 321.2 323.9 329.5 335.2 337.5 339.3 343.3 344.4 345.7 347.5 349.4 350.9 351.7 350.7 349.7 346 341.7 338.4 334.8 332.5 330.2 327.3 325.8 323.5 321.8 319.8 317.7 315.5 314 311.5 308.1 305.2 302.3 300.2 301.3 303 317.4 332.7 329.8 335.9 307 291.5 276.6 271.7 275.8
246.6 245.1 240.5 241.1 237.7 238 239.8 242.4 250.5 255.4 260.1 265 270.8 272.8 275.6 276 277.2 280 282 283.5 285 287.6 289.7 292 294 297.6 301.1 302 303.1 305.5 308.3 311.9 315 318.4 322.1 325.5 329.3 334.9 337.3 339 343.2 345.5 347.7 349.7 351.6 352.8 351.5 349.7 347.5 343.4 338.5 335.4 332.9 330.8 329.1 327.7 325.6 323.2 321.1 319.3 318.5 316.1 312.6 309 306.1 303.3 301.4 299.7 301.6 317.1 334.4 335.1 336.6 308.8 291.3 280.4 277 283.1
241.8 234.1 232.7 232.3 231.5 230.4 236.4 242.6 248.8 253.7 258.3 262.9 269 273.8 276.6 279.3 280.2 282.2 284.3 284.9 285.9 289.1 292 295.1 297.9 300.2 303.4 304.6 305.5 306.3 308.3 310.7 313.3 317.2 319.8 323 326.5 330.8 335.1 336.8 338.6 345.3 347.3 350.1 352.8 349.7 352.1 349.7 347.6 344.6 339.9 336.4 333.8 332.8 331.4 329.4 326.9 324.5 321.4 322 320 317.2 313.7 310.3 307.3 305.1 303.7 301.6 302.1 315.3 334.2 334.5 330.7 318 299 283 281.2 281.2
229.9 225.7 226.3 226.6 225.8 225 234.7 240.8 246.3 251.4 256.4 261.1 266.4 273 276.9 280.1 282.5 284.8 286.1 286 287.5 290 292.5 295.4 298.1 300.1 302.6 305.3 306.2 307.5 309.1 311 313.5 316 318.3 319.9 322.9 325.2 330.6 334 335.6 337.9 343.7 350.1 352.7 350.9 348.9 349.3 347.6 346.1 341.4 337.5 335.4 335 333.4 331.7 329 326.6 326.1 324.4 321.4 318.1 315 312.2 309.6 307.3 305.2 299.7 301.7 314.5 324 333 335.8 327.7 305.5 295.4 289.7 291.8
220.2 218.5 217.4 218.4 224 229.4 234.6 238.4 243.4 248.5 253.2 259 263.7 270.6 276.2 280.3 284.1 286.9 287.3 288.2 289.2 290.8 292.1 294.5 296.6 298.6 301.3 304.5 306.5 308.2 309.9 312.3 314 315.1 316.5 316.9 318.2 320.9 324.1 329.1 332.6 335.4 338 341 342.9 345.6 346.4 346.6 346.5 345 343.4 339.3 337.5 336.6 335.3 333.1 332.2 330.5 328.9 326 323.3 319.8 316.9 314.3 311.3 309.7 305.8 305.3 303.9 315.9 323.5 328.9 340.2 338.6 325.3 315.9 311.9 314.3
211.8 207.2 212 218.2 225.1 228.6 233.1 237.6 242.4 246.3 249.9 254.6 259.1 266 273 279.4 282.6 285.1 285.3 286.7 288.9 289.9 291.7 293 295.1 297.6 300 303.3 305.8 307.8 309.8 311.6 313 313.9 314.6 314.6 315 317.2 318.8 322.6 327.2 332.5 336.6 338.7 340.1 341.4 342.4 343.2 344.5 344.4 343.9 341.3 338.8 337.5 336.3 335 334.3 332.9 331 327.5 325 321.4 318.1 316 313.1 310.6 308.4 306.9 306.4 315 318.1 327.4 331.5 337 338.2 333.3 334.9 340.2
205.3 209.7 217.5 221.9 225.1 228.1 231.9 235.7 240.2 244 247.6 251.3 254.9 261.1 268.8 275.7 280.6 282.1 282.4 283.2 285.3 287.7 289.7 290.7 293 296.5 299.2 301.9 304.3 306.5 308.5 309.7 310.6 311 311.7 312.6 312.5 313.7 315.1 317.2 319.8 327.4 331.4 334.5 336.5 338 338.3 340.3 341.4 341.7 344.3 342.7 339.5 338.3 337 336.3 335.7 334.1 332.1 329.5 326.4 323.4 320.1 317.3 315.2 312 310 308.5 309.8 317.2 324.6 331.1 331 332.6 344.5 350.1 353 353.7
