app/static/ascii/SK06.asc
ncols 200
nrows 200
xllcorner 400000
yllcorner 360000
cellsize 50
[rows 105 to 139 of 200, columns 78 to 155 of 200]
398.5 393.1 388 382.5 378.5 375.1 371.1 365.6 363.3 364.5 362.7 360.5 354.1 348.8 356.2 353.6 358.4 360.6 362.9 365.8 369.7 375.5 385.6 380.4 371.6 360.7 351.6 343.1 339.1 352.5 367.1 375.2 377.7 375 370.2 365.3 362.3 361 358.4 355.1 351.7 348.8 345.2 343.5 341.3 339.3 337 334.2 330.4 325 319.9 310.7 294.3 285.8 284.2 289.1 299.8 303.7 306.2 303.8 297.5 291.7 285.8 281.4 278.8 277.9 277 275.8 274.8 273.9 273 271.8 270.3 269.9 269.5 268.8 268.2 268.6
413 405.9 400 391.2 386.8 382.4 376.8 371 366.1 361.5 361 362 363.6 363.2 362.3 360.2 360.6 363.2 365.8 369.5 371.8 382.9 390.5 385.4 376 365.1 354.3 345.7 343.6 364.8 376.7 385 382.6 378.7 373.9 368.4 363.4 361.1 358.8 355.8 352.9 349.2 345.6 343.2 342 339.6 337.2 335.3 332 327.5 323.4 319 310 298.6 287.2 284.6 283.6 284.9 296.8 297.2 293.2 285.8 284.2 279.8 278.3 277.3 276.3 275.2 274.1 273.2 272.3 270.6 269.9 269.9 269.8 269.3 268.8 269.5
423 419.8 412 407 401.3 397.9 388.5 377.1 373.9 375.8 378.1 377.8 375.8 369.7 368.5 365.2 364.7 366.7 369.5 373 379.2 387.5 394 389.8 379.6 368.4 358.6 351.4 348.8 367.8 383.5 389.9 386.5 382 376.6 371.6 366.9 362.6 358.8 356 353.2 349.9 345.8 342.5 341.1 338.8 336.4 334.3 331.7 328.8 325.1 320.6 316 310 303.9 292.4 285.9 282.6 282.1 281.5 279.7 278.7 278.3 278.3 276.9 275.9 274.7 274.5 273.3 272.3 272.6 273.6 269.9 271.2 270.1 271.6 273.5 281.2
434.4 431.1 425.6 420 415.5 410.4 400.5 387.3 387 387.2 388.3 388 385 377.8 374.8 371.1 370.5 369.7 372.6 377.6 384.3 392.2 397.9 392 383.2 371.8 362.9 356.3 356 374.2 386.7 392.7 388.2 383.4 378.3 373.6 368.8 364.6 360.6 356.5 353.4 349.8 347.2 343.9 340.3 337.3 334.7 332.5 329.6 327.7 324.7 321.8 318.1 313.8 309 302.7 293.7 285.4 283.5 281.9 280.6 278.9 278.2 277.2 275.2 275.4 275.1 273.8 274.2 273.5 273.2 275 277.4 277.5 282.3 284.8 288.1 294.1
443.5 440 435.5 431.3 425.6 419.1 405.2 398.1 397.3 397.9 397.3 395.7 392.8 384.7 380.7 376.8 375.2 374.9 374.7 380.8 386.9 395 399.7 394.3 386.2 374.7 367.8 360.1 372.4 377.7 388.1 392.6 389.4 385.3 379.8 374.8 369.8 366 362 358.7 355.1 351.9 348.3 344.6 340.8 336.9 334.2 331 327.3 326.1 323.8 320.8 317.8 314.5 311.1 306.7 299.7 291.8 285 282.3 281.7 280 278.3 277.2 276.5 277.2 275.6 274.2 276.3 279.2 278.5 283.5 288.3 292.2 295.8 298.9 301.2 302.4
448.1 445.5 440.7 436.9 431.6 425.5 414.1 410.6 406.9 407.5 406.6 404.3 400.1 392 386.1 381.8 379.8 378.5 377.3 382.3 387.5 395.5 400.5 397.5 389.7 378.1 371.5 365.4 375.9 378.9 385.9 392.3 389.6 385.7 381.4 376.9 371.8 367.3 364.2 360.8 357.1 352.9 348.9 345.1 340.8 336.7 333.8 330.8 326.9 323.4 320.3 317.4 315.7 313.4 311.4 308 302 295 285.8 283.7 281.2 280.3 278.4 279.1 278.8 279.6 277 275.8 285 286.9 290.2 296.7 299.2 303.3 303.6 303.5 302.2 301.8
445.3 443.7 440.8 436 432.2 428.3 423 417.8 417.2 416.2 416.2 412.6 407.3 398.3 392.1 387.3 383.9 383.3 382.4 383.5 388.4 394.5 398.8 398.8 392 383.9 376.8 374.7 373.8 374.9 380 389.6 389.5 386.4 382.6 377.9 373.2 368.2 365.1 361.9 358.4 353.7 349.1 344.5 339.9 335.7 333.3 329.7 325.8 322.4 318.8 315.3 311.7 309.9 308.7 306 301.5 293.7 283.3 283.2 283.5 282.5 280.4 281.5 285 286.7 289.5 291.4 291.8 297.3 302.2 308.6 311.5 309.3 306.9 302.4 300.6 299
439.2 435.2 435.3 432.1 430 428.1 424 421.3 422.4 421.4 420.2 417.9 411.5 402.7 396.7 392.5 389.4 387.9 385.1 384.4 385.6 390.9 394.5 396.9 393.7 386.3 379.2 374.5 372.1 371.7 375.7 383.6 388 386.1 382.7 378.7 373.7 369.4 365.5 362.6 357.9 353.3 347.9 342.6 338.5 334.9 332 328.3 324.4 321.7 319 314.9 310.9 307.1 303 303.1 298.7 289.6 283.4 284.3 284.1 283.1 283.3 287.8 288.5 289.8 295.3 297.9 302.9 307.2 314.1 316.6 315.1 311 306.9 302.4 298.1 294.9
430.7 427.6 426.7 423.3 422 422.8 420.8 420 422.6 420.6 419.4 417.4 412.1 404.9 397.1 393.1 389.5 388.6 385.8 382.1 382 384.7 388.9 393.2 393 385.9 379.4 373.6 370.7 367.6 370.1 378.4 386.2 385.2 381.6 377.8 373.5 369.4 365.1 361.6 357 351.8 345.9 339.5 335.6 332.7 329.7 326.6 323.6 321 318.2 315 310.9 306.9 302.5 295.5 294.4 284.8 284.3 285.9 286.1 289.3 292.4 296.3 299 302.1 306.2 310.1 315.2 316.9 319.2 321.2 318.4 314.7 310 306 303.1 299.8
422.2 414.1 415.1 410.7 410.6 414.2 409 412.5 415.4 412.8 413 411 408.9 402.5 395.6 391.1 385.6 385.5 383.8 379.9 379.4 380 383.8 387.9 389.6 386 378.7 372 367.9 365.3 365.9 372.1 382.5 383.5 380.9 377.6 373.6 368.5 364.4 360.2 355.2 349.8 342.5 336 332 329.4 326.8 323.8 321.7 319.2 316 312.7 309.3 306 301.9 296.2 288.1 284.2 292.7 299.7 305 308.4 309.5 312.7 315.1 319.1 319.9 321.8 323.6 325.8 326.3 326.2 323.6 319.6 318.4 314.5 310.4 306.8
414.5 410.8 404.3 398 392.8 394.4 395.6 398.2 401.1 404.9 401.5 401 401.7 399.4 393.6 386.6 381.5 380.2 379.6 377.5 375.2 375.9 379.5 382.7 385.7 383.4 378.3 370.3 366.4 363.1 360.2 365.8 378.1 380.9 379.3 376 371.8 366.8 362.3 357.7 353.1 347.5 340.1 332.6 328.5 326 323.5 321.3 319.1 316 313.5 310.2 306.6 303.5 298.1 289.1 286.7 293.7 304.1 310.9 315.7 319.3 322.3 326.2 328 329.2 331 330.4 331.4 333.1 333.9 332 330.2 326.3 324 320.8 315.2 308.8
416.6 412.4 407.5 401.1 396.1 392.1 387 382.8 379 382.2 385.8 384 386.1 389.4 387.1 382.4 378.4 373.8 375.4 373.9 372.2 372.7 375.2 376.8 380.1 381.1 377.1 369.2 364.7 361.2 357.4 361.2 371.4 376.4 377.3 374.3 370.1 365.7 360.5 355.5 351.1 345.6 339.4 330.9 324.9 321.7 318.4 317.2 315.5 312.4 309.9 307.6 303.9 299.1 290.9 288 292.9 304.1 311.8 317.8 323.1 326.8 331.5 333.8 337 338.8 341.6 341 340.7 341.3 340.1 339.8 337.2 334.3 329.1 326.2 319.4 308.6
419.6 414.3 408.7 403.4 398.4 393.3 388.7 385 381.5 377.6 372.2 372.5 372.7 373.4 377.4 373.2 374.5 367.4 368.4 370.2 368.8 368.4 370.6 374.5 374.8 378.1 375.6 368.7 363.5 359 353.8 355.9 364.7 372.9 375 372.8 368.8 364.5 360.5 355.4 349.9 345.1 342 335.5 326.4 321.4 316.5 313.1 311.1 308.9 306.1 303.7 300.9 291.1 289.4 291.2 306.2 314.4 320.3 326 330.8 334.2 338.6 342.5 345.5 348.4 351.3 351.6 351.3 349.7 346.9 346.3 342.8 339.2 333.1 329.5 319.6 317
420.7 415.6 410.5 404.8 399.7 394.7 389.6 385.6 381.6 377.7 374.9 371.7 367.7 366.5 363.3 360.8 367.3 366.6 363 365.2 364.5 364.3 366 368.3 369.2 373.5 373.6 367.9 361.6 356.7 350.7 351 358.4 369.6 372.3 371 367.8 363.6 359.7 355.8 350.7 346.2 342.7 337.5 330.1 324.4 318.7 314.8 310.1 307.1 303 297.7 295 289.5 295.6 305.9 315 322.5 327.7 332.9 336.9 341.2 346 351.2 354.3 357.2 358.6 358.9 355.5 352.1 350.3 348.6 345.1 341.5 337 327.9 318.4 325.5
421 416.4 411.2 405.8 400.8 395.9 390.7 386.1 382.3 378.4 374.8 372.2 368.9 366.4 364.1 361 358 356.1 359.2 361.2 363.2 360.6 361.1 363.7 365.1 366.2 368.2 366 359.7 353.5 348.8 344.1 351.1 362.8 369 370.4 367 362.5 358 354.1 349.8 345.8 342.1 338.4 332.3 327 321.8 319 316.7 313.2 307.8 300.5 291.3 292.2 308.1 314.1 319.9 326.5 331.8 336 341.8 346.5 350.9 354.4 357.8 358.9 359.1 359.4 357.2 354.3 350.7 348.6 345.3 340.9 334.5 324.4 331.3 332.9
420.9 416 411.5 406.6 401.2 396.4 391.6 386.5 383 379.1 375.1 372.5 370 366.2 363 361.2 357.8 354.8 349.9 356.1 360.1 358.4 357.7 359.1 360 360.4 362.1 362.2 358.6 352.2 346.4 341.4 345.1 357.5 365.1 367.7 365.3 360.6 355.4 351.7 348.2 344.8 341 338 334.1 327.9 324.2 320.8 317 313.9 308.4 300.5 291.8 304.9 314.3 318.6 323 327.7 332.5 337.8 341.9 347 352.6 356.5 359 359.4 359.7 359.4 357.4 354.7 351 348.4 346 341.7 333.2 336.7 338.2 337.6
420.8 415.7 411.1 406.7 402.2 397.4 392.6 387.3 382.4 379.6 375.7 372.5 370.1 367 362.8 360.7 358.1 352.7 351.4 346.3 353.6 355.5 354.3 354.9 355.3 355 356.6 357.2 355.8 350.7 344.3 340.2 338.7 350.8 360.7 363.8 362.5 357.9 353.5 349.3 345.7 342 339.5 336.5 333 327.3 322.8 319.9 317.2 314.1 307.7 296.1 294 308.9 314.7 317.5 322.1 326.6 332.2 337.7 342.9 347.1 353.6 356.9 359.6 359.9 360.2 359.3 357.3 354.9 351.3 348.2 345.9 342.4 341.8 342.7 342.7 340.9
421.6 415.9 411.1 406.9 402.5 398.1 393.5 388.3 383.8 379.9 376.1 372.1 369.4 366.5 363.5 360.5 357.3 354.2 351.1 348.5 347 350.7 350.9 350.9 351.2 350.6 350.3 350.9 351.2 347.7 343 338.8 331.9 340.4 354.1 358.3 358.3 356.2 351.2 347.6 343.3 339.6 336 333.5 328.1 323.6 320.1 318.1 315.4 311.6 305.6 295.7 294.8 308.3 312.7 316 321 326.3 332 337.6 342.8 348.1 353.4 356.8 359.3 360.4 360.3 358.7 357.1 355 352.2 349.9 347.8 345.4 345.7 344.4 342.9 341.7
419.8 415.6 410.3 406.3 402.3 397.9 393 386.5 384.4 380.6 376.8 373.3 369.7 366 362.4 359.2 356.1 353 350.2 347.8 342.4 346.1 346.8 347.5 345.5 345.8 345.3 344.5 346.4 346.3 341.9 337.6 331.3 331.6 343.4 348.4 351 350 348.6 345 341.4 337.1 333.1 329.9 325.5 320.1 316.4 313.7 311 306.8 298.1 295.7 296.2 307.7 312.1 315.2 317.9 323 329.3 335.3 340.3 346.2 350.6 354.7 358.1 359.1 359.3 358.1 356.7 354.2 353.2 350.8 348.4 347.2 344.3 343.1 341.5 340.2
411.6 407.9 407.4 404 400.8 397.6 390 388.6 384.9 381.7 378.2 374.8 370.2 366.4 361.9 358.7 355.5 353.1 349.4 346.4 343.9 338.1 343.4 342.9 340.9 340.6 339.5 339.9 340.2 341.1 338.7 334.8 328.6 324.8 328.5 331.7 339.3 343.7 344.2 341.8 338.3 334 329.1 325.3 322.5 317.2 312.1 308.3 300.1 299 297.6 297.3 299.9 306.7 309.9 313.2 316.9 321 326.6 332.3 338.2 343.2 349.5 353.2 355.9 356.8 357 356.2 353.8 351.8 350.9 349.5 348.7 347 343.5 340 336.6 336.1
414 409.9 405 399 396 393.1 391.2 387.3 384.4 381.1 378 374.2 369.8 366 362.3 359.1 355.6 352.4 349.6 346.3 341.3 335.7 337.7 339.9 338.3 336.1 335.5 334.6 334.3 334.8 332.9 325.5 320.8 318.3 316.9 320 320.9 332.1 337.4 337 334.6 330.7 326.6 322.7 317.7 312.3 306.5 301.8 300.2 301.6 305.3 303.7 300.1 304.4 308 312 316 320.4 324.9 329.5 334.6 339.2 345 349.4 353.5 353.7 354.5 353.4 350.9 348.8 347.6 348 347.3 346.2 342.7 338.8 334.5 329.7
412.3 408.5 403.7 399.8 394.8 390.1 387.1 384.3 381.2 378.7 375.3 372.6 368.2 362.7 358.6 355.8 354.1 350.6 348.4 345.9 342.7 340.3 335.5 330.9 333.4 331 328.9 325.6 325.5 324.2 321.3 322.3 318.2 316.8 319.4 314.4 314.3 313.7 321 326.8 326.8 326.4 322.3 317.2 309.9 305.3 302.7 301.5 303.7 309.5 310.3 308.9 306.1 303.9 306.5 310.9 316.2 320.2 323.5 327.5 331.2 335.5 340.8 346.6 350.1 351.4 351.6 350.1 347.4 342.9 340.6 342.7 344.3 344.4 342.6 340.8 337.7 334.5
421.4 417.7 412.9 409.4 407 405.8 399.4 398.1 393.6 389.2 383.1 383.1 380.9 385.5 376.7 370.9 362.1 356.1 346.6 343.8 339.9 337.6 336 333.5 328.5 327.1 326.1 325.2 331 329.9 329.4 329.3 328.5 327.7 325.8 324.2 320.9 313.4 312.5 311.7 316.7 314.1 311.6 309.1 305.5 304.6 304 306 306.5 309.5 312 313 313.6 309.6 307.9 309.4 313.5 318.5 322.3 326 329 332.7 338.4 343.4 346.5 347.3 348.3 346.4 343.6 339.3 332.3 336.5 340.4 342.2 341.6 341.1 338.4 336.8
427.8 424 420 419.1 416.3 413.5 412 410.7 410.4 409.6 406.1 400.1 394.6 386.3 378.5 371.9 366.7 359.1 353.3 348.9 345.3 340.5 336.1 333.8 329.6 333.1 334.7 334.9 335.4 334.4 333.3 332.8 332.6 332 329.9 327.2 324.4 321.6 317.8 310.1 309.6 309.1 307.5 306.4 314.7 318.5 314.5 311 309.4 309.8 311.9 314.4 318.4 320 319.5 313.9 313 315.7 320.9 323.9 326.4 330.2 334.1 338.4 342.6 344.1 343.8 342.1 338.6 334.5 325.1 330.2 335.4 339.1 338.2 338.3 338.1 335.2
425.9 422.8 420.1 418.4 416.3 414 412.4 411.4 412 410.6 406.6 400.7 394 387.8 380 375.6 369.4 362.3 354.6 350.5 343.3 337.4 334.8 331.4 332.8 338.4 337.7 339.2 339.6 338.9 337.8 336.9 335.7 334.9 332.8 329.9 326.9 324 320.6 320.1 318.7 315.7 315.5 320.4 330.4 331.5 327.1 320.6 313.5 313.4 314.2 316.9 319.9 322.5 323.7 324.5 318 316.1 318.8 322.4 324.7 327.5 330.3 335 338.3 339.2 338.7 336.4 334.6 329.2 318.6 325.4 331.1 335.1 336.4 335.6 335 334.3
423.3 420 417.1 415.5 413.4 411.4 409.2 408.7 407.7 406.3 402.1 397.4 393.3 387.5 381 374.8 369.7 363.8 356 349.7 340.6 336.1 339.2 342 342.8 342.1 341.4 343.5 343.8 343.4 342.4 340.9 339.2 338.4 335.6 332.8 329.8 327.3 326.6 327.5 330.1 332.4 336.1 339.1 339.4 336.8 332.7 327.5 320.9 316.4 315.6 317 319.6 323.5 326.9 328.8 328.5 322.3 320.6 321.6 323.5 325.2 326.9 328.5 331.8 335 333.2 331.2 328.8 324.5 315.4 318.3 325.1 329 330.7 331.1 331.4 331.2
419.4 416.8 413.9 410.7 407.6 406.1 403.9 402.7 400.7 399.2 395.1 391.8 388.7 384.2 379 373.4 367.8 361.8 353.6 345.3 338.2 339.9 343.3 348.3 348 346.5 347.4 349.1 349.2 347.9 346.3 344.9 343.4 341.5 338.6 335.6 333.2 332.5 335.2 340.3 344.6 345.9 344.8 343.9 342.3 339.3 335.5 330.3 327.7 326.1 323 319 321.1 323.4 326.6 330 329.9 328.7 324.9 322.8 323.9 324.8 324.7 326.9 330.4 330.5 327.6 325 321.4 318.3 310.5 313 318.8 322.8 324.4 326 326.8 326.8
414.1 412.4 409.4 405.2 400.7 398.9 397 395.1 391.8 391.1 387.4 383.6 382.5 379.8 375.7 370.6 365.2 358.7 348.9 341.9 342.4 347.9 348.9 352.9 352.6 352.2 354.9 357.2 355.7 352.5 351.3 350.1 348.3 345.3 343.2 340.3 338.7 340.8 348.4 353.1 352.7 350.6 347.5 345.6 342.2 338.1 334.5 332.4 328.1 326.2 323.5 322.4 322.1 324.4 326.8 330 331.2 331.7 329.7 325.3 324.7 323.4 323.1 324.2 325.9 325.1 320.8 318.3 314.6 312 305.9 306.3 313.2 316.6 318.4 320.1 321 322.2
401.8 404.8 403.1 398.5 389.2 387 385.4 380.2 386.5 385.7 382.6 379.2 374.8 373.4 371.4 366.6 361 354.2 346.2 340.3 349.6 352 354.4 357.1 358.2 358.9 360.5 363.3 363.4 360.7 358.9 356.2 354.5 352.5 350.6 348.1 347.2 351.7 359.1 359.1 355.5 350.9 347.3 344.1 339.5 336.3 333.5 331.1 327.3 325.5 323.1 323.3 322.6 324.5 325.5 328.3 331.9 332.7 332.9 329.9 325.4 322.9 321.4 321.7 320.6 316.9 313.9 310.1 307.2 305.5 301.4 301.8 304.9 309.1 310.5 313.3 314.5 317.7
405 398.3 395.3 393.7 385.7 381.3 379.2 374.4 369.5 374.4 377 373.7 368.3 366.5 364.6 361.8 357.1 351.2 344 346.7 353.6 355.6 357.6 361 361.9 363.3 366.5 370.3 371.1 370 367.7 364.1 364 363.3 361 358.8 360.2 363.5 365 362.2 355.9 350 345.8 342 338.4 334.7 330.2 328 326.2 325 322.9 321.4 322 324.3 326 328.6 331.9 333.5 333.1 331.1 328.1 323.6 321.1 320.1 318 314.2 310.4 307.4 302.4 294.9 292.8 291.4 297.2 300.3 300.1 304.6 306.4 312.5
406.7 401.4 396.2 386.4 383.3 384.1 380.7 378.3 375.1 370.6 363.1 363 358.7 356.6 352.5 350.7 349.2 344.5 347.4 354.1 357 359.6 361.8 364.4 366 368.4 373.2 376 377.7 375.7 373.8 371 370.8 371.8 371.6 370.9 369.7 370.9 368.7 364.2 356.2 349.9 343.8 340.8 336.5 332.5 328.7 325.5 324.3 323.6 322 319.5 322.2 325.1 327.2 329.2 332.9 333.9 332.5 330.1 327.4 325.1 323.4 321.9 322.9 320.9 319.8 316.3 312.2 305.2 295.5 288 286.4 291.2 290.4 294 299.8 304.5
410.3 404.3 399.4 395 391.3 387.2 384 381 376.4 372.9 368.6 365.7 363.1 360.3 357.9 355.8 353.5 343.5 349.9 357.4 361 363.4 365.7 368.8 371 373.2 379.9 384.5 383.1 380 378.6 377.4 378.7 379.4 379.4 378.2 377.7 374.1 370.7 365.2 357.1 349.3 343.3 338.4 333.2 329.4 325.9 324.4 322.4 321.5 320.4 317.3 319.2 324.1 327.7 330 332.9 332.9 330.5 328.3 324.6 322.3 320.4 320.3 321.3 322.3 321.6 317 311.8 302 293.8 288.7 283.6 282.6 285.8 289.7 293.7 298.4
417.8 412.7 407.8 404 401.3 396.7 391.2 387.4 385.4 380.2 374.6 370.8 370.3 369.6 365.7 364.4 358 346.2 354.2 359 365 367.5 370 372.2 374.6 380.1 386.5 390.6 389.6 385.5 383.7 384.4 385.1 385.1 384.5 383.2 380.2 375.2 371.2 365.7 358.1 349.4 341.7 337.1 331.2 326.6 323.7 321.8 320.2 318.5 317.4 315.2 317.1 322.1 326.2 328.4 329.4 328.2 324.9 323.4 319.6 317.5 315.7 315 315.9 318.1 318.5 313.7 306.3 299.9 293.2 287.6 283.5 280.8 280.7 284.7 288.6 293.2
421.2 418 412.7 407.6 402.7 398.4 394.9 391.6 390.6 387.9 383 379.3 377.3 374.3 369.2 363.5 356.7 349.9 358.6 362.3 366.6 370.9 374.3 375.9 378.4 384.3 393.1 395 394.3 391.6 389.8 389.8 390.5 390.4 389.3 386 383 378.3 372.4 366.6 358.6 350.1 340.7 334.4 329.9 323.3 319.4 318.5 317.5 315.1 313.1 310.7 315 318.6 322.2 323.3 321.7 317.4 314.3 313.6 313.3 310 309.6 308 307.9 310.1 310.2 307 298.8 294.1 289 285.3 283.7 281.1 277.3 279.9 284.8 289
419.8 416.7 411.1 406 402.2 398.8 396.9 393.8 392 388.2 383.7 379.7 376.1 370.3 367.3 360.1 356 351.6 361.1 368.3 370.8 373.7 377.5 381.2 384.7 391.3 399 401.4 397.6 396.3 394.4 395 395.2 395.2 392.1 388.7 384.6 380 373.8 368.7 359 349.3 341.5 331.6 326.5 321.2 315.1 314.3 314.2 313.2 311.1 306.2 310.7 314.5 316.1 315 311.1 305.6 304.5 303.2 302.4 302.6 304.1 299.8 299.5 298.3 297.3 296.5 291 287.2 286.1 284.7 283 280.3 275.3 278 281.5 285.6
