app/static/ascii/SK08.asc
ncols 200
nrows 200
xllcorner 400000
yllcorner 380000
cellsize 50
[rows 70 to 104 of 200, columns 0 to 77 of 200]
210 206.5 199.4 192.4 186.9 179.1 173.7 167.9 161.8 151.8 147.7 147.9 148.1 148.6 149.6 157.8 161.3 163.3 163.4 162.9 165 165.9 166.3 170.7 179.9 182.1 187.9 187.1 186.2 186.2 187.9 189.4 191.7 194.1 199.9 202.3 203 204.1 207.8 212.4 218.1 223.5 215.3 216.3 222.5 229.1 237.3 248.2 260.9 263.8 258.9 250 246.6 246.5 250.6 255.6 260.4 252.9 245.2 240.7 242.5 239.8 244.3 249.4 255.8 262.3 268.6 261.5 249.4 242.7 234.7 226.6 220 212.8 205.1 206.8 214.6 221
205.6 199.1 194.8 187.9 182.9 174.4 169.8 163.8 157.9 147.6 147.6 147.8 148.8 155.2 158.7 162.9 163.4 163.3 164.3 164.5 166.1 165.8 166.9 172.5 182.6 190.2 189.7 189.9 189 188.4 191.2 192.7 195.6 200.7 210.3 213.5 213.1 211.9 212.4 217.1 220.6 225 228.3 217.3 226 228.9 238.1 247.8 263.5 267.2 270.2 270 262.5 257.2 255.2 259.5 265.4 269.4 261.5 256.1 250.6 248.1 249.3 253.1 257.3 264.8 274.2 275.2 261.2 248.8 241 232.4 226.3 218.1 210.5 205.6 212.3 218.5
203.8 194.8 192.3 186.6 180.1 172.8 167.1 161.8 150.2 146.2 147.8 149.2 154.4 159.7 161.2 160.3 162.1 163.6 166.3 165.7 164.9 166.5 168.9 178.9 190.2 194.5 192.4 192.5 191.6 190.8 194 195.7 200 205.8 217.6 221.3 221.6 219.9 218.5 219.5 222.5 226 233.4 231.4 237.3 239.1 234.2 260.1 255.7 260.2 273.3 278.3 278.9 274.2 267.3 266.3 269.7 275.5 278 267.9 259.5 254.9 256.5 257.4 261.2 268 276.6 283.5 270.9 257.6 248.6 240.7 233.8 226.8 218.9 210.5 210.4 215.5
209.4 199.6 191.2 178.8 175.1 170.1 163.9 157.4 146.7 146.4 149.3 156.2 152 153.1 157.6 161.1 162.4 163.9 165.1 165.8 165.9 170.9 176.5 176.8 190.2 197.9 196.3 195.1 194.9 195.2 196.6 199.6 204 209.6 218.3 223.4 228.1 228 225.2 222.7 225.5 229.6 235.1 241 243.2 239.4 242.7 237.3 237.2 238.5 257.7 269.8 285.8 288.8 284 276.2 274.3 277.7 285.2 284.7 270.8 263.9 261.1 261.6 265 271 278.4 285.4 279.6 268.7 258.6 249.3 242.2 234.1 224.7 214.9 210.2 212.8
214.8 204.1 192 180.8 169.3 164.7 161.1 153 146.5 145.6 150.5 156.3 156.6 159.5 160 161.7 163 164.4 165.6 167.1 169.2 172.9 179 184.4 191.9 198.9 198.2 198 197.7 198.6 199.9 204.5 210.7 214.4 220.8 226 230.9 233.7 232.1 228.9 229.5 232.6 237.5 245.6 253.1 254.6 258.6 242.5 237.1 237.8 253.5 259.2 271.4 294 297.8 290.7 284.7 282 288 294.7 291.5 279.1 271.6 268.4 271.9 274.5 281.3 287.6 291.7 282 272.2 259.5 250.2 240.8 230.4 221.4 217.5 214.7
216.5 203.7 190.3 178.8 169.3 163.1 156.1 149.4 145 145.1 150.9 155.5 158 160.2 160.8 161.3 162.7 164.2 166.8 169.2 171.4 175.7 183.3 189.1 191.8 195.6 200 200.3 200.6 201.2 204.5 211.1 215.5 217.4 222.4 228.4 232.9 236.1 234.4 233 233.2 235.6 240.4 249 259.9 266.8 266 258.4 238.2 235.4 248.6 257.1 282.1 292.5 302.2 307.3 301.9 293.4 294.8 299 303.4 295.1 283.4 279.4 277.5 279.5 283.2 288.9 294.6 295.2 285.4 270.8 259.2 249.1 238.8 227.7 222.5 221
214.1 200.1 189.4 178.5 166.4 160.7 154.8 145.8 143.9 143.7 149.6 155.9 160.6 161.4 160.2 161.7 161.7 165.4 168.4 170.5 173.8 177.6 185.5 189.9 191.6 193.3 197.9 200.3 205.6 206.7 205.5 211.3 215 217.6 222.7 226.6 232.2 235.8 236.3 235.5 236.4 237.9 241.4 251.2 258.9 266.9 257 243.4 233.9 235.9 247.9 266.5 288 300.6 305.5 309 315.4 310.4 304.9 304.1 307.8 315 298.6 287.6 286.8 287.1 286.5 290.7 295.4 301.8 294.3 283.8 270.7 258.3 248.5 238.5 229.2 225.4
210.3 197.3 188.1 175.7 164 156.7 147.5 143.4 142.7 143 150.7 159.8 162 163.9 162.9 163 164 165.5 169.2 171.6 175.3 177 180.9 184.6 189.5 192.4 196 204 208.1 211.2 209.2 210.3 215.2 218.6 222.2 227.9 233.1 238.4 239 239.8 240.8 242.5 244.7 248.9 255.8 256 249.2 249.4 250.2 248.9 254.6 278.9 297 304.7 308.3 312.3 317.3 321.9 318.2 312.4 312.8 318.2 315.6 300.8 294.5 293 293.1 294.7 298.3 303.3 305.5 296.4 286 271.6 259.4 248.4 236.5 231.3
204.7 193.8 181.4 171.1 159.2 144.4 142.9 142.7 142.8 145.7 157.2 160 162.4 165.1 165.9 165.1 164.2 165.8 170.4 173 174.6 176.6 178.4 181.8 185.7 191.2 196.8 204.1 209.8 214.1 215.3 210.2 214.2 221.5 224.9 231.9 236.6 240.4 242.5 243.1 244.7 246.5 251.6 250.4 251.2 249.3 254.8 265.3 261 260.8 261.8 283.9 299.6 305.8 310.8 315.6 320 325.3 329.3 322.6 318.9 321.3 326.9 319.3 307 300 299.3 299.1 301.7 305.2 311.4 309.5 301 287.1 269.3 257 239.1 235.3
199.1 187.5 178.1 168.2 147.7 142.3 141.4 142.4 146.1 154.3 158.1 160.5 164.1 166.1 168.2 169.1 168.1 164.7 171.9 173.4 176.7 179 180.8 183.1 186.5 192.5 198.4 203 212 216.7 218.2 218.6 215 217.6 227.2 234 240.6 243.2 245.3 246.7 247.5 250.7 252.4 255.1 258.7 259.8 264.1 272.6 277.3 282.1 287.6 293.2 298.8 305.3 311.5 316.5 321.6 327 331.8 333.8 327.8 327 330.2 338.8 323.5 313.4 306.8 306.3 306.7 308.1 312.2 317.4 314.3 291.7 268 255 244.5 238.5
192.7 182.4 174.6 163.7 144.3 141.7 142.4 148.3 155.3 159.9 160.9 163.5 165.9 168.2 169.1 170.7 169.8 170.8 169.7 173.7 177.4 183.2 184.4 185.2 190 194.5 199.4 205 213.3 219.5 221.7 221.2 224.3 219.6 230.4 236.8 240.9 244.5 246.4 248 251.1 254.1 257.3 260.8 264.1 265.9 266 270.8 276 281.5 286.1 291.9 297.9 304.6 311.1 317 322.4 328.2 333.3 339.6 334.8 331.7 333.6 339.1 343.4 327 318.2 314.7 314.7 312.8 314.9 318.7 310.5 285.6 268.4 255.9 246.6 254.8
185.6 179 172.5 148.1 143.9 140.9 146.7 153.3 159.8 162.4 163.6 166.3 168.9 169.7 171.1 172.9 172.6 172.2 169.5 173.2 176.5 183.8 186.5 190 194.2 196.8 202.3 207.5 216.9 221.1 223.7 225.8 230.1 231.9 231.3 242.1 245.4 245.8 247.5 249.8 252.9 255.9 259.3 264.8 267.9 269.5 271.3 271.7 277.9 283.2 287.3 292.1 296.7 301.7 307 313.8 320 325.5 330.9 336.4 336 335.6 336.6 341.3 348.6 348.4 338.6 329.5 321.7 319.9 316.5 317.6 300.6 278.1 265.6 268.1 272.2 268.5
182 172.9 159.6 147.5 144.5 149.6 153.3 157.5 164.4 165.8 166.7 168.5 171.1 171.9 173.2 174.4 175.9 173.7 170.1 173.9 178.3 183.2 188.2 192.6 197.2 200 204.9 212 217 222 226.9 230.5 234.7 238.4 238.9 242.5 245.3 246.8 249 251.5 254.7 257.8 261.4 266.7 271.3 274.3 277.1 278.4 279.3 284 289.7 293.6 297.4 301.9 306.8 312 316.9 322.2 327.3 332.1 335.3 335.5 338.3 343.4 350.1 355.5 356.9 349.7 336.5 327.1 321.3 311.9 290.3 282.6 285 291.4 292.8 285
180.6 171 155.9 142.1 151.5 154.5 155.7 159.6 162.1 165.8 170.1 171.1 172.1 174.2 175.6 176.8 176.7 174.6 170.1 174.1 178.2 183.2 189.4 194.2 199.4 202 204.8 213 219.8 224.2 230.3 234.5 239.2 242.1 243.2 244.2 245.7 247.6 249.9 253.3 256.4 259.8 264 268 272.1 276.8 280.7 283.3 284.3 285.2 290.8 294.6 298.7 303.2 307.1 311 315.2 319.8 324.9 329.4 332.2 335.9 340.4 344.9 351.6 359.4 365.3 361.9 350.5 332.9 319.7 303.7 302.9 304.9 310.3 316.1 315.1 302.2
179 163.6 155.5 139.6 144.4 146.7 154.4 158 161.2 163.8 166.8 168 172.2 175.2 177.8 179.7 178.4 175.8 171.8 174.6 178.2 183.8 189.4 194.3 201.2 202.8 205.9 210.8 221 226.5 234.4 239.2 242.6 243.4 244.4 245.3 247.2 249.4 252.3 254.9 257.8 261.8 266.4 269.7 272.8 277.5 282.6 285.7 289.5 292.1 293.8 295.6 299.7 303.9 307.9 311.7 315.4 319.6 324.1 327.5 331.5 337 343.1 349.2 352.3 359.2 367.8 371.3 359.7 333.7 314.7 319.9 321.4 325.2 334.9 343.7 335.7 320.4
178.1 168.1 151.7 139.3 148.8 149.8 149.8 152.4 157.4 160.3 162.7 166.6 170.8 174.3 177.9 181.1 178.7 175.6 172.9 176.2 177.5 182.2 188.1 194.1 199.4 202.3 205.5 211.9 218.4 227.5 235.4 241.7 242 243.5 246.1 246.4 249 252.2 254.3 257 258.8 264 267.9 271.7 274.9 278.9 282.9 287.7 290.7 293.8 296.5 297.9 301.5 304.6 308.6 312.6 316.2 320 323.7 326.5 332.3 341.1 348.3 353.6 356.9 362.1 368.9 375 363.5 341.4 322.7 329.5 334.2 337.4 342 349 354.4 341.3
175.7 162 143.8 145.3 151.8 158 159.9 159.6 153.9 155.9 160 164.4 167 170.5 177.1 179.6 178.1 174.2 174 175.2 176.4 179.8 186 195.9 198.9 202.1 204.2 207.4 215.8 226.1 233.2 237 241.3 244.5 246.9 248.7 252.4 256.3 257.6 259.9 262.2 265.5 266.9 272.6 276.3 281.1 284.5 287.8 291.1 294.6 297.9 300.5 304.4 306.8 310.2 313.7 316.9 320.6 323.2 327.4 335.3 344.4 353.7 358.6 363.2 367.5 371.6 376.1 367.7 335.5 338.2 342.4 342.6 346.6 350.1 351.8 357.2 355.8
164.1 145.4 144.4 150.6 151.2 163 165.3 169 167.6 163.9 162.5 157.5 159.7 166.1 170.9 176.4 175.7 174 175.8 175.6 176.2 178.4 184.7 193.9 197.6 201.2 202.5 204.5 210.6 220.5 228.5 233.7 237.6 243.6 248.2 252.9 255.4 259.2 260.9 262.4 266.5 269.6 272.3 274.5 277.1 281.3 285.1 289.2 292.5 295.8 299.1 302.3 305.7 308.7 312 314.6 318 319.6 323.1 331.4 339.5 348.9 357.9 363.7 369.5 374.3 377 374.9 367.6 341.2 352.8 356.8 356.6 356.3 359 359.2 362.8 363.3
161.4 147.3 150.7 151 161.6 163.3 166.8 169.5 171.2 172.1 174.2 174.1 172.5 165.2 161 171.1 174.4 174.8 176.7 175.9 176.5 178.1 181 189 195.2 198 200.5 203.5 208.4 217.9 230.3 234.3 237.4 244 250 254.8 257.5 260.7 264 265.8 269.6 273.1 273.9 277.9 281 284.1 286.2 290.2 293.7 297 300.7 305.5 307.2 310.1 312.8 315.5 318.9 321.7 325.3 333.9 343 352.5 361.1 368.4 374.1 381.3 385.9 378.1 372.8 365.9 366 369.8 371.5 371.5 371.3 369.6 370.3 370.2
160.7 137.6 152.4 157.9 160.3 163.7 168.5 169.8 171 172.3 174.1 174.9 175.6 176.2 174.2 168.6 171.5 174.6 175.5 176.5 178.4 180 180.8 184.2 190.5 194.1 197.3 201.1 207.6 221.8 231.2 235.1 240.6 247.9 254 256.7 260.5 263.8 267.8 268.7 271.9 276.6 276.7 281.7 284.6 287.1 288.7 291.1 294.9 298.2 302.2 305.5 308.4 310.4 312.5 316.6 319.7 322.8 326.7 335.1 346.3 355.5 364 371.9 379.5 386.8 393.3 384.9 377.7 370.8 383.8 387.1 390.2 391 386 380 379 378
161.9 157.9 135.6 154.3 160.5 163.6 166.6 168.3 169.7 172.8 174.4 175.3 176.1 176.3 174.9 174.7 169.3 171.4 176.9 178.1 180.1 180.8 182 184.9 189.6 191.5 194.8 199.1 204.7 219.2 228.9 235.3 245.5 253.9 256.3 256.9 262.5 263.8 265.5 268.6 271.5 276.6 278.8 283.9 286.4 290.9 293.1 294.5 296.8 299.6 303.4 306.3 309.7 311.4 312.4 317.3 321.1 325.1 329.5 337.7 347 356.7 365 373.3 381.9 389.5 396.2 392 381.9 379.3 387.5 396.8 402.6 403.8 399.3 390.6 390.5 387.8
162.1 158.3 134.4 153.9 159.4 163.9 166.4 166.8 168.8 171.8 173.4 174.9 176.3 177.4 178.2 179.5 175.5 169.7 175 179.2 180.9 181.8 183.9 185.5 188.1 192 195 199.2 203.7 214.8 226.4 233.4 246.8 253.3 255.7 256.9 261.5 262.9 264.4 265.1 271.5 275.5 278.6 283.8 286 292.4 297.7 300.3 300.5 301.3 304.3 308.3 310.9 312.8 314.5 318.4 322.8 328 333 339.9 347.7 356.7 365.8 374.3 382.9 391.2 398.7 399.1 387.1 383.5 390.6 400.5 407.7 411.9 414.8 404.1 397 395.7
160.7 141.9 143.4 153.9 158.1 161.6 165.1 166.2 167.6 170 171.5 174.5 179.2 179.1 182.2 179.2 179.5 174.8 172.5 175.4 177.7 180.7 185.3 187.4 188.6 191 193.5 197.1 201.7 211.2 221.8 224.2 231.4 238.9 242.7 246.9 250.7 253.9 260.7 268.3 271.3 277.7 279.6 283.3 285.2 290.7 294.9 300.9 301.5 303.5 306.3 309.9 311.5 313.2 315.5 320.4 324.9 330.3 336.1 341.9 349.1 357.9 366.8 375.3 383.9 391.4 398.2 401.5 394 389.9 394.3 403.2 410.5 417 420.5 416.6 406.2 402.7
157 148.2 145.2 155.2 158 158.3 162 164.2 165.8 169.1 172.3 175.5 180.3 181.9 188 183.3 179 177.3 179 181.2 181.9 183.6 185.2 188 186.6 191.6 194.3 197.5 203 206.1 212.6 217.1 222.1 227.7 233.2 239.8 249.1 256.9 262.6 270.6 276.7 280.2 282.6 285.2 288.8 291.1 296 300.4 302.5 304.7 307.3 310.6 312.2 313.5 316.6 321.6 326.7 333 339.1 344.8 351.1 359.3 368.3 377.2 385.3 392.8 399.7 406 400.2 391.7 398.5 404.4 414 420.3 424.3 425.7 413.8 408.3
156 154.4 138 151.2 153 156.4 159 161.6 164.6 168.6 171.8 175.8 180.9 182.4 187.1 184.2 183.2 181.3 182.1 182.9 184.5 190 191.2 190.6 192 193.1 193.2 198.1 201.6 207.8 210.6 214.5 220.9 226.9 233.1 242.7 250.8 257.4 265.6 272.4 280 283.1 285.4 288.9 292.4 296.2 295.6 299.5 302.6 305.9 308.6 311.3 313.3 314.1 318.5 323.1 327.6 334.3 343.6 350.2 355.4 362 371.3 380.2 388.4 395.8 401.4 407.2 405.1 393.9 402.4 407.7 416.7 423.4 427.7 431.3 423.8 416.5
128.9 128.5 133.5 151.3 153.8 157.6 158.1 161 164.2 167.4 171.3 175 180.9 179.1 188.2 185.1 184.6 183.3 183.5 191.6 199.2 200.4 200 198 200.6 199.5 200 201.2 204.1 207.4 210.4 217.7 224.3 229.4 236.1 244.2 252 256.8 263.7 274.9 284.4 286.5 290.3 293.5 296.8 298.7 301.3 301.7 304 306.8 309.3 312.7 315.8 315.7 319.9 325.3 329.8 336.7 346.5 354.7 363.5 368.8 374.4 382.7 391.8 399.7 405.1 410.4 408.9 403.7 404.9 410.2 419.2 425.7 431.9 437 433.3 423.1
151.7 149.7 130.2 150.8 150.2 149.2 157 160 163.4 166.7 171.8 177 180.4 179.4 187.7 186.1 185.4 184.5 192.8 204.2 209.2 212.2 211.9 212.2 212.7 212.7 210.6 209.2 211.5 213.5 216.6 218.8 223.9 232 238.3 245.3 251.5 256.8 264 275.2 281.3 284.5 290 294.9 299.8 303.4 305.3 307.5 306.9 306.6 310.9 314.9 316.8 318.1 321.9 326.5 330.7 337.2 347.7 358.1 366.6 372.6 380.5 387.3 395.9 404.3 409.7 413.4 414.3 410.5 405.1 413.8 422 427.7 433.6 439.2 438.1 424.2
149.5 149 137.3 138.7 140.3 149.5 155.6 159.1 162.8 167 172.2 177.3 180.6 191.5 190.1 187.6 186.1 189.3 197.9 210.9 216.7 222.9 228.3 232.8 231.2 225.9 224.8 221.6 220.4 220.9 224.5 227.3 233.2 240.2 244.6 248 252.8 259 265.2 273.5 277.8 282.2 288.1 294.1 300 304.9 308.3 311.2 312.5 313.9 312.1 316.2 318.5 320.8 324.3 328 332.6 339.1 347.5 358.9 369.5 377 384.8 392.1 399.5 408 413 416.6 420.7 417.8 407.9 415.9 423.6 429.7 435.2 440.8 436.8 424.2
143.9 138.1 133.7 133 132.7 137 150.7 156.3 162.9 167.1 172 179.1 185.3 192.8 191.6 190.9 189.1 191.5 200.3 212.4 220.6 227.6 239.6 242.6 239.5 236.2 232 229.9 228.2 230.3 233.2 236 238.9 242.2 247 251.8 256.8 261.8 267.4 272.1 275.9 281.6 288.2 292.3 297.6 302.6 307.3 312.2 315.6 315.8 314.8 317.5 319.8 322.3 325.4 328.9 332.8 339.7 347.4 359.7 370.8 378.5 387.2 395 402.1 410.4 416.4 419.4 421 419 413 417.4 423.5 430.2 434.8 440.2 437 424
134 133.6 133.5 133.5 133.3 137.7 151.2 155.3 160.4 166.4 171 179.1 191.2 191.9 191.3 191.1 190 193.6 201.4 210.4 217.6 231.1 243.3 244.7 238.9 234.6 232.2 234.1 232.7 236 240 243.9 245.9 248.1 252.6 257.4 262.8 267.5 271 273.6 277.2 282.6 288 291.8 296.6 301.3 305.4 310.2 315.5 318.2 319.5 318.8 321.1 323.9 326.6 330.1 334.3 339.7 347.4 358.7 371.1 379.2 387.6 396.9 404.8 412.7 419.2 422.1 422.8 418.2 417.6 421.7 425.1 431.1 435.5 440.9 441 423.3
133.4 133.5 133.6 133.8 133.3 141.2 151.7 158.7 160.5 165.6 169.5 177.4 186.8 191.7 191.2 191.2 192.1 196.4 200.9 209.4 214.1 223.9 240.9 240.4 237 232.7 230.6 231 233.3 239.3 246.4 250.1 254.1 257.8 260.2 262.5 269 272.3 275.6 278.2 279.4 284.2 289 293.4 297.4 301.2 305.8 310.8 315.8 319.6 320.8 321.3 323.6 326 328.3 331.9 336 340.2 346.4 355.2 365.9 377.5 386.6 395.7 404.1 412.1 419.5 425.4 423.4 420.4 420.3 425.6 430.2 435 438.7 441.1 437.9 424.5
133.3 133.6 133.8 133.5 133.2 138.2 152.3 152.3 160.9 164.5 168.3 176.5 185.1 190.8 193.9 197.2 197.3 199.2 203.3 207.8 211.6 215.1 228.1 235.2 232.7 229.5 225.4 226.2 229.1 237.1 250 262.3 265.9 266.5 267.5 267.1 269.9 273 276.8 279.7 282.2 285.3 289.3 294.3 297.9 302.6 307.2 311.9 317.1 321 321.5 323.2 325 327.6 330 333.3 337.5 341.7 346.5 352.8 361.8 374 384.2 393.9 401.7 411.1 418.9 424.5 427.2 424.5 422.7 427.3 433.3 438.5 441.2 443.5 431.9 417.4
135.2 134.1 134.2 134.4 133.2 139.2 153.2 153.2 161.6 164.4 167.5 175.5 183.5 189.7 195.9 199.6 201.5 202.2 206.5 205.1 205.3 208.3 214.7 220.8 223 223.3 221.3 222.2 227.2 237.1 251.6 265.4 267.2 266.6 266.7 268.8 270.1 273.6 277.7 281.1 284 287.2 290.9 294.8 299.3 304 308.6 313.4 317.4 320.8 323.6 325.1 326.8 328.8 331.8 335 338.9 343.2 347.4 353.6 361.4 371.8 382 391.5 398.4 408.2 417.6 423.4 427.8 428.5 428.6 429.5 434.6 440.5 444.2 443.2 431.2 414.9
138.4 134.4 134.7 135 135.4 137.6 152.9 153 158.5 164.1 168.2 174.4 182.3 188.2 194.9 203.4 209.1 208.1 203.9 200.8 200.9 202.2 203.4 205.9 207.4 210.6 212.9 217 225 237.1 248.2 260.9 264.3 263.2 265.7 267.6 270.5 274.4 278.6 282.6 286.3 289.1 292.8 297 300.9 305.5 310.4 315.2 319 321.4 324.4 327.4 329.3 330.8 333.2 336.6 339.9 345 349.1 354.1 360.4 370.1 380.7 388.7 396.7 406.4 414.6 421.5 425.9 428.3 428.8 429.5 435 440.9 445.4 446.5 425 411.6
138.4 134.8 135 135.2 135.3 133.8 140.7 153 154.1 161.1 164.6 172.3 179.7 185.4 190.6 202.3 209.2 206.5 202.4 199.3 197.6 196.7 196.9 197 198.7 203.1 207.2 211.4 222.9 236.7 247.1 257.1 259.8 259 261.4 267.1 271.5 274.9 279.1 284 288.6 291.1 296 300.3 304 308 312.6 316.5 319.8 322.4 325 328.2 330.9 333.1 334.7 338.2 341.1 345.2 350.8 355.9 361.1 368.7 378.8 387.5 395.6 404.1 411.6 419.1 424.4 427.2 428.2 429.4 435.3 440.6 445.3 446.6 424.3 409.7
