app/static/ascii/SK11.asc
ncols 200
nrows 200
xllcorner 410000
yllcorner 310000
cellsize 50
[rows 38 to 75 of 200, columns 0 to 85 of 200]
63 62.8 62.8 62.8 62.8 62.8 62.7 62.7 62.7 63 63.2 63.4 63.3 63.3 63.2 63.2 63.1 63.1 63 63 62.8 62.6 62.4 62.3 62 61.7 61.4 61.2 61.2 61.2 61.1 61.1 61 61 60.9 60.9 60.8 60.8 60.7 60.7 60.6 60.5 60.4 60.3 60.2 60.1 60 59.9 59.9 59.9 60 60 60.1 60.1 60.1 60.1 60 60 60 59.5 59.4 59.8 60.1 60.8 61.9 63.1 65 66 65 64 63.2 63.8 63.6 63.2 62.8 61.3 61.4 60.8 59.9 58.8 59 59.1 59.4 60.8 63.4 63.4
62.7 62.7 62.7 62.7 62.7 62.7 62.7 62.7 62.7 62.9 63.2 63.2 63.2 63.1 63.1 63 63 62.9 62.9 62.8 62.8 62.6 62.4 62.2 62 61.7 61.4 61.2 61.1 61.1 61 61 61 60.9 60.9 60.8 60.8 60.7 60.6 60.6 60.5 60.4 60.3 60.2 60.1 60 59.9 59.8 59.7 59.7 59.8 59.8 59.9 59.9 60 59.9 59.9 59.9 59.8 59.5 59.3 59.7 59.9 59.8 60 60.2 61.4 62.1 61.6 60.9 61.2 61.7 62.2 61.8 60.3 57.9 58 58.2 58.3 58.4 58.7 59 59.6 60.2 59.6 62.2
62.7 62.7 62.7 62.6 62.6 62.6 62.6 62.6 62.7 62.9 63.1 63.1 63 63 62.9 62.9 62.8 62.8 62.7 62.7 62.6 62.5 62.4 62.2 61.9 61.7 61.4 61.2 61.1 61 61 60.9 60.9 60.8 60.8 60.8 60.7 60.6 60.6 60.5 60.4 60.3 60.2 60.1 60 59.9 59.8 59.7 59.6 59.5 59.6 59.6 59.6 59.6 59.7 59.8 59.7 59.7 59.7 59.4 59.2 59.6 59.7 59.7 59.4 58.7 59 59.7 59.2 59.1 59.3 59.5 58.6 57.8 58 58.2 58.4 58.5 58.4 58.3 58.6 59.1 59.1 59 59.1 60.3
62.8 62.6 62.6 62.6 62.6 62.6 62.5 62.5 62.6 62.9 63 62.9 62.9 62.8 62.8 62.7 62.7 62.6 62.6 62.5 62.5 62.4 62.3 62.2 61.9 61.7 61.4 61.1 61 61 60.9 60.9 60.8 60.8 60.7 60.7 60.6 60.5 60.5 60.4 60.3 60.2 60.1 60 59.9 59.8 59.7 59.6 59.5 59.4 59.4 59.4 59.4 59.4 59.3 59.6 59.6 59.5 59.5 59.4 59 59.4 59.4 59.4 58.9 59.1 59.1 59.3 59.5 58.8 58.4 58.2 58.1 58 57.9 58 58.1 58.2 58.3 58.3 58.6 58.6 58.7 59.1 59.2 59.2
63 62.7 62.5 62.5 62.5 62.5 62.5 62.5 62.6 62.8 62.8 62.8 62.7 62.7 62.6 62.6 62.5 62.5 62.4 62.4 62.3 62.2 62 62 61.9 61.7 61.4 61.1 60.9 60.9 60.9 60.8 60.8 60.7 60.7 60.6 60.5 60.4 60.4 60.3 60.2 60.1 60 59.9 59.8 59.7 59.6 59.5 59.5 59.4 59.3 59.1 59.2 59.2 59.1 59.5 59.4 59.4 59.4 59.2 58.9 59.2 59.1 58.9 60.7 59.3 59.1 59.2 59.4 58.6 58.4 58.2 58.1 58 57.9 57.9 58 58.1 58.1 58.2 58.2 58.2 58.3 58.3 58.4 58.4
63.1 62.8 62.5 62.4 62.4 62.4 62.4 62.4 62.5 62.8 62.7 62.6 62.6 62.5 62.5 62.4 62.4 62.3 62.3 62.2 61.9 61.7 61.6 61.6 61.7 61.7 61.4 61.1 60.9 60.8 60.8 60.7 60.7 60.7 60.6 60.5 60.4 60.4 60.3 60.2 60.1 60 59.9 59.9 59.8 59.7 59.6 59.5 59.4 59.3 59.3 58.8 58.9 58.9 58.9 59.1 59.3 59.2 59.2 59.1 58.8 58.8 58.6 62.7 59.5 59.4 59.1 59 59.2 58.6 58.4 58.3 58.2 58.1 58 57.9 57.9 58 58 58.1 58.1 58 58 57.9 57.8 58.1
63.2 62.9 62.6 62.4 62.4 62.3 62.3 62.3 62.5 62.6 62.6 62.5 62.4 62.4 62.3 62.3 62.2 62.2 62.1 61.7 61.4 61.3 61.3 61.3 61.4 61.4 61.4 61.1 60.9 60.8 60.7 60.7 60.6 60.6 60.5 60.4 60.3 60.3 60.2 60.2 60.1 60 59.9 59.8 59.7 59.6 59.6 59.5 59.4 59.3 59.3 59 58.6 58.7 58.7 58.7 59.1 59.1 59 59 58.4 57.4 58.2 59.8 59.7 59.4 59.1 58.9 59 58.5 58.4 58.3 58.2 58.1 58 57.9 57.8 57.9 58 58 58.1 58 57.9 57.8 57.7 57.6
63.3 63.1 62.8 62.5 62.3 62.3 62.3 62.3 62.5 62.5 62.4 62.3 62.3 62.2 62.2 62.1 62.1 62.1 62 61.7 61.3 61.3 61.2 61.1 61 61.1 61.2 61.1 60.9 60.7 60.7 60.6 60.5 60.5 60.4 60.3 60.3 60.2 60.3 60 60 60 59.9 59.8 59.7 59.6 59.5 59.4 59.4 59.3 59.2 59.2 58.4 58.3 58.5 58.2 58.9 58.9 58.7 57.8 59.1 62.1 58.8 57.4 60.1 59.4 59.1 58.9 58.8 58.5 58.4 58.3 58.2 58.1 58 57.9 57.8 57.8 57.9 57.9 58 57.9 57.8 57.8 57.7 57.6
63.2 63.1 62.9 62.6 62.3 62.2 62.2 62.2 62.4 62.3 62.3 62.2 62.1 62.1 62.1 62 62 62 62 61.8 61.5 61.4 61.2 60.8 61.4 60.8 60.8 60.9 60.9 60.6 60.6 60.5 60.5 60.4 60.3 60.2 60.2 60.3 59.9 59.9 59.9 59.9 59.8 59.8 59.7 59.6 59.5 59.4 59.3 59.3 59.2 59.1 58.7 57.9 58.1 58 58.6 58.3 58.6 58.5 61.6 58.9 59.2 59.3 59.1 58.8 59.2 58.9 58.7 58.6 58.5 58.4 58.3 58.2 58.1 58 57.9 57.8 57.8 57.9 57.9 57.9 57.8 57.7 57.6 57.5
63.2 63 62.8 62.7 62.5 62.2 62.1 62.1 62.2 62.2 62.1 62.1 62 62 62 61.9 61.9 61.9 61.9 61.8 61.6 61.3 60.8 60.9 60.9 61.5 61 60.4 60.3 60.6 60.5 60.4 60.4 60.3 60.2 60.4 60.4 59.9 59.8 59.8 59.8 59.8 59.8 59.7 59.6 59.6 59.5 59.4 59.3 59.2 59.2 59.1 58.9 58.4 58.4 58.8 58.4 58.5 58.6 59 59.1 59 59.1 58.8 58.9 58.8 58.5 58.6 58.7 58.6 58.5 58.4 58.3 58.2 58.1 58 57.9 57.8 57.7 57.8 57.8 57.8 57.7 57.6 57.5 57.5
63.1 63 62.8 62.6 62.5 62.3 62.1 62.1 62.1 62 62 62 61.9 61.9 61.8 61.8 61.7 61.8 61.8 61.7 61.5 61.3 60.5 60.9 60.3 61.3 61.7 61.1 60.5 60.1 60.6 60.4 60.3 60.2 60.6 60.5 60 59.7 59.7 59.7 59.7 59.7 59.7 59.7 59.6 59.5 59.4 59.4 59.3 59.2 59.2 59.1 58.9 59.4 59.1 59.4 59.6 60 58.7 58.6 58.9 58.8 58.8 58.8 58.8 58.7 58.5 58.6 58.6 58.5 58.5 58.4 58.3 58.2 58.1 58 57.9 57.8 57.7 57.7 57.8 57.7 57.7 57.6 57.5 57.4
63 62.8 62.7 62.6 62.4 62.2 62.1 62 61.9 61.8 61.8 61.7 61.6 61.5 61.6 61.7 61.8 61.8 61.7 61.5 61.4 61.1 60.1 60.9 59.9 60.7 61.7 61.6 61.4 60.7 60.7 60.7 60 61.1 60.5 60 59.6 59.6 59.6 59.6 59.6 59.6 59.6 59.6 59.6 59.5 59.4 59.3 59.3 59.2 59.2 58.4 59.1 59.7 59.8 59.8 58.6 58.7 58.7 58.7 58.7 58.7 58.7 58.7 58.8 58.7 58.5 58.6 58.5 58.5 58.4 58.3 58.3 58.2 58.1 58 57.9 57.8 57.7 57.6 57.7 57.7 57.6 57.5 57.5 57.4
62.1 62 61.9 61.7 61.7 61.7 61.6 61.6 61.5 61.4 61.4 61.5 61.5 61.6 61.7 61.8 61.7 61.6 61.5 61.4 61.2 61 60.6 60.7 60.7 60.7 60.7 60.7 60.7 60.7 60.7 60.7 60.7 60.7 60.8 59.6 59.5 59.5 59.5 59.5 59.5 59.5 59.5 59.5 59.5 59.5 59.4 59.3 59.2 59.2 59.1 58.4 59.4 59.8 59.9 58.8 58.7 58.8 58.8 58.8 58.7 58.6 58.6 58.7 58.7 58.6 58.5 58.6 58.5 58.4 58.3 58.3 58.2 58.1 58.1 58 58 57.9 57.8 57.7 57.6 57.6 57.5 57.5 57.4 57.4
61.5 61.4 61.4 61.3 61.3 61.2 61.2 61.2 61.3 61.4 61.5 61.6 61.6 61.7 61.8 61.7 61.6 61.5 61.4 61.3 61 60.5 60.8 60.7 60.7 60.7 60.7 60.7 60.7 60.7 60.7 60.7 60.7 60.7 59.6 59.6 59.5 59.5 59.5 59.4 59.4 59.4 59.4 59.4 59.4 59.4 59.4 59.3 59.3 59.3 58.5 58.9 59.8 59.4 59.4 59.2 58.8 58.9 58.9 58.8 58.7 58.6 58.6 58.6 58.6 58.5 58.5 58.5 58.4 58.3 58.3 58.2 58.1 58.1 58 58 57.9 57.8 57.8 57.7 57.6 57.6 57.5 57.4 57.4 57.3
61.2 61.2 61.2 61.1 61.1 61 61.1 61.1 61.4 61.5 61.6 61.7 61.7 61.8 61.7 61.6 61.5 61.3 61.2 61.1 60.6 60.1 60.6 60.7 60.7 60.7 60.7 60.7 60.7 60.7 60.7 60.7 60.7 60.7 59.7 59.8 59.5 59.6 59.6 59.6 59.5 59.5 59.5 59.5 59.4 59.4 59.3 58.8 58.6 58.7 59.1 59.5 59.5 59.4 59.3 59.3 59 59 58.9 58.8 58.7 58.6 58.6 58.5 58.5 58.5 58.5 58.4 58.3 58.3 58.2 58.1 58.1 58 57.9 57.9 57.8 57.8 57.7 57.6 57.6 57.5 57.6 57.4 57.4 57.3
61 61 60.9 60.9 60.9 60.9 61 61 61.1 61.6 61.7 61.8 61.8 61.6 61.5 61.4 61.3 61.2 61.1 60.9 60.1 59.6 60.7 60.7 60.7 60.7 60.7 60.7 60.7 60.7 60.7 60.7 60.7 60.7 59.6 59.6 59.3 59.6 59.7 59.7 59.7 59.6 59.6 59.6 59.6 59.4 59.2 58.9 59.2 59.6 60.5 60 59.7 59.6 59.4 59.2 59.1 59 58.9 58.8 58.7 58.7 58.6 58.5 58.5 58.4 58.4 58.4 58.3 58.2 58.1 58.1 58 57.9 57.9 57.8 57.7 57.7 57.6 57.6 57.5 57.5 57.6 57.7 57.8 57.9
61 60.8 60.7 60.7 60.8 60.8 60.9 61 61 61.5 61.8 61.7 61.6 61.5 61.4 61.3 61.2 61.1 61 60.8 60.8 60.6 60.7 60.7 60.7 60.7 60.7 60.7 60.7 60.7 60.7 60.7 60.7 60.7 59.6 59.4 59.4 59.4 59.7 59.8 59.8 59.7 59.7 59.6 59.5 59.3 59.5 60.2 60.2 60.9 60.5 60.1 59.8 59.6 59.4 59.3 59.1 59 58.9 58.8 58.7 58.7 58.6 58.5 58.4 58.4 58.4 58.3 58.2 58.1 58.1 58 57.9 57.9 57.8 57.7 57.7 57.6 57.5 57.5 57.5 57.6 57.7 57.8 57.9 57.8
61 60.5 60.6 60.7 60.7 60.8 60.8 60.9 61 61 61.7 61.6 61.5 61.4 61.3 61.2 61.1 61 60.9 60.6 60.6 60.6 59.8 60.5 60.3 60.7 60.7 60.7 60.7 60.7 60.7 60.7 60.7 60.7 60.7 59.4 59.3 59.3 59.5 59.7 59.9 59.9 59.7 59.6 59.4 59.4 60.3 60.3 61 60.9 60.7 60.3 59.9 59.6 59.5 59.3 59.1 58.9 58.8 58.8 58.7 58.6 58.6 58.5 58.4 58.4 58.3 58.2 58.1 58.1 58 57.9 57.9 57.8 57.7 57.7 57.6 57.5 57.5 57.4 57.5 57.6 57.7 57.8 57.9 57.6
61 60.6 60.8 60.8 60.9 61 61 61.1 61.2 61.2 61 61.6 61.5 61.4 61.3 61.2 61.1 61 60.9 60.4 60.4 60.4 60.2 60.8 61.3 60.7 60.7 60.7 60.7 60.7 60.7 60.7 60.7 60.7 60.7 59.9 59.4 59.1 59.2 59.2 59.2 60 60 59.7 60.3 60.4 60.4 61 60.9 60.8 60.7 60.4 60 59.7 59.5 59.3 59.2 58.9 58.8 58.7 58.7 58.6 58.5 58.5 58.4 58.3 58.3 58.2 58.1 58 57.9 57.9 57.8 57.7 57.6 57.6 57.5 57.5 57.4 57.5 57.6 57.7 57.8 57.9 57.8 57.5
60.1 60.5 61 61.1 61.2 61.3 61.3 61.4 61.5 61.4 61.2 61.1 61.4 61.3 61.2 61.1 61 60.9 60.8 60.2 60.2 59.8 60.6 60.9 61.4 61.3 60.7 60.7 60.7 60.7 60.7 60.7 60.7 60.7 60.7 60.5 60 59.7 59.7 59.6 59.5 59.5 59.9 60.3 60.4 60.5 60.5 60.9 60.8 60.7 60.6 60.5 60.2 59.8 59.5 59.4 59.2 59 58.7 58.7 58.6 58.5 58.5 58.4 58.2 58.2 58.2 58.3 58.2 58 57.9 57.8 57.7 57.7 57.6 57.5 57.5 57.4 57.4 57.5 57.6 57.7 57.8 57.9 57.6 57.4
60 60.5 61 61.4 61.5 61.5 61.6 61.7 61.7 61.6 61.4 61.3 61.1 61.2 61.1 61 61 60.9 60.8 60 60 60.2 60.9 61 61.4 60.8 60.7 60.7 60.7 60.7 60.7 60.7 60.7 60.7 59.7 60.3 60.6 60.5 60.3 60.3 60.1 60 60.1 60.4 60.5 60.6 60.9 60.8 60.7 60.6 60.5 60.4 60.2 59.9 59.6 59.4 59.2 59 58.7 58.6 58.6 58.5 58.4 58.2 58.1 58.2 58.2 58.3 58.3 58.2 58 57.9 57.7 57.6 57.5 57.4 57.4 57.4 57.5 57.6 57.7 57.8 57.9 57.7 57.5 57.2
60.6 60.8 61.1 61.4 61.7 61.8 61.9 61.9 62 61.8 61.6 61.5 61.3 61.1 61.1 61 60.9 60.8 60.7 59.8 59.8 60.4 61.3 61.2 61.1 60.8 60.7 60.7 60.7 60.7 60.6 60.7 60.9 59.8 60 60.4 60.8 61 61 60.9 60.8 60.6 60.5 60.4 60.6 60.7 60.8 60.7 60.6 60.5 60.3 60.2 60.1 60 59.7 59.4 59.3 59 58.8 58.6 58.5 58.4 58.2 58.1 58.1 58.1 58.1 58.1 58.4 58.3 58.2 58 57.9 57.7 57.6 57.4 57.3 57.4 57.5 57.6 57.7 57.9 57.8 57.6 57.3 57.1
61.2 61.4 61.6 61.8 62 62 62.1 62.2 62.2 62 61.8 61.6 61.4 61.2 61.1 61 60.9 60.8 60.7 59.7 60.2 60.7 61.5 61.5 61.3 61.3 61.3 59.6 61 60.7 60.7 61.5 61.6 61.6 60.6 60.6 61 61.2 61.3 61.1 61 60.9 60.7 60.7 60.7 60.8 60.7 60.6 60.4 60.3 60.2 60.1 60 59.9 59.8 59.5 59.3 59 58.8 58.4 58.4 58.2 58.1 58 58 58 58 58 58.1 58.4 58.3 58.2 58 57.9 57.7 57.6 57.5 57.5 57.6 57.7 57.8 57.9 57.7 57.4 57.2 56.9
61.8 62 62.2 62 62.1 62.1 62.2 62.3 62.2 62.1 61.9 61.7 61.5 61.3 61.1 61 61 60.8 60.7 60.7 60.7 60.7 61.7 61.9 60.7 61.1 61.7 60.2 60.7 60.7 61.1 61.3 61.5 61.4 61.4 61.4 61.2 61.4 61.4 61.2 61 60.8 60.7 60.7 60.6 60.8 60.7 60.5 60.4 60.2 60.1 60 59.9 59.8 59.7 59.6 59.3 59.1 57.9 57.8 57.9 58.1 58 57.9 57.9 57.9 58 58 58 58.2 58.4 58.3 58.1 58 58 57.9 57.8 57.7 57.6 57.8 57.9 57.8 57.6 57.3 57 56.9
62.3 62.2 62.1 62.1 62.2 62.2 62.3 62.3 62.2 62.1 62 61.8 61.6 61.4 61.2 61 60.9 61.1 60.9 60.7 60.7 60.7 60.7 60.7 60.7 60.7 60.7 60.7 60.7 60.7 60.9 61.1 61.3 61.3 61.3 61.2 61.3 61.4 61.5 61.3 61.1 60.9 60.7 60.5 60.6 60.8 60.9 60.7 60.6 60.4 60.3 60.1 60 59.8 59.7 59.5 59.4 59.1 58.7 58.3 58.3 58.2 58.1 58.1 58 58 58 58 57.9 57.9 58.4 58.5 58.4 58.3 58.2 58.1 58 57.9 57.8 57.8 57.9 57.7 57.4 57.4 57.4 57.3
62.3 62.2 62.1 62.2 62.3 62.3 62.3 62.3 62.2 62.1 62 61.8 61.6 61.4 61.2 61.1 61 60.8 61 60.2 60.7 60.7 60.7 60.7 60.7 60.7 60.7 60.7 60.7 60.7 60.8 61 61.1 61.1 61.1 61.1 61.2 61.5 61.6 61.4 61.2 61 60.8 60.2 60.5 60.7 61 60.9 60.7 60.6 60.4 60.3 60.1 60 59.8 59.7 59.6 59.6 59.5 59.3 58.9 58.8 58.7 58.6 58.6 58.6 58.5 58.5 58.6 58.7 58.7 58.6 58.5 58.4 58.3 58.3 58.2 58.1 58 58 57.9 57.7 57.6 57.5 57.4 57.3
62.2 62.1 62.2 62.3 62.4 62.4 62.3 62.2 62.1 62.1 62 61.9 61.7 61.5 61.3 61.2 61 60.9 60.7 60.7 60.7 60.7 60.7 60.7 60.7 60.7 60.7 61.3 61.6 60.9 60.7 60.8 61 61 60.9 61 61.2 61.4 61.6 61.5 61.3 61.1 60.9 60.8 60.6 60.7 60.9 61 60.9 60.8 60.6 60.5 60.3 60.2 60.1 59.9 59.8 59.7 59.7 59.7 59.7 59.5 59.3 59.2 59.1 59.1 59.2 59.2 59.1 58.9 58.9 58.7 58.6 58.5 58.5 58.4 58.3 58.2 58.2 58 57.9 57.7 57.6 57.5 57.4 57.3
62.2 62.2 62.3 62.4 62.5 62.4 62.3 62.2 62.1 62.1 62 61.9 61.8 61.6 61.4 61.2 61.1 60.9 60.8 60.7 60.7 60.7 60.7 60.7 60.7 60.7 60.7 59.7 60.8 60.9 60.7 60.7 60.8 60.8 60.8 60.9 61.2 61.4 61.7 61.6 61.5 61.5 61.6 61.4 61.3 61 60.8 61.1 61.1 60.9 60.8 60.6 60.5 60.4 60.3 60.1 60 60 59.9 59.9 59.9 59.8 59.8 59.7 59.7 59.6 59.4 59.3 59.2 59.1 59 58.9 58.7 58.7 58.6 58.5 58.4 58.4 58.2 58.1 57.9 57.7 57.6 57.5 57.3 57.2
62.2 62.3 62.4 62.5 62.5 62.4 62.3 62.2 62.1 62 62 61.9 61.8 61.6 61.5 61.3 61.1 61 60.9 61.2 60.8 60.7 60.7 60.6 61.2 60.7 60.7 60.7 60.7 60.7 60.7 60.7 60.7 60.7 60.7 60.9 61.1 61.4 61.6 61.6 61.7 61.7 61.7 61.6 61.5 61.5 61.4 61.1 61.2 61.1 61 60.8 60.7 60.6 60.5 60.4 60.3 60.2 60.1 60.1 60 60 60 59.9 59.8 59.6 59.5 59.4 59.3 59.2 59.1 59 58.9 58.8 58.7 58.6 58.5 58.4 58.2 58.1 57.9 57.8 57.6 57.5 57.3 57.2
62.3 62.4 62.5 62.5 62.4 62.3 62.2 62.2 62.1 62 62 61.9 61.8 61.7 61.5 61.3 61.2 61.1 60.9 61.9 61.5 60.9 60.7 61.2 61.7 60.4 60.7 60.7 60.7 60.7 60.7 60.7 60.7 60.7 60.7 61.5 61.3 61.3 61.4 61.4 61.3 61.4 61.3 61.3 61.2 61.2 61.3 61.3 61.3 61.3 61.2 61.1 60.9 60.8 60.7 60.6 60.5 60.4 60.3 60.3 60.2 60.2 60.2 60 59.9 59.7 59.6 59.5 59.4 59.3 59.2 59.1 59 58.9 58.8 58.7 58.6 58.4 58.3 58.1 57.9 57.8 57.6 57.5 57.3 57.2
62.5 62.6 62.6 62.5 62.4 62.3 62.2 62.1 62.1 62 61.9 61.9 61.8 61.8 61.6 61.4 61.3 61.1 61.5 62.5 62.2 61.8 61.6 62 62.4 61.4 60.7 60.7 60.7 60.7 60.7 60.7 60.7 60.7 60.8 60.8 60.7 61.1 61.2 61.2 61.3 61.3 61.3 61.3 61.3 61.3 61.3 61.3 61.3 61.2 61.2 61.1 61.1 61 60.9 60.8 60.7 60.6 60.5 60.5 60.4 60.4 60.3 60.1 60 59.8 59.7 59.6 59.5 59.4 59.3 59.2 59.1 59 58.9 58.8 58.6 58.5 58.3 58.1 58 57.8 57.7 57.5 57.4 57.2
62.6 62.7 62.6 62.5 62.4 62.3 62.2 62.1 62 62 61.9 61.9 61.8 61.7 61.7 61.5 61.3 61.2 62.2 62.4 62.6 62.6 62.4 62.3 62.6 61.9 60.2 60.7 60 60.7 60.7 60.7 60.7 60.7 60.9 60.6 60.6 60.8 61.1 61.1 61.2 61.3 61.3 61.3 61.3 61.3 61.3 61.3 61.2 61.2 61.1 61.1 61 61 60.9 60.9 60.9 60.8 60.7 60.6 60.6 60.5 60.4 60.2 60.1 59.9 59.8 59.7 59.6 59.5 59.4 59.3 59.2 59.1 59 58.8 58.7 58.5 58.3 58.2 58 57.8 57.7 57.5 57.4 57.3
62.7 62.7 62.6 62.5 62.4 62.3 62.2 62.1 62 62 61.9 61.8 61.8 61.7 61.7 61.5 61.4 61.8 62.3 62.3 62.7 62.5 62.6 62.7 62.8 62.3 61.6 61.1 60.7 60.7 60 60.7 60.7 60.7 61.1 60.6 60.6 60.7 60.9 61.1 61.1 61.3 61.3 61.3 61.3 61.3 61.3 61.2 61.2 61.1 61.1 61 61 60.9 60.9 60.8 60.8 60.8 60.9 60.9 60.8 60.6 60.5 60.3 60.1 60 59.8 59.7 59.6 59.5 59.4 59.3 59.1 59 58.9 58.8 58.7 58.5 58.4 58.2 58 57.9 57.7 57.6 57.4 57.3
62.8 62.5 62.5 62.4 62.3 62.2 62.1 62.1 62 61.9 61.9 61.8 61.8 61.7 61.6 61.6 61.5 62.1 61.9 62.1 62.5 62.4 62.6 62.7 62.8 62.4 61.9 61.5 61.1 60.7 60.7 60.7 60.7 60.7 60.7 60.7 60.7 60.8 60.8 61 61.1 61.3 61.3 61.3 61.3 61.2 61.2 61.2 61.1 61.1 61 61 61 60.9 60.9 60.8 60.8 60.8 60.8 60.8 60.7 60.5 60.4 60.2 60 59.8 59.7 59.6 59.5 59.4 59.3 59.2 59.1 59 58.8 58.7 58.6 58.5 58.4 58.2 58.1 57.9 57.7 57.6 57.5 57.3
62.7 62.5 62.3 62.3 62.3 62.2 62.1 62 62 61.9 61.9 61.8 61.7 61.7 61.6 61.6 61.8 62 61.5 61.8 62.3 62.5 62.6 62.7 62.8 62.6 62.1 61.6 61.2 60.9 60.8 60.7 60.7 60.7 60.8 60.8 60.9 60.8 60.8 60.9 61.1 61.2 61.2 61.2 61.2 61.2 61.2 61.2 61.1 61 61 61 60.9 60.9 60.8 60.8 60.7 60.7 60.7 60.7 60.6 60.4 60.3 60.1 59.8 59.7 59.6 59.5 59.4 59.3 59.2 59.1 59 58.9 58.7 58.6 58.5 58.4 58.3 58.2 58.1 57.9 57.8 57.6 57.5 57.4
62.7 62.5 62.3 62.1 62.1 62.1 62.1 62 62 61.9 61.9 61.9 61.9 61.9 61.9 61.9 62.1 62.2 61.1 61.4 62.1 62.5 62.6 62.8 62.8 62.7 62.3 61.8 61.4 61.1 61 60.9 60.8 60.9 60.9 61.1 61.1 60.9 60.9 60.9 61.1 61.2 61.2 61.2 61.2 61.2 61.2 61.1 61.1 61 61 60.9 60.9 60.9 60.8 60.7 60.7 60.6 60.6 60.6 60.5 60.3 60.2 59.8 59.6 59.6 59.5 59.4 59.3 59.3 59.2 59 58.9 58.8 58.6 58.5 58.4 58.3 58.2 58.1 58 57.9 57.8 57.7 57.6 57.5
62.8 62.5 62.3 62 61.8 61.8 61.9 62.2 62.2 62.2 62.2 62.2 62.2 62.2 62.2 62.2 62.4 62.4 61.8 61.2 61.9 62.5 62.7 62.8 62.8 62.7 62.5 62 61.6 61.3 61.2 61.1 61 61 61.1 61.2 61.2 61.1 61 60.9 61 61.1 61.2 61.2 61.2 61.2 61.1 61.1 61 61 60.9 60.9 60.9 60.8 60.8 60.7 60.6 60.6 60.5 60.6 60.4 60.2 59.9 59.6 59.5 59.5 59.4 59.3 59.2 59.2 59.1 59 58.9 58.8 58.5 58.4 58.3 58.2 58.1 58.1 58 57.9 57.9 57.8 57.7 57.6
63 62.7 62.5 62.2 62 61.7 62 62.2 62.3 62.4 62.5 62.5 62.5 62.5 62.5 62.5 62.8 62.8 62.5 62 61.7 62.4 62.7 62.8 62.8 62.7 62.6 62.2 61.8 61.5 61.4 61.3 61.2 61 61.1 61.2 61.2 61.2 61.2 61.1 61 61.1 61.2 61.2 61.2 61.1 61.1 61 61 61 60.9 60.9 60.8 60.8 60.7 60.7 60.6 60.5 60.5 60.5 60.2 59.9 59.6 59.5 59.4 59.4 59.3 59.2 59.1 59.1 59 58.9 58.8 58.7 56.9 58.4 58.3 58.2 58.1 58.1 58 57.9 57.9 57.9 57.8 57.7
