app/static/ascii/SK14.asc
ncols 200
nrows 200
xllcorner 410000
yllcorner 340000
cellsize 50
[rows 70 to 104 of 200, columns 78 to 155 of 200]
193.4 200.8 206.1 211.9 220.9 227.6 229.4 228.7 227.7 226.6 225.1 223.5 222 219.9 217.7 215.3 212.3 209.8 207.3 204.5 201.8 198.9 195.2 190.3 185.7 175 159.1 147.2 139.7 135.9 134.4 133.9 132 129.3 127.1 125.4 123 122 120.8 120.1 120.1 118.3 113.7 112.1 112.5 112.9 113.2 113.5 113.3 113.8 113.8 114.1 114.4 114.7 114.3 114.9 115.1 116.3 124.1 132.3 140.1 142.2 145.5 149.7 152.9 154.8 155.1 153.8 152.2 149.1 144.6 140.6 135 128.3 124.2 121.8 119.6 119.1
188.9 197.5 202.6 208.3 216.7 224.7 228.1 227.7 226.7 225.6 223.7 222 219.8 217.3 214.6 211.5 208.6 205.7 202.8 201 199.2 197 193.5 190.5 187.2 181.5 167 152.5 143.3 138.5 136.6 136.5 133.5 131 128.4 126.9 123.7 122 120.7 119.4 118.6 117.4 113.6 112.8 112.9 112.4 113 112.3 113.4 113.4 113.7 114.2 114.5 114.5 114.6 114.7 114.9 119.6 125.7 133.7 142.5 146.5 150.1 154 158 160.1 157.7 153.2 149.3 144.5 139.4 133.5 125.4 122 120.4 119.4 118.3 118.1
187.2 194.6 199.1 204.9 212.3 220.6 226.6 226.8 225.7 224.4 222.4 220.5 217.8 214.3 210.5 206.1 203.5 199.4 196.3 194.9 194.3 193.7 191.9 188.7 185.1 182.1 170.5 153.2 145.2 141 139.3 137.9 134.8 131.8 129.3 126.7 125.1 122.2 120.7 119.1 118.1 115.1 112.4 112.5 112.7 113.1 112.9 113.4 113.2 113.3 113.7 114.2 114.5 114.3 114.4 114.6 115.7 121.3 125.4 134 145.9 151.4 155 156.6 157.4 156.4 153.6 148.7 143.3 137.7 133.6 125.2 120.9 118.9 117.5 118.1 118.2 117.7
185.4 192.4 196.9 202.2 209.1 217.1 224.2 225.6 224.7 223.1 221.2 219.2 215.7 210.5 204.2 199.5 196.1 192.6 190.3 189.5 189.2 189.9 188.9 186.6 182.7 179.7 173.9 156.9 148.8 144.9 142.3 139.5 136.3 133.9 130.6 127.5 125.5 122.7 121 119.5 118.7 112.5 110.9 112.3 112.1 112.8 113.2 113.2 113 113.5 113.9 114.1 114.2 114.4 114.3 115.2 118.9 124.1 129.6 136.1 151.4 154.1 154.7 153.7 152.9 151 147.8 144.1 138.4 131.9 124.9 119.4 117.1 117 117.3 117.4 117.9 118.9
183.7 190.3 195.5 200.6 205.9 214.1 221.6 224.6 223.6 221.9 220.1 217.3 213.1 206.6 198.4 192 188.6 186.2 183.7 182.9 184.1 185.5 185.7 183 180.8 178 174.3 161.3 153.5 149.1 145.4 143.1 140.9 137.2 132.8 129.3 126.3 123.1 121.4 119.7 118.6 111.8 112 112.1 112 112.4 112.7 113 113 113.4 113.5 113.4 113.5 113.8 114.1 115.9 118.4 123.5 130.3 139.2 151.2 152 150.6 149.3 147.6 145.5 143.3 140.1 133.1 124.1 119.6 117 116.9 117 118.5 119.4 119.4 120.8
181.3 189.1 194.5 199.1 204 211.4 219.4 223.1 222.3 220.8 218.9 216 210.4 201.5 191.1 186.8 181.6 180.2 177.2 176.4 178.4 179.7 179.7 178.5 177.4 176 171.6 168.8 162.3 155.2 149.8 148.5 147.4 141.1 135.8 131.6 127.9 124.1 121.6 120 118.2 111.3 112.2 112.2 111.9 112 112.3 112.6 112.9 113.2 113.3 113.1 113.3 113.6 114.8 115.1 118.4 122 126.3 134.4 145.7 148.6 146.6 144.8 143.1 141.3 139.4 132.5 123.5 119.2 117.9 117 116.4 118.8 118.9 119.6 122.3 129.6
180.2 186.5 192.9 198.9 203.1 209.5 217.4 221.7 221.1 219.6 217.3 214.1 209.1 199.5 188.9 183.2 177.5 173.5 171.1 170.5 171.9 173.9 173.5 172.7 171 172.2 169.7 167.7 166.4 165.5 157.5 155.8 153.4 147.3 139.7 133.1 129.1 125.4 121.9 119.9 118 111.3 111.8 112.3 112.1 112.2 112.6 112.8 112.8 113 113 113 113.2 113.5 114.1 115.6 118.3 121.4 122.4 126.5 136.1 140 142.2 141.2 137.5 133.9 131.3 123.4 117.9 117.7 117.9 117 117.8 119 119.6 123.9 131.9 139.1
177.1 184.1 191.7 197.3 202.2 209.1 216.9 220.1 219.7 218.3 216.2 212.8 208.1 198.8 189.6 181.5 175.4 171.1 164.2 166.8 167.5 168.6 167.2 166.9 166 166.8 166 163.9 163.2 160.4 161.9 165.5 162.9 155.3 144.6 136.6 129.5 126.3 122.6 120 117.3 111.2 111.8 112.2 112.2 112.3 112.9 112.9 112.9 112.8 112.8 112.9 113.2 113.3 113.6 114.7 118.5 119.6 119.1 121.3 126.2 130.4 133.1 134.8 130.6 124.8 121.3 117.2 115.2 116.1 116.7 117.4 119.1 119.5 124.3 130.1 138.2 146.3
175.6 182.8 189.7 195.8 202 209.1 216 218.8 218.3 216.8 214.4 211.8 207.2 199.2 188.9 180.6 174.2 169.1 164.6 160.8 163.2 164.2 163.7 162.4 162.9 162.8 161.8 159.2 161.2 161.4 163.8 166.5 166.7 162.7 149.8 138 131.2 126.6 122.9 120 115.9 111.4 112.1 111.9 112.1 112.3 112.8 112.9 112.9 112.6 112.7 113.1 113.3 113.3 113.7 113.7 116.2 117 116.7 117.9 120 123.2 124.3 125 122.3 118.9 116.7 114.7 114.9 115.7 116.7 119.2 120 124.4 130.6 138.3 144.8 150.8
170.3 177.6 185.3 193.7 199.8 207.1 213.8 216.7 216.8 215.4 213.3 211 206.2 199.3 189.2 179.8 172.1 166.6 161.9 159.1 158.5 159.9 159.9 158.1 158.6 159 158.2 153.4 155.2 159.2 162.4 163.9 164.6 165.1 154.5 140.3 131.4 127.2 122.5 119.3 112.1 111.4 111.9 112.1 112.5 112.3 112.1 112.1 112.1 112.2 112.6 112.5 112.5 112.6 112.8 112.9 114 114.2 114.3 115.5 116.2 117.2 117.3 116.3 115.5 116 115.7 115.2 115 115.7 118.3 118.9 122.6 128.9 134 141.6 147.3 152.8
164.5 169.6 180.1 189.8 196.8 202.8 210.5 214.5 215 213.9 212 209.4 205.5 198.8 189.9 179.5 171 164.4 159.7 155.6 153.8 152.6 153.2 152.9 153.8 153.7 153.9 147.9 150.2 156.5 159.9 161.6 162.6 162.7 158 146.8 134.5 126.1 120.6 115.7 110.8 111.6 111.8 111.9 112 111.8 111.8 112.1 112 111.9 112.5 112.2 112.2 112.3 112.5 113.4 113.7 114.3 113.9 113.7 114.7 114.8 114.3 114.3 114.4 114.9 114.7 115.2 116.1 117.9 118.6 123.3 127.2 132.4 137 142.6 147.2 150.6
158.1 165.3 174.4 184 192.4 198.7 206.3 211.8 213.8 212.4 210.8 208.4 204.4 198 188.5 179.2 170.2 163.6 159.1 155.5 152.6 148.6 144.7 145.5 147 147.1 146.3 143.2 151.1 154.9 158.3 159.4 160.7 159.8 160.5 151.8 139.4 122.5 115.9 111.1 110.8 111.6 111.5 111.6 111.6 111.5 111.5 112 111.8 111.7 112.2 112.2 111.8 112 112.2 112.5 112.7 113.4 113.8 113.8 114.5 115 113.3 113.5 114.7 114.9 115.1 116.6 117.4 117.7 119.6 124.3 128.7 133.2 137.6 141.5 144.1 146.5
153.3 159.1 166.7 177.5 187.9 194.5 202.3 209.1 212 211.6 209.6 207.1 202.6 196.4 186.2 176.6 168.4 162 158.6 155.7 153.8 151.5 145.9 137.7 136.4 137.9 139 140.3 147.4 152.4 156 158.6 152.6 153.1 147.3 142.2 130.7 120.3 110.5 110.7 111.8 111.5 111.4 111.5 111.3 111.5 111.4 111.5 111.5 111.5 111.5 111.6 111.8 112 112 112.7 112.8 112.5 112.8 113.3 113.5 112.7 115.6 113.4 114.6 115.3 116.7 117.6 117.6 118 120.5 123.4 126.8 130.8 133.4 135.8 138.6 140.2
161.7 151.4 158.9 168.7 180.8 190.7 197.6 205.4 209.6 210.1 208.4 205.8 200.8 194.3 184.3 173.9 165.4 159.4 155.4 153.1 150.6 149.3 147.3 144.6 137.7 134.1 136.3 145.6 150.2 153.1 155.4 158 159.4 152.2 141.1 132 121.3 116.8 110.3 111.1 111.7 111.5 111.3 111.2 111.3 111.5 111.3 111.4 111.3 111.3 111.3 111.5 111.7 112.2 112.5 112.7 112.7 112.7 113 113 113.2 113.3 113.4 115.4 113.8 116.2 117.1 117.6 117.7 118.2 118.8 120.4 123.4 126.5 128.4 131.5 134.4 135.6
174.3 159 151.6 155.7 172.1 184.8 192.9 201.5 207 208.4 207 204.3 198.2 190.8 181.8 171.5 162.7 156.8 152.9 149.8 146.7 144.4 142.9 141.1 137.4 132.5 139.8 145.2 148.3 152.8 154.7 157.9 161.3 156.9 147.2 139.1 121.2 110.8 110.7 112.9 112.2 111.7 111.5 111.4 111.4 111.5 111.2 111.6 111.2 111.2 111.6 112 112.2 112 112.2 112.6 112.6 112.8 112.9 113 113.3 114 114.3 116.2 116.1 118.6 117.3 120.9 120.5 120.2 119.1 120.1 121.8 124.3 126.6 131 136 140.5
183.8 172.2 160.9 151.5 162.1 177.1 187.1 197.7 204.1 207.2 205.8 202.8 196.8 187.4 178.4 169.3 159.7 154 150.6 147 143.7 141.3 137.9 136.2 134.1 131.1 137.4 141 143.8 147.2 149.6 151.4 153 150.7 143 138 121.3 109.1 110.3 111.3 111.4 111 111.3 111.6 111.6 111.4 111.2 111.7 111.7 111.6 111.6 111.4 111.5 111.6 112.1 112.4 112.2 112.6 112.6 112.8 113.1 113.6 115 116.6 117.7 121.2 122.4 122.2 123.6 124.1 123.5 120.9 121.8 123.9 125.8 134.7 139.1 145
186.5 179.3 169.1 156.7 151.6 168.7 181.6 193.9 201.8 205.7 204.5 200.9 193.9 184.4 175.6 166.6 157.2 151.2 146.9 143.5 140.4 138 134.1 131.9 129.6 130 134.2 138.4 140.3 142 143.7 144.7 146.4 144.5 140 130.4 117 109 109.8 111.2 110.6 110.7 110.7 110.7 111 111.2 111.5 111.2 111.3 111.4 111.4 111.2 111.2 111.5 112.1 112.2 112.2 112.3 112.4 112.7 113.3 114.7 116.7 119.7 122.3 125.8 128.7 138.7 137.8 136.9 135.4 126.1 125.8 123.5 123.6 132.6 140.1 146.9
187.5 183.6 172 159.2 147.6 164.3 178.7 190.9 199.2 203 202.7 199.4 192.1 181.7 173 163.3 154.4 148 143.6 140.1 137.6 135.6 132.3 129.5 128.3 128.6 132.5 135.2 136.5 138.5 139 139.9 140.7 140.3 136.8 130.2 119.4 110 110.2 110.8 110.5 110.5 110.6 110.8 111.4 110.8 111.1 110.8 110.9 110.9 110.9 110.9 111.3 111.7 112 111.8 111.8 112 112.6 112.9 115.3 117.6 119.8 122.9 126.6 131.1 136.5 140.1 141.2 140 137.5 135.4 130.6 126.2 125.8 128.1 138.7 145
186.2 183.2 172.1 157.5 149.7 166 178.5 188.9 198.1 202.8 201.7 196.8 189.7 180.3 170.9 160.2 151.8 144.9 141 137.4 135.7 133.8 130.7 127.9 127.1 126.6 130.4 131.6 132.4 133.6 135.7 136.2 137 136.7 133.9 130.9 119.9 108.3 110.1 110.8 110.5 110.3 110.8 110.4 111.3 110.9 111.2 110.4 110.8 110.4 110.6 111 111.3 111.8 111.7 111.9 111.9 112.1 112.7 114.4 117.6 120.3 122.8 127.2 131.9 138.6 141.3 143.6 144.1 143.3 140.7 138.2 133.1 128.5 127.1 127.3 131.7 139.1
183.7 179.8 167.4 152.9 153.1 169.4 180.8 189.9 198.3 201.8 199.7 194.9 187.1 178 168.6 157.6 149 143.2 138.7 135.5 133 130.7 128.3 126.3 125.8 124.5 126.1 127.5 128.3 128.5 130.4 132.7 133.7 134.4 132.5 128.1 121.7 109.6 110.3 110.7 110.7 110.4 110.3 110.6 110.6 110.4 110.1 110.2 110.6 110.2 110.6 111.1 111.1 111.7 111.5 111.7 112.1 112.3 113.8 116.5 119.4 122.4 126.2 132 137.4 141.4 144.8 147.4 149.6 148 143.9 138.9 134.1 132.3 129.3 127.4 127.9 130.7
179.9 172.5 159.7 144.4 156 171.6 181.9 191.5 198.7 200.1 197 190.5 181.5 173.5 164.7 155 147.2 140.7 136.1 133 129.9 127.9 126.5 125 124.2 122.6 122.3 123 124 124.7 127.3 129.3 130.4 131.7 130.1 128.5 123.2 110.4 110 110.2 110.3 110.4 110.3 110.2 110.1 109.9 109.9 109.9 110.2 110.2 110.3 111.2 111.4 111.4 111.4 111.4 112 112.7 114.9 117.6 120.7 124.8 130.4 137.8 141.8 145.7 148.4 152.6 158.2 152.5 145.7 139.7 140.2 138.6 134.9 132.1 129.7 128.8
172.5 163.3 150.9 146.3 162.3 174.9 185 193.2 198.6 198.2 194.2 186 176.6 168.6 161.4 152.7 145.9 140.9 135.5 131.4 128.2 126.2 125 124.7 122.9 121.5 120.6 120.4 120.3 121.7 124.1 126.1 126.3 128.7 128.3 127.2 122.9 111.5 109.5 109.9 110 110.1 110 109.8 110.3 109.6 109.7 109.7 109.8 110.3 110.7 110.9 111 111.1 111.1 111.2 111.6 113 115.4 118.2 122.3 127.5 136.3 141.5 146 150.2 153.4 157.7 160.7 152.4 146.3 145.1 145.7 146.7 145.4 140.3 134.3 132.3
160.8 152.2 140.8 151.1 168.4 178.2 187.8 195.4 198 195.4 190.1 181.4 173 165.5 157.3 149.8 144.4 140.5 136.2 132.2 128.7 126 124.7 124.1 121.5 120.4 119.4 119.2 119.3 120.1 121.6 122.9 124.4 126.4 127.2 124.6 119.3 110 109.1 109.6 109.8 109.9 109.8 109.6 109.5 109.5 109.5 109.6 109.8 110.2 110.5 110.9 110.7 110.8 110.8 111 111.3 113.2 115.2 118.7 122.7 128.7 138.5 143.8 149.2 153.8 157.4 162.7 162.3 153.6 152.4 151.8 151.5 153.3 151.2 147.9 141.1 138.6
149.2 143.9 145.6 161.8 174.5 183.1 191.8 195.9 196.4 192.7 185.9 177.3 168.4 161.2 152.1 145.1 140.5 137.3 135.4 132 128.5 125.8 123.8 122.7 121.5 120 118.8 118.7 118.7 118.6 119.6 121.1 121.7 124.3 125.5 123.4 120.1 110.1 109.1 109.5 109.4 109.6 109.5 109.3 109.2 109.2 109.3 109.3 109.6 109.9 110.1 110 110.6 110.6 110.6 111 111.8 114 116.7 119.5 123.7 129.7 139.4 145.6 151 157.1 163.1 165.8 163.8 159 162.2 161.6 161.7 161.8 159.5 152.1 149.6 146.4
141.8 143 155.4 168.3 177.5 186 194 196.9 193.9 189.6 181.6 173 164 155.5 148 141.4 136.7 133.8 132.1 131.2 128.8 126 123.4 122.4 121 120.3 118.4 118.2 117.9 117.5 117.5 118.6 120.9 122.8 124.5 122.4 119.9 112 108.9 109.7 109.2 109 109 108.9 109 109 109 109.2 109.5 109.7 110 110.4 110.1 109.9 110.1 110.5 110.6 115.2 118.1 121.4 124.9 131 139.3 146.1 152.1 160 167.5 166.9 166.2 163 164.4 166.4 167 167.2 165.4 160.1 154.8 153.6
139.8 153.7 165 174 180.8 189.1 194.8 196.1 192.8 187.3 178.3 170.4 158.8 150.7 144.1 138.6 134.1 130.9 129.4 127.9 127.5 126 124.2 123.4 121.6 120.5 119.8 117.2 116.7 116.4 117.1 119.4 121.5 122.9 123 120.8 119 117.1 113.5 111.8 108.9 109.1 108.8 109.1 108.8 108.8 108.8 109.1 109.3 109.5 109.9 110.3 109.7 109.9 109.8 109.9 111.8 116.2 119 123.2 127.3 131.9 139.8 147.1 152.6 159.3 166.4 167.6 167.2 165.6 165.1 167.5 167.4 169.4 168.6 167.4 167.1 160.3
151 163.3 173.4 179.3 186 192.6 195.8 194.2 190.7 184.4 175.6 167.2 154.8 147.3 141.3 136.4 133.3 129 127.1 126.2 125.9 126.4 126.6 125.7 123.5 121.5 119.8 116.8 115.5 115.7 117 118.7 120.6 121.5 121.3 120 118.8 117.6 116.2 113.9 109.2 109 108.7 108.8 108.6 109 108.9 108.8 109.1 109.5 110 110.2 110 110.3 110 109.7 115.2 119.9 122.4 126.2 130.3 134.4 140.7 146.5 152.3 158.5 165.5 167.3 167.2 166.4 165.8 167.5 168 169 169.3 169.6 169.9 166.6
159.4 171.6 178.1 185.4 191.8 195.2 195 192.7 188.5 181.3 173.2 166.1 153.7 145 139.2 134.6 130.5 127.4 124.2 123.7 125.5 128 128.4 127.6 125.4 122.1 119.8 115.8 114 114.1 115.4 117.2 119.5 120 119.9 119.2 117.8 116.8 115.6 114 109 108.8 108.5 108.4 108.4 108.7 109 108.9 108.9 109.1 109.4 109.6 110.6 109.7 109.8 111.5 116 121 124.1 131.3 134.7 141.1 145.2 148.3 152.4 158 164.9 166.9 167.2 167 166.5 166.5 167.3 168.2 168.7 169.9 169.9 169.5
165.3 174.2 181.8 190.3 194.5 194.8 193.4 190.1 184.9 177.4 169.9 162.3 152.9 144.1 137.7 133.6 128.7 124.9 122.4 122.6 124.6 128.1 127.8 126.7 124.4 121.3 118.5 115.3 113 113.2 114.4 116.5 118.4 119.6 119 118 117 116.3 115.3 113.8 108.9 108.6 108.4 108.2 108.3 108.2 108.5 108.7 109 109.3 109.6 109.7 118.4 111.2 110.2 112.3 115.4 120.1 124.7 130.4 136.1 141.6 145.9 149.5 153.3 160.2 165.5 166.4 167.4 167.2 166.8 165.7 166 166.9 167.8 169.5 169.3 168.9
168.7 176.3 184 191.4 193.9 192.8 190.1 186.7 180.6 173.4 166.9 157.7 149.6 142.7 136.3 131.9 126.3 123.4 121.5 122.1 125 126.3 126.4 124.8 121.8 118.9 116.4 114 112.3 111.9 114.2 115.8 117.1 118 117.4 116.8 116.4 115.7 114.6 112.4 108.8 108.4 108.2 108 108 108 108 108.4 108.7 109.4 109.7 109.6 112.8 110.6 111.7 112.7 115.2 119.5 123.6 129.9 137.6 142.4 146.8 151 156.4 163.7 166.2 166.3 166.7 166.6 165.1 164.5 164.4 164.8 165.8 166.8 168.3 169.2
172.6 178.8 184.5 190.7 191.9 189.2 185.2 181.4 176.3 169.5 161.4 152.9 146.9 142 135 130.9 125.8 122.3 120.8 120.8 122.4 124 123.9 122 119.8 117.4 115.4 113 111.3 111.6 114.5 115.5 116.2 116 116 115.5 115.2 115 113.5 111 108.3 108.3 108 107.7 107.8 108.3 107.9 108.2 108.5 108.8 109.2 109.8 109.8 111.5 112.3 112.5 114.4 119.3 122.3 127.6 134.8 143.3 150.9 153.7 157.9 165.3 165 164.4 164.6 164.3 163.9 162.5 161.9 163.1 164.2 162.2 166.9 167.5
176.5 182.3 186.5 189.5 188.2 183.4 179.7 175.8 170.6 163.8 155.2 148.6 143.9 139.4 135.1 130.3 125.4 122.1 118.8 118.6 120.1 121.9 121.7 120.1 117.8 116.2 114.4 112.1 110.6 112.3 113.7 114.7 115 114.9 114.8 115 115.1 114.3 112.2 110.3 106.3 107.3 107.9 107.5 107.7 108.2 107.8 108.1 108.7 108.6 109.1 109.4 111.3 113.4 113.1 113.2 115.4 119.4 126.5 133.1 139.8 147.5 152.2 155.5 159.4 162.8 161.1 159.4 159.6 160.6 160.6 160.6 159.2 160.3 160.8 162.7 164.5 166.4
181.3 185.2 187.8 186.7 182.9 178.7 174.2 169 163.3 156.2 149.4 144.5 139.2 135 130.5 128 125.5 122.7 118.5 117.2 117.8 119.7 119.6 118.5 116.9 115.2 112.8 110.7 111 112.8 113.3 113.6 113.9 114.3 115 115 114.5 113.5 111.4 109 108 107.3 108.1 108 107.3 107.4 107.9 108.3 108.7 108.4 108.7 109.6 114 115.7 113.8 113.2 113.6 118.9 127.9 135.2 142.6 147.7 151.5 156.5 158.5 158 157 155.3 155.5 156.4 157.1 157.3 156 155.8 161.1 163 163.9 165.3
185.3 187 185.6 182.4 178.3 174.3 168.4 161.9 154.6 149 143.8 138.6 134.8 131.4 129.5 127.1 124.4 122 118.3 115.4 116.1 117.8 117.7 117 115.6 114.1 110.5 109 110.5 113.2 113.8 113.3 113.7 114.5 114.7 113.6 110.9 109.2 109.2 109.1 109.3 108.1 106.8 107.7 107.6 107.5 108.3 108.4 108.5 108.3 110.5 113.4 116.4 117.5 115.8 113.6 113.7 118.4 124.2 133.2 139.7 144.8 150.3 153 155.1 154.4 153.1 149.6 151.4 152.4 152.8 152.9 151.9 155.7 160.2 163.7 163.8 164.2
186 184.7 181.5 178.3 173.7 169.3 161.7 154 148.3 142.6 137.2 133 129.4 126 124.5 122.5 121.1 119.8 117.4 114.5 114.3 115.4 115.3 115 114.3 112.4 109.3 107.7 111 113.2 113.8 113.5 113.2 114.2 113.9 113.6 109.6 107.4 108.6 108.9 108.4 107.7 107.3 107.7 107.4 107.4 108.2 108 107.9 110 114.9 118.5 118.5 118.5 116.7 114.1 114.1 116.2 122.2 129.8 136.4 142.2 146.4 149.1 150.3 150.3 147.8 143.8 146 146.5 145.9 146.6 152.3 157.2 160.5 162.3 162.3 162.8
