app/static/ascii/SK15.asc
ncols 200
nrows 200
xllcorner 410000
yllcorner 350000
cellsize 50
[rows 140 to 174 of 200, columns 0 to 77 of 200]
241.1 258.9 272.3 281.2 290.5 301 313.5 320.7 310.3 293.8 282.2 274.4 274.3 276.8 276.2 277.8 280.4 279.4 273.5 268.7 262.1 254.7 248.3 235.6 204.5 170.3 153.7 153.5 154.2 155 162.9 177 196.5 216.2 227 228.4 229.6 228 234 244.4 256.6 266.6 278.8 286.5 288.9 291.4 298.9 292 286.4 291.8 301.1 305.9 306.4 303.9 305.5 309.7 308.8 304.7 303.6 304.5 306.8 310.2 313.5 315 316 315.6 315 316.1 317.7 318.8 317 314 310.4 305.5 303.4 305.3 303.4 300
240.6 259.4 272.6 281.9 290.5 303.2 314.8 322.2 313.4 298.5 286.4 280.3 280.2 280 278.1 277.5 280.9 277.8 271.7 268 261.5 253.8 245.7 235 203.1 164 156.2 158.8 164.1 173 187.1 197.6 213.8 222 224.3 222 216.4 224.6 233.4 242.1 254.3 265.5 278.1 285.3 287.4 290.6 297.3 289.8 283.7 291.8 302.6 309 312.6 307.3 305.3 308.8 308.5 304.5 303.1 303.2 306.3 310.1 313.3 314 313 313.8 315 316.3 319.4 321.1 319.2 315.6 312.1 308.7 307.2 309 307.6 304.8
242.5 254.1 270.7 281.6 290.1 302.6 311.8 320.8 314.2 302.5 292 287 286.2 282.7 276.5 274.7 275.1 271.6 268.8 265.1 259.1 253.5 246.9 234.4 211.3 180.4 153.4 156.1 156.8 165.9 177.6 190.5 205.1 216.8 217.8 201 214.3 224.7 231.8 240.2 251.1 262.5 274 283.2 284 287.3 292.4 284.8 283.4 292.8 303 311 317.3 308.4 304.4 306.1 306.5 303.9 303.7 302 304.6 309.4 312 310.8 310.1 311.2 314.1 317.1 321.2 323.7 322 318.6 314.5 311.4 310.3 311.5 310.4 307.7
254.5 247 263.6 277.9 288.8 299.4 308.7 316.3 313.4 305 297.6 294.9 291.4 284.6 275.1 271.9 269.4 266.1 264.2 260.9 256.6 252.2 247.6 241.8 223.1 200 172.9 152.9 155.4 155.9 157.5 168 182.4 193.8 194.1 193.8 216.4 223.1 228.9 236.4 247.4 258.6 269.5 277.5 279.6 283.3 287.7 280.2 281.4 291.3 301.3 309.5 317 309.2 301.7 302.6 302.8 304.3 305.5 303.4 302.7 307 307.4 306.8 306.9 308.5 312.5 317.1 322.8 326.9 325.9 322.4 318.6 315.8 313.9 314.2 313.2 310.9
266.4 254.2 256.5 271.2 286.5 296.5 305.2 311.9 312.2 308.7 306 304.4 297.6 285.4 274.8 270 264 260.5 259.5 256.7 254.1 249.9 244.1 240.1 232.6 215.7 196.8 176.3 158.8 151.7 154.1 154.3 157.3 168.1 171.7 185.7 208.5 219 224.9 231.4 241.9 253.1 263.8 271.4 274.4 279.1 282.9 276.6 278.1 287.8 298.4 303.5 309.5 302.8 297.9 299 300.3 304.3 306.1 302 300 302.5 303.8 303.3 303.5 307.1 311.5 316.6 323.3 328.7 329.8 327.9 324.1 320.5 318.3 317.7 316.7 312.6
273.4 263.3 254.9 266.7 281.3 294.3 302.2 309.2 312.9 314.8 315.5 312.9 304.6 288.7 274.1 269 262.2 256.9 254.3 253.3 250.6 246.1 240.7 237.1 234.2 228.7 214.5 202.5 186.2 171.9 159.6 152.6 150.6 150.9 156.5 168.5 187.7 206.7 218.6 226.2 235.2 246.5 256.7 264.6 270.6 275.3 277.1 270.3 272 281.7 290.8 292.9 299.1 294.9 293.7 295.5 299 302.3 302.5 298.8 294.9 298.2 299.7 300.4 302 306 311.1 316.7 324.6 329.2 332.4 332.7 329.9 325.8 323.7 322.4 320.3 316.3
280.7 268.9 259 265.6 278.1 293.2 302.9 311.2 316.5 320.5 323.1 320.9 309.5 289.1 276.1 270.3 263.3 254.7 250.1 247.7 246.3 243.1 237.8 234.2 230.6 226.8 222.1 219.9 207.8 193.2 184 176.9 167.8 159.3 152.4 150 167.3 188 209.5 219.5 229.8 239.3 249.9 259.8 267.7 270.6 266.7 263.5 266 276.9 279.9 282.9 288.4 288.7 289.7 294.3 296.4 298 297.6 295.4 290.7 293.9 297.3 297.7 301.4 305.6 310.7 316.2 322.7 328.5 333.1 336.1 334.1 331.4 328.1 325.7 323.5 319.8
288.9 277.2 266.1 265.6 277.8 292.6 304.2 312.7 318.9 324.4 328.3 325.7 311.4 287.8 278.5 271.6 262.9 254.6 249.3 245.4 242.7 239.1 235.1 230.7 225.6 222.9 220.2 219.5 215.3 204.3 200.5 197.7 187.5 176.6 164.6 153.4 152.8 179.2 201.7 215.7 224.6 235.5 246.8 255.7 264.1 260.2 257 253.2 261.8 269.5 271 274.5 278.8 281 286.6 290.9 292.3 292.3 291.5 290.1 286.8 289.7 292.5 294.9 298.2 303.3 307.6 312.5 319.2 325.6 330.7 333.7 334.7 332.8 329.7 326.7 325.3 322.6
293.7 282.3 272.7 267 277.5 290.5 304.5 313.3 319.9 326 330.3 325.2 308.7 286.2 275.7 269.8 262.1 253.9 248.4 244.3 241.6 236.4 231.2 225.3 219 216.9 216.1 218.6 214.7 207.9 205.3 200.2 190.7 179.3 168.6 158.3 150.9 175 202.5 216.2 223.6 232.7 243.2 251.5 260.6 252.2 248.9 243.3 251.6 258.7 263 268.8 271.9 278.9 283.7 286.6 287.3 286.6 285.3 284.6 283.3 284 286.7 291.7 295.3 299.8 303.3 307.9 313.9 321.7 326.7 329.9 331.8 330.9 328 325.5 324.7 323.5
297 286.9 278 270.6 273 285.7 301 313.3 319.7 325.7 329.5 322.7 307.8 284.1 273.1 266.6 260.2 253.3 247.7 242.2 239.4 234.7 228.1 216.3 210.6 206.6 208.4 214.1 213.4 202.4 201.3 201 192.8 179.9 167.5 157.8 151.3 174.4 202.4 215.9 222.5 230.6 239.7 246.6 253.7 246.4 239 238.4 243.3 254.2 261.8 266.3 270.8 275.5 280.7 282.9 283 281 280.3 280.9 280 280.1 283.4 288.7 292.6 296.5 300.2 304 308.8 316.5 322.5 325.7 327.7 327.8 325.5 324.2 323 321.2
299.6 291.3 283.4 276.3 272.2 283.5 297.1 311.6 319.8 325.2 327.3 321 305.6 284.6 271.5 264.8 258.4 251.6 246.1 240.4 236.7 232.1 228.6 223.9 220 215.9 203.1 195.2 190.3 188.4 189.2 192.1 192.8 178 163.8 154.7 150 180.2 205.6 215.1 221.8 229.9 233 238.3 238.8 237.6 234.7 236.5 246 252.9 260.5 266.7 270.1 273.6 277.9 279.6 278.9 277.1 276.8 277.9 277.2 278.4 282.8 287.4 291 293.9 297.1 300 303.9 310.5 316.7 320.7 324 323.8 322.5 322 320.5 318.3
301.3 293.7 287.1 281.7 276.9 283.7 294.6 308.6 318.3 323.2 324.9 319 306.9 287.5 273.8 265.9 259.9 254.7 251.6 247.2 240.7 235.7 234.6 229.5 224.1 219.1 214.9 216.6 208.9 198.7 185.8 174.9 168.9 168.7 157.6 152.2 160.7 188.5 209.1 211.8 213.2 218.4 223.7 226.9 229.1 231.2 232.3 238.1 246.6 252.3 260.1 266.2 269.7 272.4 274.7 276.1 275.8 274.6 273.9 274.7 273.6 278 281.8 285.4 288.7 290.3 292.2 295.2 299.8 306.4 312.8 316.5 319.2 320 319.3 318.7 317.2 314.7
302.1 294.7 288.5 286.2 281.4 284.9 294 307.2 315 320.4 322.2 318.1 308.5 292.1 277.7 269.9 264 261.7 259.9 258.1 255.4 250.2 237.9 231.8 224.4 218.2 213.3 212.7 213.6 209.8 197.9 192.6 180.5 162 155.6 148.4 172.2 194 203.4 199.7 201.7 207.7 212.5 218 221.6 224.6 233.5 239.4 245.6 251.5 257.4 263.1 266.3 267.9 270.7 274 273.9 273.2 271.7 270.2 271.9 276.2 278.3 280.6 284.6 285 287.6 291.3 296.3 303.3 309.3 312.7 315.5 316.5 316 315.1 313.4 311
303.1 297.6 293.8 290.3 284.6 286.8 294.7 305.5 312.7 317.8 322.7 318.1 309.2 294.5 283.1 276.1 274.1 274.1 271.3 270 266 259.4 250.4 238.7 227.2 217.1 210.9 206.4 204.9 203 199.5 194 183.1 159.6 151.6 159.1 181.9 184.2 186.8 188.4 192 197.2 203.2 204.1 215.9 227.8 233.4 236.9 242.1 248.5 253.4 257.9 260.7 262.2 264.7 269.2 270.2 269.5 268.9 267.8 268.3 272 274.1 276.1 279.5 279.8 282.3 287.7 293.3 300.3 306 309.7 311.9 312.8 312.3 311.2 309.6 307.3
306.1 302.2 299 295.1 289 288.7 296.9 306.7 313.1 317.6 323.2 318.5 310.4 298.5 288.2 284.6 284.4 283.9 282.1 279.6 274.4 268.5 259.1 246.3 234.3 219.7 209.6 202.7 199.3 199.4 198 194.1 175.1 152 148.2 165.4 172.6 172.3 172.5 176.1 181.1 186 187.7 205.5 215.6 222.7 225.5 233 237.3 243.1 247.8 252.3 254.8 254.9 256.9 262.9 263.7 263.7 263.7 265.2 263.4 267.1 269.2 270.8 273.2 273.5 277.7 284.3 292.4 298.4 302.5 305.9 308.3 309.6 309.7 308 306.4 303.9
310.4 306.3 304 299.8 293.2 290.4 298.8 308.8 315 319 321.6 318.7 310.3 300.6 294 292.3 292.2 292 292.6 291.6 285.9 277.5 266.9 253 238.8 227.3 212.2 200.2 195 194.8 195.4 193.2 167.7 149.2 151.7 160.3 165.3 165.7 166.5 167.4 169.6 173.1 185.3 201.5 209.2 213 219.2 228.1 231.4 236.3 241.2 245 247.7 247.6 249.1 253.7 255.9 256.2 256.4 259.1 257.2 261.1 264.1 265.6 266.4 268.4 274.4 282 289.4 294.4 298.7 303 306.3 308.3 307.7 306.8 304.5 301.1
314.4 311.1 307.7 303.1 297.3 293.6 301.1 311.6 317.6 320.2 322.1 319.7 313.2 305.1 301.2 298.8 299 299.9 301.8 303 298.3 288.3 275.3 260.4 243.7 230.8 212.8 199.2 192 188.2 187.5 187.7 160.7 150 151.9 157.2 159.9 160.8 161.2 161.7 163.8 167.2 174 187.8 195.7 200.7 214 219.5 224.2 228.9 234.2 237.7 240.5 240 240.4 245.1 248.7 248.3 247.5 251 251.6 255.7 259.9 260.6 261 265.2 271.7 278.5 283.9 289.4 295 299.9 304 306.8 307.5 307.6 306.4 303.7
318.2 313.8 309 305.3 302.7 297.5 306.3 315.3 319.9 321.3 322.7 321.4 316.6 312.2 310.1 308.3 308 311.1 313.1 313.4 306.8 295.5 282.8 266.8 248.7 231.9 213.9 199.7 190.8 183.1 178.5 177.2 158.9 150.3 151.6 154.7 156.3 156.3 156.5 157.4 160.2 163.7 169.7 175.8 182.5 189.4 198.3 206.2 213.5 221.3 225.7 229.3 232.7 231.9 232.2 236.4 242.7 242.1 241.6 243.2 249 249.4 255 255.4 256.4 262.3 265.5 273 278.3 284.1 289.3 296.1 300.1 303.2 305.9 307.7 307.8 306
322.6 316.7 311.3 309.1 307.3 300.5 309.6 317.8 321.9 322.7 324.7 325.5 322 320.3 319.6 320.7 321.5 322.2 322.7 321.5 311.4 300.2 285.9 269.4 251.3 235.1 218.8 203.4 191.5 182.8 177.5 166.1 160 147.4 150.2 150.7 152.2 152 152.6 154.3 156.4 161 167.1 172 176.3 180.4 188.4 193.7 198.7 209.6 216.5 220.8 224.3 224.1 225.1 229.3 237.1 237.5 234.5 236.3 243.8 243.9 250.1 249.2 254.1 259.8 262.8 267.6 272.8 278.1 283.4 288.5 293.7 297.4 300.9 304.7 306.6 306.5
325 320.3 314.4 312.6 311.1 304.2 310.5 318.4 321.9 323.8 325 326.1 325.4 327.1 331.8 334.9 333.1 330.6 328.4 324.3 314.4 301.9 286.5 269.2 252.4 238.1 224.2 209 196.3 191.8 188.7 187.3 179.5 167.4 150.4 148.2 149.2 149.8 150.4 150.8 151.3 159.9 166.1 170.2 172 174.5 179.6 182.4 184.3 192.4 203.2 211.4 215.4 215.5 216.8 222.5 228.4 231 225.3 229.7 236.3 237.3 243.1 245 251.6 255.2 258.1 262.3 267.1 272.2 277.4 282.7 286.3 289.9 294.4 299.3 302.1 303
323.7 320.8 317.7 316 314.1 307.7 309.9 317.1 320.4 323.1 324.9 325.8 328.2 334.2 339.6 342.6 343.2 338.3 330.8 322.9 312.8 302.2 285.4 270.7 254.5 241.1 228.8 216.4 212.8 203.5 197.3 194.5 191.3 185.5 172.8 157.8 148.5 145.9 146.2 148 148.8 148.9 161 168.6 167.3 168.5 170.6 173 172.9 178 190.1 200.5 205.4 204.2 208.1 211 217.4 222.7 213.5 220 225 229.8 233 242.5 246.9 248.2 252.8 255.8 261.3 266.5 270.9 275.1 279 282.3 287.2 292.4 295.7 299.1
321.8 321.4 320.3 319.2 316.9 312.7 308.9 313.8 318.8 321.6 324.3 326.6 329.9 336.4 342 346 345.4 337.2 328.6 320.4 310.8 301.1 287 272.9 258.7 243.1 235.4 235.2 228.1 216.7 210 203.6 197.4 192.3 187.7 181.6 173.3 166.2 160.4 150.7 147.2 145.8 150.3 165.9 162.4 161.5 161.6 161.3 160.9 161.5 170.5 179.8 187 185.7 193.5 200.5 207.8 210.4 203.5 204.5 211 214.6 229.3 236.4 240 240.2 245.1 248.5 255.1 260.1 263.6 266.8 270.2 274 277.3 282.9 287.8 294.9
321.9 322.4 323 322.5 320.7 317.7 312.6 315.7 318.8 320.3 322.7 326.1 330.3 336.6 342 344.1 340.9 333.6 324.4 316.5 308.1 299 288.8 276 259 254.3 250.7 245.3 238.6 230.8 225.1 218.7 212.3 203.6 195.5 188.8 183.7 179.8 173.5 165.2 153.1 149 145.9 154.2 158.7 155.3 154 151 148.8 147.7 146.6 152.1 160.1 161 168.2 180.4 191.9 187.2 182.9 186.1 194.1 205 220.5 220.8 221.2 228.1 233.1 240.6 249.1 252.9 256 259 262.2 266.1 269.5 274.4 283.7 293.2
321.1 321.9 323.4 324.6 323.6 321 317 315 319.1 322 323.9 326.4 330 334.6 338.1 339.4 336.6 330.6 321.5 313.4 305.7 297.9 289.1 276.2 271.1 267.2 260 253.3 247.5 243.5 238.2 232.6 226.7 219.8 212 202.6 195.1 188.4 184.3 177.8 162.9 151.4 147.8 144.2 154.2 151.4 149.3 147.3 146.8 146.3 146 145.8 145.9 146.8 150.2 157.5 168.7 169.4 169.1 172.2 180.1 195.1 203.6 203.6 208 214.7 224.4 231.5 238 242.3 247.7 251.2 255.6 256.9 259.7 270.4 279.6 296.2
321.3 321.8 323.6 325.7 326.5 325.2 321.9 318.6 319.1 323.5 327 329.4 331.9 333.9 335 335.4 333.6 328.5 319.8 311.9 305.1 298.6 290.1 286 282.1 275.5 267.1 260.9 257 253.1 248.2 243.3 237.5 231.7 225.7 218.9 211.1 201.6 195.5 189.6 175 158.8 149 147.2 145.4 147.9 146.8 146.7 146.4 145.8 145.7 145.2 144.9 144.2 143.7 144 150.9 157.6 160.5 165.6 171.8 183 191.2 194.8 202.1 210.7 218.2 223.8 227.5 230.7 234.5 239.2 244.7 244.5 250.5 261 273.7 291.1
322 321.4 322.8 325.5 327.5 327.9 326.4 323.1 320.5 325.2 329.6 333.1 335.1 336.2 335.5 334.9 331.8 325.8 318.1 310.8 304.5 298 293.2 293.5 288.9 281.9 274.5 267.9 264.4 261.4 257.6 252.8 247.4 240.8 234.3 227.9 220.6 213 205.4 198.1 188.6 172.2 156 147.5 145.7 146.6 146.4 146.5 146.3 145.6 145 142.4 143.9 144.7 144.3 143.5 142.7 149.6 155.4 161.2 167.6 175.1 183.4 191.4 200.3 208.5 213.8 218.9 221.5 223.8 225 224.5 226.3 228.2 236.5 249.5 263.3 283.6
321.8 319.1 320.9 324.6 327.4 329.2 329.1 327.5 324.1 326.4 331.6 336.2 338.2 339.3 339.1 338.1 334.7 329.2 320.6 312.3 304.4 299.2 296.6 297.3 292 287.3 281.3 275.4 271.2 268.5 265 260.5 255.4 249.5 242.1 235.2 228.7 221.9 214.2 205.8 195.1 185.4 172.1 154 147.1 143.9 146.2 146.3 146.1 143.6 145.7 147.9 145 144.2 144.3 144.2 142.9 145.6 153 157.3 164.2 172.8 181.6 191.6 198.3 205.6 210.3 213.9 216.3 216.6 216.8 216.4 215.1 216.9 224.5 238.8 252.2 273.9
317.9 316.6 319.6 323.8 328.2 330.5 330.8 330.3 327.9 327.2 332.7 337.3 339.4 340.7 341.7 342 339.6 332.4 324.1 316.6 308.6 302.6 299.5 297.9 295.7 292.3 286.5 281.8 277.4 273.8 269.4 265.1 260.4 254.3 247.4 240.5 233.4 227.8 222.9 214.3 200.3 192.5 183.3 171.3 160.4 151.4 144.3 144 144.5 149.4 153 151.4 147.1 143.9 144.2 144.1 143.5 145 151.8 157.1 164.6 172.9 181.2 189.3 196.8 203 207.3 210.2 210.5 210.3 209.8 208.9 206.4 206.8 215.3 228.2 245.3 268.5
312.7 316.9 322.3 326.7 331 333.1 333 330.6 330 328.9 333.6 336.6 339.2 340.7 342 343.5 342.3 335.2 326.8 319.3 312.5 306.6 302.4 299.3 297.4 294.3 290.7 286.4 281.6 277 272.1 267.6 262.3 256.4 249.7 242.5 236.5 231.6 226.1 220.2 210.1 199.6 191.8 179.4 172.2 164 158.7 152.8 148.4 156.7 157.7 155.3 150.5 145 143.8 144 143.6 143.7 150 158.8 166.4 173.4 181.4 189.5 196 201.7 204.6 206.6 205.6 203.3 203.8 201.9 197.7 197.3 207.5 225.1 248.2 274.2
314.9 319.4 325 330.3 335 336.4 334.9 332.1 330.2 329.9 332.6 335.8 339.3 340.8 340.8 341.8 342.2 336.5 329.4 322 316.1 310.4 305.7 301.3 297.4 294.4 291.3 288.2 283.9 278.6 274.3 270.1 264.3 257.2 249.4 242.5 236.9 232.6 228.3 223.9 217.5 210.3 201.7 187.9 179.1 170.9 164.5 156.4 151.9 159.3 161.7 159.3 154.4 145 143.6 143.4 142.5 143.3 149.1 159.6 167.8 172.6 182.1 189.1 195.2 200 202 203.1 200.8 196.9 197.6 196.8 190.9 189.4 200.4 223.1 252.8 280.4
317.8 322.4 327.6 335.1 340.1 340.2 337.2 333.7 330.9 330.5 331.7 335.4 340.2 342.2 340.6 338.9 338.3 336.4 331 324.7 317.8 311.7 305.8 300.7 296.1 293 290.5 288.1 284.3 280.4 276.4 272 264.3 256.5 248.6 240.3 235.8 232.5 229.4 227.7 222.9 216.7 209.3 196.5 184.6 175.2 165.5 157.6 154.8 162.7 165.5 162.8 157.6 146.5 143.2 143 142.5 142.9 149 159.3 169.3 175.6 182.7 188.8 193.6 197.7 199.8 199.3 196.8 190.9 191.9 191.6 184.7 182.3 194.6 220.6 253.1 284.1
319.9 324.2 330.4 339.6 345.2 343.7 339.7 334.2 331.3 330.3 331 334.3 339.9 344.8 343.1 338.4 333.8 332.4 328 323.1 317.7 310.8 304.4 299 294.6 291.5 289.7 287.2 284.3 281.3 277.7 272.7 264.7 256.2 246.1 237.3 232.3 231.4 229.9 228.4 223.7 211.5 199.8 189.6 181.3 171 162.7 159 158.5 166.9 169 166.5 160.4 152 143.2 142.6 142.6 143.4 149.5 159.9 169.5 177.7 185.2 188.8 193.1 196.1 197 195.3 192.7 186.2 185.4 186.4 180.3 175.9 188.1 215.7 250.4 279.3
321 324.6 330.6 340.9 347.5 345.2 341.1 335.4 331.2 330.5 330 334.3 339.3 345.4 345.9 339.5 331.6 325.6 321.6 317.9 313.8 308.3 303.3 297.8 292.6 289.1 287.6 287.3 284.7 282.3 279.5 272.3 264.1 255 242.4 234.8 228.8 227 225.6 218.1 203.5 189 176.8 170.4 169.8 164.2 164.2 164.9 167.8 173.1 171.9 169.4 163.2 154.7 144 142.5 142.1 144.2 152.2 161.2 170.8 180.4 188.2 192.5 193.7 194.7 193.8 191.5 188 181.8 179.8 181.1 174.9 171.5 184.1 211.1 241.8 269.4
320.4 322.1 327 339.5 346.9 344.3 340.6 335.8 331.6 330.3 329.3 332.9 337.6 343.2 344.4 339.4 331.2 320.4 312.9 310.2 308.4 305 301.4 296.8 292.1 286.7 284.3 285.4 284.3 280.8 274.1 265.2 262.4 254.6 244.9 236.3 229.4 223 210.4 195.8 178.3 180.8 187.9 191.3 190.9 188.9 187.3 182 180.3 178.6 175.1 170.9 164.3 155.2 144.8 142.6 142.4 146.3 157.2 163.8 171.4 180.3 188.8 192.7 195 194.5 191.1 187.2 182.9 178.4 175.1 176.3 170.5 167.3 179.9 209.2 240.8 251.9
319.1 319.3 321.9 334.5 344.9 342.7 339 334.9 331.5 329.8 328.1 330.2 334.6 338.2 338.1 335.9 329.5 319.2 308.2 302.4 301.8 299.6 297.4 294.3 290.7 285.8 278.6 280.4 278.6 265 249.6 237.6 238.5 241.8 241.5 238.9 231.3 219.6 199.9 179.7 188.9 201.5 209 211.6 210.9 210.1 206.8 200.1 188.7 182.3 176.7 170.6 163.3 154.6 145.6 142.1 142 151.1 164.8 168.3 173.5 180 186.5 190.4 191.9 190.6 188.1 183.2 177.4 170.5 168.2 169.8 164.7 164.2 178.7 206.8 233.2 228.8
