app/static/ascii/SK18.asc
ncols 200
nrows 200
xllcorner 410000
yllcorner 380000
cellsize 50
[rows 105 to 139 of 200, columns 0 to 77 of 200]
329 321.7 313.7 306.3 299.6 292.6 287.2 282.5 278.7 275.6 273.2 270.8 268.8 266.8 264.8 263.1 260.7 259.2 258.3 256.5 249.5 247.6 246.8 246.2 246.2 245.1 240.4 238.9 245.4 248.2 249 250.8 252.3 250.6 251.2 251.8 253.5 254.3 253.7 252.8 254.6 255.3 256.3 257.6 257.5 257.6 257.9 258.2 256.3 259.2 260.3 261.9 264.9 267.5 268.5 270.3 272.7 276.8 277.8 279 279.6 280.5 284.6 288.1 290.5 296.6 301.1 307.2 313.6 319.5 327.6 340.7 350 355.8 363.8 369.6 378.7 388.8
329.6 322.1 312.8 306.2 300.5 294 288.3 283.5 279.9 276.7 273.5 271 269.6 268.5 265.8 264.1 259.6 257.9 251.3 251.7 254 253 251.4 250.2 248.4 245 244.5 250.9 250.4 252 251.6 253.3 253.9 249.1 254.9 255.8 256.2 257.1 258 258.6 259 258.8 259.3 260.8 261.6 262.2 262.1 262.1 261.1 263.9 265.7 268.3 270.8 274.3 274.7 277.2 280.7 286.8 286.7 287.6 288.4 292 297.3 303.1 307.2 311.1 318 323.9 330.1 336.5 344.4 353.8 365 377.1 384.8 394.3 400.7 406.3
334 319.1 313 305.7 299.6 293.7 289.5 284.6 280.9 277.7 274.5 271.3 269.8 268.2 260.7 263.7 258.9 257 260.3 260.2 258.5 257 255.4 255.3 254.8 252.2 251.4 252.8 254.1 255.2 255.4 256.2 256.9 251.8 258 258.8 258.8 259.8 260.7 260.7 261.9 263.9 263.8 264.6 265.4 266.6 267 266.9 268.4 268.8 271.8 274.5 276.6 281.1 281.5 286 289.3 297 295.6 302.2 298.3 306.7 312.6 319.6 325.7 331 338 343.6 349.2 354.1 358.8 366.7 375.9 388 399.3 407.2 412.6 417.9
336.8 319.5 308.4 304.5 297.1 292.9 288.8 284.6 281.5 278.1 275 272.1 261.8 266.2 264.3 258.8 261 262.7 261.9 261.5 261 260.5 260 259.5 259 258.4 259.1 258.8 260.5 259.9 258.7 259.4 260.1 262.1 260.5 260.9 261.5 262.2 263.5 266.1 267.1 270 270.7 269.6 269.5 270.5 271.6 271.5 269.8 273.8 277.5 280.8 282.5 287.4 298.3 301.9 306.7 305.3 306.3 315.1 318.3 324.1 331 339 345.2 352.9 358.9 362.7 366.8 369.6 373.4 377.1 383.6 395.1 405.4 415.5 414.2 410.2
343.5 323.3 309.9 300.6 294.9 290.9 287 283.6 280.8 271.4 263.4 270.5 267.4 261.8 261.6 269.8 269.1 266.8 265.6 265.4 264.8 264.5 264.3 264.1 263.6 263.1 262 262.1 263.1 264.6 263.2 263.9 264.6 265.5 264.8 264.4 265.4 266.8 267.8 271 272.7 276.1 278.5 278.5 278.9 279.3 278 272.6 269.6 279.1 283.4 288.4 292.6 303.5 308.5 312 312.3 313.2 318.3 330.1 333.9 344.3 352.9 362.7 368.6 373.2 377.5 380.2 384.9 387.1 388.9 391.7 394.6 397.8 395.8 393.8 394.8 395.1
342.3 321.3 311.1 301 295.8 291 286.9 280.5 262.7 276.1 274.3 266.2 267.3 268.1 272.2 273.8 272.8 271.3 269.6 268.9 268.8 268.6 268.5 268.3 268.2 267.7 266.8 267.2 268 268.8 267.8 268.3 269.1 269.6 269.8 269.1 270 274.3 277 276.6 278.7 285.3 286.6 288.3 289.9 289.1 287.5 281.4 279.7 286.3 292.4 300.7 305.3 311.4 322.5 328.2 322 324.8 337.7 341.4 352.8 364.1 373.6 380.5 385.9 389.8 393.7 396.2 397.7 388.4 381.5 377.6 372.8 369.3 367.9 367.2 373.1 379.1
333.3 318 307.9 302 296.7 292.3 287.6 283.6 281.3 274.7 269 276.1 276.9 276.9 276.6 277.6 276.5 275 273.6 272.9 273.4 273.2 273.1 272.9 272.7 272.4 270.8 272.6 272.5 270.8 271.1 272.1 273.9 273.6 272.6 272.1 276.7 283.8 290.5 285.4 292.5 292.5 293.3 293.9 295.2 297.2 294.6 290.3 287 293.4 299.3 304.4 311.5 319.7 324.8 327.3 339.9 354.2 347 348.8 369.3 382.7 389.4 396.7 403 404 391.7 381.6 372.9 362.1 354.3 352.8 352.4 349.8 347.9 345.6 355 358.3
339.4 318 308.3 302.8 296.8 292.5 288.5 283.1 281.4 277.9 281.1 281.5 281.6 280.8 280.8 281.5 280.1 278.7 278.1 278.1 278.6 278.5 278.3 278.1 277.9 277.1 276.6 277.5 275.4 275 274.2 275.5 277.3 278.1 275.4 275.1 285.8 292 292.6 293.5 294 297 298.9 300.5 300.5 304 301.3 294.3 296.1 298.7 304.1 310.5 323.7 333.9 339.9 337.5 343.3 349.1 354.7 360.3 392.5 398.9 406.4 414 397.1 384.2 372.1 361 353.6 343.5 338 337.1 336.7 333.7 330.7 327.5 338.1 339.4
332.9 319 312.7 303.7 296.8 292.2 289.6 287.7 283.7 281.9 286.4 286.8 286.8 286.7 285.4 285.2 284.2 284 282.8 282.3 283.6 283.7 283.5 283.3 282.8 282.2 282.1 282.5 279.9 281.2 279.4 281 280.4 280.3 279.4 279.4 290.6 294.1 297.3 298.3 299.8 300.9 306 310.2 308.9 310.2 305.8 301.5 302.2 304.1 308.5 316.2 321.3 331.7 338 345.8 352.3 357.1 367.3 383.6 406.6 418.5 415.9 397.9 382.9 368.6 355.4 343.3 336.1 326.1 316.3 316 319.7 312 310.9 308.9 316.3 317
324.1 311.7 307.7 302.1 300.1 296.2 290.9 287.2 282.2 287.9 290.6 292.1 292.7 292.5 290.8 289.3 290.1 288 288 287.9 287.1 288.3 288.8 288.5 288.1 287.9 287.4 287 286 284.8 282.8 285.5 286.1 286.5 286.2 280.8 293.8 299.1 300.1 301.3 302.9 307.8 310.6 312.3 315.9 316.1 314.8 309.4 305.9 312.4 317.8 323.9 328.2 333.4 341 351.2 363.3 374.7 388.9 411.7 425.7 421.2 404 385.8 371.7 358 341.3 325.2 316.4 310.2 300.4 298.3 299.8 293.3 292 290.2 294.8 295.4
318.7 313 311.1 307.3 302.9 297.2 292 283.9 293.1 294.2 295.5 297.2 298.2 297.9 296 295.7 295.9 293.6 293.8 293.9 292.4 292.9 293.5 294.3 293.3 292.3 291.1 290.7 292.4 291.2 288.4 290.6 290.6 290.8 290.6 289.5 297.3 302.7 303.9 305.2 308.4 311.8 313.7 317 322.8 325.6 322.7 318.2 314.3 321.3 324.6 328.7 338.6 347.2 349.7 363.7 382.2 388.6 410.3 432.8 433 417.5 394.7 373.7 356.4 339 329.9 316.1 300 294.9 287.6 281.9 283.3 278 277.3 277.5 275.2 273.8
327 321.6 314.9 310.1 304.1 297.6 288 296.9 299.1 300.3 301.6 302.7 304.4 304 303 301.6 301.3 300.4 300.3 300.1 299.1 297.8 300.5 300.4 300.3 299.8 298.1 297.6 297.5 297.4 294.3 296 295 296.6 296.8 295.8 302.6 306.9 309 310.5 309.8 314.8 320.2 322.5 330.2 332.3 330.4 326.7 325.3 330 338.1 345.1 352.6 364.1 378.3 390.1 400.6 409.2 433.4 443.4 431.1 408 381.7 358.4 339.7 324.9 311.1 303.3 291.9 282.9 278.7 274.1 270.8 268.2 267.1 266.2 264.2 262.7
332.7 324.8 317.8 312.5 302.1 291.8 300.3 303.2 305.2 307.3 309.6 311.1 312.4 312 311.2 309.9 308.5 307.3 306.9 307.2 305.9 305.9 306.7 306.7 306.4 304 301.3 303.7 303 303.6 300.7 301 302 303.1 302.6 302.2 306.7 311.8 317 320.2 320.9 322.3 327.9 330.4 333.5 337.8 337.6 335.6 336.1 340.9 345.7 356.1 365.3 376.7 391 404.1 419.7 435.1 450.4 444.5 426.3 398 368.8 346.3 328.5 310.6 300.9 291.2 283.4 276.5 270.8 268 264.6 261.7 259.5 258.3 256.6 254.5
333.8 327.1 320.4 309.5 296.8 307.3 310.3 312.5 315.4 316.4 317.6 319.4 321 321.1 320 320 319.1 316.6 315.1 315.7 311 311.6 312.8 313.2 313.1 311.4 310.2 310.4 310.7 308.8 307.3 306.9 307.8 308.9 308.2 308.6 310.1 316.6 324.3 329.9 330.1 331.2 336.4 337.3 338.7 344.1 346.6 344.1 347.5 353.8 359.5 368.1 381.2 390.2 404 418.1 434 451.7 456.9 445.7 419.8 390.4 362.2 341.9 323.1 306.9 293.4 282.5 274.9 272 265.9 263 259.7 256.7 253.3 252.5 250.9 248.5
336.3 324.3 314.2 305.3 315.7 318.6 324 327 329.5 330.1 330.3 333.4 333.6 336.7 334.9 333.1 331 329.2 325.3 324.5 321.8 321.6 320.9 320.2 319.6 318.8 318.2 317.5 318.2 315 313.7 313.7 313.6 314.3 314.4 315.3 317.8 321.1 329.1 337.5 340.3 342 343.8 345.8 347.1 351.2 353.8 353.6 357.5 364.8 375.8 387.1 398 410 420 434.5 450 462.9 461.8 446.9 417.1 389.2 363.4 346.5 332.6 321.5 300 291.4 272.4 267.5 260.7 256 253 249.7 248 246.8 245 242.9
331.4 318.9 323.8 320.8 328.2 332.2 343.2 348.4 350.7 352.5 352.8 352.7 355.1 357 360.7 357 352.3 345.9 339.9 336.2 332.3 330.1 331.5 330.9 328.5 327.6 326.3 325.9 326.4 323.8 322.8 323 318.1 322.2 323.6 325.3 330.5 335.7 341.3 350.5 353.7 356.7 355.7 355.9 357.6 359.1 359.4 361.7 366.8 374.9 389.1 402.8 413.9 426 439.4 451.3 465.2 470.7 463.2 443.1 412.9 388.4 366.6 345.2 328.2 311.2 293.5 285.2 270.9 263.5 258 253.1 247.4 244.6 243.9 240.6 240.9 239.9
339 336.6 333.9 334.5 338.5 349.2 358.2 366.4 371.5 375.8 379.3 384 384.3 387.2 388.7 387.8 381.2 373.6 363 348.6 344 342.2 344.5 343.3 339.7 337.1 334.6 336.1 336.2 339.3 337.4 335.4 327.2 328.5 331.7 337.3 344.1 351.7 357.8 362.7 369 370.3 368.3 368.7 371.2 369.4 369.6 369.8 376.5 386.2 399.4 416.6 432.9 445.4 455.7 469 480.3 480 465 432.2 400.8 373.1 353.1 333.4 318 302.3 290.8 278.7 271.6 264.3 257.2 251.8 245.5 238.5 238.4 239.6 234.4 233.7
346.7 343 343.4 340.6 355.4 359.7 371.7 381 389.3 395.7 402.5 406 407.9 408.8 411.1 411.4 408.1 396.9 376.3 363.5 360.8 356 363.6 361.7 354.5 348.4 346.5 345.9 346.7 356.7 357.5 351.6 342.6 338 339.7 347.3 355.6 364.9 371.4 373.4 374.1 378.1 380.5 384.7 389.1 384.6 381.3 385.9 388.1 392.9 405 421.8 439.3 458.7 471.6 482 488.5 481.5 457.1 418 389.8 364.9 344.7 325.3 309.9 301.4 291.4 281.8 273.3 266.1 259.4 254.1 247.1 239.8 231.7 233 230.6 230.1
355.2 353.3 353.2 358.6 365.5 370.3 384.5 391.2 405.7 415.5 423.7 432.6 437.8 440.6 442.2 441.3 434.3 409.2 385.6 380.9 379.9 372.4 381.1 381.1 368.7 364.7 362.3 362.3 360.2 366.6 368 362 352 353.7 350.5 354.3 363.7 374.4 382 382.1 378.1 381.4 389.3 396.5 401.3 400.9 399 400.4 408.1 404 408.7 421.2 439.2 458.5 479.7 491.8 495.1 484 453.3 417.1 383.2 357.2 336.7 322.7 311.9 304.6 295.8 285 276 270.3 265.1 258.8 252.1 243.2 236.7 228.9 229.9 227.5
368.4 371.6 370.5 377.6 381.7 388 393.5 406.9 419.5 431.7 443.1 454 459.3 463.5 466.1 465.9 449.2 419.3 402.7 404.2 400.6 392.3 402.6 399.3 391.4 387.5 383.6 381.9 379 383.3 381.9 372.3 366.2 363.9 362.8 362.6 368.9 379.9 392.7 396.2 394.3 395.5 403.5 405.5 410.5 408 411.1 414.3 420.7 421.6 419.5 425.3 441.7 458.4 480.4 497.4 499.4 485.5 459.3 422 385.5 358.9 335.4 324.1 313.3 305.1 299.4 291.2 280 273.8 268.6 261.5 254.1 246.2 238.9 231.5 226.8 223.6
387.3 386.6 388.8 392.6 396.6 399.5 410.9 422.1 434.3 445.8 458.9 469.4 476.6 487.9 494.4 487.4 461.9 443 423.9 426.9 420.4 414.5 422.1 417.8 410.3 415.3 406.3 402.1 399.6 401.5 397.4 384 377.3 374.3 375.1 375.9 378.5 386.8 402.4 415.8 416.2 417.1 416.7 411.7 411.6 412.1 414.3 417.5 426.1 425.5 421.9 431.4 450.7 466.4 484.8 501.2 500.7 483.7 459.1 423.6 390.1 359.1 339.1 329.5 321.6 311.1 301.3 291.9 282.5 276 271.4 265.7 259.8 252.3 241.7 233.2 225.7 220.5
404.6 405.2 407.7 410 415 419.2 426.6 437.1 447.6 459.8 472 485.8 503.3 512.7 514.5 507 487.3 462.9 451.5 452.8 446.7 442.1 450.1 443.7 434.8 435.9 431.8 424.4 417.4 419.3 411.4 402.8 393.4 388.8 390.3 392 392.9 400.4 412.4 428.1 429.5 430.8 431.5 428.2 424.5 417.6 416.9 418.7 423.7 424.3 423.5 440.3 463 478.5 493.2 507.2 502.1 479.7 455.5 416.2 375.5 357.9 352.3 342.7 329 313.8 300.8 290.7 282.4 275.3 269.6 266.1 260.3 252.7 242.4 233.2 225 220.6
421.9 423.1 424.8 428.1 432.5 436.6 443.2 453 463.3 473.5 487.7 503 514.5 522 524.5 520.7 510.8 493.4 482.3 479.3 474.4 473.9 474.7 471.5 461.3 457.8 451.3 445.8 440 439 430.7 420.6 413.3 409.6 410.4 412.6 413 419 425.6 439.3 443.2 436 433.2 433 431.1 421.5 424.6 428 432.8 432.7 436.5 450.5 481.5 494.6 505 513.9 504.5 473.1 425.2 386.9 364.5 358.4 363.8 343.5 322.2 305.9 296.3 289 277.2 272.7 268.8 263.2 256.6 248 239.3 232.5 224.9 220.6
439.7 440.9 442.3 444 449.2 454.5 461.3 469.6 479.5 489.7 502 512.2 519.5 525.5 527.7 528.1 525.9 520.6 518 510.8 503.9 500.3 498 494.4 489 484.4 475.4 467.1 460.4 455.7 450.6 444.4 435.7 430.1 429.9 431.7 434.8 437.1 442.2 446.1 443.6 440 440.7 438.1 440.7 432 430.1 432.9 437.5 442.5 442.6 456.6 496.6 505.1 509.3 509.2 482.3 438.4 402.7 381 365.7 360.4 353.4 339.4 320.5 309.1 295.1 283.2 275.6 271.6 267 261.6 253.5 245.3 237.4 231 224.7 219.9
454.7 456.8 456.8 458.9 467.3 472.1 478.4 485.4 493.6 499.4 509.2 517.4 523.5 526.8 529.8 531.4 533.4 536.1 537.7 536.2 535.5 533.2 526.7 520.2 514.7 509.4 502.8 495.5 487.9 480.7 471.7 463.9 458.9 455.3 455.4 456.7 457.7 461.6 466.7 466.7 458.5 451.7 445.5 443 452.5 449.8 440 441.2 443.4 447 447.5 467.2 494.8 495.1 490.5 487.1 470.5 425.7 406.2 383.2 365.2 357 352.8 342.4 327.1 302.7 289.5 279.9 273.2 267.6 261.6 259.4 253.4 246.8 240 231.1 223.2 217.8
469.1 471.3 473.4 476.3 482 486.2 492.3 498.1 502.3 507.5 513.8 521.6 525.6 529.4 531.5 534.4 537.3 539 539.1 540.9 543.4 544.3 544.3 549.8 545.7 540.1 530.5 521.8 514.7 507 498.9 492 486 481.6 484.1 485.4 483.9 483.9 486.5 490.4 493.9 491.2 485.4 470.2 459.7 463.3 465 452.8 452.3 452.6 459.5 478.2 476.9 474.8 470.3 465.5 462.1 445.5 418.3 397.6 377.8 358.5 355 349.4 342 309.1 287.9 273 271.6 261.8 257.8 257 250.6 245.8 239.4 229.7 222.3 217.3
480.5 482.7 486.1 488.7 492.6 497.7 502.2 506.6 510.8 516.4 520.7 523.9 527.7 531.6 534.5 537.2 539.1 541.1 542.5 544.6 544.6 544.6 544.6 549.7 545.9 540.9 537 532.1 529.7 523 516.6 511 510.5 503.7 503.1 501.3 500.7 500.1 496.3 492.6 494.9 495.2 493.7 489.3 485.8 480.6 478.9 472.8 469.7 462.6 459.8 463.3 461.1 455.2 448.9 442.2 437.7 430.2 421 406.7 389.5 380.5 369.1 355.2 336.5 323 308.3 314.3 294.4 269.4 254.8 244.9 244.2 240.1 235.5 227.1 222.9 218.6
488.4 491.3 494.4 497.6 501.6 504.6 508.6 513.1 517.1 520.1 523.1 525.9 529.8 532.7 535.3 537.2 539 541.1 542.6 544.6 544.6 544.6 543.7 541.5 537.3 531.5 522.8 519 514.5 509.6 502.8 497.9 493.6 490.6 488.7 489.8 486.7 483.6 481.2 479 478.7 479 476 471.2 469 467.3 463.1 457.6 453.4 450.5 448.4 442.5 438.7 434.8 428.8 425.8 419.8 412.8 406.8 397.8 388.7 375.7 366 357.3 341.4 330.6 334.3 336.6 318.6 288.2 269.4 255.1 243 236.1 230 227.1 221.9 219.5
494.2 496.8 499.9 503.6 507.1 510.3 514.2 517.3 519.8 522.9 526 528.4 531.6 533.6 535.7 537.3 538.9 539.6 541 542 543.9 541.5 537.3 533 524.1 516.6 509.9 504.4 498.3 491.8 483.9 477.3 473.7 468.7 468.3 468.1 466 465.1 464.6 462.4 463.1 462.5 459.5 457.5 453.9 452.3 446.6 439 438.7 434.3 435.2 432.1 428.3 423.2 420.4 417 411.1 404.1 397.6 390.3 383.9 375.6 366.1 353.5 344.4 342.8 354.3 341.5 326.9 310.8 292.8 267.5 252.7 240.9 233.7 226.5 220.1 219.2
497.7 501 502.5 507 511.1 514.6 517.5 520 522.5 525.7 527.1 529.8 531.6 533.6 535.5 537 538 538.3 538.1 537.9 537.5 535.9 528.7 519.5 508.7 501 493.9 485.5 478.1 472 464.4 460.8 456.5 451.7 451 450.7 450.2 450.4 449.4 449.1 448.5 448.1 446.1 443.8 439.7 435.9 429.9 425.7 424 424.1 425.7 423 419.5 415.9 412.7 408.1 402.2 395.1 391.9 386.2 379.8 373 359.4 350.9 349.8 356.2 358.4 347.9 350.7 332.3 309.3 277.5 256 243.4 233.7 225.8 219.8 218
499.2 502.3 505.4 508.9 513.6 516.7 519.8 522.6 525.2 527.6 528.1 528.5 530.5 532.4 534 536 536.5 535 533.4 532.5 531.7 524.7 515 501.7 492.7 482.1 472.8 465.7 458.4 452.2 447.3 442.8 437.2 436.9 437.3 437.5 437 435.7 436.4 435.7 436.2 435 432.9 429.4 426.1 424 420.5 418.7 418.8 419.1 419.2 417.2 414 410.7 407.4 400.9 396.6 389.7 385.3 382.8 376.1 367.5 356.6 357.3 361.9 364.3 362.3 366.6 364.5 342.9 316.4 286.9 259.3 245.8 235.6 228.3 221.1 216.6
499.4 503.1 506.4 510.2 513.5 517.4 520.1 523.3 524.9 527.8 527.4 527.3 526.9 527.7 526.9 526.1 525.4 522.2 520.5 513.3 506.7 500.5 491.8 482 472.1 463.3 456.2 448.5 440.5 433.4 430.9 427.9 424.3 424.1 423.7 424.1 423.1 423 423.6 423.5 424.5 423.4 421.9 418.7 416.7 416.2 415.1 414.8 415.2 415.3 414.8 411.1 407.9 406.3 401.7 398.7 391.8 385.9 377.7 373.9 368.1 365.4 366.2 369.9 372.1 371.9 374.4 379.3 374 352.7 323.2 294 271.3 248.3 235.7 226.4 221.9 217.4
499.7 503.8 507.7 511.4 514.7 518 520.4 521.4 522.6 523.8 523.1 523.1 521.2 519.4 517.8 513.6 507.4 502.1 495.5 491 485.6 479 472.8 461.2 454.5 447.3 437.5 432.5 426.5 422.1 421.1 417.6 413.1 412.7 413.1 413.4 413.6 413.4 413.5 413.1 415 414 413.7 411.2 409.7 408.7 408.5 408.5 409.3 410.8 411.4 408.4 407 403.9 400.4 396.6 389.9 387.2 387.5 385.4 377.7 375.6 376.8 377.2 378.9 381.3 383.5 385.1 391 361.3 329 301.1 277.9 250.9 236.4 227.4 221 217.1
501.1 505.1 509 512 513.6 515.2 517.4 517.5 518.4 517.2 515.9 512.5 510.1 503.9 499.3 494.7 488.2 480.7 475.3 469.3 465.4 457.6 450.4 445.3 439.4 433.3 424.8 422.2 415.4 412.1 409.5 407.3 405.2 405.4 405.5 406.4 407.2 407.3 407.8 407.3 405.6 405 405 405 404.7 404.5 403.5 403.7 404.5 405.9 409.5 410 409.3 405.7 401.3 396.6 391.7 394.4 393.4 386.1 380.5 381.2 383.2 381.6 381.4 382 384.2 387.4 390.1 369.4 339.8 311.7 285.2 256.6 240.1 230.7 223.5 219.2
500.7 505.9 508.9 510.5 510.6 511.8 513.7 512.8 510.9 507.5 503 498.5 492.8 486.9 480.3 475.2 470.1 462.7 455.1 448.3 445.3 440.4 434.5 430 423.9 420 414.3 408 405.2 402 401.3 400.6 399.2 399.1 399.9 399.9 400.8 401.2 402.2 401.5 400.4 399.9 400 400 400.2 398.8 400.1 400.4 401.3 403 407.3 411 409.4 406.7 402.2 397.6 395.4 399.3 394.9 390.2 386.4 386.6 386.4 384 381 382.6 384.6 387.6 392.4 375 348.8 321.5 293.2 264.5 246.3 237.2 228.7 223.1
