app/static/ascii/SK19.asc
ncols 200
nrows 200
xllcorner 410000
yllcorner 390000
cellsize 50
[rows 140 to 174 of 200, columns 78 to 155 of 200]
473.1 467.2 461.1 455.2 450.6 444.3 438.5 432.2 426.9 421.9 415.9 409.8 404.1 396.3 387.6 374.3 361.2 351.5 339.2 325.4 310.6 296.4 284.7 275.6 273.7 278.6 283.1 294.4 302.2 320.1 333.1 338.1 336.6 332.3 325.6 314.6 300.9 290.3 281 272.6 262.4 262.4 268.9 282.6 291 294.6 293.8 292.1 291.2 289.2 287.1 282.8 277.5 268.2 262.4 262.4 262.4 262.4 262.4 262.4 262.4 262.4 262.4 262.4 262.4 262.4 262.4 262.4 279.7 306.9 334.4 355.7 372.2 382.6 390.3 395.1 395.7 396.2
473.1 466.7 459.6 453.6 448.6 442.8 437.1 430.9 425.5 420.6 414.9 409.4 405.4 399.2 390.8 382.7 373.8 365.8 357.5 344.8 330.4 313.9 299.2 289.5 280 273.6 272 274.5 280.5 296 309.1 316.7 316.4 315.2 310.3 298.2 288.1 281 272.2 262.4 262.4 266.3 286 306.5 318.1 318.6 316.6 314.4 312.2 308.5 305.1 299.1 291.9 281.7 273.3 264.6 262.4 262.4 262.4 262.4 262.4 262.4 262.4 262.4 262.4 262.4 262.4 264.5 288.4 314.4 345.1 367.3 378.9 386.1 392.6 391.9 392.4 393.1
471.3 464.5 457.7 451.9 446.4 439.7 433.4 427.6 422.1 417.2 411.1 406.9 404.6 399.9 391.5 383.5 377 370.8 363.8 355.2 344.2 330.9 313.1 290.5 282 284.4 279 275.1 270.3 270.3 279 288.5 292.2 292 288.9 281.2 275.1 263.4 262.4 262.4 273.8 289.3 309.7 327.4 335.1 338.1 339.7 339.9 338.6 333.5 326.7 320.4 307.9 297.9 289.2 280.3 269.9 262.4 262.4 262.4 262.4 262.4 262.4 262.4 262.4 262.4 262.4 268.1 292.7 318.9 351.8 372 381 387.9 391.7 391.7 391.4 391.5
469.5 461.2 456.2 450.5 442.8 435.9 429.5 423.8 417.7 412.7 406.5 401.5 398.5 394.9 388.6 381 373.8 367.7 360.4 349.6 335.3 319.7 298.8 290.5 301.5 297.4 288.8 280.2 272 270.3 268.1 267.2 270.2 270.2 266.6 264.2 262.4 262.4 268.9 280.5 294.6 312.6 329.4 344.6 352.5 358.8 363.7 367.3 364.6 358.8 351.5 344.1 335.3 327.1 315.5 298.3 286 275.1 265.6 262.4 262.4 262.4 262.4 262.4 262.4 262.4 262.4 274 294.7 324.5 355.4 373.2 381.8 388.7 391.1 389.9 389.4 388.5
467.7 460.4 454.8 449 441.7 432.7 425.2 416.8 409.7 404 397.5 392.8 388.8 381.3 374.2 367.3 363.5 356.2 346.8 334.1 319.7 303.4 295.5 311.1 319.1 307.7 290.2 277.5 275.2 275.4 273.5 268.7 266 265.8 265.3 264 268.2 279.8 288.8 301.5 315.2 330.4 345.2 360.2 372.4 380.2 378 375.1 371.7 365.1 359.1 354.3 349.6 343 336.2 324.3 312.1 297.1 284.8 271.9 262.4 262.4 262.4 262.4 262.4 262.4 262.4 277.5 298.2 328.8 356.7 373.6 381.5 386.9 388.3 387.7 387 386.2
466 460.2 454.1 448 441.2 433.1 424.7 411.2 395.2 384.2 386.5 378.8 364.3 357.6 351.3 346.3 342.8 336.9 325.8 316.9 303.5 305.9 318.8 330.3 318.7 296.2 278.6 283 287.1 288.1 286.7 281.3 277 275.8 278.2 283.2 290.8 299 307.7 321.5 334.8 348.9 362.6 379.4 386.6 385.3 381.9 378.4 374.5 369.2 364.9 360.3 356.1 350.7 345 337.2 328.7 309.6 286.9 275.3 262.4 262.4 262.4 262.4 262.4 262.4 262.4 284.2 306.2 334.9 361.4 375.1 381.7 384.9 385.7 385.1 383.3 383
464.2 459.2 452.8 446.1 437 430.5 422.5 412 395.1 380.2 365.7 360.2 348.6 338.9 332.6 326.6 324.3 318.3 311.3 309.2 314.6 325.1 336.2 331.3 307.9 289.6 285.5 298.4 304.4 303.7 301.2 296.5 293.8 293.8 297.4 302.6 309.1 317.5 328.7 341.1 353.4 366.2 382.4 392.9 392.5 389.6 385.7 381.8 377.5 372.6 367.9 364.4 360.7 355.4 348.8 340.7 327.6 299.9 281.1 268.2 262.4 262.4 262.4 262.4 262.4 262.4 265.8 290.3 314.9 341.7 368.4 375.9 382.4 383.3 383.3 382.3 379.7 378.3
462.1 456.2 450.1 443.6 435.7 425.1 417.2 406.6 392.1 376 364.7 342.5 333.9 338.5 335.8 332.4 329.2 325.3 324.9 327.4 332 340.9 345.9 329.1 303.5 285.1 301 314.4 320.9 320.6 317 313.6 312.3 311.3 314.2 321.4 327.5 337.5 348.6 360.6 372.8 388.1 396.7 397.3 396.1 393.5 389.4 385 380.1 375.2 370.9 366.5 361.9 355.9 348.2 338.6 325.1 293.8 275.1 262.4 262.4 262.4 262.4 262.4 262.4 262.4 273.5 297.6 323.2 350.7 369.2 375.5 379.8 381.6 380.7 378.3 374.6 372.6
459 451.6 444.5 438.2 429.3 417 407.3 398 386.7 370.2 350.9 348.1 357.7 361.7 360.8 357.3 351.2 348.5 347.8 349.9 353.6 357.4 349 329.1 303.3 295 313.7 325.6 335.4 335.8 334.3 331.3 330.5 329.9 331.8 338.6 347.6 357.9 368.3 382.3 395.9 400.8 401.6 400.5 398.8 395.8 391.4 386.3 381.3 376.1 371.4 367 362.5 354.8 345.3 335.4 320.8 289.3 268.1 262.4 262.4 262.4 262.4 262.4 262.4 262.4 281.1 305.9 332.3 360.2 370 376.2 378.3 378.2 376.5 373.1 369.8 367.1
447.7 439.1 434.7 425.6 412.8 401.8 392.2 383.5 375.3 358.7 360.1 365.8 375.2 383.4 387.8 386 381 378.6 377.2 375.3 373.1 366.1 353.2 333.5 306.3 298.2 319.4 337 348.6 352.5 353.3 351.7 352.2 352.4 354.6 360.7 369.5 378.5 391 401.7 405.4 406.2 405.1 402.8 400.3 397.1 392.7 387.5 381.9 376.4 370.6 365.5 359.6 351.2 340.8 330.7 311.7 282.3 263.3 262.4 262.4 262.4 262.4 262.4 262.4 264.4 289.4 315.3 341.6 361.2 369.1 373.3 374.6 373.6 370.4 367.3 365.2 361.3
447.7 430.8 416.5 408.1 395.2 389.8 386 370.3 371 371.2 375.4 384.1 394.1 399.9 401.3 400.4 397.8 395.6 391.4 385.3 379.1 365.4 348.1 328.8 306.2 297.7 322.4 341.3 359.5 371 374.2 375.8 376.5 379.4 380.9 387.5 394 402.6 406.8 408.1 408.9 407.2 405.6 403.9 400.9 397.4 393 388.3 382.1 376 369.7 363.3 355.5 346 335.4 322.8 302.7 276 261.1 246.3 252.8 262.4 262.4 262.4 262.4 273.8 300.2 327.3 353.7 361.6 364.8 367.6 367.4 367.8 363.9 362 360.6 352.8
458.7 447.6 433.3 424.1 416.1 408.8 401.9 389.5 390.1 389.9 393.6 402.2 407.5 410.9 412.9 412 407.8 404 398.5 389.2 374.8 354.8 333.6 315.1 312.9 301.9 320.9 340.2 360.6 378 385.5 389.2 392.4 396.7 400.7 403.5 406.7 409.4 410.7 411 410.1 408.6 405.9 403.4 401.1 397.2 392.7 387.9 382 375.3 367.9 360.5 351.3 341.7 331.2 313.8 286.2 269.1 255.3 248.8 238.4 237 241.3 263.8 262.4 285.9 313.1 340.3 355.5 358.4 359.5 359.9 358 356.7 357.4 355.7 352.2 349.1
465.1 458.8 450 442.2 433.8 423.3 405 404.6 407.4 410.5 413 417.2 418.9 419.4 419 415.2 411.1 403.3 392.7 374.8 355.7 338.1 320.2 326.4 331 312.4 316.8 338.5 357.7 377.9 391.2 397.8 402.6 405.4 407.7 409.5 412.3 413.1 411.4 410.8 409.4 408.1 405.6 402.9 400.7 396.6 392 387.1 381.2 374.3 365.6 356.8 347.6 338.3 327.3 315.6 291.9 270.8 252.7 243.9 237 237 237 251 269.9 296.9 326.9 349.7 352.5 353.5 353.4 352.5 351.3 350.5 349.3 346.9 333.2 346.7
470.2 465.5 457.8 450 440.6 430.3 410.7 419.3 423.8 426.7 428 427.5 426.3 424.7 421.4 417 409 398 379.7 356.8 335.5 340.9 345 349.1 349.6 324.5 311.8 336.9 357.4 378.2 396.7 403.2 408.1 411.4 413.2 414.5 414.2 413.1 411 409.9 408.4 406.9 404.6 401.9 399 395.4 390.9 385.8 379.8 373.6 365 355.4 344.2 334 323 312.2 294.4 268.3 252 241.9 237 237 237 254.5 281 308.8 333.6 342.7 347 346.7 345.3 344.8 343.5 340.9 335.9 327.9 317.4 339.2
473.6 469.5 461.6 456.5 446 430.6 433.1 434.3 436.9 437 433.6 431.2 430.7 427.5 422.9 415.2 404.2 383.1 358.9 356.2 362.8 367.3 368.3 368.4 361.7 334.6 320.6 335.6 356.3 376.9 398.7 407.8 411.4 414.4 415.9 416.1 415.1 413.2 410.8 409 407.2 404.8 402.4 400.2 397 393.1 389.1 384.2 378.2 371.7 363.3 354 342.4 330.8 319.8 306 284.1 262.8 250.2 242.7 237 241.6 237.6 255.9 286.4 307.4 311.3 317.9 323.6 326.3 326.7 323.2 322.3 319.8 316.4 305 310.4 323.3
476.1 471 466.5 462 451.5 446.3 445.5 444 444.4 442.3 438 434.3 432.8 429.7 423.4 411 392.6 368 377.7 385.8 391.5 395.3 393.9 383.7 366.8 342.2 331.9 327.9 353.1 375 398.9 406.4 412.6 415.1 415.8 415.9 414.7 412.9 410.4 407.6 405.2 402.8 400.1 396.9 393.4 390.4 386.8 382.4 375.9 368.9 359.7 350.3 338.3 327.9 317.3 298.8 276.8 261.5 251.3 241.1 237 241.6 238.2 255.9 278.1 281.3 288.4 294.2 297.1 301 304.1 300.7 299 297.9 296.9 286.8 294 302.2
479.3 475.2 471.8 466.5 461.4 456.9 454.3 451.6 450.5 447.8 443.8 439.3 435 423.9 407 390 385 397.2 405.8 411.2 410.9 407.2 401.5 389.4 366.3 363.9 353 335.1 348.2 371.8 396.6 404.8 409.9 414 415.3 415.8 414.4 412.3 409.3 406.4 403 400 396.2 392.1 389.2 386.9 384.1 379.8 373.2 365.4 355.4 345.4 334.9 323.9 312.6 290.5 270.9 260.9 251.7 237.3 237 241.6 237 245.2 261.4 268.9 272.9 273.8 276 277.8 279.3 279.1 276.7 276 276.7 269.5 272.3 276.2
480.7 478.1 474.6 471.5 467 461.9 459.8 457.6 455 450.9 447 441.7 424.5 417.2 420.3 416.4 405.6 413.7 420.7 421.5 418.5 414.2 406.6 382.4 392.4 378.8 369.3 353.5 343.2 367 384 399.3 405.8 410.9 413.9 414.9 413.3 411.6 408.8 405.8 401.2 398 392.6 388.6 386.1 384.1 380.6 377 370.4 359.8 349.8 339.7 330.7 319.1 304.6 285.4 268.7 260 247.4 237 237 237 237 237 237 248.3 244 244.8 250.5 252.8 255 255 257 254.7 254 255.6 254.7 257.2
483.1 480.7 477.6 474.4 471.7 468.5 464.4 461.5 458.6 454.7 449 438.5 431.5 436.4 434.7 429.3 412.3 425.4 428.4 427.1 423 419.1 411.6 398.6 403.4 399.8 384.6 370.9 349.9 359.1 373.8 390.7 401.3 406.5 412.1 413.4 412.6 411.1 408.3 404.7 400.4 395 389.1 383.3 382 380.1 376.7 373.1 364 353.1 342.8 333.8 324.7 312.6 299.2 281 266 255.5 241 237 237 237 237 237 237 238.8 240.3 240.1 239.2 240.6 248.3 249.7 252.6 252.7 265.8 271.1 276.1 276.9
485.4 483 480.5 477.4 474.9 472.7 468.7 465.1 461.2 456.8 450.4 435.6 443.2 445.3 441.7 435.5 431.9 434.8 434.2 431.2 426.8 421.5 414.6 412.1 411.9 408.2 403 383.4 380.2 373 366.2 384.8 397.8 404.7 410.8 410.6 411.2 411.2 407.8 404.6 400.9 394.6 388 382.1 373.9 367.4 364.8 360 352 342.5 332 324.3 315.5 304.7 291.4 276.3 263.1 252.1 237 237 237 237 237 238.7 237.9 240 245.9 250.1 251.8 258.6 266.8 272.8 277.3 282.2 287.5 291.9 290.8 281.9
487.7 486.2 483.9 481 478.5 475.8 471.6 467.6 462.6 457.7 447.2 450 450.8 449.6 446 438.9 440.1 440.8 437.9 434.3 429.6 424.2 421.4 419.7 418.2 414.2 408.2 405.2 400.1 393.4 386.6 382.7 397.7 404.6 409.4 410.8 411.7 411.2 408 405.4 402.9 398.5 393.8 388.6 383.6 376.3 363.2 345.9 329.9 314.4 302.8 298.7 298 293.1 280.6 268.4 258.7 244 237 237 237 237 237.4 241 245.7 255.6 261.5 268.9 279.3 285.2 291.1 295 298.9 302.6 311 315.9 309.7 283.2
488.8 487.4 485.7 483.1 480.8 477.8 474.1 470 463.5 457.6 456.2 456.6 456.6 453.2 449.7 445.2 445.8 444.2 441 437 433 429.4 427.1 424.1 421.6 419.4 416 411.7 406.7 404.1 398.7 387.3 397.5 404.8 409.4 412 411.7 410.3 409.4 407.2 405 402.2 398.5 393.2 388.7 383.8 376.3 369.8 351.9 337.8 317.9 298.8 282.2 269.4 264.1 258.6 251.6 240.5 237 237 237 237 239.3 244.9 258.4 276.2 284.3 292.5 300.2 306.8 312.2 317.5 322.5 328.2 330.5 332.2 326.5 301.9
490.6 488.8 485.6 482.8 480.8 479.1 475.2 470.4 466.1 462.5 461.7 461.1 459.9 456.5 452.6 451.4 449.5 447.4 443.7 441.2 437.3 434.6 431.8 428.9 426.1 423.9 421 417.2 413.1 409 403.6 398.9 400.3 405.8 411.2 411.8 413.3 412.4 411.5 409.4 407.2 404.3 401.1 395.9 391.5 386.2 380 371.7 360.1 342.8 325.9 307.6 289.7 276.2 264.8 250.2 247.1 241.3 237 237 237 237 240.1 249.5 268.9 288.8 307.7 316.2 324.7 330.3 336 337.9 337.8 340.5 341.2 342.9 342 321.1
490.6 490.6 486.8 483.7 481.8 480.2 477.1 473 470.5 468 466.5 465.5 462.5 460 458.2 455.9 453.9 450.7 446.8 444.7 442.3 440.5 438.4 434.7 431.5 429.4 426.8 423.4 419 413.6 408.5 403.5 402.4 407.8 411.6 414.2 415.7 415.9 414.5 412.2 409.3 406.2 402.7 397.8 392.4 386.7 380 371.3 358.6 339.8 321.5 303.5 287.3 275 261.5 251 245.2 239.8 237 237 237 237 242.9 256.9 277.7 301.5 325.8 335.4 339.5 342.1 344.3 346.3 348.2 350.3 351.5 353.8 355.3 342.1
486.1 490.6 487.5 486.4 483.7 481.9 479.3 477.2 475 472.8 470.1 468.3 465.7 463.8 462.6 460 457.6 453.9 451.3 449.5 447.5 445.5 443.8 440.2 438.3 437.7 434 430.4 426 419.8 413.6 408.6 409 409.6 412.7 416.4 418.7 418.3 416.9 414.9 411.7 407.9 403.2 397.7 391.4 385.7 379.2 369.6 354.9 334 315.6 296.7 282.7 270.8 259 250.6 244.3 238.5 237 237 237 237 246.8 264.9 285.2 312.9 338.6 344.8 348.6 351.2 354 357.3 359.7 361.5 364.2 369.4 368 361.6
459.6 484.8 487.3 486 485.2 483.3 481.5 479.6 478.2 477 474 470.5 468.9 467.8 466.4 463.6 460.6 458.3 456.9 455.4 453.4 450.8 448.3 445.9 444.6 443.4 441.5 437.7 432.1 425.8 419.3 415.4 416.5 415.5 415.3 418.4 421 420.4 419.3 416.7 413.5 408.7 403.4 397.4 390.7 384.3 375.9 365.2 349.4 328.1 310.3 291.4 278.9 267 255.6 249 243.5 238.2 237 237 237 237 251 271.8 293.7 321.6 342.5 350.9 355.9 363.7 369 366.5 373.4 379.2 383.6 381.6 377.3 371.5
422 452.6 482.3 486.9 485.8 484.9 483 481.7 480.7 479.4 477.4 474.3 471.7 471 470.3 467.8 465.3 463.3 461.7 459.8 457.7 455.1 452.3 450.9 449.3 447.7 445.6 442.1 436 430.2 425.2 422.1 423.7 422.3 419.3 420.5 421.6 421.5 421.2 418.6 414.1 408.6 403.2 397.2 389.5 381.8 373.3 360.6 341.5 320.9 303.7 288.1 274.8 262.6 253.6 246.6 241.3 237 237 237 237 237 256.8 279.7 308 332.3 346.6 358.1 364.7 373 382.1 387.6 392.7 392 389.2 386.1 383.3 378.5
411.4 416.8 444.6 486.1 486.9 486.4 484.9 483.8 482.7 481.5 479.6 477.9 476.5 475.2 474.3 472.2 470.1 467.6 465.5 463.2 459.8 457.4 455.4 453.5 452.4 451.1 448 444.1 440 435.2 430.4 426.9 426.8 424.5 422 422.3 422.5 422.5 422.1 420.2 414 408.6 403.1 395.5 387 379.2 369.8 354.6 334.8 314.7 297.4 283.1 270.8 258.5 251.5 244.7 239.8 237 237 237 237 240.5 263.7 290.4 319.2 338.6 349.6 364.7 371.9 384.8 391.9 395.9 396.8 395.3 392.4 390.3 387.6 384.6
392.1 393.6 410.2 450.5 486.2 486.7 486.1 485.5 484.8 483.5 481.7 481 480.8 479.7 477.4 474.9 471.9 468.1 466.7 464.7 461.7 459.5 456.5 454.3 453.2 451.1 449.1 445.1 441.3 437.1 432.6 430.2 427.5 424.4 422.8 423.2 423.1 423.9 421.5 418 413.3 407.7 402 394.4 385.7 377.1 365.2 350.7 330.6 309.2 291.9 279.2 268 256.6 249.6 242.9 238 237 237 237 237 243.9 268.9 297.7 326.8 342.6 356.4 368.3 378.5 391.8 396.1 396.5 396.4 396.1 394.3 391.7 390.3 388.3
373.6 385.1 402 419.1 431.7 463 485.4 485.8 485.7 484.8 483.4 482.7 481.9 481.2 479.4 476.4 472.7 469 466.8 464.9 461.9 459.1 456.9 455 453 450.9 449 445.3 440.9 437 433.6 430.3 425.6 422.1 421.3 420.8 421.6 421.6 419.2 415.4 411.5 406.1 401.2 393.4 384.6 375.9 363.2 347.7 327.2 306.6 289.8 274.8 263.4 254.6 247.7 241.1 237 237 237 237 237 246.8 270.7 300.1 332 343.3 354.8 366.3 375.6 389.9 395.5 395.9 395.7 395.2 394.9 393.6 392.8 391.6
373.8 386.5 412.2 434.1 424 424.4 463.5 484.6 485.7 485.7 483.1 483.8 482.7 481.8 480.4 477 473.5 469.8 467 464.3 461.1 458.3 456.3 454.5 452.4 450.4 448 444.7 440.3 436.4 432.8 428.7 424.4 420.2 418.7 417.6 418.8 420.2 416.9 413.1 409.4 405.8 400.7 393 384 374.9 362.9 344.8 321.9 302.9 286.4 273.5 263 253.4 246.5 240.5 237 237 237 237 237 249 274 302.9 331.7 340.6 347.1 356.5 365.8 379.6 391.4 392.9 393.7 394.7 394.4 396 395.9 396
375.5 378.5 395 423.2 438 421.8 438 479.8 485.9 486.5 486.1 485.1 484 482.1 479.8 476.9 473.5 469.7 465.9 462.3 458.7 456 454 452.1 450.5 448.5 446.1 443 439.2 434.7 430.9 426.9 422.9 418.2 415.4 413.7 416 417.8 414.7 411.1 407.8 405.2 400.1 392 382.9 373.8 363.2 348.1 327.3 309.3 292.6 277 267.1 257.5 249.9 241.6 237 237 237 237 237 247.8 273.6 302.5 327.2 333.7 340.1 347.6 356.7 366.9 377.7 386.4 390.9 392.5 394.1 396.8 399.6 401.3
374.8 372.8 380 402.3 425.5 416.3 437.9 451.7 469.7 486.4 486.6 484.9 483.7 481.7 478.8 475.4 471.7 467.6 463.3 459.9 456.3 453.8 451.7 449.4 446.8 444.4 443.3 440.3 436.2 431.6 427.9 424.2 420.5 416.6 411.8 409.8 412.8 414.3 410.7 408.3 406.5 404.1 398.3 390.2 381.4 372.5 363.7 352.4 335.5 318 301 285 272.5 262.5 253 243.5 237 237 237 237 237 242.4 265.2 290.8 313.8 324.4 332.5 339.7 346.7 353.1 362.6 375.1 385.7 390.2 394.2 396.9 403.6 405.9
381.2 374.4 375.5 387 411.3 432.1 429.4 474.3 476.7 465.8 467.5 480.5 482.7 480.9 477.4 473.6 470.2 465.5 460.6 457.3 454.1 450.9 448.5 446 443.3 440.4 438.6 437.3 433 428.5 424.7 421 417.8 415 410.3 400.4 407.9 407.4 407 406.7 404.7 401.5 394.6 386.8 379.1 370.6 363.6 354.5 341.2 323.9 306.6 291.4 277.5 267.5 257.2 246.7 237 237 237 237 237 237 253.5 274.4 295.2 310.3 322.1 329.7 335.4 341.5 350.7 361.3 375.7 385.5 390.2 396.5 403.5 408.3
376.3 385 383.1 385.8 396.7 413.4 423.3 461.9 475.8 475.2 473.3 466.2 480.4 479.3 475.9 472.5 468.6 463.1 458.3 455 451.2 447.4 444.8 441.6 438.4 435.1 433 432.1 429.6 425.3 421.6 417.9 415.4 412.2 408.6 402.6 396.3 400 400.4 402.6 400.8 396.6 390.3 383 375.1 368.1 361.8 352.2 338.9 323.4 308.8 294.1 281.7 271.7 262.1 251.3 240.1 237 237 237 237 237 242.2 255.2 274.7 296.1 308.3 317 324.7 331 339.4 350.1 362.9 381 386.9 392.7 400.2 409.5
