app/static/ascii/SK24.asc
ncols 200
nrows 200
xllcorner 420000
yllcorner 340000
cellsize 50
[rows 70 to 104 of 200, columns 78 to 155 of 200]
168.6 170.2 171.1 172 172 171.9 170.9 170.3 170.1 169.9 169.5 169.7 171.4 174.9 175 174 174.1 173.9 173.7 175.5 179.7 183.8 189.9 196.4 202.4 204.2 202.2 198.4 194.5 191.6 188.7 185 183.7 184.7 185 184.9 184.9 185 184.3 184.6 185.1 186.6 188.2 190.1 192.1 195.1 197.8 201.2 204.1 205.8 207.5 208.1 208.9 208.7 208.2 206.9 205.2 202.6 199.8 196.3 193.4 191.1 189.4 188 186.7 184.7 183 180.7 176.5 173.2 169.4 166.2 170 168.9 172.5 177.2 183.4 189.1
165.9 167.1 168.3 169.4 169.5 169 167.7 167.7 167.7 167.2 166.5 167 168.7 171.4 172 171.3 171.7 170.8 170.3 174.4 179.1 182.6 189.2 197 202 203.4 201.4 197.7 194 190.7 187.6 185.1 182.5 181.8 182.5 182.9 182.4 182.3 181.5 181.9 182.5 184.1 185.6 187.3 190.4 193.5 196.1 199 202.3 204.3 205.7 206.6 208.5 209.7 209.5 208.1 206.1 203.6 200.7 197.6 195.3 193 190.7 188.5 186.8 184.7 182.8 180.9 178 174.6 170.4 166.7 164.3 168.3 172.4 177 182.8 189.7
168.5 165.4 166.1 164.6 164.6 163.7 163.6 162.9 163.6 163.8 163 163.5 165.3 167.3 168.4 168.5 169.1 168 167.3 173.5 177.3 181.4 187.8 194.7 199 201.1 199 195.6 192.3 189 185.8 183.4 180.5 178.9 180.4 180.4 179.6 179.2 178.2 179.4 180.3 181.4 183.7 186.5 189.7 192.6 193.8 196.2 200.4 202.5 203.2 204.3 206.6 208.7 209.5 209.3 207.2 205 201.7 198.4 196.2 193.5 191.2 188.7 185.9 183.8 181.9 179.9 177.5 174.8 171.6 167.8 164 166.3 171.5 176.6 182 188.1
172.9 169.1 166.2 165.2 163 162.6 161.6 160.4 160.8 159.7 159 158.7 161 163.7 165.2 165.5 166.5 165.1 165.8 171.4 175.5 180.3 185.6 191.1 194.6 195.5 195.7 193.1 189.8 186.7 184.3 181.9 179.2 176.8 178.2 179.2 178 175.9 175.5 176.6 178.1 180 183 185.7 188.1 190.6 191.8 194 197.8 200.3 201.4 201.6 203 206.2 206.5 207.5 206.7 205.8 202.7 199.1 196.8 194 191.3 188.7 186.2 182.6 180.2 178.5 176 173.9 171.4 168.2 164.7 161.2 168.8 174.3 179.1 182.3
176.3 173.2 172.4 171.3 173.5 172.1 171.7 168.5 167.9 165 161.4 156.9 156.1 158.9 162 163.1 163.4 161.6 165.7 169.5 173.9 177.3 183.8 187.2 189.6 190.8 190.9 189.3 187.3 185.1 183 180.4 177.1 174.1 176.6 177.1 176.3 174.7 173.4 175.1 177.2 180.1 182.4 185 186.7 188.3 190.4 191.5 194.5 197.6 198.9 199.4 200.7 202.1 202.6 203.1 203.4 203.3 201.8 199.3 196.4 193.7 191.4 188.9 186.3 182.5 179.1 176.8 173.5 171.2 168.9 166.8 164.1 161.1 165 170.2 173.7 175.7
179.5 179.8 178.9 177.4 179.3 183 183 177.2 179.3 173.8 168.9 164.1 157.9 155 158.1 160.1 159.6 160.2 164.9 168 170.8 173.6 177.6 181.9 184.7 186.5 185.9 185.4 185.2 183.1 180.3 177.6 175.2 171.6 174.5 175.3 174.5 173.5 172.1 174.7 177.9 180.3 182.1 183.9 186 187.7 189.7 191.1 193.5 196.5 197.9 198 198.1 199.2 199.1 199.3 199.5 198.9 198.8 196.5 193.8 192.1 190.7 188.3 185.5 182.5 179.1 176.1 173.6 170.3 167.5 165.3 163 160.9 159.5 165.3 168.5 171.9
186.1 184.8 185.5 184.6 185.6 190.4 188.5 186.5 187.8 182.6 177.7 167.7 162.6 156.4 154.1 156 156.9 159.6 163.5 166.2 167.6 169.7 172.5 176.5 179.8 182.3 182.8 182.6 182.3 180 177.3 174.4 171.4 170.6 173.3 173.1 172.5 171.4 172.7 176.6 179.4 182.4 184.4 186.1 187.5 188.6 190.5 191.7 193.1 195.4 196.7 196.7 196.8 196.8 197 196.8 195.9 194.9 195 193.3 191.8 190.6 189.2 187.5 185.1 181.9 178.9 176.4 173.8 171.2 168.7 165.4 162.6 160 157.9 161.6 166.3 172.8
192.4 191.1 192.1 193 193.7 196.6 194.2 194 194.3 190.8 184.4 176.3 172.1 164.7 154.1 153.2 153.8 158.9 161.6 164 165.5 166.9 169 173.6 177.1 178.1 179.4 179.4 178.7 177.3 175 171.7 168.1 169.4 170.9 170.9 170.2 170.1 173.3 176.5 180.1 182.5 184.4 186.9 189.1 190.8 192.2 193.1 193.6 194.2 195.2 195.2 195.2 195.1 195.1 194.6 192.4 190.5 190.5 190.1 189.8 189.1 187.6 186 183.7 180.6 177.5 174.9 173 171.4 169 166 163.2 160 157.1 159.6 166.2 171.7
196.7 197.2 198.8 199.4 200.1 200.6 200.2 198 195.7 192.5 189.1 183.1 178.4 171.4 159.5 154.4 152 155.8 158.3 160.5 163 164.4 166.2 169.3 171.3 173.5 174.8 175.2 174.6 173.8 172.4 169.6 166 167.5 168.4 168 168.8 170.3 172.4 175.6 178.5 180.7 183.6 186.8 190 191.8 193.2 194.2 194.1 193.9 193.5 192.8 192.9 193 192.9 191.8 189 185.6 185 185.3 185.3 186.3 185.9 184.3 182.2 179.1 176.3 173.7 171.5 170 167.8 165.2 162.4 159.5 157.2 156.7 164.4 168
200.5 200.2 202.4 203.8 203.4 203.5 203.2 200.4 194.7 190.2 184.1 177.9 173.2 167.5 160.7 155.9 151.4 152.2 155.5 158.1 160.2 161.8 163.8 166.1 168 170 171.4 171.7 171.1 170.4 168.8 166.4 163.7 164.2 165.6 169.3 172.3 176.2 178.8 177.9 180.1 182.1 184.9 188.5 190.8 192.5 193.8 194.4 194.1 193.5 192.1 190.2 189.8 189.8 189.3 187.8 185.6 181.8 179.4 180.6 180.3 182 183.8 182.9 181.4 178.8 176.7 174.1 171 168 165.3 162.5 161.5 159.2 156.6 156 161.6 165.2
202.6 202 204.3 206.5 206.9 207 206.2 203.5 196.9 190.4 185.4 181.8 178.2 172.6 165.5 158.4 152.6 149.9 152.2 155.6 157.9 159.6 160.7 163.2 165.2 166.8 168 168.4 167.1 165.6 164.4 162.3 162.8 167.5 171.8 174.7 179 184.8 186.1 182.7 183.8 186.1 189.3 191 192.6 193.9 194.5 194.5 193.6 192.2 190.3 187.5 185 186.6 186.3 183.5 181.4 178.9 174.8 175.8 175.3 177.1 181 181.6 180.8 179.1 177 175 172.3 169.5 165.9 162.3 159.5 158 155.5 155.7 161.3 165.2
201.2 195.9 201.4 205.5 207.4 208.2 207.9 206.4 202 196.1 189.7 183.6 180.2 173.2 166.2 158.7 154.4 150 148.9 153.5 155.7 157.3 158.5 160.9 163 163.6 164 164.1 163.4 161.5 160.9 161.4 167.3 173.3 179.1 184.1 189.5 193.6 193.1 190.2 189.2 190.3 193.2 193.8 194.7 194.9 195.3 194.9 193.5 191.5 187.7 184.3 182.6 181.1 183.2 180.5 177.8 175.5 172.8 171.1 169.2 174.1 177.1 178.9 179 178.2 176.4 174.4 172 169.3 166.2 162 159.3 157 153.8 155.9 161.9 166.6
201.7 191.2 195.5 201.8 204.9 206.4 206.8 205.6 202.7 195.8 188.9 179.7 175.9 170.5 163.8 158.6 154.4 150.5 148.4 151.3 153.8 155.4 157 158.7 160.1 160.3 160.2 159.5 159.3 159.2 162 166.2 173.1 179.4 184.1 189.4 193.8 196.6 197 195.8 195.6 196.6 197.7 197 197.4 197.3 197.1 195.4 193.7 191.3 187.6 183.1 179.1 176.5 175.9 178.4 176.5 172.8 170.9 168 165 169.3 172.6 175.7 176.7 176.6 173.6 172.3 169.8 167.3 164.7 161.2 158.3 156.6 152.2 157.1 162.2 166.9
195.1 188.1 189.2 195.9 199.1 202.4 203.5 202.8 199.1 192.4 185 175.7 170.3 166.8 162.5 157.4 154.1 150.6 148.2 149.6 151.5 151.9 154.5 156 156.9 157 156.3 156.7 157.8 161.8 163.6 168 174.7 183.1 187.6 189.6 193.1 197.1 197.5 197.1 197.3 198 198.8 199.4 200.1 199.7 199.2 197.7 195.1 192 188.7 184.5 180.1 175.1 171.7 171.8 172.2 171.5 168.4 165 161.5 164.8 167.5 170.8 172.7 171.2 168.6 167.2 166.5 165 162.8 159.4 156.7 153.6 151.2 157.4 161.1 167.3
196 188.2 182.6 186.7 191.2 194 197.1 198.9 194.3 187.8 181 172.5 168.6 164.6 161.6 156.5 153.2 150.1 146.9 147.7 148.7 149.2 150.3 152 152.9 154.3 158 160.9 163 163.3 165 169.8 174.5 182.1 188.6 191.1 192.8 196.8 197.2 197.2 197.3 197.9 198.3 198.8 199.7 199.6 201.2 199.7 198 193.4 189.5 182.9 176.3 172.1 169.4 168.6 169.3 168.4 166.7 163.8 159.2 159.9 162.9 166.3 168.2 166 163.6 160.4 161.5 161.8 160.7 156.9 154.2 151.3 151.3 158.2 162.7 168.2
190.5 187.8 180.7 179.1 183.6 186.2 189.2 190.8 190.3 184.8 177.2 171.1 167.6 162 157.6 154.6 151.5 148.3 146.2 150.4 153.3 154.1 156 157.6 159 160.3 161.8 164.1 168.7 169.7 167.7 168.2 172.4 178.3 183.4 189.7 193.3 196.6 196.4 196.6 197.2 197.3 197.9 198.5 199 199.4 202.2 203.2 201.9 197.4 190.7 184.6 178.4 175 169.3 165.5 165 164.9 163.4 162 159.8 155.1 158.8 162 162.9 161.5 159.2 157.4 156.6 158 157.7 154.8 152.2 149.7 153.9 160.1 164.5 169.7
188.7 183 180.6 174.5 177.7 179.5 182 183.3 183.8 181.5 175.7 168.5 165.5 160.5 156.7 152.3 149.5 146.1 145.4 152.1 156.4 158.9 161.2 163.1 164.3 165.9 167 169.9 172.8 173.8 173.8 171.9 174 175.3 178.8 183.7 188.4 193.8 197.1 197.2 197.3 197.2 197.7 198.2 198.7 199.4 201.4 202 201.8 199.6 194.1 189.3 183 176.9 172.2 165.6 163.7 160.4 160.2 159.5 158 154.7 155.7 157.9 158.4 156.8 155.3 153.6 153.2 153.7 154 151.7 148.3 150.1 156.7 161.5 166.8 171.9
186.2 184.2 178.7 174.2 169.5 172.7 175.1 176.8 177.7 177.5 172.6 165.5 162.6 158.5 154.4 151 147.2 145 146.5 153.8 159.8 163.1 165.4 167.1 169 170.5 172.8 174.6 177.2 178.5 179.6 179.7 179.2 179 179.1 182.5 186.9 189.4 193.8 196.7 196.3 197.9 198.2 198.2 198.6 199.1 200.7 201 199.4 200 198.8 195 188.2 182.2 178.7 172.8 166.5 161.3 157.2 155.8 155.4 153.1 151.9 152.6 153.4 152.8 152.6 150.6 150.4 150.4 149.4 147 149.9 155.1 159.6 163.8 169 176
184.4 183.3 180 176.8 172.1 165.8 166.1 168.4 171.1 172 168.1 162.1 160.2 156 152.2 148.5 145.5 142.7 148.5 155.7 163.3 167.3 169.5 172 174.6 176.4 178.2 179.9 182.2 183.4 184.1 188.2 190.6 190.5 186.2 182.6 184.8 187.3 190 194.7 196.8 197.5 198 198.3 198.5 198.8 199.3 199.1 198.9 199.7 200.4 199.6 195.6 191.8 185.8 178.3 170.6 164.8 158.8 154.9 152.9 151.4 150.2 148.8 148.3 150.1 149.4 148 147.2 145.7 146.5 151.8 156 159 162.2 167.3 171.3 177
180 182.8 180.5 176.1 173.5 169.7 166.1 161.8 162.1 164.3 162.5 159.6 157.9 154.7 150.6 147.5 144.6 142.9 149.4 157.2 165.8 170.9 172 174.9 179.4 182.2 183.6 185.6 188.6 190.3 190.5 192.6 196.1 192.7 189 187.2 186.3 187.6 189.4 194.8 196.1 196.9 197.4 197.8 198.1 198.2 198 198.8 198.9 199.6 200.3 199.7 198.7 197.4 191 181.3 173 166 161.3 158.3 156.4 154.9 150 148.1 147.3 147.7 147 145.8 144.2 146.2 151.6 155.5 158.5 161.7 165.6 170 171.6 174.2
177.1 181.4 181.6 181.1 177.4 173.2 169.9 162.9 158.3 158.6 158.3 156.3 155.2 153.3 150 146.7 143.1 142.3 148.5 158.2 166.3 169.9 171.2 173.7 179.2 186 188.3 190 192.8 195.7 197.3 196.1 195.4 192.2 189.6 187.7 186.4 186.8 189.1 194.8 194.9 194.3 194.6 196.6 196.8 197.1 196.7 197.4 198 199 199.5 198.9 198 196.9 191.9 184.8 177.2 169.4 166.1 162.1 159.4 156.2 152.3 147.4 145.7 145.3 145.2 143.2 144.1 149 153.9 156.4 158.7 162.7 168.6 169.2 165.7 168.5
174.9 177.4 183.6 187.1 179.5 170.6 165.8 162.8 157.3 154 154.3 153.4 151.2 149.1 147.3 145.5 142.6 143.4 149.3 155.6 162.3 164.8 167.2 171.5 177.4 184.6 190 193.2 194.3 195.8 195.9 195.1 192.9 190.4 188.4 186.2 184.4 185.1 188.6 195.4 196 192.2 190.5 191 189.7 188.4 187.3 189.4 190.7 192.4 193.1 195.9 196.2 194.2 192.1 186.6 179.4 173.1 168.6 164.6 160.3 156.5 151.8 150.7 149.4 145.3 142.8 141.7 144.5 149.4 153.5 154.5 156.3 159.7 162.2 160.3 162.9 167.8
172.8 175.9 183.2 188 177.5 170 167 161.3 157 153.1 150.7 148.9 147.6 146.2 144.5 143.8 141.9 143 148.8 152.9 157.4 161.4 164.6 169.3 174.9 181.7 188.7 194.3 197.1 195.6 194 192.2 190 187.9 185.6 183.8 182.3 183.1 187.5 193.6 195.3 195.5 193.1 189.6 185.8 184.4 183.7 184 184.4 185.4 187 190.6 192.3 193.1 192.1 189 182.8 176.3 169.4 164.5 160.3 155.7 153.4 153.7 151.9 149.1 145.8 141.9 142.2 146.3 149.8 150.9 152 153.6 154.4 157.8 165.8 167.8
170.3 177 186.5 188.1 180.5 171.6 166.1 162.1 160.3 156.5 154.1 151.9 150.1 147.5 144.6 143.2 140.8 143.2 148.1 150.9 155 160.2 163.7 168.6 172.8 179.1 185.1 190.6 193.2 192.8 191 189.3 187.6 185.4 183.4 181.7 180.1 180.8 182.9 186.2 188.9 191.6 193.7 186.8 185 182.1 180 180.5 181.2 182.5 183.9 185.8 187.6 190.4 190.2 188.6 185.1 177.7 170.7 164.5 158.5 157.7 157.3 155.8 153.7 151 147.7 143.4 140.2 141.8 145.5 147.5 148.1 149.9 156 163.5 162.5 163.6
171.5 181.3 185.8 186.9 186.3 177.3 171.5 166 165 161.8 161.2 157.5 154.4 150 144.7 142.6 140 141.6 147.5 149.7 154.1 158.4 162.8 167.5 171.7 176.7 181.7 186 189 189.3 186.8 185.1 183.5 182 180.3 178.7 177 178.1 179.5 181.5 182.8 184.9 186.4 186.3 185.1 184.1 179 176.5 176.4 178.5 180.6 182.1 182.4 183.9 187.6 187.2 185.8 182.6 174.2 167.4 164.2 162.4 160 158.3 156 153.3 149 145.8 141.7 138.8 141.8 143.3 146.2 152.8 158.7 163.6 160 163.2
175.1 181.3 183.8 185 185.9 185.5 182.9 175.4 176 171.7 165.7 160.4 153.7 148.9 144.5 141.4 139.3 143.2 151.2 153.2 156.1 159.5 163.7 168.3 173.3 178.1 182.2 185.3 187.5 186.8 184.4 181.7 179.3 178 176.3 175.2 174.1 174.5 175.5 177.1 180.1 182.6 184.1 185.1 183 182.6 180.3 177.6 174.3 175.3 177.5 178.7 179.5 180.5 181.8 182.6 182.4 181.4 176.5 171.9 168.2 165.1 162.5 160.6 157.7 154.9 151.8 147.9 144 140.5 138 139.9 146.2 150.8 155.5 159.8 163.3 164.3
177.3 179.8 181.6 182.8 183.7 183.8 182.4 181.6 180.7 177.6 169.9 161 152.8 148.5 143.5 141 138.6 144.6 153.7 160.6 161.1 162.5 165.6 172.1 177 180.9 183.9 186 186.4 185.7 182.6 179.7 177.2 175.4 174.2 172.9 171.6 172.1 172.7 174 177.3 180.3 182.7 184.7 181.9 181 179.7 177.5 174 171 174.4 176.1 177.1 178.4 179.6 179.1 178.5 177.6 176.1 172.3 169.1 166.1 164 161.5 158.7 155.8 152.5 149 145.7 142.9 138.9 137.5 140.7 146.1 151.4 159.1 165.6 167.4
176 177.6 179.2 180.5 181 181 180.6 179.9 179.2 175.7 168.7 160.6 152 147 143.1 139.6 138.7 143.4 151.7 163.5 171.7 171.8 171 175 178.8 181.6 183.7 185.7 185.5 184.8 182.2 179 176.3 173.8 171.9 170.8 169.3 169.4 170.3 171.9 173.8 176.9 179.9 183.7 181.4 179.7 177.9 176 173.5 169.3 171.4 173 174.9 176.5 177.6 177 175.8 174.1 172.2 170.4 168.2 166.2 164.1 161.6 158.7 155.8 152.6 149.2 146.8 143.6 139.8 136.8 141.6 147.3 154.5 160.9 166.7 169.7
173.4 175.5 176.9 177.8 178 177.9 177.3 177 176.6 174.1 167.5 159.5 150.9 146.3 142.4 139.1 138.6 143.4 152.7 163.8 177 178 176 175.3 176.8 180.5 182.1 183.4 185.6 184.8 182.4 179 176.1 173.3 170.6 168.7 166.4 167.5 168.9 170.5 172.3 174.2 176.7 179 179 177.4 175.4 173.4 171.8 168.8 166.4 170.8 173.3 175.1 175.7 174.9 173.1 171.1 169.3 168 166.6 165 162.8 160.4 157.7 155.3 152.3 149.8 147.3 142.9 140.2 136.4 139 145.7 151.9 159.1 165.5 168
171.1 173.3 174.9 175.7 175.7 175.5 175.1 174.4 173.8 172.2 167.2 159.3 149.8 145.3 141 137.5 139.3 144.9 154.3 166 173.5 173.6 168.6 169.3 176.4 178.8 174 170.7 173.3 176.8 179.7 178.4 176.1 173.4 170.4 167.3 165.1 165.9 167.3 169.4 171.7 173.7 174.9 176.4 177 175.4 173.4 170.7 168.8 167.2 165.4 169.2 171.6 173.5 174 172.6 170.3 167.8 166.3 165.5 164.3 162.8 161.1 159 155.9 153.7 151.1 148.8 146.4 142.7 140.1 136.6 136.8 142.8 147.6 155 160.5 165.5
169.3 171.2 172.9 173.5 173.6 173.1 172.3 171.8 170.6 169.2 164.7 157.5 148 144.3 140.2 137.5 139.7 147.3 155.1 163.2 165.9 164 162.6 169.9 176.8 178.4 176.1 171.2 167.7 167 167.2 169.3 170.8 171.8 170.5 167.2 163.3 164.1 166.1 169 171.3 173.6 174.4 175.4 175.8 173.8 170.9 168 165.6 163.5 162.4 167.6 170.7 172.4 172.1 170.4 167.7 164.8 162.5 162.2 161.6 161.3 159.6 157.3 155 151.7 149.2 147.4 146.3 140.9 138.6 136.2 136 141.3 146.1 150.9 154.4 162.9
167 169.4 171.1 171.9 171.8 170.8 168.8 167.8 166.7 165.2 161.8 154.9 147.6 143.7 140 136.6 141.2 147.5 154.2 157.9 159.4 157.6 161.2 167.9 171.1 175.4 180.6 177.4 173.4 170.9 167.7 163.2 160.6 160.6 164.7 165.4 162.1 161.2 164.5 168.8 171.6 172.8 173.7 174.6 175.1 173.5 169.2 166.1 164 161.6 161.1 166.2 170.2 171.5 171.7 170 166.8 163.5 159.7 159 159.7 158.4 157.1 155.3 152.8 150.4 147.3 145.8 144.9 140.4 137.2 134.8 135.6 140.6 144.4 147.8 150.4 156
164 167.2 169.5 170 169.8 168.5 165.6 163.4 163.2 162.9 159.7 153.9 147.4 142.9 138.6 136.3 139.7 145 150.6 152.9 152.7 154.3 158.1 161.6 166 172.3 176.2 177.9 178 172.8 164.6 153.7 155.3 158.6 163.6 163.5 160.7 161.5 164.7 167.9 170.7 172.2 172.5 173.4 173.4 172 169.7 165.1 160.7 159 160.7 165.3 169.6 171.2 171.4 170.1 167.3 163.4 159.3 155.7 154.2 154 152 150.9 149.4 147.9 145.9 143.9 140.4 139 136.2 134.2 134.8 138.8 141.2 144.1 146.7 149.3
162 165.4 167.8 167.9 168.2 167 164.7 160.3 158.2 159 157.7 153.8 145.9 141.9 137.4 136.5 138.6 142.9 145.3 147.3 148.6 153 155.4 158.3 161.7 166.4 174.1 175.9 175.7 172.9 165.9 161.6 161.2 163 163 161.4 158.2 161.2 164.9 165.7 166.1 167.4 170.9 171.2 169.6 168.9 166.4 162.7 160.4 157.3 162.1 167.7 170.8 171.8 171.9 170.3 167.6 164.3 160.5 156.7 152.7 150.2 148 146.9 145.6 144.4 143.8 141.2 138.7 136.6 134.8 133.3 136 139.9 140.6 141.6 144.1 146.6
161.7 164.9 166.7 167.1 166.8 166.2 164.4 161.5 158 154.6 153.8 150.8 146.1 141.3 136.6 135.8 136.1 139.8 144.1 147.3 151.9 155.1 160.1 167.7 169 171.5 173.1 173.4 173 169.7 167.5 165.4 162.9 160.9 160.1 156.8 157.3 162.5 163.2 163.7 163.4 164.7 167.4 167.8 166.3 163.4 161.8 160.6 157.3 156.5 163.6 169.5 174.3 175 174.1 172.4 168.9 165.4 162.7 158.9 153.8 149.4 146.3 143.6 141.6 141.6 140.7 138.7 136.4 134.3 132.4 134.2 140.2 144.3 146.2 147.9 151.5 153
