app/static/ascii/SK25.asc
ncols 200
nrows 200
xllcorner 420000
yllcorner 350000
cellsize 50
[rows 0 to 34 of 200, columns 0 to 77 of 200]
279.5 276.3 258.2 238.3 256.3 278.8 286 286.8 284.8 285.9 289.5 294.2 296.5 294.9 297.8 302.2 304 304.3 306.7 307 306.4 305.9 306.8 307.6 309.1 310.6 311.4 312.9 314.2 315.2 315.3 315.2 315.2 315 314.2 313.4 312.4 312.1 312.7 313.1 313.6 315.7 318.5 320.2 321.8 321.6 319.7 317 313.1 310.9 309.3 308.9 309.1 310.9 313 315.2 317.4 318.9 321.3 323.7 325.7 326.6 326.7 325.6 320.9 317 315.3 313.4 308.8 303.9 300.6 297.7 295.2 292.8 290.5 289.2 290.8 293.8
280.4 271.4 250.7 246.9 268.8 283.5 290.1 294 292.5 292 294.3 298.3 301 300.2 298.2 298.7 302.1 305.2 305.8 305.7 305.8 306.1 306.6 308 309.5 311.5 313.4 314.5 315.4 316.2 316 315.4 314.9 313.5 312.6 311.7 310.6 310.1 310.2 310.5 311.5 313 314.4 314.9 315.2 316.4 314.8 312.5 310.2 309.1 307.2 307.3 307.7 309.3 311.3 315 318.7 320.7 323.8 326.1 328.9 328.6 327.6 324.6 319.9 315.4 311.6 308.4 306.3 300.8 297.5 294.6 292.9 291.6 290.9 290.5 292.2 294.7
281.2 268.6 248.3 252.9 274.4 284.3 290.7 296.7 300 299.8 300.9 302.2 303.2 303.4 301.4 300.3 300.9 302.3 304 304.1 304.2 305.2 306.6 308.3 310.7 312.9 314.9 315.4 316 316.1 316.1 315.1 314.3 313.3 311.4 309.8 308.8 307.9 307.9 308 309 310.6 311.9 311.3 310.4 308.8 308.3 307.9 307.7 306.4 305.9 306.7 307.3 308.2 310.5 314.1 317.5 320 323.5 326.9 328.1 326.3 324.6 320.7 315.7 310.6 307.3 304.4 301.4 299 296.7 294.5 294.3 292.8 291 291.9 294 297.1
279.4 266.4 249.1 256.1 277.3 284.3 289.6 297.9 303.5 305.7 305.6 304.6 303.7 303.7 302.5 301.7 301.6 302.6 303.8 303.6 303.3 305 307.3 309.2 311.9 314.4 315.3 315.5 315 314.7 314.6 314.2 313.4 312 309.9 308 306.8 306 305.6 305.9 307.4 309 310 309.2 307.9 305.7 304.9 304.3 304.1 304.5 304.4 305.3 306.3 308.1 309.8 312.1 316.4 319 321.6 323.8 325.1 322.4 319.9 316 313 309.9 307.7 304.6 302.9 300.8 299.1 297 295.4 293.4 291.4 294 297.6 301.2
274.2 264.5 246.8 262.6 279.8 285.1 290.5 298 305.2 306.6 306.6 306.1 304.4 303.5 303 302.3 302.6 303.1 303.1 303 303 304.4 307.2 309.3 311.7 313 313.5 312.8 312.5 312.8 312.9 312.7 312.3 311.2 309.1 307.5 305.8 304 303.5 304.2 305.7 307.1 307.5 307.5 305.6 303.7 302.6 302.3 302.2 302.5 303.1 303.3 305.1 306.4 308.2 310.7 313.1 314.1 316 317.6 318.7 319.7 319.1 317.6 315.3 312.9 309.9 299.2 293.3 298.1 299.3 297.8 295.9 294.4 292.7 296.2 299.8 304.2
255.9 252.4 248 274.1 280.4 285.8 291.9 298.8 305 305.9 305.8 305.8 305.1 303.5 303 303.5 303.7 303.3 302.5 302.1 302.4 304 306.1 307.6 309.5 310.6 310.8 310.4 310.7 311.1 311.5 312 311.8 310.7 309.7 307.9 305.3 302.8 301.2 301.7 303.1 304.6 305.2 304.9 303.6 301.7 300.8 300.7 300.8 301.6 302.8 303.6 304.4 305.4 306.9 307.9 309.6 311.6 313.9 316.1 318.1 320.8 322.6 321.8 319.3 315 311.5 305.5 299.9 295.2 298.1 297.9 296.8 295.1 294 297.8 300.8 304.8
251.7 252.1 254.4 271.8 280.6 286.7 293.1 298.6 303.6 304.6 304.9 305 305.2 304.4 303.4 304.5 304.4 303.8 303 301.9 301.5 302.3 304 305.4 307.4 308.8 308.9 308.6 309.2 310.5 311.7 312.1 311.3 310 308.6 306.9 304.8 301.8 299.8 299.1 300.4 301.8 302.3 301.3 299.8 298.4 299.5 300.7 301.8 302.5 303.7 303.9 304.9 306.1 307.2 308.7 310.7 313.4 316 318.4 321.2 323.3 325 324.4 322 318.3 314.6 311.7 307.2 302.7 300.2 297.9 295.5 294.6 295.7 298.3 301.8 304.9
278.2 274.4 260 281.2 286.3 291.4 296.7 300.9 302.9 303.6 303.8 304.2 304.6 304.2 303.1 303.7 303.7 303.3 302.4 301.4 300.4 301.2 302.3 304 306.1 308.1 308.3 307.4 306.8 308.3 309.4 309.9 308.9 308.4 306.4 304.8 302.6 300.5 297.8 297 298 298.2 297.8 296.7 299.5 302.2 303.3 304 304.4 305.2 305.7 306.2 306.8 307.5 309.8 311.7 313.7 315.9 317.2 320.2 322.2 324.9 326.4 326.6 325.3 322.3 320 316.3 311.6 305.2 301.6 298.8 297.2 296.1 296.8 298.4 300.5 303.8
284.2 277.9 259.5 283.5 292.1 295 298.4 301.5 303.1 303.3 303 303.2 303.9 303.4 302.3 302.4 302.8 302.8 301.6 300.6 299.8 300.3 301.3 303 305.4 306.6 306.4 305.3 304.2 304.6 306.1 306.3 306.1 304.5 303.5 301.9 300.3 298.6 296.5 294.2 295.3 294.7 295.8 299.8 303.8 306.6 307.8 307.7 308.2 308.4 308.9 309.7 310 309.9 310.9 312.5 313.9 315.8 318.1 319.7 323 325.7 327.5 327.8 327.2 325.1 321.9 318.6 313.2 308.2 302.9 299.7 298.2 296.2 298.4 298.6 300.6 302.2
288 282.6 264.2 280.8 292.6 295.7 298.7 301.5 302.4 302.2 301.5 301.3 302.2 302.1 301.4 301.9 302.4 302.4 301.3 299.3 298.4 299.1 300.3 301.6 303.7 304.5 304.5 303.2 302.1 301.7 302.1 302.6 302.4 301.3 299.7 298.7 297.7 297.1 295.4 293.6 293.1 293.7 297.1 301.3 305 307.7 309.9 310.7 311 311.2 311.4 311.3 311.9 311.7 311.6 312.6 313.6 315 317.8 320.7 323.8 326 327.6 327.9 327.9 326.6 323 319.5 314.3 308.2 302.8 300.4 299 297.6 298.6 298.6 299.7 300.6
291.4 282.6 273.6 276.1 286.4 292.7 297.4 300.5 301.2 301 300.3 300 299.7 299.7 299.7 300.4 301.1 301.5 300.1 298.2 297 298.1 299.5 301.1 302.8 304 304 302.2 300.7 299.8 299.4 299.2 298.8 297.4 296.3 295.7 294.5 295 295.3 293.5 290.9 293.5 297 301 304.2 307.1 309.6 311.3 312.1 312.5 312.8 312.7 311.9 311.8 311.1 311.7 312.4 314.8 317.7 320.4 323.3 325.3 326.8 327.9 328.1 328.1 326.3 320.4 311.5 308.1 304.7 302.2 300.2 299.6 298.9 298.7 298.7 300
293.8 284.2 286.3 286.2 286.4 290 295.2 298.2 299.7 299.7 299.2 298.6 297.9 297.6 297.7 298.6 299.4 299.7 298.1 296.2 295.7 297.9 299.6 301 302.7 304 304.3 303.1 300.8 298.9 298.1 297.3 296.4 295 293.7 292.5 291.8 292.3 292.8 292.3 289.6 293 295.7 299 302.4 304.9 307 309.1 310.8 312.4 313.2 313.1 312.1 310.6 310 309.9 310.8 313.7 316.4 319 321.7 323.7 325.8 327.3 328 327.5 325.3 319.4 315.8 312 308.4 304.7 302.2 301.2 299.5 297.9 297 298
295.2 285 288.2 291.5 292 294.2 296.6 298.7 299.8 299.5 298.7 298.1 297.1 296.2 295.9 296.4 296.5 296.7 296 294.1 294.7 297.2 299.7 301.8 302.7 304 304.5 303.3 300.8 298.8 297.4 296.2 296.2 294.6 293.2 291.1 289 289.7 289 287.9 289.5 292.2 294.7 297.5 300.1 302.1 304.2 306.2 308.6 310.4 312 312.7 311.3 309.1 308 307.3 308.6 311.8 314.4 317.1 319.7 321.4 322.9 323.7 324.6 324.9 324.5 323 320.3 317 312.4 308 305 302.8 300.6 297.9 295.7 295.6
295.6 288.5 289.2 292.9 294.6 297.3 300.4 301.4 301.9 300.9 299.1 297.8 296.3 295.2 294.6 294 294.3 294.7 293.3 291.9 293.4 295.9 298.9 300.9 302.5 304.2 304.9 303.7 301.2 299.1 297.7 296.6 297.5 296.2 294 291.9 287.5 285.8 286.4 289.3 291.5 292.8 294 296.2 298.1 299.9 301.5 303.1 305.1 307.6 309.9 310.8 310.1 307.2 305.6 304.9 306.5 308.6 311.5 314.5 316.3 316.7 318.3 320.4 322.8 324.7 325.4 324.9 323.5 320.5 316.6 311.6 308.3 305.7 302.2 299.3 294.7 292.2
294.7 288.9 292.2 296 298.4 300.7 303.1 304.1 304.2 302.6 300.3 297.2 295.5 294.5 293.8 293 292.1 292.4 290.9 290.1 291.1 292.9 295.9 297.8 300 302.9 304.3 303.5 301.3 299.5 298.2 298.5 298.2 296.3 292.8 288.6 285.7 285 290.6 295.2 296.5 296.1 296 295.9 297.4 298.9 300.2 301.5 303.4 305.4 307.9 309.3 308.3 305.8 304.2 303.2 303.5 305.6 307.9 309.1 311.1 313.6 315.5 319 322.2 324.5 324.9 325.5 324.5 322 318.7 315.6 312.3 308.6 304.3 300 293.6 290.1
293.2 293.4 297.1 299.1 302.1 303.6 305.7 306 305.9 304.2 301.3 298.4 294.5 293.6 292.3 291.5 290.9 290.5 289.2 288.5 288.7 289.5 290.6 292.6 294.9 299.5 301.6 301.5 300.9 299.5 298.2 298.2 297.4 296 291.2 286.2 283.5 287.8 294 298.4 299.5 299.3 298.2 298 297.8 298.3 299.5 300.9 302.3 303.9 306.8 307.7 306.4 304.4 302.5 299.6 301.1 302.1 304 306.1 308.6 311.2 309.3 316.3 319.7 322 323 323 323.5 322.7 321 318.4 315.5 310.9 306.2 300.6 293.9 287.7
295.1 298.1 301.5 303.5 305.2 306.5 307.2 307.7 307.4 305.4 302.4 299.2 296.1 293.8 292.4 291.7 290.3 288.8 288.8 287.6 286.8 286.7 287.1 288.3 290 292.9 296.5 297.8 298.3 297.3 295.6 294.3 293.8 292.9 288.6 283.1 285.3 292.4 298.7 300.9 302.1 302.3 301.3 300.4 299.9 300.3 300.4 300 301.2 302.6 304.3 305.1 303.5 301.4 299.4 298.3 299.4 301 302.9 305.2 308 310.3 311.7 314.1 316.3 318.3 319.7 320.6 321.8 322.6 322.4 321.3 317.7 312.6 307 301 294.3 287.5
298.1 301 303.4 306 308.4 310.3 311.7 311 309.3 306.8 303.2 300 296.8 294.8 293.1 291.6 290.1 289.4 290.6 289 288.6 287 286 284.8 285.3 287.4 290.6 292.2 293.5 293.7 291.3 289.7 288.5 287 283.8 281.4 290.5 298.3 302.2 303.5 304.5 304.7 305.1 304.8 303.6 302.3 302.1 301.7 301.2 301 301.1 300.8 299.5 298.5 297.1 297 298.5 300.2 302.6 305.7 307.8 309 309.7 310.9 312.5 314.3 315.3 315.7 318.2 319.3 321.8 322.2 319.1 312.7 306 300.1 293.6 287.2
300.1 303.2 305.4 308 311.1 314.1 315.8 314.7 313 308.3 304.3 300.7 297.5 295 293.3 291.6 289.7 291.2 294.3 292.5 292.3 290.9 288.5 286.3 284.6 284.3 285.3 287.1 287.9 288.4 286.9 285.4 284.3 282.7 280.8 281.4 290.7 296.2 300.5 301.9 303.9 305.6 306.4 306.7 305.3 304.4 303.6 302.5 301.3 299.8 298.9 297.8 296.3 295.5 294.6 296.6 298.4 300.6 303.7 305.5 306.8 306.8 306.9 308.2 309.7 311.2 310.2 308.2 308.5 310.7 318.1 321.6 316.9 311.3 304.4 296.8 289.3 282.6
301.1 304.1 306.8 309.3 312.7 315.5 317.1 316.2 313.6 309.8 306 302 298.8 295.6 293.2 291.3 291.7 295.5 298 298.8 300.3 299.4 294.9 291.1 287.7 285.2 283.4 282.9 283.1 283.7 283.2 282.3 281.3 280.1 279.6 279.8 284.1 288.5 293.8 297.6 299.7 301.6 302.7 304.5 305.3 304.5 302.8 302.1 301.2 300.1 299.2 297.3 294 292.2 294.4 296.7 299.2 301.8 304.5 305.5 305.9 304.8 304.1 305.8 306.7 306.3 304 301.4 301.9 305.1 310.7 313.8 313.1 307.8 302.4 294.9 286 279.2
301.5 304.7 307.4 310 313.2 315.7 317.5 317.4 314.9 310.9 307.1 303.5 299.8 296.3 293.6 292.7 293.7 297.3 299.4 301.7 303.5 303.1 299.9 297.1 293.5 290.5 287.2 285 282.7 281.3 281.3 280.8 281.3 280.4 279.4 278.7 279.4 283.5 286.8 288.4 289.5 292.3 296.1 299 301 301.6 300.6 299.2 299.4 300 299.2 297.6 292.2 289.5 296.1 299.4 301.2 303.3 305.4 306.2 305.6 303.5 302.1 300.8 300.6 300.3 298.4 298 299 301.6 305 307.4 307.3 303.5 298.4 292.2 285.8 280
302.7 304.5 307.9 311 313.4 315.5 317.3 317.7 315.7 312 308 304.3 300.3 296.6 294 291.9 293.6 298.1 300.6 301.8 302.5 302 300.1 298.6 296.9 294.5 292 289.6 286.7 285 284 284.8 286.6 285.8 282.2 279.8 278.3 278.9 280.6 281.5 281.7 281.9 283.9 289 293.3 296 294.1 293.8 294.6 296.2 295.6 292.8 286.5 292 300.8 304.3 304.9 305.6 306.1 305.6 305.2 302.7 299.8 297.3 296.3 295.7 295.7 297.5 299.6 301.9 304.7 308.8 308.3 306.5 303.6 298.7 292.5 289.1
304.2 306 307.9 311.2 313.2 315.2 316.4 316.9 315.5 312.3 308.7 304.8 300 296.8 294.6 292.5 295.5 297.6 299.8 300.6 300.5 299.8 298.7 298.4 297.3 297.4 295.9 294.7 291.2 289.6 290.8 293.9 291.6 288.3 283.3 281.5 278.6 278.1 276.9 276.8 275.6 275.7 277.8 281.5 284.5 285.9 283.8 283.3 283.9 286.3 286.5 283.3 279.9 292.8 301.7 306.6 306.6 305.2 305.6 305.7 305 302.6 299 294.6 293.1 293.4 294.9 298.5 302.9 305.9 312.7 306.5 300.3 300 307.6 304.3 299 294.3
305.9 308.1 309.5 311.2 313 314.8 315.7 316 315 312.4 308.8 304.7 300.1 297.1 295.3 293.1 295.3 297.3 298.5 298.8 298.8 298.3 297.3 298.2 300.4 301.7 302.9 301.4 299.4 296.7 296.7 295.7 292.1 285.9 281.9 280 279.6 279.7 280.6 280.2 278.8 276.7 275 275.3 278.2 279 278.7 276.9 276.6 277 277 275.8 279 288.3 297.9 302.5 303.1 301.4 299.5 297.8 297.8 295.8 292.7 291 291.5 293.3 297 301.5 305.9 310.9 312.7 304.2 296.9 296.6 299.9 302.5 300.1 295.4
307 310 311.5 312.8 314.1 314.2 314.8 314.6 313.9 311.9 308.7 305 300 297.3 295.6 294.6 295.6 297 297.6 297.6 297.3 296.5 296 296.3 298 300 302.4 303.3 302 300.4 297.8 290.2 285.4 283.5 285.5 283.8 281.4 282.9 283.6 283.6 281.7 279 275.4 274.6 273.8 273 272.2 271.7 271.2 270.8 270.6 270.7 274.9 281.5 291.7 297.1 299.8 297.4 294.3 292.1 290.2 287.8 287.3 289 292.7 295.8 298.5 300.7 307 311.8 312 305.6 299.1 295.1 294.5 297.4 301.1 297.2
308.5 311.5 313.8 314.5 314.8 314.3 312.9 313.5 312.6 310.4 306.9 303.4 299.7 297.6 296.1 296.1 296.5 297.2 297.1 296.7 296 294.9 294.6 294.6 294.3 295.1 296 297.9 298.3 297.6 292.5 285.7 289.9 290.9 288.1 286.1 283.8 283.2 282.5 280.5 278.7 278 279.5 280.2 279.4 278 277.8 277.6 276.4 273.7 271.6 269.9 269.1 271.3 276.4 283.4 290.2 292.1 290.1 286.9 284.3 283 287.7 292.5 295.9 298.4 299.4 302.4 306.7 310.8 313.5 309.4 303.6 296 294.6 293.3 295.8 299.3
310.8 312.6 314.9 315.4 314.9 314.1 314.1 312.5 310.8 308.1 304.8 301.4 298.5 297.8 297.9 298 298.6 298.1 297.5 297 296.4 295.7 293.5 292.9 293 292.5 292.7 292.4 292.3 290.3 287.5 294.2 297.5 295.7 292.2 289.3 286.1 284.3 282.5 281.3 281 281.6 282.9 284.5 286.8 287.6 288.4 288.9 287.2 283.9 278.8 272.8 269.8 268.5 269.9 273.3 278.6 284.4 284 280.9 278.2 280.2 289.2 294.9 294.9 295.9 299 303 306.8 310.5 312.6 311.6 306.5 301.5 295.1 294.4 295.5 301.5
313 314 315.2 315.6 314.7 313.4 312.3 310.6 308.8 305.6 303.5 301.9 301.3 302.2 301.1 300.7 300.2 299.9 299 297.7 296.6 296 294.2 292.9 292.4 291.3 290 288.7 288.7 288.2 291.5 298 303 305.5 302.9 297 291.4 287.4 284.5 283.6 284.5 285.6 286.8 289.6 292.5 295.2 297.9 298.1 296.6 290.8 284.8 277.3 272.3 269.9 268.5 267.8 268.6 270.1 273.7 274.3 271.6 276.8 284.6 298 300 293.8 299 303 306.3 309 310.9 310.5 302.5 295.9 292.2 288.9 292.9 302.8
315.5 315.7 316.2 315.7 315.4 314.1 312.9 311.1 309.5 307.8 306.4 304.7 304.7 306.2 305.4 303.9 302.8 301.8 300.4 298.7 297.5 296.6 294.8 294.6 293.9 293.4 293.1 292.7 291.6 290.4 292.6 298.6 302.9 306.5 305.7 302.9 297.1 291.9 286.8 288.7 290.5 291.5 292.6 296.4 298.6 301 303.4 303.8 301.2 297 290.2 281 274.4 271 269.6 268.5 268 266.8 266.7 269.2 268 271.5 275.4 291.9 299.2 293.2 298.9 302.4 304.2 305.1 307.2 305.5 296.4 293.1 292.2 285.8 302.1 302.8
318.1 318.4 318.2 317.1 316.8 315.5 314.3 312.7 311.3 310 308.3 306.8 306.2 308.7 308.2 306.9 305.6 304.3 302.3 300.2 299 297.1 296.6 296.7 296.6 296.1 296.2 296 295.3 292.9 291.3 297.8 301.8 305.3 305.4 303.7 300.9 294.8 290.3 292.2 296.5 299.5 302.5 304.1 305.2 306.9 308.7 309 306.7 302.9 298.9 289.4 281.7 274.9 272.6 271.9 270.9 269.1 266 265.6 264.5 264.1 265.9 279.6 282.8 269.9 278.8 287 286.9 295.6 301.8 304.4 304.1 296.8 298.9 299.8 302.9 299.4
323 323.2 321.9 320.1 319.4 318.1 316.6 315.1 313.7 312.1 310.6 309.1 308.1 310.6 310.8 309.6 307.9 306.6 304.5 302.2 300.2 299.8 299.9 300.1 299.6 299.3 298.8 298.9 297.3 294.7 293 295.9 299.8 302.8 303.5 302.7 302.3 297 293.4 293.8 299.9 304.6 307.2 309.2 311.5 314.6 316.2 316.1 315.2 312.1 309.8 306.3 300.4 292.8 288.9 284.8 283.6 281.8 278.9 274.7 271.3 267.1 262.7 265.9 257.3 232.8 236.5 242.9 255.5 283.8 292 295.9 298.9 297.7 295.6 294.5 292.9 292.5
329.9 330 329 327 325 323.3 321.5 319.6 316.9 314.6 313.1 311.6 311 312.6 313 312.3 310.6 308.9 306.7 304.5 302.9 303.3 303.5 303.8 303.1 302.6 302.3 301.5 299.3 297 295.2 294.8 297.8 299.8 301 301.2 301.4 299.1 295.2 295 298.9 304.1 306.2 308.7 312.1 316 319.6 322.1 320.9 319.1 317 313.6 308.7 305.1 300.2 297.5 294.5 293.7 291.6 287.9 281.8 274.8 265.1 260.6 248.5 234.8 234.9 235.7 242.2 274.7 299.3 298.2 296.8 295.1 289.9 287.3 286.7 286.4
336.7 337 336.8 335.9 334.7 334 331 327.3 323 319.1 316.5 314.5 313.6 314.6 315.1 314.7 313.1 311.4 309.3 307.4 306.2 307.2 307.3 307.6 306.7 306 305.1 304 301.8 299.7 298.4 297 296.8 297.2 298.2 299.2 300.5 299.1 297.5 296.8 298.1 301 303.7 306.3 309.3 313.3 317 319.6 319.5 318.5 316.4 313.6 310.5 307.6 305 303.1 301.5 298.6 296.5 292.1 284.7 275.6 265.9 260 248.1 239.5 236.8 238.6 243.2 259.9 273.8 289.5 296.8 294.6 285.6 281.1 280.5 280.7
338.7 339.7 340.3 339.9 339.7 339.7 339.4 337.2 332.9 327.3 322.6 318.9 317.3 317.3 318.4 317.7 316.5 314.6 312.5 310.8 310.1 311.1 311.3 311.4 310.3 309.3 307.9 306.5 304.3 302.8 301.5 299.6 299.7 300.1 299.7 300.5 301.1 301.2 300.3 301.2 302.4 302.9 303.5 305 307.4 310.4 313.9 315.8 316.3 315.4 314.1 311.9 309.3 306.7 303.8 301.5 299 296.7 294 290.2 281.6 272.2 265.7 261.8 257.4 250.9 249.7 249.5 251.1 267 268.1 275.5 295 295.1 284.5 276.5 275.9 276.2
336.6 338.6 339.7 340.3 341.1 342.7 342.6 341.4 339.3 335.4 331 326.7 323.4 322.7 322.3 321.5 320.8 318.8 316.6 314.6 314.3 315.2 315.9 315.3 313.2 312.5 311 309.2 307 305.3 303.7 302.6 303.2 303.6 303.3 302.7 303.6 304.7 304.4 305.3 306.5 307.3 307.7 307.6 307.4 309.1 311.9 313.6 314.2 313.3 312.2 310.9 308.1 306.4 303.7 301.1 298.3 294.5 290.4 285.9 282.3 277.1 268.5 264.9 263.2 259.9 257.9 256.8 258.7 264.9 269.2 270.7 283.3 292.6 278.7 273.9 272.8 273
