app/static/ascii/SK26.asc
ncols 200
nrows 200
xllcorner 420000
yllcorner 360000
cellsize 50
[rows 70 to 104 of 200, columns 78 to 155 of 200]
167.1 170.2 173.4 176.2 178.8 181.5 184.1 186.1 187.5 187.4 184.3 172.7 156.8 144.4 136.9 132.5 136.8 130.7 131.2 137.3 135.5 137.3 140.9 146 149.1 152.1 153.8 153.2 154.6 154.3 153 150.6 148.1 144.9 140 134.6 128.3 119.8 112.5 109.6 108.2 100.8 99.3 99.8 115 124.7 127.6 131.5 138.7 145.1 151.3 156.8 163.1 174 181.8 187.7 193.2 209.9 218.6 222.1 227.2 231.1 236.4 240.1 243.6 247.4 251.9 257.2 262.4 267.7 274.2 281 288.2 295.8 302.7 309.7 320 325
163.4 166.5 169.6 172.2 174.8 177.5 180.1 182.5 183.6 184.1 181.4 178.1 160.9 144.9 136.4 132.3 129.7 130.5 124.5 130.4 130.5 132.5 136.8 140 143.1 146.3 146.9 147 147.7 146.2 145.1 144 141.4 139.2 135.7 130 121 112.8 108.3 104.3 100.4 99.5 101 113.2 119.5 124 128.4 135.5 142.9 149.6 155.3 161.9 172.8 189.9 200.4 211 214.7 221.1 225.3 226.8 229.7 233.2 236.9 240.7 244.5 248.7 254 259.3 264.5 270.1 276.7 283.3 290.6 296.8 303.2 310.3 319.9 324.6
157.7 162.9 165.6 168.2 170.9 173.6 176.3 178.2 178.6 179.1 179.1 175.8 169.1 151.8 136.5 130 125.6 123.6 121.8 125.9 126.3 127.9 131 134.2 137.3 140.5 140.1 140.5 141.1 139.8 138.4 138.2 136.2 133.9 131.4 125.9 113.4 105.2 101.2 100.3 100.4 102.5 117.6 118.4 119.3 125.4 131.6 138.7 146.2 155.5 162.4 169.3 185.8 193.4 214.8 221.4 222.9 226.1 229.6 231.9 232.6 234.7 238.4 242.2 246 249.9 256.1 261.4 266.6 272.7 279.3 285.8 292.7 297.6 303.5 312.3 321.6 324.9
152.5 155.8 161.9 164.8 167.5 170.2 172.1 173.3 173.4 173.6 173.5 171.6 169.7 162.6 142.8 135.2 126.9 120.4 118.1 121.6 122.5 125 126.9 128.8 131.5 134 133.8 134.6 135.6 135.1 133.2 132.5 130.8 128.5 127.4 114.7 105.7 100.8 99.1 100.2 101.2 109.4 116.4 118.1 121 127.4 134.6 142 149.6 159 169.8 179.3 191.1 212.7 224.1 226.7 228 229.6 232.5 235 235.5 236.6 239.8 243.7 247.6 251.5 258.1 263.5 268.7 275.2 281.8 288.3 293.8 298.7 305.3 316.6 323.4 324.9
143.2 148.4 154.3 160.5 164.1 165.9 167.3 169.5 168.8 167.7 166.7 165 162.9 160.3 145.9 137.6 127.9 119.3 116.2 116.7 118.5 122 124.7 126.6 128.1 127.7 128.3 129.3 130.3 129.9 128.6 126.9 125.3 120.9 114.1 104.8 100.6 99.1 99.8 100.2 101.3 112.4 115.9 118.6 123.7 129.4 135.3 144.2 152.5 164.3 175.6 185.8 205.7 225.7 230.5 231.1 231.5 233.1 235.8 237.7 239.2 240.4 241.9 245.8 250.1 254.2 260 266 271.3 277.5 284.7 291.7 295.6 300 310.3 320.7 324.2 324.6
131 138.6 147.7 153 157.8 161.1 163 164.8 165.2 163.9 162.5 160.6 158.9 156.8 149.6 142.9 134.5 123.3 114.1 113.7 115.5 119 122.2 123.5 124.1 124.6 124.9 125.5 126.4 125.1 124.5 122.6 118.1 111.2 106.1 100.3 99.3 99.7 100.7 101.6 103.2 112.1 115.3 120.1 125 130.7 137.7 145.8 155.4 168.8 180.4 195.2 221.5 230.5 234.1 234.8 235.3 236.4 238.7 240.9 243.2 244.3 246 248.1 251.8 256.1 262.1 268.4 274.4 280.2 287.3 294.3 298.1 301.8 313.4 321.8 323.4 324
121.7 128.7 137.1 144.3 149.5 153.3 157.8 159.6 160.3 159.9 158.4 155.9 152.7 149.8 147.1 141.3 134.4 125.5 118 113.3 113.5 117.6 120.2 120.4 121 121.5 121.8 122 121 119.1 119 118.2 112.7 106.6 102.1 100.6 100 100.3 101.1 102.2 104.7 110.7 114.9 120.1 125.5 131.2 138.6 146.2 154.1 169.4 182.7 206.2 228.9 234 236.1 237 237.6 239.7 241.9 244.1 246.6 248.2 250.2 252.2 254.3 257.7 264 270.3 277.2 282.5 289.4 296.4 300.4 307.3 318.9 321.5 323.2 324.2
113.7 116.4 120.2 130 135.5 143.5 150.2 153.8 155.4 152.8 150.3 147.2 143.9 142 133.5 134 128.9 120.5 115.8 112.1 112 115 117.3 117.7 117.9 118.4 118.6 117.4 116.2 114.8 112.8 112 110.3 105.5 101 101 100.9 101 101.5 103 105.5 110.7 114.9 119.6 125.2 131.3 138.6 146 154.9 165.3 178.8 195.8 221.8 236.9 238.1 238.9 240.3 242.9 245.1 247.4 250 251.3 252.3 254.4 256.5 259.4 265.3 271.5 277.1 283.9 291.4 297.6 301.5 312.3 322.4 323.1 323.8 324.1
107.7 109.1 113.5 116.8 118.6 125.5 133.2 140.7 138.6 139.9 139.3 133.1 131.1 131.5 129.9 128.5 123.3 115.6 111.4 110.1 110.1 113.1 114.2 115 114.9 115.3 114.6 114 113.8 112.5 110.6 108.5 108.1 102.7 100.3 100.9 100.8 101.2 101.8 102.7 107.8 111.2 115.4 120 125.3 131.2 138.3 145.4 154.3 164 174.6 188.5 208.1 235.1 239 240 241.9 244.6 247.3 250.3 253.5 254.3 255.1 256.6 259.1 261.7 266.7 272.1 278.6 285.8 293.2 299.3 303.4 314.8 321.5 322.6 322.7 323.6
107.5 108 108.4 110.7 112.6 114.5 116.3 118.9 120.9 123.3 123.5 123.2 123.6 122.7 121.2 118.8 114.5 111.4 109 108.5 108.5 110.8 111.6 112 112.4 111.4 110.9 110 109.4 109.4 108.6 105.3 105 99.9 100.4 101 101.3 101.2 102.2 103.2 107.8 111.9 115.9 120.3 125.9 131.5 137.6 145.6 153.9 163 171.4 184.4 201.2 223.5 240.3 241.6 243.5 246.3 249.2 251.8 254.6 256.6 257.4 259 261.8 264.6 269.7 274.9 280.2 287.7 295 301.6 307 314.2 319.4 320.9 322.2 323.1
107.7 108.3 107.6 108 107.3 108.7 110.7 113 113.4 114 114.2 114.2 114.3 113.3 112.3 109.2 108.6 107.5 106.8 107.1 107.3 107.1 107.8 106.8 106.1 105.6 106.3 106.9 106.5 105.7 104.2 102.1 102.1 100.9 100.3 100.9 101.8 102.3 102.5 103.5 108.2 110.5 115.1 120.5 126 131.5 136.9 144.6 152.6 160.2 168.2 178.1 192 208.9 231.6 242.6 244.2 246.5 249 252.3 254.9 257.2 259.5 261.5 264.5 267.7 272.8 278.3 283.9 289.6 296.2 303 308.3 314.1 317.7 322.3 323.8 322.3
108 108.1 107.4 107.2 106.8 107.1 106.1 105.8 106.8 107.3 108.1 107.8 107.8 106.7 106.4 105.5 104.9 105.2 105.4 105.5 105.8 105.7 106 104.6 104.1 104.2 104.2 104.8 104.2 103.2 102 101.3 101.1 101.2 100.6 101.7 102.9 103 104.4 103.6 107.8 109.7 114.6 119.7 125.4 130.6 136 143.1 151.4 157.5 165.8 175.6 185.4 199.3 214.8 232.5 242.3 246.2 249.9 252.4 254.6 257 259.7 262.9 266.4 269.2 274.9 281.2 287.1 292.5 299.5 305.2 310.1 315.4 319.3 320.9 322.4 321.2
108.6 108 107.8 107.5 106.1 108.4 107.4 107.5 107.2 107.1 106.9 106.8 106.6 106 105.9 104.3 104.4 105 105.1 105 104.9 104.7 104.4 103.5 103.3 103.2 102.9 103.3 102.9 102.1 101.5 101.2 100.9 100.8 100.7 96.6 98 105.4 107.1 104.2 106.4 109.5 114.4 119.2 122.5 128.9 134.9 141.1 149.1 155.5 162.6 171 183.1 194.1 208.8 229.1 242.8 246.5 250.1 252.1 254.3 256.7 259.3 262.7 268.2 271.9 278.2 284.2 290.1 295.9 303.5 314.6 316.8 317.6 318.4 319.9 321.3 320.1
110.1 109.4 108.4 107.6 107.1 106.5 107.4 107.5 107.3 107.2 106.7 106.6 106.5 105.8 105.2 104.5 104.3 104.6 104.6 104.8 104.6 104.1 103.9 103.2 102.9 102.6 102.2 102 101.6 101.5 101.4 101 100.7 100 100.1 100.6 100.9 100.6 102 106.4 105.4 108 113 118 122.7 128 134.3 140.9 147.5 154.2 161.3 168.4 178 192.6 206.3 228 238.8 246.1 249 251.8 253.9 253.9 257.1 261.3 268.5 275 281.1 287.1 293.1 299.1 308.5 317.4 317.5 318.3 319.1 319.9 320.5 319.1
110.3 108.4 108.3 108.3 107.4 106.9 107.9 107.4 107.3 107.2 106.6 106.3 106.3 105.8 105.1 104.4 104.2 104.3 104.5 104.6 104.2 103.8 103.4 102.9 102.5 102.1 102.1 102 101.6 101.4 101.3 101.4 101 100.8 100.7 100.4 100.6 100.5 100 103.4 105.4 106 111.1 116.2 122.1 127.3 133.5 140.1 146.3 153.1 160 167.1 175.6 187.8 204.6 225.2 236.5 245.2 248.1 250 252 254.6 258.2 263.1 270.2 276.4 282.7 289 295.3 301.7 315 318.8 318.5 319.1 320 320.7 320.2 318.5
112.3 108.7 108.6 108.3 107.8 107.4 107.9 107.2 107.4 107.1 106.6 106 106 105.8 105 104.3 103.9 104.1 104.3 104.4 103.9 103.5 103.1 102.8 102.6 102.1 102.1 101.9 101.5 101.3 101.4 101.1 100 101.1 100.9 100.8 100.5 100 100.2 100.1 100.6 105.3 108.7 115 121.2 126.7 132.7 139.3 145.1 151.9 159 165.7 178.4 191.9 209.7 228.5 240.4 247.6 248 250.5 253.5 256.5 260.2 265.6 270.8 277.3 283.8 290.4 297 304.7 316.6 317.8 318.5 320.8 321.4 321.6 319.8 318.2
112.7 109.2 108.9 108.6 108.2 108 107.7 107.4 107.6 107.1 106.5 105.9 105.7 105.7 105 104.3 103.9 103.9 104.1 104 103.6 103.3 103.4 103.2 103.2 102.7 102.1 101.3 99.7 101.3 100.4 99.4 99.6 101 101 100.9 100 99.3 99.6 99.1 98.7 101.1 107.1 113.8 120 126.1 131.8 138.1 143.9 150.7 157.8 166 180.4 195 218.6 237.8 241.9 246.8 249 251.7 254.8 257.6 260.9 266.2 271.6 278.1 284.6 291.4 298.4 307.5 316 316.5 319.1 321.9 324 322.9 321.1 318.9
109.3 109 108.7 108.5 108.2 107.9 107.4 107.5 107.6 107 106.4 105.8 105.4 105.4 105 104.5 104.3 103.9 103.9 103.7 103.7 103.8 103.5 103.3 103.8 104.4 107.4 103.5 98.9 100.5 100.9 100.4 100.5 100.7 101.1 100.4 99.2 99.1 98.8 98.7 98.8 98.8 106.8 112.8 118.7 124.9 131 136.8 142.7 149.5 157.8 167.9 183.2 199.1 224.6 241.6 245.2 247.6 250 253 255.7 257.8 261.1 266.7 272.4 278.7 285 292 299.1 310 314.2 315.1 318.8 322.3 325 323.8 321.5 318
109 108.7 108.5 108.3 108.2 107.9 107.7 107.7 107.5 106.9 106.3 105.7 105.2 105.2 105.4 105.7 106 105.4 105 104.3 104.2 104.4 103.7 107.3 111 114.7 114.8 112.6 108.4 104.3 102.7 101.3 101.1 100.6 100.3 99.6 98.9 98.8 98.8 98.7 98.7 98.6 104.6 112 118 123.9 130.4 136.3 142.1 150.3 158.6 169.1 183.7 201.7 228.1 242.7 247 248.8 251.3 253.8 255.9 258 261.3 266.9 272.7 278.9 285.4 292.4 299.5 309.8 312.2 314.2 318.1 323.9 325.5 324.4 320.8 316.6
109.2 108.8 108.6 108.4 108.3 108.1 108 108 107.8 107.2 106.6 105.9 105.2 106.4 107.1 107.3 107.7 108 108.5 108.3 111.1 112.4 116.6 119.7 122.5 124.7 125.2 121.3 115.8 112.2 109.4 101.8 100.2 99.8 99.4 98.8 98.7 98.6 98.5 98.5 98.4 98.3 103.5 110.8 116.7 123 129.8 136.2 142.2 150.1 158.9 170.2 185 203.7 230.6 242 246.2 249.6 251.5 253.8 256.1 258.2 261.5 266.8 272.9 279.1 285.7 292.7 299.3 307.2 310.6 313.1 316 323 325.5 325 317.7 312.5
109.5 109 108.7 108.5 108.4 108.2 108.1 108 107.8 107.6 107 106.2 106.6 108 108.7 109.2 110.9 110 111.8 115 117.7 122.9 126.8 129.7 132.5 134.7 133.5 131.1 128.7 124.2 121.1 111.5 102.1 100 99.1 99.3 99.4 98.9 98.3 97.7 97.4 97.4 102 109.9 115.6 122.4 129.2 136.1 142.5 150.6 159.8 170.8 186.4 210.1 232.3 241.1 245.4 248.2 250.8 253.3 255.7 258.2 261.7 266.7 271.9 278.4 285.7 292.5 299 304.9 308.8 312.3 315 321.2 325.8 323.7 315.8 310.5
109.1 109.2 108.8 108.7 108.5 108.3 108.1 108.1 108.2 108.2 107.8 107.6 108 109.2 110.7 112 114.6 112.5 117.2 120.6 124.5 130 135.3 141.4 144.4 146.8 146.8 144.5 140 133.1 126.9 118 109.3 104.5 100.1 100.1 100.1 99.6 99.1 98.5 98.2 98.1 101.4 109.6 114.7 121.3 128.4 135.4 143.3 152 161 171.2 187.2 213.8 231 239.6 244.3 248 250.5 253 255.6 258 260.4 263.8 269.5 276.4 284.1 290.8 297.2 303 307.8 311 314.1 318.4 323.4 318.5 314.3 309
109.5 109.2 108.9 108.8 108.8 108.8 108.5 108.7 108.8 108.8 108.9 108.6 111.6 114.2 116.7 118.2 120.6 118.5 120.4 126.3 131.4 136.6 142.3 150.1 156 158.5 158.3 155 146.5 138.6 131.2 123.5 116.4 105.4 101.5 100.5 100.3 100 99.8 99.6 99.3 99.3 101.4 108.7 114 120.1 127.1 134.4 142.2 151.7 162.1 174.7 190.8 212.1 225.4 238.1 242.9 247.9 250.4 252.8 255.2 256.8 259.2 262.3 267.8 275.7 282.5 288.3 294.1 299.9 305.8 309.1 311.4 314.1 317.7 316.4 312.4 308.9
110 109.7 109.4 109.6 109.5 109.4 109.2 109.1 109.2 109.4 110.2 114.7 120.6 129.2 130.2 132.9 131.6 129 123.6 128.9 135.6 141.8 150.9 157.4 165.6 172.4 177.4 166.7 152.2 143.9 133.8 124.1 117 109.4 102.1 100 100.1 100 99.9 100 100.1 100.2 101.5 107.4 113.3 119 126 133.8 141.6 150.9 164.6 179.2 192.5 207 221 238 243.6 248 250 252.4 253.4 255.8 258.3 261.8 267.2 273.6 279.4 285.2 291 296.8 303.1 308.1 310.2 312.4 314.1 312.7 311.5 309.1
110.7 110.3 110 110.1 110.4 109 108.3 109.7 112 112.9 117 124.9 132 136.6 140.4 146.7 149.7 136.8 127.5 130.2 138 145.4 154.5 161.7 169.2 176.4 178.1 164.9 151.1 142 133.1 125.4 118.7 112.7 106.4 99.1 99.8 100.4 100.4 100.4 100.1 99.9 99.7 105.3 112.5 118.2 124.9 133.1 141.2 149.6 167.4 178.3 191.6 202.3 222.1 240.6 245 248.5 250.1 250.9 252.5 254.8 257.4 261.6 265.3 270.5 276.3 282.1 287.9 293.8 300.4 307.1 309.2 311.2 312.7 311.4 310.5 309.5
111.4 110.8 110.5 110.2 109.5 109.4 110.3 114.1 117.3 118.7 125.5 134.1 139.6 144.9 151.1 160.1 153.8 141.9 134.4 136.3 142.7 150.4 155.4 162.9 170.5 172.1 166.5 159.7 149.4 139.7 131.6 124 117.4 113.2 109.2 101.2 100.6 100.2 99.9 99.7 99.5 99.2 98.9 104.8 110.8 117 123.6 131.7 139.6 147.5 163 175.7 186.3 198.2 217.4 237.9 243.7 247 248.1 249.6 251.4 253.7 257.1 261.4 264.1 267.5 273.3 279.1 284.9 290.9 297.7 304.7 308.2 309.6 311.1 310.4 309.4 308.5
111.9 111.4 110.7 109.6 109.7 110.7 113.3 117.7 123.2 127.9 134.4 140.4 146 152.1 162.1 168.5 160.9 150.2 144.6 144.7 148.3 158 163.6 167.5 170.8 168.6 163.3 154.6 145 136.8 129 121.6 115 111.5 107.1 103.5 101.6 100.3 99.8 99.4 98.9 98.6 98.3 102.5 109.6 116.2 122.5 129.5 136.9 145.1 154.6 167.9 177.8 189.8 205 223.7 241.9 243.3 243.3 247.4 250.4 253.1 256.8 260.8 263 265.3 270.2 276 281.9 288 295 302 306.7 308.4 310.1 310 309 307.9
112.1 112.1 112.6 112.1 111.6 114.6 118.1 122.4 127.8 136.5 141.1 146.5 151.9 164 175 173.9 168.8 162.4 157.4 154.3 155.2 165 172.2 177.5 174.9 165.3 157.8 149.6 141.3 133.8 126.2 119.2 112.7 109.2 106.4 104.3 102.1 100.2 99.7 99.3 98.7 98.3 97.6 100.3 109.7 116.1 121.8 128.1 134.9 142.3 151.6 161.6 171.6 182.3 192.5 208.7 229.3 235.6 241.3 245.1 248.9 252.8 256.6 259.7 261.9 264.2 267.1 273 279 285.3 292.3 299.1 306 308.4 309 308.9 308.8 308
113.3 113.5 114.1 114.5 115 120.3 124.2 125.9 131.2 141.5 148.1 153 162.4 172.8 177.8 179.8 179.4 175.7 167.9 162.8 168.6 178.3 183 185.9 177.2 166.8 156.6 146.1 138.4 131.2 124.1 117 116.1 113.2 109.8 106.4 102.6 100.1 99.3 98.8 98.3 97.5 97 100.4 109.3 115.2 121.1 126.9 133.5 140.8 148.6 155.9 165.3 174.1 185.1 197.2 215.5 236.5 243.2 246.9 250.4 253.7 256.8 258.5 260.7 263 264.9 269.6 275.9 282.5 289.3 296.1 304.5 308 307.9 307.8 307.7 307.5
114.6 114.9 115.5 116.5 118.7 124.1 130.4 135.1 138.7 147.5 154.1 159.2 166.9 175.3 180.5 183.4 188.3 190.4 191.3 188.9 184.6 189.7 195 190.2 181.1 169.8 159.5 148.9 137.4 130.9 123.5 124.7 120.6 115.9 111.2 107.5 103.4 98.6 98.9 98.2 97.5 96.7 96.7 101 108.1 114 119.9 126.1 133 139.1 145.2 152.4 159.8 167.6 175.7 188.7 210.9 233 243.5 248.1 252.2 255.1 256.6 257.6 259.3 260.1 262.6 267.6 273.7 280 286.6 293.2 301.9 307.4 308 308.5 309 308.6
115.9 116.4 118.1 118.6 122.6 127.3 133.7 140 146 155.8 160.1 165.3 171 179.6 183.9 190.5 197 202 203.3 200.2 197.7 200.8 203.7 200.3 185.3 172.8 162 150.6 139.5 133.1 129.6 125.9 120.8 115.5 110.9 106.4 102.1 98.9 98.4 97.1 96.6 95.9 96.6 98.8 106.2 112.3 118.4 125.1 131.1 136.8 142 147.2 153.6 163.7 174.3 184.2 203.3 222.6 238.6 247.7 251.5 256 256.3 257.3 256.2 259 261.6 265.9 271.7 276.4 283.5 290.3 298.1 308.1 310.2 310.3 310 307.7
117.4 119.5 121.9 123.3 124.7 130.4 137.3 144.1 153.9 162.9 166 170.5 176.2 185.9 193.3 200.1 207.8 214.6 216.3 209.6 206.3 209.9 214.6 206.9 191.5 177.4 164.8 152.7 144.7 139 132.7 125.5 119.2 112.2 105.2 104 101 98.6 98.4 97.6 96.5 96.5 96.4 98.3 104.9 111.8 118.6 124.2 128.8 133 137 142.2 151.4 159.1 171.6 182.1 193.6 206.9 223.9 240.6 249.6 253.4 254.9 254.7 255.5 258.1 260.8 263.2 267.9 272.2 278.8 285.6 292.4 303.8 309.5 310.8 310.4 306.8
121.3 123.4 129 128.9 128.6 134.9 142.1 150 161.1 166 170.4 176.2 186.3 198.1 205.3 210.9 219.4 230.8 231.3 222.3 217.3 221.5 220.2 208.4 195.1 180.2 167.5 155.6 148.1 142 134.6 126.1 117.7 116.1 112.2 104.5 99.7 97.4 97.9 98.7 97.9 97.7 97.5 97.7 102.9 110.5 116.8 121.3 125.4 129.1 133 139.4 146.7 154.1 162.1 174.4 183.6 196.1 209.4 226.5 240.4 248.6 251 251.4 253.9 256.7 258.7 261.3 264.9 268.9 273.5 280.2 286.9 296.5 302.2 308.2 309.2 304.7
127.5 129 133.2 133.7 134.2 136.9 143.7 153 164 168.3 177.7 188.5 200.8 208.7 220.7 223.2 228.7 238.8 238.3 230.9 227.6 231.3 222.6 206.2 198.5 185 172.2 158.9 151.4 144.7 135.1 128.2 124 122.2 118.8 110.6 101.9 97.4 98.2 98.8 99 98.8 98.6 99.5 102.9 108.5 114.3 117 119.7 123.8 127.6 132.1 135.1 142.6 151.7 161.8 173.3 181.9 197.7 210.7 224.2 236.7 245.8 246 247.8 253.1 256.3 260 263.5 267 270.8 275.4 281.5 289.1 294.9 300.6 304.4 300.6
134.6 135.7 137.1 140.1 140.4 141.8 146.5 152.7 166.7 173 185.7 199.7 208.2 222.8 235.4 246.7 246.6 244.4 241.1 237.7 237.2 235.6 222.4 208.6 199.6 187.2 174.3 162.8 153.6 143.3 137.2 133.4 129.8 125.9 121.4 112.9 102.9 98.3 98.3 97.5 99 99.3 99.6 100.6 100.1 105.7 110.9 113.4 115.9 119 120.3 123.5 126.4 133.8 142.4 153.4 160.8 172.7 185.6 198 209.3 222 231.8 240.8 242.1 246.8 253.5 257.7 261.4 264.6 268.8 272.6 277.9 283.3 286.3 288.4 289.8 287.9
