app/static/ascii/SK27.asc
ncols 200
nrows 200
xllcorner 420000
yllcorner 370000
cellsize 50
[rows 0 to 34 of 200, columns 0 to 77 of 200]
296.7 293.1 291.4 290.3 287.4 284.3 278.5 274.3 271.7 270.1 269.8 271.5 276.4 282.5 290.9 299.4 305 306.6 306.8 306.2 305 304.5 302.9 302.1 301.7 302.8 306.2 308.1 303.9 297.7 280.7 266.9 253.1 241.8 233.8 227 222.8 223.9 227.6 232.3 237.8 242.7 240.6 231.2 221.5 210.8 201.7 188.9 177.3 170.8 165 160.6 168.2 169.4 172.6 175.2 180.4 184.7 190.5 191.8 191.4 191.8 192.9 194.9 195.4 197.2 201.3 203.9 205.7 202 195 178.7 160.7 143.4 132 134.1 137.3 146.4
293.3 287.7 283 282.5 276.1 270.5 265.1 257.5 252.4 250.6 252.5 257.5 264.7 269.9 278.9 286.7 297.2 300.3 300 297.8 295.4 293.9 291.1 288.8 288 285.8 289.8 301.7 296.6 281.7 268.3 255.9 243.4 233 222.4 217.3 215.1 217.6 221.8 226.4 232.2 233.8 226.4 218.6 210.4 198.5 192.5 181.8 172.5 166.5 161.6 169.1 174.1 176.1 182 183.7 188.6 194.1 198.1 200 201.1 203.1 203.5 206 206.4 209 213.9 222 225 226.2 213.9 196.6 177.7 153.9 134.5 132 136.4 143.4
285.7 277 269.3 263.4 255.6 249.5 248.5 251.1 253.6 252.2 243.7 239 248.8 257.6 267.1 272.8 280.2 292 295.3 292.9 289.5 282.6 275.3 271.4 269.7 270.9 274.6 280.6 281.9 269.5 258.9 248.1 237.6 228.3 219.3 209 205 211.3 215.4 217.3 220.7 217.6 209.6 203.5 196.5 188.1 184.5 175.2 167.2 163.6 169.5 177.2 180.2 184.8 189.4 193.8 197 202.1 206.8 209.3 211.8 213.6 215.3 220.1 222.3 224.3 229.3 236.9 238.1 233.6 223.3 211.4 194.2 166.7 145.9 133.5 132.6 138.9
270.3 263.5 261.8 263.9 267.7 273.3 274.9 274.4 271.3 268.2 262.7 247.1 234.7 245.2 255.8 261.6 266.1 275.6 283.8 286.9 284 274.3 260.8 256.3 254.8 255.5 260.8 265.6 268.9 259.5 250.8 241.2 232.8 225.2 216.5 208.5 199.1 203.4 204.5 202.5 198.6 196.8 192.4 187.5 181.4 176.9 172.6 166 167.7 178.8 184.1 187 189.2 192.9 197.4 202.3 207.8 212.9 216.4 219.2 221.9 225 231.1 233.4 236.9 238.3 237 236.3 236.6 233.9 224.7 213 202.5 182 153.4 135.5 132.4 136.8
266.2 279.1 284.2 284.8 286 287.2 286.5 281.9 275 269.7 264 260.3 241.5 231 241.1 250.7 254.8 259.4 265.2 269.3 268.5 263.4 252.3 244.4 243.8 244.8 247.3 248.5 249.1 245.8 241.9 235.7 228.2 220.7 213.7 206 196.7 189.3 193.4 193 188.5 183.7 177.9 173.9 171.9 169.7 169.6 174.4 183.2 190.4 194.4 197 200.4 204 208.8 214.7 219.8 224.2 230.4 234.3 238.2 241.7 245.1 247 245.6 241.3 236.7 234.3 233.5 229.6 223.4 214.7 206.1 191.4 164.8 142.4 134.4 133.1
281.4 290.4 291.6 293.7 295 299.6 301 294.2 285.6 273.5 267.7 263 256.2 239.3 224.1 234.3 246.1 250.8 252.5 253.6 250.4 248.5 244.4 238 235.4 237.3 237.4 237.5 235.8 234.7 232.2 227.7 222.1 216.6 210.4 202.9 196.8 187.8 184 182.4 177.3 173.6 173.5 176.7 181.8 183.9 185.7 183.3 191.4 198 203 208.5 213.1 215.8 221.7 226.4 236.5 245.7 256.2 261.5 258.5 256.2 255.9 250.1 246.5 241.3 235.5 230.5 229.2 226.7 222.1 216.2 207.8 197.2 176.8 152.4 137.3 133.6
290.7 293.9 297.4 299.6 303.7 310.3 314 305.3 294 280.7 272.1 267.4 261.4 252.9 239.5 220.5 228.7 238.8 244 244.2 244.2 241.6 238.3 232.4 223.1 227.3 229 226.7 223.7 221.2 219.9 215.9 210 203.4 198.2 193.3 188.2 181.6 178.4 175.1 174.2 181.8 187.9 192 193.9 194.7 196.1 195.2 198.3 206.8 213.4 219.7 225.6 228.8 235.6 241.1 253.2 266.2 274.6 270.4 267 261.6 259.4 251.1 246.2 241.2 233.1 228.3 225 224 221 215.4 209.1 201.1 190.8 170.3 145.6 134.4
295.7 297.7 303.2 307.6 310.4 317.2 320.9 312.3 302.3 290.6 279.1 270.7 264.9 259.2 249.1 233.8 214.5 218.7 223.8 227.8 231.7 231.1 226 221 213.9 214.4 213.2 210.6 206.8 206 202.6 197.1 193 189 184.5 179.8 178.9 179.8 183 188.9 182.4 194.5 208.4 214.4 213.8 211.8 210.8 207.4 207.5 214.8 222.2 230.9 237.7 245.7 251.1 260.5 272.9 279.3 277.4 274.4 270.4 265.6 258.2 250.7 246.4 241.7 232.8 225.8 222.4 219 217.6 212.8 208.6 202 193.2 185 161.2 143.6
298 301.9 305.1 313.4 320.7 328.9 327.8 318.9 309.3 298.7 286.1 275.6 268.4 262.6 255 242.6 231.4 219.8 210.3 205.1 211.1 214.1 210.5 205.8 198.7 197.2 194.5 192.6 190.4 189.4 187.2 186 184.8 183.4 188.4 192.3 196 200.9 203.8 203.2 189.5 206.6 218.2 229.3 229.4 225.8 223.2 220.5 219.8 223.2 232.5 240.4 251.3 266.4 278.1 288 288.5 284.7 280.5 277.3 272.5 265.4 258.6 251.6 247.2 241.5 233.7 226 220.7 216.6 213 210.1 205.7 200.9 195.6 189.7 178.3 155.6
301.2 305.8 312 319.1 327.6 342.9 336.6 326.5 317.1 305.5 293.7 282.1 272.1 265.9 260.9 256.2 249.1 240.3 231.5 222.6 209.9 199.8 198 198 197.6 199.2 195.5 193.7 194 195.7 194.2 195.5 200.6 206.1 210.7 211.7 213.8 215.4 215.2 211.1 193.5 211.5 221.7 234.6 242.8 236.7 232.1 229.6 230.5 234.5 240.1 251.3 266.1 287.4 297.4 297.7 293.4 289.1 284.6 279.4 273.9 266.5 259.7 252.1 248.7 241.4 233.7 225.9 219.6 215 211.2 207.4 202.8 199 193.5 188.3 178.2 170.6
304.7 310.5 319.5 325.1 334.8 346.3 343.2 333.7 323.5 312.4 300.5 288.4 277.6 269.2 265.5 262.9 259.6 254.8 247.4 231.4 214.5 199 203.8 215.4 221.1 217.4 208.8 202.6 211 214.4 216.3 219.2 224.2 227.2 226.4 224.4 223.9 223.3 222.3 217 198.4 214.4 227.2 242 252.6 256.4 249.8 244.3 243 249.2 253.3 264.7 280.4 297.3 301.1 301.7 297.6 292.4 286.8 280.2 274.4 266.8 259.7 253.7 248.1 240.5 233.3 226.2 220.1 215.8 210.8 205.7 201.8 198.5 194.3 190.7 187.3 183.3
308.8 318.5 326.2 329.5 336.5 345.6 343.3 338.9 331.2 321 307.5 296.1 284.9 276.1 271 267.3 264 260.6 247.6 224.8 206.6 203.5 222.3 236.5 241.4 237.9 223.2 207.3 228.6 233.8 235.9 235.8 237.5 236.6 235.8 234.1 233.6 235.6 234.3 223.3 203.3 218.4 234.3 249.4 259.3 264.4 265.3 262.2 263 271.2 277.7 284.6 294.7 303 305.6 305.6 301.5 296.4 289.9 282.7 275.7 269.2 262.4 255.4 247.3 239.7 232.9 226.5 221 216.4 211.3 206.7 202.8 199.6 196.8 193.6 189.7 186.9
310 316.2 325 328.1 330.1 335.1 337.3 341.1 338.3 326.7 313.2 302.2 290.6 282.9 276.4 272.1 267.6 261.5 240.6 217.6 202.5 216.6 234.8 249.2 250.8 247.4 233.7 215.3 235.1 249.4 254.5 253.8 249.6 249.3 248.6 245.6 244.6 246.7 246.5 230.7 210.7 223.3 240.2 252.1 260.8 268.7 281.1 278.9 279.8 289.4 298 299.3 304.1 308.1 309.8 310 307.3 305.4 298.4 289.7 278.1 271.4 264.7 258.2 249.5 240.7 233.5 227.6 221.8 216.9 212 208 204 200.3 196.7 192.6 189.1 186.7
307 310.9 317.7 323 323.9 325.2 328 330 334.5 328.3 315.7 306.5 297.2 289.5 281.4 275.3 269.3 257.4 231.3 212.1 206.3 226.3 246.2 255.7 259.4 255.7 246.6 226.2 231.5 253.2 263 272 273.4 268.8 262.8 256.8 254.4 252.8 248.3 236 217.7 227.6 246 253.6 261.4 271 285.5 289.9 291.8 298.9 306.4 307.2 311.4 314.1 316.4 317.6 316.5 313.4 307 296.5 284.6 275.5 266.5 261.5 252.3 243.3 235.2 229.7 223.8 217.5 213.3 209.2 205.1 200.4 196.4 191.9 187 183.8
304.6 307.2 311.6 315.9 317.5 318.9 319.6 322.1 325.5 324.5 318.4 309.9 301.8 294.6 286.3 278.5 272.4 250.7 226.8 208.7 213.4 236.8 253.9 261.7 269.3 266 255.5 243.3 236.5 249.8 265.8 278.1 287.5 294.6 285.1 271 263.2 259.1 254.7 236.8 226.3 230.4 248.5 256 262.7 271.1 287.6 295.7 299.8 305.4 313.4 315.8 316.9 319.9 322 322.1 319.3 316.5 310.8 303.7 292.6 282.1 274 265.6 255.7 246.3 237.7 232.1 226.1 219.6 214.8 210.3 206.2 200.7 195.9 191.1 185.2 180.3
303.7 305.3 307.8 309.5 311.2 312.8 313.1 316.1 319 320.5 318.6 312 304 298.8 290.1 281.5 271.1 245.2 224.9 208.8 224.1 245.9 259.5 268.6 276.5 271.7 263.8 255 253.7 255.4 266.5 276.7 287.3 299.5 299 284.7 272.7 265.9 260.3 250.8 236.9 228.5 248.8 256.6 263.1 271.6 285 294.9 303.7 312.8 318.7 322.1 321.9 323.9 326.3 326.4 323.2 319.3 315.2 308.7 301.2 291.9 283.4 272 261.4 250.1 242.9 235.9 228.5 221.7 217.2 212.5 207.7 202.2 197.1 192 185.9 179.2
303.1 302.9 303.7 305 305.5 307.3 308.7 310.7 313.5 318.6 318.6 312.5 306 300.9 292.3 283 260.5 237.2 215.8 211 232.8 255.4 268.3 279.5 279.6 275 269.8 263.6 260.5 266 271.7 278.9 287.4 300.3 301 294.1 280.9 273.9 268.3 258.8 248.8 235.9 245.6 257.3 264.2 272.1 282.9 295.6 307.4 318 325.3 325.6 325.8 326.9 329.7 329.3 325.6 325.1 320.4 314.6 308.3 301.8 291.9 279 267.8 257 247.5 240.3 231.9 225.9 219.6 215.1 210.8 205.3 199.3 193.1 185.4 178.4
304.1 300.6 300.7 301.6 302.3 303.4 304.8 305.9 310.2 315.5 317 311.4 304.5 299.8 290.4 276.1 249.1 229.2 212.7 224 243 263 277 287.5 284.6 280.2 276.1 271 268.2 273.4 278.1 285.8 295.1 306.1 306.4 299.7 291.5 282.4 275.8 264.7 253.6 249.1 252.1 258 264.8 272.1 282.6 297.1 312.5 323.8 329.5 328.7 329.1 330.4 333.5 333.5 331 328.3 323.9 318.6 313 307.1 297.9 286.5 276.7 268.2 257.8 246.9 237.7 230.9 223.9 218.5 213.3 208.6 202 195.2 186.8 180.3
300.8 299.2 300.6 300.9 299.8 297.9 298.6 300.5 302.4 306 310.6 305.3 298.8 292.8 284.2 262.4 236.8 216.5 220.8 237.9 254.7 270.8 287.8 294.6 291.5 287.7 283.5 278.9 278.3 280.4 285 293.4 304.8 315.4 316.5 309.3 300.3 291.6 283.4 268.2 260.2 257 258.7 262.5 269.3 276.2 283.7 299.7 317.2 329.1 334 333.1 332.8 334.3 336.9 335.8 333.1 329.8 326.2 321.6 316.3 311.3 303.3 294.6 287.1 281.8 271.2 259.6 248.3 235.6 228.3 222.9 217.1 211.8 204.2 198 191.4 185
297.9 294.2 299.3 301.1 301.1 297 293.9 294.8 296.5 298.1 298.9 296.2 292.4 285.4 268.6 247.3 223.7 220.2 227.1 249.6 267.9 279.5 299.6 303.5 300.1 296.2 291 285.3 287.8 290.2 299.7 305 315.4 324.3 325.3 317.6 308.1 298.5 289.5 278.8 270.8 267.5 267.7 269.5 277.4 291.8 296.7 304.8 322.7 330.6 334 335.8 336.4 338.1 337.8 334.8 332.6 330.5 327.6 323.4 318 312.6 306.5 299.5 293.4 286.7 279.1 272.1 262.6 251.4 240.9 230.5 223.8 215.9 208.5 201.6 194.4 187
293.8 289.2 296.7 299 299.9 296.3 290.6 290.9 292.7 291.3 291.5 289.1 283.6 268.9 252 233.3 224.4 236.7 229 255.8 278.1 289.1 306 309.3 312.1 306.9 300.5 301.8 302.4 307.4 317.9 322.9 327.2 334 332.1 323.5 313.6 305.1 297.1 291 281.4 280.1 279.2 282.6 295.8 301.3 308.9 314.3 326.1 334.3 336.6 337.8 339.2 341 340.8 336.4 332.9 330 327 322.4 316.7 311.3 306.4 301.3 299 291.3 285.2 278.9 274.1 266.4 254.8 244.2 234.8 223.3 212.3 205.3 197.7 191.7
274.9 274.3 281.7 294.4 299.3 295.1 287.6 281.3 285.5 282.8 280.3 274.1 262.6 245.3 229.9 232.7 243.5 245.6 240.3 243.6 266 287.4 304.1 310.7 317 316.8 313.9 317.9 320.9 324.3 329.2 333.9 335.2 339.9 336.3 327.9 319.5 311.7 303.2 295.3 291.4 293.7 294.3 296.6 306.1 311.7 320.3 326.1 332.4 336 338.7 340.2 341.4 342.2 341.1 337.7 333.2 329.7 325.9 321.1 315.5 310 305.7 301.4 297.2 292.3 287.7 281.1 277.6 272.5 262.7 253.3 242.7 231.3 218.6 205 187.4 184.6
278.8 268.2 263.2 276.2 284.4 279.3 273.9 263.8 267.3 263.8 260.6 253.7 238.4 240.6 246 250.6 260.2 251.1 254.5 251 249.2 267.6 284.8 298.6 310.9 321.6 324.6 327.4 334 338.9 339.4 340.9 340.3 340.4 338.4 333.4 325.4 317.2 309.6 302.9 302.6 304.1 307.2 309.6 313.7 322.8 330 333.5 336.7 339.4 341.7 343 344.2 342.8 341.3 338.8 334.6 330 324.7 319.5 314.2 309 304.6 299.6 295.4 291.4 287.4 282.8 279 274.9 265.4 258 245.7 233.5 217.1 195.7 172.4 158.9
292.5 283.1 264 258.2 265.7 261.9 256.8 250 245.8 239.9 238.8 240.4 246.6 257.1 260.7 264.6 260.9 255.2 264.2 261.1 258.5 258.7 267.1 284.4 302.7 321.7 329.6 336.5 347 349.1 345.8 345.1 345.6 344.7 341 336.6 330.1 322.3 314.5 311.1 309.5 315.3 318.2 319.9 325 331.3 335.4 339.3 342.9 345.1 345.7 346.4 345.5 344.5 343.6 340.6 336.4 331.7 326.4 319.1 312.9 308 303.4 298.7 293.8 289.8 285.6 281.7 277.5 272.7 266.5 259.9 245.5 220.4 197.3 185.5 172.1 164.1
277.9 273.8 266.5 250.3 248 251.1 255.9 253.2 250.9 247.7 248.4 248.6 255.2 266.6 263.9 262.5 260.1 270.4 279.2 276.8 278.9 278.4 274.5 275 294.6 317.7 331.9 339.2 348.4 354.4 350.3 349.8 349.9 349.4 345.4 339.9 334.8 329.4 322.9 321.6 322.1 325.3 328.6 330.7 333.3 337.2 341.1 348.8 353.6 354.9 351.3 350.2 348.6 347.7 345.1 342.1 337.8 332.6 326.8 318.9 314.1 307.5 302.5 297.7 292.6 288.1 283.6 279.4 274.9 269.6 264.5 254.4 233.1 226.7 216 204.3 191 175.3
254.1 252 249.4 255.2 254.1 265.6 266.3 268.2 266.2 255.2 256.4 256.4 260.3 264.1 264.4 266.3 273.3 293.6 305.7 305.9 306.3 300.7 295.4 291.9 289.8 312.2 329.6 337.5 344.8 354.2 354.3 353.8 354.6 353.7 350.9 347.7 345 339.9 334.4 332.9 332.6 334.7 337.3 340.9 343.2 345.9 354 358.4 360.2 359.3 356.2 353.3 351.9 349 345.6 342.1 336.9 332.3 328.1 321.3 316 310.1 305.7 300 294.4 289.1 283.7 278.6 275.2 270.3 264.6 258.7 254.2 246.3 233.9 219.8 205.6 185.6
268.7 262.7 273.1 266.6 261.6 271.9 275.6 275.9 271.5 258.2 265.4 261.5 265 271.1 275.3 281.4 291.9 311.4 314.4 317 321.7 324.7 318 308.9 302.1 322 330.7 331.9 340.4 350.9 357.4 359.2 359.8 361 361.9 364.8 354.9 349.3 345 344.7 344.5 345.9 351.4 354 357.4 358 362.5 362.3 363.2 360.9 358.5 355.7 352.2 349.3 345 340.8 336.5 332.3 328 323.1 318.2 312.9 307.4 301.8 295.4 290.4 285 280 276.5 271.3 265.8 260.3 254.9 248 239.5 224.1 208.8 193.7
276.8 273.6 273.8 275.1 271 270.3 271.4 273.7 273.8 268.5 273.3 271.5 277.9 286 291.9 293.3 309.3 322.2 327.6 331.8 335.3 339 336.9 330.2 314.4 332.8 340.5 338.1 341.3 350.9 358.1 363.3 368.2 370.9 371.4 370.1 363.1 358.6 356.2 355.8 358.8 359.8 366 368.7 371.1 368.5 366.1 366 366 363 360.1 356.6 353.2 350.2 345.9 341.9 337.6 333 328.6 323.5 318.8 313.8 307.4 301.2 296.5 291.6 286.7 281.7 277.5 272.4 267.2 261.8 256 248.3 239.6 226.7 214.9 199.5
289.6 285 284.5 285.8 285.5 283 286.2 286.3 286.8 280.7 278.3 289.6 301.1 304 294.2 310.3 328.3 334 340.8 343.7 346.7 346.9 343.1 337.7 329.7 340.3 346.6 344.1 347 350.7 360.3 365.5 371 377.6 377.3 374.3 370.5 367.7 366.2 367.8 371.2 369.9 369.8 372.4 371.6 370.3 368.2 367.5 366.2 364.2 360.8 357.9 354.3 350.8 347.1 343.3 338.7 333.9 329 324.2 319 313.5 307.5 303.4 298.6 293.6 286.8 282.3 278.1 273.7 268.5 263.1 256.7 248.3 238.4 224.8 214.9 198.4
310.5 310.5 312.7 305.6 305.8 308.3 306.4 308.3 300 296.6 278.5 301.1 306.1 298.1 307 330.2 338.4 345.9 349.3 351.7 352.8 352.3 347.9 342.8 336.1 346.3 347.7 348.6 351.9 355.2 361.2 366.8 373.1 380.9 381.4 380.9 380.9 379.7 375.9 377.6 377.9 375.9 374.9 374 372.7 371.4 370.1 369.5 367.3 365 362.7 359.8 356.1 352.3 347.1 343.1 338.6 333.8 328.9 324.1 319.3 314.2 309 305 300.2 295.1 288.3 281.7 277.7 273.4 268.1 263.4 256.5 246 237 218.8 204.2 185.5
324.8 325.3 328.1 329 329 329.5 326.6 325.6 317 300.3 288.3 295.3 302.1 316 327.6 338.3 346.7 353.1 355.7 356.9 357.1 356 352.1 346.9 341.3 349.4 354.9 354 357 359.6 364.4 371.4 377.4 386.1 388.9 388.5 387.5 384.7 381.4 378.9 378.8 378.5 377.5 375.9 374.2 372.4 371.7 370.3 368.1 365.8 362.6 360.1 356.1 352.5 347.3 343 338.6 333.7 328.8 324.2 319.2 313.6 308.2 304.1 299.8 294.8 290 280.8 276.7 271.7 264.8 260.4 253.7 243.1 231.1 205.3 190.1 171.8
334.1 334 334.5 334.5 334.3 335.2 335.3 334.9 334 326.2 302.5 307.1 316.8 327 342.3 346.7 353 359.1 361.8 361.9 361.4 359.7 355.7 350.9 348.2 355.2 361.4 359.3 361.5 363.5 368.7 376.7 382.4 395.3 399.3 396.6 392.4 388.9 385.5 382.2 379.7 380.5 378.5 376.9 374.9 372.7 370.9 370.1 367.9 364.7 361.8 359.1 355.1 351.6 346.5 341.4 337.7 332.6 328.3 324.4 318.5 313.2 308 303 299.3 294.6 289.9 281.5 276.3 270.2 262.8 257.2 251 237.2 217.5 195.4 188.5 185.7
338.6 339.5 339.9 339.2 339.6 340.6 341 341.6 340.2 336 311.4 318.4 336.5 345 348.8 354.9 361.2 364.1 366.2 365.2 364.3 362.4 358.6 354 355.2 360.9 364.9 363.8 366.1 368.6 374.2 381.4 388.1 405.5 403 398.4 394.4 390.8 386.9 383.3 381.6 380 378.9 376.4 374.2 372.3 370.9 369.4 365.7 362.9 360.3 357.3 354.1 351 344.7 340 336 330.9 326.6 322.8 318.4 313.4 309.4 305 299.9 294.8 290 284.3 278.4 271.3 262.3 255.2 246 226.8 224.1 222.3 216.4 210.7
343.6 344.1 343.5 343.9 345.4 346 347.8 348.2 345.9 342.4 323 326.6 343.3 348.5 355.4 362.3 366.9 370.3 369.7 368.4 367.3 364.5 360.6 355.6 358.5 365.1 368 367.7 371.1 374.5 380.8 386.3 395.4 406.2 402.9 398.8 394.6 391.2 387.7 383.9 382.7 381 379.4 376.3 373.8 372.4 371.1 370.1 367.7 364.7 361.9 359.4 356.5 352 345.4 341.9 337.4 331.4 328.3 324.9 319.2 314.5 310.4 305.2 300 294.8 289.3 283 276.1 268.7 263.1 255.5 246.4 242.1 239.6 234.6 227.7 219.6
346.8 347.4 347.6 349 351.1 354.3 356.6 355.4 352.3 348.7 333.8 336.2 348.3 355.3 362 367.2 371.4 373.5 373.2 371.9 369.5 365.7 362.1 359.4 362.9 368.4 371.1 372.3 375.7 380.2 385.2 390.3 400.9 406.2 403.9 399.9 394.9 390.7 387.4 384.2 382.7 381.4 380.2 377.6 374.5 373.4 372.3 371.1 368.9 366.2 363.5 361.5 357.4 351.5 345.8 342.3 337.8 331.6 328.8 325.3 319.7 314.4 309 304.3 298.9 294 288.3 283 276.8 270.9 262.4 259.1 254.5 251 245.1 239.6 232.6 225.7
