app/static/ascii/SK28.asc
ncols 200
nrows 200
xllcorner 420000
yllcorner 380000
cellsize 50
[rows 140 to 174 of 200, columns 0 to 77 of 200]
155.7 156.8 156.9 156.1 155.1 152.7 150.6 149 148.2 148.2 148.9 147.5 152.7 153.6 154.8 155.3 156.4 157.7 159.2 164.1 168.7 176 183.4 188.8 192.9 196.8 200.3 202.8 207.1 206 206.5 202.5 186.9 192.8 206.7 217.3 227.1 231 232.9 233.1 232.9 231.6 228.6 227.9 227.8 217.9 229.2 243 259.4 275.1 286.7 296.4 300.4 296.8 278.8 263.5 251.7 238.5 227.9 217.7 207.3 195.2 187.2 188.3 190.4 193.3 200.4 208.8 219.4 232.9 245.2 259.2 270.2 283 296.8 311.5 323.5 333.2
153.4 153.9 154.7 154.6 154.4 152.1 150.5 149 148.8 148.4 148.8 148.3 152.4 153 153.3 153.8 154.5 157.3 160.8 164.4 169.6 174.2 179.7 186.1 190.2 192.9 196.5 198.7 200.2 201.3 201.9 197.6 182.6 198.7 207.5 217.1 226.1 229.2 229.4 229.9 228.6 227.1 224.9 223.5 221.7 213.8 226.3 239.8 256.1 272.5 285.8 294.8 298.6 282.9 264.7 248.7 236.2 225.2 215 206.2 199.2 190.6 185.3 185 190.2 194.6 200.4 208 221.4 235.4 249.9 263.1 274.4 288 306.3 317.7 326.8 334.9
154.2 154.3 154.1 153.6 153.8 151.5 150.3 149.3 148.5 148.5 148.5 148.6 152.2 152.5 152.9 153.2 154.6 157.4 161.8 167.3 171.4 174.7 176.5 183.5 188.1 190.7 192.9 195.2 195.2 196.7 194.2 185.9 187.7 200.5 209.7 218 225.1 227.3 226.9 225.3 224 222.3 221.3 218.3 218.2 211.8 222.6 235.4 253.1 269.7 283 292.7 290.8 269.7 252.6 238.2 224.8 214.1 207 200.3 194.6 189.2 184.1 183.8 190.4 193.9 201.2 208 218 231.8 246.7 261.1 276.3 289.2 304.1 314.7 325.2 335.7
153.5 153.5 153.2 154 152.9 151.4 150.2 148.3 148.1 148.1 148.1 147.9 148.5 152 152.3 152.5 154.1 156.3 160.4 165.3 171 177 180.7 182.7 187.2 188.5 190 191.2 191.1 190.4 184.9 177.2 195 202.8 211.2 218.7 222.3 223.6 223.1 221.4 219.4 217.9 215 213.6 212.5 208.4 219.5 231.4 247.8 267.1 279.7 288.3 282.2 259.6 242 229.3 216.6 208.1 201.2 195.3 190.6 186.4 182.5 183.4 189.9 194.3 204.2 213.9 226.3 241.9 256.7 265.1 272.1 286.5 299.4 311.8 322.4 333.7
152.8 152.7 152.1 151 151.9 152.4 149 147.7 147.8 147.8 147.9 147.6 148.4 151.4 151.9 152.4 152.9 155.1 158.5 164.7 172.5 177.2 180.8 184.6 186.8 187.6 188 187.4 186.3 182 173.5 187.2 197.5 204.2 211.7 216.7 218.8 219.9 219.3 217.8 215.8 213.2 210.2 206.2 205.8 205 215.9 228.8 245.1 263.1 276.3 283.3 273.5 249.8 233.6 220.4 209.6 201.6 196 191.4 187.6 184.5 181.4 179.5 187.6 194.7 205 216.1 229.4 245.5 262.9 272.9 282.5 289.7 298.4 309 320.3 331.7
152 152 151.4 150.8 150.6 150.7 146.8 148.1 150.9 147.9 148 145.3 148.2 151.3 151.7 152.2 152.6 154 158.3 165.1 172.7 177.2 181.1 184.4 185.9 186.7 186 180.8 177.3 172.5 176.8 192.1 199 205.2 211.3 213.9 215.1 216.3 215 213.8 211.3 208.4 205.1 200.6 200 205.4 215.5 227.7 245.7 260.8 272.4 279.3 267.5 242.8 226.3 213.1 203.5 196.4 191.4 187.5 184.3 181.5 179.1 177.2 185.7 197.9 207.2 217.4 230.6 247.1 266.4 277.8 287.6 295 303.5 312.8 321.8 330
151.2 151.3 151 150.6 150.4 150.5 146.7 146.8 147 148.6 148.3 143.7 147.3 148.6 151.6 152 152.4 153.9 158.6 165.5 172.3 177.1 180.4 182.8 183.5 182.1 180.8 176.5 169.5 170.2 186.3 192.7 199.7 204.6 208.8 210.4 210.7 211.8 210.8 209.7 206.8 203.6 200.2 194.2 199 205.4 215.3 226.9 244.8 258.7 270.9 274.3 264.3 237.4 220.9 207.3 198.6 192.2 187.6 184.5 181.4 176.8 175.4 178.1 191.3 201.8 210.9 221.3 235.3 253.8 269.5 282.4 289.8 297.4 307.7 318.6 324.6 329.3
150 145.3 149.4 148.9 144.7 149.9 148 147.3 147.1 147.6 147 146.7 146.7 146.8 151.1 150.9 150.8 153.1 158.3 166.5 174.3 178.2 179.2 180.3 180.3 178.9 175 168.3 164.7 183.2 189.8 195.1 198.6 201.5 203.6 206.1 206.6 207.1 206.5 205.2 202.4 198.7 194.8 189.1 196.6 202.9 213.1 226.5 243.2 256.9 267.3 270.2 264.5 236.8 216 202.8 194.9 188.6 184.4 181.9 177.6 174.2 174.5 183.6 195.5 205.1 214.2 226.1 239.7 257.2 272.4 283.1 291.1 298.5 307.6 317.2 322.2 326.4
166.3 164.2 155.3 152.5 152 144.7 147.2 146.7 144.3 146.9 147.2 146.9 146.5 151.1 148 151.6 150.9 151.5 156.6 164.8 171.5 176.5 177.4 177.8 177 173.7 167.2 162.3 178.8 185.9 189.7 193.4 196 198.1 199.9 201.3 201.7 202.2 201.6 200 198 194.6 189.3 186.5 195.1 203.2 213.1 226.5 241.7 254.2 262.5 263.9 258.9 241 214.3 200.3 190.4 185.4 181.7 178.7 174.1 173.2 179.2 186.8 197.5 205.2 215.8 227.3 241.2 260.5 274.1 283.7 289.8 297.5 301.5 308.1 315.2 317.7
167 164.5 162.2 159.8 156.5 154 152.2 146.3 146.5 143.7 143.7 143.7 147.2 147.2 147.4 151.2 151.2 151.3 153 162.8 168.6 172.6 174 173.9 172 166.4 159.5 170.9 180.8 184.7 188.1 191 192.5 193.7 195.2 195.4 195.8 196.3 196.4 194.8 193.1 190 184 188.1 196.9 205.2 215 227.4 240 249.6 257 257.2 250.8 239.6 214 196 187.2 182.4 179.3 174.8 170.4 174.4 179 187.4 195.6 202.9 212.7 224.8 241.1 260 273 281.2 289.4 293 294.4 300.1 305.4 309.7
165 162.5 160.5 158.7 156.2 154.9 148 151.7 143.5 147.2 148.5 147.8 148.2 151.7 154.3 149.2 150.6 151.1 151.3 152.7 163 168.6 170 169.6 167.6 158.3 165.1 176.2 179.9 182.9 186.2 188.2 188.8 189.4 189.9 189.6 189.7 190.2 189.5 188.5 187.2 183.6 181.6 192.4 202.2 210.9 219.4 227.9 237 246.6 252.9 251.1 245.5 234.9 216.5 194.3 184.7 180.8 176.8 171.7 169.1 172.4 178.9 188 193.8 200.3 209 222.4 238.2 258.1 269.6 276.6 283 286 284.6 291.2 294.8 298.5
161.6 159.9 158.2 156.1 153.2 154.6 157.1 157.2 149 143.6 147.1 147.4 147.8 148.5 149.2 148.7 149.5 150.1 151.3 151.6 152.9 164.3 166 165.2 156.5 159.1 171.6 175.6 178.7 181.5 183.7 184.6 185.2 185.7 185.4 184.2 183.6 183.4 182.7 181.7 179 174.9 188.4 198 206.9 214.9 220.4 226.9 234.1 240.2 246.3 247.1 241.1 229.4 215.5 194.9 183.3 178.7 174.4 170.3 169.1 172.1 179.4 185.6 190.6 197 206.7 220.1 235.4 252.4 265.7 271.7 274.8 277.3 276.6 279.1 286 288.8
157.6 156.9 156.8 160.7 160.5 161.3 161.6 161.6 160.7 147.9 144.4 146.8 147.4 147.8 147.9 149.6 148.7 149.1 149.2 149 151.9 153 161 158.7 154.3 166.3 171.1 173.4 175.9 178.6 179.7 180.5 181.6 181.8 181.2 180.4 179.6 179.1 177.8 175.2 172 182.8 191.3 200.7 208.2 211.6 216 222.8 229.6 235 239.6 240.1 233.9 225.5 209.2 193.2 183.4 177 172.7 167 166.3 172.2 179.1 182.9 186.6 194.6 204.6 219 236.1 251.4 262.3 264.2 265.9 267.8 265.1 267.2 273.3 278.8
164.5 163.8 163.3 164.2 166.1 167 167 165.9 163.5 160.9 149.2 145.5 147.1 146.9 147.3 148.8 148.2 148 147.7 147.3 147.6 149.7 153 154.2 160.7 166.8 171.3 172.8 173.1 175.7 175.8 175.3 178 177.6 176.9 176.4 175 173.7 171.3 168.4 175.9 186.7 194 202 204.3 206.3 210.4 217.3 224.6 230.2 233.3 233.9 228.7 224.3 216.4 204 187.4 175.9 172.2 165.5 165.9 170.3 175.2 179.5 185.7 193.2 203.9 219 237.1 247.5 253.6 253.8 256.4 257.6 254.9 258.7 264.8 269.5
168.9 168.9 170.5 170.6 171.1 172.7 171.3 169.4 166.2 163.1 160 146 146.9 146.5 146.8 147.5 146.8 147.1 146.7 146.9 146.8 147.2 149.1 153 157.7 166.5 169.6 170.3 170.9 170.7 170 170.2 173.5 172.9 172.3 171.4 170 168.5 164.4 170.1 177.9 188.3 194.5 198.4 202.3 203 207.2 213.4 220 225 230.7 230.4 226.9 223 215.1 202.9 184.3 174.9 169.4 164.9 164.4 168.9 173.8 177.7 184.4 192.7 203.2 217.8 232.3 239.7 241.9 242.4 244.2 245.5 243.7 250.6 256 260.4
177.5 178.2 178 178.1 178.3 175.9 174 170.8 167.5 164.6 159.8 156.3 152.6 142.6 142.4 146.2 146.2 146.4 146.8 147.2 146.6 147.1 150 154 158.8 153.8 162.8 164.8 164.3 164.4 164.7 167.1 168.4 167.7 166.8 165.1 165.3 161.7 166.7 174.9 181.9 188.6 190.8 193.5 194.9 198.8 207.1 216.4 224.9 230.8 233.5 232.3 228.6 223.1 214.9 200.9 183.2 174.1 168.6 164 163.5 169.6 174.8 181.3 188 194.9 203.5 216 223.6 228 230.9 230.7 228.2 227.6 236.3 244.7 246.1 250.9
187.2 186.6 186.4 185.6 184 180 176.4 172.7 168.9 164.1 165.1 164 161.4 156.9 148.9 147.6 147 141.7 147 147.6 147.7 147 148.3 149.2 152.9 157.1 158.4 154.9 158.1 160.4 161.6 162.8 163.5 162 160.8 158.8 160.3 162.9 172.3 178.8 183.1 185.2 187.1 188.1 192.1 200.6 210.5 222.5 232.7 235.7 237.4 234.5 229.6 223 214.9 200.3 182.7 173.2 167.7 160.6 162.8 169.4 176 183.5 190.8 196.3 202.9 209.4 212.7 216.2 218.8 218.3 215.1 222.7 232.3 236.8 235.6 242.6
197.4 196.8 194.6 192.5 187.4 182.2 178 171.2 170.1 169.7 169.9 168.1 164.5 162 155.6 148.7 148.1 147.2 146.2 141.9 142.3 142.9 146.1 147.7 147.6 148 151.8 153.8 153.4 156.1 157.8 158.6 158.6 157.5 156 154.4 162.4 169.8 174.7 177.4 180 181.8 183.5 185.2 193.2 203.1 215.1 227.7 237.4 240.9 241 235.6 230 222.3 213.1 198.7 181.5 171 166.6 162.1 161.7 168.5 175.1 182.3 188.3 193.4 197.7 200.7 203.3 205.7 207.6 207.7 203.4 216.8 221.2 224.8 232.4 243.7
210 206.1 202.3 197.3 189.9 182.8 179.1 179.3 178.4 176.6 175.8 173.9 169.6 165.3 162.4 155 149.1 147.9 146.4 146.4 145.9 145.9 145.7 143.5 144.8 146.9 147.2 149.1 149.9 152 154 154.1 154.8 154.2 154.9 159 166.1 170.4 172.1 173.7 176 178.5 176.2 186.3 194.3 206.7 219.8 232.4 239.7 242.7 241.2 235.7 228.9 220.7 211.8 197.9 181.5 169.7 166.3 161.8 161.3 166.5 173.4 179.3 184.4 187.9 191.3 192.1 192.4 195.5 196.5 196.1 198.2 203.9 210.6 222.5 233.5 243.6
220.2 215.1 208.6 200.7 192 184 186.4 187.7 184.8 182.9 183.8 180.3 176 171.5 167 163.6 155.9 148.5 147 146.1 146.1 146 145.3 145.3 145.2 141 146.6 146.2 147.7 148.3 149.6 150.6 156.8 153.1 156.6 162.1 165.1 166.9 169.3 171.5 173.2 169.6 182 187.2 198.5 210.7 222.5 232.3 238.8 240.6 238.8 234.1 227.3 219.9 210.7 197.7 181.9 170.5 165.3 161.8 159.4 163.9 169.6 175.6 180.1 182.9 183.7 183.2 183.5 185.6 187.1 192.2 201.3 212.4 220.4 228.2 237.3 246.6
228.5 221.8 212.7 203.3 193.1 191.1 198.7 198.2 193.5 191.9 193.1 188.6 182.6 179 174 168.6 164.3 150.2 146.5 145.7 146 145.5 145 144.9 144.9 144 140.8 145.2 145.7 145.7 147.1 149 150.4 153 158.3 158.9 160.9 163.7 166.4 167.9 165.9 173.5 180.7 190.4 202.4 212.7 220.7 228.5 234.3 236.1 234.8 231.8 225.7 218.3 209.2 197.6 182.5 170.4 164.1 160.1 158.4 162.3 167.5 171.7 174.3 175.6 175.2 177.1 182.4 189.1 197.5 205.5 212.8 216.3 222.8 230.4 235.1 242.2
234 226.1 216.8 205.4 191.7 203.4 211.7 211.3 207 207.6 207.4 203.6 197.8 191 182.1 175 169.7 164 146.1 145.7 145.6 145.2 144.8 144.6 143.3 142.7 143.8 139.3 144.9 145.8 146.8 148 149.1 151 153.7 155.4 155.2 161 163.2 163.8 163.8 175.6 183.2 193.5 202.8 209.6 215.7 221.7 227.2 230.1 229.2 227.4 223.2 216.8 208.5 198.3 184.5 171.9 163.5 159.3 155.7 160.8 163.9 166.7 168.1 170.8 179 186.4 194.1 197.7 200.3 203 205.2 208.2 212.7 219.9 225.9 232.6
237.6 230.7 221.6 206.9 205.8 217.9 225.9 225.7 223.7 224.6 223.9 221.2 216.2 208 197.3 185 177.6 171.5 165.9 154.4 144.7 144.8 144.4 144 142.7 142.1 142.8 143.8 143.9 145.7 145.7 146.2 146.4 146.5 147.9 151.1 154.6 158 160.2 154.7 167 174.4 183.3 191.8 198.3 204.6 208.6 213.2 218.2 222.2 222.2 221.6 218.8 212.5 206.7 197.7 187.4 176.5 163.3 158.2 154.5 158.6 160.8 165.5 174.7 180.9 186.7 191.4 194.7 197.5 194.5 196 195 197.9 201.7 207.7 215.3 223.3
242 235.3 226 206.5 219.9 232.1 238 238.4 238 239.8 240.4 238.8 232.3 225.6 215.3 203.7 190.1 180.5 173.4 167 159.8 145.6 144.7 143.7 143.1 142.6 142.2 142.9 139.1 145.6 145.2 144.7 144.6 144.5 144.6 146.5 146 151.3 152.9 160.5 165.4 172.7 180.2 185.3 190.7 194.6 198.8 203.6 208.5 211.8 212.3 212.4 212 207.7 202.8 195.8 189.2 179.9 164.3 156.8 154.2 158.1 162.9 168.6 175.4 181.9 187.1 190.7 190.6 189.2 185.5 179.9 181.4 183.3 188 193.6 201.2 209.1
247.1 241.2 227.8 222.9 228.5 241.4 246.1 249.3 250.6 252 252.1 250.7 247.7 242.5 234.1 223.2 211.8 198.5 184 175.5 169 162 148.8 143.9 143.7 143.1 142.8 143 139.1 144.2 144.7 145.1 145.2 145.2 145.1 144.8 145 145.9 148.3 154.2 159.8 161.6 172.9 176.5 180.3 184.1 188 192.6 198.5 200.6 202.3 204.3 204.3 202.2 198.2 193.4 187.7 181.1 166.1 156.5 154.2 158.1 161.9 166.2 173.3 179.7 184.2 185.8 182.5 177.2 177 178.4 181 184.2 185.2 189.2 191.6 194.4
253.3 247.3 233.3 237.4 232.5 249 255.6 261.9 264.4 264.9 266.2 266.3 264.7 261.6 254.3 243.9 230 216.9 204.8 193.5 182.1 172.9 164.6 149.3 143.7 143.5 143.4 143.3 139.1 144.2 145.3 145.4 144.9 144.4 144.6 144.9 144.8 143.9 144.7 145.3 152.7 157.5 162.5 163.2 168.5 172.1 176 181.2 186.8 191 192.8 194.6 197.3 195.3 192.9 190 186.4 180.4 169 155.8 153.4 156.1 159.3 163.6 169.2 173 175.7 174.1 169.9 170.5 178.1 182.2 186.7 190.2 188.8 188.8 192.4 196.4
264.6 255.9 246.8 251.1 248.4 257.7 269.7 276.4 279 281.4 283.6 282.9 280.4 274.6 268.3 257.9 245.7 231.8 218.8 209.2 201.7 192 183.2 172.6 157.5 142.7 143.1 143.3 141.9 144 144.7 144.4 143.8 143.7 143.9 144.2 144.3 143.5 143.1 143.4 143.8 147.7 154.9 156.2 159.4 163.4 167 170.7 175.4 178.6 182 185.3 188.6 188.7 188.2 187.1 184 178.4 164.8 153.6 152.4 155.4 158.5 160.6 164 167.3 166.6 166.5 170.1 174.6 179 184 190.3 197.8 208.5 210.2 211.4 213.1
280.4 265 261.2 271.7 267.6 273.6 283.4 289.3 291.3 292.5 291.5 288.8 285.2 281.1 275.4 266.8 254.9 241 225.9 215.8 207.6 201.1 193.8 185.4 178.2 169.4 161.2 146.8 139.1 142.7 143.1 143.1 143 143.1 143.1 143.4 143.5 143.3 142.4 140.6 140.1 142 144.7 149.9 154.5 155.7 160.9 163.3 167.2 171.1 174.9 178.4 181 183 183 182 179.1 174 157.9 151.7 151.6 154.5 157.7 158.2 160.1 164.3 164.4 167.8 172.7 177.9 182 190.1 201.5 211.5 227.8 236.7 233.5 228.9
292.9 286.4 278.6 289.1 287.3 286.2 293.1 298.2 299 297.2 294.3 289.7 284.4 279.1 274.3 267 257.1 244.8 232.1 218.3 208 200.8 192.9 185.2 178.6 169.8 159.5 153.7 154 150.8 138.8 142.6 141.1 137.8 141.9 142.6 142.7 142.5 142.4 141.5 140.1 141.2 141.1 144.1 147.5 151.7 154.5 157.1 160.9 164.8 168.9 173.4 175.3 177.3 177.6 175.5 172.1 161.1 154.4 150.6 151.9 153.7 155.3 157.9 162.3 165.3 167.8 171.3 175.4 181 189.2 201.6 215.4 231.1 241.9 249.7 251.8 252
303.5 299.6 297.1 299.7 298.4 296.2 300.3 301.9 300.3 297.5 295.5 289.5 283 275.8 270.2 264 255.3 244.6 232.2 218.9 205.9 197.9 190.2 182 172 163.8 156.3 159.5 161.2 160.3 156.5 150.8 144.3 142.9 142.6 139.3 137.2 140.4 141.5 139.1 137 141.2 140.6 136.6 144.4 146.5 149.4 154 157.6 158.6 163.1 168.7 170.3 171 169.5 165.1 158.7 155.5 151.4 150.1 150.1 153 154.6 158.9 163.2 166.7 169.1 173 178.6 185.1 195.9 209.3 226.7 240.6 250.9 257 263.5 271
310.4 308 305.2 305.5 305.4 304.7 305.5 303 300.7 296.1 292.2 287.3 280.3 274.3 266.2 259.8 252.3 242.1 230.1 216 204.5 195 186.7 179 170.7 160.6 162.1 167.4 169.2 168 162.5 154.7 149.1 144.1 143.2 142.2 142 141.3 141 141.2 140.9 141 141 140.4 136.2 142 144.3 150.2 153.7 157.4 160.8 161.5 162.1 162.6 161.2 158.3 154.7 152.1 149.4 150.1 151.4 154.2 156.3 161.3 163.9 168 170.7 176.2 181.7 190 199.5 213 227.7 240.8 253.8 262 276.4 292.9
317.1 316 313.6 312.3 312.3 311.3 310.7 307.7 303.3 298.1 291.5 282.9 277.7 271.6 263.1 254.3 244.1 235.6 226.2 212.6 201.7 192.9 185 176.8 166.4 165 168.8 175.3 176.4 175.2 169.2 161.7 154.6 149 144.9 142.7 141.7 141 140.9 141 140.4 140.4 140.5 140.7 140.3 136.1 140.8 142.8 147.5 152.5 154 154.3 154.4 153.4 152.8 152.5 150.2 149.6 148.5 149.4 152.1 155.2 158.9 162.5 164.5 168.5 172.5 177.7 184.5 193.1 202.6 214.6 229.3 245.5 256.4 268.6 283.7 297.4
324.2 323.3 321.8 320.3 319.1 317.7 316.9 313.6 309.4 302.3 296.1 287.9 277.9 268.5 261 251 235.8 222.6 208.1 200.5 191.4 185.5 178.4 173.5 171.6 171.9 175.9 179.7 181.3 180.2 176 168.8 160.5 154.2 149 145 140.7 140.6 140.8 140.9 140.2 139.8 139.9 140.1 140.2 140.4 140.4 141.2 142.9 149.6 146.6 148.5 149.5 148.5 148 157.9 148.7 148.3 147.4 149.1 151.8 156 159.4 163 165.2 168.7 172 177.9 185.5 193 204 215.2 233 247.8 258.6 268.7 281.8 293.2
333.3 334.6 333 330.4 327.5 327.2 326.5 325.1 320.5 315.5 310 299.9 287.7 274.9 263.4 255.5 247.4 237 225.9 215.2 202.3 187.1 180.4 182.7 177.1 177.9 180.6 183.8 185.1 182.7 178.6 172.2 165.8 158.8 153.9 149.9 144 138.9 139.3 140.8 139.9 139.2 139.4 139.6 139.8 140.1 139.3 140.8 141.6 141.8 142.1 144.8 145.6 146.4 146.7 147.3 148.1 145.3 147.3 150 152.4 156.2 158.7 162 164.9 167.7 171.2 177.1 186.5 192.8 203.8 216.9 234.6 248.8 258.4 266.1 275.4 284.6
347.9 348.6 347.9 346.2 345 342.7 342.2 341.3 338.9 332.1 323 312.3 298.5 284.9 273.1 260.4 249.7 240.3 228.8 211.8 199.1 191.2 192.6 190.2 183 182.7 186.6 189.1 188.9 185.5 180.5 175.6 170 163 158.9 154.3 149.5 143.3 141.2 139.2 138.9 139.2 139 139.3 139.5 139.8 140.2 136.1 139.3 139.5 140.4 142.6 144.3 144.8 145.3 145.1 144.7 141.1 146.5 150.1 153.2 155.6 158.1 161 163.4 165.8 170.1 177 186.8 194.2 205 220.8 234.9 251.5 255 261 265.2 273.7
