app/static/ascii/SK29.asc
ncols 200
nrows 200
xllcorner 420000
yllcorner 390000
cellsize 50
[rows 35 to 69 of 200, columns 0 to 77 of 200]
400 396 392.4 390.7 388.7 385.5 383.5 381.4 378.7 375.3 371.1 365.7 355.1 350.6 354.9 353.5 350.9 351.4 354 356 355.2 352.5 351.9 350.5 349.2 347.6 345.5 344.3 341.7 342 344.4 344.8 343.1 341.7 340.2 337.4 334.4 332.1 331 330.8 328.1 321.6 337.3 346.8 354.4 357.2 358.6 356.5 354.5 352.6 350.5 348.1 345.6 343.2 341.6 341.4 339.9 338 335.4 334.1 333.1 331.7 329 327.4 325.3 323 320.8 318.9 316.1 313.4 310.3 307.1 302 297.6 294.3 291.2 288.5 285.1
405.5 402.2 398.7 395.6 393.3 391 388.7 385.5 382.3 378.1 373.8 365.2 346.2 360 361.1 359.3 357.8 359.7 363.3 362.8 361.2 358.4 355.9 354.5 353 350.7 347.4 347.4 345.1 345.6 347.5 350.1 349.9 348 346.6 344 341.3 339 338 337.7 336.2 331.2 330.9 342.3 348.7 355.3 360.6 361 359.4 357.5 355.4 353.2 352.2 351.3 348.8 348.5 347 344.4 341.8 340.5 339.4 337.8 335.2 333.7 331.8 329.6 327.7 325.6 322.9 319.9 316.3 312.5 308.9 304.3 300.9 297 293.9 290.7
409.2 405.7 402.7 399.5 396.5 394.1 391.8 388.5 385.2 381 376.5 370.4 360.2 366.8 367.2 366.8 364.3 367.2 369.9 368.5 366.8 363.9 360.7 357.8 356.3 353.8 350.6 348.9 350.9 351.3 353.1 355.6 356 353.8 352.8 350.7 348.2 345.8 345.2 342.6 340.8 339.3 336.8 338.3 349 355.9 359.5 361.9 361.3 359 357 356 355.3 357.3 356.7 355.5 353.5 350.8 348.2 346.9 345.6 344 341.5 339.8 338.4 336.4 334.6 332.4 329.5 326.3 322.9 318.9 314.9 311 307.4 303 299.7 295.6
411.7 409.7 406.4 403 399.9 397.2 394.5 391.7 388.2 384.2 379 364.6 369.1 373.6 372.4 372.4 372.5 374.8 375.8 374 372 368.8 365.5 362.2 359.1 357.3 354.7 356 357.1 357.6 359.8 362 362 360 357.8 356.5 354 349.5 349.2 347.3 345.6 343.8 342.2 345.4 356.5 363.1 364.7 365.3 364.7 362.4 360.2 359.5 358.8 360.2 361.4 360.5 359.2 357.2 355.5 354 353.5 350.4 348 346.7 345.6 343.4 341.5 339 335.9 332.8 329.4 325.4 321.5 317.5 313.5 309 305.5 300.8
416.9 413.4 410.1 407 403.8 401 398.2 395 390.8 386.3 376 369.9 375.3 379.5 378.2 378.4 377.6 383.3 382 379.8 376.8 373.5 370.9 367.5 365.6 362.9 361.9 364.4 363.7 365.7 369 368.4 368.5 365.8 363.1 361.3 359.1 356.7 353.5 351.6 349.8 347.9 346.3 351 361.1 370.1 369.3 365.1 363.9 364.7 364.7 364 363.4 365.8 368.1 367.2 364.8 363.7 362.2 360.5 358.7 357 355.1 354.7 353.2 351.1 348.2 345 342.1 339.2 335.9 332 328.3 324.6 320.1 315 310.7 306.4
422.7 419.7 415.1 411.8 408.5 405.3 402.1 397.9 392.1 385 377 381.9 382 384.8 384.4 385.3 384.3 389.9 387.1 384.5 381.5 378 375.4 373 372 372.9 372.3 371.9 375.4 378 378.2 377.2 375 371.5 368.7 366.5 364.7 361.7 358.3 356 354.4 352.8 351.2 355.2 366.5 365.9 365.4 362.7 360.3 359.8 361.2 364 368.4 371.4 375.3 373.2 371.5 370.2 368.7 366.9 365.7 363.8 362.3 361.3 359.6 357.5 353.7 350 347.2 344.6 342.1 339.3 335.6 331.9 326.9 321.7 316.5 312.1
428.7 424.9 421.3 417.7 413.5 410.2 404.4 399.3 392.4 383.5 387.3 389 386.4 390.6 391.5 391.4 392.6 394.5 391.9 389.2 386.3 383.3 381.2 380 380 381.5 383.1 386.6 386.5 386.7 386 383.8 380.8 377.7 374.6 371.7 369 365.1 361.7 359.9 358.8 357.7 356 356.5 365.9 364 363.8 360.7 358.6 357.4 355.3 355.7 360.6 364.6 371.6 373.9 375.8 376.5 375.2 373.3 371.8 369.7 368.3 367.3 365.9 363.6 359.6 355.7 352.8 350.3 347.8 345.8 342.9 338.9 333.3 328.7 322.4 318
433.4 429.5 426.1 421.5 417.5 411.4 404.4 397.3 390.6 393.8 396.4 396.6 394.8 396.6 397.2 396.5 399.9 399.7 397.2 394.4 390.9 388.6 388.3 389.6 391.7 396.5 397.6 396.2 395.2 392.6 389.9 387.6 384.8 381.9 378.6 376.3 373.8 369.5 366.1 364.4 363.2 362.8 361.9 360.4 360.9 364.6 364.9 363 360.3 358.7 356.5 354.6 350.2 353.7 357.6 361.7 367.4 374.8 379.7 378.8 376.9 375.3 374 373.3 372 369.8 366 361.5 358.6 355.9 353.5 351.6 349.6 345.8 341.5 336.4 330.5 324.4
437.3 433.6 428.5 423.7 417.4 410.6 403.9 397 399.1 400.7 403.2 405.3 400.8 403.2 401.9 400 405.9 403.8 401.5 400.3 396.6 396.6 395.8 398.6 405.3 408.3 407 402.8 400.6 396.3 393.2 390.7 388 385.5 382.5 380.6 378.5 375.5 370.7 369.1 368.3 367.6 366.5 366.2 365.3 365.2 366.6 364.4 362 359.1 357.5 354.5 350.8 347.2 349 351.7 353.4 358.2 362.6 367.8 371.2 372.4 373.4 375.2 375.3 374.1 371.3 367.4 364.7 361.6 359.3 357.3 354.4 351 346.9 342.3 336.6 330.6
439.5 434.4 429 423.7 417.8 410.5 406.2 407 407.1 408.2 411.8 410.3 409.4 408.8 408.3 406.7 410.6 408 405.6 404.6 403.7 405.1 405.2 411.8 414.9 416.7 412.8 408.2 404.3 399.9 396 393.5 391.2 389 386.8 384.8 382.9 380.1 376.2 373.8 373.3 372.2 371.1 370.4 369.8 369.5 368.6 366.8 364.3 361.2 358.2 353.8 348.8 345.6 342 347.5 349.1 350.5 353.8 352 353.5 356.4 360 365.1 367.9 370.1 372 371.2 370.5 367.6 364.6 361.5 358.2 354.9 351.1 346.5 341.1 335.9
438.9 434.6 428.6 422.3 417.5 416.9 416.2 414.1 413.6 415.5 416.5 414.9 414.9 414.8 412.1 415.3 415.2 413.2 410.7 410.4 415.2 415.6 421.5 425.2 425.5 422.6 417.3 412.4 407.5 403.3 399.5 396.8 394.4 392.4 391.4 390.6 388.4 385.7 382.3 379 377.9 376.8 375.6 374.6 374.1 372.8 371.5 369.8 367.1 364.2 361.3 356.8 348.8 338.5 335.6 338.5 342.3 344.2 345.5 344.7 344.7 345.5 347 347.6 346.9 348.9 353.2 357.2 363.3 368.2 367.1 364.9 361.7 358.5 354.2 350.2 345.7 340.6
439.6 435.2 429.3 427.2 425.6 424.6 423.9 422 421.8 422.9 421.8 420 419.8 419.9 418 420.6 419.1 418.1 419 422.4 427.5 431.3 436.1 435.9 431.7 427.8 422.1 416.1 410.9 406.6 403.1 400.5 397.9 396.1 395.3 394.4 392.5 390.4 387.3 383.4 382 380.9 379.8 378.4 377 375.7 374.4 372.7 369.8 367 364.1 360.5 354.7 340.8 330.4 323.5 324 331.6 332 328.3 329.5 330.7 334.3 336.2 336.7 340.2 340.4 341.1 343.4 349.4 358 366.8 365.1 361.3 357.6 354.1 350.1 345
444.4 440.5 437.9 437.2 435 433 432.1 430.9 429.7 429 427.4 425.4 424.4 423.9 423.5 425.5 425.3 427.9 431.5 436.8 440.3 445.8 444 439.8 435.5 431.5 426.7 420.3 413.8 409.7 406.8 404.3 401.8 399.9 399 397.8 396 394.1 391.4 387.2 385.9 384.4 382.9 381.5 380.1 378.8 377.3 374.6 371.7 368.4 362.8 358.4 353.9 345.2 334.3 325.6 320.3 315.4 313.9 311.5 313.2 315.2 318.4 321.1 326.7 332.5 332.6 333.7 335.3 336.9 340.3 349.4 358.4 363.2 361.2 357.5 353.9 349.1
450.5 447.5 445.9 445.1 442.7 440.3 439.8 438.6 437.5 435.3 432.5 430.7 429.3 427.3 430.4 429.6 433.7 439.6 445.9 450.1 452.4 451.9 447.7 443.6 439.4 434.4 429.6 425.6 418.8 414 411.3 409 406.7 404.9 402.8 401.3 400 398.8 395.3 392.1 389.5 387.8 386.2 384.6 383.3 381.2 378.8 375.9 373.3 368.7 362.4 356.1 350.2 343.9 331.5 325.7 320 315.3 312.8 310.1 307.1 304.8 305.2 307.9 313.8 320 324 324.5 328.1 329.8 330.6 334.2 340.2 348.5 354.1 356.2 356.4 352.8
457 453.9 453.4 451.7 449.6 447.7 446.5 445 443.2 440.5 437.5 436 434.5 434.7 434.8 438.9 444.8 451.9 457.6 459.8 458.6 456.2 451.7 447.3 443.1 437 433.5 430.1 424.6 420.1 415.7 413.4 411 408.7 406.9 405.7 404.5 402.8 399.4 396.2 393.2 391.1 389.5 387.4 385.1 382.7 380.2 377.4 373.7 364.8 359.1 353 341.3 332.9 331.5 326.8 322.5 319.6 316.1 312.9 309.5 305.8 302.9 300.4 302.2 307.5 310.8 313.5 317.2 318.8 321.3 324.8 329.1 333.8 337.8 342.2 345.6 347.5
462.5 460.5 459.7 457.4 454.5 453.6 452.2 450.5 448.3 445.2 443 441.2 440.5 441.6 442.2 446.6 453.5 463.6 465.6 465.2 462.3 460 456.1 451.5 446.9 441.3 436.8 433.5 430.3 425.9 421.4 418.2 415.4 413.1 411.2 410 407.9 405.6 403.4 400.2 397 392.9 390.7 388.5 386.2 383.8 381.4 377.1 368.8 363.7 357.5 352.4 346.7 340.1 337.2 333.2 327.3 322.4 319 316.1 313.3 310.1 306.9 303.4 299.5 295.8 299.1 301.2 304.4 304.8 308.1 312.7 318.4 322.7 325.4 328 331 333.7
466.6 465.1 464.1 462.5 459.8 458.2 456.6 455 453 450.5 448.6 446.7 446.2 446.4 448.5 452.9 463.1 469.9 471.4 468.9 466 463.3 460.4 455.9 451.4 447.8 442.6 438 434.4 430.7 426.9 423.5 421.5 418.2 415.2 413 410.7 408.5 406.2 403.9 400 395.1 391.5 389.1 385.6 383.1 379 375.3 368.5 363.7 357.4 352 347.8 343.6 339.9 334.9 330.3 325.2 321.8 318.4 315 312 308.8 306.4 302.8 298.9 295.1 291.7 291.1 292.4 296.2 300.8 306.8 312.2 315.5 317.5 321.2 322.3
470.1 468.9 467.9 466.4 464 462.5 461 459.4 457.9 455.9 454 452 449.5 449.7 454.8 459 468.3 474.6 475.4 472.6 469.7 466.4 464.4 460 455.9 452.3 448.1 442.8 437.8 433.8 430.2 427.2 424.4 421.3 418.5 416 413.8 411.5 409.3 406.7 403 398.5 392.3 389.3 386.3 382.9 379 375.2 370.2 365 358.5 352.3 347.3 342.3 337.9 333.2 329.6 325.4 323.1 320.1 316.7 313.9 311.1 309.1 305.8 302.5 299.8 295.7 290.9 286.3 283.9 289.4 296 302.1 305.2 307.3 309.9 311.3
471.5 471.2 471.1 470 468.2 466.7 465.2 463.7 463.2 461.2 459.2 456.7 454.3 453.2 456.5 461.6 471.1 476.9 477.2 475.8 472.3 468.5 466.1 463 458.8 455.1 450.6 445.3 440.1 436.8 433.7 430.5 427.7 424.9 422 419.2 416.8 414.6 412.3 409.5 406.2 401.8 394.4 391 386.7 383.8 380.9 376.6 372.2 366.1 358 350.5 344.8 340.1 335.9 331.5 328.7 325.5 322.6 321 318 315.3 313.3 311.1 307.8 305 302.6 298.7 294.7 289.8 284.9 281.2 287.6 293.7 297.3 299.3 300.4 301.1
472.3 471.9 471.3 471.1 471.1 470.1 468.5 467.2 466.7 465.5 463.8 461.1 458.1 455.5 457.7 461.5 467.9 472 475.7 475.4 472.9 470.6 468.1 465.6 461.2 457.6 452.9 447.3 442.1 440.2 436.9 433.9 431.6 429 425.7 422.7 420 417.6 414.7 412 407.7 401.4 396 392.2 386.7 384.5 382.1 377.4 372.4 363.4 356 349.3 342.3 337.5 333 329.6 326.5 324.2 321.8 318.2 315.3 313.4 311.9 311.4 309.9 307.8 305.2 301.5 297.8 293 288.1 282.6 281 286.2 290.2 292.3 293.9 294.4
470.7 473.6 471.8 471.1 471.1 471.1 471.1 470.6 469.6 468 465.9 464.5 461.7 459.2 459.2 460.2 463 466.1 469.7 471.9 472.2 470.2 468.6 466.8 462.3 457.9 453.7 449.8 444.6 442.7 439.6 437.9 435.6 433.1 429.8 426.6 423.3 420.5 415.3 408.8 403.8 397.6 392.7 388.8 385 382.4 377.5 371.4 364 358.5 353.3 347.8 341.1 334 330.5 327.2 323.9 321 318.2 315 312 310 308.1 307.6 306.5 305.6 303.6 302.6 301 296.3 290.8 281.1 282 280.8 284.4 286.1 287.9 288.9
467.9 468.2 467.9 469 469.6 470.1 471.1 471 470.5 469.7 467.8 466 465.2 462.9 461 461.7 461.8 462 462.9 466.2 466.2 466.9 464.7 462.9 461.1 457.3 453.5 450.4 447.3 444.9 442.8 441.2 438.7 436.4 432.8 429 425.3 421.2 413.2 405.2 400.6 395.3 389.6 386.7 384.3 379.3 373 368.1 362.6 357.6 351.5 343.4 336.5 330.3 327.5 324.4 321.1 317.4 314.5 311.5 308.5 306.4 304.4 303 301.7 300.2 299.1 298.3 296.6 293.9 289.5 277.2 282.8 280.6 281 283 283.6 284.8
462.4 463.4 463 462.5 462.7 463.2 464.3 466.7 469.1 470.6 468.6 466.6 465.9 465.6 462.7 461.3 459.9 459.3 459.9 460.2 460.4 461.7 462 461.5 461 458.3 455.2 452.5 449.5 447.8 446 443 440.4 438 435.1 430 422.7 415.3 409.7 402.9 398.1 392.5 387.9 385.3 382.9 378.4 371.4 367 362.1 356.9 350.2 339.8 333 327.9 324.3 321.5 318.2 314.6 311.4 308.2 304.7 301.9 299.6 297.1 295.6 294.5 293.4 292.8 291.7 288.5 284.7 274.1 279.3 277.7 279 281.5 281 281
462.3 460 458.6 457.8 456.5 456.3 457.6 459.2 461.4 464.6 467.5 466.7 465.8 464 461.3 460.2 458.7 457 457.1 457 456.4 457.4 460 460.2 460.6 458.5 456.2 454.1 451.6 449.4 446.7 444.5 441.7 437.6 432.1 425.8 418.8 411.4 405.5 401.7 396.1 392.6 388 384 380.4 375.4 370.4 366.2 359.8 353.7 348.6 342.5 334.9 329.5 322.5 318.8 316.8 314.9 312.7 308.9 304.5 301.1 298.2 292.4 289.7 288.5 287 284.2 283.4 281.8 279.4 264.4 272.7 272.1 277.5 278.8 278.2 277.7
461.7 459.7 455.2 454.4 453.9 452.3 453 453.4 454.9 457.3 461.5 463.5 463.1 461.5 460.4 459.1 457.4 456.1 454 453.7 453.1 453.1 455.2 457.4 456.9 456.3 455.9 453.6 451.5 448.9 446.1 442.5 439.6 433.1 427.2 420.7 414.8 410.1 405.6 401.3 396.7 392.5 387.7 384 380.1 377.1 372.9 368.9 362.4 355.1 347.8 340.4 334.3 329.4 325.2 321.8 319.5 318 316.3 313.2 309.9 306.6 303.4 301.5 293.9 286.1 278.5 269.6 267.4 264.1 265.3 252 261 268.1 272.5 274.4 275 274.8
460.7 459.1 455 451.4 450.3 449.5 448.5 449 449.6 451.4 454.3 457.8 458.4 457.6 458.5 458.3 457.5 456.5 453.7 450.8 450.3 451.1 450.2 451.5 451.8 451.9 451.6 450.1 448 445.5 441.1 436.3 431.7 426.4 422 417 413.9 409.4 405.8 401.5 396.8 393.2 389.7 387.5 384.4 381 377.4 373.5 366.7 357.2 350.2 342 336.7 332.1 329 326.1 323 320.8 318.5 316.8 314.7 311.9 309 306.6 304.1 301.3 298.1 293.2 284.4 276.8 264.6 249.3 243.6 260.3 266.5 268.3 268.9 268.9
460.1 457.7 454.8 451.5 450.1 444.4 444.7 445.3 445.6 446.2 448.2 450.5 453.6 453.6 454.3 455.3 456.3 455.2 453.5 450.1 448.9 449 447.3 446.3 446.3 446.4 445.3 443.7 441.7 437.6 433.1 431.4 427.1 423.5 420.3 417.4 414.4 410.7 406.3 404.6 399.9 397.2 394 390.9 387.8 384.6 381 377.1 371.9 363.2 355.5 349.4 342.4 336.4 332.2 329.2 325.9 322.8 321.3 319.8 318.3 315.6 312.9 310.3 307.3 304.6 301 296.9 292.3 284.1 278.7 273.6 246.8 239.7 258.7 262.2 262.5 261.2
457.3 455 453 449.6 447.2 444.5 441.2 440.8 441.4 441 441.5 443.4 446.4 448.5 450.1 450.6 451.2 452.3 451.6 450.4 449.2 447.1 445.3 444.2 443 442.1 439.8 439 436.9 434.2 431.3 428.6 426.4 423.7 420.8 417.3 413.8 410.9 408.6 407.2 403.3 400.8 396.9 394 391 388.2 385.1 380.8 375.8 370.9 361.5 354.8 347.5 341.7 336 332.2 328.9 325.7 324.5 322.8 320.9 319.2 315.5 313 309.8 305.6 301.9 297.1 292 286 280.9 274.8 262.2 231 239.8 248.7 247.2 245.1
452.4 452.3 450.1 447.1 444.2 441.6 438.9 436.9 436.8 437 437.1 436.5 438.6 440.5 441.7 444.1 446.4 447.9 448.4 448.7 447.7 445.4 445.5 444.1 442.5 441.5 438.8 437.4 435.9 433 430.3 427.7 425.5 423.9 420.1 418 415.9 414.7 411.7 409.8 406.7 403.5 400.1 397.1 394.3 392 389 384.7 380 375.2 368.9 360.3 351.1 344.8 339.4 335.4 331.9 328.8 327 325.1 321.7 318.9 314.5 311.6 307.8 303.1 299.1 294.2 289.1 284.3 277.9 265.7 251.2 232.1 225.9 223 222.1 219.8
450.7 447.6 445.2 442.7 440.2 437.9 435.3 433.6 433.4 433.5 433.6 433.4 433.4 433 433.9 434.8 436.1 440.4 441 445.9 445.9 445.2 445.4 443.9 442.3 441.1 437.9 435.9 434 431.5 429.1 426.8 424.6 422.5 420.3 418.1 416.5 415.5 413.5 411.8 408.9 405.9 402.9 400.4 397.5 394.5 391.1 387.5 382.8 377.8 370.2 361.6 353.8 347.6 343.2 339.2 335 330.2 326.7 322.9 319.8 316.3 312.4 309.3 304.8 300.3 296.8 291.7 286.4 281.9 266.2 244.5 227.6 226.7 226.7 224.8 224.4 222.9
454.2 449.6 445.5 440.2 436.8 434 432.4 431.4 430.5 430.5 430.4 430.6 430.1 429.7 429 428.7 429.9 431.7 433.8 438.9 441.2 441.9 442.5 441.5 440.6 439.2 436.7 435.8 434.3 432.6 430.6 428.9 427.4 425.3 422.7 420.5 419.6 417.2 414.5 412.6 410.7 408.2 405 402.3 399.9 396.4 392.9 388.4 382.5 375.1 368.8 362.4 355.7 349.8 344.5 337.7 331.9 328.3 324.2 320.6 317.2 313.4 308.3 304.7 296.5 292.1 289.5 286.8 279.9 269.4 247.2 229.8 238.6 248.9 256.9 260.3 257.8 241.8
455 450.4 446.2 441.9 437.9 435.9 430.4 429.1 427.6 427.5 428.3 428.7 427.9 427.4 426.7 426.8 427.3 426.9 427.1 428.6 431.7 433.4 435.9 437.7 437.4 437.4 436.2 435.9 435.9 435.2 433.1 431 428.9 426.8 424.2 421.4 421.2 419.2 416 414 411.7 409 405.5 401.7 398.7 393.4 389.6 384.3 378.9 373.9 369 362.8 356.8 349.2 340.2 333.7 329.1 324.8 317.9 311.8 302.8 296.2 290.6 286.7 282 277.4 275.3 271 265.4 242.9 233 241.4 254 265.8 275.1 272.5 269.9 249.9
454.2 450.2 445.9 441.6 437.9 434.3 431.2 427 425.9 425.7 426.8 426.7 425.7 425.2 424.8 425 424.7 424.4 423.6 423.4 424.5 426.6 429.3 432.1 434.4 436.6 435.9 435.9 435.9 435.7 434.2 431.8 429.7 427.5 425.3 422.4 420.9 419 417.1 414.6 411.7 409.2 405.9 401.3 396.2 389.7 384.4 380.3 375 368.8 363.5 355.5 350.3 338.8 330.1 327.8 318.3 309.8 301.8 294.3 288.8 283.7 278.9 274.9 272.5 269.7 265.7 261 251.2 235.5 244.8 258 269.4 281.2 279.6 276.5 272 267.6
453.3 448.9 443.8 439.4 435.6 432.2 429.1 425.7 423 420.9 424.1 424.8 423.8 422.9 422.6 422.3 422 421.7 421 419.8 420.4 422 423.8 426.2 429.9 433.7 434.7 435.9 435.9 435.9 434.3 432.3 430.1 428 426 423.6 420.7 418.4 416.9 414.4 411.1 408.4 403.5 398.3 391.7 384.8 375.8 370.3 364.1 356.1 349.8 343.4 331.1 319.1 313.6 306.7 303.1 295.9 288.4 281.7 275.1 268.3 269.4 264.8 263.1 261 255.2 249.4 241.5 244.1 261.3 271.8 288.3 286.5 283.5 280.4 276 274.1
449.7 446.2 441.7 437.6 434.6 433.7 432.3 431.6 430 424.9 418.6 420.4 420.5 420.6 419.8 419.7 419.4 419.1 418.4 417 417.9 419.5 421.1 422 425.8 430.3 432.1 433.4 435 434.1 433.7 432.5 430.5 428.5 426.5 425.2 421.9 419 416 412.5 409.3 404.8 397.5 389.7 383.9 375.8 368.5 360.4 353.8 347.3 339.8 332.7 317.7 315.3 313.1 307.7 299.1 287 276.6 267.7 256.9 255.7 252.4 251 252 247.2 243 241.3 240.6 261.3 272.8 293 293.3 291.2 288.2 284.2 279.9 279.5
