app/static/ascii/SK93.asc
ncols 200
nrows 200
xllcorner 490000
yllcorner 330000
cellsize 50
[rows 0 to 35 of 200, columns 82 to 163 of 200]
81 78.5 76.4 74.5 74.2 76.6 79.1 79.3 78.1 77.5 77.8 79.9 83.3 85.1 87.9 90.9 97.5 105.9 113.9 122.3 127.2 127.3 127.3 127.1 126.9 126.8 126.7 126.6 126.2 125.3 124.5 124.2 123.8 123.3 122.7 122.3 121.8 121.1 120.3 119.6 118.9 118.2 117.4 116.7 115.9 115.3 114.9 114.5 114.1 113.7 112.9 112.4 112.5 111.8 111.1 110.5 109.1 107.9 107.4 107.2 107.1 107.2 107.2 107.2 106.6 106 105.1 103.7 102.2 101.1 100 99 98 97.3 97.4 97.5 96.6 95.3 94.7 93.8 92.9 92.1
79.1 76 73.8 72.3 74.3 77.1 79.6 78.8 77.8 77 77.1 79.3 82.5 85.5 89.2 93.6 100.1 110.9 121 127.1 128.5 128.4 128.2 128 127.7 127.3 127.1 126.9 126.8 126.4 125.8 125.3 124.7 124.2 123.7 123.2 122.7 122.3 121.8 121.1 120.5 119.8 119 118.2 117.5 116.8 116.3 115.9 115.5 115.1 114.6 114 113.4 112.6 111.9 111.2 110.6 109.5 108.6 108.9 108.7 108.5 108.3 108.1 107.5 106.4 105.2 102.6 102.5 102.2 101.2 100.1 99 97.4 96.7 96.7 95.4 94.1 93 92.4 92 91.8
77.4 74.2 72.3 72.4 75.4 78.8 79.2 78.2 77.1 76.4 76.7 78.6 81.6 84.3 88.3 94.9 102.4 112.3 122.5 128.6 129.5 129.1 128.8 128.4 128 127.7 127.4 127.3 127.1 127.2 126.7 126.2 125.6 125.1 124.6 124.1 123.7 123.2 122.8 122.3 121.6 121 120.5 119.6 119 118.3 117.7 117.3 116.9 116.5 116 115.3 114.5 113.6 112.8 112.1 111.4 110.3 110.4 110.5 110.3 110 109.7 109.2 108.3 107.1 105.6 102.1 102.7 103.3 102.3 101.3 99.9 98.3 96.7 95.6 95 94.4 93.4 92.4 92.2 92.9
75 72.5 70.2 72.4 76.2 78.3 78.7 77 76.2 75.7 76.7 78.8 81.1 83 86.9 94.8 102.9 112.5 121.8 128.9 129.3 129.4 129.1 128.7 128.4 128 127.7 127.6 127.5 127.1 127.6 127.1 126.6 126 125.5 125 124.6 124.2 123.8 123.3 122.7 122 121.5 121.1 120.2 119.8 119.2 118.8 118.3 117.9 117.2 116.5 115.8 114.9 113.9 112.9 113.2 112.3 112.2 111.9 111.5 111.1 110.8 110 109 107.9 106.9 106.3 105.2 104 103.4 102.3 100.8 99.4 97.7 97 96.1 95.3 94.3 92.9 93 94.4
71.4 70.1 67.4 71.9 75.8 77.8 77 76.2 75.6 75.3 77.3 79.3 81.4 84.2 88.3 96.1 103.3 112 122.4 129.4 129.3 129.3 129.3 129.1 128.7 128.3 128 128 127.9 127.2 128 128 127.5 126.9 126.4 126 125.6 125.2 124.8 124.3 123.7 123 122.5 122.1 121.6 121 120.5 120.2 120 119.6 118.3 117.6 116.9 116.3 115.3 114.4 113.8 113.5 113.3 113 112.6 112.3 111.6 110.8 109.7 108.6 108.2 107.6 106.6 105.2 104.4 103.6 102 100.4 98.7 98.1 97.2 96.1 94.9 93.6 94 95.5
67.8 66.5 65.5 70.7 74.5 75.9 75.1 74.4 74.1 75.2 77.2 79.1 81 84.5 89 95.6 103.1 113.5 125.3 129.1 129.2 129.2 129.2 129.2 129 128.6 128.3 128.3 128.2 127.4 127.8 128.8 128.3 127.8 127.3 126.9 126.5 126.1 125.8 125.4 124.7 124 123.5 123.1 122.4 121.8 121.6 121.1 120.6 120.1 119.6 118.7 118 117.4 116.7 116.1 114.9 114.6 114.3 114 113.7 113.1 112.3 111.6 110.4 109.8 109.4 109 107.9 106.6 105.7 104.9 103.3 101.6 100 99.1 98.7 97.4 96.3 94.7 94.7 96
65 64.2 65.9 69 71.4 72.3 71.9 71.9 73.4 75.1 77 78.9 80.9 83.6 88 95.1 104.7 113 125.5 128.7 129.1 129.2 129.2 129.2 129.2 129 128.6 128.6 128.5 127.8 127.7 128.6 128.8 128.4 128.1 127.8 127.5 127.1 126.8 126.4 125.8 125 124.1 123.3 122.6 122.1 121.8 121.5 121.2 120.7 120 119.5 119.1 118.4 117.7 118.1 116.2 115.9 115.6 115 114.4 113.8 113.1 112.3 111.5 110.9 110.7 110.3 109.3 108 107.4 106.1 104.6 103 101.7 100.5 99.6 98.8 97.6 96.5 96.1 96.6
62.5 62.2 63.9 65.4 68 68.7 70.8 71.9 74.2 75.4 77.6 79.9 82.3 84.8 88.1 95.3 104 112.1 122.7 128.3 128.5 129.1 129.1 129.1 129.1 129.1 129 128.9 128.7 128.8 129 129.1 129 128.8 128.3 128 127.8 127.4 127.1 126.6 126.4 125.1 124.3 123.5 122.7 122.3 122 121.5 121.4 121.1 120.8 120.6 119.9 119.2 118.4 118.9 117.2 116.6 115.9 115.3 114.7 114.1 113.5 113.1 112.6 112 111.9 111.6 110.6 109.4 108.4 107.4 105.9 104.5 103.4 102.2 101.1 100.1 98.9 98.4 98 97.6
61.3 61.6 62.6 64.5 67.5 70.5 73.3 74.7 75.1 75.6 78.2 80.6 83 85.9 89.1 95.5 104.2 112.7 120 128.3 128.4 128.8 129.1 129.1 129.1 129.1 129.1 129 128.9 128.9 129 129 128.9 128.7 128.6 128.3 128 127.4 127.1 126.8 126.5 125.2 124.4 123.7 122.9 122.6 122 121.6 121.5 121.2 121 120.8 120.4 119.5 118.7 119 117.6 116.9 116.2 115.6 115 114.4 113.9 113.6 113.2 112.8 112.9 112.2 111.4 110.5 109.2 108.5 107.4 106 104.9 103.8 102.7 101.6 100.8 100.5 100.2 99.8
60.4 60.9 63 66 69.3 72.3 74 74.5 75.1 76 78.3 80.9 82.8 85.3 88.5 94.9 104.9 113.3 120.5 128.1 128.4 128.8 129.1 129.1 129.1 129.1 129.1 129.1 129 129.1 128.9 128.8 128.7 128.6 128.5 128.4 128.2 127.4 127 126.4 125.8 125.3 124.6 123.8 123.1 122.7 122.1 121.7 121.5 121.4 121.1 120.9 120.5 119.7 121.3 119.5 118.1 117.2 116.5 115.9 115.3 114.7 114.4 114 113.6 113.1 112.6 112.1 111.3 110.5 109.8 109.1 108.4 107.6 106.4 105.3 104.2 103.4 102.9 102.6 102.4 102.1
59.9 60.9 63.3 65.8 68.4 70.7 72.4 73.3 74.4 76 77.8 79.7 81.6 83.6 88.6 93.9 107.1 116.6 123.5 126.7 128.6 128.9 129.1 129.1 129.1 129.1 129.1 129 128.9 128.8 128.6 128.6 128.5 128.4 128.3 128.2 127.7 127 126.5 126 125.5 125 124.5 124 123.3 122.7 122.1 121.8 121.6 121.4 121.2 121 120.6 119.4 120 119.5 118.7 117.5 116.8 116.2 115.6 115.2 114.9 114.5 113.8 113.3 112.9 112.4 111.7 110.9 110.1 109.4 108.8 108.3 107.9 107 106.3 105.6 105.1 104.8 104.5 103.9
59.9 60.9 63.7 65.9 68.2 70.4 72.3 73.4 73.7 75.2 77 78.8 80.7 83.7 87.6 95.7 108.8 119.1 125.4 128.1 128.8 129.1 129.1 129.1 129 128.9 128.8 128.7 128.6 128.4 128.3 128.3 128.2 128.2 128.1 128 127.3 126.7 126.2 125.7 125.2 124.7 124.2 123.7 123.1 122.8 122.1 121.8 121.7 121.5 121.4 121 120.4 120.3 119.8 119.4 119 117.8 117.1 116.5 116 115.7 115.3 114.7 114 113.5 113.1 112.6 112 111.2 110.4 109.7 109.1 108.7 108.2 108.2 107.8 107.5 106.7 106.3 106.2 105.3
60 61.2 63.9 66.8 69.9 72.3 73.9 73.1 73.5 74.4 76.7 79.2 81.6 84.1 87.8 95.7 108.4 119 127.2 127.7 128.5 129 129.1 129 128.7 128.6 128.5 128.4 128.3 128.1 128.1 128 127.9 127.9 127.8 127.7 127 126.4 125.9 125.3 124.9 124.4 123.7 123 122.4 122 121.7 121.6 121.7 121.7 121.5 121 120.3 120.4 119.6 119.3 118.9 118.4 117.4 116.8 116.5 116.1 115.5 114.9 114.2 113.8 113.3 112.9 112.3 111.5 110.8 110 109.5 109.1 108.6 108.6 108 107.3 106.5 106.2 105.6 105
59.9 61 63.7 67.4 71.6 74 73.7 72.6 72.6 74.2 76.4 78.7 81.1 83.8 87.6 97 107.3 118.1 126.9 127.8 128.3 128.7 128.8 127.9 127.6 127.7 127.7 127.8 127.9 127.8 127.7 127.6 127.6 127.5 127.5 127.3 126.7 126.1 125.5 125 124.5 123.8 123.1 122.4 121.7 121.2 120.9 120.8 120.8 120.9 120.8 120.6 120.3 119.6 119.4 119.1 118.7 118.4 117.7 117.3 116.9 116.3 115.7 115.1 114.4 114 113.5 113.1 112.6 111.8 111.1 110.4 109.9 109.4 108.9 108.6 107.7 107.1 106.3 106 105.1 104.5
60.9 61.5 62 65 68.6 70.8 71.8 71.3 72.1 74 76.2 78.5 80.9 84.1 87.9 97.4 106 117.3 125.4 127.8 128.2 128.5 128.4 127.5 127.6 127.6 127.7 127.5 127.2 127.1 127.2 127.1 127 127 126.9 126.6 126.2 125.7 125.2 124.5 123.8 123.1 122.4 121.7 121.1 120.5 120.1 120 120.1 119.9 119.9 119.8 119.6 118.9 118.9 118.8 118.4 118 117.7 117.7 117.2 116.5 115.9 115.3 114.7 114.2 113.7 113.3 112.7 111.9 111.2 110.5 109.6 109 108.4 108.5 107.4 106.8 106.1 105.5 104.6 104
63.8 64.5 64.6 64 65.9 68.5 70 70.6 72 74 76.3 78.6 81 83.8 89.2 97 105.4 114.8 125.6 127.5 128.2 128.2 127.5 127.5 127.5 127.3 127 126.8 126.5 126.4 126.6 126.5 126.5 126.4 126.4 126 125.5 125.1 124.5 123.8 123.1 122.5 121.8 121.1 120.4 119.8 119.3 119.2 119.2 118.9 118.8 118.6 118.5 118.4 118.3 118.3 117.9 117.6 117.2 116.8 116.5 116.1 115.7 115.3 114.9 114.3 113.7 113.1 112.5 111.8 111.1 110.6 109.9 109 107.8 107.4 107 106.5 105.9 104.9 104.1 103.4
66.6 67.5 67.9 65.5 67.6 71.8 71.8 71.8 73.2 74.7 77 79.3 82 84.9 89.6 98.5 106.7 117.3 125.4 127.4 128 127.8 127.4 127.1 126.8 126.6 126.3 126 125.8 125.7 125.9 126 125.9 125.9 125.9 125.4 124.9 124.4 123.8 123.2 122.5 121.8 121.1 120.4 119.8 119.1 118.6 118.4 118.2 118 117.7 117.5 117.8 117.7 117.6 117.7 117.3 117 116.7 116.3 116.1 115.7 115.2 114.8 114.5 114.2 113.7 113.1 112.4 111.7 111.1 110.6 109.9 109.3 108.4 107.8 107.2 106.6 105.7 104.5 103.5 102.3
69.6 70.5 70.5 70 68.4 71.7 72.7 72.5 73.8 75.4 77.9 80.6 83.5 86.6 93.3 101.4 110.4 122 125 126.6 127.5 127.2 125.9 125.8 125.9 125.8 125.6 125.3 125.1 125 125.2 125.4 125.4 125.4 125.3 124.8 124.3 123.8 123.1 122.5 121.8 121.1 120.4 119.7 119.1 118.5 117.9 117.6 117.2 116.8 116.6 116.5 117 117 117 117.1 116.8 116.4 116 115.5 115.2 115.1 114.6 114.2 114 113.9 113.6 113 112.4 111.7 111.2 110.6 109.9 109.3 108.6 108 107.3 106.7 105.5 104.9 103.9 102.6
70 71.6 72.4 72 71.1 71 72 72.5 73.8 76 78.9 81.6 84.3 88.8 96.9 104.2 113.6 121.5 123.6 125.5 126.3 125.5 124.3 124.2 124.8 124.8 124.7 124.6 124.4 124.3 124.5 124.7 124.8 124.8 124.8 124.2 123.7 123.1 122.4 121.8 121.1 120.4 119.8 119.1 118.4 117.8 117.2 116.5 116 115.8 115.6 115.4 116.1 116.3 116.3 116.4 116.2 115.7 115.2 114.6 114.3 114.3 114 113.5 113.4 113.4 113.3 113 112.3 111.7 111.2 110.6 110 109.3 108.7 108 107.4 106.6 105.9 105.3 104.3 103.2
69.9 72 72.7 72.4 71.9 71.4 72.1 72.8 74.7 76.7 79.3 82.1 84.8 90.2 99.4 106.8 116.5 121 123 124.8 124.9 123.8 122.6 122.7 123.4 123.6 123.6 123.6 123.6 123.6 123.9 124.2 124.3 124.3 124.2 123.7 123.2 122.6 121.9 121.2 120.5 119.7 119.1 118.4 117.8 117.2 116.5 115.8 114.8 114.4 114.8 113.9 114.6 115.5 115.8 115.8 115.4 114.8 114.3 113.7 113.3 113.3 113.4 113 112.9 112.8 112.6 112.2 111.6 111.6 111.2 110.6 110 109.3 108.7 108 107.4 106.9 106.3 105.6 104.6 103.6
71.4 72.6 72.9 72.6 72.3 72.3 72.9 73.7 75.6 77.6 79.7 82.5 86.8 91.9 102.1 111.2 119.1 121.3 123.1 124.4 123.8 122.7 121.5 121.2 121.8 122.5 122.5 122.5 122.2 123.2 123.5 123.7 123.7 123.7 123.8 123.3 122.7 122.2 121.5 120.8 120 119.3 118.6 118 117.4 116.5 115.8 115.2 114 113.9 113.5 112.4 112.9 114.2 115.4 115.1 114.7 114.1 113.4 112.9 112.4 112.4 112.6 112.4 112.3 112 111.7 111.3 110.8 110.9 110.9 110.6 110 109.4 108.7 108 107.3 106.9 106.6 105.9 104.8 103.7
72.7 73.1 73.1 72.8 72.5 72.9 73.5 74.3 77 79 81.1 84.1 87.9 94.2 103.4 115.5 119.2 121.1 122.9 124.1 123.3 122.2 121.1 120.8 121 121.2 121.1 120.2 121.6 122.7 123 123.2 123.2 123.2 123.3 122.8 122.3 121.8 121 120.3 119.6 118.9 118.5 118.1 117.5 116.7 115.9 115.1 114.6 114.9 113.3 112.1 111.3 112.9 114.6 114.4 114 113.4 112.8 112.1 111.4 111.4 111.7 111.7 111.3 111 110.7 110.4 110.1 110.1 110.1 110.1 109.6 109.2 108.7 108 107.3 106.9 106.5 105.7 104.8 103.7
74.2 73.7 73.3 73 72.7 73.2 73.8 74.7 77.3 80 82.8 85.4 89.3 96.9 103.7 115.3 118.8 120.9 122.9 123.2 122.9 121.5 120 119.7 120 120.2 119.2 119.4 121 122.1 122.5 122.6 122.7 122.8 122.8 122.3 121.8 121.3 120.6 119.9 119.4 119 118.5 118.1 117.7 117 116.4 116.1 116.1 116.2 114.2 112.7 111.2 111.6 113.2 113.5 113.1 112.5 111.6 110.7 110.2 110.6 111 110.7 110.4 110.1 109.8 109.5 109.4 109.3 109.3 109.3 109 108.8 108.5 107.9 107.2 106.9 106 105.1 104.6 103.7
74.8 74 73.4 73.1 73 73.4 74.1 75.1 77.6 80.6 83.7 87 91.6 98.4 106.4 114.8 119.3 121.4 122.8 122.6 121.8 120.4 119 118.6 118.9 118.7 117.6 118.5 120.2 121.5 122 122.1 122.2 122.3 122.3 121.8 121.4 120.9 120.3 119.9 119.3 118.8 118.3 117.8 117.5 117.2 116.6 116.7 116.7 115.7 114.3 112.8 111.4 110.5 111.9 112.5 112.2 111.4 110.4 109.5 109.5 109.9 110.1 109.8 109.5 109.2 108.9 108.6 108.5 108.4 108.5 108.5 108.4 108.3 108.2 107.8 107.2 106.5 105.5 104.5 104 103.6
74.8 74.3 73.5 73.2 73.2 73.3 74.2 75.5 77.9 80.6 83.4 88.1 94 101.4 111.3 117.8 120.2 122.3 122.6 122.2 120.5 119 117.5 116.8 117 116.7 115.6 117.7 120 120.9 121.5 121.6 121.7 121.8 121.9 121.4 120.9 120.4 119.9 119.3 118.8 118.3 117.8 117.5 117.3 117.2 117 116.8 116.6 115.4 114.3 113 111.5 109.9 110.6 111.4 111.1 110.2 109.5 108.8 108.4 109.1 109.2 108.9 108.6 108.2 107.9 107.4 107.4 107.6 107.7 107.7 107.8 107.9 107.9 107.5 106.9 105.9 105 104 103.4 102.5
74.8 74.2 73.7 73.5 73.3 73.4 74.3 75.6 78 80.5 83 87.8 94.8 103.4 113.9 119.2 121.3 122.6 122.8 121.1 119.1 116.7 115.5 114.7 114.8 114.5 115.1 117.7 119.6 120.5 121.1 121.2 121.2 121.3 121.4 120.9 120.3 119.8 119.3 118.8 118.3 117.8 117.5 117.3 117.1 116.9 116.6 116.4 116.2 114.9 113.9 112.6 111.1 109.7 108.8 109.7 110.1 109.5 108.9 107.9 107.2 108 108.3 107.9 107.6 107.2 106.8 106.2 105.8 106.7 106.8 106.9 107.1 107.4 107.3 106.7 106.1 105.4 104.4 103.4 102.5 101.3
74.7 74.2 73.6 73.4 73.3 73.5 74.2 75.5 77.7 80.2 83.1 87.5 93.7 104.4 113.8 120.6 121.8 121.9 122 120.9 118.9 116 112.6 110.9 110.6 109.4 114 117.6 119.3 120.3 120.6 120.7 120.8 120.8 120.6 120 119.4 118.9 118.6 118.3 117.8 117.5 117.2 116.9 116.6 116.3 116 115.8 115.2 114.4 113.6 112.1 110.8 109.4 107.8 108.7 108.8 108.5 108.2 107.1 106 106.7 107.2 107 106.6 106.2 105.5 104.8 104.6 105.4 106 106.2 106.6 106.8 106.5 106 105.4 104.7 103.8 102.8 101.5 100.1
74.6 74 73.5 73.4 73.3 73.5 74.1 75.5 76.8 79 81.8 85.1 92.2 102.7 111.2 118.4 118.1 119 119.2 119 116.8 114.4 112.3 108.7 107.4 108.1 113.8 117.2 119 119.9 119.9 119.9 119.9 119.9 119.5 119.1 118.5 118 117.7 117.4 116.9 116.7 116.5 116.3 116 115.7 115.4 116 115.1 114.1 113 111.9 110.5 109.2 107.1 107.4 107.3 107.3 106.6 105.5 104.8 105.5 105.9 106.1 105.7 105.3 104.5 103 103.3 104.2 105.2 105.7 106.2 105.9 105.5 105.3 104.7 104.1 103.1 102.1 100.9 99
74.5 73.9 73.5 73.4 73.2 73.3 73.9 74.6 75.9 77.7 80.4 83.5 88.3 97.6 104.1 110.9 111.6 115.3 116.2 116 112.5 110.2 109.1 106.7 102.3 107.8 114 116.6 118.1 119 119.1 119.1 119.1 118.8 118.5 118.2 117.6 117.1 116.8 116.3 115.9 115.7 115.4 115.3 115.2 115.2 114.9 114.9 113.5 112.5 111.6 110.7 109.9 108.9 106.8 105.8 105.7 105.6 104.8 103.7 103.4 104.1 104.3 103.6 104.8 104.4 103.7 102.2 102.9 103.9 104.6 105.1 105.2 104.9 104.5 104.4 104.1 103.4 102.4 101.4 100.3 98.1
74.4 73.8 73.5 73.3 72.9 73.1 73.3 74.1 75.2 77 79.3 82.4 85.9 91.3 97.2 101.6 105.5 110.1 112.3 109 105.2 104.4 104.1 102.3 101.6 108.3 113.9 115.5 117.1 118 118.3 118.2 118 117.7 117.4 117.1 116.6 116.2 115.8 115 114.8 114.6 114.4 114.4 114.4 114.2 114.3 113.7 112 111.1 110.3 109.4 108.5 107.6 106.6 105 103.9 103.9 103 101.9 101.3 101.6 101.2 101.2 103.3 103.5 102.4 100.8 102.5 103.4 104 104.5 104.2 103.9 103.5 103.5 103.4 102.7 101.7 100.8 99.4 97.2
74.3 73.7 73.4 73 72.5 72.6 72.7 73.3 74.3 76.3 78.3 80.7 83.5 86.3 90.8 94.6 97 100.5 102.8 100.7 99 97.5 97.6 96 102 108.3 112.3 114.6 116 117.1 117.3 117.3 117 116.6 116.3 116 115.7 115.2 114.5 113.9 113.7 113.6 113.3 113.4 113.5 113.3 112.9 111.9 110.8 109.8 108.9 108 107.1 106.2 105.6 104.5 102.9 102.4 101.4 100.3 98.9 98.6 97.9 97.2 99 100.6 100.3 100.5 102.1 102.8 103.4 103.8 103.2 102.8 102.4 102.5 102.7 102.1 101.1 100 98.6 96.6
74.2 73.7 73 72.5 72 71.8 72 72.6 73.6 75.4 76.9 78.6 81 81.8 84.7 88.3 91.8 94.2 95.4 94.7 92.9 92.1 91.7 94.1 101 106.2 109.7 112.6 115.3 116.3 116.6 116.5 116.2 115.8 115.5 115.1 114.7 114 113.3 112.8 112.7 112.5 112.3 112.4 112.5 112.4 111.4 110.7 109.7 108.6 107.6 106.5 105.6 104.8 104.1 103.2 102 100.9 99.9 98.9 99.2 99.6 100 99 97.7 96.8 97.7 99.5 102 102.2 102.4 102.1 102 101.7 101.4 101.6 101.8 101.4 100.3 99.2 97.6 95.9
73.6 73.4 72.6 71.9 71 71.1 71.5 72.1 73 74.1 75.4 76.8 77.9 79.4 81.4 83.9 87.4 90 90.9 89.3 89.1 88.2 89.9 93.2 97.4 102.3 107.5 111.9 114.5 115.6 115.9 115.7 115.6 114.9 114.3 113.8 113.2 112.6 112 111.7 111.6 111.4 111.4 111.4 111.5 111.2 109.9 109.3 108.2 107.1 106 104.6 104.1 103.2 102.6 101.9 101.1 100.5 99.9 100.7 101.2 101.5 101.1 100.4 99.3 97.5 96.1 97.6 99.9 99.8 100.4 100.9 100.4 99.8 98.9 100.1 100.5 100.7 99.6 98.1 96.3 94.7
72.3 71.4 70.2 68.9 68.5 70.7 71.2 72 72.9 73.7 74.5 75.7 76.8 77.4 79.4 81.4 84.4 85.7 85.5 84.6 86.2 88.3 92.2 98.6 104 106.6 107.8 111.5 113.6 114.8 115.1 115.2 115.3 114.5 113.4 113.1 112.8 112.3 111.6 110.7 110.3 110.2 109.7 109.6 109.9 110.5 108.5 107.8 107 105.7 104.7 104.7 104.3 103.6 102.6 101.5 100.5 100.3 100.8 101.8 102.7 102.4 101.8 101.1 100.4 98.6 97.3 96.1 96.3 97.2 97.7 98 97.3 96.7 96.2 97.3 98.5 99.1 98.2 96.8 94.9 93.3
70 68.3 66.2 69.8 69.7 69.1 70.9 71.8 72.7 73.5 74.3 75.1 76 76.9 78.1 79.7 80.3 81 82.9 84.6 86.9 90.7 96.1 101.3 107.3 110.3 111.2 112.9 114.5 115.1 114.8 114.8 115 114.5 113.4 113.5 113.1 112.4 111.5 110.6 109.7 109.2 108.9 108.6 108.4 108.8 107.2 106.8 106.8 107 107.2 106.5 105.2 104 102.9 101.4 100.8 101.6 102.6 103.5 103 102.9 102.3 101.7 101.1 99.2 98.3 97.4 96.6 95.5 95.2 95.2 95 94.9 94.7 95.2 96 96.7 96.4 94.9 93.6 93.3
66.5 67.8 70.3 70.6 70.5 71.2 72 72.8 73.9 74.5 75.4 76.2 77 77.6 78.6 80 80.7 82.2 83.8 85.9 89.6 94.5 100.1 105.1 109.7 112.4 113.6 114.1 115.4 115.2 114.9 114.6 114.6 114.5 113.7 114 113.3 112.3 111.4 110.5 109.8 109.2 108.9 108.7 108.5 108.2 107.8 107.7 108 108.3 108.4 107.1 105.7 104.4 103.2 101.5 101.8 103.5 104.4 104.5 104 103.5 102.7 101.6 100.5 99.4 99.8 99.3 98.1 97.3 97 96.9 96.6 96.4 96.2 94.8 94.6 94.3 94 93.7 93.5 95.6
