app/static/ascii/SN20.asc
ncols 200
nrows 200
xllcorner 220000
yllcorner 200000
cellsize 50
[rows 38 to 75 of 200, columns 84 to 167 of 200]
7.6 7.6 7.5 8.2 6 5.9 6.5 8.3 6.8 6.4 5.8 7 6.7 9.8 6.8 6.4 6.3 4.4 4.6 4.4 4.6 4.7 4.8 5 5.1 5.6 6.1 6.4 6.2 5.7 5.3 5.2 5.1 5.1 5.3 5.4 5.5 5.2 5.5 5.1 4.7 4.5 4.3 4.4 4.2 4 3.6 3.3 4 5.1 5.6 5.3 5 4.7 4.4 5.4 5.2 5 4.9 4.8 4.3 4.2 4.2 4.3 4.3 4.5 4.8 4.8 4.9 5.2 5.4 5.7 6.9 6.3 9 5.6 4.9 5.1 5.2 5.3 5.4 5.4 5.6 5.9
7.6 7.7 7.4 8.3 7.2 7.3 7.8 11.9 6.8 6.5 11.5 6.7 9.4 10.2 8.7 8.1 8.2 5.9 5.5 5.7 5.2 4.8 4.9 5 5.9 6.4 6.7 6.8 6.5 6 6 6 5.8 5.7 5.6 5.7 5.5 5.2 5.4 5.5 5.1 4.7 4.4 4.5 4.4 4.1 4.2 4.3 4.4 5 5.4 5.4 5.1 4.7 4.7 5.6 5.7 5.6 5.4 4.9 4.5 4.2 4.3 4.3 4.4 4.5 4.7 4.8 4.8 4.9 5.1 5.4 6.3 7.1 7 7.9 6.5 5.4 5.6 5.6 5.7 5.7 6 6.3
11.4 10.4 11.3 11.5 9.7 10.6 9.8 10 9.4 10 12 14.4 12.8 13.6 12.2 9.1 10.2 10.5 7.4 9.2 7.6 7.9 7.2 6.6 7.5 7.3 7.1 7.1 7.5 7 11.3 6.8 6.1 6.2 6.1 5.8 5.6 5.3 5.3 5.9 5.5 5.2 5.5 5.3 4.7 4.6 4.6 4.6 5.9 5.9 5.7 5.3 5.1 5 4.9 5.8 6.6 6.1 5.8 5.1 4.7 4.3 4.3 4.4 4.5 4.5 4.7 4.7 4.8 4.9 4.9 5.1 5.3 5.6 5.3 5.6 8.2 6.8 7.3 6.4 7.4 6.5 5.9 6.1
11.4 11.3 11.9 12.2 12.4 13.7 13.6 8 11.9 12.1 10.8 13.9 15.9 13.3 13.2 10.2 12.7 11.3 8.1 12.6 11.8 11.6 7.1 6.4 7.8 10.8 8.2 7.3 7.7 12.2 9.7 7.5 9.6 8.8 7.1 5.9 5.7 6.2 6.8 6.5 6.6 6.5 5.3 5.4 5.4 4.6 4.9 5.3 5.9 5.8 5.7 5.4 5.5 5.2 5.2 6.3 6.9 6.9 5.7 5.3 4.9 4.5 4.4 4.4 4.5 4.6 4.6 4.7 4.7 4.8 4.9 4.9 5 5 5 5 5.1 6.7 10.7 7.6 8.7 7.7 7 6.4
11.5 11.6 9 9.4 11.5 11.4 10.3 10.4 14.2 11.7 10 11.1 12.2 10.8 11 13.8 10 7.1 16.4 12.2 11.4 10.9 12.2 14.1 9.5 9.7 12 10.7 7 12.2 6.2 13.2 6.2 10.5 7.1 8.5 6.7 8.1 11.7 6.4 7.5 9.7 6.5 7 5.2 5.6 5.6 5.9 5.9 5.8 5.6 5.6 5.5 6.3 8.2 6.4 12.9 6.7 6.6 6.2 5.6 5.1 4.9 4.3 4.3 4.5 4.6 4.6 4.7 4.7 4.7 4.7 4.9 4.6 4.5 4.7 4.9 4.8 8 9.3 6.6 6.7 7.8 7.2
10.5 10.8 9.5 10.7 10.2 11.2 10.9 9.9 12.6 11.4 10.6 10.7 10.1 14.3 17.8 13.9 12 15.6 14.6 10 9.8 12.8 7.4 14.3 13.6 12.1 11.4 12.9 4.8 16.8 12.6 12.2 14.2 9.9 6.7 8.3 6.3 13.6 12.5 12 10.5 10.2 10.9 10.1 8.6 5.7 5.8 6 6 5.6 5.2 5.4 6.5 5.6 5.9 6.3 10.2 9.1 6.7 6.3 5.7 5.5 5.5 4.5 4.3 4.4 4.5 4.5 4.5 4.5 4.5 4.5 4.7 4.6 4.2 4.4 4.7 4.7 4.5 5.3 15 8.5 7 8
3.8 4.6 5.1 5.6 6.2 9.4 10.2 10.8 9.4 10.5 11.5 12 12.7 12.5 13.1 14.6 13.8 14.3 9.4 8.9 9.8 9.9 8.9 10.6 12.6 12.5 13.1 7.2 8.2 17.1 10.2 15.8 12.9 6.5 13.9 18 13.4 8.1 13 14 15.3 11.8 12.9 9.4 13.6 8.1 7.8 5.6 6.5 6.1 5.9 6 10.6 6.1 6.6 5.7 6.3 6.1 6.4 6.4 5.5 5.5 5.7 5.6 5 4.6 4.4 4.4 4.4 4.4 4.4 4.4 4.4 4.6 4.4 4.4 4.4 4.5 4.4 4.2 5.2 6.3 6.2 7.6
1.9 2.1 2.6 2.9 3.2 3.5 4 5.8 5.7 5.9 9.2 8.2 11.5 10.5 11.5 12.4 11.4 12.6 13.7 14.1 10.6 13.9 12 10.2 11.1 8.8 8.7 10.7 14.5 13.7 9.8 6.3 18.2 9.4 15.9 15.3 14.5 18.7 15.5 14.8 15.2 9.1 8.8 6.4 10.3 9.5 6.1 7.3 6.4 5.4 9.5 6.6 5.3 7.9 6.3 6.3 6.5 6.6 6.8 6.8 6.5 6.2 5.8 5.5 5.6 5.2 4.9 4.7 4.6 4.4 4.2 4.2 4.2 4.7 4.6 4.6 4.5 4.5 4.6 4.6 5.1 6.6 6 6.7
1.5 1.6 1.7 1.7 1.8 1.9 2 2.4 2.6 3 3.7 3.9 5.1 7.4 11 10.8 11.1 11.1 12.8 11 9.6 10.9 10.1 10.5 11.1 12.5 10.3 13.5 13.6 11.5 12.7 9.9 9.8 12.3 11.1 11.1 11 15.7 13.4 13.6 17.6 11.7 9.7 16.7 12.6 18.8 14.3 14.9 10.8 12.8 7 6.7 5.6 7.5 11.9 6.5 6.3 6.2 6.7 6.8 6.5 6.3 6.1 6 5.9 5.7 5.4 5.2 5.1 4.9 4.7 4.5 4.3 5.5 4.8 4.8 4.8 4.9 5.2 4.9 6.4 6 6 6
1.1 1.2 1.2 1.3 1.4 1.5 1.6 1.6 1.7 1.8 1.9 1.9 2.2 3.3 3.7 3.9 3.9 4.8 5.2 5.8 9.4 11.4 10.9 9.7 10.8 11.6 12.3 11.2 11.8 9.5 11.4 11.6 11.6 13.6 12 11.8 12 11.5 10.4 12 13.3 12.5 14.9 12.4 14.6 14.9 13.1 12.9 6.6 8.3 7.1 6.1 11 9.9 13.2 6.4 6.2 6.1 6.3 6.7 6.5 6.3 6.1 6 6.1 5.9 5.8 5.7 5.5 5.3 5.1 4.9 5.4 5.8 5.3 5 5.1 5.2 5.5 5.8 6 6 6 6
0.7 0.8 0.8 0.9 1 1.1 1.1 1.2 1.3 1.4 1.4 1.5 1.6 1.7 1.8 1.8 1.9 2.2 2.7 2.7 2.9 4.4 4.7 5 8.3 10.7 11.5 11.8 11.9 11.3 11 10.7 9.1 11.2 10.9 11.3 11.9 10.2 11.8 8.9 14.9 13.7 12.5 9.2 9.2 6.4 8.1 9.6 9.3 8 7.9 10.1 9.3 7.2 6.9 6.8 6.3 6.1 6.2 6.6 6.5 6.3 6.2 6.2 6.3 6.1 5.9 5.9 5.9 5.7 5.5 5.3 5.9 5.7 5.7 5 5.4 5.4 5.7 5.9 6 6 6 6
0.3 0.3 0.4 0.5 0.6 0.6 0.7 0.8 0.9 0.9 1 1.1 1.2 1.2 1.3 1.4 1.5 1.6 1.7 1.8 1.9 2 2.2 2.3 3.3 3.9 4.2 4.1 6.8 9.9 11.4 11.5 10.2 11.4 9.9 10.7 10.7 8.8 8.9 9.7 9.4 11.7 8.9 11.8 11.1 13 13.1 10.5 10.4 10.4 11.5 9.2 7.2 6.7 6.2 6.2 6.4 6.4 6.1 6.6 6.5 6.3 6.2 6.3 6.4 6.3 6 6.3 5.9 6 5.9 5.7 5.9 5.9 5.9 5.8 5.8 5.7 6 6.1 6 6.1 6.1 6
-0.1 -0.1 0 0.1 0.1 0.2 0.3 0.4 0.4 0.5 0.6 0.7 0.7 0.8 0.9 1 1.1 1.2 1.3 1.4 1.4 1.5 1.6 1.7 1.8 1.9 1.9 2.1 2.7 3.1 3.3 3.6 5.1 8.1 10.2 12 13 11.2 8.5 8.1 8.4 9.5 9.3 9.5 9.6 9.8 8.6 8.8 6.7 9.9 9.8 10.3 10.3 13.8 9.4 9.9 13.9 6.7 6.6 6.3 6.4 6.3 6.4 6.5 6.6 6.5 6.1 6.8 6.4 6 6.1 6.1 6.2 6.4 6 6.2 6.1 6 6.1 6.2 6.4 6.5 6.2 6
-0.6 -0.5 -0.4 -0.4 -0.3 -0.2 -0.1 -0.1 0 0.1 0.2 0.2 0.3 0.4 0.5 0.6 0.7 0.7 0.8 0.9 1 1.1 1.2 1.3 1.4 1.5 1.5 1.6 1.7 1.8 1.9 2 2.3 2.3 3.5 3.9 5.6 6.3 8.9 10.5 11.4 10.4 9.6 8.9 8.7 7.8 8.6 7.9 7.5 8.2 10.5 10.3 10.6 8.5 5.8 5.7 5.7 7 8.3 10.3 10.1 11.3 8.2 8 8.4 8 6.4 6.7 6.8 6.5 6.3 5.7 6.5 6.5 6.8 6.6 6.5 6.2 6.4 6.6 6.7 6.9 6.6 6.4
-1 -0.9 -0.8 -0.8 -0.7 -0.6 -0.6 -0.5 -0.4 -0.3 -0.3 -0.2 -0.1 0 0.1 0.1 0.2 0.3 0.4 0.5 0.6 0.7 0.8 0.9 1 1.1 1.1 1.2 1.3 1.4 1.5 1.6 1.7 1.7 1.8 1.9 2 2.9 3 4 4.3 5.9 8.1 7.9 10.5 11.1 10.5 8.1 10.3 8.2 7.6 7.1 7.3 8.5 9.9 8.1 8.1 6.5 7.4 5.5 6 6.1 5.9 6.2 6.8 5.8 9.3 9.3 8.8 8.7 8.4 7.6 7.7 9.2 7.2 6.9 6.5 6.3 6.3 6.5 6.7 7 7 6.8
-1.4 -1.3 -1.3 -1.2 -1.1 -1.1 -1 -0.9 -0.8 -0.8 -0.7 -0.6 -0.5 -0.5 -0.4 -0.3 -0.2 -0.1 0 0.1 0.2 0.3 0.4 0.5 0.6 0.7 0.8 0.8 0.9 1 1.1 1.2 1.3 1.4 1.5 1.5 1.6 1.7 1.8 1.9 2 2.3 2.8 3.1 2.2 5.2 7.5 9 7.2 9.8 11.2 12.2 10 11.1 9.1 9.5 10.2 8 9.5 8.6 7 8.2 7.7 6.6 6 6.9 6.5 6 5.9 6.5 5.3 5.7 6.2 7.3 7.1 6.9 6.5 6.3 6.3 6.5 6.6 6.6 6.4 7
-1.8 -1.8 -1.7 -1.6 -1.6 -1.5 -1.4 -1.3 -1.3 -1.2 -1.1 -1 -1 -0.9 -0.8 -0.7 -0.6 -0.5 -0.4 -0.3 -0.2 -0.1 0 0.1 0.2 0.3 0.4 0.4 0.5 0.6 0.7 0.8 0.9 1 1.1 1.2 1.2 1.3 1.4 1.5 1.6 1.7 1.7 1.8 1.9 2 2.7 3.8 4.9 5.4 7.9 8 7.5 9.2 10.6 10.7 10.4 10.9 10.4 9.6 8.7 8.7 7.8 8.3 10.3 8.9 8.6 7.6 7.7 7.8 6.7 5.7 6.1 6.5 6.7 6.6 6.5 6.4 6.3 6.5 6.6 6.4 6.5 6.4
-2.2 -2.2 -2.2 -2.2 -2 -1.9 -1.8 -1.8 -1.7 -1.6 -1.5 -1.5 -1.4 -1.3 -1.2 -1.1 -1.1 -1 -0.9 -0.7 -0.6 -0.5 -0.4 -0.3 -0.2 -0.1 0 0.1 0.1 0.2 0.3 0.4 0.5 0.6 0.7 0.8 0.9 0.9 1 1.1 1.2 1.3 1.4 1.5 1.6 1.6 1.7 1.8 1.9 2 2.5 3.2 3.8 5.2 8.1 7.7 7.2 11.8 9.8 10.7 10.7 11.6 10.7 11 10.3 9.4 8.5 8.3 8.3 9.1 9.2 8.5 7.7 7.5 7.3 7.6 8 7.3 6.3 6.4 6.4 6.3 6.2 6.2
-2.2 -2.2 -2.2 -2.2 -2.2 -2.2 -2.2 -2.2 -2.2 -2.2 -2 -1.9 -1.8 -1.7 -1.6 -1.6 -1.5 -1.4 -1.3 -1.2 -1 -0.9 -0.8 -0.7 -0.6 -0.5 -0.4 -0.3 -0.3 -0.1 0 0 0.1 0.2 0.3 0.4 0.5 0.6 0.7 0.8 0.9 0.9 1 1.1 1.2 1.3 1.4 1.5 1.6 1.6 1.7 1.8 1.9 1.9 2.1 3 3.7 5.2 6.6 6.3 6.9 5.9 7.6 9 8.8 8.7 8.8 9.5 9.4 9.6 9.3 9.3 9.5 11.2 9.1 9.2 10 8.7 9.5 7.1 6.5 7 6.5 6.3
-2.2 -2.2 -2.2 -2.2 -2.2 -2.2 -2.2 -2.2 -2.2 -2.2 -2.2 -2.2 -2.2 -2.2 -2.2 -2 -1.9 -1.8 -1.7 -1.6 -1.5 -1.4 -1.2 -1.1 -1 -0.9 -0.8 -0.7 -0.6 -0.5 -0.4 -0.3 -0.3 -0.2 -0.1 0 0.1 0.2 0.3 0.4 0.5 0.6 0.7 0.8 0.9 1 1.1 1.2 1.2 1.3 1.4 1.5 1.5 1.6 1.7 1.8 1.8 1.9 2.3 3.2 3.8 3.8 4.3 5.8 5 6 6.9 7.2 6.7 6.9 8.5 9.2 9.9 9.8 8.5 9.4 10.4 10.8 11.3 12.1 9 10.9 9.6 8.5
-2.2 -2.2 -2.2 -2.2 -2.2 -2.2 -2.2 -2.2 -2.2 -2.2 -2.2 -2.2 -2.2 -2.2 -2.2 -2.2 -2.2 -2.2 -2.2 -2 -1.9 -1.8 -1.6 -1.5 -1.4 -1.3 -1.2 -1.1 -1 -0.9 -0.8 -0.7 -0.6 -0.5 -0.4 -0.4 -0.3 -0.2 -0.1 0 0.1 0.2 0.3 0.5 0.5 0.6 0.7 0.8 0.9 1 1.1 1.2 1.2 1.3 1.4 1.5 1.5 1.6 1.7 1.8 1.9 2 2 2.1 2.1 2.4 3.4 4.6 5.7 6.9 6.5 7.2 6.6 6.8 7.4 7.3 8 9.7 10.8 12.2 9.8 10.1 11.5 11.1
-2.2 -2.2 -2.2 -2.2 -2.2 -2.2 -2.2 -2.2 -2.2 -2.2 -2.2 -2.2 -2.2 -2.2 -2.2 -2.2 -2.2 -2.2 -2.2 -2.2 -2.2 -2.2 -2 -1.9 -1.8 -1.7 -1.6 -1.5 -1.4 -1.3 -1.2 -1.1 -1 -0.9 -0.8 -0.7 -0.6 -0.5 -0.4 -0.3 -0.2 -0.1 0 0.1 0.2 0.3 0.4 0.5 0.6 0.7 0.8 0.8 0.9 1 1.1 1.2 1.2 1.4 1.5 1.5 1.6 1.7 1.8 1.8 1.9 1.9 2 2 2.9 3.6 3.6 3.9 4.8 5.5 6 5.9 7.5 8 6.2 6.8 7.1 9 8 8.2
-2.2 -2.2 -2.2 -2.2 -2.2 -2.2 -2.2 -2.2 -2.2 -2.2 -2.2 -2.2 -2.2 -2.2 -2.2 -2.2 -2.2 -2.2 -2.2 -2.2 -2.2 -2.2 -2.2 -2.2 -2.2 -2.2 -2.2 -1.9 -1.8 -1.7 -1.6 -1.5 -1.4 -1.3 -1.2 -1.1 -1 -0.9 -0.8 -0.7 -0.6 -0.5 -0.3 -0.2 -0.1 0 0.1 0.2 0.3 0.4 0.5 0.5 0.6 0.7 0.8 0.9 1 1.1 1.2 1.3 1.3 1.4 1.5 1.5 1.6 1.7 1.7 1.8 1.8 1.9 1.9 1.9 2 2.5 3.2 3.9 4.9 6 6.5 7.5 7.8 7.8 7.5 7.7
-2.2 -2.2 -2.2 -2.2 -2.2 -2.2 -2.2 -2.2 -2.2 -2.2 -2.2 -2.2 -2.2 -2.2 -2.2 -2.2 -2.2 -2.2 -2.2 -2.2 -2.2 -2.2 -2.2 -2.2 -2.2 -2.2 -2.2 -2.2 -2.2 -2.1 -2 -1.9 -1.8 -1.7 -1.6 -1.5 -1.4 -1.3 -1.1 -1 -0.9 -0.8 -0.7 -0.6 -0.5 -0.3 -0.2 -0.2 -0.1 0 0.1 0.2 0.3 0.4 0.5 0.6 0.7 0.8 0.9 1 1 1.1 1.2 1.3 1.3 1.4 1.4 1.5 1.6 1.6 1.7 1.7 1.7 1.8 1.8 1.9 1.9 1.9 2 2.7 4 4.8 5.3 6.3
-2.2 -2.2 -2.2 -2.2 -2.2 -2.2 -2.2 -2.2 -2.2 -2.2 -2.2 -2.2 -2.2 -2.2 -2.2 -2.2 -2.2 -2.2 -2.2 -2.2 -2.2 -2.2 -2.2 -2.2 -2.2 -2.2 -2.2 -2.2 -2.2 -2.2 -2.2 -2.2 -2.2 -2.2 -2 -1.9 -1.8 -1.6 -1.5 -1.4 -1.3 -1.1 -1 -0.9 -0.8 -0.7 -0.6 -0.5 -0.4 -0.3 -0.2 -0.1 0 0.1 0.2 0.3 0.4 0.5 0.6 0.7 0.8 0.9 0.9 1 1.1 1.1 1.2 1.2 1.3 1.4 1.4 1.4 1.5 1.5 1.6 1.6 1.6 1.7 1.7 1.8 1.8 1.9 1.9 2
-2.2 -2.2 -2.2 -2.2 -2.2 -2.2 -2.2 -2.2 -2.2 -2.2 -2.2 -2.2 -2.2 -2.2 -2.2 -2.2 -2.2 -2.2 -2.2 -2.2 -2.2 -2.2 -2.2 -2.2 -2.2 -2.2 -2.2 -2.2 -2.2 -2.2 -2.2 -2.2 -2.2 -2.2 -2.2 -2.2 -2.2 -2 -1.9 -1.7 -1.6 -1.5 -1.3 -1.2 -1.1 -1 -0.9 -0.8 -0.7 -0.6 -0.5 -0.4 -0.3 -0.2 -0.1 0 0.1 0.3 0.3 0.4 0.5 0.6 0.7 0.7 0.8 0.9 0.9 1 1 1.1 1.1 1.2 1.2 1.3 1.3 1.4 1.4 1.4 1.5 1.5 1.6 1.6 1.7 1.7
-2.2 -2.2 -2.2 -2.2 -2.2 -2.2 -2.2 -2.2 -2.2 -2.2 -2.2 -2.2 -2.2 -2.2 -2.2 -2.2 -2.2 -2.2 -2.2 -2.2 -2.2 -2.2 -2.2 -2.2 -2.2 -2.2 -2.2 -2.2 -2.2 -2.2 -2.2 -2.2 -2.2 -2.2 -2.2 -2.2 -2.2 -2.2 -2.2 -2.1 -1.9 -1.8 -1.7 -1.6 -1.4 -1.3 -1.2 -1.1 -1 -0.9 -0.8 -0.7 -0.6 -0.5 -0.4 -0.3 -0.1 0 0.1 0.1 0.3 0.3 0.4 0.5 0.6 0.6 0.7 0.7 0.8 0.8 0.9 0.9 1 1 1.1 1.1 1.2 1.2 1.3 1.3 1.4 1.4 1.5 1.5
-2.2 -2.2 -2.2 -2.2 -2.2 -2.2 -2.2 -2.2 -2.2 -2.2 -2.2 -2.2 -2.2 -2.2 -2.2 -2.2 -2.2 -2.2 -2.2 -2.2 -2.2 -2.2 -2.2 -2.2 -2.2 -2.2 -2.2 -2.2 -2.2 -2.2 -2.2 -2.2 -2.2 -2.2 -2.2 -2.2 -2.2 -2.2 -2.2 -2.2 -2.2 -2.1 -2 -1.9 -1.7 -1.6 -1.5 -1.4 -1.3 -1.2 -1.1 -0.9 -0.8 -0.8 -0.6 -0.5 -0.4 -0.3 -0.2 -0.1 0 0.1 0.1 0.2 0.3 0.3 0.4 0.5 0.5 0.6 0.6 0.7 0.8 0.8 0.8 0.9 0.9 1 1 1.1 1.1 1.2 1.2 1.3
-2.2 -2.2 -2.2 -2.2 -2.2 -2.2 -2.2 -2.2 -2.2 -2.2 -2.2 -2.2 -2.2 -2.2 -2.2 -2.2 -2.2 -2.2 -2.2 -2.2 -2.2 -2.2 -2.2 -2.2 -2.2 -2.2 -2.2 -2.2 -2.2 -2.2 -2.2 -2.2 -2.2 -2.2 -2.2 -2.2 -2.2 -2.2 -2.2 -2.2 -2.2 -2.2 -2.2 -2.2 -2.1 -2 -1.8 -1.7 -1.6 -1.5 -1.4 -1.2 -1.1 -1 -0.9 -0.8 -0.7 -0.6 -0.5 -0.4 -0.3 -0.2 -0.2 -0.1 0 0.1 0.1 0.2 0.3 0.3 0.4 0.5 0.5 0.5 0.6 0.6 0.7 0.7 0.8 0.8 0.9 0.9 1 1.1
-2.2 -2.2 -2.2 -2.2 -2.2 -2.2 -2.2 -2.2 -2.2 -2.2 -2.2 -2.2 -2.2 -2.2 -2.2 -2.2 -2.2 -2.2 -2.2 -2.2 -2.2 -2.2 -2.2 -2.2 -2.2 -2.2 -2.2 -2.2 -2.2 -2.2 -2.2 -2.2 -2.2 -2.2 -2.2 -2.2 -2.2 -2.2 -2.2 -2.2 -2.2 -2.2 -2.2 -2.2 -2.2 -2.2 -2.2 -2 -1.9 -1.8 -1.6 -1.5 -1.4 -1.3 -1.2 -1.1 -1 -0.9 -0.8 -0.6 -0.5 -0.5 -0.4 -0.3 -0.2 -0.2 -0.1 0 0 0.1 0.1 0.2 0.3 0.3 0.4 0.4 0.4 0.5 0.6 0.6 0.6 0.7 0.8 0.8
-2.2 -2.2 -2.2 -2.2 -2.2 -2.2 -2.2 -2.2 -2.2 -2.2 -2.2 -2.2 -2.2 -2.2 -2.2 -2.2 -2.2 -2.2 -2.2 -2.2 -2.2 -2.2 -2.2 -2.2 -2.2 -2.2 -2.2 -2.2 -2.2 -2.2 -2.2 -2.2 -2.2 -2.2 -2.2 -2.2 -2.2 -2.2 -2.2 -2.2 -2.2 -2.2 -2.2 -2.2 -2.2 -2.2 -2.2 -2.2 -2.2 -2.2 -1.9 -1.8 -1.7 -1.6 -1.5 -1.3 -1.2 -1.1 -1 -0.9 -0.8 -0.8 -0.7 -0.6 -0.5 -0.4 -0.4 -0.3 -0.2 -0.2 -0.1 0 0 0.1 0.1 0.2 0.2 0.3 0.3 0.4 0.4 0.5 0.6 0.6
-2.2 -2.2 -2.2 -2.2 -2.2 -2.2 -2.2 -2.2 -2.2 -2.2 -2.2 -2.2 -2.2 -2.2 -2.2 -2.2 -2.2 -2.2 -2.2 -2.2 -2.2 -2.2 -2.2 -2.2 -2.2 -2.2 -2.2 -2.2 -2.2 -2.2 -2.2 -2.2 -2.2 -2.2 -2.2 -2.2 -2.2 -2.2 -2.2 -2.2 -2.2 -2.2 -2.2 -2.2 -2.2 -2.2 -2.2 -2.2 -2.2 -2.2 -2.2 -2.1 -2 -1.9 -1.7 -1.6 -1.5 -1.4 -1.3 -1.2 -1.1 -1 -0.9 -0.8 -0.8 -0.7 -0.6 -0.5 -0.5 -0.4 -0.3 -0.3 -0.2 -0.2 -0.1 -0.1 0 0 0.1 0.1 0.2 0.3 0.3 0.4
-2.2 -2.2 -2.2 -2.2 -2.2 -2.2 -2.2 -2.2 -2.2 -2.2 -2.2 -2.2 -2.2 -2.2 -2.2 -2.2 -2.2 -2.2 -2.2 -2.2 -2.2 -2.2 -2.2 -2.2 -2.2 -2.2 -2.2 -2.2 -2.2 -2.2 -2.2 -2.2 -2.2 -2.2 -2.2 -2.2 -2.2 -2.2 -2.2 -2.2 -2.2 -2.2 -2.2 -2.2 -2.2 -2.2 -2.2 -2.2 -2.2 -2.2 -2.2 -2.2 -2.2 -2.2 -2 -1.9 -1.8 -1.7 -1.6 -1.4 -1.4 -1.3 -1.2 -1.1 -1 -0.9 -0.9 -0.8 -0.7 -0.7 -0.6 -0.5 -0.5 -0.4 -0.4 -0.3 -0.3 -0.2 -0.2 -0.1 0 0.1 0.1 0.2
-2.2 -2.2 -2.2 -2.2 -2.2 -2.2 -2.2 -2.2 -2.2 -2.2 -2.2 -2.2 -2.2 -2.2 -2.2 -2.2 -2.2 -2.2 -2.2 -2.2 -2.2 -2.2 -2.2 -2.2 -2.2 -2.2 -2.2 -2.2 -2.2 -2.2 -2.2 -2.2 -2.2 -2.2 -2.2 -2.2 -2.2 -2.2 -2.2 -2.2 -2.2 -2.2 -2.2 -2.2 -2.2 -2.2 -2.2 -2.2 -2.2 -2.2 -2.2 -2.2 -2.2 -2.2 -2.2 -2.2 -2.2 -1.9 -1.8 -1.7 -1.6 -1.5 -1.4 -1.4 -1.3 -1.2 -1.1 -1 -1 -0.9 -0.8 -0.8 -0.7 -0.7 -0.6 -0.6 -0.5 -0.4 -0.4 -0.3 -0.2 -0.2 -0.1 0
-2.2 -2.2 -2.2 -2.2 -2.2 -2.2 -2.2 -2.2 -2.2 -2.2 -2.2 -2.2 -2.2 -2.2 -2.2 -2.2 -2.2 -2.2 -2.2 -2.2 -2.2 -2.2 -2.2 -2.2 -2.2 -2.2 -2.2 -2.2 -2.2 -2.2 -2.2 -2.2 -2.2 -2.2 -2.2 -2.2 -2.2 -2.2 -2.2 -2.2 -2.2 -2.2 -2.2 -2.2 -2.2 -2.2 -2.2 -2.2 -2.2 -2.2 -2.2 -2.2 -2.2 -2.2 -2.2 -2.2 -2.2 -2.2 -2.2 -2 -1.9 -1.8 -1.7 -1.6 -1.5 -1.4 -1.4 -1.3 -1.2 -1.1 -1.1 -1 -1 -0.9 -0.9 -0.8 -0.7 -0.7 -0.6 -0.5 -0.4 -0.4 -0.3 -0.2
-2.2 -2.2 -2.2 -2.2 -2.2 -2.2 -2.2 -2.2 -2.2 -2.2 -2.2 -2.2 -2.2 -2.2 -2.2 -2.2 -2.2 -2.2 -2.2 -2.2 -2.2 -2.2 -2.2 -2.2 -2.2 -2.2 -2.2 -2.2 -2.2 -2.2 -2.2 -2.2 -2.2 -2.2 -2.2 -2.2 -2.2 -2.2 -2.2 -2.2 -2.2 -2.2 -2.2 -2.2 -2.2 -2.2 -2.2 -2.2 -2.2 -2.2 -2.2 -2.2 -2.2 -2.2 -2.2 -2.2 -2.2 -2.2 -2.2 -2.2 -2.1 -2 -1.9 -1.9 -1.8 -1.7 -1.6 -1.5 -1.5 -1.4 -1.3 -1.3 -1.2 -1.1 -1.1 -1 -1 -0.9 -0.8 -0.7 -0.7 -0.6 -0.5 -0.5
-2.2 -2.2 -2.2 -2.2 -2.2 -2.2 -2.2 -2.2 -2.2 -2.2 -2.2 -2.2 -2.2 -2.2 -2.2 -2.2 -2.2 -2.2 -2.2 -2.2 -2.2 -2.2 -2.2 -2.2 -2.2 -2.2 -2.2 -2.2 -2.2 -2.2 -2.2 -2.2 -2.2 -2.2 -2.2 -2.2 -2.2 -2.2 -2.2 -2.2 -2.2 -2.2 -2.2 -2.2 -2.2 -2.2 -2.2 -2.2 -2.2 -2.2 -2.2 -2.2 -2.2 -2.2 -2.2 -2.2 -2.2 -2.2 -2.2 -2.2 -2.2 -2.2 -2.2 -2.1 -2 -1.9 -1.9 -1.8 -1.7 -1.6 -1.6 -1.5 -1.4 -1.4 -1.3 -1.3 -1.2 -1.1 -1.1 -1 -0.9 -0.8 -0.7 -0.7
-2.2 -2.2 -2.2 -2.2 -2.2 -2.2 -2.2 -2.2 -2.2 -2.2 -2.2 -2.2 -2.2 -2.2 -2.2 -2.2 -2.2 -2.2 -2.2 -2.2 -2.2 -2.2 -2.2 -2.2 -2.2 -2.2 -2.2 -2.2 -2.2 -2.2 -2.2 -2.2 -2.2 -2.2 -2.2 -2.2 -2.2 -2.2 -2.2 -2.2 -2.2 -2.2 -2.2 -2.2 -2.2 -2.2 -2.2 -2.2 -2.2 -2.2 -2.2 -2.2 -2.2 -2.2 -2.2 -2.2 -2.2 -2.2 -2.2 -2.2 -2.2 -2.2 -2.2 -2.2 -2.2 -2.2 -2.1 -2 -1.9 -1.9 -1.8 -1.7 -1.7 -1.6 -1.6 -1.5 -1.4 -1.4 -1.3 -1.2 -1.1 -1 -0.9 -0.9
