app/static/ascii/SN22.asc
ncols 200
nrows 200
xllcorner 220000
yllcorner 220000
cellsize 50
[rows 140 to 174 of 200, columns 79 to 157 of 200]
136.5 131.1 126.8 124 116.6 108.5 102.4 98.9 97.9 88.1 76.8 78.2 82.6 85.9 88.5 90.8 92.4 94.7 97.1 98.6 100 103.6 106.9 110.6 114.8 119.6 125.3 132 136.8 140.3 143.6 146 149.1 151.8 154.5 157.3 160.8 163.5 163.4 159.2 151.1 135.3 116.5 97.4 79.9 62.2 44.8 40 40.3 42.3 44 45.3 47.1 50.1 60.5 78.8 97.4 114 130.4 144.8 157.5 159 158.3 156.6 150.4 148.9 149.8 151.2 156.1 160.4 162.4 164.6 166.6 168.1 168.7 169.7 169.7 171 172.1
139.3 136.9 133.6 127.2 122.3 115.7 109.9 112.2 109 100.1 81.2 75 79.4 83.5 86 87.9 89.1 90.9 92.8 95 97.2 100.4 104 108.2 112.5 118.2 123.8 129.4 133.4 136.3 138.6 140.9 143.4 146.1 148.9 151.6 154.5 156.7 157.2 154.9 147.6 137.4 118 98.4 80.2 61.1 45 39.8 39.4 42.6 43.8 45.4 47.7 55.5 75 94.9 112.5 132.3 148.2 160.8 163.4 163.5 163 161.8 158.8 153.1 148.5 147.8 148.7 152.3 155.7 157.8 160.5 163.8 164.8 165.3 166.3 166.7 166.9
141.3 139.4 136.5 131.7 127.1 121 116.8 117.2 116.5 109.5 94.2 77.6 74.7 79.3 83.1 84.6 85.9 87.5 88.6 91.7 95.8 99.3 103.1 106.7 110.3 114.7 120 124.9 128.7 131.1 133.1 135.2 137.6 140.3 142.7 144.9 147.4 148.7 148.3 146.6 142.7 131.5 113.4 94.4 75.2 54.7 40.5 39.2 39.1 42.2 43.4 45.7 50.8 68 87.7 108.6 129.5 148.6 162 165.8 168.1 167.5 166.8 165.8 163.1 159.9 152 146.8 144 144.9 147.3 149.6 153 157.2 159.4 160.7 161.3 161.9 162.2
141.9 140.9 139 135.7 132.1 127.4 123.4 121.8 118.9 116.2 107.8 91.3 75.6 74.4 79.4 81.1 82.4 83.3 87.4 91.2 94.8 98.3 100.7 103.7 106.9 110.9 115.2 119.2 123.2 126.2 128.4 130.3 132 133.8 135.8 137 138.4 139.3 138.1 135.1 129.6 118.5 102.4 85.4 66.4 49.3 44 38.8 38.7 41.1 42.9 47.4 57.6 79.1 99.9 121.1 142.1 158.1 164.4 167.8 170.1 170.2 169.1 168 166.4 163.5 157.7 149.1 142 140.4 140.8 141.8 145.9 149.1 153.4 155.4 156 156.6 156.8
142.4 141.6 140 137.6 135.1 131.7 128.1 123.8 120.6 116.8 110.3 100.3 86.6 74.8 73.7 76.6 80.7 84.2 87.9 90.7 93.7 96.5 98.5 100.8 103.6 107 110.1 113.5 117.6 121.2 124.3 126.6 127.9 128.8 129.5 130.5 130.8 130.8 129 125.6 118.8 104.5 88.8 70.8 55.6 54.5 49.5 42.4 38.2 38.8 43.1 49.4 67.7 88.5 107.8 128.3 148 158.1 164.3 168.4 170.9 172.5 172.2 170.7 168.5 164.8 160.2 154.1 145.2 137.2 135 136.2 138.4 144.1 146.7 149.9 151.6 152.1 151.7
142.3 142.1 140.9 139.4 137 134 129.9 125.4 121.8 116.2 108.6 100.5 91.7 80.5 71.2 73 80.2 83.7 87.3 90.5 93 94.6 95.8 97.3 99.7 102.7 104.8 107.9 111.6 115 120.7 123.3 124.7 125.2 125.7 125.8 125.9 125.2 122.6 118.5 107.9 90.2 72.6 60 62.5 63.4 53.1 43 37.9 38.1 44.2 56.7 77.5 95.5 111.2 128.1 144.9 156.5 163.9 168.1 170.7 173 173.2 172.2 169.2 165.6 161.7 157.3 150.5 141.5 133.1 130.3 134.1 138.2 142.1 144.3 146.2 147.5 147.4
140.9 141.8 141.3 140.5 138.4 135.4 132.3 127.8 123.1 118 110.1 99 88.7 80.3 72.2 72.1 77.4 81.8 85.5 88 90.7 92.1 92.5 93.2 95.7 98.3 100.9 103.6 107.3 110.8 116.2 119.9 121.2 121.4 121.7 122.5 122.5 122 118.8 113.7 100.6 86.1 73.6 74.4 74.5 67.7 52.6 42.5 37.2 38.1 46.6 62.9 81.1 94.6 107.1 122.2 141.6 154 162.4 167 169.4 171.4 171.5 170.3 168.4 165.3 162.1 158.6 153.6 145.5 137.6 129.4 127.3 132.9 135.6 138.8 140.7 142.1 142.2
138.6 140.3 140.8 140.2 139 136.4 134.1 130.4 126.3 121.7 116.2 107.9 102.7 89.5 77 70.6 73.9 79 83.5 85.9 87.9 88.9 88.6 90.2 91.7 94.4 98 100.6 103.7 107.4 111.4 115.3 117.1 117.3 118.4 120 120.8 120.4 115.9 111.6 101.6 94.9 91.1 90.1 81.7 68.8 51.6 39.6 37.2 41.7 50.8 61.2 73.3 85.8 99.6 114 132.9 148.4 158.9 164.8 168 168.9 168.7 167.9 166.3 164.4 161.8 158.2 153.8 147.9 141.2 130.9 124.4 127 131.4 133.3 133.9 136 136.7
136 138 138.8 139.3 138.5 136.8 135.3 132.8 129.4 125.1 123.2 118.8 110.4 98.5 83.9 70.4 69.8 77.1 81.3 83.4 84.8 84.6 84.7 86.4 88.8 91.8 94.2 97.7 101.5 104.3 107.7 110.1 109.9 109.6 114.7 118.6 120.4 120.7 120 118 115 110 107.9 103.9 89.5 70.1 52.5 38.8 37.7 43.3 52.1 56.6 64.2 75.7 88.9 104.8 121.5 141.9 154.6 162.4 166.2 167 166.5 165.6 164 162.4 160.6 157.3 153.3 148.3 142.8 134.9 124.4 120.4 124.8 126.9 128.7 129.3 130.3
133.6 135.8 136.8 137.1 137.6 136.8 135.7 134 131.8 129.7 129.8 125.3 118.1 106.9 91.7 76.6 69 73.2 78 80.3 81.2 81 81 82.9 87.1 88.3 91.3 95.3 98.2 100.6 104 105.2 103.2 106.3 113.6 117.9 121.1 123.7 125.1 125.4 124.2 121.8 119.5 114.9 99.4 78.9 57.9 45.4 36.4 40.9 46.4 52.8 57.6 65.3 78.5 93.4 111.1 132.3 150.6 160.1 164.3 165.1 164.6 163.4 162.1 160.7 159.1 156.3 152.4 148.1 143.1 137.3 127.2 119 115.6 118.8 122 123.5 123.9
130.5 132.6 133.6 134.3 135.3 135.5 135.7 134.6 134 132.6 132.9 131 125.9 118.7 107 88.1 72.1 67.7 73.7 75.8 76.8 77.6 79.9 82.2 83.8 84.5 88.3 91.5 94.3 96.8 99.3 99.9 101 107.5 113.3 117.3 120.7 124.1 126.3 127.1 127.8 127 124.6 120 110.2 92.8 76.1 59.9 41.1 36.7 41.4 44.8 51.4 59.7 67.8 82.2 99.3 122.1 141.6 155.3 161.3 162.9 162.3 160.9 159.8 159.2 157.5 155.3 151.5 147.2 141.4 134.3 125.5 118.7 114.8 110.3 113.5 117.7 118.7
127.3 129.6 131.4 132.9 133.9 134.8 135.8 136 135.4 135.4 135.2 133.6 130.2 124.1 115.7 99.6 80.3 67.5 67.9 71.2 72.9 75.2 78 79.6 81.8 82.5 84.7 87.2 89.7 92 93.6 93 98.1 104 109.3 114.6 118.7 122.4 125.1 128.3 131.2 130.7 128.3 124.9 120.3 107.5 93.2 76.2 55.9 36.1 35.7 37.8 43 50.4 61 73.8 89.2 110.6 134.7 151.3 158.6 160 159.7 158.6 158 157.4 156.3 154.4 151.1 146 139.2 132.3 127.6 124.7 118.6 111.9 106.2 109.9 113.5
125.2 128.9 131.4 132.9 135.4 136.8 137.7 137.6 137.3 137.1 136.7 134.9 132.2 126.9 119.8 111.2 93.6 75.2 66.6 67.3 69.5 74 75.6 76.9 78.7 78.5 81.2 82.8 84.5 86 87.5 87.5 93.1 98 103.7 109.8 116.2 120.6 124.6 128.7 131.9 133.1 131.4 129.6 127.3 119 106.3 91.5 72.5 53.2 37.1 35.9 35.7 42.2 51.6 65.7 82 102.5 126.1 147.2 155.1 157.2 156.7 156.2 156 155.7 155.1 153.9 151.7 147.4 143.2 140 135.5 130.6 124.3 117 108.3 102.7 106.1
126.5 131.2 134.9 137.9 139.4 140.3 140.9 140.8 139.8 138.7 137.2 135.1 132.8 129.4 123.8 117 104.5 88.1 71.2 65.8 69.6 71.9 73 74.3 74.6 74.8 75.7 77.1 77.9 79.4 80.5 81.5 88.7 94.8 102.1 108.1 114.8 119.5 123.7 127.2 130.6 133.5 134 133.2 131.3 127.2 116.3 103.6 89.8 71.5 50.6 35.7 35.2 35.6 43.6 55.9 74.1 95 117.2 139.7 151.3 153.9 153.8 153.7 153.6 154.2 153.7 153.2 152.5 150.1 147.4 144 139.6 134.3 128 121.9 114.3 104 97.5
127.3 132.7 136.9 139.4 141.1 141.3 141.2 141 140.2 138.8 136.6 134.3 131.8 129.2 125.5 119.5 110.8 98.5 82.3 66 66.7 69.9 70.7 70.8 70.6 71 70.8 71.3 72.6 75.1 79 85.8 93 99.5 106.2 111.8 114.4 117.4 121.6 125.7 128.3 131.3 134.3 134.5 132.5 129.5 125.3 116.3 103.6 87.1 67.2 49.4 34.8 34.5 35.9 47.5 66.4 88.2 110.5 132 143.5 150.1 151 151.1 151.4 152.3 152.3 152.5 152.4 151.3 149.3 146.6 143.1 137.6 131.3 123.7 114.4 108.2 101.3
131.5 133 137.2 139.3 140.8 139.9 139.7 138.3 136.9 135.9 134.6 131.8 129.5 126.6 123.4 118 110.9 101.7 90.5 74.6 64.7 66.7 67.6 67.9 67.8 67.6 69.6 71.5 74.7 77.3 78.2 85.1 92.2 98.5 104.2 109 110.3 114.8 120.1 124.1 126.3 128.6 130.8 132.5 132.4 130.9 129.2 126 115.2 97.2 78.9 59.6 41.4 34.5 34 40.7 58.1 80.9 104.7 127.2 140.3 145.3 147.7 148.4 149 149.8 150.7 151.4 151.6 151.8 150.7 148.7 146.4 142.7 137.8 130.8 123.6 117.7 110.9
134.8 135.9 137.3 138.9 140.1 139.4 137.9 135.9 133.9 132.3 130.9 128.3 124.9 122.6 119.1 114.1 107.7 100.1 90.8 81.7 66.4 63.2 65 65.3 65.9 68.7 73.5 77.7 80.6 81.2 82.1 84 87 92.8 98.2 101.4 107.8 113.8 118.1 121 122.9 125 126.4 127.7 129.3 129.6 127.3 124.4 116.3 102 85 65.3 49.8 34.5 34.1 34.2 49.1 75.6 99.5 119.9 134.2 140.7 144.1 144.6 146.6 148.2 149.1 150.2 151.6 152.2 152.1 151.2 150.2 147.8 143.7 139.4 134.8 129.5 122.2
136.9 138.2 138.4 139.3 139.6 139 136.6 134.1 130.8 127.8 126.4 124.3 122.4 118.6 113.6 108.9 102.7 95.9 88.9 81.2 72.3 63.2 62.6 62.5 66.4 71.8 78 82.9 86.3 87.7 88.1 90.2 92.4 96.1 98.9 103.3 107.5 112.6 115.7 117.7 119.2 120.4 121.3 121.6 122.5 123 122.5 119.3 113.2 103.1 87.7 69.8 50.4 35.9 34.4 33.7 41.9 67.8 92.7 113.1 127.2 134.9 139.3 142.4 143.4 145.4 147.3 149.1 151.3 153 154.1 154.3 153.9 152.2 149 145.6 141.6 137 130.3
138.7 140.4 140.6 140.3 138.9 137.9 134.7 130.4 124.2 120.3 119.6 119.8 118.5 115.8 111.4 105.1 98.4 91.1 84.4 77.6 71.5 66.2 61.6 62.6 66.7 72.4 78.5 86 90.5 93.7 94.6 96.1 98.5 101.8 105.4 107.6 109.6 111.6 113.9 114.4 114.4 115.6 114.7 114.7 113.7 113.5 112.7 111.3 108.7 101.9 87.1 68.8 49.8 38 33.8 33.5 34.9 59.9 85.2 104.3 118.7 127.5 132.7 136.4 140.2 143.1 145.7 147.5 150.3 152.5 154.3 155.3 155.6 154.2 151.8 149.4 146.5 142.3 135.7
139.3 141.4 142.4 141.9 140.7 137.8 134.2 127.9 115.5 110.1 110.2 112.3 112 111.8 108.6 104.2 99.1 93.3 86.9 81.6 76.4 69.6 60.6 62.4 69.7 78 84.4 89.1 93.8 98.6 102.6 106.6 107.9 108.6 109.7 110.9 111.8 111.9 112 111.1 110.2 110.8 110.5 108.5 106.6 104.5 102.6 100.5 97.7 92.7 78.9 64.1 48.1 39 32.7 33.2 33.1 54.1 77.7 96 109.5 119.2 126.5 129.6 133 138.3 142.8 146.3 149 151.7 153.8 155.4 155.8 155.1 153.4 150.6 148.4 144.8 138.8
139.4 142 143 142.6 141.6 138.8 134.3 126.8 115.3 101.6 94.9 95.2 100.9 104.2 102.5 101.4 97.5 92.9 87.5 81.3 75.3 67.8 61 63.4 77 85.4 91.8 97.7 103.6 108.3 112.8 115.1 116 115.5 114.2 113.2 112.5 111.2 109.2 107.7 105.3 105 104.7 103 100.5 97.5 93.6 90.1 86.1 79.3 67.6 55.2 44.9 39 33.4 32.8 32.4 48.9 71.6 88.3 101.1 111.6 119.1 117.4 121.8 130 138.9 144.8 148.3 150.8 152.6 154.1 154.8 154.7 153.7 151.6 149 145.9 140.3
141.3 143.2 143.3 141.8 140.4 137.6 133.1 126.3 116.8 104.8 95.9 89 86.2 90.7 95.7 96.9 94.7 91.4 86.6 79.7 71.2 61.4 60.2 65.6 81 91.2 100.8 109.8 117.2 120.7 121.6 121.7 121.2 120.3 117.8 115.1 112.5 109.6 107.8 104.7 100.3 99.2 98.3 96.1 93.3 90.3 85.3 80.5 75.7 69.6 60.6 50.3 43.1 38 33.5 33.1 32.7 48.1 68.6 82.7 94.3 103.7 108.7 95.1 105 117.2 135.9 144.5 148.1 149.9 151.5 153 154 153.8 153.4 151.7 149.2 146.1 141.4
141.2 143.2 142.9 141.7 139.3 135.9 131.6 124.1 115.5 109.8 103.9 95.9 86.2 80.3 82.3 89.1 90.5 88 84.5 76.4 64.9 59.6 63.2 68.8 79.6 94.9 111.6 122.7 128.1 129.9 129.5 127.4 125.2 122.7 120.1 116.8 112 107.5 104.2 101.8 97.4 92 90.4 87.6 84.2 81.7 77.2 71.9 66.9 61.4 55.6 47.7 41.4 37.2 33.1 32.6 33.8 49.9 65.8 77.3 87.5 95.4 90.4 83.5 92.9 114.5 133.9 143.6 147.5 150.4 151.8 153.4 153.7 153.4 152.8 150.9 148.9 145.9 141.3
138 139.9 140.6 139.3 137.3 134.3 130.7 126.1 120.6 115.8 109.8 104.5 94 82.6 74.2 72.8 74.7 78.6 77.7 67.3 60.1 59.3 65.7 71.9 81.5 100.5 120.6 130.4 136.2 138.5 137.3 133.1 128.5 124.9 122 118.5 112.8 106.2 99.4 96.4 93.2 87.8 83 79.9 76.5 73.5 70.2 65.7 60.5 55.7 50.9 45.3 40.6 37.3 32.7 32 38.2 49.7 62 71.6 80.1 85.1 77.9 80.6 95.2 116.6 133.9 141.5 146.6 149.9 151.8 152.7 153.2 152.6 151.9 150.4 148.2 145 140.8
132 133.8 134.8 134.4 132.9 130.4 128 124.7 120.7 116.4 112.1 108.4 102.2 93.8 82.3 73.2 67.8 65 63.2 59.3 58.1 61.9 69.4 78.6 92.2 111.4 129.3 138.2 144.7 147.4 144.7 140.1 134 127.7 124.8 119.9 113.6 104.9 94.7 90.3 86.6 79.5 74.2 71.6 69.6 66.6 64.3 60.5 56.1 51.7 47.2 43.8 40 37.2 32 31.8 36.8 49.1 58.1 65.9 72.2 72.4 72.1 81.4 100 119.7 132 138.9 143.4 146.7 149.3 150.8 151.9 151.9 151 149.6 147.5 144.9 140.7
124.6 126.5 127.8 127.7 126.9 125.3 123.4 121.2 118.2 114.6 110.3 106.4 101.9 97.3 92.1 85.2 76.1 64 58.1 58.5 61 66 74.5 85.8 105 125.2 141.3 148.2 153.5 153.7 151.2 147 141.6 131.9 127.5 122.2 114.8 107 89.8 82.5 77.9 64.4 60.4 61.4 62 61.1 58.6 56.2 53.1 48.7 45 42.2 40.1 36.6 31.6 31.2 33.2 45.9 53.6 60.6 65 64 70.9 86.4 105.7 121.9 129.4 135.3 139.7 142.9 145.5 148.1 149.7 150.4 149.8 148.7 146.9 144.2 140.8
117.3 119 118.8 120.6 120.6 119 117.4 116.1 113.6 110.2 106.1 101.8 97.6 93.1 88.9 83.9 71.6 59.6 56.5 61.2 64.3 70 82.1 98.3 118.5 138.4 149.4 154.2 157.6 157 153.8 150.4 145.6 136.1 128.4 123 113.9 102 87.5 80.3 75.6 68.6 66.5 63.1 56.5 55.1 54.7 53.3 50.5 46.5 43.4 41.1 39.6 36.5 31.4 31.5 31.8 41.7 49.5 55.3 55.6 63.6 77 94.3 110.8 120.4 126.9 131.8 136.5 139.6 142.6 145.2 147.1 147.9 147.7 146.9 145.9 143.4 140.8
109.8 112 113.3 113.7 113.1 112.2 110.8 109.4 107.6 104.8 100.3 95.5 91.1 86.7 83 71.1 58.1 56.8 60.5 64.1 69.7 79.6 88.7 107.6 130.1 142 150.4 154.2 156.5 155.8 150.9 146.2 141.9 136.7 127.7 114.9 101.8 87.7 80.2 79.4 79.4 82.8 79 69 60.5 53.7 49.4 50.4 48.6 45.4 42.3 39.8 38.8 36.6 30.7 31.2 31.6 34.8 43.5 52.3 57.1 71.4 87.1 100.9 110.9 118.2 123.1 128 132.4 136.4 139.8 142.5 144.8 145.3 145.3 144.8 143.8 142.4 139.9
101.1 103 104.9 105.9 105.8 104.8 103.3 101.3 99.5 97.7 93.7 87.6 81.3 78.9 69.4 59.2 56.5 58.6 63.4 68.8 80.9 94.2 104.4 111.2 129.6 141.1 148.9 153.1 154.1 151.8 146.9 140.9 135 128.7 117.7 102.3 87.6 88.8 96 99.4 99.7 97.9 91.9 82.4 73.8 64.5 55 46.6 42.6 42 39.2 37.9 36.8 36.4 30.5 31 31 37.8 45.2 57.7 69 80.6 91.2 99.9 107.8 114.3 119.3 123.9 128.2 132 135.5 139.1 141.5 142.5 142.3 141.8 141.2 140.4 138.9
90.9 92.9 95.5 97.7 98.5 97.2 95.3 92.8 90.7 89.2 86.3 78.6 67.6 63 57.7 56.1 55.7 62.7 71.2 83.6 97.1 110.2 118.9 120.4 129.4 139.7 146.9 151.5 153 151.2 146.1 138.5 130.7 120.2 107.9 95.6 99 106.9 115.2 116.4 114 111.8 107.5 100.2 90.5 80.2 70.5 60.1 50.7 45.3 42.1 39.7 37 33.5 30.3 30.5 31 38.6 48.9 60.1 70.8 80.8 88.7 96.1 102.8 109.1 114.1 118.9 123.6 127.3 130.5 133.8 136.2 137.6 138.5 138.2 137.7 137.3 136.3
80.7 82.3 84.9 88.2 90.7 90.4 88.1 84.8 81.3 78.1 73.4 65 58.3 56 56.3 56.9 62.4 71.6 85 97 107.9 118.2 128.6 135.2 137.5 141.3 146.3 149.4 152.1 151.6 148.8 140.9 131.8 120.8 109.7 103.7 112.1 121.3 124.2 126.5 124.6 122.5 119.6 114.3 106.3 97.3 86.6 75 67.3 57.8 51.6 45.7 41.5 36.2 32.2 30.2 31 37.5 47.2 58.5 68.5 77 84.9 91.4 97.2 102.3 107.1 112.3 116.6 120.5 123.9 127.4 129.7 131.3 132.8 133.4 133.4 132.9 132.6
69.2 71.3 73.1 78 83.5 84.2 82.1 77 71.4 64.1 57.8 55.3 55.2 55.5 60.8 61 69 77.4 88.1 101.7 112.7 122.7 131.7 138.8 142.7 145.4 147.4 148.9 150.6 151 149.5 145.7 138.2 131.5 124.4 114.5 119.6 125.3 129.9 132.4 131.4 129.4 126 122.6 118.2 111.3 102.9 94.2 85.1 77 67.9 59.8 50.6 39.8 33.2 30.3 32 38.5 46.8 56.8 65.1 72.9 77.7 83.8 89.6 93.7 100.1 104.9 109.6 113.7 117 119.8 122.3 123.8 126.1 127.2 127.3 126.4 126.5
60.1 62.7 66 73.8 78.2 78.8 75.8 71.8 63 56.4 54 54.5 55.9 64.5 70 70 73.6 85.7 94.8 101.9 113.7 123.8 132 138 143 145.6 147.1 147.8 148.9 149.6 149.3 147.1 141.6 135.2 128.6 122.8 121.7 125.8 130.6 134.2 134.8 132.9 130.3 127.7 125.1 120.7 115.6 108.7 100.3 90.9 81.8 71 60.1 46.6 34.4 29.4 29.8 39 50.3 56.2 62.5 67.6 72.9 77.2 80.7 86.1 92.4 97.5 103 108.3 111.7 114.6 116.7 117.7 118.8 118.6 117.8 117.8 117.7
53.9 55.2 63.1 69.6 73.8 74 71 65 56.1 53.2 52.4 57.2 66.9 75 80.2 75.9 73.6 91.8 103.3 110.1 117.4 125.5 132 137.2 141.2 143.3 145.3 145.8 146.4 146.8 147 146.2 144 138.1 131.6 124.2 123 125.9 130.6 133.4 133.6 132.9 132.3 129.7 126.9 125.3 122.2 117.8 110.2 102.2 92.6 80.9 66.7 52.6 36.9 29.3 30 35.9 49.3 56.4 61.6 63.7 67.3 69.5 72.3 78 83.4 91.1 98 103.4 108.5 111.3 112.7 113.6 113.6 112.2 110.6 108.9 107.6
60.7 52 55 63.7 67.2 67.8 64.9 56.9 51.3 51.4 58.1 69.7 78.5 83.6 86.5 81.8 76.8 94.3 106.2 113.6 120 126.3 131.6 135.9 139.2 141.4 142.7 142.9 143.2 142.9 142.8 143.4 141.7 137.6 131.5 126.6 122.9 126.2 129.7 131.5 131.6 131.5 132.2 130.2 127.7 125.9 123.8 120.8 117.1 109.8 100.7 88.5 73 56.2 39.5 29.5 29.6 33.2 47.1 54.4 59 55.8 57.4 64.6 70.7 80.8 87.3 92.9 98.1 103.2 107.4 109.7 111.4 111.8 110.7 108.7 105.2 100.9 95.8
