app/static/ascii/SN23.asc
ncols 200
nrows 200
xllcorner 220000
yllcorner 230000
cellsize 50
[rows 140 to 174 of 200, columns 79 to 157 of 200]
207 203.4 214.2 217.2 219.2 219.9 220.1 219.7 219.1 218.3 217 215.8 217.8 219.9 220.6 222 222.7 223.3 224.2 226.7 229 230.6 231.9 232.2 231.6 230.4 229.3 228.2 227.3 227 225.6 224 221.9 219.6 216.9 213.4 210.5 208.2 205.8 203.4 199.6 196.9 195.8 193.7 192.1 188.7 184.7 176.9 170.5 163.6 155.1 146.2 141.5 139.3 144.9 155.4 157.3 143 157.7 168.6 175.5 177.3 177.4 176.7 173.3 169.8 166.1 162.5 161.7 162.9 166 172.4 180.3 183 182.5 180.7 182.8 187.2 190.7
210.1 214 221.9 224.2 225 225.9 226 225.5 224.5 223.3 223 223.1 223.6 224.5 225.4 226 226.9 227.8 228.2 229.2 231.4 233.2 233.7 234.1 233 232 231.1 230.2 229.1 227.3 225.9 223.2 221.2 218.3 214.5 211 208.2 206.1 203 200 194.6 194.2 193.7 192 189 182.1 178.6 172.7 161.2 152.7 157.1 164.8 164.4 146.5 161.2 166.6 166.2 152.7 156.9 170.1 177.9 179.3 179.2 178.2 175.6 172.2 169.2 167 167.9 167.2 169.3 172.5 180.6 183.3 184.2 184.3 186 187.1 190.6
218.2 226.2 228.9 230.6 230.9 230.7 231.3 230.1 228.9 227.7 227.1 227.2 227 227.7 228.4 229.4 230.2 230.9 231.5 232.1 233.6 235 235.1 235.1 234.2 233.2 232.1 231 229.8 227.7 226 222.5 220.5 214.9 210.3 207.3 205.5 204.3 202.1 195.3 187.6 187.5 188.3 187.9 182.7 174.7 160.1 159.5 165.2 173.3 179.8 180.9 172.3 152.8 165.8 170.3 169.6 158.3 159.4 173.5 178.6 181.1 180.5 179.7 178.8 175.7 173.1 170.2 172.8 172.6 173.7 177.5 180.7 185.2 187.2 188.4 189.9 188.6 189.4
231.7 234.3 235.5 236.4 236.2 236 236 234.4 233.3 232.1 230.9 230.6 229.9 230.5 231.5 232.3 232.8 233.4 234 234.6 236.8 236.6 236.5 235.8 234.9 233.8 232.5 231.3 229.6 227.9 225.6 222.3 218.4 211.9 205.7 202.6 201.8 198.9 192.8 184.9 180.9 178.2 183.1 173.5 167.9 173.1 181 186.8 187.5 186.9 185.1 182.9 175.8 157.7 167.7 173 172.7 164.1 161.7 176.1 180.2 182.1 182.6 182.4 181.3 179.5 177.2 176.2 177.6 177.9 179.6 182.6 183.9 188 191 193 193.8 194.3 192.8
238.5 239.8 240.9 241.8 241 240.2 239.1 238.1 237 235.9 234.5 233.6 232.8 233.1 233.9 234.7 235 235.5 236.2 236.7 237.9 238.3 237.8 236.8 235.9 234.3 232.7 231.3 229.5 227.7 225.1 222.2 216.2 208.9 203.1 197.9 194.9 190.2 184 180.3 178.8 178.8 179.5 184 186.5 194.5 199.4 201 199.5 195.9 188.2 183.8 175.9 158.9 171.4 175.4 175.4 167.2 168.3 177.4 181.4 183.3 184.5 184.9 184.2 183 180.7 180.7 182 183.3 184.5 186.2 187.7 191 196.3 199 201 200.1 199.3
244.3 245.8 246.5 246.1 245.7 245.3 243.2 241.7 240 238.8 237.7 236.6 235.5 235.3 235.9 236.4 236.7 237.6 238.3 238.8 239.7 239.7 238.8 237.9 236.5 234.7 232.8 231 229.3 227.3 224.2 220.4 213.8 207.4 201.6 194.6 188 183.5 181 183.5 193.9 197.4 198.5 200.7 205 207.1 208.1 207.1 204.9 200 192.7 184.7 176.3 165.3 176.6 178.4 177 168.1 173.2 178.4 182.5 184.6 185.9 186.8 187 185.7 183.7 184.1 185.9 187.1 187.2 189.5 192.4 198.6 203.1 206.4 206.8 206.2 204.9
249.8 249.8 249.9 249.5 248.4 247.3 246.1 244.4 242.6 241.3 239.4 238.3 237.3 237 237.6 237.9 238.1 238.7 239.5 239.6 240 240.5 239.8 238.8 236.9 234.9 233.1 231.1 229.2 226.4 223.1 217.9 213 208 201.3 192.9 185.5 183.4 191 196 205.3 209.1 211 212.3 213.3 212.8 212.1 210.3 207.3 202.3 196.2 185.6 173.8 173 180.9 180.6 178.6 172 173.6 182.7 183.9 185.8 186.8 188.3 187.3 186.6 185.3 186.5 188.1 189.7 188.8 196.7 205.7 211.4 212.9 213 212 211 209.6
253 252.6 252.3 251.2 250 248.5 247.4 245.8 243.6 241.9 240.4 238.8 237.8 237.4 237.8 237.9 238.6 239 239.6 239.7 239.9 240.5 240 238.8 237 235 233.4 231.4 229 226 221.8 217.5 213.1 208.6 202.5 192.4 184.6 186.1 195.5 203.2 210.8 214.3 215.8 216.7 217.2 216 214.4 211.8 207.6 203 197.4 184.9 174.1 176.6 181.9 182.3 180.4 177 173.6 174.7 182.7 185.3 186.8 185.8 188.2 188.7 188.2 188.5 191.9 197.7 203.3 210 214.7 218.1 218.7 218.6 218 216.6 215.7
254.9 254.7 254 252.8 251.1 249.4 248 246 244.2 242.3 240.6 238.8 237.9 237.7 237.5 237.6 237.7 238.2 238.9 239.5 239.9 240 239.7 238.5 237 235.3 233.7 231.3 228.7 225.2 220.3 215.8 211.8 208.3 202 189.9 183.9 192.5 200.3 209.3 214.4 217.1 218.5 219.5 219.6 219.1 217.5 212 207.2 202.6 197.1 184.8 172.2 177.3 182.4 183.8 182.2 180.5 179.2 177.5 181.6 188.6 194.4 200.8 202.5 202.5 201.8 204.9 206.5 208.6 212.8 216.1 219.1 222.1 223.1 224 223.8 222.7 221.1
256.2 255.8 254.8 253.6 251.8 250 248 245.9 243 240.7 239 237.4 237 236.1 235.4 236 236.6 236.4 237.1 237.9 238.8 238.8 238.5 238.1 237.1 235.7 234 231.3 227.9 224.4 219.7 214.4 209.6 206.6 199.1 187.4 184.9 197.4 204 212 216.7 219.4 221.2 221.8 221.8 221.2 219.4 214.8 209 202.7 194.3 185.5 177 181.9 184.2 184.5 183.9 183.4 182.9 182.6 181.3 189.3 197.9 203.6 206.8 209.5 211.1 213.4 213.6 213.8 216.2 218.9 221.7 224.4 226.1 226.7 227 227 226.4
256.6 256.1 254.9 253.3 251 249.1 247.1 244 241.7 239.4 237.3 236.1 235 233.6 233.5 233.7 234.1 234.4 235.4 236.4 237.3 237.9 237.6 237.2 236.5 235 233 230.5 226.9 223.7 219 214.2 206.5 201.2 193.7 186.3 189.3 202 209.1 215.4 218.6 221 222.6 223 223.2 222 220 215.8 208.6 202.7 192 181.9 183.9 185.6 186.3 186.5 186.3 186.2 186.6 186.8 184.8 187.4 197.4 203.7 207.4 210.3 212.9 214.9 215.1 216.1 218 220.8 223.8 225.8 227.5 228.7 230.1 230.6 230.6
256.6 256.1 254.5 252.8 250.2 248.1 246.1 243 239.4 237 234.7 232.9 231.9 230.8 229.2 230.3 230.8 232.5 233.9 234.9 235.8 236.4 236.7 236.4 235.9 233.9 232.4 229.8 226.2 223 218.2 213.6 204.5 195.4 188.5 186.5 197.9 208.2 212.1 216.8 220 221.8 223 223.4 223.6 221.8 219.5 214.9 207.5 198.6 185.6 181.6 185.7 188 189.5 190.3 191.3 193.8 194.6 194.6 191.2 187.6 192 199.9 206.2 209.5 212.2 214.6 215.6 216.3 219.3 221.6 224.4 227 228.8 230.6 232.2 233.8 234.2
256.6 255.9 254.2 252.4 250 247.3 245.1 240.4 236.5 234.2 231.9 229.3 227.8 225.7 225.4 226.1 228.1 229.9 231.5 233.1 234.3 234.9 235.3 235.5 235.3 234 231.8 228.9 225.8 221.9 217 212.2 202.1 190.8 187.1 189.8 205.7 210.9 214.4 218 220.3 222.5 223.4 223.6 222.5 220.6 218.2 212.1 203 192.5 184.5 184.8 188.3 193.2 196 197.8 198.8 200 201.3 202.1 201 197.6 194.1 196 198.3 204.9 207.7 210.2 212.6 216 218.4 221.6 224.8 227.4 230 232.3 233.8 235.6 237.1
256.7 255.5 253.8 252 249.8 246.5 242.1 237.5 232.7 229.5 227.9 226.2 221.3 221.1 220.3 221.3 223.7 226.4 228.6 230.2 232 233 234 234.4 234.2 233 230.8 228 224.9 220.7 215.8 209.1 197.8 188.1 187.6 200.5 209.1 213 216.1 219 221.3 223 223.6 223.1 221 218 215.6 209.2 201 190.6 185.1 187.9 194.7 199 201.4 203.2 204.6 205.9 207.1 208.3 208.6 208.7 205 204.1 206.7 207.8 209.6 210.6 211.8 213.8 217.1 220.9 224.7 227.8 230.2 232.9 235.2 237 238.4
256.7 255.3 253.5 251.7 248.9 245.8 241.9 235.4 227.3 223.9 219.9 218 216.8 217 216.6 216.5 219 222.3 225.2 227.1 229.2 231.1 232.2 232.7 232.7 231.7 229.7 227.1 223.4 219.2 212.7 203.5 191.3 187.1 192.8 207.2 211.3 215.4 218.4 220.9 223.1 223.7 223.4 222.5 220.2 217 213.4 207.5 198.3 188.7 187.8 194.7 200.7 204.1 206.6 208.6 210.5 211.8 212.8 213.4 213.4 213.6 211.3 210.6 213 214 214.6 215 214.1 213.6 217.1 220.6 224.4 227.5 230.4 232.7 235.1 237.5 239.5
256.4 255.1 253.4 251.5 249 245.9 241.4 235.6 226.9 220.9 216.4 213.9 212.7 211.7 211.6 212.8 215.3 218.6 221.3 224.2 227 229 230.2 230.9 231 229.8 228 225.9 222.1 217.1 209.5 196.5 187.7 187.4 201.3 209.4 213.3 218.1 220.7 222.6 223.8 224.5 223.4 222 219.7 216.1 212.3 206.2 196.1 189.1 193.3 200.7 205.4 208.4 211.1 213.1 215.2 216.2 216.7 216.9 217.4 217.2 216.5 215.2 217.1 218.1 217.6 217.3 216.4 215.1 217.6 220.7 222.8 226.6 230 232.5 234.9 237.3 240
256 254.7 253.4 251.3 249.1 245.6 241.6 236.4 230.6 224.7 218.3 212.8 210 206.6 206.4 207.8 211.3 215.3 218.4 221.8 224.7 227 228.4 229.2 228.7 227.9 225.6 223.2 219.9 213.5 205.4 191.2 187.8 194 207 211.5 216.7 220.9 223.4 224.6 224.5 224.8 223.5 221.8 219 214.6 210.7 202.8 193.4 194.8 199.5 205.2 209.4 212.2 215.1 217.5 219.5 219.9 220.2 220.4 220.6 220.6 220.1 219.8 220.9 220.6 220.1 219.3 218.7 217.3 217.4 219.8 222.6 226.2 229.6 232 234.5 237 239.2
256 254.7 253.2 251.6 249.2 245.7 241.6 236.9 231.7 226 220.4 214.7 210.7 205.7 202.9 203.9 207.9 211.9 216 219.4 222.3 224.8 226.9 227.1 226.7 226 223.1 220.8 217.3 210.7 199.2 188.6 188.2 202.4 209.7 213.7 218.9 222.3 224.2 225.5 225.7 224.8 223.6 221.3 218.6 214.1 208.1 198.6 194.6 195.9 202.3 208.4 212.4 215.7 219 220.7 222.1 223 223.3 223.7 224 224.1 223.9 223.9 223.5 223 222.6 221.8 220.9 219.1 219 219.2 222.4 225.8 229.1 231.6 234.2 236.5 238.4
255.1 254.6 253 251.4 248.9 245.3 241.7 237.2 231.8 226.1 219.7 214.2 209.3 205 200.5 202 205.6 210 214.1 218.2 221.3 223.7 225.7 225.7 224.9 224 221.3 218.4 213.8 206.7 192.9 188 195 206 210.5 215.4 219.4 222.8 224.5 225.5 225.6 224.7 223.2 220.7 216.9 211.2 204.1 198.6 196.2 199.1 204.3 210.5 215.8 220 221.5 223.3 224.8 225.9 226.4 226.7 227 226.9 226.8 226.4 226 225.5 225 223.8 222.6 221.4 220.9 220.9 222.8 225.8 228.8 231.4 234.1 235.9 237.5
254.2 253.9 252.6 251 248.2 244.8 241.5 237.1 232.4 226.7 220.3 213.8 208.2 203.2 199.2 200 205.1 209.7 213.4 217.1 220.3 222.7 224.3 224.3 223.4 222.2 219.4 216.1 210.3 201.1 191.9 188.1 198.2 206.5 211.4 216.2 220.2 222.5 224.2 224.9 224.7 224.1 221.4 218.7 214.4 210 203.6 199.9 200.5 204.6 209.2 212.8 218.5 221.7 224.3 226 227.6 228.7 229.3 229.6 229.8 229.7 229 228.4 227.9 227.3 226.6 225.4 224.3 223.8 223.4 223.3 225 226.4 229.1 231.4 233.3 235 236.4
253.4 253 252.2 250.6 247.4 244.8 241.3 237.6 232.9 227.3 221.3 214.6 208.4 203.3 197.8 197.6 203.5 208.7 213 216.4 219.4 221.6 222.9 222.8 221.7 220.7 217.8 214.3 209.8 197.8 189.3 191.1 200.1 208.2 212.7 217.1 219.8 221.7 223.4 223.7 223.3 222.5 220.4 217.6 214.1 209.1 203.8 202 203.9 209.4 214.2 216.5 221.3 223.6 226.2 228.8 230 231.2 231.8 232.2 232.3 231.9 231.3 230.2 229.5 228.9 228.1 227 226.2 226.2 225.9 225.7 226.6 226.7 228.8 230.9 232.5 234 235.2
251.8 252.1 251.4 250.1 247.4 244.9 241.2 237.5 232.8 227.1 221.6 216.2 210.1 204.5 198.4 195.7 200.9 207.1 211.6 215.4 218.1 220.3 221.3 221.2 220.1 219.1 216 212.2 204.3 192.8 188.5 192.9 202.8 208.5 212.8 216.7 218.9 220.7 221.7 222 221.8 220.9 219.4 217.1 214.1 209.6 206.5 206.1 210.8 215 218.2 221 224.1 226.3 228.5 230.8 232 233.1 233.8 234.2 234.1 234 233.6 232.6 231.6 230.6 229.8 229 228.4 228.4 228.1 228.2 228 227.5 228.6 230.4 231.8 232.8 234
250.4 250.8 250.4 249.8 247.5 245 241.5 237.9 233.4 228.9 223.2 217.5 212.1 205.2 199.3 194.6 197.6 205.5 210.2 214.1 216.4 218.6 219.8 219.5 218.5 216.9 214.2 211.2 205.6 190.5 188.1 194.6 203.2 206.9 211.8 215.4 217.7 219 219.5 219.6 219.5 219.6 218.4 216.6 214.4 212.1 210.8 212.2 216.7 220 222.8 225.3 227.4 229.5 231.6 232.8 233.8 234.4 235 235.5 235.6 235.6 234.7 233.7 232.8 231.8 231.1 230.9 230.4 229.8 229.1 228.5 228.4 228.4 228.9 229.6 230.7 231.7 232.7
248.3 248.8 249.8 249.4 247.5 245.1 241.6 238.4 234.8 229.9 223.8 217.9 212.8 207.2 199.9 194.2 194.9 202.8 208.4 212.8 215 217.1 218.1 217.4 216.5 214.6 211.6 209.1 204.6 190 189.5 194.8 200.8 205.3 209.7 212.9 215.5 216.9 217.2 217 217.1 217.6 217.7 217.8 217.2 216.8 217.3 218.5 221.9 224.6 227.1 229.2 230.9 231.9 232.8 233.7 234.5 235.2 235.8 236 236.5 236.3 235.6 234.7 233.7 232.6 231.7 231.4 230.4 229.7 228.9 228 227.2 227.8 228.4 228.7 229.6 230.6 231.1
246.1 247.9 249.3 248.9 247.1 245 241.6 238.3 234.7 230.1 224.3 218.3 212.8 207 200.8 194.9 190.9 198.9 206.8 210.8 213.4 215.5 216.5 215.4 214.3 212.1 209.1 205.3 201.8 191 190.4 193.1 198.3 202 205.8 209.5 212.4 213.5 213.8 214 214.9 215.6 217.6 218 220.2 220.3 222.4 223.9 226.1 228.8 230.5 231.7 233.1 233.7 234 234.4 235.2 235.6 235.7 235.8 236 236.1 235.8 234 233 231.9 231.1 230.9 230.2 229.2 228 226.8 226.2 226.9 227.7 228.1 228.5 229.4 229.4
245.2 247.2 248.8 248.6 246.9 244.4 241.1 237.9 233.8 229.6 224.5 218.2 212.4 206.7 201.2 195.7 190.1 195.2 203.5 208.7 211.9 214.1 215.2 214.1 212.2 209.5 206.6 202.4 197.1 189.6 189.5 192 192.4 195.8 200.9 204.9 207.5 209.2 208.8 209.7 212 215 217.4 220.3 222.2 224.6 226.4 227.9 229.8 232 233.3 234.5 235.3 235.3 235.6 235.9 235.5 235.3 235.4 235.5 235.6 235.5 234.9 233.6 232.3 231.3 230.6 229.8 228.8 227.8 226.8 225.6 224.9 225.7 226.6 227.3 227.5 227.7 227.6
245.1 246.8 248.2 248.1 246.5 243.9 240.6 236.9 233.1 228.9 223.5 217.8 212.3 206.2 201.3 196 189.9 192.6 201.8 207.7 211.7 213.3 213.6 211.9 209.8 206.8 203.8 196.9 191.7 188.3 188.9 191.7 196.6 197.3 198.5 199.4 201.8 205.5 207.7 208.7 211.4 215.1 218.5 222 224.9 227.1 229.4 231.7 233.5 235 236 236.6 237 236.3 236.5 236.3 235.2 234.9 235 235.1 234.3 234.2 233.7 232.8 231.6 230.6 229.2 228.1 227.2 226.3 225.4 224.4 223.8 224.5 225.6 226.5 226.5 226.6 225.5
244.4 246.1 247.2 247.5 245.9 243.4 240 236.4 232.3 228.3 223.1 217.4 212.2 206.3 201.5 196.2 188.4 191.1 201.6 207.8 211.5 211.7 211.7 209.6 207 202.9 197.6 191 187.6 187.4 188.2 193.7 198.9 200.7 202.4 203.6 206.3 208.3 209.9 210 211.4 215.8 220.1 223.7 227.1 230 232.4 235 236.1 236.8 237.3 237.9 237.8 237.6 237.2 236.2 234.9 234.4 234.5 233.6 232.2 232.5 231.7 230.7 229.8 228.7 227.4 226.2 225.3 224.4 223.5 222.4 222.2 223.4 224.5 225.3 225.4 225 223.6
243.6 245.4 246.2 246.5 245.2 242.8 239.4 235.9 231.8 227.4 222.6 217.8 212.5 207 201.3 195.1 186.1 191.9 199.8 206.8 209.8 210.1 209.3 207.2 204.3 199.2 190.3 187.1 186.5 186.8 189.9 198.9 202.8 204.4 205.6 207.9 210 211.5 212.8 212.7 212.3 217.2 221.3 225.4 228.8 232.3 235.2 236.9 238 238.6 238.8 238.9 238.5 237.9 236.9 236 234.6 234 232.9 231.2 230.4 229.6 229 228.3 227.4 226.3 225.4 224.3 223.3 222.2 221.1 220.2 220.3 221.6 223 223.8 223.7 223.6 221.8
242.7 244.7 245.7 245 244 241.9 238.6 235.3 231.2 227 222.4 217.9 212.6 206.5 200.4 194.8 186.4 189.3 196.4 204.2 208.1 207.7 205.4 203.1 197.7 188.8 185.8 185 187 188.7 200.3 204.7 206.9 207.8 209.2 210.7 212.8 214.3 215.7 215.9 215.5 217.7 222.2 226.7 230.5 233.9 236.5 238 238.8 239.4 239.7 239.5 238.6 237.6 236.6 235.7 234.1 232.2 230.5 228.8 227.8 226.9 226.3 225.7 224.9 223.9 222.9 221 219.8 218.7 217.5 216.8 218 219.4 220.7 222.3 222 221.8 220.5
241.7 243.6 244.3 243.4 242.5 240.6 237.6 234.3 230.7 226.6 222.1 217.4 212.2 205.9 199.2 193 185.6 185.5 191.4 196.6 201.4 203.1 200.4 196.8 186.8 184.1 184 184.3 187.5 199.6 206.1 209.1 210.5 211.9 212.7 214.3 215.8 217.3 218.6 219 218.5 218.2 222.9 227.4 231.6 234.8 237.3 238.6 239.5 240.1 239.9 239.5 238.3 237.2 236.3 234.7 232.5 230.7 228.6 226.4 224.7 224.1 223.5 222.8 222.2 220.7 218.8 217.5 216.3 215.1 213.9 213.1 215.6 217 218.7 220.5 220.7 220.4 220
240.6 242.6 242.7 241.8 240.8 239.3 236.8 233.3 229.7 226.1 221.7 217 211.6 204.5 197.3 190.2 182.9 182.4 185.9 189.6 192.2 194.4 191.1 182.5 183.1 184.9 184.2 185.4 198 206.9 210.4 212.8 214.9 215.9 216.7 217.8 219.2 220.6 221.2 221.6 221.5 220.7 223.5 228 232.4 235.1 237.5 239.1 240 240.3 240.1 239.5 238.3 236.9 235.6 233.2 230.9 228.5 226 223.4 220.7 220.6 220 219.7 219.1 217.7 215.9 213.6 212.8 211.2 209.4 210.2 213.2 215 216.8 218.6 219.5 219.7 219.6
239.6 240.9 241 240.2 239.2 237.8 235.4 232.5 229.1 225.5 221.5 216.1 209.6 202.5 194.2 187.1 180.6 182 182.2 182.7 183.3 182.5 181.5 182 182.4 184.9 186.1 193.8 206.3 210.7 213.6 216.4 218.5 219.2 220 221.1 222.4 223.6 224.2 224.6 224.5 223.8 224.1 228.6 232.5 235 237.6 239.2 240.3 240.6 240.2 239.3 238.6 237.2 235 232.4 229.9 226.5 223.2 220.2 217.4 216 216.1 216.2 215.3 214.9 213.1 211.2 208.7 206.5 204.3 207.9 210.5 212.7 214.9 216.9 218.2 218.7 218.5
238.1 238.9 239.1 238.7 237.5 236.2 233.8 231.1 228 224.6 221 216.3 211.3 202.4 188.7 184.3 180 179.1 179.1 179.2 179.6 181.5 184.4 185.6 188.4 191.6 196.4 206.7 212.1 215.1 217.5 219.7 221.3 222 222.5 224 225.4 226.3 227.1 227.4 227.5 227 226.8 228.4 232.2 234.9 237.7 239.2 240.4 240.9 240.2 239.5 238.9 237.6 235.2 232.3 229.7 226.3 223.5 220.8 217.2 214 212.5 212.6 212.7 212 210 208.2 205.7 203.1 200.9 205.2 207.7 209.9 212.1 214.2 216.2 216.9 216.9
236.4 237 237.2 236.7 235.7 234.4 232.2 229.4 226.9 223.9 220.9 217.3 211.7 202.3 189.4 178.5 177.9 177.6 178.7 182.3 190.6 201.2 205.2 205.5 205.6 206.6 204.6 211.9 216.1 218.4 221 223 224 224.7 225.2 226.3 227.7 228.8 229.4 229.7 229.9 230 230.3 230.7 231.8 234.8 237.7 239.3 240.5 241.1 240.4 239.8 239.2 238 235.5 232.5 229.6 226.9 224.1 221 217.8 215 212.1 209.5 207.3 208.2 206.9 205.7 203 199.6 198.6 201.1 204.3 206.3 207.9 210 212.8 213.7 214
