app/static/ascii/SN25.asc
ncols 200
nrows 200
xllcorner 220000
yllcorner 250000
cellsize 50
[rows 152 to 189 of 200, columns 84 to 167 of 200]
126.9 125.8 126.2 128.1 129.4 130.2 129.8 127.8 124.3 121.1 115.7 111.2 107 101.8 89.8 73.9 45.1 22.8 -1.2 -1.2 -1.2 -1.2 -1.2 -1.2 -1.2 -1.2 -1.2 -1.2 -1.2 -1.2 -1.2 -1.2 -1.2 -1.2 -1.2 -1.2 -1.2 -1.2 -1.2 -1.2 -1.2 -1.2 -1.2 -1.2 -1.2 -1.2 -1.2 -1.2 -1.2 -1.2 -1.2 -1.2 -1.2 -1.2 -1.2 -1.2 -1.2 -1.2 -1.2 -1.2 -1.2 -1.2 -1.2 -1.2 -1.2 -1.2 -1.2 -1.2 -1.2 -1.2 -1.2 -1.2 -1.2 -1.2 -1.2 -1.2 -1.2 -1.2 -1.2 -1.2 -1.2 -1.2 -1.2 -1.2
130.2 128.6 129.1 130.9 130.6 130.9 131.6 129.4 125.1 123.4 116.8 112.8 109.3 102.5 90.7 61.8 39.6 17.1 -1.2 -1.2 -1.2 -1.2 -1.2 -1.2 -1.2 -1.2 -1.2 -1.2 -1.2 -1.2 -1.2 -1.2 -1.2 -1.2 -1.2 -1.2 -1.2 -1.2 -1.2 -1.2 -1.2 -1.2 -1.2 -1.2 -1.2 -1.2 -1.2 -1.2 -1.2 -1.2 -1.2 -1.2 -1.2 -1.2 -1.2 -1.2 -1.2 -1.2 -1.2 -1.2 -1.2 -1.2 -1.2 -1.2 -1.2 -1.2 -1.2 -1.2 -1.2 -1.2 -1.2 -1.2 -1.2 -1.2 -1.2 -1.2 -1.2 -1.2 -1.2 -1.2 -1.2 -1.2 -1.2 -1.2
130.9 131 132.2 133.2 133.4 132.9 132.2 130.5 128.1 122.7 117.4 112.8 108.6 99.7 85.4 58.7 22.4 -1.2 -1.2 -1.2 -1.2 -1.2 -1.2 -1.2 -1.2 -1.2 -1.2 -1.2 -1.2 -1.2 -1.2 -1.2 -1.2 -1.2 -1.2 -1.2 -1.2 -1.2 -1.2 -1.2 -1.2 -1.2 -1.2 -1.2 -1.2 -1.2 -1.2 -1.2 -1.2 -1.2 -1.2 -1.2 -1.2 -1.2 -1.2 -1.2 -1.2 -1.2 -1.2 -1.2 -1.2 -1.2 -1.2 -1.2 -1.2 -1.2 -1.2 -1.2 -1.2 -1.2 -1.2 -1.2 -1.2 -1.2 -1.2 -1.2 -1.2 -1.2 -1.2 -1.2 -1.2 -1.2 -1.2 -1.2
131.7 132.5 133.9 134.9 135.1 134.1 131.5 130 126.2 121.6 116.7 113 107.1 96.5 76 51 6.8 -1.2 -1.2 -1.2 -1.2 -1.2 -1.2 -1.2 -1.2 -1.2 -1.2 -1.2 -1.2 -1.2 -1.2 -1.2 -1.2 -1.2 -1.2 -1.2 -1.2 -1.2 -1.2 -1.2 -1.2 -1.2 -1.2 -1.2 -1.2 -1.2 -1.2 -1.2 -1.2 -1.2 -1.2 -1.2 -1.2 -1.2 -1.2 -1.2 -1.2 -1.2 -1.2 -1.2 -1.2 -1.2 -1.2 -1.2 -1.2 -1.2 -1.2 -1.2 -1.2 -1.2 -1.2 -1.2 -1.2 -1.2 -1.2 -1.2 -1.2 -1.2 -1.2 -1.2 -1.2 -1.2 -1.2 -1.2
132.6 133.1 134.2 135.1 134.7 133.4 130.7 127.7 123.9 119.9 116.3 112.5 106.1 86.9 74.7 51.4 27.3 1.6 -1.2 -1.2 -1.2 -1.2 -1.2 -1.2 -1.2 -1.2 -1.2 -1.2 -1.2 -1.2 -1.2 -1.2 -1.2 -1.2 -1.2 -1.2 -1.2 -1.2 -1.2 -1.2 -1.2 -1.2 -1.2 -1.2 -1.2 -1.2 -1.2 -1.2 -1.2 -1.2 -1.2 -1.2 -1.2 -1.2 -1.2 -1.2 -1.2 -1.2 -1.2 -1.2 -1.2 -1.2 -1.2 -1.2 -1.2 -1.2 -1.2 -1.2 -1.2 -1.2 -1.2 -1.2 -1.2 -1.2 -1.2 -1.2 -1.2 -1.2 -1.2 -1.2 -1.2 -1.2 -1.2 -1.2
132.1 133.4 133.6 134.2 133.6 131.8 128.7 129.8 123 119.2 115.5 111.1 105.4 97.1 86.8 61.9 42.6 13.6 7.7 -1.2 -1.2 -1.2 -1.2 -1.2 -1.2 -1.2 -1.2 -1.2 -1.2 -1.2 -1.2 -1.2 -1.2 -1.2 -1.2 -1.2 -1.2 -1.2 -1.2 -1.2 -1.2 -1.2 -1.2 -1.2 -1.2 -1.2 -1.2 -1.2 -1.2 -1.2 -1.2 -1.2 -1.2 -1.2 -1.2 -1.2 -1.2 -1.2 -1.2 -1.2 -1.2 -1.2 -1.2 -1.2 -1.2 -1.2 -1.2 -1.2 -1.2 -1.2 -1.2 -1.2 -1.2 -1.2 -1.2 -1.2 -1.2 -1.2 -1.2 -1.2 -1.2 -1.2 -1.2 -1.2
130.6 130.9 132 133.3 132.8 131.2 127.5 125.1 121.9 118.8 115.7 112 107.2 102.6 95.2 83.3 68.8 48 25.9 -1.2 -1.2 -1.2 -1.2 -1.2 -1.2 -1.2 -1.2 -1.2 -1.2 -1.2 -1.2 -1.2 -1.2 -1.2 -1.2 -1.2 -1.2 -1.2 -1.2 -1.2 -1.2 -1.2 -1.2 -1.2 -1.2 -1.2 -1.2 -1.2 -1.2 -1.2 -1.2 -1.2 -1.2 -1.2 -1.2 -1.2 -1.2 -1.2 -1.2 -1.2 -1.2 -1.2 -1.2 -1.2 -1.2 -1.2 -1.2 -1.2 -1.2 -1.2 -1.2 -1.2 -1.2 -1.2 -1.2 -1.2 -1.2 -1.2 -1.2 -1.2 -1.2 -1.2 -1.2 -1.2
128.6 129.7 130.8 132 131.8 129.7 126.3 124.4 122.3 120.1 116.7 114.8 110.4 104 100.1 93.9 79.9 77.5 38.4 6.5 1.5 10.6 26.9 -1.2 -1.2 -1.2 -1.2 -1.2 -1.2 -1.2 -1.2 -1.2 -1.2 -1.2 -1.2 -1.2 -1.2 -1.2 -1.2 -1.2 -1.2 -1.2 -1.2 -1.2 -1.2 -1.2 -1.2 -1.2 -1.2 -1.2 -1.2 -1.2 -1.2 -1.2 -1.2 -1.2 -1.2 -1.2 -1.2 -1.2 -1.2 -1.2 -1.2 -1.2 -1.2 -1.2 -1.2 -1.2 -1.2 -1.2 -1.2 -1.2 -1.2 -1.2 -1.2 -1.2 -1.2 -1.2 -1.2 -1.2 -1.2 -1.2 -1.2 -1.2
127.3 128.4 129.6 130.2 129.8 127.7 125.8 123.7 122.6 121.6 119.6 117.1 112.1 108 104 100.3 95 88 80.9 70.8 52.2 58.2 48.6 42.9 36.5 29.3 22.1 -1.2 -1.2 -1.2 -1.2 -1.2 -1.2 -1.2 -1.2 -1.2 -1.2 -1.2 -1.2 -1.2 -1.2 -1.2 -1.2 -1.2 -1.2 -1.2 -1.2 -1.2 -1.2 -1.2 -1.2 -1.2 -1.2 -1.2 -1.2 -1.2 -1.2 -1.2 -1.2 -1.2 -1.2 -1.2 -1.2 -1.2 -1.2 -1.2 -1.2 -1.2 -1.2 -1.2 -1.2 -1.2 -1.2 -1.2 -1.2 -1.2 -1.2 -1.2 -1.2 -1.2 -1.2 -1.2 -1.2 -1.2
126 126.9 127.7 127.6 126.7 125.5 124.6 124.3 124 123.2 121 117.9 114 112.1 108.6 104.4 102 93.4 86.8 77.4 67.7 65.5 59.7 53.9 49 42.2 34 21.8 -1.2 -1.2 -1.2 -1.2 -1.2 -1.2 -1.2 -1.2 -1.2 -1.2 -1.2 -1.2 -1.2 -1.2 -1.2 -1.2 -1.2 -1.2 -1.2 -1.2 -1.2 -1.2 -1.2 -1.2 -1.2 -1.2 -1.2 -1.2 -1.2 -1.2 -1.2 -1.2 -1.2 -1.2 -1.2 -1.2 -1.2 -1.2 -1.2 -1.2 -1.2 -1.2 -1.2 -1.2 -1.2 -1.2 -1.2 -1.2 -1.2 -1.2 -1.2 -1.2 -1.2 -1.2 -1.2 1.4
124.2 125.1 125.1 124.8 124.1 124.2 123.4 123.1 123 123.1 122.6 120.4 117.4 115.5 113.3 110.9 105.1 96.8 92.1 82.8 77.1 71.4 67.1 62.6 58.6 52.7 45.4 31 14.1 -1.2 -1.2 -1.2 -1.2 -1.2 -1.2 -1.2 -1.2 -1.2 -1.2 -1.2 -1.2 -1.2 -1.2 -1.2 -1.2 -1.2 -1.2 -1.2 -1.2 -1.2 -1.2 -1.2 -1.2 -1.2 -1.2 -1.2 -1.2 -1.2 -1.2 -1.2 -1.2 -1.2 -1.2 -1.2 -1.2 -1.2 -1.2 -1.2 -1.2 -1.2 -1.2 -1.2 -1.2 -1.2 -1.2 -1.2 -1.2 -1.2 -1.2 -1.2 1.3 13.1 40.5 57.2
122.4 122.7 122.7 122.7 122.8 122.9 122.3 122.2 122.2 122.3 122.2 121.7 120.7 118.8 116.3 112.5 106 99.2 91.3 87.1 82.8 78.4 73.9 69.3 65.4 59.6 52 38.5 19.8 -1.2 -1.2 -1.2 -1.2 -1.2 -1.2 -1.2 -1.2 -1.2 -1.2 -1.2 -1.2 -1.2 -1.2 -1.2 -1.2 -1.2 -1.2 -1.2 -1.2 -1.2 -1.2 -1.2 -1.2 -1.2 -1.2 -1.2 -1.2 -1.2 -1.2 -1.2 -1.2 -1.2 -1.2 -1.2 -1.2 -1.2 -1.2 -1.2 -1.2 -1.2 -1.2 -1.2 -1.2 -1.2 -1.2 -1.2 -1.2 -0.2 0.5 1.6 45.4 66 88.7 102.5
120.6 121.4 121.3 121.3 121.5 121.6 121.3 121.4 121.5 121.5 121.8 121.4 121.5 118.4 115 110.7 106.2 99.9 94.9 90.1 87.3 84 78.9 74.6 70.1 62.8 55.3 44 26.9 -1.2 -1.2 -1.2 -1.2 -1.2 -1.2 -1.2 -1.2 -1.2 -1.2 -1.2 -1.2 -1.2 -1.2 -1.2 -1.2 -1.2 -1.2 -1.2 -1.2 -1.2 -1.2 -1.2 -1.2 -1.2 -1.2 -1.2 -1.2 -1.2 -1.2 -1.2 -1.2 -1.2 -1.2 -1.2 -1.2 -1.2 -1.2 -1.2 -1.2 -1.2 -1.2 -1.2 -1.2 -1.2 -1.2 -1.2 1.5 1.2 28.2 61.4 89.8 106.6 114.5 124.1
118.7 119.5 119.9 119.9 120.1 119.7 120.6 120.7 120.7 120.8 121.1 120.1 117.9 115 111.6 106.8 103.8 100.3 95.8 91.4 90.7 87.4 82.2 76.2 72 65.4 56.5 46 30.7 18 -1.2 -1.2 -1.2 -1.2 -1.2 -1.2 -1.2 -1.2 -1.2 -1.2 -1.2 -1.2 -1.2 -1.2 -1.2 -1.2 -1.2 -1.2 -1.2 -1.2 -1.2 -1.2 -1.2 -1.2 -1.2 -1.2 -1.2 -1.2 -1.2 -1.2 -1.2 -1.2 -1.2 -1.2 -1.2 -1.2 -1.2 -1.2 -1.2 -1.2 -1.2 -1.2 -1.2 -1.2 -1.2 1.2 23.4 55.5 72.3 90.5 113.1 121 128.4 135.6
116.5 117.1 117.7 117.3 116.8 117.7 119 119.6 119.3 118.7 117.3 117.9 116.2 113.1 109.3 104.3 102.9 100.6 97.1 92.7 90.6 87.2 81.6 76.2 71.4 66 58.6 48.8 32.2 21 0.9 -1.2 -1.2 -1.2 -1.2 -1.2 -1.2 -1.2 -1.2 -1.2 -1.2 -1.2 -1.2 -1.2 -1.2 -1.2 -1.2 -1.2 -1.2 -1.2 -1.2 -1.2 -1.2 -1.2 -1.2 -1.2 -1.2 -1.2 -1.2 -1.2 -1.2 -1.2 -1.2 -1.2 -1.2 -1.2 -1.2 -1.2 -1.2 -1.2 -1.2 -1.2 -1.2 1.1 -1.2 17.6 53.3 70.2 83.3 108.4 129.1 134.7 139.5 140.3
113.7 114.3 114.6 114.7 115.2 116.8 116.5 116.3 116 115.6 114.9 114.3 112.5 109.7 107 103.3 101.1 100 96.6 91.9 89.5 85.8 80 74.8 70.2 66.5 58.9 48 30 18.8 0.8 -1.2 -1.2 -1.2 -1.2 11.2 17.2 18.1 -1.2 -1.2 -1.2 -1.2 -1.2 -1.2 -1.2 -1.2 -1.2 -1.2 -1.2 -1.2 -1.2 -1.2 -1.2 -1.2 -1.2 -1.2 -1.2 -1.2 -1.2 -1.2 -1.2 -1.2 -1.2 -1.2 -1.2 -1.2 -1.2 -1.2 -1.2 -1.2 -1.2 -0.1 0.7 3.2 30 29.3 31.1 70.1 90.3 125.9 136.6 139.3 141.4 139.1
109.8 111.7 112.1 113.1 114.1 115 115.7 115.7 114.4 113.5 113.1 112.3 111.4 108.1 105.6 102.5 99.3 94.1 91.2 89.3 87.6 83.9 77.6 71 65.4 61.2 54.1 37.2 17.5 12.4 2.4 1 1 0.8 -1.2 -1.2 18.2 18 24 21.4 22.9 9.8 -1.2 -1.2 -1.2 -1.2 -1.2 -0.7 -1.2 -1.2 -1.2 -1.2 -1.2 -1.2 -1.2 0.5 -1.2 -1.2 -1.2 -1.2 -1.2 -1.2 -1.2 -1.2 -1.2 -1.2 -1.2 -1.2 -1.2 -0.1 0.3 0.9 1.6 10.4 29.2 38.9 32.3 55 93.1 129.1 135.6 137.4 136.7 135.5
111.8 112.2 112.1 113.8 114 114.6 115.4 114.9 113.7 113 112.1 110 109.9 107.8 103.8 100.6 96.2 86.9 80.9 78.4 80.8 78.8 72.6 64.8 56.8 49.4 42.6 24.7 16.1 7.1 12.5 13 13.8 1.5 -0.1 -1.2 19.8 21.6 26.3 28.2 25.8 23.7 22 20.4 1.7 -1.2 1.7 19.2 -1.2 24.1 25.7 28.3 29.5 29.1 26.8 12.9 -1.2 -1.2 27.8 24.9 33.8 36.1 38.2 29.3 1.7 1.7 1.3 1.6 1.5 1.3 1.4 4.3 10.3 16.1 23.7 41.6 36.8 49.4 85.5 120.9 132.7 133.7 132.5 131.8
114.1 114.4 114.1 114.1 113.9 115.3 115.8 115.2 113.8 113.6 113.4 111.1 105.6 101.4 99.3 87.6 74.3 69.8 62.5 66.3 63.7 65.9 68.9 61.1 50.3 40.8 31.9 25.4 13.9 18.4 16.4 19.5 18.3 0.7 -0.8 -1.2 16.3 26.1 27.8 29.9 29 27.4 25.1 24.2 23.3 22.2 19.6 25.1 22.7 28.7 32.3 35.5 36.7 35.9 35.1 35 31.8 30.1 28.3 34.6 38.9 42.5 44.2 46.9 49.7 50.3 49.4 48.9 49.2 34.4 24.1 13.1 17.4 23.6 29 36.4 34.4 48.6 75.5 107.1 125 130.3 128.6 128.2
115.3 115.6 115.6 115.9 116.3 116.6 115.9 114.8 115.6 114.7 113.5 111.5 109.3 106.4 104 99.4 96.3 89.7 76.5 57.8 59.3 56.7 56.2 60.3 50.8 39.3 30.4 22.2 20.7 22 22.8 24 12.9 -0.3 2.4 -1.2 16.6 26.9 28.6 30.4 31.2 30.6 29.1 28.3 27.3 26.9 26.4 26 23.3 29.9 35.2 41.6 43.4 43 41.7 40.6 38.8 39.3 39.1 37 41.1 46.5 50.4 54.3 57.2 57.3 56.1 54.9 53.4 51.9 36.8 27.5 29.9 32.6 36.8 41.5 40.1 46.9 63.5 88.5 113.5 122.3 124.3 124.2
116.7 116.9 117.1 117.5 117.6 117.9 117.6 117.1 116.7 116.1 114.7 112 109.9 108.6 106 102.5 98.3 92.4 84.6 69.3 58.3 53.4 46.5 47 41.8 33.3 21.7 26 31.1 30.1 28.9 23 6.6 8.4 12.9 15.2 22.4 28.5 30.3 31.4 33.2 34 33.5 33.3 32.7 32.4 32 31.9 29.2 30.2 36.3 41.7 45 45.7 46.6 45.9 44.9 44.3 45.7 44.7 45.8 46.5 53.8 58.6 62 62.9 61.8 60.8 58.7 58.7 53.9 41.5 43.9 46.3 50.9 45 41.3 45.4 54.3 70 91.8 108.9 117.7 114
118.6 118.7 119.3 119.4 119.8 120.1 120.1 119.8 118.6 118.2 116.7 114.7 112.7 110.8 107.8 104.6 100 94.2 84.6 72.7 62.4 54.5 49.9 45.8 43.4 34.6 26.8 35.3 36.2 35 31.4 18.2 11.7 14 17.2 23.1 27.7 30.9 31.8 33.2 35 36.2 37.8 37.6 37.9 38.1 37.6 37.3 35.1 34.2 36 42.8 47.2 48 49.7 50.1 49.9 49.8 50.5 50.6 52.2 55.2 56.6 60.2 63.8 65.7 66.1 65.4 64.9 63.4 62.4 59 58.9 56.8 53.4 50.8 41.3 46.3 52.5 59.1 72.3 89 104.1 104
120.4 121.4 122.1 122.7 123.3 123.1 123.2 122.8 121.6 120.9 118.9 117.3 115.4 112.3 109.1 106.4 101.5 96.2 88.9 83.4 75.3 67 52.1 47.4 39.8 37.7 40.7 39.8 41.8 38.6 33.9 17.9 7.8 14.9 18.4 24.9 29.1 32.6 33.9 34.5 36.7 38.5 40.1 41.5 42.2 43 42.4 41.9 41.3 40.1 41.3 41.2 46.1 47.1 51.1 52.5 53.1 53.4 54.7 56.4 58.2 60.7 62.1 64.1 67.4 68.2 69.2 70 69.9 68.7 67.3 67.2 63.4 61.7 57.9 54.6 49.5 46.9 51.8 57.1 62.7 72.9 83.9 92.1
123.2 124.4 125 125.6 126 126.2 126.2 125.7 124.6 123.1 121.6 119.9 117.5 114.2 110.6 107.4 103.3 98 93 87.4 78 63.9 53.7 45.4 49.2 47.2 44.4 45.7 45.6 41 34.7 21.8 10.7 13.6 21.6 25.7 29.9 33.1 35.3 36.9 39 41.3 43 44.9 46 46.7 46.5 45.7 44.9 43 44.9 45.6 45.7 48.8 50.8 53.5 55.8 57.1 59.2 62 63.8 66 68.3 68.6 70.2 72.2 74.3 75.5 76.8 76.7 76.7 75.4 73 71 69.5 58.8 54 45.4 51.5 56.4 61.8 69 80.2 96
125.8 127.2 127.8 128.3 128.7 129 128.5 127.4 126.7 125.4 123.8 122.3 119.2 115.8 112.1 108.4 104.5 99.7 94 87.2 74.1 59.6 54.4 51.7 52.7 51.2 50.7 51.4 48.2 45 36.9 23 11.4 16.4 23.1 26.9 30.8 34.6 37.6 38.6 41.2 43.7 46 48 49.5 50.3 50.7 50 49.2 48.4 47.8 48 49.1 51.2 52.4 54.6 57 60.7 62.9 67.6 69.6 72.1 74.8 75.3 75.7 78.3 81.5 84.5 86 86.6 86.4 84.7 83.7 82.6 81.3 78.5 59.9 54.6 48.8 55.9 59.4 69.7 90 105.4
128.5 129.6 130.3 130.8 131.3 131.5 130 129 128.3 127.5 125.9 123.8 120.7 117.1 113.7 110 105.6 100.9 94.2 80.6 65.2 58.8 51.7 59 57.6 54.5 53.5 54.3 51.8 45 31.5 21.8 12.6 18.1 23.6 28.9 32.1 36.1 39 41.6 43.8 46.3 49 51.1 53 53.8 54.2 54.4 53.4 52.5 51.2 51.3 52.2 53.1 54.6 56.5 59.1 62.4 65.9 72 75.8 78.8 81.6 82.6 83.1 86.3 90.7 93.6 96 97.8 97.7 95.8 94.2 91.9 89.7 86.2 83.3 64.5 57.8 52.2 58.6 64.4 72.3 83.6
131 131.9 132.8 133.3 133.8 133.2 131.7 130.4 129.7 129.2 128 125.3 121.8 118.2 114.6 111.3 107.7 101.7 93.1 83.7 71.7 58.8 70 67.3 62.1 61.1 59.7 57.5 53.9 45.5 27.8 22.1 16.7 17.9 25.1 30.1 33.5 37.5 41 43.3 46.5 47 52 53.8 55.5 56.5 57.1 58.1 57.6 56.5 55.2 54.4 55 55.1 58.1 60.3 62.7 65.4 68.6 75.9 81.3 85.4 87.9 90 91.6 95.1 98.4 101.8 105.9 107.8 107.7 107.5 107.3 103 99.3 94.8 88.2 78.1 65.4 54 60.4 66.2 66.5 74.4
133.3 134.3 135 135.2 135.5 134.8 133.5 132.2 131 130.5 129.2 126.2 122.9 119.2 115.6 112.1 107.9 102.1 94.5 86.5 78.9 77.7 76.3 73 70.3 67.1 64.6 59.5 54.4 43.5 26.1 21.7 19.6 15.1 24.4 30.5 35.5 38.8 42.3 45.9 49.4 51.5 54.8 56.5 58 59.4 60.7 61.7 61.7 60.6 59.7 59.3 58.6 58.2 62 64.2 66.4 68.5 72.6 79.8 86 90.5 94.1 96.6 99 101.1 105.3 109.2 112.2 114.2 115.3 115.3 115 112 111 103.3 91.7 85.5 71.4 59.2 60.9 69 72.9 75.2
135.7 136 137 137.2 137.3 136.5 135.2 133.9 132.7 131.8 130.3 127.3 123.8 120.2 116.6 112.9 108.2 103.5 98 92.3 87.3 83.9 82.1 78.6 77.5 73.8 71.2 64.3 55.5 42.6 26.4 24.4 22.8 19.6 21.7 30.2 35.6 41.1 44.5 48.1 51.9 54.7 56.9 58.7 59.9 61.7 63.9 64.8 65.8 65.4 64.8 65 64.4 63.4 63.2 68 71.6 72 75.9 83.7 90.9 95.5 98.7 101.5 104.4 106.1 109.8 113.5 116.4 118 118.2 118.5 118.6 117 112.6 106.9 95.2 88.1 85 63.9 61.5 69.1 75.5 80.3
137.7 138.1 139.1 138.9 138.7 137.8 136.6 135.4 134.2 133 131.3 128.7 124.9 121.4 117.7 114.1 110.2 106.1 102.6 98.2 93.7 89.7 86.8 84.4 86.1 85 78.3 67.4 55.4 39.7 28.6 27.4 29.6 23.9 17.8 29.9 35.3 41 46.3 50 53.1 57.6 58.8 60.5 61.8 64.8 67.2 68.1 69 70 70.3 70.5 70.3 69.3 68.3 70.5 76.8 80.3 83.9 90.3 96.5 99.7 102.8 106.6 109.1 110.9 114 117.2 119.2 120.4 120.5 120.5 120.1 118.9 116 107.3 98.1 99.4 98.5 69.3 64 72.7 83.8 89.4
139.6 139.8 140.7 140.4 140 138.9 137.7 136.5 135.2 134.3 132.1 129.4 126.3 123 119.4 115.6 112.2 110.5 107 103.2 98.4 94.3 91.7 91.3 91.2 90 80.2 67.7 51.9 34.6 30.7 32 34.3 29.2 22.1 31.2 34.5 39.1 44.1 51.8 56.9 60.5 62.3 62.5 64.8 67.8 70.4 71.4 72.7 74 75.7 75.9 75.7 75.6 75 72.4 80.6 86 90.3 96.1 100.7 104.7 108.4 111.6 113.8 115.2 117.5 120.4 121.5 122.2 121.7 121.5 121 120.3 117.9 112.2 102.4 102.6 98.3 76.1 65.8 74.1 86.7 92
141.6 141.6 141.6 141.8 141.3 140 138.8 137.5 136.3 135.5 132.9 130.1 127.7 124.4 121 117.4 114.3 111.9 109.1 104.8 102.9 98.6 96.5 94.2 92.6 89 78.8 61 43.2 34.1 33.7 37.6 38.8 23.6 24.5 30.5 33.9 37.2 41.9 50.7 57.5 61.7 63.7 65.4 67.5 70.2 73.9 75.4 76.8 77.9 79.1 81.2 81.2 82 82 81.3 79 89.6 95.8 100.1 104.2 109.6 113.3 116.2 117.9 119.4 120.9 123.2 123.4 123.2 121.4 121.2 120.5 120.5 119.6 113.4 104.1 105.4 100.9 74.5 66.5 75.6 88 95.3
143.5 143.4 143.1 143.1 142.2 141.2 139.8 138.5 137.5 135.5 133.2 130.8 128.9 125.3 122.2 119.2 115.9 112.7 109.8 108.5 108 104.8 100.9 96.7 91 82.7 66 47.4 37.2 38.1 38.5 44.2 36.8 23.4 26.9 28.5 30.7 34 38.2 48 57 60.9 63.6 67.1 70.6 73 76.5 78.7 80.4 81.7 82.9 84.7 86.6 88.2 88.3 88.4 88.1 88.5 98 103 107.8 112.9 115.9 118.7 121.4 122.9 123.3 123.2 121.5 120.6 120.5 120.5 120.1 120.6 119.9 113.2 106.5 108.3 93.7 71 69.3 79.5 88.4 96.8
145.5 145.3 144.7 144.2 143.2 142.4 141 139.5 137.8 136.2 133.7 131.5 129.3 126 123.1 120.4 116.6 112.6 109.9 108.5 110.4 108.3 102.9 95.7 87.8 70.7 50.3 42.7 41.8 41.3 50.1 50.2 34.5 26 29.4 29.8 31.4 32.1 36.8 44.2 54.8 61.6 64.8 68.5 72 75.5 78.9 81.6 83.6 85.2 86.6 89.6 91.3 93.3 93.9 94.5 95.4 95.5 99.3 104.7 110.4 113.8 116.8 119.6 122.2 123.5 121.1 121.8 121 120.7 120.6 120.5 119.8 119.4 119.5 113.3 107.8 108 89.4 73.3 71.5 80.5 87.5 96.1
147.5 147.5 147.4 145.8 144.6 143.5 142.1 140.3 138.5 136.8 134.4 132.2 129.7 126.8 123.6 119.3 114.2 108.7 102.9 105.1 105 105.8 101 92.3 79.1 59 45.5 46.2 45.6 52 56.6 54.3 34.1 28.4 28.4 32.9 33.1 33.7 36.7 40.8 50.8 59.9 66 69.9 73.4 76.9 80.4 84.2 86.8 88.6 90.8 93 94.5 96.3 97.8 98.7 100 99.3 102.3 105.5 110.6 114.5 116.8 118.4 119.1 118.9 119.8 122.1 123 123.7 123.8 123.5 121.8 119.9 119 112.4 108.7 102.2 82.3 74.9 72.6 80.1 87.3 94.4
149.3 149.7 148.8 147.6 146.4 144.6 142.7 140.9 139.1 137.3 135.3 133.3 129.7 126.3 122.4 117 113.5 106.5 93.4 86 83.4 90.9 91.3 83.4 68.1 52.7 49.8 49.6 53.3 61.7 61.3 55.8 35.9 30.2 29.3 34.9 36 35.8 37 39.9 47.7 58.5 64.9 71 74.6 78.8 82.9 85.5 88.8 91.5 93.4 94.8 96 97.4 100.4 102 103 104 105 108.1 109.7 112.6 115.8 116.7 118.1 119.1 120.8 124.5 125.5 126.4 127 126.3 124 121.2 119 112.8 106.4 93.5 79.8 74 75.4 80.7 86.6 93.7
150.7 150.3 149.6 148.8 147.2 145.2 143.2 141.4 139.3 137.7 135.7 133.2 131 128.1 123 120.4 116.9 106.2 103.7 91.1 79.3 75.1 73.8 67.4 56.7 53.5 53.4 57 67.2 67.3 63.7 56.4 41.3 31.3 32.3 37.2 39.4 39.6 38.8 40.7 44.8 56.4 65.8 72 76 79.9 83.2 85.7 88.3 93.2 95.2 96.3 96.9 98.1 100.9 104 105.7 107.2 107.2 110.8 114 115.3 115.7 117.6 120 121.4 123 124.4 125.3 128.7 130.4 129.1 125.3 122.2 118.6 113 105.3 85.1 78.2 78.1 78.6 80.6 85 92.2
151.7 150.9 150 148.4 146.8 145.3 143.6 141.5 139.3 138 136.2 134.6 131.8 129 124.4 121.3 116.6 110.8 108.4 103 84.7 74.7 68 62.7 60 61 66.4 71.5 72.8 70.9 66.2 59 45.2 34.1 31.3 38.1 43.6 42.6 41.5 42.1 45 53.8 65.7 71.8 76.3 79.7 82.2 82.8 83.2 92.9 93.5 96.1 96.8 98.3 101.2 104.8 107.1 108.7 110.7 112.8 115.5 115.5 116.8 119.6 122.6 124.5 125.7 127 127.5 126.9 127.7 127.8 125.2 122.4 117.5 110.3 96.5 84.2 83.5 87.1 88 83.3 84.8 90.1
