app/static/ascii/SN30.asc
ncols 200
nrows 200
xllcorner 230000
yllcorner 200000
cellsize 50
[rows 0 to 38 of 200, columns 89 to 177 of 200]
15.2 14.8 20.7 32.2 41.7 45.2 43.6 44.9 41.9 37.3 32.9 28.4 23.6 11.3 2 1.8 1.7 2.1 1.6 0.9 0.3 -0.5 -1.4 -2.2 -2.2 -2.2 -2.2 -2.2 -2.2 -2 -1.6 -1.1 -0.7 -0.2 0.2 0.6 1.1 1.5 1.9 2.8 5.7 13.6 22.3 37.8 63.2 73 78.1 79.9 82.5 84.8 87.2 89.9 92.1 93.9 94.8 96.1 97.6 99.5 100.6 101.2 100.7 99.8 97.6 94.5 91.2 87.3 81.2 74 67.1 62.6 54.2 62.6 72.2 79.6 83.5 87.2 91.2 95.2 97.7 100.2 102.6 104.6 106.5 108.6 110.1 110.7 110.7 110.6 111.5
30.1 22.6 11.1 17.8 28.3 26.9 21.5 12.7 6.5 6.6 2.8 2.5 2.1 1.9 1.5 1.2 0.9 0.8 1 0.3 -0.4 -1 -1.7 -2.2 -2.2 -2.2 -2.2 -2.2 -2.2 -2.2 -1.6 -1.2 -0.7 -0.3 0.1 0.5 1 1.4 1.9 2.3 5.8 15.9 21.2 44.2 65 75.1 81.4 85 87.8 90.1 93.4 95.4 97.2 98.7 99 99 99.5 98.9 99.8 100.4 100.5 100.3 97.9 94.6 91.3 87.3 83.1 76.1 70.1 63.9 55.4 55.2 65.2 75.6 80.8 84.7 89 93.1 96.2 98.7 101.2 103.5 105.5 107.6 109.4 109.4 109.4 109.4 110.4
43.9 36.6 21.9 10.3 6.9 2.3 2.3 2.2 2 1.9 1.8 1.7 1.7 1.4 1 0.7 0.3 0 0.1 -0.3 -1 -1.6 -2.2 -2.2 -2.2 -2.2 -2.2 -2.2 -2.2 -2.2 -1.7 -1.3 -0.8 -0.4 0 0.5 0.9 1.4 1.8 2.7 6.1 17.2 23.8 48.3 68.9 78.7 85.3 89.5 92.7 95.1 96.8 98.5 99.7 101 101.6 101.8 101.9 101.4 100.9 101.2 101.1 100.9 99.2 96.5 93.2 88.6 85.1 79.6 79.5 76.9 69.7 57.8 60.5 70.3 76.4 80.8 86.4 91.4 94.6 97.1 99.6 102.1 104.4 106.5 107.8 108.1 108.1 108.4 109.4
56.3 49.1 26 2.3 2.3 2.3 2.2 2 1.7 1.5 1.5 1.2 1.2 0.9 0.6 0.1 -0.2 -0.6 -0.9 -0.9 -1.6 -2.2 -2.2 -2.2 -2.2 -2.2 -2.2 -2.2 -2.2 -2.2 -1.8 -1.3 -0.9 -0.4 0 0.5 0.9 1.4 1.9 5 6.2 18.3 26.2 51.3 72 80.9 87 91.6 94.6 97.5 99.4 101.1 101.8 102.6 103.8 103.8 103.8 103.8 103.2 102.2 102 101.7 101 98.7 95.3 90.9 85.7 85.5 86.9 85.5 83.7 75 58.3 65 75.3 79.1 83.8 89.1 93.2 95.9 98.6 101.3 103.4 105.3 106.3 106.8 106.8 107.1 107.8
66.4 46.2 14.8 2.3 2.3 2.1 1.9 1.7 1.5 1.3 1.1 1 0.6 0.6 0.1 -0.3 -0.7 -1.1 -1.5 -2.2 -2.2 -2.2 -2.2 -2.2 -2.2 -2.2 -2.2 -2.2 -2.2 -2.2 -2.2 -1.4 -0.9 -0.4 0.1 0.6 1.1 1.6 2.1 7.5 6.2 21.9 30.4 53.6 70.1 79.2 86.9 92.3 96.1 98.7 99.8 100.8 101.5 102.4 103 103.5 103.6 103.6 104.5 103.7 103.1 102.5 102.2 102 98.1 94.5 90.8 92 92.7 91.9 88.7 83.1 62.1 62.1 77.7 80.9 85.6 88.4 91.8 94.5 97.4 100.2 102.5 104 105.2 105.5 104.8 105.2 105.9
64.9 36.4 2.3 2.3 2.1 1.8 1.6 1.4 1.2 1 0.8 0.6 0.4 0 -0.1 -0.6 -1.1 -1.6 -2.2 -2.2 -2.2 -2.2 -2.2 -2.2 -2.2 -2.2 -2.2 -2.2 -2.2 -2.2 -2.2 -1.5 -0.9 -0.4 0.2 0.7 1.3 1.8 2.3 8.9 6.3 23.3 32.4 52.9 69.3 79.3 85.8 91.4 94.5 97.6 99.2 100.2 101.1 101.7 102.2 102.7 103.2 103.7 104.1 104 102.9 102 101.9 104.1 102 98.9 97.6 98.4 98.5 98.2 93.7 88.4 72.4 62 67.4 78.4 84.5 87.3 90.1 93 95.6 98.7 101.4 102.8 103.7 103.9 102.9 103.1 103.7
57.6 24.8 2.2 2 1.8 1.6 1.3 1.1 0.9 0.7 0.5 0.3 0.2 -0.2 -0.6 -0.8 -1.4 -1.9 -2.2 -2.2 -2.2 -2.2 -2.2 -2.2 -2.2 -2.2 -2.2 -2.2 -2.2 -2.2 -2.2 -1.6 -1.1 -0.5 0.1 0.7 1.3 2 2.3 5.5 6.1 23.6 35 57.3 73.7 81.8 86.5 89.1 92.4 95.6 97.9 99.3 100.4 100.9 101.3 101.7 102.1 102.1 102.5 102.7 102 101.8 101.7 101.8 102.6 102.7 101.3 100.4 101.1 101.8 100.8 94.9 84.9 71.3 61.9 63.9 77.7 85.3 87.4 90.1 93.6 97.4 100.2 101.5 102.5 102.3 101.2 101 101.6
50 12.7 2 1.8 1.5 1.3 1.1 0.9 0.6 0.4 0.2 0 -0.2 -0.4 -0.8 -1.2 -1.6 -2.2 -2.2 -2.2 -2.2 -2.2 -2.2 -2.2 -2.2 -2.2 -2.2 -2.2 -2.2 -2.2 -2.2 -1.5 -0.8 -0.2 0.4 1 1.6 2.2 2.3 5.5 6.1 24.5 40.4 65.6 78.1 82.7 84.4 87.1 90.5 93.7 96.5 97.8 99 99.7 100.1 100.5 100.9 100.4 100.8 101.4 101.7 101.5 101.4 101.2 101.5 101.8 100.9 100.6 101.3 102.1 102.5 101.9 96 86.7 77 69 64 76.4 81.5 85.9 91.2 96.1 98.9 100.2 100.7 100 99.3 98.9 99.6
37.6 2.2 2 1.7 1.4 1.1 0.8 0.6 0.4 0.1 -0.1 -0.3 -0.5 -0.7 -1 -1.4 -1.8 -2.2 -2.2 -2.2 -2.2 -2.2 -2.2 -2.2 -2.2 -2.2 -2.2 -2.2 -2.2 -2.2 -2.2 -1.4 -0.7 0 0.7 1.3 1.9 2.3 8.3 5.6 6.5 29.4 52.4 70.3 78.6 82.8 82.4 85 88.6 92 94.5 96.1 97.2 98.5 98.9 99.4 99.4 98.8 99.6 100.6 101.4 101.2 101.1 100.8 100.8 101 100.6 100.8 101.5 102.2 102.4 102.3 100.8 95.7 91.1 83 76.2 68.8 74.7 80.9 89.4 93.4 96.1 98.2 98.2 97.5 96.8 97.3 97.7
19.5 2.1 1.8 1.6 1.3 1 0.7 0.4 0.2 -0.1 -0.3 -0.6 -0.8 -1 -1.1 -1.6 -2.2 -2.2 -2.2 -2.2 -2.2 -2.2 -2.2 -2.2 -2.2 -2.2 -2.2 -2.2 -2.2 -2.2 -2.2 -1.3 -0.6 0.1 0.8 1.5 2.2 2.3 6.1 6.3 17.1 37.2 56.1 66.6 73.9 78.8 76.9 81.5 85.3 88.8 91.9 93.5 95.3 97 97.7 98.3 97.8 97.1 98.3 99.4 100.6 100.9 100.3 99.7 100.1 100.5 100.7 101 101.6 102.1 102.4 102.3 101.7 100.3 97.2 92.9 89.9 83 71.4 77 84.8 91.3 93.6 95.7 95.6 94.9 94.9 95.4 95.9
2.2 1.9 1.7 1.4 1.2 0.9 0.6 0.4 0.1 -0.2 -0.5 -0.8 -1 -1.3 -1.5 -1.7 -2.2 -2.2 -2.2 -2.2 -2.2 -2.2 -2.2 -2.2 -2.2 -2.2 -2.2 -2.2 -2.2 -2.2 -2.2 -1.2 -0.5 0.2 1 1.7 4.1 6.3 6.1 7.1 17.3 27.5 42 53.8 63.2 69.2 66.7 76.1 80.1 83.5 87.1 91.3 93.3 95.4 96.9 97.3 96.9 94.8 94.9 96.2 97.4 97.6 98.6 99.9 100.2 100.6 101 101.3 101.7 102.2 102.9 103 102.2 101 97.9 95.7 94.7 93.9 85.8 73.4 80.2 87.5 91.7 93.4 93.5 92.6 92.6 93 93.4
2 1.8 1.6 1.4 1.1 0.8 0.5 0.3 0 -0.3 -0.6 -0.9 -1.2 -1.4 -1.7 -2 -2.2 -2.2 -2.2 -2.2 -2.2 -2.2 -2.2 -2.2 -2.2 -2.2 -2.2 -2.2 -2.2 -2.2 -2.2 -1.1 -0.3 0.4 1.1 1.8 3.1 6.8 6.3 10.8 28.3 29.8 32.8 33.9 44.5 54.2 59.8 66.9 74.2 80.3 85 89.2 92.2 94.2 96.1 95.9 94.6 88.5 90.1 92.4 95 97.1 99.4 100.7 100.9 101.3 101.6 102.2 103.1 103.3 103.6 103.7 102.9 102.1 100.6 98.5 96.9 96.6 93.4 87.9 74.9 83.3 90.4 91.6 91.7 90.6 89.8 90.6 91
1.8 1.6 1.4 1.2 1 0.8 0.5 0.2 -0.1 -0.3 -0.6 -0.9 -1.2 -1.5 -1.8 -2.2 -2.2 -2.2 -2.2 -2.2 -2.2 -2.2 -2.2 -2.2 -2.2 -2.2 -2.2 -2.2 -2.2 -2.2 -1.7 -0.9 -0.1 0.6 1.3 2 6.4 5.5 17.1 34.3 45.5 51.2 52.4 50.8 47 43.1 51.3 63.4 70.5 77.9 83.3 87.1 90.9 92.9 93.5 92.9 86.1 85.9 90.5 93.4 95.7 97.8 99.5 101 101.7 102.4 103.4 104.3 104.9 105.4 105.8 104.7 103.4 102 100.9 100.2 99.3 97.6 94.9 90.8 83.2 78.3 86.7 88.9 89.4 88.5 87.3 87.9 88.2
1.6 1.4 1.2 1 0.8 0.6 0.4 0.2 -0.1 -0.4 -0.6 -0.9 -1.2 -1.5 -1.8 -2.2 -2.2 -2.2 -2.2 -2.2 -2.2 -2.2 -2.2 -2.2 -2.2 -2.2 -2.2 -2.2 -2.2 -2.2 -1.6 -0.8 0 0.8 1.5 2.3 6.7 17.8 32.1 49.5 59.6 65.2 68.5 69 64.6 59.4 49.7 48 66.2 72.7 78.8 83.4 87.5 89.3 86 79.9 86.9 91 92.6 94.7 96.9 99.4 101.6 103.1 104.3 105.2 106.1 107.1 107.7 107.8 107.6 105.5 103.5 101.5 100.2 99.2 98.2 97 94.7 91.9 86.8 80.3 79.3 83.8 84.3 83.7 84.7 84.9 86.9
1.2 1.1 0.9 0.8 0.6 0.5 0.3 0 -0.2 -0.4 -0.6 -0.9 -1.2 -1.5 -1.8 -2.2 -2.2 -2.2 -2.2 -2.2 -2.2 -2.2 -2.2 -2.2 -2.2 -2.2 -2.2 -2.2 -2.2 -2.2 -1.5 -0.6 0.3 1.1 1.8 9.3 24.2 35.3 35.5 50.7 64 69.7 73.3 76.7 76.7 73.2 66.1 57.9 54.5 65.8 75.3 79.4 82.1 77.7 76.3 86.1 90.5 93.7 95.2 97.3 99.2 101.4 103.8 106.1 107.3 108.2 109 109.2 108.4 109 107.8 105.1 101.9 99.7 98.2 97.4 96.8 95.3 93.5 91.4 88.6 83.5 83.1 82.4 83.4 83.2 85.3 86.9 88
0.9 0.8 0.6 0.5 0.3 0.1 0 -0.2 -0.3 -0.5 -0.8 -1 -1.2 -1.5 -1.8 -2.1 -2.2 -2.2 -2.2 -2.2 -2.2 -2.2 -2.2 -2.2 -2.2 -2.2 -2.2 -2.2 -2.2 -2.2 -1.4 -0.4 0.5 1.4 2.6 24.1 47.8 56.4 55.2 52.7 65 69.9 76.1 80.3 83.1 82.8 79 75.4 66.4 58.3 63.5 67.6 67.2 70.4 81.1 88.7 92.5 95.7 97.8 99.8 102.7 104.3 106.5 108.7 109.5 110 109.6 108.4 107.8 107.2 107 103.9 100.5 97.9 96.3 95.5 95.2 93.8 91.6 88.9 85.6 88 88.1 87.1 86.6 85.7 86.5 87.8 89.2
0.6 0.4 0.3 0.1 0 -0.2 -0.3 -0.5 -0.6 -0.8 -0.9 -1.1 -1.3 -1.6 -1.8 -2.2 -2.2 -2.2 -2.2 -2.2 -2.2 -2.2 -2.2 -2.2 -2.2 -2.2 -2.2 -2.2 -2.2 -2.2 -1.2 -0.2 0.7 1.6 9.6 35.8 63.3 71.6 69.8 66 65.1 70 76 80.8 84.6 86.1 86.1 83 80.8 74.6 70 72.7 78.7 82.2 79.2 88.4 94 96.9 99.8 102.9 106 107.2 109 110.2 110.9 110 108.8 107.6 107.1 106.6 105 102.3 99.1 96.3 94.5 93.5 93.1 92.6 90.4 88.1 87 88.2 90.6 90 89.2 87.7 87.7 89.1 90.2
0.3 0.1 0 -0.2 -0.3 -0.5 -0.6 -0.8 -1 -1.1 -1.3 -1.4 -1.6 -1.7 -1.9 -2.2 -2.2 -2.2 -2.2 -2.2 -2.2 -2.2 -2.2 -2.2 -2.2 -2.2 -2.2 -2.2 -2.2 -2.2 -0.9 0.1 1 1.9 15.9 43.5 73.9 81.9 81.4 77.3 71.4 72.6 76.5 81.7 86.5 89.3 90.2 89 85.7 84 81.6 83.8 85.9 87.7 89.3 86.7 94.1 97.5 100.6 103.7 106.3 108.2 109.7 110.4 109.9 109.2 108 107 106.5 104.8 102.9 100.5 97.4 94.7 93.1 91.6 91.4 91.1 90 87.2 88.5 90 91.5 92.7 91.2 89.7 88.8 90.6 93
0 -0.2 -0.3 -0.5 -0.7 -0.8 -1 -1.1 -1.3 -1.4 -1.6 -1.7 -1.9 -2 -2.2 -2.2 -2.2 -2.2 -2.2 -2.2 -2.2 -2.2 -2.2 -2.2 -2.2 -2.2 -2.2 -2.2 -2.2 -1.5 -0.6 0.4 1.3 2.2 27.2 56.8 80.2 87.3 88.3 85.4 80.6 76.9 79.1 84.5 88.9 91.9 93.6 94.1 91.7 90.4 89.9 90.9 92.8 93.6 94.1 93.7 91.7 97.6 101.4 104.1 105.7 107.4 108.9 109.3 109 108.2 107.2 106.3 104.7 102.8 100.7 98.3 95.7 93.3 92 90.9 91.3 91.6 91.3 90.2 89.9 91.2 92.4 93.5 93.6 92.1 90.8 92.2 96.1
-0.3 -0.5 -0.7 -0.8 -1 -1.1 -1.3 -1.4 -1.6 -1.7 -1.9 -2.1 -2.2 -2.2 -2.2 -2.2 -2.2 -2.2 -2.2 -2.2 -2.2 -2.2 -2.2 -2.2 -2.2 -2.2 -2.2 -2.2 -2.2 -1.2 -0.4 0.5 1.4 7.8 41.5 73.6 84.7 89.9 92 91.6 89.1 85.7 82.2 85.2 88.9 93 96.3 97.3 97.9 97.3 96.9 97.7 99.1 99.1 98.9 100 97.9 95.3 102 103.9 105.8 107.7 108.4 108.7 108.2 107.3 106.4 104.6 102.7 100.9 98.5 96.1 94.1 92.3 90.9 90.5 91.5 91.9 92.2 91.8 91.4 92.1 93.3 94.4 95.5 95.6 94.4 93.4 96.9
-0.7 -0.8 -1 -1.1 -1.3 -1.4 -1.6 -1.7 -1.9 -2.1 -2.2 -2.2 -2.2 -2.2 -2.2 -2.2 -2.2 -2.2 -2.2 -2.2 -2.2 -2.2 -2.2 -2.2 -2.2 -2.2 -2.2 -2.2 -2.2 -1.1 -0.2 0.7 1.6 9.7 51.1 72.4 83.2 89.6 92.5 93.5 92.2 93.3 87.9 86.2 89.3 94.2 97.6 100.1 101.4 102.2 103.2 103 104.8 105 103.9 102.4 102.4 101.7 102.3 104.4 106.2 107.8 108.1 108.4 108.4 108 107.3 105 102.6 99.9 97.7 95.8 94.2 92.7 90.7 89.7 91.2 91.4 92.4 92.6 92.6 93.3 94.4 95.6 96.8 98.3 100 98.4 96
-1 -1.1 -1.3 -1.4 -1.6 -1.8 -1.9 -2.1 -2.2 -2.2 -2.2 -2.2 -2.2 -2.2 -2.2 -2.2 -2.2 -2.2 -2.2 -2.2 -2.2 -2.2 -2.2 -2.2 -2.2 -2.2 -2.2 -2.2 -2.2 -1.2 -0.2 0.7 1.6 13.4 51.7 69.7 80.2 85.3 88.9 90.2 92.6 93.8 93.2 90.5 90.4 94.4 97.9 100.6 103.2 106.9 108.2 109 109.9 110.4 110 107.8 105.9 105 104.4 105.8 107.2 108.6 109.8 110.1 110.1 109.4 107.7 105.5 103.1 100.2 97.5 95.6 94.4 92.9 91.2 89 90.7 91.7 92.5 92.9 93 94.3 95.6 96.8 98.8 100.6 103.5 103.4 101.1
-1.3 -1.5 -1.6 -1.8 -1.9 -2.1 -2.2 -2.2 -2.2 -2.2 -2.2 -2.2 -2.2 -2.2 -2.2 -2.2 -2.2 -2.2 -2.2 -2.2 -2.2 -2.2 -2.2 -2.2 -2.2 -2.2 -2.2 -2.2 -2.2 -1.5 -0.5 0.6 1.6 16.6 48.5 68.9 76.6 81.7 85.8 88.8 90.7 93.6 95.5 94.7 93.5 94.7 98 101.8 106.2 110.4 113.1 114.3 115 114.9 114.8 112.7 109.3 107.7 107.1 107.9 108.8 109.7 110.9 112 112.4 111.4 108.9 106.4 103.7 101 97.4 95.7 94.6 92.8 90.5 88 91.1 92 92.6 93.1 93.8 95.3 97 98.7 100.8 103.6 106.5 109.2 107.1
-1.6 -1.8 -1.9 -2.1 -2.2 -2.2 -2.2 -2.2 -2.2 -2.2 -2.2 -2.2 -2.2 -2.2 -2.2 -2.2 -2.2 -2.2 -2.2 -2.2 -2.2 -2.2 -2.2 -2.2 -2.2 -2.2 -2.2 -2.2 -2.2 -2.2 -0.6 0.5 1.8 18.5 50.5 68.4 77.6 81.6 84.6 88 90.9 94.2 97 98.2 97.5 96.8 99.4 102.5 107.6 112.9 116.8 119.5 120.3 121.2 120.3 117.5 113.6 110.2 109.9 110 110.9 112.3 113.8 115.2 116.3 115.3 112.7 110.2 106.7 102.4 97.3 95.6 93.4 91.5 89.9 89.8 92.5 92.5 93.1 93.9 95.6 97.8 98.6 100.5 102.5 104.6 109.4 113 114.2
-1.9 -2.1 -2.2 -2.2 -2.2 -2.2 -2.2 -2.2 -2.2 -2.2 -2.2 -2.2 -2.2 -2.2 -2.2 -2.2 -2.2 -2.2 -2.2 -2.2 -2.2 -2.2 -2.2 -2.2 -2.2 -2.2 -2.2 -2.2 -2.2 -2.2 -0.7 0.5 1.7 15.4 49.6 68 78.7 82.4 86.4 90 93.7 96.2 98.6 100.4 101.9 102.2 101.8 103.9 108.7 113.8 118.7 123 125.8 126.6 126.4 123.1 119 115.7 114.2 114.3 115.7 116.7 117.3 118.7 119.5 118.1 116.6 114 110.2 106 100.7 95 92 89.2 84.8 90.6 93.6 94.1 96.4 97.7 99.3 101.4 104.1 104.8 104.7 106.1 111.5 115.8 118.6
-2.2 -2.2 -2.2 -2.2 -2.2 -2.2 -2.2 -2.2 -2.2 -2.2 -2.2 -2.2 -2.2 -2.2 -2.2 -2.2 -2.2 -2.2 -2.2 -2.2 -2.2 -2.2 -2.2 -2.2 -2.2 -2.2 -2.2 -2.2 -2.2 -2.2 -0.8 0.4 1.6 11.5 44.1 69.2 78.4 86.8 92.2 95.2 98.2 100.6 103.2 105 107 109.2 109.8 107.7 109.9 116.3 120.7 124.5 127.5 129.6 128.5 126.6 123.5 121 120.3 119.9 120.5 121.3 121.9 122.6 122 120.5 119.2 115.8 112.3 107.7 103 96.2 90 85.7 84.4 90.3 93.6 96.6 98.5 101 103.1 104.9 107.9 109.7 110.8 109.4 113.2 117.5 121.4
-2.2 -2.2 -2.2 -2.2 -2.2 -2.2 -2.2 -2.2 -2.2 -2.2 -2.2 -2.2 -2.2 -2.2 -2.2 -2.2 -2.2 -2.2 -2.2 -2.2 -2.2 -2.2 -2.2 -2.2 -2.2 -2.2 -2.2 -2.2 -2.2 -2.2 -0.9 0.3 1.4 9.6 45.7 72.7 82.1 91.2 95.2 99 101.8 104.1 106.7 108.8 111.3 113.3 114.6 114.7 113.7 116.7 121.5 125.5 128.8 131.2 131.3 129.6 126.6 124.3 123.6 123.2 122.3 124.3 125.7 125.1 124.2 122.1 119.2 116 112.2 107.3 101.6 96.3 83.9 80 87.6 91.9 94.3 98.8 98.9 100.3 102.9 107.4 110.9 113.1 113.7 113.5 113.1 118.8 123
-2.2 -2.2 -2.2 -2.2 -2.2 -2.2 -2.2 -2.2 -2.2 -2.2 -2.2 -2.2 -2.2 -2.2 -2.2 -2.2 -2.2 -2.2 -2.2 -2.2 -2.2 -2.2 -2.2 -2.2 -2.2 -2.2 -2.2 -2.2 -2.2 -2.2 -0.9 0.2 1.3 9.2 46.7 71.4 85.6 92.9 95.2 97.1 99.8 101.9 105.6 109.3 112.3 114.8 117.1 118.3 116.8 118.4 121 124.8 127.7 130.5 131.2 130.8 129.3 126.1 125 124.8 124.7 126.7 127.7 126.9 125 122.3 119 115.6 111.9 106 99.7 94 80 78.1 83.4 88 93.1 95.9 97.3 99.7 103.1 107.1 112.5 114.6 116 116.9 116.3 119.1 121.5
-2.2 -2.2 -2.2 -2.2 -2.2 -2.2 -2.2 -2.2 -2.2 -2.2 -2.2 -2.2 -2.2 -2.2 -2.2 -2.2 -2.2 -2.2 -2.2 -2.2 -2.2 -2.2 -2.2 -2.2 -2.2 -2.2 -2.2 -2.2 -2.2 -2.2 -0.9 0.2 1.2 2.2 40.3 64.1 81.9 88.8 90.6 93.5 97.5 101 105.1 109.1 112.5 116 118.3 119.4 119.9 120 121.2 123.8 126.4 128.8 129.4 128.9 127.9 125.9 125.3 124.9 125.2 126.6 127 126.2 124.4 121.8 118.2 113.6 109.2 103.6 96.7 89.5 76.2 83.8 90.4 93.4 94.3 96.3 97.7 100.5 103.6 107.2 111.9 115.6 117.4 118.6 120.2 121.1 123
-2.2 -2.2 -2.2 -2.2 -2.2 -2.2 -2.2 -2.2 -2.2 -2.2 -2.2 -2.2 -2.2 -2.2 -2.2 -2.2 -2.2 -2.2 -2.2 -2.2 -2.2 -2.2 -2.2 -2.2 -2.2 -2.2 -2.2 -2.2 -2.2 -1.7 -0.8 0.1 1.1 2 30.5 55.5 74.3 81 83.6 92.3 97 100.3 104.7 109.6 113.3 116 118.7 120.5 121.2 121.3 122.2 123.4 125 127.3 128.1 127.8 126.3 124.2 122.7 122.1 121.8 122.4 122.8 121.8 120.2 118.1 115.9 111.9 106.3 100.2 92.9 77.2 79.3 88.6 94.5 97.4 99.9 100.7 102.2 102.5 106.6 109.9 114.4 118.4 120.3 122.1 123.7 124.7 126.2
-2.2 -2.2 -2.2 -2.2 -2.2 -2.2 -2.2 -2.2 -2.2 -2.2 -2.2 -2.2 -2.2 -2.2 -2.2 -2.2 -2.2 -2.2 -2.2 -2.2 -2.2 -2.2 -2.2 -2.2 -2.2 -2.2 -2.2 -2.2 -2.2 -1.5 -0.7 0.1 1 1.9 20.1 47.2 58.4 71.8 85.6 93.5 98.8 103.5 107 110 113.1 115.8 118.4 119.6 121.1 122.3 123.4 124.3 124.2 124.7 125.2 125.4 124.6 122.8 120.3 118.7 117.3 117.2 117.6 116 115.3 113.4 111.4 108.3 103 95.8 84.2 77.4 84.1 92.2 98.3 102.7 105.7 107 107.8 107.7 108.3 112 116.3 119.9 122 125.3 127 127.6 127.8
-2.2 -2.2 -2.2 -2.2 -2.2 -2.2 -2.2 -2.2 -2.2 -2.2 -2.2 -2.2 -2.2 -2.2 -2.2 -2.2 -2.2 -2.2 -2.2 -2.2 -2.2 -2.2 -2.2 -2.2 -2.2 -2.2 -2.2 -2.2 -2.2 -1.3 -0.6 0.2 0.9 1.7 11.9 34.4 46.7 71.9 85.6 92.3 97.5 101.7 104.9 107.6 111.4 115.3 117.7 119.5 121 123 124.2 124.9 124 122.7 122.3 121.6 121.6 121.4 119.3 115.3 111.4 110.9 112.2 110.9 109.8 108.2 106.1 102.9 96.3 85.5 73.5 82.6 89.4 96.8 102.3 106.9 110.3 112.4 113.4 113 111.7 114.7 118 120.6 123.8 126.9 128.5 129.5 129.3
-2.2 -2.2 -2.2 -2.2 -2.2 -2.2 -2.2 -2.2 -2.2 -2.2 -2.2 -2.2 -2.2 -2.2 -2.2 -2.2 -2.2 -2.2 -2.2 -2.2 -2.2 -2.2 -2.2 -2.2 -2.2 -2.2 -2.2 -2.2 -2.2 -1.2 -0.5 0.2 1 1.7 9.9 24.1 45.1 64.4 76.5 85.2 91.3 95.4 99.1 105.7 111 114.9 117 118.9 120.8 123.6 124.9 124.2 123.2 120.7 120.2 116.4 116.5 118.2 116.9 114 108.5 105.2 106.2 105.7 104.8 102.6 100.9 97.1 85.1 69 81.8 88.9 94.8 100.4 105.3 109.8 113.1 115.7 117.8 117.2 116.9 117.2 119.2 121.7 125.3 127.7 130 131.4 132.1
-2.2 -2.2 -2.2 -2.2 -2.2 -2.2 -2.2 -2.2 -2.2 -2.2 -2.2 -2.2 -2.2 -2.2 -2.2 -2.2 -2.2 -2.2 -2.2 -2.2 -2.2 -2.2 -2.2 -2.2 -2.2 -2.2 -2.2 -2.2 -1.6 -1 -0.3 0.3 1 1.7 5.7 19.6 39.1 50.7 62.6 71.4 77.3 90.3 98.4 105 110.3 112.9 114.5 117.5 120.5 123.5 126.6 125.5 123.5 120.8 117.4 113.6 111.5 112.6 112.4 110.1 106.2 99.5 100.4 100.7 99.7 96.9 94.3 82.6 68.8 78.9 90.1 96.5 100.8 104.1 108.4 112.4 115.6 117.7 119.5 119.8 118.9 120.1 121.2 122.9 125.7 129.5 133 134.6 135.3
-2.2 -2.2 -2.2 -2.2 -2.2 -2.2 -2.2 -2.2 -2.2 -2.2 -2.2 -2.2 -2.2 -2.2 -2.2 -2.2 -2.2 -2.2 -2.2 -2.2 -2.2 -2.2 -2.2 -2.2 -2.2 -2.2 -2.2 -1.7 -1.2 -0.6 -0.1 0.6 1.2 1.9 3.2 14.8 24.7 34.4 42.1 62.8 77.3 88.3 96.7 103.8 107.9 109.2 110.8 114.2 119 123.1 126.1 125 123.1 119.9 116.5 114.1 111.7 108 109.2 105.8 101.7 92.7 95 95.6 94.6 91.2 78.2 66.3 70 88.1 96.7 101.5 105.8 108.8 111.5 115.4 118 120.1 121.7 122.2 121.9 122.4 122.7 125.6 128.6 132.1 134.7 135.8 136.2
-2.2 -2.2 -2.2 -2.2 -2.2 -2.2 -2.2 -2.2 -2.2 -2.2 -2.2 -2.2 -2.2 -2.2 -2.2 -2.2 -2.2 -2.2 -2.2 -2.2 -2.2 -2.2 -2.2 -2.2 -2.2 -2.2 -2.2 -1.6 -1 -0.4 0.2 0.8 1.4 2 4.1 11.5 18.3 25.1 36.3 55.5 72 83.6 94.6 99.6 101.8 103.8 106.1 110.5 115.5 120.9 122.7 122.7 120.7 118.9 115.8 112.6 110.9 107.6 101.5 103.2 96.4 86.3 88.3 89.5 89.4 81.4 67.5 62.6 82.5 94 100.3 105.2 108.1 110.7 114 117.7 120.6 122.6 123.5 124.1 125 123.1 125.3 127.6 130.8 134 135.6 136.7 137.1
-2.2 -2.2 -2.2 -2.2 -2.2 -2.2 -2.2 -2.2 -2.2 -2.2 -2.2 -2.2 -2.2 -2.2 -2.2 -2.2 -2.2 -2.2 -2.2 -2.2 -2.2 -2.2 -2.2 -2.2 -2.2 -2.2 -2.2 -1.5 -0.9 -0.2 0.4 1 1.6 2.1 3.8 10.5 15.8 18.7 25.3 38.9 60.1 76.2 88.5 93.7 95.2 96.8 100.1 105.4 110.6 114.9 117.8 117.6 116.7 115.2 113.2 110.9 108.5 106.3 99.4 84.4 84.9 79.9 80.6 82.7 80.5 73.1 53.5 61.2 87.9 97 103.1 106.3 109.4 112.3 116.1 119.3 121.9 124.3 125.5 126.7 127.3 125.9 127.4 128.8 131.6 133.6 135.1 136.4 137.3
-2.2 -2.2 -2.2 -2.2 -2.2 -2.2 -2.2 -2.2 -2.2 -2.2 -2.2 -2.2 -2.2 -2.2 -2.2 -2.2 -2.2 -2.2 -2.2 -2.2 -2.2 -2.2 -2.2 -2.2 -2.2 -2.2 -2.2 -1.5 -0.8 -0.1 0.5 1.1 1.8 2.4 4.9 10.3 12.8 15.5 19.3 24.8 44.7 62.8 76.9 84.7 85.3 87.8 93.8 98.3 103.3 106.3 108.9 111.6 112.9 111.7 110.2 108.4 106 103.3 99.9 95.2 84.7 75.6 73.5 75.4 69.3 58.2 54.5 74.2 90.4 98.2 102.2 105.5 109.1 113.4 117.1 119.4 121.5 123.9 126.5 127 127.5 127 127.9 129.1 130.6 132.4 134.2 135.5 136.6
-2.2 -2.2 -2.2 -2.2 -2.2 -2.2 -2.2 -2.2 -2.2 -2.2 -2.2 -2.2 -2.2 -2.2 -2.2 -2.2 -2.2 -2.2 -2.2 -2.2 -2.2 -2.2 -2.2 -2.2 -2.2 -2.2 -2.2 -1.3 -0.7 -0.1 0.6 1.2 1.8 2.8 4.9 12.6 10.2 11.9 15.2 18.8 28.1 46.5 62.1 68.5 69.2 77.1 85.4 91 94.9 98 101 105.5 108.2 108.3 107 105.4 103 100.1 96.5 92.5 86.5 80.8 66 61.8 51 52 67 83.8 92.7 97.5 101.4 104.1 108.7 113.2 115.7 118.4 121.1 123.7 125.3 127 126.9 125.8 127.1 128.5 129.9 130.9 132.1 134.1 134.9
