app/static/ascii/SN34.asc
ncols 200
nrows 200
xllcorner 230000
yllcorner 240000
cellsize 50
[rows 35 to 69 of 200, columns 0 to 78 of 200]
161.3 157.9 153.9 149 144.3 140.5 137.9 135.7 133 130.1 126.8 123.1 117.7 114.4 111.1 108.9 107.4 106.8 106.6 106.1 102.7 101.7 105.8 108.9 111 113 115 116.9 118.6 120.4 122.2 124.2 126.4 128.3 130.9 133.6 136.3 138.6 140.6 142.5 144.3 147.2 148.5 150.6 153.3 155.5 157.6 159.6 161.4 162.2 162.5 162.6 162.8 160.2 161.9 162.4 162.8 163.5 167.4 171.1 173 174.9 176.7 176.5 175.8 176 175.4 173 162 154.4 147.7 144.2 146.3 149 148.9 147.9 149.7 150.8 152.7
162.8 159.5 154.8 148.8 143 138.3 135.8 133.5 130.8 128.1 125.1 121.4 117.3 114.5 111.6 109.1 107.9 107.5 107.2 106.5 103.4 101 102 107.2 110.2 112.8 114.9 117.1 119 121.3 123.1 125 126.9 129.2 131.6 134.3 136.6 138.5 140.3 142 143.8 145.5 146.3 149.3 151.5 153.7 155.7 158.1 160 161.1 161 160 159.8 156.9 153.4 154.5 155.5 158.3 162.3 166.6 169 171.3 173.2 173 171.7 171.6 171.1 167.9 163.6 157.3 150.9 142.5 141.1 141.9 142.3 141.4 143.4 144.6 148
163.7 159.4 155.5 149.7 142.4 136.8 132.8 130.2 127.6 124.7 122.6 119.2 116.7 113.8 110.9 108.9 108 107.7 107.5 107.4 106.5 102.1 100.1 107.1 110 112.3 115.5 117.5 119.3 121.6 124 125.8 127.8 130.1 132.3 134 135.8 137.7 139 140.2 141.4 142.8 144.9 147.3 149.6 151.7 153.4 155.9 158.1 159.2 159.1 157.1 156.1 154.8 144.9 146.1 148.8 153.9 157.7 161.1 163.7 166.6 168.6 168.4 167.6 166.7 165.5 163.4 161.2 157.2 152.5 146.3 140.4 136.6 137.5 139.3 139.4 139.3 143.2
163.5 160.1 155.4 149.4 142 135.3 130.2 126.7 125 122.5 119.8 117.8 115.9 112.9 110 108 107.1 107.1 107 107 107.1 104.1 99.8 105.9 109.5 111.6 115.3 117.8 119.5 121.9 124.2 126.6 128.5 130.3 132.2 133.5 135.3 136.3 136.2 136.8 138.1 139 142.8 145.1 146.7 149.2 151.2 152.8 154.2 155.1 155.7 153.7 152.4 151.1 144.8 139.5 141.1 147.4 151.8 153.3 156.9 161.2 164.9 163.5 163.1 162.3 161.2 159.7 158.3 156.5 154.1 148.2 142.8 136.1 131.7 133.1 133.9 134.4 137.5
162.9 159.2 154.6 148.6 140.7 133.4 129.1 125.7 123.3 120.3 118.7 117 114.7 112.1 109.2 107.3 106.5 106.2 106.8 106.3 106.2 105.3 100.5 102.8 108.4 111 114.4 117.1 119.5 121.5 123.7 126 128.4 130.4 131.7 132.8 133.4 133.6 133.6 134.4 134.1 135.3 139 140.9 142.6 144.8 146.5 148.4 149.9 150.7 150.6 149.2 149.4 148.7 146.2 135 133.1 137 141.8 145.5 149.4 153.3 155.2 156.5 157.6 157.3 157.5 156.3 156.2 155.4 153.5 149.8 144.3 138.9 133.4 128.6 129 129.3 129.9
161.5 158 152.6 146.6 139.1 133.7 129.1 126.3 123.2 120.6 118.6 115.9 113.5 112 110 107.9 105.4 105.5 106.7 105.5 105.2 105.6 103.6 96.2 105 109.3 112.3 115.3 117.8 120.1 122.7 125.1 127.2 128.1 129.3 130.4 130.9 130.9 131.1 130.6 129.6 131.3 133.8 135.9 137.8 139.4 141.1 143.1 145.1 146.2 146.4 146.2 147.8 146.7 144.3 136.6 129.7 128.3 129.9 134.3 139.6 143.5 147 149.2 151.5 153.2 154 154.4 154.6 154.1 152.3 149.4 146.6 142 136.5 131.1 126.7 123.5 124.6
159.8 156.7 151 143.9 140.6 136.9 132.6 127.9 124.4 120.4 118.7 116.2 113.8 111.7 109.6 107.6 105.7 105.3 106.3 105 104.5 105.1 103.1 94.7 97 105.5 109.7 112.6 114.9 117.1 119.4 121.3 123.7 124.6 125.3 126.3 127.4 128.2 128.9 128.9 124 125.8 128 129.5 132.1 134 135.6 137.6 139.7 141.7 142.9 144.4 145.9 144.7 142.7 139.5 131.3 125.1 124.4 124.9 128.6 133.6 137.9 141 145 147.9 150.6 151.8 152.5 152.7 150.9 149.2 147.5 143.9 140.8 135.6 130.4 123.1 120.2
159.7 155.4 151.6 147.6 144.5 142.1 138.6 134.6 129.8 123.1 118.8 115.8 113.5 111.3 109.3 107.4 105.5 103.9 104.9 104.8 104.2 103.5 101.1 97 88 97.3 104.2 108.7 111.1 113.3 114.9 117.2 117.6 118.5 119.8 121.5 122.3 123.2 123.9 124.7 121.5 120.5 122.6 123.9 126 128.2 130.3 133.4 136.3 139 140.7 142.6 143.6 143.3 141.4 139.3 133.9 126.1 121.2 120.5 121.6 125.9 130.1 134.9 139.8 143.4 146.4 148.6 150.2 150.3 150.7 149.3 148 146.5 143.6 140.3 133.1 126 117.6
160.3 157.3 154.8 152 148.9 145.2 140.6 135.8 131.4 126.1 119.7 115.7 113.4 111.5 109.2 107.2 105.2 103.1 103.6 104.9 105.1 103.8 102.6 100.1 95.1 88.6 97.3 104.4 107.8 109.4 110.6 113.3 112.2 111.7 112.3 113.6 115.2 116.8 118.4 118.9 119 117.2 119 120.4 121.9 124 127.1 130.1 133.6 136.8 138.8 140.7 141.5 141.1 141.2 139.2 135.3 130.3 121 117.9 117.9 121.3 125.2 129.6 135 138.5 141.8 144.6 146 147.2 148.3 148.6 148.2 146.9 144.9 141.9 137.4 126.8 120.3
160.6 158.8 156.1 153.6 149.6 146.3 141.1 136.3 131.7 126.9 121.8 116.9 114 111.5 109.2 107.4 105.4 102.7 101.9 103.4 105 104.1 102.1 99.9 97.2 87.2 92.7 100 105 107.2 107.9 109.4 108.4 107.7 106.7 106.3 107.3 108.2 109.9 111.5 113.6 113.9 115.8 118.2 120.7 123.2 125.9 128.6 132.5 135.6 137.1 138.7 139.4 139.2 138.5 136.8 133.3 125.8 119.5 116.7 115.1 117.4 120.8 124.9 129.3 134.2 137.1 140 142.8 144.4 145.5 147.8 147.5 146.7 145.1 142.5 138.2 131.5 121.3
160.4 158.6 155.8 153.1 150.8 146.5 141.4 136.6 131.8 127.1 123.3 119.2 114.7 112 109.2 107.6 105.4 103.2 100.3 101.9 103.6 104.1 102 99.5 98 89.7 90.1 98 101.5 104.3 105 105.6 105.1 104.5 103.5 103.4 103.8 104.9 106.4 109.5 110.7 113.1 116.1 119.2 121.7 125 128.5 130.4 133.3 135.1 136.9 137.4 137.7 137.1 136.5 135.4 132.8 127.7 123.3 116.8 113.7 113.3 115.6 119.2 123.1 127.4 131.8 135.5 138.9 141.1 143.4 145.5 146 145.7 144.6 143.1 140 134.6 123
159.9 158.4 156.4 154.1 151.1 147 142.2 136.7 131.9 127.2 123.6 119.5 116.1 112.5 109.8 108.7 106.5 103.9 101 98.7 101.6 102.5 102.1 99.7 97.1 91.2 87.9 95.2 98.7 100.6 101.6 101.8 101.6 101.2 100.8 101.6 102.5 103.6 104.9 107.8 110.5 113.8 117 120.1 123.1 126 130.3 133.3 135 136.1 136.6 136.7 136.2 135.7 135.1 134.2 132.8 129.7 126.6 121 114.3 110.8 111.3 113.2 115.9 119.9 125.4 130.1 135.3 138.7 142 144.2 144.3 144.5 144.1 142.7 140.1 135.7 126.5
159 157.6 155.7 152.6 150.7 147 141.8 136.8 131.1 126.4 122.3 118 115.1 112 110 108.3 106.2 104.1 101.3 97.5 97.5 99.2 98.7 97.7 94.6 89.7 87.4 93.6 96.6 97.8 99 99.6 99.6 99.8 100.4 100.9 101.5 103.1 105.4 107.8 110.8 114 117.2 120.7 123.7 127.2 131.1 133.8 135.9 136.4 136.5 136.2 134.8 134.3 133.7 133.3 132.8 130.9 128.7 124 115.9 110.7 108 109.2 111.6 115.7 121 125 130.2 134.6 137.7 140.1 141.4 142.3 142.8 141.4 138.5 135.2 126.9
157.8 156.8 155.3 152.4 149.3 146.3 141.1 134.7 129.3 124.6 120.3 117.2 114.8 112.4 110.2 108.2 105.7 103.5 100.9 98.1 95 94.9 94.6 94 92 87 84.2 92.1 94.4 95.1 96.4 97.8 98.3 99.3 100 100.5 101.9 104 106.5 108.9 111.6 114.2 117.7 121.8 125.4 128.4 131.7 134.1 136 136.3 136.5 135.6 133.9 132.8 131.7 132.1 132 130.7 128.7 125.9 118.8 111.4 106.8 105.3 108.2 112.3 116.1 120.1 125 130.4 133.7 136.5 138.3 139.6 140.8 140 137.7 134.4 122
156.4 156 154.7 152.1 149.4 145.6 140.7 135.5 130.1 124.5 120 117.4 115.4 114.2 112.4 109.4 105.9 102.4 99.7 96.9 93.8 90.4 90.2 91.1 88 83.8 86.6 90 91.8 94.5 96.8 97.9 98.6 99 99.7 101 102.8 104.6 107.5 110.6 113.9 117.2 120.9 124.2 126.9 129.6 132.1 133.8 135.2 135.6 135.7 134.8 132.8 129.6 128.8 130.9 131 129.3 126.7 123 118.1 110.6 104.4 102.4 105.6 108.5 111.8 115.4 121 126.6 131 134 136.5 137.8 139.3 139.4 137.6 133.8 117
155.1 154.7 153.8 152.5 150 147.4 143.5 138.8 133.2 126.4 122.8 121 119.2 117 114.6 111.1 107.5 103.9 100.2 96.7 94.5 91.2 87.6 85.1 84.5 85.4 91.8 94.8 94.8 96.4 97.5 98.2 99 100.1 101.1 102.3 104.1 107.3 110.5 113.7 116.7 119.8 123.1 125.2 127.8 130.3 131.6 132.6 133.8 134.5 134.9 134.3 131.5 122.9 119.7 126.1 125.8 125 122.2 118 112.5 106 100.6 100.3 103.7 106.9 109.5 112.1 118.6 124 128.6 132.4 135.2 136.8 138.2 138.4 137.2 133.8 116.3
154.1 154.2 153.7 153.2 151.4 149.4 146.5 142.3 135.1 130.1 127.4 127.3 124.1 120.1 116.5 112.3 108.9 105.1 101.2 98 94.9 91.5 85.9 81.8 83.5 89.9 94.7 96.2 97.4 98.3 98.8 99.4 101.2 102.2 103 104.3 106.3 110.2 113.6 116.7 119.1 121.7 124.1 126 128.3 129.6 130.2 131.1 132.3 132.4 132.7 132.5 130.5 118.7 112 111.6 116.5 117.9 115.9 112 107 100.1 96.7 99.2 102.4 105.5 107.9 111.5 117.2 122.4 126.2 130 133.2 135.3 136.9 137.6 137.1 134.5 120.4
153.3 153.9 154 153.5 152.2 150.7 148.4 145.4 140.9 138.2 135.3 131.6 128.4 123.4 118.6 114 110 106.6 102.4 98.8 94.8 90.5 83.6 80.9 87.3 92.4 94.1 97.1 98.7 99.6 100 101.8 103.4 104.5 105.4 107.6 110.4 112.5 115.8 118.8 121 123.1 124.9 126.4 127.9 128.2 128.8 129.6 129.5 129.9 130.5 130.1 128.4 120.4 108.8 105.1 102.7 106 107.9 105.1 102.2 97.2 92 97.2 100.5 104 105.8 108.8 114 119.5 123.3 127.1 131.1 133.9 135.8 136.7 136.7 135.2 123.7
152.5 153.7 154 153.4 152 151 149.1 146.8 144.4 141.3 137.7 134.2 130.6 126.3 121.4 116.6 112.2 108 103.7 97.9 93.6 90.2 83.9 81.1 85.5 90.6 93.1 96.3 99.8 101.5 102.2 104.4 105.9 107 108.1 111.1 113.8 115.7 117.5 119.4 121.4 123.2 123.7 124.9 126.5 127.8 127.6 127.2 127 127.5 128.1 127.3 125.4 121.3 109.4 100.3 95.9 96.1 99.5 99 94.9 89.2 89.8 93.1 97.8 102.2 103.9 105.6 109.5 114.2 119.7 123.5 128 132 134.1 135.3 135.3 134 127.5
151.7 152.8 153.4 153.2 151.8 151 149.7 147.3 144.8 142.1 139 135.4 131.8 128.2 123.6 118.7 113.7 109.2 105 99.8 95.8 88.2 84.2 81 81.2 86.1 91.4 96.4 100.6 103.2 104.7 106.5 108.3 109.5 111.2 114.1 116.2 117.8 119.1 120.2 122.1 123 123.5 123.9 124.7 124.9 125 124.6 125.1 125.2 125.4 124 122.4 119.3 111.8 101.1 90.3 86.1 88.7 87.8 83 82.6 83.8 85.4 92.6 98.1 98 102.9 105.7 107.3 112.6 118.2 122.5 126.8 130.4 132.9 133.7 133 129.8
150.4 151.2 151.8 151.8 151.4 150.4 148.7 146.7 144.6 142 138.8 135.7 132.6 128.9 124.6 119.7 114.8 110.3 106.3 100.4 95.6 92.9 86.1 81.7 79.5 79.8 90.9 96.7 101.1 104.7 106.5 108.4 110.2 112.5 114.5 116.7 118.2 119.5 120.8 120.9 122.5 123.1 123.2 122.2 121.3 120 120.6 121.2 122.5 123 122.2 120.8 119.2 115.5 109.5 97.7 82.1 80.9 80.7 81.6 82.4 82.3 82.3 83.3 89 93.5 94.5 97.5 101.3 100.5 103.1 107.2 111.7 118.1 122.9 126.2 126.7 126.9 125
148.3 149.3 150 150.2 150.2 149 147.6 145.8 144 141.9 139.2 136.1 133 129.5 125.5 120.6 115 110.5 106.4 103.2 97.8 94.1 86.9 83.2 80.4 78.1 89.6 97.8 102.8 106.5 108.2 109.9 112.5 115.1 117.2 119 120.2 121.3 122.5 122.3 121.9 121.7 121.2 119.4 118 116.4 113.8 114.6 117 117.6 117.3 116.3 113.3 108.8 103 85 79.7 80.8 84.4 86.6 87 87.3 84.6 83.5 84.1 85.3 85.8 86.5 89.8 92.3 94.1 95.8 101.9 107.6 109.6 111 111.6 113.5 114.2
146.1 146.9 147.3 147.6 147.2 146.7 145.6 144.6 143.5 141.5 139.1 136.5 133.3 129.9 126 120.6 114.8 110.1 104.8 101 97.6 93.4 90 86.1 83.6 78.5 88 97.3 102.6 107.1 109.3 111.1 114.1 117 119.3 121.1 122.5 123.2 123.3 122.7 122 120.8 119 117 114.9 110.1 103.6 105.5 108.4 108.7 108.4 107.2 101.1 94 82.1 78.7 81.5 85.6 88.3 88.9 89.6 89.3 89.4 88.4 84.3 84.5 87.8 86 86.3 85.2 86.6 87.9 88.4 88.3 89 89.1 90.9 91.4 93.5
142.6 143.3 144.2 144.4 143.7 143.5 143.9 143 141.9 141 138.8 136.5 133.7 130.4 126.5 121.4 114.5 108.4 102.7 98.9 95.8 92.4 89.8 86.8 85.3 80.4 81.9 95.5 101.6 106.7 110.4 112.4 115.3 117.8 120.5 122.8 123.8 124.3 123.9 123 121.9 120 116.6 113.2 110.8 105.6 91.5 90.5 95.6 98.6 97 80.8 79.4 78.1 78.7 83 84.4 87.2 88.5 89 89.4 89.6 90.7 91 89.8 90.9 92 92.8 92.9 91 87.5 86.6 86.3 89.2 89.4 89.8 88.3 89.1 90.3
138.8 139.5 140.3 140.7 140.5 140.3 140.9 141.1 140.6 140 138.6 136.6 134 130.6 127.2 121.9 114.4 107.8 101.9 97.6 94.1 91.6 90.4 88.4 85.3 79.8 76 90.8 99.1 105.7 110 113.6 116.2 118.6 121.2 122.8 124.2 124.5 123.9 122.6 121.1 118.2 113.8 103.2 103.7 101 92.1 81.1 82.4 84.3 77.1 76.8 77.3 78.6 81.5 85.5 86.4 88.4 89.3 90.8 92.1 92 92.6 92.6 92.2 93.5 94 94.8 95.3 94.7 93.5 93.7 92.7 92.8 93.2 91.3 89.6 89.4 90
132.9 134.6 135.6 137 137.3 137.2 137.8 138.3 138.4 138.4 137.8 136.5 134.3 131.3 127.4 123 115.6 108.1 102.1 99.1 98.2 98 95.6 92.5 87.8 84.1 78.6 81.4 97.8 104.5 109.1 112.5 116.1 118.4 120.6 122.9 123.7 123.7 123 121.8 119.9 117.3 112.8 106.5 89.8 89.5 83.3 78.1 76.7 75.5 78.1 81.3 78.7 80.8 85.3 86.4 90.2 91.5 92.7 93.6 94.5 94.2 94.1 94 93.9 93.9 94.7 95.5 95.7 95.1 95.2 95.3 94.9 94.8 95.6 95.7 96.2 94.1 97
125.4 128.4 130.3 132.4 134.1 134.1 134.6 135.2 136 136.6 136.2 135.5 134.8 132.4 128.1 124 116.1 108.5 104.8 104.1 106.3 108.1 106.3 99.2 90.5 84.4 79.8 73.9 89.8 101.9 107 110.8 114.9 117.1 118.8 120.8 122.8 122.9 122 120.6 118.6 116.4 111.5 105.4 93.1 74.7 75.8 77.3 75.4 76.4 80.6 84.4 85.4 88 88.6 87.8 91.1 92.5 93.7 94.9 95.8 96 95.9 95.6 95.3 95.5 95.7 96.3 96.3 96.5 96.7 96.7 96.9 97.8 98.2 97.9 98.6 97.8 99.6
117.4 120.2 123.4 127.5 129.3 130.9 131.7 132.6 133.4 134.2 135 135.2 135 133.5 130.6 125.6 117.7 111.8 113 115.4 118 119.2 115.6 108.6 96.5 86.6 81.1 75.3 80.2 95.6 103.7 108.9 112 114.5 115.9 117.8 119.4 120.2 120.1 118.5 116.9 114.2 109 102.4 77.6 70.8 71.2 76.3 79.7 80.6 85 87.3 89.4 90 91.1 92.6 94 93.3 94.6 95.8 97 96.9 97.2 96.9 96.7 97 97.2 97.5 98.3 98.2 98.3 98.3 98.9 99.8 100.1 100.2 100.9 101.5 102.2
120.9 117.9 116.8 121.8 124 125.8 128 129.9 131.3 132.1 133.8 134.7 134.9 134.3 133.2 129.1 123.2 122.3 125 127.9 128.4 126.5 123.9 118.7 108.8 91.5 82.2 73.8 73.9 87.9 97.6 103.9 107.9 111.8 113.2 114.8 116 116.4 115.7 115.1 114.1 111 106 87.8 69.4 69.6 73.9 79 80 82 87 90.6 91.1 91.5 92.5 94 94.7 95.8 96.3 96.7 97.3 97.6 97.9 98.3 98.3 98.3 98.3 98.8 98.5 98.7 99.1 99.6 100.6 100.6 100.9 101.3 102.8 104.8 105.6
123.4 120.2 117.1 115.7 119.1 121.9 124.5 126.7 128.9 130.4 131.8 134.2 134.6 135.5 135 134 132.8 134 135.6 135.4 133.7 131.5 129.2 125.4 117.4 99.6 83.7 78.6 75.8 74.3 88.6 97.5 103.3 108 109.7 111.1 111.5 112.1 111.6 110.9 110.3 107.3 102 73.4 69.7 73.3 77.1 79.4 81.6 84.7 90.6 91.2 92.5 92.9 94 94.9 95.4 95.9 96 96.4 97.5 98.2 98.6 99.3 99.6 99.6 99.5 99.7 99.5 99.5 99.7 99.9 100.4 101 101.5 102.7 105 106.2 107.3
125.4 122.3 118.9 116.1 114.7 118.1 121.4 124.1 126.7 128.6 128.8 131.8 134.6 136.1 137.7 138.6 140 140.2 139.8 139.1 138 136.2 133.9 130 123.4 110.5 90.2 83.7 79 72.1 75.4 87.7 94.7 100.8 104 106 106.9 107.5 107.4 106.8 106.3 103.4 92.9 69.6 71 74.3 79.3 81.8 84.8 88.6 90.4 91.9 93.4 94.4 95.3 95.4 95.7 95.4 95.4 96.5 97.5 98.6 99.6 100.6 101.2 101.2 101.2 101.9 102.4 102 101.6 102.1 102.8 102.3 102.8 104.2 105.5 106.9 107.9
132.1 124.3 120.5 117.4 113.7 111.3 116 121 124.1 123.8 124 129.3 134.2 137.6 139.6 141.1 142.6 142.7 142.5 142.1 141 139.6 137.8 133.6 128.2 118.5 100.5 86.7 81.7 76.7 72.4 74.8 83 91.2 96.7 99.6 101.4 102.7 103.2 102.8 102.3 99.6 85.7 67.4 72 75.1 81 84.3 87.1 89.5 91.6 93 94.4 95.5 94.7 94.5 93.6 94.1 96 97.2 98.2 99.4 100.9 102 102.9 102.7 103.2 103.8 104.2 103.8 103.4 103 103.3 103.6 104.1 104.9 106.2 107.5 108.9
140.3 135 123.5 117.4 115.4 112.5 109.3 113.2 117.6 118.5 123.1 128.6 134.1 138.1 140.8 142.5 144 145.2 145 144.2 142.7 141.4 140.2 136 131 123.6 112 92.1 85.8 82.3 76.6 70.9 70.9 76.8 81.9 86.2 90.8 94.8 96 97.6 98.4 96.8 79.6 68.7 72.5 76.3 82.2 85 87.7 90.4 92.7 93.8 94.9 95.6 94.5 91 91 94.6 96.5 97.9 99 100.4 102.3 103.5 104.6 104.5 105.2 105.8 106 105.7 105.3 104.9 105.7 105.9 106.3 106.8 107.5 108.8 110.2
144.2 139.8 134.9 123.9 117.4 114.3 111.4 108.8 111.8 116.9 122.7 128.4 133.8 138.3 141.1 143.1 144.3 145.3 146.2 145.3 143.9 142.6 141.1 138 133.1 127.5 119.5 102.8 89.4 85 80.4 74.8 70.6 70.2 69.4 72.6 77.4 81.3 85.2 89.5 92.3 92.3 70.3 69 71.3 76.6 82 84.8 87.4 89.6 92.4 94.4 94.5 93.9 91.6 90 93.6 95.4 97.1 98.5 100 102.1 104.1 105.1 105.9 105.9 106.4 107.1 107.8 107.8 107.4 107.1 108.5 109.2 109.2 109.4 110.4 111.3 113.3
146.7 142.7 138.6 133.8 121 116.6 113.1 109.2 108.3 115.7 121.9 128 134 138.3 140.6 142.4 143.8 145.2 146.2 146.7 144.8 143.3 141.9 139.7 135.3 130 123.3 114.5 99.2 88.5 83.1 78 75 72.5 67 71.6 73.2 70.8 72.6 77.2 81.2 82.4 67.5 69.4 73 77.9 81.9 84.6 86.8 88.7 91.2 92.4 92.4 90.8 87.3 92.3 94.9 96.8 98.2 99.9 101.5 103.8 105.4 106.3 107.1 107.6 107.7 108.5 109.3 109.8 109.6 109.7 111.4 112.4 112.5 113.9 114.5 116.4 120.1
