app/static/ascii/SN45.asc
ncols 200
nrows 200
xllcorner 240000
yllcorner 250000
cellsize 50
[rows 35 to 69 of 200, columns 0 to 77 of 200]
100.9 101.9 110.1 122.2 122.2 116 111.1 112.2 119 124.9 129.3 131.3 131.8 132.5 133.3 134.8 134.4 134.1 128.1 112.5 91.4 65.1 51 60.8 77.9 85.7 80.9 77.3 74.9 73.4 69.8 67 66.5 79.2 99.3 112.9 121 117.8 106.4 101.8 109.5 116.5 123.2 123.8 120 124.8 125.8 124.9 126.4 127.2 128 127.3 107.9 86.2 97.4 106.2 116.5 121.2 122.9 124.3 125.1 125.6 126.1 126.8 127.6 127.8 128.2 127.8 124.1 120.4 121.9 124.7 126 126.3 126.7 128.1 128.8 128.8
103.1 106.5 110.7 121.3 124 121.5 121.4 121.9 128.6 136.7 140.5 141.1 140.7 140 140.4 140.8 141.1 139.4 129.2 112.3 90.6 65.2 52.4 63.1 82.7 87 82.2 79.7 78.1 75.8 71.4 69.4 69.6 82.8 105.5 122.8 131.4 122.8 111.8 116.2 121.9 126.7 129.6 128.5 125.4 128.7 131.2 133.4 135.4 135.4 135.4 133.6 108.5 79.3 99.6 107.7 116.8 122.8 125.8 126.5 127.4 127.8 128 128.3 129.1 129.2 129 126.7 123.4 126.9 126.8 128 128.6 128.8 129.4 131 131.6 130.5
105.3 110.3 118.5 122.5 125.6 127.1 131.9 136 142.4 148 149.5 149.4 150 148.6 148.4 147.6 146.1 142.3 129.3 111.3 88.2 62.5 53.5 68.7 84.9 88.6 84.7 82.7 80.7 80 76.9 72.6 69.3 85 110.1 134.3 134.5 128.5 121.4 128.3 132 133.5 134.9 133.9 131.2 132.7 135 139.3 140.6 140.4 138.1 126.5 97.1 91.8 103.8 112.6 119.4 125.4 128.7 129.8 130.5 130 130.3 130.3 130.5 130.3 128.8 125.9 127.8 129.2 130.2 130.7 130.7 131.5 133 133.7 132.5 130.5
107.2 115.4 124.4 127.7 130.4 139.2 146 148.9 151.2 153 153.2 153.2 153.2 152.8 152.3 151.1 149.2 143.1 128 108 84.8 59 56.4 74 86.3 90.3 88.1 86.1 84.5 83.5 80.2 73.9 73.2 82.4 106.4 131.2 136.4 133.3 130.7 133.1 136.5 138 138.1 138.2 137.3 137.3 139 142.3 144.4 142.9 138 115.5 88.8 102.2 109.8 117.8 123.3 127.9 130.4 132.7 133.6 134 133.9 133.2 132.5 131.7 129 129.7 131 132 132.6 133.2 132.4 133.9 135.3 134.7 132.2 129.2
109 115.7 127.4 131 140.6 148.9 151.6 153 153.9 154.7 155.1 155.3 155 154.8 154.4 153.6 150.1 140.4 123.4 100.8 77.6 57.9 61.9 77.8 89.7 93.6 90.8 87.9 86.9 85.4 82.4 76.7 73.6 79.1 96.9 121.6 138.1 139.6 138 139.1 140.7 140.9 140.7 140.8 140.8 141.2 143.3 145.1 144.4 142.5 129.7 100.2 97 108.6 116.6 120.8 124.3 127.6 131.4 134.6 136.6 137 136.5 135.6 133.8 133.1 132.6 134.6 135.3 135.9 135.8 135.1 134.3 135 136.4 134.9 131.7 126
112.7 116.2 123.9 131.6 138.7 149.9 152.4 153.6 154.6 155.8 156.3 155.8 155.8 156.1 155.5 153.7 147.9 133.6 113.6 89.3 64.5 60.4 69.7 85.3 94.2 98.5 93 90.8 88.3 87 83.6 79 75.2 76.9 87.9 110.5 133.1 142.4 143 142.9 144 143.6 143.4 143.1 143.3 144.8 146.5 146.2 142 137 111.6 87.9 103.8 113.1 120.1 123.5 124.6 128.5 132.5 136.2 138.4 139.1 138.5 137 135.7 134.2 135.6 137.7 138.2 139.6 140 138.7 136.3 136.5 137 135.1 130.7 124.8
122 124.4 126 130 135 143.1 150.2 153.1 154.6 155.4 155.4 155.4 155.1 155 154.2 151.4 143.7 125.1 102.1 76.1 63.1 63.6 77.8 92.2 101 105.1 95.9 91.9 89.3 88.3 87.4 82.6 78.3 82.6 84.7 98.8 121.3 141.1 144.1 144.7 145.9 145.9 145.4 145.4 145.9 147.2 147.3 145.4 141 122 91.7 101.1 109.1 119.1 122.4 124.4 125.5 129.7 133.3 136.9 139.6 140.4 139.5 138.3 137.3 136.5 138.5 139.9 141.1 141.8 141.8 141 139.9 138 137.6 135.9 131.5 126.9
129.6 130.3 129.8 130.4 134.3 138.4 148.1 152 152.7 153.9 154 153.6 153 153 151.7 146.7 134.6 114.7 90.9 67.3 68.9 64.4 83.7 98.7 107.9 108.5 99.1 95.3 92.4 90.1 88.3 87.2 85 84.9 91.5 92 106.9 130 142.1 144.4 145.8 146.1 145.6 145.9 146.6 147 146.1 141 137.6 109.4 95.3 109.5 118.3 122.4 124.1 125.5 127 130.9 134.8 137.9 140.3 141.3 141.5 140.4 139.4 139 140 141.9 143.6 145 145.4 144.6 142.1 139.6 138.7 137 135 133
134.4 133.8 133.4 134.4 135.1 136.6 139.2 140.7 142.2 147.6 150.7 151 150.5 148.6 146.5 141.1 122.1 101.5 77.8 66.4 75.7 69.5 86.9 103.9 115.6 116.5 106.7 100 95.7 91.5 90.2 90.8 90.6 90.4 93.3 96.3 100 117.9 136.5 141.9 143.4 144 143.8 143.7 144.5 144 139.8 128 111.2 94.6 104.8 116.9 120.8 123.8 125.3 126.8 128.2 131.3 134.9 138.2 141 142.6 143.3 142.4 142.1 141.4 142 142.9 145 146.9 148.9 148 146 143.3 140.2 139.5 138.3 139
136.9 140.4 139.5 139.5 139.3 138.7 139.6 140.5 142.9 140.9 140.4 141.1 139.9 140.9 135.5 125.6 108.3 84.3 68.2 76.8 82.5 78.2 82.1 102.9 117.9 121.6 117.6 109.1 102.7 94.8 92.6 92.9 92.2 93.4 96 98.4 101.1 108.9 124.3 135.1 137.5 138.1 137.3 136.8 137.4 135.3 128 113.9 95.1 108.7 117.6 120.7 123.7 125.3 126.3 127.8 129.9 133 136.7 139.1 141.9 143.9 145 144.7 144.4 144.2 144.3 144.6 145.5 148.9 151.1 151 150 147.5 147.2 147.5 146.6 147.4
138.9 139.7 141 141.1 141.3 141.8 146.9 149.1 149.6 147.9 144.4 142.5 140.1 136.1 126.1 108.7 89.8 72 77 88.4 93.3 87 79.3 96.5 113.9 123.4 122 116.2 109.8 98.8 94.3 92.8 92.7 95.6 97.3 100.2 101.6 105.4 113.6 128.2 132.9 133.8 133.2 132.5 130.6 127.4 120.5 105.6 105.5 115.3 119.1 122.3 124.7 126.1 128 129.4 131.6 134.9 138.7 140.8 143.4 145.5 146.5 146.6 146.5 145.9 146.6 146.7 147 147.2 150.2 152.4 153.1 153.5 153.5 152.6 152.9 152.3
147.3 150.4 149.3 146.4 147.7 149.2 150.7 151.2 151 149.1 147.6 144.7 142 135.4 116.5 95.2 74.6 73.6 86.3 99.1 108.1 97.1 79.6 92.3 109.8 122.5 127.3 126.9 120.5 107.3 97.9 95.5 95.5 96.9 98 100.1 103.6 105.9 110.2 125.3 130.9 130.8 130.1 130.4 128 123.4 115.4 100.6 106.9 116.4 119.4 122.6 124.9 126.7 130 132 134.3 137.5 141.2 144.2 146 148.4 149 147.9 147.9 147.9 148.9 149.7 151.3 153.4 150.6 153.9 156 156.7 156.8 156.6 155.9 154.9
156.1 156.6 154.9 154.7 154.3 153.6 153.4 153.1 152.4 150.9 148.7 146.1 140.7 122.6 101 81.6 75.7 82.3 97.9 110.9 112.9 100.5 82.5 94.3 109.7 121.6 130.7 134.8 128.1 116.6 102.9 98.5 96.2 96.5 98.8 100.7 104.4 107.4 109.6 115.7 121.7 124.1 125.2 125.4 122.7 117.8 110.4 101.1 106 113.5 119 122 124.9 128.4 132.1 135.2 137.6 140.7 144.1 147.7 150.1 151.4 151.4 150.2 149.4 149.7 150.6 151.9 153.3 155.8 156.3 158.5 159.5 159.3 159.5 159.2 158.2 156.2
159.8 159.3 158.7 158.3 157.3 156.2 154.2 153.6 152.8 151.5 149.6 140.6 124 104.7 85.9 78.6 84.2 95.6 108.6 117.1 115.9 107 83.5 96.6 107.9 118.1 130.4 135 133.1 126.1 111.4 102.6 100.4 101.2 98 105.1 105.5 107.6 109.6 111.7 116.8 118.1 119.7 119.8 116.9 113.1 108.1 102 102 109.6 118.6 122.5 125.2 128.9 133.8 137.8 142.1 144.7 147.2 150.2 152.4 153.8 153.9 153.8 153.2 153.7 154.8 155.9 156.9 159 160.6 161.6 162.5 162.2 161.4 161.3 159.2 157
164.7 163.3 162 160.8 158.9 157.1 154.9 153.7 152.6 148 137.4 121.9 104.1 83.8 82.6 84.7 94.5 106.1 115.5 122.7 122 107.8 87.1 98.7 106.5 116.8 127.6 133.5 135.6 133.2 124.9 109.5 102.9 103 101.6 101 105.3 107.9 110.4 112.7 114 116.8 117 117 116.9 112.8 110.3 109 106.2 108.4 116.8 122.1 125.6 129.5 135.6 141.3 145.4 147.8 149.8 151.5 153.4 155.9 156.9 157.8 158.6 159.4 159.5 159.2 160.5 162 164.1 165.3 165.7 165.5 164.3 162.8 160.3 157.7
167.9 167.3 165.7 163 160.1 157.3 154.6 152.3 143.2 130.6 116.7 101 84.8 84.5 88.7 99.3 111.8 122.5 127.7 129.1 124.7 109.6 91.2 105.9 112.8 118 122.9 131.3 137.6 138.2 132.9 123.4 109.9 106.3 106.6 106.4 105.4 106.9 110.5 111.6 113.8 115.7 118.4 118.5 117.7 116.4 116.1 114.6 112.5 109.5 113.2 120.3 123.8 128.3 136.6 143.3 147.9 150.5 151.8 153.1 155.4 158.2 159.8 160.8 162.5 163.1 162.5 162.4 163.5 164.7 165.7 166.8 167.2 167.6 166.6 164.2 161.1 158.5
170 169.1 167.3 164.9 162 155 147.2 135.7 123 108.7 95.7 85.3 91.7 93.3 99.6 114.8 127.2 133 133.2 132.2 126.8 115.4 102.8 107 125.8 126.6 127.2 130.4 134.4 138.9 140.2 134.1 123.3 115.5 113.6 110.9 111.3 111.5 110.6 112.7 115.3 119.1 121 122.4 122.8 122.5 123.1 122 118.4 114.5 109.4 118.6 122.7 127 135.8 143.9 149.2 151.5 152.8 154.5 157.5 159.6 161.3 162.8 164.6 165.4 164.9 165.1 165.8 166.3 167.2 168.1 168.6 168.9 168 166 162.6 158.4
171 169.9 168.1 165.2 159.3 147.5 133.1 116.5 101.2 89.5 92.1 96.4 100 106.5 115.7 129 136.3 136.9 137.7 135.2 130.4 125.1 110 110.1 127.3 135.9 133.5 131.5 134.6 138.2 142.4 138 132.5 124.2 118.9 115.8 113.2 111.9 112.7 112.3 116.8 119.2 122.8 125.6 126.8 127.8 128 128.1 129.1 125.3 115.3 117.6 123.6 126.2 132.3 141.8 148 151.1 153.3 155.7 158.1 159.8 162.5 165.3 167.1 167.2 167.3 167.1 167.5 167.9 168.6 169.4 170 170.2 169.7 167.8 163.4 158
171.5 170.2 167.8 163.8 152.2 137.1 119.1 101.5 94.8 98.1 99.9 104.2 108 121.1 134 137.9 140.7 140.5 139.2 137 133.8 128.5 112.6 113.3 129.9 139.8 139 136 136.4 139 141.3 136.8 132.4 125.6 120.5 117.1 114.5 114.8 114.1 112.5 117.3 117.9 120.6 124.3 127.4 130.2 132.4 134.2 135.9 134.8 123.8 113.2 123.3 127.4 130.2 137.3 145.5 150.2 152.5 155 157.3 160 163.1 166.1 168 168.6 168.7 169 169.3 169.7 170 171.5 172.4 172.1 170.7 168.9 164.8 158.1
171.6 169.9 167.6 160.8 144.6 123.5 105.3 97.6 95 105.8 115 121.7 128.8 138 142.5 143.3 144.2 143.6 141 138.9 135.5 130.6 116.9 117.7 133.4 142.3 143.5 141.4 141.2 141.1 141.2 135.1 129.9 124.5 120.7 118.6 116.5 118.6 116 114.2 116.2 119.8 120.2 121.5 124.4 128.8 133.7 136.8 138.9 137.9 129.6 115.7 122.7 126.8 128.7 133.6 141.5 146.7 150.7 153.3 155.8 159.6 163.8 166.3 167.5 168.5 169.8 170.1 170.7 171.3 173.6 174.2 173.7 173.1 171.7 169.6 164.1 157.3
172.9 170.8 168.4 157.9 139.3 113.8 96.9 102.5 112.2 120.8 129.1 137.1 143.1 146.3 149 149.5 147.9 146.2 143.7 141.5 139.2 135.6 124.2 117.9 136.5 142.8 145.6 145.6 144.1 143.2 141.2 133.7 129.1 126.3 122.6 121.5 120.2 120.3 117.9 117.6 118.6 119.4 120 120.1 122.6 126.8 130.6 132.9 135.3 137.9 133.4 118 123.1 125.4 128.7 132.3 137.8 143.1 148.5 151.4 154.2 158.5 162 164.3 166.6 169.1 170.4 171.2 173.2 174.9 175.7 175.1 174.7 174.3 172.4 169.2 163.2 155.7
173.9 172.5 168.2 156 136.6 113.5 103.8 115.9 126.8 136.7 143 146 147.8 151.1 152.9 152.2 151.1 149.2 148.3 147.5 145.7 143.3 134.5 116.3 133.5 143.5 147.7 149.5 148.2 146.1 140.7 133.8 130.5 127.4 125.2 122.9 121.7 121.5 120.3 120.2 118.8 119.2 118.9 120.3 121.7 123.5 126.6 127.5 129.7 132.6 130.8 115.9 121.9 124.7 128 131.7 135.3 140.5 145.2 149.3 153.4 155.7 159.2 162.1 166.5 169.5 171.9 174.3 175.6 176.6 176.3 176.1 175.6 174.6 172.1 166.5 159.6 153.2
174.9 173.2 168.8 155.6 136 112.8 108.8 123.5 138 144.4 147.5 150.2 152.4 154.2 155.3 154.6 153.2 152 151.1 150 149.2 147.3 141.8 124.7 133.4 144.2 150.1 152.8 152.6 149.6 141.6 135.6 131 127.8 125.8 126.9 125.3 124.1 122.6 121.6 120.3 120.3 119.8 121.6 123.1 123.8 124.1 124.6 126.1 129.6 124.3 117.4 119.3 124.2 129.8 132.1 134.8 139.7 144.5 147.7 150.9 152.9 156.8 161.2 165.6 168.1 172.2 175 176.5 177 177.2 177 175.6 173.9 169.8 163 156.2 150.8
174.3 171.8 168.6 154.1 133.2 108.4 115.2 128.1 141.1 148 150.7 153.3 155.1 156.5 157.3 156.6 155.3 154.3 153.4 152.5 151.9 150.4 145.1 131.4 131.8 144.5 151.5 155 156.3 152.4 143.9 138.2 131 128.2 128.6 130 129.3 127.6 123.5 122.6 120.2 120.3 120.7 121.3 123.5 124.9 125.7 125.1 125.2 124.4 118.7 118.7 123.1 130.8 135.6 135.5 137.2 141.8 146.3 147.3 149.8 152.9 156.2 161 164.4 166.9 172 174.7 176.8 177.4 177.7 176.8 175.1 171.7 166 159.6 153.8 148.9
172.9 170.2 167.5 152.1 128.7 104.4 119.3 130.4 141.5 149.3 153.4 155.5 156.9 158.1 158.5 158.5 157.9 157.3 156.9 155.6 155 153.8 146.6 142.5 127.6 145.6 151.2 155.3 156.8 153.5 147.3 140.1 132.7 133.1 134.4 136.6 135.9 131.4 127.1 124 121.2 120.5 123 123.1 122.5 124.7 126.2 125.7 125.6 122 119.6 120.4 126.5 134.2 137.2 137.7 138.8 144.9 148.2 151 152.5 153.9 157.5 161.7 164.3 167.3 171.5 174.3 176.8 177.8 177.8 176.3 173.7 169.8 164.1 158.4 152.7 147.3
171.5 169.6 166.6 149.8 125.1 111.2 122.8 131.3 139.7 148 152.9 156.2 158.2 159.3 159.8 160.3 159.6 160.6 160.7 159.4 158.5 156.8 153.4 146.8 136.6 140.5 149.4 154.3 156.1 155.1 151.9 144.9 141 139.3 142.6 146.7 144.1 135.8 129.9 125.2 124.2 122.4 126.2 127.1 126.5 125.7 125.9 126.8 126.8 122 121.1 121 127.1 134.9 138.2 137.1 140.5 147.6 151 153.3 154.8 156.8 160.7 163.4 165.3 168.2 171.2 174.1 176.9 178 177.1 176.1 173.4 169.6 164.3 157.8 152.4 145.2
170.1 168.7 165.1 146.1 120.9 114.7 123.5 132.1 138.1 146.2 152.5 156.5 158.7 160.4 160.9 161.1 161.1 161.6 162 162.4 161.2 160.2 159 154.1 145.5 141.9 149.1 153.6 155.7 156 154.1 150.4 147.3 145.2 150.8 153.2 149.8 137.9 129.9 125.1 125.4 126.3 125.8 127.2 128.4 128 128.4 129 128 123.5 123 122.8 125.3 135.4 139.5 137.6 144.4 149.5 153.4 155.8 156.7 158.5 162.1 164 166.3 169.6 172.1 173.7 176.2 176.2 175.3 175.5 173.6 169.8 163.9 157 151.5 142
168.5 166.7 162.8 142.4 117.4 115.8 128.2 134.3 134.8 143.8 151.8 157.4 159.9 161.2 162.1 162.6 163.5 164.6 165.8 165.1 164.2 163.8 160.9 158.3 154.2 148.7 148.3 153.7 156.2 157.1 155.3 154.7 152.7 152.5 153.8 154.3 145.5 134.6 129.2 126.6 126.3 127.5 131.1 133.4 135.1 133.7 131.8 132.3 132.7 125 123.4 125.3 124.1 133.6 140.7 141.2 146.1 151.1 155.7 158.2 159.3 160.4 163.1 165.1 168 170.5 172.3 174.2 174.8 175.5 176.2 175.7 173.4 169.4 163.4 156.3 148.7 143.8
166.9 165.1 159.6 138.1 116.7 118 136.1 141.9 139.7 141.2 151.5 158.6 160.9 162.3 163.7 164.2 165.1 165.9 167.1 167.9 166 166.8 164.7 161.8 160.4 155.9 153.4 155.6 158.2 159.2 158.6 158.1 158.1 157.6 156.4 148.7 139.6 133.4 129 127 127.9 131 136.6 142.7 146.5 147 139.6 137.9 139.3 132.7 125.5 125.8 127.1 128.7 140.3 142.9 146.1 150.8 156.6 160.1 161.4 162.7 163.8 167 171.6 174.3 176.3 177.1 177.8 178.7 178.3 177 174.7 170.1 163.9 155.7 147.6 144.5
165.5 162.4 148.5 133.3 120.9 118.3 134.9 143.4 147.6 151.3 152.2 159.7 162.2 163.9 164.9 166.1 166.7 168.5 169.9 171.3 171.4 170.1 167.4 164.8 162.7 160.2 158.8 158.3 160.3 161.8 161.8 161 160.8 160.4 156.3 143.3 134.4 131.6 130.8 129.8 134.3 140.7 148.5 154.2 158 156.1 151.4 149.9 148.5 145.9 140.1 132.2 129.4 126.3 131.2 141.5 145.8 150.7 155.8 160.8 163.3 164.5 166.2 171.2 174.9 177.3 178.9 179.4 180.3 181.2 179.3 177.5 174.9 170.4 164.8 157.2 148.8 146.4
158.9 149.1 133.2 129.5 127.5 114.5 129.8 142.1 151.1 156.8 158.4 161.8 164 165.6 166.8 167.9 168.5 170.4 172.8 173.6 173.6 172.8 170.3 168.2 165.6 163.4 162.9 161.6 162.8 164.4 164.3 163.7 163.3 162.8 153.6 139.4 134.9 133.7 132.5 135.8 144.6 151.9 160.3 165.9 165.6 162.2 160.1 158.5 157.1 155.7 154.3 147 136.6 130.2 131.9 140.3 146.2 152.1 157.6 162.3 164.9 166.9 170.6 175.4 177.5 180 181.1 181.8 182.6 182.3 180.1 177.9 174.8 171.5 166.1 159.7 151.2 148.5
150 136.6 134.5 142.3 139.3 124 123.5 140.6 152.7 158.6 160.8 163.7 166.4 168.2 169.2 170.4 170.9 172.1 174.2 175.2 175.7 175.5 173.8 170.5 167 166.5 166.6 163.8 164.7 166.3 167.3 166.8 167.2 166.6 154.2 144.9 139.9 140 146.3 152.6 158.8 164.5 170.1 172.2 171.1 168 166.3 164.6 162.4 160.7 159.1 157 151.1 140.6 134.3 140.5 147.1 153 159.3 163.3 165.9 169.1 173.4 176.5 179.4 180.7 182.1 183.6 184.1 183.2 181.4 179.6 176.3 173.5 168 161.8 153.1 150.7
141.8 137.2 147.6 153.2 147.4 131.6 125.1 140.9 153.5 159.3 163.7 166.5 167.9 169.8 171.6 173.2 174.6 176 179 179.9 179.5 177.9 176.2 173.3 169.3 169.6 168.9 166.4 166 168.4 170.4 170.6 170.1 167.8 162.4 158.2 154 157.1 161.9 166.6 171.6 176.2 178.1 177.1 175.5 173.3 171.4 168.9 166.1 163.6 161.6 159.4 155.9 148.6 137.1 139.3 147.3 154.2 159.8 164.4 167.5 171.4 174.7 177.1 180.3 181.8 184.3 184.8 184.2 183.5 182.8 180.8 177.3 174.4 169.8 164.7 157 151.2
142.6 150.7 158.6 156.4 150.1 139.2 124.3 137.9 153.4 161.8 166.4 168.6 169.3 170.2 172.9 174.8 176.8 178.9 181.7 183.4 183.1 180.5 177.5 174.6 171.8 172 170.3 168.1 166.8 171.3 173.9 174.7 174.6 172 170.4 169.5 168.5 168.8 172.7 177 180.2 182 182 180.6 178.7 176.6 174 171.2 168.4 165.7 163 160.2 156 149.3 139.6 140.4 149.9 155.2 160.8 165.3 169.4 172.4 175.3 177.9 180.8 183 184.5 184.5 184 183.6 183.7 181 178.9 175.4 172.5 168.1 162.6 153.8
155.7 163 163.2 159.2 154.3 147.3 129.6 136.1 153.5 163.9 168.1 169.5 170.6 172.1 173.6 175.8 177.8 179.9 182.5 184.7 184.7 183.3 179.4 176.5 174.3 173.9 171.8 170.1 167.5 173.4 176.9 177.4 177 176.1 176.2 176.4 177 176.1 178.7 181.4 183.7 185.3 184.8 183 181.4 178.1 175.3 172.1 169.2 166.6 163.9 160.5 155.4 148.5 140.3 145.8 152.4 158.4 162.2 166.7 170.7 173 175.9 178.3 180.4 182.2 183.5 184.1 184 183.7 183.6 182.2 179.9 176.7 173.8 170.8 163.4 156.1
