app/static/ascii/SN46.asc
ncols 200
nrows 200
xllcorner 240000
yllcorner 260000
cellsize 50
[rows 148 to 184 of 200, columns 84 to 167 of 200]
-1.2 -1.2 -1.2 -1.2 -1.2 -1.2 -1.2 -1.2 -1.2 -1.2 -1.2 -1.2 -1.2 -1.2 -1.2 -1.2 0.8 0.8 1.3 13.5 19.3 21.5 21.2 22.2 25.4 29.6 35.5 43.6 41.6 38.9 21.4 4.3 6.2 6.7 7.5 12 19.3 24.2 30.2 35.2 39.8 48.6 61 74 86 92.4 96.8 100 104.5 108.9 112 114.3 116.4 118.2 120.2 121.6 123.8 125.6 127.4 129.2 130.9 132.5 134.1 135.7 135.9 136.1 135.6 134.6 133.4 132.1 130.5 128.5 125.5 122 118.2 115.4 114.2 115.3 114.2 112.6 110.3 104.7 103.2 97.7
-1.2 -1.2 -1.2 -1.2 -1.2 -1.2 -1.2 -1.2 -1.2 -1.2 -1.2 -1.2 -1.2 14.6 19.4 23.1 26 21.5 24.2 23.1 27.1 28.8 32.2 33.7 40.8 54.3 59.2 58.8 50.5 34.9 14.2 7.2 6.5 6.8 7.2 10.9 20.2 25.8 32.6 38.4 45.7 53.6 58.1 69.1 79.1 88.8 93.8 98.9 105.2 109.5 112.3 114.5 117.1 119.1 121.1 123 124.4 126.6 128.4 130.2 131.8 133.5 135.2 136.5 137.2 137.7 137.7 137.7 136.8 135.3 133.3 131.2 128 124.5 120.3 118 116.9 120.7 120 117.7 114.9 110.6 107.5 100.5
-1.2 -1.2 -1.2 -1.2 -1.2 -1.2 -1.2 -1.2 -1.2 -1.2 -1.2 -1.2 2.5 34.1 35.5 39.3 48.5 43.2 44.1 42.8 42 42.3 48.5 52.9 60.7 63.9 62.4 58.1 47.5 28.5 13.5 7.5 7.2 7.4 7.8 12.4 21.5 28.4 36.4 43.5 50.9 56.9 62.1 69.7 86.1 95.1 98.8 102.9 107 110.1 112.7 115 117.5 119.4 121.9 123.8 126 128 129 131 132.5 134.4 136 137.4 138.7 139.7 140.5 140.8 140.2 138.3 136.3 133.4 130 127.4 124.7 121.4 123 124.9 124 121.8 119.3 114.9 107.4 107
-1.2 -1.2 -1.2 -1.2 -1.2 -1.2 -1.2 -1.2 -1.2 -1.2 0.9 5.6 46.8 51.6 44.4 47.9 59.7 65.4 64.6 61.5 58.2 57.5 57.5 60.1 62.6 64.2 63.1 57.2 49.8 28.3 18.9 8.4 7.9 6.7 8.3 15.6 25.1 34.6 41.7 47.2 52.6 58 63.1 78.4 90.9 96.6 101 105.5 108.5 110.1 113.8 115.8 118.1 120.3 123.3 125.3 127.1 128.8 130.6 131.8 133.3 135.4 137.1 138.9 140.8 142.2 143.2 143.5 142.7 141.1 138.7 135.6 132.8 130.4 128.1 124.8 125.2 127.5 127.1 125 122.1 118.6 114.7 110.8
-1.2 -1.2 -1.2 -1.2 -1.2 -1.2 -1.2 -1.2 0.2 1.4 20.5 47.6 62.1 63.8 50 59.2 70.3 76.5 76.8 73.9 73.2 70.3 65.6 65.2 64 62.6 60.3 56.2 50.1 36.9 16.7 11.4 8.7 8.6 10 8.9 27.2 35.1 38.8 43 49.5 57 62.2 72.8 88.2 96 100.5 105.9 109.2 111.4 114.3 116.6 118.9 121.9 125.1 127.2 128.5 129.7 131.6 133.1 135.1 136.3 138.2 140.7 142.6 144.4 145.8 145.7 145 143.6 142 139.4 135.6 132.8 130.4 127.9 126.6 128.8 128.8 126.8 124.2 122 118.6 114.8
-1.2 -1.2 -1.2 -1.2 -1.2 -1.2 -0.2 0.6 1.6 31 52.4 67.3 73.9 69.3 56.8 67.6 75.9 80.3 80.7 80.6 81.2 80.8 79.6 75 68.8 63.2 58.7 53.1 43.8 31.7 20.7 15.5 10.4 9.3 10.2 9.9 8.8 26.7 29.6 34.7 43.2 54.9 60.5 69.6 82.4 91.8 98.6 104.1 108.5 111.2 114.6 117.3 120.4 124.2 126.8 128.3 129.5 131.5 132.6 135.1 136.1 137.8 140.3 142.3 143.9 145.5 146.6 147.4 147.1 146.4 144.6 141.6 137.7 134.8 133.4 130.7 128.2 129.2 129.4 127.9 126.5 124.8 122 119.6
-1.2 -1.2 -1.2 -1.2 -1.2 0 0.9 1.7 27.2 45.7 67.7 77.7 80.8 71.2 65 73.8 78.8 81.7 83.7 83.9 84.3 84.7 82.4 78 71.2 64.3 56.8 45.5 37.3 30.4 23.2 18.1 14 10.4 9.5 9.5 8.5 15 30 38.6 46.4 58 61.6 63.1 74.9 83.7 94.7 101.3 106.1 110.5 114.1 118.3 122.1 125.5 127.5 129.4 131 132.8 134.5 136 137.9 139.9 142 143.7 144.9 146.5 147.5 148.4 148.7 147.5 145.6 142.6 139.2 135.6 133.7 132.2 130.2 130.3 129.4 128.9 128 126.3 124.6 124
-1.2 -1.2 -1.2 -1.2 0 0.9 2.3 24.8 37 55.5 78.8 84.1 80.2 74.7 74.8 77.5 82 85.4 87 87.9 87.7 87 83.7 78.8 73.3 67 62.4 55.3 46.1 37.1 27.7 20.9 18.9 14.3 10.2 9.9 6.9 10.5 11.6 34.6 44.8 59.4 66.9 74 81.8 89.2 94.6 100 106.4 111.2 116.2 120.2 123.7 126.1 128.1 130 132.1 133.9 135.9 138 139.8 141.8 143.6 145.2 146.3 147.5 148.3 149.2 148.9 148.2 145.8 143 139.8 136.6 134.4 132.4 131 130.6 130.1 130 129.2 128.3 127.3 126.6
-1.2 -1.2 -1.2 0.1 0.9 3 23 36.8 42.1 57 80 83.7 77.9 78.2 79 81.4 85.5 88.9 90.7 91.3 91 88.1 85.2 81.8 77.6 74.6 71 64.8 57.2 49.3 37.1 24.7 21.9 18.4 15.3 10.7 10.4 9.6 10.7 13.2 37.4 57.8 69.8 78.8 86.9 95 102 103.7 108.2 113.7 118.7 122.1 124.6 126.6 128.3 130.3 132.5 134.6 136.8 139.5 141.7 143.3 145 146 147.1 147.8 148.6 149.1 148.9 147.7 145.5 143 140.3 137.4 134.9 133.2 132.4 131.1 131.2 131 130.5 129.3 129.4 129.4
-1.2 -1.2 -0.1 0.7 1.7 17.1 33 49.8 50.2 57.3 66.3 74.1 74.4 81.2 82.5 86.5 90.3 92.7 93.5 93.2 92.3 90 86.8 85.5 84.1 81.9 80 76.2 69.3 61.6 46.5 35.7 29.9 21.6 18.5 11.5 11 10.3 11.6 12.2 21.5 47.7 69.7 81.6 91.5 100.4 107.1 110 113.6 116.7 121 122.8 124.6 126.4 127.9 130.7 132.8 135 138.1 140.7 142.8 144.5 145.7 146.8 147.5 148 148.5 148.6 148.2 146.6 144.2 142.2 140.1 137.5 136 134.1 133.3 133 132.8 133.5 132.2 132 131.8 131.8
-1.2 -0.2 0.5 1.4 17.4 33.6 51.5 66.5 73.5 59.7 64.8 72.5 83.3 83.8 86 88.4 91.5 91.8 92.6 93.7 94 92.5 90.4 90.8 90.4 90 87.5 82.7 76 65 52.8 43 30 24.3 21.1 13.8 11.6 10.9 9.8 12.5 13.2 29.1 57.3 82 94.8 104.1 109.7 112.9 116.4 119.2 121.5 122.9 123.8 125.6 128.2 130.6 133.1 136.2 139.4 141.9 143.8 144.9 145.8 146.3 146.5 146.9 147.5 147.1 146.8 145.3 143.6 141.8 139.6 138.1 136.9 135.9 134.9 134.6 134.8 133.7 134.4 134.2 134.3 135.2
-0.2 0.6 1.2 13.6 33.2 52.4 67.7 74 79.5 74.3 79.7 86 87.1 87.8 89.7 92 92.5 92.7 95 96.8 97.6 97 95.7 95.1 94.7 94.2 91.9 86.7 79 67.8 57.4 50.5 40.9 29.8 23.9 21.4 13.9 11.9 11.3 12.4 12.8 23.9 47.3 69.5 88.4 102 109.1 113.2 117.3 119 120.3 121.4 122.8 125.3 128 130.6 133.1 136.6 140 141.7 143.5 144.4 145.2 145.4 145.7 145.8 145.9 145.9 145.4 145.1 143.9 141.8 140.4 139.6 138 137.2 137.1 136.7 136.3 136 136.5 136.2 137.1 138
0.6 1.3 22 38.5 54.1 69.4 77.5 81.6 84.3 86.4 88 90 90.7 92.1 93 93.7 95.7 97.6 99.7 100.9 100.9 100.7 100.2 99.5 98.9 97.9 94.4 89 81.3 72.5 62.8 55.4 47.7 35.8 27.4 22.3 21.5 12.5 11.7 9.8 13.4 14.1 36.9 57.1 80.9 96.7 105.5 110.9 114.7 116.3 118.1 119.8 122 124.6 127.3 130.2 133.5 137.1 139.5 141 141.8 143.3 143.1 143.4 143.7 143.8 144.7 144.7 144.3 144.2 143.4 142.4 141.3 140.9 140 138.4 138.7 138.8 138.2 138.2 138.2 138.3 139.2 140.1
1.5 31.2 43.4 57.4 74.2 83 89.2 90.5 92.2 92.5 92.8 93.7 94.2 95.8 96.9 96.8 97 100.7 103.1 103.8 103.5 103.4 103.2 103 102.1 100.8 96.7 90.1 83.3 76.5 71.1 59.8 50.5 37.1 30.3 25.6 23.4 17.1 12.1 10.2 14.1 14.2 23.4 46.7 67.5 88.3 98.2 102.1 106.1 108.6 112.4 116.3 120.4 123.1 126.3 129.9 133.2 136.6 137.9 138.9 139.4 140.7 141.8 142.7 143.5 144 144.4 144.8 145.1 145.2 144.5 143.5 143.3 141.9 141.6 141.3 140.9 140.6 141 140.9 140.5 140.7 142.1 142.7
36.7 48.4 63.5 79.2 90.7 94.6 96.6 97 96.9 96.6 96.3 96.6 97.8 98.4 99.6 100.4 98.4 103.5 105.1 106 106.6 106.5 106 106.1 105.2 103.6 99.6 93.2 86.9 81.1 75.1 61.7 50.4 40.4 31.8 28.1 25.6 22.7 12.6 10.6 14.1 14.7 15.8 35.6 57 76.1 81.2 83.8 87.7 94.2 103.7 113.2 117.7 121.3 125.4 129.4 132.4 133.7 133.9 135.8 138 140.2 142.2 143.1 144 144.5 145.1 146.2 147 146.9 147.4 146.8 147.2 146.3 144.9 142.4 143.3 143.4 143.3 143.3 143.3 144.4 144.6 144.6
57.1 71.1 83 95.3 98.9 100.1 100.5 100.1 99.2 98.6 98.5 99.2 100.2 101 102 102.8 103.4 102 106 107.7 108.5 109.4 109.8 109.5 109.2 106.8 102.9 97.7 91.6 84.5 78 66.6 56.3 46.7 37.6 32.2 28.4 23.3 12.5 12.9 14.5 15.4 16.5 23.9 44.1 57.7 61.5 63 76.5 91.7 102.6 110.2 114.1 120 125 128.2 127.6 125.7 130 134.6 137.6 140.2 142.3 143.5 145 145.8 146.7 147.8 148.3 149.3 150.6 151.6 151.8 151.6 150.4 148 145.7 145.2 145.6 145.5 146.2 146.5 147.1 146
79.1 86.7 94.5 99.1 101.3 102.2 102.6 101.9 100.8 99.6 99.6 101.2 102.1 103.1 103.6 104.6 105.8 105 107 109.4 110.3 110.7 110.7 110.7 109.9 108.4 106 101.1 94.6 91.4 81.9 73.8 64.2 54.1 44.7 36.9 31 25.7 12.8 13.4 14.5 15.3 16.5 22.2 34.2 42.3 49.6 58.8 80.7 91.2 99 109.5 114 121.2 124.8 119.3 111.2 125.1 131.1 135.1 138 140.7 142.6 144.3 146.1 147.1 148.4 149.6 151.2 152.4 153.7 154.8 155.4 155.3 154.2 152.4 150.6 147.7 147.9 147.9 148.1 148.5 149 148.4
89 92.6 97.2 100.1 101.6 102.9 103.5 102.9 101.4 100.1 100.9 102.9 103.9 104.2 104.8 105.7 107 107.6 106.2 109.2 110.2 110.7 111 110.5 109.8 108.7 106.8 102.5 99.8 97.1 91.2 83.9 72.6 61.8 50.5 43.8 33.4 27.8 15.4 14.1 14.5 14.5 12.8 21.5 31.9 40.1 50.1 68.8 83.6 91.9 98.7 110.6 119.5 124.4 119.4 106.8 110.5 128 132.8 136.1 138.8 141.5 143.6 145.4 147.3 148.8 150.8 152.5 154.1 155.4 156.6 157.7 158 158.2 157.5 155.9 153.6 151.4 150 149.6 149.6 149.9 150.4 150.9
93.4 96.2 98.3 100.4 102 103.1 103.5 102.8 101.5 100.3 103 104.1 105.1 105.8 106 106.3 107.4 108.3 108.1 107.9 109.6 110.6 111 110.6 109.9 108.9 107.9 106.4 104.5 102.3 99.1 92.9 83.1 63.8 66 56.9 35.8 30.5 24.9 14.3 14.8 15.1 15.2 17.1 28.7 36.1 53 72.8 83.8 90.5 98 112.1 120.5 122.1 112.4 95.3 113.4 128.6 133.6 136.8 139 142.3 144.4 146.7 149.1 151.7 153.9 155.4 156.8 158.5 159.6 160.7 161.3 160.6 159.2 157 154.8 152.6 151 150 150 150.1 150.8 151.4
92 94.3 97 99.4 101.4 102.8 102.7 101.9 100.6 100.7 103.8 105.5 106.9 107.6 108 108.1 108.4 110 110.6 111.1 110.6 111 111.2 112 111.6 110.3 109.8 109.4 108.6 106.8 104.1 99.1 84.5 79.2 76.3 69.3 59.5 50.8 32.6 14.9 14.6 15.3 16.1 15 20.8 29.6 48.1 66.2 79.8 88 95.3 109.6 114.2 114.4 105.6 87.9 104.7 125.4 133.2 137.6 140.9 143.6 145.9 148.6 152.1 154.9 157.3 158.4 160.3 161.7 162.7 163.4 163.4 162.3 159.9 157.6 154.9 152.7 151.4 150.5 149.6 149.5 150.3 151.5
76.4 87.5 90.7 96.3 99.6 100 100.2 99.8 97.2 103 105 106.6 108.1 109.3 110.5 111.3 112.1 113.1 114.6 115.1 115.5 115.1 112.3 114.4 113.7 113.3 112.8 112.3 111.6 110.2 108.3 94.1 88.2 97.5 91.8 78.5 70.6 62 43.8 29 19.5 16 16.6 16.6 15.2 23.6 38.7 57 70 81.3 92.7 94.1 98.4 100 87.1 78.3 91.7 120.3 133.8 139 141.9 144.5 146.1 151.9 155 158.1 160.7 162.2 164 165.5 165.9 165.9 165.1 163 160.4 157.7 155.2 152.9 151.6 149.9 148.4 147.4 147.9 150.1
54.3 67.9 84.9 91.2 92.4 92.2 92.4 89.1 92.2 102.7 106.3 108.6 110.5 112 113.2 114.2 115.3 116.4 117.5 118 118 118.9 118.9 118.8 117.2 117.4 117.5 116.3 114.9 113.1 104.6 92.1 105.5 105.2 96.7 87 80.4 71.1 52.4 30.3 24.1 17.7 17.7 17.3 16.9 16.1 24 43.7 59.3 68.5 74.6 74.3 75.5 72.7 64.9 74.3 99.5 121.2 135.1 140.3 142.9 146.8 150.8 154.9 158.3 161.5 164 166.2 167.8 169 168.6 167.5 166 163.3 160.8 158.4 155.9 153.7 151.5 149 146.6 144.9 145 146.2
47.3 51.6 73.7 85.7 79.3 77.8 77.6 83.5 87.5 101.7 104.1 108.2 111.9 113.6 114.8 115.9 117.1 118 119.2 119.4 120.2 121.6 122 121.4 120.5 120.5 120.9 119.8 117.7 114.5 104.9 98.5 110.2 109.1 102.8 98.5 90.8 83.2 66.3 43.8 28.3 22.3 20.4 18.3 17.7 17.6 18 19.5 36.8 46.9 52 53.2 49 55.3 64.9 80.2 106 129 136.6 141.4 145.2 149.1 153.4 157.9 161.3 164.6 167.3 169.6 170.9 171.2 170.3 168.5 166.2 163.3 160.9 158.9 156.7 154.6 152.4 149.8 146.5 143.2 142.2 142.6
64.7 61.6 51.7 63.5 67.9 82.5 92.2 88 96.4 105.1 107.5 108.4 109.6 112.9 115.3 115.2 116.6 119.5 120.8 120.3 122.6 124 124.3 123.7 122.9 123 123 121.7 119.5 117.2 115.4 103.3 111.4 112.9 110 106.6 99.5 93.1 78.7 56.1 37.5 30.4 30.2 25.1 22.5 18.3 18.6 16.8 18.9 21.1 32.2 35.4 45.3 56.3 73.1 100.2 120.5 130.2 137.8 142.9 147 151.3 156.1 160.3 163.7 167.1 169.8 172 173.2 172.8 171.7 169.1 166.3 163.3 160.9 158.7 156.8 154.4 151.8 148.5 145.6 142.2 141.2 141
80.1 75.7 64.7 69.1 84.1 92.7 97.6 101.9 105.1 108.1 110.3 112.4 113.7 114.7 113.6 116.2 116.7 118.7 120.9 123.9 124.9 125.2 125.5 125.3 125.4 125.6 124.3 122.4 121.5 120.6 115.5 109.4 116.6 116.3 114.3 111 104.8 96.2 85.2 74.2 54.8 35.2 33 28.5 25.5 23.6 18.5 18.6 19.2 20.9 25.3 32.2 36.9 50.5 71.3 90.8 110.1 126.4 137.2 144.2 149.3 153.2 157.5 161.4 164.9 168.2 170.8 172.8 173.7 173.9 171.8 168.6 165.6 162.2 160.6 158.5 157.1 153.3 150.5 147.3 142.9 140.6 139.3 139.4
86.5 84.7 77.7 60.1 83.1 95.5 101.3 104.4 107.6 110.2 112.6 114.6 116.3 117.5 118.8 120.2 121.2 122.6 123.8 125.1 125.7 126.4 126.1 126.4 126.8 126.5 125.4 125 124.9 123.6 120.7 119.8 119.8 119.1 117.1 113.7 108 99 90.1 77.2 49 43.6 35.7 31.9 29.1 28.5 29.3 21.8 19.3 20.2 21.6 23.2 28.6 38 49.9 67.2 85.3 104.6 126.9 143.3 150.3 154.3 158.3 161.9 165.6 167.9 169.6 171.4 173.5 173.2 170.7 167.4 163.8 161.2 159.8 158.1 154.8 151.8 149.4 145 141.6 139.4 138.5 138.2
91.4 91.1 85.9 73 70.8 92 101.8 106.4 109.4 112.3 114.6 116.6 118.3 119.6 120.9 121.9 122.7 123.6 124.6 126 126.4 127.2 127.4 127.7 127.9 128.4 128.7 128.7 129 127.4 124.2 125.9 123.3 121.1 119.3 116 111.1 101 87.4 72.9 55.5 48.3 42.7 40 36 34.2 34.1 33.4 25.2 20.1 20.9 22.2 25.3 33.3 38.7 48.2 61.1 79.8 104.7 128.6 144.2 150.6 156.1 160.2 164.2 165.5 167 169.4 170.9 170.1 167.9 164.9 162.4 161.2 158.5 155.9 152.9 150.4 146.7 143.3 140.2 137.8 136.9 136.4
95.9 95.8 93.5 86.3 73 85.7 99 105.5 110.7 114.2 116.5 118.7 120.1 121.5 122.1 123.1 123.9 125.2 126.3 126.9 127.3 127.8 128.5 129.9 130.9 131.2 131.6 132.2 132.7 132 129 130.4 126.8 123 120.6 117.3 110.5 98.4 86.3 65.6 65.8 61.1 58.6 53.7 47.4 42.4 39.4 36.9 34.7 18.1 20.5 21.3 23.8 30.3 34.4 40.1 46.4 58.1 77.8 99.4 117.1 132.7 145 154.1 159.2 162.3 163.9 166.2 167.2 165.7 163.9 163.1 162.5 160 155.5 152.7 150 148.3 144.9 141.6 138.5 136.3 135.2 134.3
99.4 99.7 97.4 92.5 89.9 86 88 101.7 108.4 112.7 115.4 118.1 120.1 121.6 122.7 123.7 124.7 125.6 126.9 127.5 128.4 129.1 129.9 131 132.2 132.6 133.8 134.5 135.1 135.3 133.1 129.5 126.7 123.6 120.9 116 105.4 96.9 88.4 82.9 78.7 76.5 70 68.1 60.2 49.9 45.4 40 37.8 34.8 23.9 20.5 19.7 25.2 32.7 36.5 39.6 44.2 55.7 71.9 93.5 112.6 127.9 143.1 153 156.7 159.4 162.2 162.7 162.3 162.2 163 162.2 155.8 152.4 148.7 147.2 146 143.4 141 138.8 136.6 134.6 132.6
102.6 103.6 102.2 99.5 94.8 90.8 87.3 85.2 94.8 104 109.7 112.8 116 120.4 122 122.6 123.9 124.8 126.5 128.1 129.4 130.4 131 132.1 133.2 134.4 134.6 135.5 135.7 136.6 135.2 131.8 128.2 124.9 119.7 114 103.5 96.8 84.8 94.8 97.6 93.1 88.5 77.1 65.3 58.3 55.1 47.3 41.6 39.4 36.7 21.5 22 21.1 23.2 34.1 36.4 39.5 44.4 54 72 89.9 107.6 127.6 141.3 149 152.9 157 158.8 159.5 160.6 162.1 160.5 156.9 150.9 144.8 144.4 144.2 142.9 141.6 140.3 137.1 134.5 131.4
106.5 107.2 106.7 104.5 100.2 97.1 98.2 95.8 89.5 97.9 106.3 112.4 114.4 116.4 119.5 118.6 122.5 124.3 126.4 128.7 130.1 131.1 131.1 131 132.4 134.3 137.4 138.1 139.3 138.6 137 134.6 131.6 127.7 122.8 115.5 104 96.9 102.6 112.2 115 108.5 100.7 84.8 75.4 74.7 73.8 66.6 51.2 42.7 42.3 35.3 23.1 23.1 23.7 24.9 35.5 37.4 40 46 56.4 70.1 88 107.6 126.9 138.5 146.1 152.3 155.1 157 158.3 158.1 157.5 153.9 146.3 142.2 142.1 142.6 143 142.8 141.9 138.6 134.1 131
108.1 109.1 109.1 108.3 107.1 102.7 101.9 102 101.5 92.8 102.3 108.9 111.6 112 115 116.7 121.6 122.4 127.2 129.2 129.7 129.8 133 134 136.6 138.7 140.5 141.2 142.3 141.5 139.9 137.5 135.2 132.7 129.3 121.1 110.4 109.7 121.2 122.6 120.1 115.8 108.8 95.1 96.7 94.4 85.5 74.9 59 49.3 61.5 51.4 33.2 23.5 21.3 24.1 35.9 37 38.5 43.4 48.9 57.6 72.1 91.3 108.7 124.8 139.3 148.7 153.4 155.8 154.4 152.3 151 147 141.4 139.9 140.2 141.6 142.9 143.3 141.8 139.5 135 129.1
109.5 110.8 110.9 111.7 111.4 109 105.8 106.1 105.6 102.5 96.4 105.8 109.3 112.7 116.3 120.1 122 122.4 126.5 127.5 131 133 134.7 136.7 138.9 141 142.8 143.8 143.9 143.6 142.3 140.5 138.2 135.8 133.2 127 117.3 121.4 126.5 125.9 124.1 120.5 113.8 113.1 110.3 103.3 93.2 81.1 64.3 63.3 79.2 71.2 51.8 25.6 21.9 24.4 34.8 36.3 38.1 41.4 46.2 52.6 62.6 78.9 96.3 113.2 132.5 145.4 149.9 149.1 145.1 143.8 143.8 140.7 138.5 137.2 138.6 140.1 141.7 142.6 142.2 139.4 133.8 126.9
110.9 112.4 113.2 114.2 114.3 113.1 111.4 110 109.3 107.2 97.6 106.8 110.7 113.9 117.9 122.2 125.7 127.8 129.4 131 132.5 134.6 136.4 138 139.7 141.3 143 144.4 144.7 145 144.7 143.3 140.9 138.1 134.6 130.1 120.6 127.5 130.5 128.9 127.3 124.6 123.8 122.2 116.8 107.7 93.9 80.7 70.2 83.2 101.1 96.2 71.7 41 24.5 24.5 25 36.4 38 40.1 44.1 50.8 58.6 68.8 84 103.5 126.3 138.3 139.1 135.7 132 136 139.8 138.5 135.6 134.8 135.8 137.8 140 141.9 141.5 137.2 130.6 123.4
111.6 113.5 115.3 116.4 116.8 116.2 115.8 113.9 112.1 110.2 107.1 104.5 111.6 115.2 119.8 124.4 127.7 130.2 131.4 133 134.1 135.6 137.3 138.5 140.1 141.6 143.2 144.7 145.5 145.9 146 144.8 142.5 139.5 136.1 132.8 128.6 132.7 133.6 132.3 131 129.4 128.1 125.2 116.6 104.6 97 91.3 87.2 90.5 104.6 108.8 83.4 50.4 31.2 24.6 25.3 33.6 38.6 40.6 44 50.7 55.9 62.8 74.5 94.2 111.3 120.7 120.3 118.4 121 130.6 136.6 136.6 134.6 131.6 131.8 131.1 134.2 137.4 136.8 131.3 125.8 117.6
112.4 114.8 117 118.4 119 118.8 118.4 116.6 114.3 112.9 110 104.2 112.7 116.2 121.7 125.7 128.6 131 132.5 133.5 134.7 136.6 137.8 139.1 140.5 141.9 143.6 144.9 145.9 146.7 146.9 145.8 143.9 141.4 138.3 135.9 134.5 136.8 136.5 135.4 134 132.8 130.6 128.8 120.7 115.3 114.1 113.4 104.1 100.3 102.4 112.6 94.2 63.2 38.7 25 25.9 26.5 38.3 42.4 46 49.7 53.3 59.4 67 83.8 94 97.2 100.5 105.6 115.5 128.5 135 135.2 132.8 130.3 126.5 124.4 126.8 131 130.3 125.4 117.9 109.2
112.5 116.2 118.7 119.8 120.4 120.1 119.6 118.3 116.3 114.8 114 113.9 108.5 116 120.4 124.9 128.2 130.6 132.6 133.9 135.2 136.6 137.9 139.2 140.6 142.1 144 145 146 147 147.4 146.8 145.4 143.1 141.1 139.3 138.5 139.1 138.6 138 137.7 136.1 132.7 130.5 129.5 128.5 128.8 128.1 125.3 115 108.1 113.7 110.2 81.2 51 24.5 26.3 26.7 39 43.8 47.8 49.2 52.3 57.8 62.4 69.2 76.2 82.4 91.3 103.6 118.9 130.2 134.4 132.8 130.7 128.1 125.3 122 118.6 123.1 124.4 120.5 112 103.2
