app/static/ascii/SN50.asc
ncols 200
nrows 200
xllcorner 250000
yllcorner 200000
cellsize 50
[rows 37 to 73 of 200, columns 82 to 163 of 200]
164.3 171.7 176.3 179.6 181.3 180.5 176.6 171.9 167.7 161.9 159.5 157.1 153.9 151.2 152.4 153.5 154.6 156.8 158.3 159.6 160.5 159.7 158.9 158.6 157.2 155.7 152.9 149.5 148 145.9 144 141.6 139.5 137.8 136.5 136.1 136.8 136.5 137.4 137.2 138.5 141.9 148 151.8 149 146.9 140.9 132.7 125.1 115.9 108.1 101.8 100.5 100.1 101 102.7 99.1 94.1 88.9 82.6 85.7 85.9 85.9 85.7 83.2 81 79.3 75.2 72.5 69.5 65.9 60.9 57.3 49.2 46.6 48.4 51.7 56.7 60.4 69.8 77.9 81.5
162.3 168.9 172.2 174.6 176.5 176.8 175.1 171.1 166.9 162 158.9 155.8 153.1 150.3 152.1 153.2 154.2 154.3 154.3 158.5 159.3 159.4 158.7 158.5 157.7 156.1 153 149.1 149.4 147.9 145.5 143.8 142.5 140.6 138.1 138.4 139.6 138.9 138.7 141.2 144.6 151 158.4 158.1 154.1 152.6 149.4 142.1 133.4 122.9 113.4 106.5 103.2 103.1 103.5 105 101.4 96.7 91.2 85 89.5 93.1 90.8 90.9 90.8 87.7 83.6 78.3 74.3 70.5 65.1 59.7 56.3 49 45.8 47.3 50.1 56.1 58.1 69.1 74.2 77.5
157.5 163 167.3 168.8 171.2 172.4 170.9 169.9 165.2 160 156.4 153.6 152 149.4 151.3 153 154 154.4 154.9 156 157.3 157.3 157.9 158.4 158 155.8 153.8 152.9 151.8 151 148.9 147.1 145.9 144.9 142.6 142.4 142.4 141.4 143.1 147.5 149.9 157.4 159.1 160.2 157.5 154.2 151.4 146.8 138.1 126.5 116.4 109.8 106 106 106 104.8 101.6 97.4 92.8 87.6 92.4 96.1 94.3 94.2 94.7 89.8 84.4 80.8 76 70 64.8 59.4 55 48.9 44.4 45 46.6 53.3 57 65.2 69.4 73.3
154.3 156 157.7 162.2 165.1 166.2 164.8 164.2 162.3 158 154.1 152.4 150.7 148.7 150.9 152.6 153.6 154.4 154.9 155.3 155.5 156 157.8 158.3 157.9 156.8 156 155.8 154.9 154.1 153.2 152.2 151.6 149.6 147.3 146.9 146 145.7 147.9 149.8 154.3 158.4 159 159.8 156.6 153.4 151.5 147.6 139.3 128.1 119.8 113.1 108.8 107.5 105.9 103.9 101.2 97.8 92.9 90.1 95.9 98.2 102.6 99.4 96.3 91.8 86.9 82.9 77.6 69.7 65 61.9 53.9 48.6 43.8 44.7 45 49 55.4 60.8 64.7 69.2
151.3 152.8 153.5 154.9 158.4 158.3 157.1 154.9 154.5 153.5 150.8 148.5 149.2 149.8 151.1 152.5 153.3 154.2 155.1 153.8 153.4 154.4 156.4 158.1 158.4 158.6 158.2 159.6 158.6 157.8 157.7 158.1 157.4 157.4 154.7 150.4 149.6 149.5 150.7 152.2 156 156.9 159 158.5 155.6 152.4 151.3 147.5 139.2 130.7 120.9 114.6 110.6 108.4 105.8 102.7 100 96.8 91.6 94.8 98.7 102.6 104.5 101.4 96.7 92.2 87.5 83.8 75.8 69.5 65 62.3 53.3 48.9 43.5 43.6 43.9 47.5 53.2 55.5 57.4 57.9
148.6 149.8 150.8 151.9 152.7 152.9 151.9 150.8 149.8 147.9 150.8 153.2 153.2 152.2 152 152.7 153.7 155.1 154.3 150.6 151 151.9 153 155.7 158.6 160.7 161.9 164 164.4 162.1 161.5 163.8 164.4 165.1 164.6 160.2 154.3 153.5 152.9 154.3 156.4 158.2 159.3 157.3 154.4 151.2 149.7 144.1 138.2 129.5 120.7 115.7 112.2 108.9 104.2 101.3 98.9 95.8 94.9 98.5 101.9 103.8 106.5 103.2 98.2 92 86.3 80.8 74.7 69.8 64.5 61 52.9 49 44.4 42.7 43.6 46.9 48.8 55.5 60.8 66.1
145.8 146.6 148.5 149 149.5 148.8 145.7 141.3 140.2 147.7 150.6 153.9 156.3 156.7 158.4 159.1 158.7 156.4 151.7 151.3 151.1 150.5 150.7 152.7 158.2 162 165.5 167.3 168.5 166.7 163.6 164.8 167.1 168.9 169.5 167.9 160.6 156.2 155.4 155.4 156.5 158.1 158.5 156.3 153.4 149.4 144.6 140.9 136.4 129.6 120.4 116.5 112.4 108.4 103.8 100.7 97.9 96.8 98.2 100.7 102.8 104.1 107.2 104.5 96.3 90.9 86.6 83.1 77.6 69.8 63.5 59.9 52.4 48 43.5 41.6 43.6 45.6 46.8 53.8 58.9 65.2
141.7 140.8 140.1 138.7 139.4 139.4 137.6 137.4 144.3 148.1 149.9 154 157.9 160.2 163.4 164.7 163 157.6 151.6 151 150.8 150.3 149.5 150.2 152.7 160.3 164.6 166 168.5 167.7 164.8 164.5 167.1 169.6 171.4 170.6 168.7 164 157.6 155.4 156 156.7 156.3 155.7 153.4 148.6 144.5 140.7 137 130.2 119.1 115.8 112.1 107.1 102.9 100.6 98.6 98.7 99.8 102.3 103.2 103.6 104.7 99.6 92.2 88.9 88.9 88.2 81.9 69.9 63.3 58.6 51.6 46.2 42.3 41.1 42.3 43.9 45.4 51.9 57.6 65.2
142 144.2 145.4 146.2 146.5 143.9 143.9 143.4 146.1 148.3 149.6 154.2 159.4 161.7 165.3 166.9 165.2 159.8 151 150.8 150.5 150 149 148.9 149 151.9 157.2 163.5 166.8 166.4 161 162.9 166.4 168.9 170.2 171.3 171.4 169.6 162.5 158.1 156 154.3 154.1 153.6 151.1 145.6 142.1 138.8 135.3 128.1 117 114.3 111.1 105.8 102.5 100.9 99.9 99.7 100.6 102.3 102.2 99.8 98.3 93.7 88.8 89 90.7 91.9 82.2 67.9 61.3 57.1 49.7 43.6 41.4 40.9 42.1 43 45.3 51.4 57.6 66.4
143.7 145.5 146.9 148.1 148.8 148.6 147 146.1 147.7 149.3 150.4 156.1 158 160.9 165.3 167.7 165.3 160.7 153.2 150.4 149.8 149.2 148.6 148.6 149.5 150.4 153.1 158.5 160.6 159.2 159.3 161.2 165.1 167.2 168.7 169.5 169 166.6 163.5 159.4 156.3 153.8 150.9 148.9 146.1 140.7 138.6 136.4 133.4 125.1 116.5 112.9 108.5 104.8 103.6 102.6 101 100.9 101.1 101.3 100.7 98.3 96.1 89.1 86 86.1 86.6 82.2 73.3 63 57.5 55.2 47.7 40.5 40 40.4 41.5 42.4 45.9 51.3 58.8 69
144.6 146.5 148.4 149.7 150.3 150.2 149.8 149.5 149.8 150.9 152.4 155.5 156.7 160.6 164.1 165 163.9 160.8 153.2 150 149.3 148.7 147.9 149.1 149.9 150.8 152.6 155.2 155.8 156.2 157.4 159.2 162.6 164.3 165.8 166.8 165.8 163.8 162.5 158.5 155.4 152.6 148 144.2 140.5 137.7 135.8 133.5 129.6 121.3 115 111.4 107.5 104.7 106.7 106.4 102.9 101.8 101.7 101 99.2 96 94.1 85.7 80.8 81 79.6 73.3 65 58.3 55.7 52.3 46.3 39.6 40.6 40.4 41.3 41.8 45.3 51.7 59.1 71.1
145.3 147.6 149.9 151.3 152.1 152.3 152.4 152.3 153 153.6 154.2 155.2 156.6 159.8 161 161.5 161.1 158.5 151.7 149.7 148.8 148 147.7 149.1 150.4 151.2 152.9 154.6 154.4 154.5 155.8 157.7 159.7 161.7 163.6 165 164.6 163.7 162.6 157.8 154.9 151.3 146 140.3 136 134.2 132.6 131.4 125.1 117.7 113.4 109.6 107.9 108 110.8 110.7 106.4 102.5 102.1 99.9 96.4 93.1 87.6 80.5 75.7 74.7 70.9 64.5 58 55.3 52.8 49.6 43.6 39.3 39.8 39.9 39.8 40.8 46.6 52.8 61.6 74.1
144.9 148.3 151.3 152.8 154.2 154.6 154.9 154.8 154.9 155.6 153.9 155.1 155.8 156.9 157.3 157.8 156.3 154.8 150.9 148.8 147.7 147.1 148 150.1 151.8 153.4 153.5 153.8 154.1 154 154.2 156 157.9 159.9 161.6 162.6 162.9 161.8 158.5 154.5 153.1 148.6 142.5 137.3 133.4 131.7 130 127.6 121 115.2 110.4 109.9 112.8 114.2 116.4 116 110.1 104 100.6 97.7 94.8 91.6 82.8 75.9 70.7 67.7 62.8 57.3 53.6 52.3 49.3 47.6 41.1 39.1 39.3 39.5 39.5 39.5 46.6 56.1 65.1 75.8
145.8 149.1 152.3 153.9 155.6 157 157.3 156.6 156.8 155.9 155.3 155.1 155.4 155.9 156.5 155.7 153.9 152.1 149.8 149 147.3 147 147.9 150.1 153.3 155.1 153.8 153.5 153.6 153.4 153.3 154.3 156.2 158.1 159.6 160.4 160.3 157.8 154.3 151.3 148.9 144.8 138.9 133.7 130.9 129.2 127.4 123 117.8 112.4 111.3 115.5 119.4 121.8 122.3 119.5 112.4 105.3 99.7 96.3 93.2 88.9 78.6 70.8 63.6 62.2 56.7 50.5 46.5 48.1 45.2 43.7 39.8 38.8 38.6 38.9 39.1 40.9 44.8 58.1 67.3 75.9
145.9 150.1 152.9 154.7 156.1 157.4 157.8 157.3 156.4 155.5 155.7 154.8 154.9 155.1 154.7 153.2 151.8 149.7 148.9 148.2 147.4 147.2 148.1 150.4 153.5 153.9 153.5 153.2 153 152.8 152.6 153.3 154.3 155.7 157 157.3 155.8 153 150.3 147.3 144.2 140.7 134.3 131.1 129 127.4 124.8 120.2 115.3 112.6 117.1 122.9 124.7 125 124.1 119.4 113.1 106.2 99.8 94.4 91.4 84.2 74 64.1 60.2 56.9 50.1 44.5 43.5 43.3 43.1 39.6 38.9 38.6 38.2 38.1 41.3 39.7 48.8 61.4 68.7 76.4
145.1 150.2 152.9 154.4 155.5 156.5 157.5 157 156.5 155.8 155.1 154.2 153.4 153.7 152.3 151 149.7 148.9 148 147.3 146.5 145.9 147.2 148.5 151 150.6 151.2 151.9 152.1 152 151.8 152.2 152.1 152.9 153.8 153.2 150.7 148.5 146.4 143.2 139.4 135.7 131.3 128.6 126.7 124.9 121 117.4 113.3 114.7 124 125.6 124.9 124.6 121.7 116.1 110.3 104.1 96.1 90.1 83.9 75.2 68.1 58.4 55.1 52.2 46.5 42.6 41.3 41.5 42.9 38.5 38.1 37.9 37.7 40.7 38.3 43.7 51.4 63.3 71.2 77.3
143.5 148.2 150.9 152.1 153.1 154.4 155.4 156.7 156.3 155.8 154.7 154 153.2 152 150.8 150.2 149.4 148.5 147.6 146.8 145.9 145.1 146.3 147.3 148.4 149.3 149.9 150.5 151 151 150.8 150.5 150.1 150 149.7 148.7 145.9 144.4 142.8 139.2 135.5 132.1 129.6 127.2 124.8 121.5 118.3 114.7 113.9 118.2 123.7 122.7 122.8 122 117.6 112.9 106.7 101 94.3 84.9 76 69.3 63.2 55.1 51.1 46.8 41.4 40.8 40.5 40.9 40.2 37.6 37.1 37 40.7 37.5 44.1 48.9 54.5 63.8 70.6 77.9
139.8 145.2 147.5 149 150.6 152.3 153.3 155.3 156.1 156.4 156.1 155.4 154.3 152.8 151.2 149.8 149 148.2 147.5 146.7 145.9 145 143.9 144.7 146.4 147.3 148.3 149.2 149.6 149.8 149.5 149.2 148.8 148.2 147 145.6 143.3 141.5 139.5 136.6 133.5 130.8 128.2 125.7 123.3 119.9 116.5 114.6 114 117.3 121.7 121.8 121.2 119.5 114.9 110 104.4 99.5 93.5 86.2 74.4 68.4 59.1 52.2 49.1 42.8 40.3 39.7 38.5 38.6 41.5 37.6 37.4 41.1 37.9 43.8 50.5 55.1 59.4 65.6 72 80.9
134.5 140.9 143.1 145.5 147.9 150.2 151.8 153.8 155.7 156.7 158.3 158.1 155.6 153.3 151.7 150.4 149.3 148.3 147.5 146.7 145.8 144.9 141.7 142.3 144.2 145.3 146.3 147.1 147.6 147.8 147.5 147.4 147.1 146.4 145.2 143.4 141.5 139.5 137 134.2 131.2 129 126.8 124.3 121.8 118.5 115.1 113.4 113.6 116 119.8 119.9 118.9 116.1 112.2 107.2 102.1 97.4 91.5 81.4 72.8 63.3 55.5 49.5 46.5 38.9 38.1 35.6 34.6 34.7 37.7 41.8 39 39.6 44.2 50.1 56.5 61.8 66.7 69.9 76.3 84
129.6 134.2 138.2 141.5 144.9 148 150.1 152.1 154.1 156.8 159.2 159.3 156.4 153.4 152 151.1 149.7 148.4 147.5 146.8 146.2 144.6 141.5 139.9 142 143.3 144.2 145.1 145.7 145.9 145.8 145.6 145.3 144.3 142.4 140.7 138.6 136.6 134.3 131.4 128.6 126.5 124.3 122.1 120.2 117.3 114.4 114.6 113.7 115.3 116.1 115.9 114.7 114.1 107.7 103 98.9 94.7 89.1 80.3 72 58.5 53 48.5 43 38.8 35.5 34.9 39.6 38.3 38.7 41.8 43.3 46.9 51.7 56.8 61.6 66.9 70.5 74.7 86.2 96.7
126.5 130.5 135.2 139.7 143.3 146 148.1 150.3 152.9 155.5 157.5 157.3 155.6 153.2 152 151.7 151.2 150.3 149.6 148.4 147.2 144.6 142.9 139.9 139 141.4 142.3 143.3 143.9 144.2 143.8 143.2 142.2 140 138 136.4 134.9 133 131.1 128.6 126.1 124.1 122.2 120.4 118.4 116.2 115.1 116.6 114.2 111.5 112.1 112.9 113.6 112.3 109.8 109.3 103.1 97.7 91.9 80.5 70.2 57.2 50.3 47 43.7 36.3 34.4 37.7 39.5 40.5 45.8 47.2 48.8 52.1 57.6 62.2 66.4 69.6 73.2 78.8 97 111.6
124 128.5 133.2 138.2 142 144.4 146 149.5 152.5 154.4 155.7 155.4 154.5 153.2 152.9 153.1 153 152.4 151.3 149.3 147.3 144.6 142.9 140.7 137.1 140.1 140.9 141.8 142.3 142.4 141.8 140.9 137.6 135.7 133.6 132.1 130.7 129 127.6 125.3 123.4 122.1 120.6 118.6 116.1 115.5 116.4 117 114.2 109.4 111.7 114.8 116 116.1 116.1 115.8 112.6 107.9 96.2 81.1 68 55.3 48 44.9 41.2 32.3 33 39.2 40.4 43.2 49.9 52.4 54.3 56.9 63.9 67 70.3 73.6 78 85.1 106.1 119.8
121.9 127 132.6 138.1 141.5 144.2 146.8 150.2 153.5 155.1 156 155.7 155.2 154.6 154.2 154 153.8 153.8 153.1 150.5 147.3 144.1 141.6 139.8 137.6 138.1 139.5 140.4 140.8 140.7 140.1 137.1 133.7 131.6 129.9 128.5 126.4 124.7 122.8 121.2 120.1 118.9 117.7 115.5 114.9 116.6 119.1 118.4 115.8 110.7 108.5 110.5 112.2 113.7 115.8 115.4 112.1 108.2 97.9 80.2 66.8 55.4 46.6 41.3 38.5 32 33.6 38.8 43.2 49.4 53.6 56.4 59 62.2 66.4 70.6 74.1 78.3 84.1 90.3 118.1 123.9
123.1 127.7 133.8 138.6 142.6 144.6 148.6 152.4 155.7 157.2 157.6 156.9 156.4 156 155.1 154.1 153.8 153.4 152.6 150.4 146.8 143.3 140.6 138.5 136.9 137.2 138.6 139.6 139.8 139.7 138.4 134.8 131.6 129.3 127.1 124.5 122 120 117.9 117.1 116.7 115.8 114.7 112.4 115.9 120.3 122.2 120.6 117.7 112.6 105.8 102.6 104.7 106.5 110.1 110.8 107.2 102.3 92 76.1 63.3 51.8 43.4 37.6 33.7 31.7 38.7 44.8 48.3 52.7 57.3 59.8 62.5 65.6 69.2 73.4 77.3 82.6 90.3 98.7 115.6 124
124.8 129.6 135.5 139.4 143.5 147.7 151.9 155.5 158.3 159.8 160.1 159.4 157.8 157.4 156.5 155.4 153.3 152.4 151.2 149.1 145.6 142 139.1 137.3 134.2 136.1 138.1 139.6 139.7 139.5 137.7 133.9 130.2 127.6 125.2 122.3 118.7 115.1 113.7 113.3 112.9 112.5 111 113.4 119 124.1 125 122.8 119.2 113.2 104.8 95.2 97.4 97.4 100 99.8 96.4 92.3 82.2 70.3 56.9 43.7 34.2 32.4 31.8 32.1 39.2 46.5 52.1 56.2 59.9 62.6 65.3 68.8 72.1 76.2 80.5 86.3 96.4 104.9 113.7 116.5
130.3 134 137.6 141 145.8 150.7 154.3 158 160.9 162.9 163.3 161.8 160.2 158.8 156.7 154.6 152.6 150.7 149.6 147.4 144 140.3 137.6 136 133.8 136.8 139 140.4 140.4 139.9 137.6 133.8 129.8 126.2 122 117.7 114.1 110.2 109.5 109.1 108.7 108.1 111 115.4 123.5 127.8 127.8 125.3 120.4 112.3 101.7 89.2 91.6 89.6 88.5 88.5 86.1 80.5 72.4 62.7 50.2 35.9 30 30.4 30.2 36.2 43.5 51.4 56.1 59.6 62.4 65 67.5 70.2 74.6 79.6 84.2 90 100.9 107.1 116.1 118.4
134.2 137.5 140.3 143.7 148.4 152.5 156.5 160.7 164.2 165.9 165.9 164.2 162.1 159.7 156.3 154.3 151.8 149.4 148.3 145.8 143.3 139.6 136.9 134.9 133.6 137.3 139.6 141.4 141 140.2 137.6 133.8 130 125.6 118.7 112.5 108.8 106 105 104.8 104.3 105.2 111.5 118.7 126.4 129.9 129.5 124.5 118.4 110.9 99 82.7 84.4 82.8 79.2 77.9 76.9 71.2 64.3 55.6 47.1 30.8 31.2 31.9 31.2 40.6 48.9 54.1 58.7 61.8 64.4 66.8 68.8 71.7 77.5 82.9 88.4 92.4 105.3 110.4 116.5 121.4
137 141 143.5 147 150 153.4 157.6 162.7 166.5 167.9 167.2 164.8 162.6 160.3 157 153.6 151 148.4 146.7 144.3 142 139.1 137.2 135 133.5 138.3 140.6 142.3 142.1 140.1 137.7 134 129.8 125.4 119.2 111.8 106.3 103.7 102.2 100.6 100.9 105.7 112.8 121.7 128.7 130.9 129.7 124.3 116.1 105.8 95.7 77.8 75.6 77.3 72.9 71.1 68.5 63.2 56.8 50.7 44.5 33.4 30.7 33.1 35.5 41.3 50 56.6 62 64.2 66.8 68.5 70.2 73.9 80.6 86 94.9 97.8 113 113 115.1 119.3
139.4 143.2 148.2 149.8 151.8 154.8 160 164.4 168 169.3 167.9 165.5 162.9 160.6 157.2 153.5 150.6 147.8 145.2 143 140.7 138 135.5 132.1 133.5 139.8 143 143.6 142.6 139.9 136 131.1 127.5 123.8 117.8 110.7 106 102.3 99.5 97.5 99.4 105.9 113.5 122.1 128.5 132 130.6 124.8 115.8 102.2 89.6 75.3 65 67.6 65.5 62.7 60 55.6 50.4 46.8 43.1 35.2 29.5 33.5 42.8 47.4 54 61.3 65.3 67.1 68.7 70.4 71.6 77.3 83.7 90.7 98.6 103.8 113.6 114 115.6 116.9
141 146.9 151.8 153.5 156 159.3 161.1 163.5 167.2 170.6 168.5 166.1 163.6 161.3 157.3 153.7 150.3 147.1 144 141.7 139.4 136.5 133.6 127.7 136.8 142.7 143.7 143.5 141 136.3 130.9 124.4 120.5 115.5 111.8 108.1 105.1 101.5 98 95.7 98.4 105.1 112.1 120.7 126.9 129.7 128.8 124 113.6 100.2 85 73.8 66 57.6 57.8 54.6 51.2 46.7 43 40.8 37.8 32.3 29.2 34.5 43.5 51.2 58.7 65.2 67.3 69 70.3 72.1 75.4 81.3 88.3 95.2 100.5 107.1 112 116.7 116.4 117.1
140.4 147.5 151.4 155.2 162.2 165.5 162.5 163.3 167.3 170 168.5 166.6 164.4 163.9 159.2 153.7 150 146.5 142.8 140.3 138 133.4 127.9 135.6 137.8 139.5 137.8 135 131.7 128.7 128.7 126.4 125.5 120.8 115.3 108.2 104.4 100.9 96.8 94.7 97.7 103.7 111.5 119.1 123 124.6 123.3 117.6 108.8 93.5 79.4 68.1 61.6 55.6 48.1 46.6 42.3 38.2 35.7 30.8 29.7 29.7 28.9 38.8 44.4 52.2 61.3 66.7 69.2 70.8 72.1 73.3 79.6 85.9 93.7 101.3 103.6 107.9 111.6 117.7 118.5 116.9
139.2 145.6 150.7 156.7 164 166.5 162.2 163.5 166.2 166.9 165.6 164.3 165.7 164.2 158.4 152 149.2 146.4 143.3 139.1 136.5 130.7 132.5 134.3 134.6 132.5 132 132.1 131.8 131.4 133.7 134 131.1 125.6 118.6 110.8 103.4 100.4 95.5 93.8 97.2 104.2 113 116.7 117.8 115.4 113.6 108.9 99.4 86.2 73.9 63.8 56.2 50.3 42.7 41.9 38.8 33 29.8 27.8 28.6 29.2 30.6 46 49.1 55.6 63.5 68.2 70.5 72.4 73.7 78 84.7 91.4 98.1 101.9 104.7 108.7 111.4 114.7 117.9 116.6
135.5 143.5 150.1 155.9 164 163.9 160.1 161.4 162.7 162.7 162.7 163.9 163.4 159.2 152.8 149.1 146.9 144.5 140.6 137.3 134.6 128.7 127.6 129.7 130 131.8 134.6 134.6 136 136.5 136.6 134.7 131.1 125.8 119.7 111.5 103.6 100 94.5 93.5 97 104.8 111.4 112.3 111.7 109 105.8 99.3 92.9 83.7 69.3 59 51.5 43.7 39.7 34.6 31.3 27.4 27.6 28.8 30.1 29.9 35.4 46.6 53 58.7 66.1 70.3 72.7 74.5 79.3 84.5 90.6 94.4 98.6 101.2 103.6 108.3 111.2 113.2 115.1 116.5
131.3 140.4 146.6 154.6 162 158.3 156.9 159.5 159.8 159.7 161.1 162 158.5 153.5 148.9 146.9 144.8 142.6 138.8 135.4 132.3 127.1 121.8 126.6 129.5 131.2 132.4 133.9 135.4 136.9 136.4 134.2 130.6 125.8 119.5 111.5 103.8 99.5 93.2 92.8 97.3 102.8 105.5 103.5 100.9 101.6 100.3 93.9 88.5 81.3 66.9 53.8 46.1 38.3 33.7 28.3 27.3 28.7 33.9 37.3 37.1 35 42.1 48.1 54.6 63.8 70 73.4 77.4 81.7 87.7 91.8 94.3 95.5 97.9 100 102 106.1 109.6 111.2 112.1 113.6
129.2 136.1 142.4 154.7 156.2 152.7 155.2 157.1 156.4 156.9 159.7 157.6 153.4 148.5 146.9 145.2 143 140.5 137.3 133.6 130.5 125.3 121.1 127.3 127.4 128.1 129.6 132.5 134.1 135.1 134.5 132.2 128.3 124.1 117.8 110.9 104 99.7 92.6 90.4 95.5 96.9 95.8 93.4 93.1 94.5 94.4 91.1 85.1 76.8 62.9 49.7 40 34.7 29.7 25.9 28.6 31.9 37.4 40.5 40.8 39.6 48.9 52.9 58.5 67.4 75.4 81 86.3 87.3 93.1 96.2 96.8 97.2 96.5 97.1 100.9 104.2 107.3 108.9 109.5 110
126 133.2 140.7 151.2 148.7 149.1 153.8 153.4 153.4 153.9 154.5 151.6 147.8 145.9 145.2 143.7 141.7 139.1 136 132.5 128.3 123.5 120.8 124 124.3 125.4 127.6 130.9 133.5 135.6 136.4 134.7 129.7 124.1 117.1 110.6 104.7 100.3 93.4 84 90.9 91.8 89.7 87.6 86.9 87.9 89.9 88.5 83 73.4 59.5 45.8 37.2 32 27.6 26 29.4 36.5 40.3 43.5 45.1 47.2 49.6 56.7 63.9 75.3 86.3 93.9 95.4 92.1 94.3 97.2 98.3 99.4 98.8 98.6 101.6 102.8 102.9 105.8 106.7 109.3
123.6 128.8 139 142.7 143 148.5 150.2 150.6 150.9 150.1 147.8 145.3 144.4 143.3 142.7 142.6 140.7 137.7 134.6 130.1 125.8 121 111.2 119.7 121.6 124.9 128.5 133.7 137.8 140.8 141.7 139.4 135.3 127.4 119.5 111.4 105.5 101.1 95.3 87.4 80.2 85.6 85.8 84.7 83.9 84.3 85.1 83.4 79.1 69.5 56.3 42.5 34.9 29.9 26.3 25.8 29.7 38.8 43.1 46.5 48.4 50.4 50.6 59.6 73 89.3 105.7 111.5 107.9 99.9 94.5 94.5 94.8 96.7 98.8 100.8 102.3 102.2 100 101.2 103.4 105.3
