app/static/ascii/SN51.asc
ncols 200
nrows 200
xllcorner 250000
yllcorner 210000
cellsize 50
[rows 70 to 104 of 200, columns 80 to 159 of 200]
146.9 143 139.1 135.3 132 128.4 124.6 116.7 104.3 110.5 117.5 123.1 126.8 130 132.5 135.5 138.8 142.4 145.3 147.6 148.7 149.2 151.2 154.6 157.8 160.1 161.1 160.3 154.6 159.4 160.5 164.3 167.4 169.2 170.2 171.7 173.2 175.6 178 177.6 175.6 171 175 179.8 185.2 187.7 189 190.7 191.7 193.5 196.1 198.6 200.3 202.2 204 205.8 207.4 208.9 210.4 211.9 212.8 213.1 216.8 222.4 225.4 226.5 229.1 233.9 239.3 243.8 243.1 244 247.1 245.2 242.7 240.9 240.5 240.4 241.5 243.3
146.8 142.7 138.5 134.2 129.9 125.7 122.9 111.3 103.7 112.4 120.2 123.7 125 126.8 129 134.3 137.9 141.2 144.1 146.9 146.9 145.8 147.8 150.9 153.7 154.4 150.3 151 155.7 156 153.8 160.6 165.5 167.3 166.8 168 171.3 170.5 165.9 174.1 177.2 180.2 182.9 184.6 188.7 191.3 192.8 194.4 195.7 196.6 199.2 201.1 202.9 204.8 206.8 208.8 210.4 212.2 214.1 215.7 217.6 218.1 221.9 225.4 227.2 229 233.6 238.5 240.4 241.5 242.6 241.1 240 239.8 241.2 241.3 240.6 239.9 240.1 241
146.2 142.2 138 132.9 126.6 121 113.1 102.2 105.3 115.1 119 118 115.3 115.9 119.6 126.4 132.9 140.1 143 144.2 139.6 141.3 144.3 145.4 138.1 148.1 153.1 157.4 160.1 160.7 156.2 158.1 161.3 160.5 161 162.2 166.4 170.8 173.9 178.1 181.4 184.2 186.9 189.6 192.2 193.8 195.3 197.4 199 200.4 201.9 203.8 205.6 207.7 209.7 211.8 214.3 216.2 218.1 220.3 222.3 224.1 223.8 225.5 228.8 231.8 233.5 236.3 238.2 239.8 239.1 238.2 238.6 239.6 241 241.1 240.4 240.5 240.2 242.8
145.5 142.1 136.7 130.1 122.5 115.3 99.9 104.3 109.4 115.2 112.1 111.7 116.3 119.1 122.6 127.4 128.2 127.1 127.2 130.3 139.5 144.6 148 138.1 150.7 153.4 156.1 159.6 161.9 162.1 160.8 160.2 161.8 165.4 166.7 166.3 169.4 173 177.7 181.8 184.6 187.3 189.9 192.5 194.6 196.3 197.9 200 202.2 203.6 204.8 206.6 208.6 210.7 212.9 215.5 218.2 220.2 222.5 224.7 226.5 227.3 227.7 229 232.3 233.7 235.5 237.1 241.3 240.4 237 236.9 238.9 239.6 240.9 242.3 241.8 241.2 242.4 243.6
141.5 139.2 133.8 124.4 115 102.3 102.2 102.5 105.7 109.3 112.6 115.9 119.7 123.6 127.7 132.5 136.1 138.5 140 139.5 139.5 136.5 138.6 148.6 152.9 155.9 158.9 161.7 162.7 162.2 161.8 162.5 164.9 167.7 169.7 171.3 172.8 176.1 181.2 184.6 187.6 190.1 192.3 194.6 196.8 198.7 200.4 202.6 204.8 206.7 207.9 209.4 211.7 214 216.5 219.5 221.8 223.8 225.9 227.4 228.9 230 231.1 230.9 231.7 232.7 235.7 238.6 237.7 236.1 237.3 237.6 240.7 244.5 250.8 253.9 248.6 239.1 238.9 238.1
136.4 132.8 125.5 115.7 105.4 98.6 105.8 110.2 109.8 113.8 116.4 119.7 125.3 129.3 133.1 137 140 142.2 143 143 144.7 147.2 150 153.2 156.1 158.2 161.6 162.4 161.5 161.4 161.5 163.5 166.4 169.7 172.1 174.6 177.4 180.3 184.4 187.5 190.8 192.8 195 197.2 199.4 201.1 202.9 204.8 207 208.9 210.2 212.3 214.7 217.1 219.6 222.5 224.7 226.8 228.1 229.4 230.8 232.2 232.8 232.9 233.2 232.8 234.4 234.1 236.2 240 244.9 248.3 250.7 255.3 254.9 252.4 244.2 234.4 231.7 229.1
128.4 123.1 115.5 103.8 99.6 97.8 105.9 113 115.2 118.2 121.8 124.9 129.1 133 137.4 140.8 143.6 145 145.9 146.5 147.9 150.6 153.3 156.3 159.6 161.4 162.5 160.6 159.4 160.6 162.4 165.7 169.5 173.3 175.9 178.8 181.5 184.5 187.4 190.6 193.9 195.8 198 200.2 201.6 203.5 205.3 207.2 209.1 210.8 212.9 215.2 217.4 219.8 222.5 225.2 227.6 229.6 230.6 231.5 232.3 233.2 234.1 234.7 235.1 234.8 235 239.5 244.2 249.1 250.9 251.4 252.8 252 251 248.3 241.9 232.8 226.4 223.4
115.5 108.6 97.9 94.6 95.2 107.7 113.5 116.4 119 120.3 123.8 127.5 132 136.1 140.3 143.5 145.4 145.9 147.4 148.7 149.5 152.7 155.7 159 161.6 161.3 159.7 157.8 159.6 162.6 165.9 170.1 176 180.5 183.1 186.1 186.9 189.7 192.6 194.6 197 199.1 201 202.3 204 205.5 207.1 208.9 210.8 212.7 215.2 217.9 220.2 222.7 225.3 227.7 230.1 231.5 232 232.2 233 233.9 234.3 234.6 236.3 239 242.5 245.1 246.2 248.2 249.3 250.7 251.3 250.7 249.9 247.5 243 232.9 226.5 221.1
96.9 93 94.7 96.4 110.6 116.2 118.5 118.9 121.4 123.8 121.8 129.4 134.4 138.3 141.8 142.6 143.5 146.8 149.7 151.3 151.9 153.2 155.6 158.4 158.5 157.7 156.9 159 162.6 171 175.5 178.8 185.3 189 191.3 192.2 192.9 195.1 197.5 199.5 201.1 202.2 203.1 204.3 205.5 207 208.3 210 212.4 214.5 217 219.7 222.5 225.2 227.6 229.7 231.7 232.9 233.6 233.4 233.2 233 233.9 234.4 242.7 242.9 240.8 242.6 246.5 250.5 251.8 252.4 252.8 252.6 251.4 247.6 241.3 235.1 229.6 225.1
93.8 94.9 97.8 112.4 118.1 121.5 123.3 124.1 125.5 127 128.1 128.2 131 134 136.7 138.6 141.3 146.9 151.2 153.7 152.9 153.2 154.8 155.8 156 156.2 157.9 162 170 177.7 182.5 185.6 191.6 194.2 196.2 198 198.8 200 200.7 202.3 203.9 204.7 205.3 206.1 206.9 207.9 209 210.4 213.1 216.2 219 221.8 224.7 227 228.9 230.9 232.9 233.8 233.1 232.5 232.3 232.3 232.9 237.7 241.2 236.9 238.8 243.4 247 249.1 251.5 248.8 243.3 243.1 243.1 242.7 240.9 236.2 233.6 230.6
102.6 108.2 113.5 118.4 123 126.4 128.4 128.9 129.3 130.8 131.9 132.5 133.9 136 138.4 140.3 140.5 143.4 149.2 152.5 152.7 152 152.5 153.2 155.1 157.3 162.3 167.6 175.8 183 187.4 190.3 195.3 197.7 200.1 201.9 202.4 203.4 204.3 205.1 206.7 207.2 207.7 206.5 207.4 208.2 209.6 210.8 213.7 217.4 220.9 223.7 226.3 228.4 230.2 232 233.4 232.7 231.9 230.9 231 231.6 232.8 231.4 231 233.3 240 245.1 247.2 249.3 251.2 252.7 246.3 245.1 244.4 243.9 242.3 238.9 237.2 238.3
109.4 113.5 118.6 122.6 126.3 130 133 133.6 133.3 134.6 135.7 136.7 138.7 141.5 143.6 145.1 146.8 148.2 149.8 150.4 151.6 152.4 153.6 155.7 158.4 162 166.2 171.8 179.6 184.6 188.5 191.8 195.7 198.8 201.5 203.7 205.6 206.6 207.5 208.5 209.4 209.4 208.4 206.8 207.5 208.2 209.7 211.2 215 218.8 222.3 225.3 227.4 229.5 231.7 231.9 231.4 231 229.5 225.6 226.4 227.5 227.6 227.6 228.1 232 235 240.5 247.3 249.1 248.2 248.6 249.7 246 245.3 246.1 246 242.9 242.4 245.5
113.5 117.5 121.6 125.5 129.4 132.8 135.5 136.6 137.6 138.4 139.6 141.4 143.3 145.8 147.6 149.3 150.9 152.5 154.5 155.3 156.2 157.1 158 159.6 161.6 165 169 174.9 180.5 183.6 187 191.5 195.1 198.6 201.8 205.3 208.6 209.7 210.2 210.2 210.8 209.6 208.1 207.1 207.5 208.3 209.9 212 215.5 219.3 221.9 224.4 227 228.8 228.4 227 227.6 224.8 220.1 221 222.8 223 223.3 224.6 228.5 231.7 235 238.4 243.4 241 237.4 241.9 242.4 244.1 245.9 251.3 251.6 249.3 250.2 256.1
113.3 120 124.1 127.8 131.1 134.5 137.4 139.5 140.5 141.7 143.2 144.4 146.3 149.3 151.6 153.2 154.8 156.5 158.3 159.3 159.7 160.4 161.3 162.3 163.9 166.4 170.7 174.5 177.6 181.4 186 190.4 194.5 198.2 202.4 206 208.7 210.2 210.8 210.6 210.1 208 207.2 206.9 207.4 208.4 210.3 212.5 215 217.6 220 221.8 224.4 223.5 222.4 221.4 217.2 215.7 215.9 216.5 218.6 219.6 220.9 225.5 227.8 221.3 234.8 233.4 231.9 231.1 232.6 232.8 236.2 240.5 248.7 260.5 260 259.9 268.7 272.3
106.4 120.5 125.3 128.9 132.5 136 139.2 141.3 143.5 144.8 146.5 147.7 149.2 151.6 153.7 156.8 158.7 160.4 161.8 162.5 162.9 163.1 163.9 164.1 164.9 166 168.4 171.6 174.7 179.6 184.6 188.4 193.6 198.9 202.7 205.4 207.9 209.1 210.3 210.6 208.3 206.7 206.7 206.4 207 207.9 209.5 211 212.5 213.9 215.1 215.5 217.6 216 214.9 213.4 211.6 211.3 212.2 213.5 217.1 219.6 222.1 227.1 221.2 220.8 225.5 226.4 227.7 229.9 230.1 231 234.5 241.8 250.9 261.4 261.9 267.1 276.4 278.9
107.5 118.4 126.1 130 133.4 136.4 139.1 141.2 144.2 145.8 146.6 147.9 149.9 152.9 155.8 158.3 161.6 162.5 161.5 161.1 161.6 162.5 163.2 163.8 163.7 164.2 165.4 168.6 172.6 177.7 183.1 187.4 192.4 197.7 200.1 201.8 204.1 207.6 210.5 209.2 204.9 204.7 205.6 206 206.1 206.1 206.3 206.3 206 205.4 207.2 209.4 210.6 211.1 211.2 209.6 208.3 208.7 211.2 213.7 218.7 220.4 220.8 221.1 222.7 225.2 223.3 223.4 226.3 228.8 230.2 231.6 235.7 244 252.3 257.4 261.6 268.1 274 267.8
120.8 107.7 125.1 129 132.7 135 136.8 138.2 141.4 142.7 143.6 144.8 147.1 150.2 153.9 157.4 160 159.5 157.9 157.2 157.4 159.4 160.8 161.3 161 161.3 162.9 166.1 170.6 175.8 181.2 186.3 190.7 194.2 196.1 199 203.5 208.3 208.6 203.3 202.3 203.2 204.2 204.8 203.3 201.2 199.3 197.4 198.3 202.2 204.7 206.4 208.2 208.7 207.6 206.4 205.6 207.9 210.4 215.6 220.4 219.6 216.7 220.7 224.9 223.2 222 223.5 226.5 230.6 234 236.5 243.7 248.5 255.4 258.9 263.1 266 264.2 256.3
127 126.5 120.8 117.5 125 126.4 126.9 131.3 136.3 136.9 138.9 141 144 146.6 150.7 154.4 156.5 156.1 153.9 151.9 151 154.2 157.8 158.4 157.8 158 160 164.6 169.6 174.6 180 184.9 187.9 190.6 193.6 197.7 201.9 204.5 199.9 198.2 199.3 202.3 201.7 198.4 196.1 193 192 192.9 195.7 200.5 203.8 205.7 206.2 206.5 206.2 207.2 206.7 207.3 211.6 216.5 221.8 218 216.9 220.4 224 224 223 229 235.3 236.6 243.8 252.8 256 260.7 262.8 263.6 263.3 259 252.7 248.4
131.8 131.9 131.2 133.3 131.8 134.1 132.6 132.4 122.6 127.4 133.6 137.8 140.3 142.2 145 149.8 152.8 152.2 149.9 148.3 148.5 152.1 154.4 154.7 154.6 156.6 160 164.8 169.5 174.7 180.1 183.4 184.8 186.8 191.3 197.3 198.8 194.5 193.3 194.3 196.2 193 191.3 190.3 188.6 188.7 188.5 189.8 195 198.8 201.1 202.2 204.4 206.8 209.8 210.6 208.3 207.4 208.6 209.8 210.9 214.1 222.2 224.2 227.1 233.6 239.5 245.8 246.5 247.6 253 257.1 262.5 265 267.1 267.1 259.8 249.5 244.6 243.6
138.5 139.3 141.2 143.6 143.6 142.4 141.1 136.7 134.1 126.7 128.8 134 136.5 137.3 138.6 143.2 146.6 146.4 145.9 144.9 146.3 149.4 150.2 150.3 152 156.6 160.2 164.7 169.4 175.2 178 179.7 181.4 185.3 190.5 192.4 190 189 189.1 187.7 188.7 188.3 187.4 186.6 186.1 185.7 186.3 189.2 194.2 196.4 197.6 198.5 202 210 211.9 211.2 209.4 206.4 205.2 207.1 207.9 216.4 226.3 231.6 237.2 242.9 249.5 250 250.7 253.3 257.9 261.2 265 268 272.4 264.2 252.4 244.2 243.4 243.3
145.3 148.3 151 153.9 155.7 151.4 148.4 144.5 137.2 130 126 129.9 132.1 133.2 134.7 136.2 139.3 141.3 141.7 142.2 144.1 146.6 147.1 147.1 152.5 156.4 160.3 164.7 169.4 174.3 174.3 175.4 179.6 184.9 186.6 185.8 186.4 184.4 183.5 186.3 187.4 186.1 184.6 184.2 183.8 184 187.1 191.4 193.5 195.1 195.6 196.8 199.8 206 208.6 209.9 209.6 207.2 207.6 210 221.8 234.2 238.3 240.5 244.5 248.2 249.9 251.4 254 257.3 259.9 263.7 266.7 267.7 264.2 257.4 247.8 243.2 242.4 242.4
145.1 155.7 158.3 161.1 160.6 156.5 151.4 144.5 137.9 131.4 128 128.2 128.8 129.6 131.1 131.9 133.4 137.1 138 138.9 142 144.1 144.8 146.3 151.5 156.6 160.5 164.4 167.1 169.9 170.7 172.7 178.9 183.8 181.9 180.6 179 180.2 179.1 171.6 184 185.4 182.5 182.5 184.1 185.4 188.2 192.8 197.8 197.3 195.5 197 197.5 200.8 206.2 208.6 210.8 214.8 225.7 236.1 242.6 246.2 244.5 244.5 247.3 250.6 251.9 252.1 254.5 256.8 259.6 262.6 263.3 262.8 260.3 251.8 245.5 242.5 241.7 241
146.4 146.4 153.8 157.6 164.1 160.8 152.8 144.2 137 131.9 132.2 132.5 133.3 133.2 132.8 135.2 138.9 143.3 143 139.8 138.8 141.5 142.7 145.9 151.2 155.6 159.2 163 165.5 165.8 167.3 173.1 180.3 176.6 172.9 176.8 177.7 181.5 171.1 171.3 175.4 179.1 180.2 184.3 186.3 187.3 188 191.9 197.6 200.8 201.3 199.6 199.6 199.8 201.6 213.7 225.7 233.3 240.8 245.5 247.7 245.9 243.9 244.5 247.3 250.7 252 251.1 252.4 255 258.5 260.9 260.8 259.6 256.2 250.1 245.1 241 240.1 239.4
157.5 150.9 148.3 158.7 162.5 158.7 152.7 142.7 137 133.1 135.6 137.2 138.3 138.3 137.6 139.1 142 145.8 146.2 143.8 142.4 141.9 142.3 144.8 148.6 152 155.9 159.2 160.9 162.9 166.1 171 169.2 167.4 165.7 171.1 177.2 179.7 171.3 171.4 171.9 178.1 181.6 186.4 188 188.7 190.2 192.4 202.1 207.2 209 208.6 207.4 211.7 221.5 235.1 243.1 245.2 244.2 244.2 243.8 243 242 243.4 246.6 249.6 249.1 248.3 250.4 254.4 258.8 260.5 259.7 259 256.5 251.7 246.6 242.4 238.9 236.9
157.6 158.3 156.9 150.7 154.5 153.4 146.9 139.2 135.7 136.5 138.7 141.8 144.1 145.9 146 149.5 150.9 151.8 149.9 146.1 144.3 144.1 144.1 145.7 147.1 148.4 152.4 155 156.7 158.7 162.6 161.8 159.9 162.1 165.5 170.4 176.2 177.5 175.5 177.4 177.7 178.9 182.3 185.5 187.6 189.5 200.1 211.1 218.1 220.5 222.1 225.3 225.9 229 237.1 246.7 251.1 246.9 242.1 240.4 241.4 242.4 241.7 243 245.1 246.7 246.5 247.4 250.8 255.1 258.5 259.7 260.2 259.9 257.5 252.3 247.1 242.4 239.3 236.6
156.5 157 157.1 154.9 152.7 149.7 144.3 140.5 137.5 139.6 143.5 147.7 151.7 153 157.1 161.5 160.8 159.2 154.5 150.6 148.8 146.7 146.2 147.6 149 149.9 150.4 151 151.6 151.2 155.7 158.1 160.2 162.1 164.3 167.2 171.6 174.2 175.3 177.8 179.4 183.4 186.7 190.5 193.1 209 222.4 228.1 231.3 232.9 236 237 236.8 238.6 246.6 250.3 245 237.7 237.4 237.4 238.5 240 241.8 243.2 244.6 245.5 246.1 248.2 251.8 255.5 257.8 258.8 259.8 259.3 255.7 249.4 245.2 241.7 239.2 236.3
156.5 156.7 156.8 155.9 154.5 153.7 154.7 147.1 143.2 144.8 147.8 152.2 155.3 159.2 163.3 165.4 164.5 162.6 159 156 152.8 149.6 148.6 150.3 152.2 153 153.8 154 153.6 155.6 159.1 161.8 163.9 165.8 167.8 168.2 169.8 175.1 175.2 179.4 186.2 193.5 197.6 203.6 213.2 226.5 234 236.3 240.6 243.2 245.4 244.4 244.4 244 244.7 242.1 237.4 237.4 237.4 237.4 238.5 240.5 242.3 243.2 244.4 245.6 247.2 250.8 254.8 256.1 256.8 256.9 256.5 255.2 250.9 246.9 242.9 239.6 237.5 234.8
159 159.5 160.1 160.8 160.2 159.1 155 155.9 152 148.5 151.9 155.2 158.6 163.3 168 168.5 166.5 164.5 162.3 159.7 156.4 153.3 151.1 154.2 156.3 157 157.3 155.6 155.7 161.8 165.6 166.8 168.5 171.6 174.1 174.6 176.6 178.2 180.7 188.6 197.6 202.8 206 212.5 223.3 234.6 240.6 244.3 248.8 247.9 247.3 246.9 244.9 243 237.4 237.4 237.4 237.4 237.4 237.4 239 241 242.7 243.5 244.7 246.5 250.2 253.6 254.7 254.8 254.3 254 252.1 249.9 246.3 243.6 240.5 237.6 235.5 233.1
161.9 162.5 164.1 165.3 165.3 162.8 159.3 156.4 155.4 156.8 155.1 158.4 161.8 166.5 170.3 168.9 167 165.5 163.3 161.1 158.7 156.7 157.6 159.4 160.7 162.1 161.6 159.7 167.6 172.8 172.4 173.2 173.6 175.3 177.2 179.2 181 183.2 191.8 201.2 208.6 211.8 214.2 220.4 232.7 240.4 245.6 249.9 249.6 247.6 245.9 244.5 242.3 239.9 237.4 237.4 237.4 237.4 237.4 237.4 240.2 241.8 243.6 244.4 245.8 248.4 250.5 251.8 251.9 251.7 251.2 249.5 247.6 245.5 243.1 240.5 237.8 235 232.1 229.5
164.6 166.8 169.2 170.1 169 166.5 163.6 160.6 157.5 155.6 157.5 157.6 164.4 167.3 168.3 167.1 165.9 164.5 162.6 161 160.1 160 161.8 163.4 164.7 166.1 167.3 169.7 174.8 177.4 177.7 178 178.2 179.4 182 184.3 187.9 197.6 207.5 212.2 213.1 214.5 217.6 229.4 236.1 241.7 246 246.2 246.2 244.5 243 241.7 240.1 238.5 237.4 237.4 237.4 237.4 237.4 239.1 240.8 242.7 244.4 245.7 246.4 246.9 247.5 248.2 248.9 248.2 247.6 245.8 243.8 241.7 239.3 236.9 234.3 230.7 227.2 223.4
167.1 171.1 174.8 174.7 173.1 170.3 168.2 163.6 159.6 157.3 158.9 161.4 158.1 159.5 165.3 164.4 163.6 162.2 160.4 158.7 159.7 162 163.1 164.8 167.6 169.2 170.5 172.7 176.8 181.2 182.4 183.2 184 186.8 188.5 193 201 210.1 213.8 213.6 214.2 216.7 222.3 229 234.1 238.3 238.7 239.9 241 241 240 238.8 239.2 239.2 239.1 237.4 237.4 239 238.8 240.9 241.3 242.5 243.8 243.7 243.5 243.9 244.7 245.3 245.2 244.6 243.9 241.9 239.9 236.9 234.4 231.8 228.5 225.7 221.2 216.3
169.7 173.9 180.4 182 176.9 174.3 171.9 165.9 163.5 158.8 159.2 160.8 161.7 161.7 158.4 161.6 160.1 158.3 156.4 157.2 159.3 161.6 163.6 165.8 168.5 170.1 171.4 174.1 178.9 184.1 187.4 189.9 191.5 194.5 196.7 202.5 210.2 214.1 213.3 213.3 215.4 218.9 222.7 227.3 230.9 232.5 234.1 235.5 237 238.7 237.5 239.1 239.6 239.8 239.9 240.5 240.6 240.4 241.3 242.2 241.6 241.4 240.9 240.6 240.3 241 241.7 241.9 241.4 240.5 239.3 237.4 235.4 232.2 229.3 225.6 222.5 220.9 214.7 206.7
172 177.7 184.1 189.4 191.8 188.3 175.3 167.8 164.3 161 160.5 161.4 161.6 161 160.1 158.8 159 154.8 154.7 155.8 158.3 161 162.9 164.9 167.4 168.8 170.2 174.3 181.8 188.6 191.2 192.6 194.8 198.2 203.2 209.3 213.4 212.4 212.4 213.5 216.4 219.3 222.3 225.4 228.2 229.2 230.6 232.6 233.6 234.7 237.8 239.8 240.5 240.7 240.3 240.6 241.3 241.8 241.4 240.2 238.8 238.3 237.7 237.4 237.3 237.8 238.3 237.6 237 236.1 234.6 231.6 229.4 227.6 222.9 219.2 215.9 209.9 204.9 201.8
176.1 185.3 195.4 200.9 197.2 188.8 177.8 168.1 165.4 162.6 162.1 161.4 161.1 160.1 157.9 156.1 153.9 159.5 159.8 159.4 156.8 160.4 161.4 163.7 166 167.9 171.4 182.3 189.7 192 193.2 193.6 195.4 200.5 206 210.7 211.3 210.3 210.4 212.3 215 218 219.9 221.5 223 225.4 226.5 228.1 229.9 237.5 239.4 239.5 240.1 240.6 241.7 241.5 241.6 239.6 237.7 236.3 235.5 234.9 234.5 234.3 234.4 234.7 234.2 233.1 232.2 231 229.4 226.8 224.5 220.4 215.2 210.7 206.8 202.7 199.6 197.3
184.9 196.6 202.8 200.3 192.9 185.4 178.1 168.9 166.2 164.2 163.8 163.3 161.5 158.8 156.3 154 152.2 151.8 152.3 160.8 161.6 157 158.4 161.7 164.7 169.5 179.2 187.8 190.1 191.2 192 191.8 194.7 199.8 205.7 206.6 205.9 207.1 208.3 210.2 213 212.9 218 219.7 220.1 222.6 226.9 231.3 233.9 236.3 237.5 238.1 238.8 239.4 240.1 240.2 238.4 236 233.8 232.4 231.2 231.3 231.2 231.3 231 230.4 229.3 228.2 227.1 225.7 224.3 221.5 216.9 211.3 207 201.7 198.2 194.7 194.9 194.6
