app/static/ascii/SN54.asc
ncols 200
nrows 200
xllcorner 250000
yllcorner 240000
cellsize 50
[rows 140 to 174 of 200, columns 79 to 157 of 200]
160.3 159.1 157.8 156.5 154.5 152.3 151.7 152.7 151.1 149.4 149.3 153 157.4 161.6 167.5 172.7 177.3 182.3 186 186.6 188.1 191.9 194.6 197.3 199.9 201.6 202.7 204.1 204.1 205.1 210.3 215.3 219.8 225.8 230.1 235.2 240.3 243.8 246.6 246.6 252.3 259.3 266.2 271 275.4 279.2 283.4 288.3 294 301.9 312.6 320.1 328.3 336.9 345.9 357.3 368.3 379.3 388.3 394.4 397.8 399.8 400 397.5 396.9 397.5 398.7 400 399.1 398 398.3 400 402.9 406.4 408.5 410 411.2 411.1 409.1
163 161.8 160.4 159.3 157.7 155.3 153.4 154.8 154.4 152 150.1 152.8 156.4 159.9 164.4 168.4 171.7 174.8 176.6 180.2 184.5 188.3 189.9 192.6 194.8 197 198.2 195.2 202.1 204.4 210 213.2 216.8 221.7 227 231.4 233.9 232 238.3 248.1 250.5 249.3 256.2 264.2 267.6 276.1 281.6 286.7 292.5 300.8 309.6 317 326.3 336.4 345.2 353.9 363.5 373 381.8 387.9 392.9 391.8 391.3 391.9 392.7 394.1 392.4 392.6 391.9 391.3 389.7 391.1 394.9 398.3 402.3 406.2 408.1 408 406.4
165.7 164.3 162.8 161.7 159.1 158.1 156.7 157.2 156.7 155.3 150.7 153.6 155.9 157.8 161.1 164.8 168 170.6 172.9 176.3 179.4 181.3 182.4 184.4 186.5 190.3 197.3 204.2 209.4 211.6 211 212.4 217.6 219.2 223.9 225.5 230.3 240.3 247.7 254.6 258.8 262.9 267.1 267.4 273.1 274.8 274.7 285.5 290.6 298.5 305.4 312.3 321.5 328.8 337.2 346.9 355.9 365 370 377.4 384.3 386.6 387.9 387.6 386.7 386.9 386.1 385.7 385.8 385.5 386.8 389.3 392.3 395.5 401 404.1 403.9 403.5 402
168.6 166.7 165.2 164.1 160.8 159.2 160.4 160.4 159.5 158.4 155.7 152.4 156.1 157.5 158.8 162.4 166.3 168.5 170.8 171.4 175.8 180.1 187.6 192.3 196.4 197.7 200.4 203.3 206.8 212.9 217.9 221.8 226.1 229.7 234.3 237.2 242.7 246.8 252.5 257.6 261.7 265.9 270 273.2 275.9 278.5 284.3 287.7 293.5 298.8 301.7 309.2 317.5 323.3 330.3 338.9 346.6 355 361.5 368.7 375.5 379.9 382.2 382.1 382.7 384 384.4 383 382 381.5 382.1 384.4 389.8 393.7 393.8 395.3 395.1 396.1 396.7
172.8 170.3 169.1 166.9 163.9 163.3 164 163.5 162.3 160.8 157.9 154.4 156.1 158.5 161.3 159.9 165.2 166.4 169.8 174.4 178.3 185.7 189.7 192.9 197.9 199.2 201.5 205 208.3 216.2 221.1 225.6 230.1 235.2 239.2 242.8 248.4 251.5 257 262.7 265.7 268.7 272.5 275.5 278.7 282.2 290.2 295.1 299.4 303.7 307.1 310.8 315.2 321.7 328.1 336.5 345.2 351.6 359.9 366.6 370.9 374.4 377 379.6 382.1 383.8 384 383 381.6 379.8 378.3 377.6 380.2 380 381.4 383.6 386.4 389.6 391.5
176.6 174.1 172.4 171.1 167.5 167.5 167.8 166.5 165 163.4 160.5 155.9 157.5 159.1 163.7 167.5 170.3 172.5 175.2 180 183.8 187.8 191.6 195 199.3 202.6 205.8 211.5 216.4 221.3 225.8 229.3 234.7 239.2 243.3 248.7 253.2 258 263.2 266.8 270.7 273.2 275.6 278.5 282.5 289.1 293.7 297.8 301.7 305.8 309.5 313.7 319.1 323.5 328.8 335.6 345.4 353.1 359.4 364.5 370.7 374.5 376.9 378.3 382.6 387.4 387 385.3 385 384.2 378.9 374.3 372.8 372.6 374.6 377.9 381.9 384.8 386.3
181.1 178.3 175.7 174.2 169.6 170.3 170.8 169.9 168 166.3 163.9 160.3 159 161.1 165.3 169.3 172.6 176.8 180.6 183.7 186.6 190.5 194.6 198 202.3 207.2 213 217.8 221.8 225.7 230 234.9 239 243.6 249.1 254.7 258.7 263.2 266.9 270.3 274 276.5 279.2 282.1 287 291.1 295.8 300.2 303.5 307.1 311.1 315.5 321 326.8 333.1 342.3 352.1 356 359.6 365.9 373.7 378.9 379.6 381.4 384.3 387.5 388.8 391.4 389.9 385.5 377.4 372.4 370.1 368.5 370.1 372.5 376.9 379 380.4
188.4 182 178.7 176.4 172.3 172.7 173.4 173.4 170.7 168.9 165.8 161.9 160.5 161.7 164.2 168.7 173.3 176.9 182 185.7 189 192.3 196.3 200.7 205.4 210.7 216.9 221.6 225.9 230 233.9 238 243.6 249.2 254.3 259 262.9 266.7 270.1 273.6 277 280 282.8 285.7 289.9 293.5 298 302.3 305.4 308.7 312.4 317.7 322.5 329.9 337.5 345.6 353.3 357.1 365.1 374.6 384 388.5 388.2 388.5 388.9 390.3 395.2 393.9 390.3 383.7 375.4 371.4 369.9 366.9 364.7 367.6 370.8 373.1 376.4
194.7 186.5 180.8 177.9 175.2 175.8 176.3 176.3 173.6 171.2 168.2 164.2 162.5 162 163.7 167.3 172.8 176.5 181.5 185.7 190.2 193.7 198.2 202.5 207.7 212.4 216.4 220.2 225.2 230.6 235.9 241 247.1 253 257.5 261.5 265.6 269.3 272.7 276 279 283 286.7 289.3 292.8 296.4 300.2 304.4 307.4 311.3 317.2 322.8 327.5 334.7 342.4 349.4 353.9 361.3 372.1 384 392.8 395.5 392.3 391.5 392.6 395.6 396 393.9 387.8 379.5 374.2 371.8 369.7 365.5 361.5 361.3 363.8 369.1 371.5
197.5 186.1 181.9 179.2 178.5 178.7 180.1 180 179 175.3 171.3 166.5 163.6 164 163.8 166.5 171.9 176.4 180.1 185.4 190.9 195.6 199.4 204.2 208.3 211.5 215.3 219.2 223.9 231.5 237.6 244.1 249.8 255.9 260.2 264 268.3 272 275.5 278.6 283 287 290.5 293 295.6 299.2 302.9 306.5 311 317.1 320.9 324.7 332.4 339.4 347.9 355.5 357.6 366.6 379.6 390.5 399.1 400.6 394.2 393.1 394.7 395.6 395.7 391.7 384.5 377.5 374.9 373.5 370.2 365.9 359.9 357 359.9 363 365.4
197.9 185.9 182.8 179.9 180.5 181.8 183.8 185.4 185.7 182.6 177.8 169.2 165.1 165.7 167.5 167 168.5 175.4 180.3 185.2 191.7 195.9 199.9 203.8 207.3 210.5 214.9 220.1 227.2 235.3 241.2 247.4 253.2 258.7 262.8 266.6 271.1 274.6 278.2 284.4 289.4 292.6 295.6 297.3 298.8 302 305.8 311.1 315.6 319.9 326.1 332.4 337.6 344.7 351.9 361.1 363.7 370.8 380.2 390.1 399.7 404.2 399.3 398.6 399.2 396.7 393.6 387.6 381.7 378.9 378 374.4 371.9 366.2 358.9 355.4 355.5 358.1 360.4
196.6 186.6 183.6 181.2 182 183.9 185.9 188.9 191.1 191.3 186.9 177.2 168 167.2 170.5 171.4 168.7 169.4 179 185.9 190.3 195.3 199.1 203.2 206.7 211.4 216.2 223.2 231.5 239.4 244.8 250.9 256.9 260.9 265.2 269.8 274.7 277.4 283.5 288.8 293.1 296.5 299.6 301.7 303.2 305.6 310.3 315.4 318.4 323.2 331.1 337.8 341.6 346.2 352.7 360.1 368.2 376.6 385.5 394.5 402.4 403.1 400.6 399.1 398.9 398 393.7 387.4 385.2 383.1 380.3 377 372.4 365.6 359.8 355 352.2 355.4 357.6
193.8 187.6 185.7 184.1 184.5 185.3 188.4 195.3 196.3 195.1 193 187.8 178.9 171.9 172.3 174 175.2 172.4 173 184.3 189.4 194.4 198.4 202.4 207.6 212.1 218.5 226.2 235.5 242.4 247.7 253.1 257.6 261.8 268.3 274.5 278 282 287.2 292.2 296.7 300.2 303.3 306.1 307.9 313.8 318.1 319.7 322.3 327.1 334.1 340.6 347 354.5 361.8 369.1 378.2 388 396.8 402.8 402.9 402.4 399.6 398.7 398.4 398 394.2 389.8 387.7 383.5 380.7 377.2 370.8 366 361.2 355.6 350.1 352.1 355.9
193.2 189.6 189 188.4 187.4 187.4 192.1 196.9 199.9 198.9 197.9 193.8 185.8 179.9 176.9 177.9 177.5 178.7 174.5 180.3 187.6 193.5 198 204.1 209.4 213.6 219.3 227.2 236 241.9 246.8 251.5 257.3 263.2 270.8 276.9 281.7 285.4 289.8 293.5 297.6 302.3 306.8 310.1 315.9 321.4 326.1 325.9 327.5 333.1 337.5 343.8 351.4 359 367.1 376.5 385.9 395.3 400 401.5 403.1 402.3 399.5 397.5 396.4 394.7 393.3 391.2 387.5 384 380.7 377.2 371.6 367.2 362.4 354.8 349 348.6 352.9
194.6 191.6 189.3 190.8 190.5 193 198.7 203.2 204.5 204.2 201.9 198.4 193 187.3 182.7 180.4 179.1 182.2 183.2 177 187.2 192.6 197.9 203.7 210.4 215.3 219.6 226.2 233.4 239.6 243 248.3 255.2 264.2 270.1 276.4 281.6 285 289.5 293.9 297.4 303.4 308.9 313.9 319.9 325.9 330.4 332.1 333.2 337 341.8 346.8 354.3 361.9 369.9 378.5 388.1 395.6 398.5 399.6 402.6 401.5 398.3 396.2 394.7 394.1 393.5 391.4 387.3 384.2 380.7 375.7 371.7 367 361.6 353.8 347.8 346 349.1
196.4 193.9 191.7 193 193.9 197.5 203 207 208.8 209.8 206.2 202 196.9 193.3 189.7 186.6 183.8 185 185 179 185.7 192.1 196.9 202 207.5 213.2 216 222.2 227.9 233.8 236.4 242.1 250.2 259.1 265.1 270.7 275.2 280.8 285.4 290.2 294.8 300.1 305.7 310.4 317.8 323.9 329.5 333.6 335.9 340 344 350.2 356.9 365.6 373.7 382.5 389.2 393.2 395.9 397.8 400.1 399.4 396.4 396.3 395.6 394.4 392.9 390.6 387.2 384.1 378.5 374.2 371.1 366.6 360 351.8 346.3 342 345
199 196.3 195.6 196.3 197.3 201 206.8 210.6 213 214.1 209.7 204.1 199.7 195.9 192.7 190.2 187.5 187.6 186.8 180.9 180.6 189.1 194.6 198.7 202.3 208 212.5 217.9 224 228.7 232.3 236 242.4 250.4 254.7 258.9 263.8 268.1 275.5 281.7 286 292.8 298.5 304.4 311.9 319.2 323.4 328.7 332.6 336 342.3 349.7 357 367.6 375.9 381.8 386.7 391.9 394.7 397 399 396.3 395.5 396.9 396 395.5 392.3 389.8 384.8 379.5 376.3 372.7 369.1 364.7 358.9 351.1 344.1 339 340.7
202.7 200.3 199.6 199.9 200.6 205 210.2 214 215.5 214.9 210.9 205.4 202 198.4 194.5 192.9 190.8 190.1 188.3 185.1 182.4 185.8 192 195.6 199.3 204.4 207.9 212 217 219.6 221.9 227.4 232.3 236.8 245.2 250.8 253 258.6 264.5 270.5 276.5 282.3 287 294.9 302 308.6 316.3 320.5 326.3 331 337.4 344.5 353.9 363.7 373.8 381.9 386.9 391.3 393.8 393.2 394.2 394.2 395.4 396.4 393.8 392.5 388.3 384.9 380.6 377.8 375.2 371.6 367 362.1 356.1 349.7 342.1 337.5 336.8
207.6 205 203.7 202.8 204.4 208.6 212.9 216.2 217.6 215.7 211.3 208.6 204.7 200.9 197.1 195.1 193.2 193.2 191.7 188.2 185.1 184.9 188.6 191.2 194.3 199.8 203.3 206.4 209.5 215.4 226.5 233.9 239.4 245.4 252.5 257.3 260.7 262.2 261.2 264.4 268 272.8 278.9 285.6 290.7 301.1 308.2 313.4 317.3 322.1 330.5 338.5 349.3 360.3 373.3 382.8 390.8 391.6 391.3 389.8 390.2 391.6 395.1 392.1 389.3 388.5 382.7 380.8 379.1 376.3 374.1 369.3 363.7 358.7 353 347.1 339.3 334.3 333.2
211.9 208.8 207.1 206.1 208.5 211.9 216.2 218.7 220.3 217.3 213.5 209.6 207 203.4 198.7 196.7 196.5 196.1 194.2 191.6 188.2 187.8 189.2 194 197.8 200.9 204.4 207.6 215.4 223.3 232.1 239.6 244.1 248.4 255.2 262.3 265 266.8 267.6 267.7 268.3 270.8 273.5 278.6 283.2 290.7 297.3 309.5 312.6 316.6 323.2 334.7 345.9 358.8 372.3 383.2 388.8 390.8 388.5 387.1 387.7 391 391.2 385.9 384.5 383.1 377.9 375.1 373.3 372.6 371.1 365.9 360.7 355.8 348.5 341.6 336.1 331.1 331.3
214.4 211.5 210.6 209.9 212.4 215.3 219 220.9 222.7 220.6 216.4 210.1 207 204.5 201.4 200.4 200.8 200.3 199.1 195.2 192.8 190.9 190.1 195.9 200.1 203.7 208.4 214 221.6 229.5 236.7 242.4 246.6 251.7 257.8 264.7 270.4 272.2 273 272.9 274.1 276.3 276.5 279 279.6 286.3 295.5 301.3 307.2 313 319.7 331.5 342.4 359.6 372.9 383.9 387.8 387.3 385.7 385.2 385 386.5 382.7 380.3 378.5 377 371.3 370.4 370.9 368.9 364.4 361.1 356.2 349.9 343.8 337 332 326.5 326.2
217.9 214.9 214.1 213.6 215.9 219.1 221.9 224.1 224.6 223.5 218.8 211.3 208.2 206.1 203.8 204 204.3 204 203.3 201.4 197.9 195.2 192.9 196.9 201.7 206.2 210.7 215.5 225.6 234.8 239.4 246.2 252.1 256.4 260.4 265.5 271.3 277 281.9 283.3 283.2 285.9 287.1 287.3 287.5 287.3 295.6 302.3 305.7 311.7 318.7 326.9 337.4 353.7 371 378.6 381.1 383.3 384 382.7 381.6 379.7 377.2 375.1 373.7 369.5 365.1 367 367.3 363.5 358.5 353.2 347.3 341.1 336 332.7 327 324.4 319.6
220.5 218.7 217.2 217.4 219.2 223 225 227 228.6 226.2 221.9 214.8 209.8 207.3 205.4 205.8 207.2 206.8 205.9 203.8 201.8 200.4 196.4 195.8 203.7 208.3 216.3 221.3 229.1 237.9 244 251.1 256.4 260.2 263.2 267.7 273.2 280.5 289.7 297.7 297.1 298.2 299.8 299.3 298.8 298.8 300.2 302 306.3 312.1 318.7 327.5 338.7 350.7 363.1 371.1 377.3 380.6 380.8 381.3 378 373.5 371.8 370.1 366.1 359.8 359.2 358.4 357.4 353.4 348.3 340.7 335.3 330.3 327.5 325.1 323.1 322.5 320.6
224.2 222.7 221.6 221.5 223.9 226.7 228.9 231 230.9 229.3 224.9 218.9 212.3 208.9 207 208.1 209 209.1 208.4 206.5 204.9 203.9 198 197.6 201.6 208.6 218.2 225.7 233.2 244 250.5 257.1 262.7 264.5 268.6 272.2 279.2 289.3 301 307.7 310 312.6 312.8 313 310.7 307.9 304.9 306.1 307.5 312.5 318.4 328.5 339.2 351.5 361.2 366.8 373.7 379.1 378.7 377.6 374.3 370 367 363.7 358 355.4 354 352.3 349.7 344.9 335 328.3 323.4 320.2 320.6 319.3 319.3 321.9 321.6
227.9 226.7 225.6 224.7 226.9 229.2 231.6 233 233.2 231.6 228.5 223.9 217.5 211.1 208.9 209.1 210.5 210.8 210.4 209.8 208 202.3 203.6 205.8 201.7 206.9 216.2 225.7 234.7 248 258.1 261.7 267.3 271.2 276 280.9 290.3 300 310 317 321.9 326.1 325.4 324.9 321.6 317.6 313.2 310.1 309.6 312.9 317.2 326.3 337.3 350.1 355.5 361.1 365 372.4 375.3 374.6 370.4 367.5 364.4 359.2 354.5 352.5 350.5 347.1 342.1 332.5 325.8 320.1 317 313.5 313.5 312.8 314.5 317.1 317.5
231.3 229.8 228.9 228.3 229.6 231.8 233.9 235.1 235.5 234.6 232 228.2 223.5 214.8 211.2 210.8 211.4 212.8 212.7 212.3 210.6 203.6 208.8 212.4 213.4 210.6 210.9 221.9 232.6 246 256.4 260.8 269.1 271.5 279.3 286.7 296.5 306.6 315.6 323.9 332.9 337.4 337.7 336.2 332.8 327.3 321.1 316.2 314.4 314 317.3 323.6 330.9 336.8 345.6 352.4 360.8 370.9 372.7 370.2 367.3 364.9 362.3 356.5 353.7 350.5 345.6 342.1 333.9 327.7 319.9 315.6 310.1 306.9 305.2 304.8 307.2 307.5 307.5
235.5 233.3 232.4 231.9 232.4 234.4 236.3 237.8 238.6 238.3 237.5 234.3 229.5 220.1 213.6 212 212.6 214.2 215.5 214.9 210.7 209.1 213.9 217.8 219.5 220.5 217.9 214.4 225.6 239.9 251 259.2 266.9 271.7 278.3 285.5 299.1 309.3 320.5 330.9 339.9 343.2 344.2 344.1 340.8 334.8 327.9 321 317.5 316.5 317.3 319.1 321.6 326.3 333.4 343.7 358 368.5 369.5 367.3 364.5 361.6 358.3 355.3 353.6 350 343.7 334.9 330.8 326.8 323.7 320 315 310.9 305.7 299.1 296.2 298.8 297.8
243 240.1 236.6 235.1 235.3 237 239 240.8 241.4 243.1 242.9 239.7 234.8 225.7 215.9 214.2 214.6 216.3 218.2 216.7 209.5 214.1 218.8 226.4 230.4 230.1 228.5 224.3 218.2 230.2 244.8 256.4 263.7 270.9 277.8 284.5 296.3 307.8 321.4 331.4 340.5 344.9 348.8 349.3 350 344.7 337 327.7 322.5 319.9 319.5 319.1 321.1 323.3 326.9 335.3 350 360.5 365.4 364.2 361.8 358.6 355.1 354.1 352.7 349.5 341.3 338.4 335.9 331.7 328.4 326.3 321.7 317.4 312.2 305.3 294.7 283.4 281.6
252.1 248.1 244.6 241.5 239.6 240.9 243.4 244.8 245.8 247.7 247.2 245.5 240.7 232.2 219.7 217.2 216.5 218.4 220.6 217.3 214.8 219.5 226.1 236.9 243.5 244 238.6 235.7 230 227 233.2 248.4 258.2 265.6 274.6 285.4 296.3 305.9 317.2 329.4 338 344.7 351.2 354.6 355.6 354 347.4 338 328.5 322.7 321.2 320 320.8 321.5 324.9 333.8 341.1 352.2 360.3 360.3 359.5 354.7 352.6 351.7 350.7 347.2 344.6 344.6 342.9 342.5 339.5 335.8 330.2 325.9 321.4 316 305.1 287.3 273.6
262.5 259.2 255 251.6 248.8 248 248 250 251 250.9 252 250.3 247 238.5 224 220.2 219 220.3 221.3 214.2 219.9 225.9 235.1 248.9 256.1 258.2 255.5 248.8 242.4 238.3 233.9 242 250.3 258.2 268.6 281.6 293 303 314.3 325.5 337.3 345.5 352.3 357.2 361.1 361.1 357.6 350.2 340.1 332.2 322.7 321.4 321.1 321.9 324.4 330.3 336.9 346.2 351.3 354.3 354.9 350.8 350.9 349.4 347.3 348.4 349.6 352.6 353.7 353.6 350.8 344.3 337.5 334 330.3 325.3 315.3 297.5 279.8
269.8 268.3 266.5 263.8 260.8 258.4 257.5 256.4 256.6 256.8 257.4 257.6 255.8 247 233.6 223.5 221.8 221.9 222.5 219.5 224.9 229.7 243.7 256.7 271.3 276.3 274.6 269.3 252.8 245.1 241.1 239.6 246 253 262.6 271.8 285.7 299.3 309 319.9 332.8 346 353.3 360.5 365.6 367.5 365.5 359.8 351.7 344.3 334.2 326.4 323.5 323.6 324.5 327.5 332.7 339.2 342.6 345 345.4 346.2 347 344.2 346 350.6 356.5 361.4 364.6 362.2 357.6 351 345 341.8 337.3 332.2 323.7 306.7 290.2
277.3 277.4 276.4 273.8 271 268.5 266.6 265.9 265.2 265 265.4 266.5 265.6 256.7 243.2 228.3 225 224.6 221.5 224.6 227.6 233.1 247.3 261.8 277.9 280.9 281.3 277 267.4 253.7 246.2 243.7 247.6 250.8 257.4 266 276.9 289.9 301.7 314.9 327.2 343.1 353.6 360.2 364.3 365.5 365.9 360.9 360 353.6 344.8 336.2 331 327.5 325.7 327.1 329.3 332.7 337.4 338.4 338.9 341.2 341.3 343 348.7 357.3 364.1 368.5 370 366.9 361.9 355.8 351.2 347.6 341.7 333.9 323.7 307.5 295.1
284.9 285.5 285.4 283.5 280.4 277.5 275.9 276.2 275.1 274.1 273.5 273.9 273.2 265.6 252.3 237 229.9 228 224.8 227.5 231 236.1 247 261.9 277.4 283.7 287.5 282.1 274 261.8 253.8 249.9 246.9 249.5 254.3 258.6 270 280.6 293.9 310 323.8 337.4 346.5 352.9 360 363.1 364.3 363.3 362.2 361.1 353 346.4 341 336.7 332.1 329.5 329.2 331.5 335.4 336.8 337.2 337.6 339.6 345.6 355.5 363.5 367.6 371.5 372.6 369.7 365 359.4 355.8 351.5 345.1 336.2 326.2 319.6 312.8
292.1 293.4 293.7 293.5 290.4 288.1 285.7 285.9 285.6 283.2 280.9 281.4 280.9 273.9 260.7 244 235.6 234.3 233 228.8 232.7 237.3 247.1 259.1 271.9 283.6 288 285.5 277.4 267.5 262.4 256.9 253.1 249.2 252.9 256.1 263.2 274.1 285.2 299.8 318.2 332.4 341 347.7 356.6 361.2 364 364.1 363.4 363.7 357.9 350.2 344.9 341.3 337.5 334.9 331.3 333.7 336.8 337.3 338.5 337.6 340.4 348.1 353.3 359.3 366.3 371 372.4 371.3 368.5 364.5 359.2 354.6 346.8 341.6 338.2 333 325.3
301.2 303.4 304.2 303.1 301.5 299.3 296.4 295.7 295.6 295.4 293.9 293.1 290.2 283.5 267.9 253 241.9 240.5 236.8 230.7 234 239.2 245.7 254.9 270.8 280.8 286.5 286.6 279.8 272.8 267.5 262.7 257.8 253.2 252.4 255.7 260.3 269.2 279.5 292.1 307.1 323.3 336.2 345.9 355.3 360.7 363.8 364.4 363 361.1 356.4 351.2 346.3 343.9 341 337.3 335.3 337.2 339.8 339.6 345.6 342.9 340.4 344.8 349.9 355.8 363 368.9 371.6 371.7 370.2 367.3 363.4 358.5 349.1 347.1 346.4 345.4 338.7
