app/static/ascii/SN56.asc
ncols 200
nrows 200
xllcorner 250000
yllcorner 260000
cellsize 50
[rows 105 to 139 of 200, columns 0 to 77 of 200]
128.1 128.4 128.3 127.7 126.4 124.1 122.6 121.8 121.8 121.1 122.1 123.2 124.4 124.8 123.6 121.3 115.8 109.2 108 107.7 107.1 114.9 118.6 120.2 122.6 126.8 132.9 154.6 167.7 171.6 173.6 174.9 175.7 175.8 175.9 176.1 175.3 175.6 175 174.3 173.6 173.2 172.2 171.7 172.3 172.5 172.7 173.3 174.2 174.9 175.6 175.6 176.4 176.3 177.4 175.9 176.5 177.2 178 178.5 179.5 180.2 180.8 181 181.1 181.3 182.6 184.3 186.5 187.7 188.4 189.6 191.9 193.2 193.2 193.7 194.6 195.8
128 128.7 129 128.6 127.9 126.5 125.6 124.6 124.2 123.6 124.1 125.3 128.1 130 128.8 125.6 120.7 113.5 112.2 110 104.1 114.1 115.2 117.5 118.6 123.1 127.4 140.3 158.5 167.3 170.4 172.7 174.5 175.7 175.9 176.1 176.4 176.6 175.7 174.8 174.2 173.8 173.2 172.2 172.7 173.4 174 174.5 175.3 175.9 176.4 177.5 177.4 177.9 177.6 176.7 176.1 176.6 176.4 177.5 178 179 180 180.6 181.7 181.5 182.9 184 185.5 187.4 188.9 190 191.3 192.5 193.3 194.5 195.6 197.1
129 129.7 129.8 130 129.7 128.9 127.6 126.4 125.6 124.8 125.5 126.3 128.3 129.9 130.7 129.6 126.5 120.2 116.4 113.6 108.7 114 117.2 119 120.6 120.2 124.2 129.9 139.5 158 166.7 170.2 173.2 174.9 176.2 176.5 176.8 177 176.2 175.4 174.2 173.7 173.1 172.8 173.1 173.9 174.9 175.3 175.9 176.4 177 177.9 177.9 178 177.7 177.4 176.4 175.2 176.4 176.6 177.7 178.9 180 180.9 180.4 181.9 182.9 183.8 185.1 186.9 188.2 189.1 190.3 191.8 193.9 195.8 196.7 198.3
130.2 131 131.3 131.4 131.7 130.5 129.2 128 127.2 126.5 127.2 127.8 129.1 130.7 132.1 132.5 133 129.1 123.1 119.1 116.2 114.8 117 119.2 120.3 119.6 122.5 125.7 131.5 139.1 157.4 168.6 172.1 173.9 175.9 176.7 176.9 177.2 176.8 175.6 174.4 173.9 173.4 173.2 173.3 174.7 176.1 176.2 176.5 177 177.7 178.2 178.3 177.9 177.7 177.3 176.9 175.4 176.3 176.4 176.7 177.7 178.8 179.6 180.6 180.9 181.6 183.3 184.3 185.7 186.9 188.1 189.6 190.7 193.2 196 197.7 199.4
132.2 132.7 133.3 133.1 133.1 132.3 130.9 129.7 128.9 129 129.1 129.9 131.1 132.4 133.7 134.9 135.3 134 131.3 127.6 122.3 119 115.9 119.6 120.8 120.4 121.2 124 128.1 135.2 146.4 163.4 170.5 174.4 176.6 176.8 177 177.2 176.8 175.8 174.6 173.8 173.6 173.4 173.9 175.5 176.8 177.1 177.5 178.1 178.6 178.5 178.8 178 178.1 177.5 177.8 176.3 176.4 176.4 176.4 176.7 177.7 178.3 179.2 179.5 180.9 181.2 183 184.5 185.8 187.4 188.7 190.8 192.9 196.2 198.8 200.6
134.9 135.5 135.8 135.8 135.4 134.6 133.6 132.3 131.2 130.7 131.2 132 132.9 134.1 135.4 136.1 136.3 136 134.8 132.1 127.6 121.6 118.6 120.3 121.3 122.1 122.1 123.5 125.7 131.4 140 159.3 168.6 174.3 176.3 176.9 177.2 177 176.8 175.8 175 174.4 173.9 173.7 174.4 176.2 177.8 178.2 178.6 179.2 179.4 179.3 179.4 179.7 178.9 178.2 178.4 176.8 176.4 176.8 176.4 176.4 176.9 177.4 178.2 179.1 180.2 180.6 182.4 183.8 187.2 187.7 189.8 192.6 194.6 197.6 199.1 200.9
137.4 138.2 138.9 139.2 138.2 137.3 136.5 135.6 134.5 133.4 133.4 133.8 134.3 134.6 135.2 135.2 135.4 134.7 132.9 130 126 122.9 120.2 121 121.9 122.6 123.2 123.5 125.2 131.5 138.5 154.5 166.6 172.5 175.6 176.9 177 176.8 176.2 175.3 174.5 174 174 174.1 174.8 176.7 178.1 179 179.7 180.2 180.3 180.5 180.5 181.3 181.5 179.7 179.2 177.7 176.6 176.3 175.5 176 176 176 178.1 178.8 179.6 180.9 182 185.7 190.5 193.4 195.4 196.4 198.4 200.2 200.9 202.5
140.5 141.8 142.3 142.6 141.4 139.8 139 138.3 137.6 137.5 136 135.5 134.3 133.5 133.1 132.1 132 131.4 129.4 125.5 124 122.5 121.5 121.4 122.1 122.9 123.5 124.4 126.1 130.7 137.9 153.1 164.2 170.2 174 175.6 175.8 175.7 175.4 174.7 174.3 173.7 173.8 174 175 176.5 177.9 179 179.9 180.7 180.7 180.9 181.4 181.9 182 179.9 179.3 178.1 177 176.4 176 177.5 177 177.6 178.8 179.6 180.8 182.3 187.2 191 195 197.5 199.8 200.8 201.7 202.3 203.7 204.5
143.7 145.3 145.8 146.1 145.4 144.8 143.5 142.1 140.5 138.9 137.8 136.1 133.1 131.7 130.5 129.7 128.4 127.2 125.2 124.1 123.3 122.4 122 121.1 121.8 122.9 124 126.3 128.2 133.1 138 150.5 159.9 167.3 171.8 173.1 173.8 174.3 174.2 174.2 174.2 173.7 173.5 173.5 174.3 175.9 177.4 178.8 179.7 180.4 180.8 181.5 182.1 182.3 181.2 180 180.2 179 177.7 177.2 177.3 177.7 178.4 178.8 179.8 181 182.3 185.9 190.6 194.4 197.9 200.2 202.9 203.7 204 204.7 204.7 205.2
146.3 147.9 149.1 150 150.8 150.4 148.5 145.7 143.3 141.3 138.1 134 131.5 129.9 127.9 126.9 125.8 124.6 124.1 123.3 122.7 122.4 121.4 121.2 122.3 123.6 125 127.3 130.2 134.7 141 148.7 156 163.5 167.9 169.5 171.8 172 172.6 173.3 173.6 172.6 172.7 173 174 175.2 177.3 177.8 178.8 179.5 180 181.2 182.3 182.9 181.3 180.1 181.2 180.6 179.5 178.7 178.6 179.1 179.8 180.6 181.4 183.4 184.9 188.5 193.4 196.9 200.4 202.7 204.6 205.5 205.4 205.4 206 207.4
147.2 149.6 151.3 153.2 153.6 152.6 150.9 149.1 146.9 142.5 138 132.1 129.1 125.7 123.9 123.3 123.2 123.5 123.8 123.4 121.9 121.6 122.4 122.2 123.7 125.2 128.1 131.6 133.7 137.3 141.6 147.7 153.4 159.3 162.9 166.1 168.9 169.9 171.2 172.5 171.7 171.8 173 173.1 174.5 175.8 177 177.6 177.8 177.9 179 180.4 182.1 183 183 181.8 181.3 180.8 180.2 179.1 180.1 180.6 181.6 182.5 184 185 188.1 191.6 195.6 198.6 201.7 204.4 205.3 205.9 206.7 206.9 207.4 207.4
147.9 150.2 152.3 153.8 154.1 153.6 152 150.1 146.9 142.8 136.6 130.7 127.4 124.5 123 122.8 122.8 123.2 123.3 122.9 123.3 123.3 123.4 124.7 127 129.7 133.7 138.5 140.2 142.1 145.8 148.2 152.3 157.9 162 164.8 167.1 168.5 170.3 171.7 171.1 172.3 174 174.6 175.5 176.1 177.4 177.9 177.9 178 178 180.1 181.6 183.2 182.7 181.8 181.7 180.6 180.1 179.2 180.5 181.8 183 183.8 185.7 187.4 190.4 194.1 197.4 200.2 202.4 204.3 205.6 206.1 206.4 206.9 207 206.7
148 151.3 153.2 154.2 154 153.4 152.3 150.7 147.1 141.5 134.5 129.5 126.8 124.7 123.2 123.3 123.3 123.9 123.6 123.7 124.6 125 126.5 129.1 132.1 135.2 146.4 153.8 154.6 149.7 151.5 153.9 155.9 157.1 161 163.8 166.3 168.3 170.1 171.3 171.8 173.2 175 175.9 176.7 177.3 177.5 178.1 178.1 178.1 178 179.8 180.9 182.9 183.2 182.5 181.6 181 179.7 180.1 179.8 181.3 182.7 184.3 186.6 189.9 193.3 196.4 199 200.9 203.1 204.1 205 205.1 205.2 205.3 204.9 205.1
148 151.1 152.3 153 153.2 152.8 151.8 149.5 145.7 138.9 133.4 129.4 126.4 124.9 124.1 124.5 124.8 125.3 125.2 126 127.5 128.8 132.5 137 142.4 155.8 160.1 162.5 163.1 162.5 159.7 159.5 159.2 160.4 160.9 164 166.3 167.9 169.7 170.7 171 172.8 174.7 176.1 176 176.4 177.1 177.7 178.4 178.5 178.1 179.5 180.6 181.9 182.1 181.7 181 180.4 180.1 179.7 179.9 180.8 181.7 184.1 187 190.7 194.4 197.6 200.2 202.1 202.9 203.5 204 203.7 203.2 202.5 202.8 202.9
147.2 150.2 151.7 152.2 152.3 152.2 150.9 147.4 142.3 136.9 133.4 130.1 125.6 125 125.1 126 127.4 129.7 130.4 132.1 133.6 135.7 139.5 148.5 157.5 162 164.8 165.8 166.7 165.7 164 162.5 162.2 162.9 163.6 164.6 167.1 168.2 169.6 170.2 170.8 171.8 173.6 174 174.3 175.2 176.5 177.3 178.7 179.2 179.2 179.6 180.1 180.3 180.9 181 180.3 180.1 179.7 179.7 179.8 180.1 181.9 184.1 186.8 189.9 193.8 197.7 200.1 201.2 202.2 202 201.9 201.5 201.2 201 201 201.1
146.4 149.3 151 151 150.9 150.8 149 145.3 141 136.8 134 130.9 126.2 127.7 129.7 131.1 133.8 135 136.6 138.9 140.7 144.4 152.8 157.8 161.4 164 166.4 168.1 168.3 167.4 166.2 164.9 164.4 165.2 165.2 165.3 167.2 168.5 167.4 169.1 170.1 170.8 172.3 173.4 173.4 174.9 176.8 177.6 179.1 180 180.3 180.3 180.5 180.3 180.3 180.4 180.3 180.3 180.2 180.1 180 179.9 181.4 183.8 186 188.6 193.7 197.1 198.8 199.6 200.4 200.6 200.2 199.8 199.5 199.3 199.2 199
146.5 148.2 149.5 149.4 149.3 149.1 147.7 145 140.5 137.3 134.4 130.3 128 129.6 131.6 133.4 137.2 139.5 141.8 145.1 149.1 153.4 158.1 161.2 163.2 165.1 167.6 169 168.5 167.8 166.7 166.1 166 166.4 166.4 166.3 166.5 167.6 167.6 168.6 169.4 171 172.4 173.3 174.2 175.4 177.3 179.1 180.1 180.9 181.2 181 180.9 180.5 180.2 180.3 180.2 180.2 180.2 180.5 180.1 180.2 181.8 183 186 188.6 191 195.5 196.1 197.9 198.5 198.4 198.2 198 197.8 197.6 197.4 197.1
145.4 146.9 147.5 147.6 148.3 147.8 147.2 145.4 141.1 137.6 134.9 132.5 129.8 132.6 135 136.1 139.7 143.1 146.4 149.7 153.3 157.1 159.8 161.6 163.1 165 166.2 166.9 167 166.5 165.8 165.2 165.5 166.2 166.4 166.4 166 168.1 168.5 168.3 169.5 170.9 172.4 173.5 174.4 176.3 178.5 180.2 181.2 181 180.7 180.1 180.3 179.6 180.4 180.2 180.4 180.2 180.1 180.8 180.2 180.6 181.8 183.7 186.1 187.7 189.7 192.1 194 195.9 196.2 196.3 196.1 196.3 196.2 195.9 195.4 195.6
144.2 145 145.4 146.4 146.7 146.2 145.8 145.1 141.2 138.2 135.7 132.4 131.2 133.8 135.4 137.1 141 144.4 147.7 150.7 154.1 156.7 158.8 161.1 162.3 162.9 163.3 164 164 163.9 163.5 163.4 163.6 163.7 164.5 164.1 165.7 166.7 166.5 168.2 169.2 170.4 171.9 173.4 174.8 177.2 179.3 180.7 180.5 179.7 179.3 179.1 179.4 179.9 180.9 181.3 181.1 180.9 181 180.8 181.1 182.3 183.6 184.9 186.2 186.6 188.2 190.1 191.6 193 193.7 194.1 194.6 194.6 194.5 194.3 193.8 193.9
141.9 142.8 144 145.1 145.1 145 144.8 144.4 142.1 138.7 135.7 133.7 131.3 132.8 135.4 137.1 140.3 144.8 147.2 149.4 152.1 154.5 157.3 159.6 160 159.9 159.9 160.5 160.4 160.6 160.2 160.4 161.6 161.7 161.8 163.6 163.7 164.9 167.3 167.7 168.5 169.4 170.8 172.5 174.2 176.7 178.2 178.8 178 177.9 178 178.2 179 180.3 182.2 182.5 183 183.1 183.5 183.1 183.3 183.7 184.6 185.3 185.7 186.2 186.8 187.8 189.4 190.1 190.9 191.5 192 192.5 191.9 192.4 191.8 191.8
139.6 140.8 142.8 142.8 143.4 143.9 144.2 143.8 142.2 139.2 135.9 134.5 131.6 132.9 133.9 136.5 141.1 143.1 145.6 147.8 149.9 151.5 155.1 156.9 157.2 157.2 157.2 157.3 156.2 156.8 156.8 157.8 158.9 159.8 159.7 160.6 161.9 164.3 166.7 167.6 167.7 168.5 169.7 171.5 173.5 174.3 175.7 176 175.8 176 176.7 177.4 179.7 182.2 184.4 185.5 185.7 185.3 184.4 184 183.4 183.3 184.1 184.9 185.9 185 185.1 185.9 186.2 186.2 187.6 188.2 188.9 189.5 189.9 189.4 188.8 188.4
138.3 139.9 141.1 141.8 142.9 143.6 143.9 143.8 142.8 140.6 137.1 135 132.9 133.4 134.6 136.2 139.6 142.2 143.5 145 147.2 150.2 153.2 154.4 154.9 155.4 154.8 152.2 149.9 149.1 153.2 155.3 156.3 157.4 159.2 160.4 162.9 164.5 165.3 167.1 167 167.3 167.6 169 170.2 172.3 172.6 174.3 174.4 175.2 176.3 178.8 181.7 185.2 188.1 189.7 191.1 188.4 184.5 182.5 181.7 181.8 183.6 185.5 186.2 184.9 183.6 183 183.3 183.7 184.5 185.1 185.7 186.3 186.4 185.6 184.9 183.3
138.1 140.1 141.1 142.2 143.1 143.3 143.5 143.1 142 139.5 137 136.2 135.3 134.3 138.1 138.8 139.8 141.2 142 141.9 142.9 147.3 151.3 152.3 153.6 154.7 153.1 147.9 147.6 150 150.9 153.6 156.6 158.5 159.8 161.4 162.6 163.1 164 166.3 166.4 166.1 166.5 166.9 168.7 170.3 172.3 173.8 175.3 175.9 177.4 180.4 182.5 186.8 189.8 191.4 190.8 186.8 182.2 179.8 179.5 180.1 182.2 184.1 185.8 184.5 182.4 181.1 180.9 180.5 181 181.8 182.9 183.4 182.9 181.8 180.9 178.8
139 140 140.9 142.1 142.9 143 142.7 142.4 141.1 139.9 138.1 137 135.4 136.1 137.9 140.1 140.3 141.2 142.6 142.9 143.6 145.8 148.7 150.6 151.9 152.4 149.7 146.4 147.6 151.8 154.8 155.7 157.7 159.2 160.1 161.2 163 163.4 164.6 165.3 166.1 165.5 165.7 166.8 168.8 170.9 170.5 175.4 177.2 179.5 180.7 181.6 182.8 185.5 187.6 189.4 189.6 186.1 180.5 177.9 177.3 178.1 180.2 182.4 184.1 184.7 181.6 179.1 178.3 177.1 177.3 178.2 179.9 180.1 178.8 177.2 176.3 173.8
139.3 139.5 140 141.1 142 142.2 142 142 141.9 140.2 139.6 138.3 138.1 140.2 141 140.8 140.7 142.1 142 141.6 142.2 143.9 146.3 147.9 149.7 149 145.9 144.3 146.2 151.4 154.7 156 157.6 159.1 160 161.3 162.4 163.2 164 164.6 165.9 165.9 166.5 167.7 169.9 173.7 176.8 179.1 180.7 182.8 183.4 182.7 182.3 182.9 183.4 182.8 181.9 180.4 176.3 175 175.4 176.5 179.2 181.4 183.1 183.8 181.8 177.8 173.6 172.8 172 173.2 175.1 174.8 173.8 171.6 171.4 170.8
138.8 138.9 139.1 139.9 140.9 141.5 141.8 142.4 143.1 143.6 143.5 142.9 141.8 142.7 141.7 140.9 141.3 142.2 142.4 141.6 140.9 141.4 142.9 144.7 145.9 145.6 144 143.3 145 150.1 153.3 155.1 156.9 157.9 159.3 160.6 161.6 162.6 163.2 164.6 165.8 167 168.3 170.7 174.1 178.1 180.6 182 183.5 184.9 184.8 183 181.3 180.6 181.1 180.4 179.6 176.3 172.9 169.6 168.4 170.5 176.2 179.4 182.2 183.6 181.2 176.2 171 169 167.9 166.8 168.7 168.9 167.9 166 167.3 167.5
138 138.3 138.5 139.3 140.3 141 142.1 142.9 144.1 145.3 145.9 144.9 143.4 142.9 141.1 140.8 141.7 142.1 142.2 141.7 140.9 140.7 140.8 141.3 141.7 142.2 142.4 142.8 144.5 147.8 150.6 153.6 155.7 157.2 158.5 159.1 160.8 161.6 162.7 164.1 165.6 167.3 169.5 171.6 174.3 179.3 182 183.5 184.7 184.4 183.1 181.3 179.8 179.4 178.8 178.1 176.9 174.1 170.2 160.8 157.8 156.9 163.5 172 177.5 180.1 176.9 170.6 166.1 164.2 163.5 162.5 162.8 163.1 162.2 163 163.6 164.6
138 138.2 138.5 138.9 140.3 141.4 142.6 143.3 144 144.9 145 144.5 143.3 141.9 140.5 141.2 141.9 142.4 142.7 142.1 140.7 139.9 137.5 138.2 139.4 141.1 141.2 141.7 143.8 144.9 146.8 150.4 154.8 156.3 157.3 158.3 160.2 162 163.2 164.6 166.5 167.9 169.9 172.5 174.8 177.8 182.1 184.2 184.8 184.4 182 180.2 178.3 177.1 175.8 173.6 170.5 162.6 152.9 149.6 149.8 149.6 151.4 153.4 161.7 166 165.4 162.7 160.4 158.5 155.3 156.8 157.2 158.2 158.7 159.6 161.4 165.2
138 138.2 138.3 138 139.4 140.9 142 142.8 143.4 143.7 143.9 143.2 142.4 141.3 140.7 141.4 142 142.7 143 142.2 140.3 139.9 138.2 138.1 140.3 140.1 141.2 142.5 144.8 148.1 149.9 152.5 154.2 155.9 157.5 158.6 160.5 162.5 164.5 166 168.7 171.2 173 174.1 175.2 177.3 181.5 184.1 186 184.8 182.7 180 177.2 173.8 170.1 164.3 154.3 146 142.8 142.1 141.5 142.2 145.1 145.9 148.1 153.1 155.1 155.5 153.8 154.1 152.6 154.1 153.6 154.6 155.8 157.1 160.9 164.1
138.3 138.3 137.7 137.2 138.1 139.4 140.5 141.6 142.1 142.6 142.9 142.3 141.5 141.2 141 141.5 141.5 142.4 142.2 141 140.4 139.6 138.3 137.3 138.8 138 136.6 140.3 145.5 148.9 151.8 154.3 154.8 156.3 157.7 159.6 161.4 163.4 166.4 169.3 172.3 175.4 175.8 175.8 175.8 177.5 180.8 184.1 186 185.6 182.6 177.4 172.8 167.2 156.1 149.1 142.8 140.6 138.2 138.1 138.2 139.1 139.7 140.4 143 146.7 149 149.8 148.8 149.9 150.2 150.2 150.9 151.8 153.9 156.7 159.4 161.7
138.5 137.1 136.1 135.5 135.8 136.8 138.4 140.1 140.6 140.9 141.1 141.3 141.1 140.9 141.5 142.3 142.3 141.7 140.6 139.2 138.4 138.8 138.5 138.1 137 135.5 131.6 139.1 143.7 148.9 150.8 153.3 154.2 157.2 158.2 159 160.6 162.6 166.8 170.5 172 174.9 176.4 176.4 176.1 177.8 179.3 181.8 183 182.5 177 169.6 162.3 149.5 146.4 142.6 138.4 137.1 137.3 138.1 137.9 138.9 139.4 140.3 141.2 142.1 143.6 144.5 144.6 145.6 145.3 147.1 148.3 149.1 150.8 153.7 155.9 159.1
136 134.3 134 133 131.4 130.8 135.9 138.1 138.8 138.9 137.5 138.7 140.3 140.8 142.3 143.4 142.4 141.1 139.5 136.6 135.6 136.7 137.2 136.3 130.7 126.3 132.5 135.8 140.5 144.3 147.9 150.9 152.1 152.9 155.5 156.4 158.2 159.7 163.2 166.6 169.5 172.4 174.8 176.2 176.7 176.7 177.5 177.4 178 176.1 170.2 159.9 148.5 143.3 140.5 138.3 135.8 135.7 136.8 137.4 138 138.5 139.3 140.3 140.9 141.9 142.3 142.9 143.7 144.8 146.4 147.1 146.9 148.7 149.2 150.7 151.7 155.5
133.1 130.3 128.8 112.3 110.3 122.2 132.5 135 136.4 133.2 131.3 136.9 138.4 140.6 142.9 141.6 139.8 137.5 135.3 132.7 130.9 131.4 131.8 124.7 117.8 119.8 120.1 128.1 133.4 136.6 140.2 143.6 145.2 146.7 149.5 151.8 153.7 156.5 160.3 163.5 166.7 169.6 172.9 174.2 174 173.9 170.7 164.7 165.7 164.1 158.6 147.6 141.4 139.2 135.3 134.8 135.7 134.7 136.6 137.4 137.6 138.5 138.9 137.7 138.5 140.3 142.3 143.3 144.1 145.4 146.9 148.4 149.9 151.5 152.6 152.5 150.3 152.6
127.9 120.8 99.8 87.6 90.9 96.2 110.7 99.7 115.1 126 135.1 132.6 137.6 141.3 142.8 139.5 135.2 130.5 126.4 122 125.1 124.2 115.4 112.4 113 112.6 114.9 117.3 119.7 127.3 131 134.2 137.4 139.5 143.1 145.5 147.7 150.7 154.9 158.4 161.5 162.1 167.6 168.3 166.7 159.5 150.9 144.8 143.8 141.3 139.6 137.7 135.2 132.5 134.5 134.9 135.8 135.8 136.7 137.8 138.2 142.1 144.1 140.9 143.5 143.3 142.6 144 144.8 146.9 149 149.8 151.6 153 154 154.8 155.2 154.6
111.4 83 93.1 99.8 114.1 113.9 109.7 108.7 98.9 114.5 116.8 124.5 136.8 139.9 136 125.5 114.1 108.7 110.4 110.6 112 112.3 112.7 113.1 114.6 117.2 117.5 114.1 114.6 115.5 118 119.2 120.1 124.3 135.2 138 141.1 143 144.5 146.3 146.9 146.2 146.3 146.2 143.3 138.5 137.5 136.6 134.9 133.1 131.9 132.4 132.9 133.3 134 134.4 135.8 136.1 136.6 143 148 152.5 155.2 157.4 152.6 149.4 148.4 146.5 145.5 147.4 149.8 151.5 152 153.7 154.9 155.9 156.9 157.6
