app/static/ascii/SN57.asc
ncols 200
nrows 200
xllcorner 250000
yllcorner 270000
cellsize 50
[rows 108 to 143 of 200, columns 82 to 163 of 200]
-1.2 -1.2 -1.2 -1.2 -1.2 -1.2 -1.2 -1.2 -1.2 -1.2 -1.2 -1.2 -1.2 -1.2 -1.2 -1.2 -1.2 -1.2 -1.2 -1.2 -1.2 -1.2 -1.2 -1.2 -1.2 -1.2 -1.2 -1.2 0.6 25.5 29.7 37.2 49.8 65.3 86.1 119.2 128.4 134.7 141.4 152.4 164.4 163.3 163.8 167.2 168.5 165.8 158.1 152.4 151.6 155.6 158.5 160.7 165.5 165.6 165.7 167 163.7 150.7 143.2 143.3 144 146.2 146.3 145.9 143.5 141 139.4 138.4 138.3 137.3 137.6 138.1 144.4 156.5 168.8 170.4 163.1 156.2 152.8 153.7 156.3 160.3
-1.2 -1.2 -1.2 -1.2 -1.2 -1.2 -1.2 -1.2 -1.2 -1.2 -1.2 -1.2 -1.2 -1.2 -1.2 -1.2 -1.2 -1.2 -1.2 -1.2 -1.2 -1.2 -1.2 -1.2 -1.2 -1.2 -1.2 -1.2 1.3 27.9 33.1 44.3 64.9 85.2 101 124.1 132.9 138.3 147.2 157 164.6 168 167 169.1 167.3 164.3 159 152.4 154.5 160.4 163.2 169.3 171 168.8 168.9 167.7 159.4 144.8 142 141.4 141.6 143.6 145.8 145.4 141.1 138.5 137.7 137.3 137.5 137.7 137.6 139.1 148 157.3 166.1 165.7 155.5 153.1 152.8 153.5 156 160
-1.2 -1.2 -1.2 -1.2 -1.2 -1.2 -1.2 -1.2 -1.2 -1.2 -1.2 -1.2 -1.2 -1.2 -1.2 -1.2 -1.2 -1.2 -1.2 -1.2 -1.2 -1.2 -1.2 -1.2 -1.2 -1.2 -1.2 0.4 22.7 30.6 39.3 54.9 78.8 96.6 114.7 131.8 140.3 145.5 151.3 164.5 171.6 169.5 168 168 166.3 162.1 155.1 155.6 161.1 164.1 167 170.8 168.9 167.8 168.6 164.8 150.6 143.5 141.1 140.9 142.5 145.3 147.4 144 139.8 137.6 137.5 137.1 137.6 138.2 138.3 142.8 155.5 162.2 162.7 153.9 150.5 149.4 150.5 151.5 154.6 158.1
-1.2 -1.2 -1.2 -1.2 -1.2 -1.2 -1.2 -1.2 -1.2 -1.2 -1.2 -1.2 -1.2 -1.2 -1.2 -1.2 -1.2 -1.2 -1.2 -1.2 -1.2 -1.2 -1.2 -1.2 -1.2 -1.2 -1.2 0.5 27 34.6 45.1 60.4 84 100.7 118 137.2 146.6 150.1 156.7 169.6 173.2 168.2 167.6 166.7 165.5 159.4 155.6 158.7 162.5 165.5 169.3 168.5 166.8 166.4 167 158.4 147.9 143 141.1 140.6 143.5 146.7 143.7 140.6 137.9 137.7 137.3 137.1 137.7 138.4 138.8 149.8 160 166.2 163.7 151.8 149.6 149.1 149.5 151.3 154 157.4
-1.2 -1.2 -1.2 -1.2 -1.2 -1.2 -1.2 -1.2 -1.2 -1.2 -1.2 -1.2 -1.2 -1.2 -1.2 -1.2 -1.2 -1.2 -1.2 -1.2 -1.2 -1.2 -1.2 -1.2 -1.2 -1.2 -1.2 1.1 29.5 38.3 50.4 64.9 81.2 99.6 122.3 142.6 145.5 150.9 162.7 172.6 170.9 166.7 166.2 164.7 161.7 156 157.4 160.9 164.1 165.4 167.4 165.9 164.1 163.4 159.3 150.2 147.4 142.5 140.1 140 141.3 142.1 139.3 139.4 139.2 138.9 137.8 136.9 138 138.9 144.1 155 161.5 168.1 157.9 151 149.2 149.1 149.4 152.1 155.2 155.2
-1.2 -1.2 -1.2 -1.2 -1.2 -1.2 -1.2 -1.2 -1.2 -1.2 -1.2 -1.2 -1.2 -1.2 -1.2 -1.2 -1.2 -1.2 -1.2 -1.2 -1.2 -1.2 -1.2 -1.2 -1.2 -1.2 -0.1 1.3 30.1 39 50.1 68.4 86 111.7 134.9 140.8 144.4 155.4 170.9 174.5 166.7 165.2 165.7 162.9 157.1 155.7 158.6 162.1 165.6 166.1 166.2 164.8 162.9 155.5 149.5 146.6 144.9 141.3 139.2 138.9 138.7 138.6 138.4 139.3 142 142.6 137.1 136.3 137.2 139 151.2 160.2 162.4 154.4 150.6 149.1 149.4 149.3 149.7 153.6 154.1 152.7
-1.2 -1.2 -1.2 -1.2 -1.2 -1.2 -1.2 -1.2 -1.2 -1.2 -1.2 -1.2 -1.2 -1.2 -1.2 -1.2 -1.2 -1.2 -1.2 -1.2 -1.2 -1.2 -1.2 -1.2 -1.2 -1.2 -0.2 1.3 31.2 39.6 53.7 73.9 97.8 119.8 134.1 139.2 147.7 163.1 174.6 168.8 164.6 165.8 165.7 159 155.6 155.8 158.3 161.7 165.4 166.4 165.6 164.1 158.9 151.1 146.3 143.2 141.4 139.2 138.6 138.7 138.3 138.4 138.7 142.1 143 138.9 135.6 135.8 136.7 143.3 155.1 161 158.3 151.4 149 149.2 150.9 149.6 149.2 149.9 149.8 150.2
-1.2 -1.2 -1.2 -1.2 -1.2 -1.2 -1.2 -1.2 -1.2 -1.2 -1.2 -1.2 -1.2 -1.2 -1.2 -1.2 -1.2 -1.2 -1.2 -1.2 -1.2 -1.2 -1.2 -1.2 -1.2 -1.2 -0.3 1.3 33.7 42 58.3 81.6 110.6 121.7 131.5 141.5 155.4 171.6 169.1 166.5 164.6 164.4 165.2 157.8 156.5 157.5 158.1 159.7 162.5 163.6 162.6 160.4 154.8 145.3 142 139.7 138.3 138.2 139.8 140.9 139.2 141.2 142.4 142.3 137.6 135.4 135.2 136 137 149.2 156.1 158.8 153.3 150.5 148.7 149.8 154.2 146.8 144.8 144.6 146.2 149.2
-1.2 -1.2 -1.2 -1.2 -1.2 -1.2 -1.2 -1.2 -1.2 -1.2 -1.2 -1.2 -1.2 -1.2 -1.2 -1.2 -1.2 -1.2 -1.2 -1.2 -1.2 -1.2 -1.2 -1.2 -1.2 -1.2 0.1 1.7 37.2 45 58 76.6 99.8 118.7 133.5 147.9 163.4 166.1 165.4 163.6 164.7 166.9 164 156.9 156.1 156.8 158.9 159.7 160.5 160.2 159.1 157.2 148.2 141.6 139.5 137.4 138.4 139.9 141.5 142.9 145.7 142.4 138.7 136.4 135.7 135.7 135.4 136.2 140.4 157.6 160.8 153.9 148.1 145.9 146 149.8 151 141.7 141.4 142.1 144.6 147.7
-1.2 -1.2 -1.2 -1.2 -1.2 -1.2 -1.2 -1.2 -1.2 -1.2 -1.2 -1.2 -1.2 -1.2 -1.2 -1.2 -1.2 -1.2 -1.2 -1.2 -1.2 -1.2 -1.2 -1.2 -1.2 -1.2 0.8 22.2 42.8 52.3 68.2 93.1 106.7 127.6 146.8 158.4 162 164.5 164 164.2 167.2 166.9 162 156.7 156.7 157.3 158.4 159 159 160.4 161.1 151 144.6 140.6 138 136.5 140 142.6 144.2 144.9 143.8 140.4 137.5 135.5 135.8 136 135.9 136.5 147.3 162.7 163 149.1 144.7 142.9 142.6 144.1 141.4 139.9 139.3 140.1 143 146.2
-1.2 -1.2 -1.2 -1.2 -1.2 -1.2 -1.2 -1.2 -1.2 -1.2 -1.2 -1.2 -1.2 -1.2 -1.2 -1.2 -1.2 -1.2 -1.2 -1.2 -1.2 -1.2 -1.2 -1.2 -1.2 -1.2 0.9 31 49.9 60.5 78.8 104.1 128.4 143 159.7 163.4 166.3 167.4 164.8 164.8 164.6 162.5 158.6 158.2 158.9 158.8 156.9 156.8 157.6 161.2 156.5 146.2 142.5 139.7 136.4 139.6 143.1 144.8 146 144.5 141.4 139.1 136.1 135.5 135.9 136.1 136.3 138 150.1 165.1 165 146.9 142.5 140.8 140.7 140.6 139.3 138.2 137.4 138.4 142.4 146.3
-1.2 -1.2 -1.2 -1.2 -1.2 -1.2 -1.2 -1.2 -1.2 -1.2 -1.2 -1.2 -1.2 -1.2 -1.2 -1.2 -1.2 -1.2 -1.2 -1.2 -1.2 -1.2 -1.2 -1.2 -1.2 -1.2 6.1 40.7 58.7 75 95.2 119 137.1 156.7 172.1 169.2 170.3 168.5 167.4 168 168.2 163.3 158.3 160.1 162.7 159.8 155.3 153.3 152.6 152.7 147.4 143.3 139.2 136.6 135.8 138.6 141.2 142.7 142.7 141.5 139 137.1 135.3 135.5 135.9 136.3 136.5 143.3 153.1 161.7 158.6 143.2 140.8 139.1 138.6 138.8 138.1 136.9 135.6 136.9 141.7 143.5
-1.2 -1.2 -1.2 -1.2 -1.2 -1.2 -1.2 -1.2 -1.2 -1.2 -1.2 -1.2 -1.2 -1.2 -1.2 -1.2 -1.2 -1.2 -1.2 -1.2 -1.2 -1.2 -1.2 -1.2 -1.2 0.4 11 49.5 71.1 93.2 112.8 128.2 148.7 166.5 170.8 172.7 172.4 169.7 169.3 170 170.4 158.4 157.3 163.5 165.8 163.7 155.1 151.7 149.7 145.5 141.6 137.5 135.4 135.4 135.6 135.9 137.4 139.5 139.5 138.4 137.2 135.7 135.4 135.5 135.8 136.3 140.7 152.5 157.7 157.6 148.5 141.2 138.9 137.6 136.4 135.3 135.3 135.2 133.7 133.6 136.5 140.2
-1.2 -1.2 -1.2 -1.2 -1.2 -1.2 -1.2 -1.2 -1.2 -1.2 -1.2 -1.2 -1.2 -1.2 -1.2 -1.2 -1.2 -1.2 -1.2 -1.2 -1.2 -1.2 -1.2 -1.2 -1.2 0.7 29.3 60.3 85.2 107.3 118.5 138.5 163.1 171 171.4 172.2 172 170.8 170.2 170.6 162.6 155.4 157.2 163.4 168 163.2 155.9 152.3 150 143.3 137.1 135.6 135.2 135.3 135.6 135.8 135.8 139.3 140.4 138.2 136.6 135.2 135.3 135.5 136 141.3 151.5 157.8 156.7 152 141.4 139 138.9 137.6 135.1 132.4 131.9 131 129.4 129.4 132.2 133.6
-1.2 -1.2 -1.2 -1.2 -1.2 -1.2 -1.2 -1.2 -1.2 -1.2 -1.2 -1.2 -1.2 -1.2 -1.2 -1.2 -1.2 -1.2 -1.2 -1.2 -1.2 -1.2 -1.2 -1.2 -1.2 0.9 44.4 76.4 100.9 114 124 144.7 166.9 171.8 171.9 170.8 170.5 171.1 170.2 163.9 154.1 155.2 158.7 163.8 164.2 158.2 155.2 151.9 146.8 140.5 135.5 135.3 135 135.2 135.7 135.9 137.2 140.7 140.6 138.3 135.9 135 135.3 135.7 137.6 143.4 149.8 155.6 150.9 141 139.2 140.3 140.4 138.1 135.7 131.9 127 126.7 125.4 124.2 124.7 123.4
-1.2 -1.2 -1.2 -1.2 -1.2 -1.2 -1.2 -1.2 -1.2 -1.2 -1.2 -1.2 -1.2 -1.2 -1.2 -1.2 -1.2 -1.2 -1.2 -1.2 -1.2 -1.2 -1.2 -1.2 -1.2 36.2 70.4 94.2 112.7 125.9 138.9 156.2 171.9 173.5 171.2 170.1 169.1 167.9 166.1 154.6 153.1 155.3 159.9 163.3 157.4 155.1 152.2 149.2 143.2 137 135.4 134.3 134.6 135.5 136 136.5 140.3 143.2 142.2 139.2 135.5 134.9 135.4 135.8 137.4 143.2 142.7 137.9 137.6 137.7 140.5 145 144.5 139.1 136 129.9 126.6 123.7 121.1 119.4 118.2 116.7
-1.2 -1.2 -1.2 -1.2 -1.2 -1.2 -1.2 -1.2 -1.2 -1.2 -1.2 -1.2 -1.2 -1.2 -1.2 -1.2 -1.2 -1.2 -1.2 -1.2 -1.2 -1.2 -1.2 -1.2 1.6 65.5 86.5 100.3 118.4 136.3 151.7 165.1 172.7 172.8 170.7 168.8 167.6 164.3 154.8 151.4 151.6 155.7 159.3 158.4 155 152.3 150.1 145.1 139.1 135.9 134.9 133.7 134 134.9 136.3 139.5 143.7 146.5 142.8 137.7 135.2 134.8 135.3 135.7 134.9 134.7 135 135 135.6 138.6 143.6 151 149.3 144.4 136 129.4 124.8 121.9 117.4 115.7 113.8 111.9
-1.2 -1.2 -1.2 -1.2 -1.2 -1.2 -1.2 -1.2 -1.2 -1.2 -1.2 -1.2 -1.2 -1.2 -1.2 -1.2 -1.2 -1.2 -1.2 -1.2 -1.2 -1.2 -1.2 -1.2 54.2 82.2 100.5 105.8 126.5 149.8 164.4 170.8 172.7 170.4 168.3 166.8 164.7 160.2 149.9 148.9 151.9 159.9 163.7 160.1 155.4 152.2 147.3 143.9 137.8 134.3 133.3 133.3 133.7 134.3 136.3 141.2 145.5 146.1 142.7 138 135 134.8 135.3 134.8 134.8 134.6 134.7 134.9 135 141.4 148.5 151.8 151.6 145.9 135 129.4 124 121.1 117.6 114.6 112 110
-1.2 -1.2 -1.2 -1.2 -1.2 -1.2 -1.2 -1.2 -1.2 -1.2 -1.2 -1.2 -1.2 -1.2 -1.2 -1.2 -1.2 -1.2 -1.2 -1.2 -1.2 -1.2 -1.2 -1.2 61.4 87.5 102.5 118.8 137 158.6 167 170 170.7 168.4 166.3 164.2 162.6 155.1 147.4 148.2 152.7 160.1 166.1 160.8 155.6 149.9 143.7 140.4 137.1 133.6 133.1 133.3 136.2 138.1 141.7 143.2 146.3 144.1 141.7 139.9 135.1 134.8 134.7 134.7 134.6 134.5 134.6 134.7 135.4 139.6 148.3 151.8 153.8 149.8 133.2 127.8 123.6 120.9 118 115.1 112.2 109.5
-1.2 -1.2 -1.2 -1.2 -1.2 -1.2 -1.2 -1.2 -1.2 -1.2 -1.2 -1.2 -1.2 -1.2 -1.2 -1.2 -1.2 -1.2 -1.2 -1.2 -1.2 -1.2 -1.2 1.1 59.4 95.5 113.6 130.2 151.8 162.2 167.6 169.9 168.7 166.7 164.5 161.7 155.1 147.6 147.2 148.1 152.3 159.3 162.8 158.5 152.4 144.1 140.1 136.8 133.7 134.6 133.4 136.3 140.9 144.2 144.5 145.6 144.7 143.4 141.4 139 135.5 134.6 134.5 134.5 134.5 134.4 134.4 134.6 135.5 140.7 149.4 153.4 156.6 149.5 133 128.4 124.4 121 118.5 115.9 113.4 110.9
-1.2 -1.2 -1.2 -1.2 -1.2 -1.2 -1.2 -1.2 -1.2 -1.2 -1.2 -1.2 -1.2 -1.2 -1.2 -1.2 -1.2 -1.2 -1.2 -1.2 -1.2 -1.2 -1.2 33.9 78.6 100.1 117.1 141.3 158.9 169.5 172.8 169.4 167.5 164.3 162.4 157.9 151.8 147.8 148 148.2 152 157.2 158.2 153.9 147.5 139.8 136.7 133.7 133.1 134.9 135.4 139.3 143.6 145 145.9 145.3 143.9 142.5 140.3 137.3 136.3 135.1 134.4 134.4 134.4 134.3 134.3 134.9 138.1 146.2 152.2 155.2 156.6 150.1 133.3 128.9 125.5 122.6 120 117.6 115.1 112.4
-1.2 -1.2 -1.2 -1.2 -1.2 -1.2 -1.2 -1.2 -1.2 -1.2 -1.2 -1.2 -1.2 -1.2 -1.2 -1.2 -1.2 -1.2 -1.2 -1.2 -1.2 -1.2 1.8 73 95.8 106.1 127.9 150.6 165 168.3 167 166.1 165.1 162.2 160.1 158.9 153.5 148 148.2 150.3 154.9 159.2 153.1 148.5 139.7 135.6 133.7 131.5 133.4 135.2 138.5 143.1 144.1 145.6 144.8 143.5 142.3 141 139.5 137 135.6 135.5 134.8 134.3 134.3 134.3 134.8 137 141.9 147.4 153.1 155.9 155.7 148.3 132.8 129.7 126.5 123.6 120.7 117.8 114.9 112
-1.2 -1.2 -1.2 -1.2 -1.2 -1.2 -1.2 -1.2 -1.2 -1.2 -1.2 -1.2 -1.2 -1.2 -1.2 -1.2 -1.2 -1.2 -1.2 -1.2 -1.2 -1.2 48.8 82 100.9 122.6 144.3 161.2 170.2 166.1 164.5 163.7 162.4 159.6 157 153.8 148.4 149.4 150.2 153.1 155.5 151.9 145.9 138.6 135.3 131.9 130.4 130.9 132.5 136.3 142 143.7 143.4 144 142.9 141.6 140.3 138.9 137.5 136.7 134.9 134.8 134.6 134.4 134.2 134.3 136.1 138.8 144 148.2 152 153.4 152.9 146.8 132.2 129.1 126 123.1 120.1 117.4 114.5 112
-1.2 -1.2 -1.2 -1.2 -1.2 -1.2 -1.2 -1.2 -1.2 -1.2 -1.2 -1.2 -1.2 -1.2 -1.2 -1.2 -1.2 -1.2 -1.2 -1.2 -1.2 -1.2 65.8 83 100.4 126.1 156.9 169.6 169.2 165.7 163.9 161.9 159.2 157.2 154.3 148 145 145 144.9 146.7 148.4 145.4 141.3 135 132.1 129.9 128.4 129.8 132.5 138.5 140.9 142.6 142.3 141.7 140.7 139.6 138.3 136.8 135.1 134.7 134.2 134.2 134.3 134.3 134.3 134.4 137 142.3 147 149.1 150.6 152.1 152.4 140.3 131.2 128.3 126 123.3 119.3 116.6 114 112.6
-1.2 -1.2 -1.2 -1.2 -1.2 -1.2 -1.2 -1.2 -1.2 -1.2 -1.2 -1.2 -1.2 -1.2 -1.2 -1.2 -1.2 -1.2 -1.2 -1.2 -1.2 6.7 69.6 84.8 99.7 120.9 146.5 158.6 162.9 162.9 160.8 159.5 156.1 155.6 151.8 146.9 149.5 152.7 143.8 141.4 141.6 141.1 137.6 132.8 130 127.9 127 129 133 138.6 141.6 142.2 140.4 139.4 138.4 137.4 136.3 134.6 134.4 134.5 134.4 134.3 134.2 134.2 134.3 135.4 139.3 145.6 149.2 150.8 150.9 152.6 143.7 134.5 130.3 127.8 126 123.4 119.3 116.6 114.8 114.2
-1.2 -1.2 -1.2 -1.2 -1.2 -1.2 -1.2 -1.2 -1.2 -1.2 -1.2 -1.2 -1.2 -1.2 -1.2 -1.2 -1.2 -1.2 -1.2 -1.2 -1.2 31.3 57.9 79.7 95.5 112.8 128.1 137.1 149.9 155 156.6 156.6 155.7 158.6 152.2 151 155.9 153.4 145.6 138.8 138.3 138.4 134.7 130.1 127.5 126.1 127.3 129.8 133.9 138.1 141.9 140.3 138.5 137.9 136.7 135.5 134.3 134.8 135.7 135.1 134.7 134.7 134.8 134.9 135.5 136.7 143.5 150.4 150.8 151.6 150 150.9 143.5 133.7 130.7 129.1 129.3 124.8 119.6 117.4 115.4 114.4
-1.2 -1.2 -1.2 -1.2 -1.2 -1.2 -1.2 -1.2 -1.2 -1.2 -1.2 -1.2 -1.2 -1.2 -1.2 -1.2 -1.2 -1.2 -1.2 40.2 60.9 75 82.9 102.1 115.6 134.1 147.8 152.6 148.2 150.6 154.7 154.6 154.5 152.8 151.8 153.6 155.1 150.9 144.3 138.9 135.4 132.4 130.7 128 126 125.6 127.6 130.2 133 136.2 139.5 137.7 137.2 136.4 136.1 135 135 136.2 137.3 137.6 136.7 137.2 137.3 137.1 137.5 140.8 150.5 152.6 152.5 149.8 149.3 151.5 137.8 133.5 131.7 130.4 129.2 123.3 120.8 118.5 116 116.4
-1.2 -1.2 -1.2 -1.2 -1.2 -1.2 -1.2 -1.2 -1.2 -1.2 -1.2 -1.2 -1.2 -1.2 -1.2 -1.2 -1.2 20.3 47.7 64 73 85.7 102 122.6 138 150.7 160.3 159.7 161.3 163.3 161.6 159.3 153 153.7 153.2 153.5 153.8 148.7 141.6 136.7 133.7 130.7 128 126.5 125.3 125.9 127.6 129.8 132.5 135.1 136.6 135.8 135.7 134.6 133.9 134.1 136 138 139.3 141 139 138.9 139.4 139.2 140.5 145.5 151.3 151.5 149.8 147.9 149.5 143.2 135.6 132.3 131.3 130.3 128 123.6 121.8 119.6 117.5 118.5
-1.2 -1.2 -1.2 -1.2 -1.2 -1.2 -1.2 -1.2 -1.2 -1.2 -1.2 -1.2 -1.2 -1.2 -1.2 -1.2 0.3 42.2 66.8 75.8 85.4 100.6 114.3 132.2 149.6 161 162.5 166 165.2 163.2 163.4 164 160.5 154.8 153.4 152.1 153.1 146.8 139 135.6 132.8 130.2 127.7 125.5 124.6 126.3 128 129.6 132.9 134.1 133.6 133.8 133.2 133.9 133.1 135.2 136.9 139.3 141.7 142.3 140.9 139.5 139.2 138.9 141.6 145.4 147.9 147.4 146.2 146.3 146.2 137 134.1 132.5 131.4 130.4 126.7 124.4 122.6 121.4 121.6 123.1
-1.2 -1.2 -1.2 -1.2 -1.2 -1.2 -1.2 -1.2 -1.2 -1.2 -1.2 -1.2 -1.2 -1.2 -1.2 -1.2 27.2 72 81.5 85.8 99 112.4 128.3 143.1 154.8 160.9 162.3 162.8 161 159.8 161.3 161.6 160.6 157.6 153.3 151.4 148.5 141.5 137 134.8 133.2 130.8 128.3 125.8 125 126.7 128.5 130.1 131.8 131 130.6 130.5 130.5 131.2 133.5 136.5 138 140 142 143.3 144.8 143.1 139.2 141.7 146.2 147 145.2 143.3 142.3 143.9 143.7 135.1 132.5 132.7 131.8 130.6 127.4 125.3 124.6 124.5 125.2 126
-1.2 -1.2 -1.2 -1.2 -1.2 -1.2 -1.2 -1.2 -1.2 -1.2 -1.2 -1.2 -1.2 -1.2 -1.2 33.5 66.5 91.6 96.3 103.2 112.6 126.7 141.4 154.4 163 162.7 165.1 163 159.3 160.3 164 162.7 160.6 157.9 153.4 148.4 143.1 138.7 135.6 134.4 133.3 131.1 128.4 124.3 126 127.4 128.7 129.1 129.2 128.7 128.2 128.1 130.1 132.3 135.9 138.5 139.7 140.7 142.2 145.3 147.5 142.8 139.3 142.8 145.9 145 143.3 140.6 140.7 144.2 143.8 132.9 129.9 129.7 130.7 130.4 129.2 129.7 129.1 127 127.3 129.6
-1.2 -1.2 -1.2 -1.2 -1.2 -1.2 -1.2 -1.2 -1.2 -1.2 -1.2 -1.2 -1.2 -1.2 -1.2 69.4 94.3 100.3 109.1 116.8 127.5 139.3 154 160.7 162.4 162.4 161 158 157.9 161.5 162.9 160.9 158.2 155.3 151.1 145.5 139.9 135.8 133.3 132.1 131.3 130.6 126.9 124.6 126.9 128.2 129 128.2 126.7 125.9 126.3 128.4 131.1 133.8 136.4 138.5 139.2 140.3 142.9 146.4 142.8 138.6 137.9 139.5 141.9 143.9 140.9 139.2 139.4 146.3 138.4 129.5 127.1 126.9 128.6 131.6 132.4 132.5 132.4 129.9 131.4 133.4
-1.2 -1.2 -1.2 -1.2 -1.2 -1.2 -1.2 -1.2 -1.2 -1.2 -1.2 -1.2 -1.2 -1.2 57.7 87.7 102 113.5 121.2 128.5 138.3 148.9 159.2 161 159.8 158.5 155.7 154.7 157.8 161.7 163 158.7 155.5 152.9 148.6 143.1 137.7 133.4 131 129.9 128.8 127.4 123.9 127.8 129.3 130.5 129.7 127.7 126.4 124.5 125.7 128.6 131.4 134.3 136.5 138.4 139.1 141 144.4 143.8 136.9 136 135.3 135.7 137.4 138.4 138.1 135.8 138.5 143.2 129 127 125.5 126.2 126.3 127.6 128.7 129.9 130.2 132.6 134.7 138.2
-1.2 -1.2 -1.2 -1.2 -1.2 -1.2 -1.2 -1.2 -1.2 -1.2 -1.2 -1.2 -1.2 48 82.7 98.3 106.7 129.2 137.3 144.5 151.8 157.7 158.8 158 155.9 154.1 151.3 153.8 158.3 161 158.9 155.7 155.2 152.8 147.3 140.6 135.8 131.2 128.8 126.2 123.2 122.5 127.4 129.8 132.2 133.7 130.9 128.4 125.5 123.5 125.4 128.8 133.1 135.7 136.5 138.4 139.9 142.5 143.9 138.3 134.5 133.9 133.7 133.7 135.1 135.6 134.7 133 133.2 131.3 127 124.4 125.7 128.4 125.1 124.5 126.7 128.4 131.1 134.6 138.9 143
-1.2 -1.2 -1.2 -1.2 -1.2 -1.2 -1.2 -1.2 -1.2 -1.2 -1.2 -1.2 50.9 75.6 90.3 107.2 120.9 138.6 145 146.7 148.4 149.7 149.6 148.8 148.7 148.4 149.3 151.3 156 156.3 153.5 154.3 155.1 153.4 145.1 138.1 133.4 128.8 126.4 123.4 120.4 124.6 128.1 130.9 133.3 134.3 131.1 128 123.9 123.7 125.6 129.3 133.9 137.1 137.7 138.7 140.9 141.7 138.1 134.6 133.8 133.7 133.5 134.2 136.6 139.8 134.9 132.1 129.5 128.4 124.7 123 125 124.8 124 123.3 124.7 128.1 133.3 138.9 144.6 147.8
-1.2 -1.2 -1.2 -1.2 -1.2 -1.2 -1.2 -1.2 -1.2 -1.2 -1.2 -1.2 40.7 61 89.9 114.2 139.9 146.5 149.3 151.1 152.2 154.4 150.4 148 148.2 148.7 149.7 153.7 156.9 151.5 151.7 153.2 154.3 151.4 141.9 136.6 131.1 126.4 123.7 120.5 121.3 124.6 128.1 132.1 134.5 133.8 128.6 124.6 121.7 122.8 125.7 129.3 134.5 136.3 137 138.6 140.5 137.7 135.6 134.2 133.7 133.6 134.8 140 144.1 141.6 135.9 132.6 129.7 127.2 122.9 121.5 121.4 121.9 121.9 122.6 124.8 128.7 134.7 141.9 144.9 146.6
