app/static/ascii/SN60.asc
ncols 200
nrows 200
xllcorner 260000
yllcorner 200000
cellsize 50
[rows 70 to 104 of 200, columns 0 to 78 of 200]
7.3 8.5 8.4 8.4 8.5 8.1 10.5 20.2 34.7 55.8 78.3 94.9 107.4 113.5 120.4 134.7 157.9 188.8 201.1 207.3 212.9 214.4 213.7 214.7 216.2 220 226.7 240.4 243.4 243.9 244.2 243.6 242.4 241.6 240.3 238.7 238.1 237.7 238.3 241.6 244.1 245.5 247.4 248.3 247.6 246 242.8 239.1 238.6 240.6 244.3 246.4 248.7 252.8 253.9 254.1 252 249.7 248.4 246 242.4 235.9 224.3 212.9 204.4 197.4 192.7 187 177.9 164.4 155.9 164.5 167.5 168.9 166.2 157.1 149.3 150.4 153.9
8.5 8.4 8.4 8.3 7.3 7.7 11.1 23.3 45.3 71.1 89.7 102.3 109.6 115.1 128.6 149.9 178 196.6 202.6 204.9 210 209.3 207.7 208.9 211.6 214.9 219.7 232.1 235.9 235.1 234 234.1 234.4 233.3 232.7 232.7 232.9 232.4 235.5 239.8 241.9 243.7 245.7 245.1 244.5 243 238.4 236.3 236.5 238.3 241.6 244.1 247.2 250.3 250.9 250.2 247.3 245.6 244.2 241.6 238.1 231.8 220.4 208.9 200.5 194.3 189.7 183.5 175.3 161.5 153.3 161.5 163.3 163.9 159.5 148.9 148.1 152.4 155.7
6 7.2 8.1 7.2 7.5 7.5 16.5 33.2 60.5 80.1 97.3 105.9 111 122.4 144 167.4 189 199.1 200.1 202.5 204.5 203.3 202.3 203.6 205.9 207.6 210.2 219.6 225 225 225 225.7 226.9 227.7 228 226.9 227.2 230.3 234.8 237.3 240.4 242.5 244.9 243.4 242.3 238.9 235.9 233.4 233.9 236.7 238.5 241.4 244.8 247.6 248 245.3 242.9 241.5 240 237 233.1 227 213.4 204.1 195.5 190.5 186.1 180.1 172.3 158.1 151.6 156.9 159 155.6 148.7 145.3 150.6 153.6 157.1
8.1 7.8 7.3 7.5 7.6 9.7 21.8 46.6 70.1 88.4 101.5 107.5 115.3 133.4 163.1 177.8 191.6 197.2 197.3 198.3 197.8 196.6 197.7 199.4 201.2 200 201.6 209.2 215.4 216.9 219.3 221.6 223.5 224.9 224.1 224.1 225.8 230.5 233.6 236.2 239.3 241.5 243.6 243.4 240.5 236.8 232.8 229.8 231.8 234 235.4 239.2 242.6 244.8 243.5 241.1 238.6 237.5 235.6 233 229 222.3 207.3 198.9 191.3 186.6 182.2 176.8 170.6 155.7 149.7 152.7 152.8 147.5 144.7 150.3 153.7 156 159.5
7.6 7.4 7.5 7.6 7.5 17.5 37 59 78.2 94.2 102.4 109.5 124.5 151.6 174.5 182.6 191 194 194.9 194.4 191.4 190.1 190.8 193.2 193.4 193.6 196.2 203.3 209.7 212.7 215.9 219.3 222.2 223 220.5 222 226.1 229.5 232.8 235.6 238.6 241.8 243.1 241 237.8 234.2 230.6 227.3 230.1 232 233.6 237.3 240.6 241.1 239.3 238.3 234.8 233.3 231.1 228.7 225.2 215.5 201.9 194.5 187 182.6 177.7 172.8 167.4 152.3 146.7 148.3 146.8 142.8 148.9 152.6 155.9 158.5 163
7.7 7.6 7.7 7.7 9.1 29.7 50.6 69.2 85.6 96.8 103.7 118.2 138.4 166.9 180 184.4 188.3 189.5 189.4 188.6 185.6 182.7 185.1 186.3 187.8 189.3 192.6 200.7 206.8 210.7 214.5 218 221.1 221.3 217.9 220.6 224.8 228 231.7 234.9 237.8 239.9 238.7 237.1 234.6 231.4 228.4 224.2 228.5 229.4 231.1 235 236.7 237.1 239.9 234.3 232.8 229 226.9 224.6 219 206.4 196.5 188.6 181.9 176.7 171.5 166.6 159.2 148.4 141.8 142.4 142.1 146.7 151.2 155.4 158.6 163 169.1
7.9 7.8 7.8 7.8 16.9 40.1 58.8 75.5 90.4 98.2 111.8 131.2 157.3 174.2 184.1 186.5 184.3 184.3 183.3 182.4 179.4 178 178.6 179.8 182.7 186.1 191.2 199.7 205.5 211.4 214 216.8 218 216.5 211.8 219.2 222.8 225.6 230.1 232.8 236.1 238.2 236.4 234 230.8 228.9 226 221.7 226.7 227.5 228 231.5 233.1 234.2 242 245.4 227.7 226.4 223.8 220.6 215 200.9 190.8 182.1 175.4 170 161 153 145.1 139.8 139.7 144.6 150.1 153.7 157.6 161.6 165.5 170 176.7
8.1 7.9 7.9 7.9 27.2 49.1 66.2 80.8 92.2 104 121.2 146.7 165.4 177.2 183.4 183.5 180.8 178.4 177.2 176.2 172.7 171.2 171.8 175.5 179.3 184.1 189.9 197.7 204.6 208.7 211.8 214 213.5 210.5 210.9 216.1 220.8 224.2 228 230.8 233.1 234 230.7 229.4 227.8 226.1 223.6 218.7 224.1 224.4 225 227.1 228.8 233 244.6 251.4 232.9 221.3 218.3 215.2 206.2 197.6 186.6 178.3 169.6 160.1 146.1 136.7 138 140.9 147.5 154.9 157.5 159.5 165.1 170.3 175.6 180.9 189.2
7.7 8 7.9 14.6 37.7 56.2 73.2 85.9 96 114.3 133.5 156.5 168.7 177.7 181.1 179.6 174.6 172.4 170.9 169.6 167 166.9 167.1 171.6 177.3 182.6 189.1 196.2 202.7 205.9 208.3 208.8 206.2 202.5 209.2 213.4 217.8 222.1 225.6 227.8 229.4 228.3 227.7 227.6 226.2 224.9 223.9 222.3 215.4 218 220.5 221.9 224.4 230.2 248.1 263.2 241.2 223.4 215.5 211.4 201.8 192.2 180.7 173.5 164.5 149.9 135.3 139.7 150.9 155.8 158.4 159.8 162.2 166.5 172.2 180.2 187.5 195.7 204.2
7.9 7.9 7.8 28.5 46.8 63.3 77.7 87.3 105.2 126.7 144.9 162 172 179.2 176.5 172.4 169 165.8 164.5 162.5 161 162.4 163.8 168.1 175.8 183.2 189.8 195.4 199.8 201.9 203.1 202.1 199 201.8 206.6 210.6 213.9 218.7 222 223.6 223.7 223.9 224.4 224.5 224.5 224.1 223.2 220.9 217.1 212.4 215.8 218.5 221.5 230.1 251.1 267.3 247.2 222.5 214 208.1 196.5 186 174.7 167.4 157.3 143.7 135.3 145.9 156.8 160.2 162.5 164.2 168.3 174.1 183.9 191.9 200.5 209.6 218.2
8 7.9 13.1 36.7 53.8 70 79.7 94.8 114.2 135.9 155.2 165.9 173.3 174.8 173.5 168.8 163.4 158.7 157.5 155.9 156.3 159.8 163.2 168.1 177.2 183.5 189.7 193.5 196 196.4 195.7 193.7 195.4 199.5 203.3 206.9 209.8 214.6 217.3 218.3 218.6 219 220.2 221.1 221.3 221.2 221.8 219.4 217.3 212.2 210.4 215.2 220 230.6 254.1 267.9 246.4 219.6 210.9 204.4 191.6 181.6 171.9 162.4 151.7 134.5 138.9 151.9 158 162 165.1 168.4 174.3 183.5 193.5 202.7 212.9 223.6 232.3
8 7.9 19.8 42.6 61.3 72.8 83.9 104.3 127.3 146.8 162 167.5 171.1 170 167.4 163.6 159.9 153.9 151.5 150.8 153.2 157.8 162.9 171.2 180.8 184.3 188.4 190.5 190.3 188.6 186 188.9 192 195.4 199.5 202.4 206.2 210 211.4 212.5 213.3 215.2 216.6 217 216.3 215.8 215.2 214.7 214.2 211 207.2 213.4 218.5 232.9 258.4 267 241.4 215.3 206.2 194.4 188 178.5 166.8 158.2 148.2 133.7 139 152.6 157.5 163.7 167.6 172.1 179.9 189.4 201.7 215 227.6 234.6 240.6
8.9 8.7 27.8 48.2 65 72.4 91.7 113.7 136.7 156.6 165.7 168.6 168.6 164.8 162.4 157.3 154 149.7 146.5 146.8 150.6 156.4 164.4 176.2 181.7 183.6 185.4 185.4 182.1 179 184.5 186.3 188 191.4 193.9 197.3 201.5 204.1 205.6 207 209.6 211.9 213.3 212.7 211.3 210.7 210.3 210.4 210.1 206.9 213.1 214.4 219 235.1 264.1 263.8 235 211.5 195.9 190.1 184.5 175.5 164.4 155 145.1 131.3 140.5 149.3 155.8 163.2 168.2 174.6 183.9 193.6 209.9 227.6 237 242.1 245.3
9 10.3 29.6 50.9 64.1 78.2 98.4 124.1 144.2 162.1 166.6 168.8 166.1 166 163.3 155 147.2 143.7 141.3 143.6 148.7 155.3 168 176.8 181.5 181.9 180 176.8 171 179.8 181.2 182.5 183.7 186.3 189.1 193.2 198 199.5 200.7 203.7 206.2 208.1 209.1 208.7 207.5 206.1 205.7 205.4 202.5 202.6 211.7 214.8 224.2 246.9 266 259.8 230.2 204.1 193.5 189.8 184.3 175.3 161.4 151.6 143.6 130.7 140.4 149.1 154.2 160.9 167.3 177.3 186.2 199.2 218.8 235.9 244 247.1 248.1
9.7 11.9 30.1 50.6 63 82.7 106.5 133.2 150.6 162.2 164.7 168.2 166.5 167.4 161.6 153.2 144.8 140.9 139 141.2 147 156.7 169.1 176.9 177.5 174.8 170.5 164.3 173.3 176.5 177.6 177.6 179.9 182.7 185.3 188.8 193.2 195.1 196.9 200 202.6 204.2 205.1 204.9 203.6 202.4 201.1 200.8 193.1 205.7 209 212.5 228.6 256.6 265.7 255 225.3 201.1 194.3 190 183.8 174.1 160.2 148.9 139.3 130.5 140.9 147.5 153 159.7 168.1 177.6 186.3 203.3 226.5 241.7 247.3 248.5 247.6
9.2 13.6 31.2 50.3 65.1 89.2 115.6 140.8 154.2 159.1 163.4 162.9 167.9 171.1 162.8 154 146.3 139.7 136.6 138.4 145.8 157.5 167.4 173.9 171.8 167.1 161.2 164.6 170.6 173 173 173.5 174.9 179.2 180.6 185.7 188.3 190.6 193.5 196.1 199 200.1 199.7 199.1 198.5 197.4 195.8 189.7 200.8 203 206.2 215.1 237.7 258.3 264.7 251.8 222.4 199.5 193.5 189.8 182.2 173.1 159.7 146.7 139.1 129.5 139.7 145.6 152.3 158.8 169.7 178.7 188.3 207.9 232.5 244.3 247.2 246.5 244.9
10.6 18.6 31.9 48.4 67.3 94.1 122.6 143.5 152.7 156 159.1 160.6 171.6 176.2 165.1 153.3 145.8 139.6 135 136.5 145.4 155.3 163.7 165.2 164.1 159.4 154.7 162.3 167.1 168.8 168.6 169.4 171.6 174.6 177.2 180.6 183.5 187 190 192.7 195.3 195.5 194.9 192.2 191.5 191.8 189.7 195.3 198.2 201.3 207.8 220.5 245.2 257.8 262.5 249.1 220.5 196 190.3 188.3 179.5 168.8 157.1 143.9 138.2 127.9 138 144.9 151.8 159.9 170.3 180.2 193.7 215.2 237.7 245.2 246.2 245 241.8
14.5 20.6 32.9 47.8 69.7 99.3 127.8 142.6 149 155 154.1 163.2 173 172.3 167.1 153.1 142.5 137 132 135.5 143.7 151 157.1 156.5 153.9 151.9 152.4 159 162.6 164 164 164.6 167.2 169.5 172.1 175.7 179.4 182.6 186.4 189.1 190.6 190.7 188.5 187.9 186.6 186 180.6 192.2 195.7 202 207.6 225.3 246.6 255 257.6 246.3 217.6 193.4 186.5 183.8 175 165.5 155.2 142.2 136.6 127.2 134.2 141.8 150.3 161.7 171.9 181.5 199.8 223.1 241.2 246.4 245.9 243.3 239.3
13.5 21.5 29.1 48.2 71.8 101.8 128.5 140.5 145.4 150.5 151.7 166.7 170.5 170.1 165.1 154.1 139.1 133.6 129.3 133 140.3 146.2 150.8 149.7 147.5 146.7 151 155.8 158.1 160.3 158.9 159.6 162.5 164.9 167.4 170.2 173.8 177.9 181.4 185.1 187.4 186.6 183.2 182.4 182.5 180.9 185.2 189.3 195.1 200.1 209.2 231.9 245.7 252 251.4 241.4 210.4 190.7 181.4 177.9 169.6 160.1 150.8 141.4 136.2 127.4 131.2 140.2 148.2 162.3 171.8 187.3 208 232.2 243.5 246.2 244.7 241.4 237.5
13.7 21.8 29.6 48 71.7 103.1 126.7 135.5 144.7 144.8 155.9 168.4 170.5 170.3 164.3 155.3 141.9 131.8 127.4 130 135.5 143.1 145.4 143 141.1 142.1 150.6 153.1 154.2 155.8 154.7 155.5 158 160.8 163.3 165.5 169.4 173.6 176.3 180.1 181.9 180.4 180 179.3 179.1 172.2 183.4 187.1 193.7 200.6 213.9 236.1 244.8 249.7 247.9 230.2 203.2 188 175.1 172.1 164.1 156.3 149.6 141.1 135 129.1 128.3 136.6 146.8 161.2 175 195.4 220.3 239.5 245 245.4 242.7 238.8 234.8
13.6 20.7 29.4 45.3 69.6 102 122 130.9 138.7 141.6 159 165.7 167.3 168.6 163.2 154.7 143.9 130.2 124.1 125.4 130.5 138 139 136.2 134 144.6 148.8 150 151.2 153.6 148.8 151.1 153.4 155.8 159.9 162.1 163.3 166.1 170.2 172.2 172.9 173.5 175 175.2 174.5 178 180.1 185.4 193 203.3 221.7 237.2 244.1 246.1 240.9 214.9 197.1 180.4 167.2 164.7 156.2 151.3 146.9 140.5 133.2 128.2 124.7 135.4 145.6 161.7 181.4 206.1 230 241.7 244.3 243.7 240.6 236.3 231.6
14 17.6 27.1 45 70.7 97 116 127 133.8 141.7 159.1 163.1 164.3 164.2 160.9 156.4 145.2 131.6 121.7 121.1 125.4 131.5 132.6 128.6 131.9 141.5 145.1 146.1 149.3 151.1 145.1 144 145.3 151.3 153.9 157.8 158.2 161.7 163.7 166.3 168.5 169.7 170.9 170.8 167 175.3 177.8 184 192.8 206.7 226.2 237.7 243 240.7 220.5 196.9 187.1 172.3 161.9 155.3 150.6 146.5 142.6 136.9 130.9 127.1 123.6 134.6 148.9 165.5 183.8 215 235.2 241.6 242.2 240.4 237.8 234 229.3
10.8 14.4 26.5 45.8 68.6 91.8 109.1 121.6 128.7 141.8 156.6 161.1 161.7 161 157.3 152.2 145.8 136.4 126.1 117.2 120 124 125.2 123.6 130.9 137.4 140.3 141.8 145 145.5 140.6 135.6 140.6 145.6 148.9 152.5 154.2 156.7 158.7 160.2 162.3 164.2 164.9 164.2 168.2 172.2 175.6 183.8 194.9 212.8 227.8 237.2 238.6 227.2 192 186.1 176.1 165.7 159.6 149.6 145.7 142.3 138.1 132.4 129.6 125.5 123.6 135.5 150.6 168.4 190.2 221.9 235.5 239.9 239.1 237.7 235.2 231.4 225.7
10.7 12.1 23.7 48.1 69 89.4 104.6 116.6 124.9 140.2 152.5 159 156.9 155.3 151.5 145.8 140.8 134.9 127.3 116.2 115.7 117.2 118.8 123.5 129.4 132.7 135.2 137.8 140.6 139.6 136.4 129 134.8 140.5 144.7 147.9 150.4 153 154.3 156 157 158.3 158.3 160.9 167.2 170.7 175 186.5 200.5 217.5 228.4 233.4 231.7 196.5 183.2 180.4 167.5 162.5 158.6 144.8 142 137.5 133.3 130.3 127.8 123.7 125.8 138.4 154.2 171.5 198.7 226 234.1 237.4 237.3 234.7 232.1 228.6 223
10.8 12.9 21.4 46.3 67.5 85.3 102.5 110.9 118.8 137.6 148.5 153.7 150.5 149 144.2 137.8 134.3 129.9 125.7 119 112 111.6 115.8 122.7 125.6 128.9 131.3 133.6 134.6 128.6 122.4 122.3 128.1 135.5 140.5 144.1 146.7 149.6 150.6 149.8 146.6 152.2 158.6 162.4 165.9 170.8 180.1 193.7 208.7 220.8 227.7 228.4 220.5 186.2 180.3 169.5 163.2 159.7 154.7 138.6 136.5 133.9 131.2 127.7 124.4 121 130.7 143.5 157.7 178.8 208.7 227.9 233.8 236.6 234.6 231.6 228.9 224.4 219.7
11.6 15 20.7 45.5 65.4 81.4 97 105.4 113.9 134.3 142.7 147.4 143.6 142.3 137.9 132.1 128.6 125.5 122.8 119.8 114.8 108.4 115 119 121.1 122.3 123.7 125.2 118.3 113.7 119.2 123.3 120.4 124.8 130.3 134.3 135.4 140.3 145.7 148.9 152.1 156.9 160.9 164 168.5 176.2 188.6 202.7 214.2 222.1 225.7 221.7 201.6 173 168.1 162.9 158 153.8 140.3 135 132.4 129.8 126.4 123.9 121.3 124.4 137.2 149.2 168.3 194.6 218.9 230.2 236.1 238.7 235.9 231.5 227.6 221.6 216.3
12.5 17.1 23 45.2 65.2 80.1 90.1 101.2 109.8 128.9 138.3 140.5 136.2 133.6 130.2 125.7 123.7 122.1 119.8 117 112.1 102.4 112 115.7 113.6 111.6 111 109.5 111.4 118.8 123.8 127.5 129.4 131 133.6 136.8 140.2 144.2 148.6 152 154.8 158.5 161.9 165.1 172.6 184.1 198.8 208.4 216.6 222 221 208.8 179.5 163.7 162.3 157.3 152 143.1 131.5 129.1 127.4 125.3 120.8 117.6 122.7 133.6 145.1 160.4 184.1 210.4 225.7 236.6 244.9 245.6 239.7 234.1 228.2 221.3 212.9
14.2 20.6 26.8 44 62.3 76.2 85.1 93.8 104.3 122.2 131.9 132.8 129.4 126.3 124.1 120.2 118.1 117.6 116.3 112.4 108.3 95 102.7 105 101.6 99.9 105.4 112 117.9 122.4 125.7 129.3 132.6 135.2 137.5 139.7 142.6 146 149 152.4 156.3 160 163.1 167.2 177.5 191.3 205 211.5 215.7 216 209.3 188.8 164.8 161 156.1 149.4 141.3 131.3 126.4 123.4 121.5 119.8 116.5 121.1 130.2 140.9 154.5 176.3 201.2 220.8 234.8 245.2 253 252.6 248.1 240 229.7 221.1 211.7
19.8 24.4 29.3 40.9 58 72.5 81.6 88.9 98.6 114.3 124.5 125.5 122.7 118.8 116.7 113.9 112.6 112.8 111.1 100.1 90 86.4 89.5 94.1 100.3 104.9 110.6 116.6 120.6 124.6 128.2 131.2 134.2 137.1 139.6 141.9 144.2 146.9 150.3 154.4 158.6 163.3 168.1 174.7 186.7 200.8 210.6 215.8 213.5 206.8 188.8 170.8 157.3 151 146.9 140 132.6 124.4 122.6 119.5 116.9 116.6 120.4 127.5 138.4 150.1 169.3 193 213.9 229.7 245.3 253.9 258 256.3 252.3 245.9 233.9 220.3 210.2
23.2 27.2 30.9 37.4 54.1 69.3 76.6 84.8 93.9 108.1 116.3 117.4 114.9 111.7 109.7 107.1 106.7 107.2 100.2 88 87.8 96.5 99.9 103.5 106.5 110.1 114.8 119.3 123.4 127.1 130.8 133.6 136.4 139.2 142.2 145.1 147.4 150 154.4 158.6 163.8 168.4 177.3 185.5 196.5 206.8 215 215 208.5 188.7 172.1 156.5 149.5 143 137.9 130.8 124.4 120.2 118.3 115.1 115.6 120.1 126.9 136.5 146.3 165.5 187.1 206.3 223.3 240.5 253.5 258.4 260.7 257.6 253.2 247.2 237.5 220.4 209.7
23.9 28.3 32.8 39.5 49.8 63.1 71.9 78.8 90 101.5 110.7 110 106.2 105.2 102.8 101.1 100.9 102.3 95.1 85.2 96.2 102.1 105.4 108 110.9 114.4 118.4 123 127.6 132.2 134.3 137.4 140.6 144 146.8 150 153.4 155.6 160.9 165.3 170.2 175.6 186.7 196.4 205.4 212.4 215.2 211 192.8 174.9 158.4 147.5 141.2 136 130.3 123.4 118.8 114.6 112.6 114.3 121.3 126.3 135.3 147.2 164.2 183.5 200.8 217.2 235 250.5 258.8 261.9 261.1 257.6 252.8 247.2 238.5 223.4 207.6
24.7 29.8 36.4 40.3 47.6 59 67.9 76.3 86.2 96.3 103.3 102.5 98.7 99.9 98.6 97.4 97.4 98.8 94.9 87.3 101.9 106.4 109.2 112.1 115.1 118.2 124.9 129.1 135.5 142.7 146.6 149.3 153.2 155.5 158.5 162.1 165.7 168.4 172.8 176.9 183.6 190.5 198.5 206.1 210.7 213 210.7 199.2 177.9 161.5 148.2 140 132.9 127.6 122.5 116.4 112.1 111.4 115.1 120.6 127.1 135.6 149.1 165.6 181.6 196.2 213.3 231.3 247.8 258 262.7 262.8 260.5 257.3 252 246.3 238.4 224.8 206
23.6 29.6 36.5 40.6 46.5 54.4 64.6 72.8 85 91 97.9 94.6 92.1 95.2 96.3 93.9 94.2 93.2 87 91.6 104.1 109.3 112.3 115.3 118.6 124.4 131.1 137 147.6 156.7 165 169.6 173.5 174.2 177.5 181 184.4 188.2 193.5 197.3 201.1 205.1 208.1 209.7 211 208.6 202.3 182.8 165.1 150.3 142.7 133.8 127.5 122.6 117.2 110.5 112.2 116.7 122.5 128.5 139.1 152.8 169.7 185.9 199.2 214.5 229.8 245.2 255.5 262 263.5 261.8 259.3 255.9 250.7 245.1 237.1 224.5 205
24.1 29.1 35.9 39.5 43.8 50.5 60.5 70.4 80.8 85 85.3 84.6 86.4 91.9 97.8 89.9 87.9 82.9 79.1 96 104 111.4 115.4 118.7 123.5 129.2 139.3 148 166.2 176.6 184.2 188.8 192.3 194.9 197.2 199.6 201.3 204.7 206.4 207.8 209.9 210.7 210.7 209.4 207.2 201.7 187.5 168.9 152 142.3 134.2 128.1 122.3 117.7 112 110 115.2 121.9 130.5 141.8 154.3 172.3 189.3 205.3 220 234 245.8 256.2 260.6 263.5 262.5 260.5 257.7 254.1 249.1 242.9 235.2 218.9 201.9
25.1 29.1 34.8 38.5 42.1 48.2 57.6 68 75.2 77.7 80 81.2 83.7 89.1 92.5 80.9 75.7 79.5 92.4 99.6 106.8 113.9 119.1 123.2 128.3 136.9 147.1 166.1 175.8 185 193.5 200.5 205.2 208.6 211.8 212.9 214.2 214.3 214.7 215.2 214.3 212.6 210 205.9 202.1 191.8 173.7 156.6 144.2 135.2 127.1 122.6 117.6 113.3 108.6 114 120.7 128.2 140.4 154.5 170.1 187.5 205.3 222.2 235.5 244.4 253.9 259.7 262.2 262.9 261 258.5 255.7 252 247.1 240.6 232.2 214.3 197.3
