app/static/ascii/SN61.asc
ncols 200
nrows 200
xllcorner 260000
yllcorner 210000
cellsize 50
[rows 105 to 139 of 200, columns 80 to 159 of 200]
92.2 118.1 125.8 130.3 134.5 139.1 142.9 146.5 150.6 153.9 157.5 161.5 164.8 167.2 170.7 175 180.3 185.5 190 193.7 195.1 202.9 209.5 214.2 219.1 223.6 227.8 231.2 234.1 237.1 240.8 243 243.2 241.5 240.6 239.7 238.7 236.7 233.7 230.7 228 224.5 220.3 215.3 213.9 212.3 209.7 207.6 206.7 204.4 198.6 193.3 191.6 191.2 187.4 183.3 181.8 177 168.7 167.3 163.9 161.8 160.5 160 159.8 160.4 159.1 158.7 158 151.1 147.6 159.3 159.3 160.5 162.9 166.1 169.5 172.8 177 181.9
91.2 116.1 123.8 129.2 134.4 139.3 142.7 146.1 148.5 150.3 153.7 157.5 161.5 164.6 169.1 173.8 179.4 184.7 187.8 191.7 196.7 205 211.4 215.7 220.5 224.2 227.5 230.8 233.7 236.9 239 239.6 238.3 236.6 235.2 234.2 232.6 230.8 228.3 225.6 222 216.9 211.5 205 206.2 204.5 202.9 201.7 200.4 196.5 192.2 188.6 188 185.7 180.8 179.4 178.2 174.3 163.3 161.8 157.1 157.2 155 156.1 154.8 154.5 154.8 153.7 152.5 145.8 143.8 152.9 154 155.3 156.9 160.2 163.1 166.5 170.6 175.4
93.9 116.2 123.3 128.7 134 138.7 142.3 144.9 146.3 147.4 149.8 153.8 158 162.9 167.6 172.3 177.8 181.3 185.4 191.2 199.1 205.9 211.8 215.9 219.7 222.8 226 229.4 232.8 234.4 235.3 234.6 232.8 231.4 229.9 228.5 226.8 224.9 222.8 219.7 215.8 209.3 202.1 193.6 198 197.7 196.6 195.2 193.5 189.8 187.8 180.8 182.5 179 175.9 177.1 171 163.8 159.6 159.9 157.9 144 150.4 150.6 149.4 148.2 147.8 147.9 147.1 141.2 143.3 147.3 148.4 149.5 150.8 153.3 155.9 159.2 163.5 169
97.3 115.9 123.2 128.4 132.5 137.6 140.7 142 143.3 144.5 147.4 151.9 155.9 160.8 165.4 169.9 173.9 177.2 183.3 190.9 197.6 203.3 209 213.5 217.7 220.5 223.8 226.6 229.5 230.7 231 229.6 227.9 226.4 225 222.6 220.2 218.8 216.5 212.1 208.2 200 191.7 187 189.7 189 188.4 188 187.7 185.3 182.6 177.5 174.1 172.1 171.3 170.3 165.3 158.1 155.2 154 149.4 144.4 144.4 145.6 144.7 143.1 142.8 142.8 141.5 137.2 140.3 141.1 141.7 141.9 142.3 143.4 147.3 150.9 154.1 158.4
101.9 115.8 122.9 127.2 131.2 135.6 137.4 138.7 140.1 142.4 146.2 150.8 154.5 157.9 162 167.2 170.4 175.6 183.9 189.5 194.3 198.8 204.8 208.8 212.4 216.4 220.1 223.1 225.5 226.8 226.2 224.7 223.1 221.5 218.8 215.9 213.1 211.3 207.7 201.7 197 190.1 180.6 177.6 181.5 181.3 181.4 181.9 182.1 180.1 176.1 170.9 168 163.8 166.5 163.2 159.8 154.4 151.3 147.9 144.7 140.7 132.6 140.4 138.9 138.2 137.9 137.5 136.5 130.3 135.5 137.5 137.9 138.2 139.1 140.2 142.5 144.7 148 150.4
110.3 117.3 122.6 126.9 131.1 134.5 134.7 135.2 137.2 140.5 144.1 148 151.7 154.8 159 164.2 168.2 173.1 180.9 184.8 188.7 193.1 198.7 202.7 207.2 211.6 215.7 218.7 221 222.4 221.9 219.8 217.5 214.1 210.9 207 204 199.8 195.5 191 186.8 178.9 171.4 170.6 175.9 175.6 174.9 175.4 174.4 172.7 168.5 165.4 163.4 158.1 156.7 154.3 152.7 150.2 147.6 145.6 141.7 137.3 131.7 134.1 133 132.9 132.6 132 130.7 122.3 132.4 134.2 134.7 135.4 136.5 139.2 141.9 144.7 148.5 150.7
112.9 118.5 123.6 127.5 131.5 132.5 132.2 133.3 136.1 140.8 145.4 148.5 151.9 153.8 158 163.2 166.3 170.3 175.9 179.6 182.9 187.5 192.4 197.6 202.1 206.5 211 214.1 216.6 217.1 216.3 213.8 210.6 206.3 201.9 198.2 194.1 186.7 183 180.1 177.2 171.2 166.4 159.9 168.6 167.9 167.4 167.7 165 164.1 161.4 160.1 158.3 155.9 145.2 148.8 147.1 146.9 147.3 146 144.2 136.6 129.8 127.6 125.6 127.2 127.5 126.5 118.1 127.3 130.5 131.9 132.2 133.2 135.1 137.5 140.5 145.1 148.3 150.9
113.7 119.2 124.5 128.3 130.4 129.9 129.6 132.3 136.5 143 148.3 151.7 152.6 154.5 158.6 162.4 165.1 168.1 170.5 173.9 177.9 182.4 187.7 192.6 197.3 202 206.3 210 210.8 209.9 209.1 206.3 203.4 198.3 192.7 185.6 179.9 174.2 169 166.7 164.9 160 157.3 151.9 160.6 161 163.1 163.4 160.5 157.6 155.7 156 155.8 152.5 146.9 142 143.3 146.7 149.6 147.7 140.9 133.5 128.5 121.2 121.6 122.4 120.3 117.4 122.8 126.1 128.8 129.8 129.6 130.2 132.3 134.7 136.6 140.1 142.7 145
114.8 120.8 125 127.7 128.3 127.5 128.8 132.6 139.1 146.2 151.6 154.3 154.2 155.7 159.2 162.1 163 164.1 166.4 169.4 173.5 178.5 183.8 189 193.8 198.3 202.3 203 202.7 201.6 201 198.7 193.5 189.4 183.4 174.8 171.5 165.4 160.8 158 154.9 152.3 147.4 144.1 152.1 158 159 156.6 152.7 152 151.4 152.9 152.5 145.3 140.1 136.3 139.6 143.4 145.9 142.6 135.2 127.9 122.6 119.1 114.3 113.8 115 118 122.1 124.4 126.4 126.7 126.4 126.7 128.1 130.2 131.5 133.6 135.1 137.2
116.2 121.3 123.8 125.3 124.5 124.9 129 134.3 142.4 149.5 153.7 155.5 155.9 156.7 158.3 159.9 159.6 160.5 163.2 167.1 172.3 177.1 181.7 185.4 189.4 192.2 194.6 194.4 194.3 193.6 190.2 186.4 179.6 172.1 168.2 164.4 163.1 158.1 154.7 150.4 148.2 148.3 144.6 141.8 151.7 155.1 153.8 149.8 147.4 148.5 147.6 145.5 144.6 138 130.9 135.5 140.8 140.9 138.2 133.1 126.6 121.4 117.3 114.5 111.2 110.3 113.6 116.2 119.7 121.6 123.2 122.9 122.4 122.3 122.9 125.2 126.3 125.7 126.8 129.5
115.8 119.2 120.4 121.6 123.6 126.1 132.1 138.7 144.9 150.5 154.2 155.4 156.3 156 155.5 156.4 157 159 161.7 167.4 171.7 174.8 177.7 180.6 183.1 185.4 186.4 185.3 184 180.5 178 173.8 168.7 160.8 160.1 156.1 153.8 148.6 146 145.2 145.7 145 139.9 141.7 149.6 151.8 148.3 145 143.7 145.4 142.4 141 138.2 130.7 126.6 132.9 136.9 134.7 129.5 124 118.7 114.4 111.3 110.1 107.5 110.1 112.9 114.9 116.6 117.4 118.2 118.8 118 119.7 122.4 124.3 122.6 121.2 120.9 124.5
113.2 115.3 113.4 119.4 123.7 129.1 134.9 141.1 146.7 151.4 152.8 153.6 154.6 154.7 152.2 152.6 155.6 158.2 161.2 164.7 168.1 170.8 173.6 175.6 176.9 177.9 177.7 176.5 174.9 172 169.3 166.1 160.7 154.1 150.2 145.8 144.9 140.9 142 144.6 142.4 139.4 134.1 139.9 147 146.5 143.1 139.7 140 139.9 138 137.7 132 122.6 123.5 130.9 131.6 127.8 122.9 117.7 112.8 110.4 107.8 103.2 106.3 108.6 110.8 112.1 112.2 112.3 113.2 114.3 115.4 118.2 121.4 123.8 122.4 120.4 118.7 121.1
105.3 107 114.1 119.2 125.4 131.3 137.2 143.3 147.6 150.2 151 151.6 152.8 152.8 151.4 150.7 153.4 155.4 157.4 159 161.6 165.6 168.2 169.1 170 170.4 169.1 168.1 166.1 162.4 160.5 159.3 155.1 149 142 139.9 141 139.7 140.8 138.8 134.7 133.5 135.2 140.1 142.2 140.3 138.3 135 136.2 136.6 134.4 133.5 126 119.7 120.5 124.4 123.8 121.1 116.2 111.7 109.7 107.4 105.1 101.2 104.3 106.7 107.6 108.2 108.3 108.2 108.6 109.8 113 115.9 118 118.4 118 117.6 115.8 118.1
107.9 112.8 117.5 121.9 128 133.6 139.5 144.7 147.8 147.9 148.4 150.3 152.1 152.8 152.1 149 149.5 151.8 153.7 154.4 155.9 159.6 161.2 161.8 162.8 163.2 162.2 159.9 158.4 155.5 154 152.6 149.1 140.6 137.5 136.5 140.7 139.3 135.9 131.1 128.7 128.2 132.6 136.9 136.9 134.2 132.5 132.5 133.6 132.8 129.4 125.8 119.3 114.5 120.1 122.3 119 115.1 110.9 107.5 106 105.1 103.7 98.5 103.9 104.4 104.8 104.7 104.4 104.1 104.5 106.4 109.9 112 112.9 113.1 113.1 112.9 113.4 116.3
109.5 115 119.6 124.2 130.3 135.8 141.1 144.4 145.4 147.2 150 152.5 153.6 153.9 152 149.2 143.1 144.9 148.2 149.9 153.3 153.7 153.9 154.6 155.6 155.9 155.8 153.9 151.9 151 149.7 147.4 140.6 138.3 135.7 133.8 138.5 136.5 130.8 127.5 124.2 125.5 128.1 130.3 130.6 127.8 125.1 128 127.3 124.7 122.2 118.5 113.4 111.5 116 116.6 110.9 108.1 106.1 103.7 103 102.4 101.3 97 101.8 102 102.6 102.4 101.7 101.4 101.6 103.8 106.8 108.1 109 108.8 108.3 108.5 109.9 113.7
112.1 117.5 122.5 127.6 132 136.8 140.5 142.6 144.5 149 152.9 154.1 154 151.8 149.4 146.7 143.3 134.4 142.8 145.5 147.2 146.1 146.1 147.7 148.8 149.1 149.4 147.5 146.2 145.8 144.7 141.8 137.6 138.7 137.4 129.3 130.5 128 123.1 120.8 121.4 121.1 122.4 123.8 123.7 118.3 119.3 120.2 117 116 114.2 112.6 109 107.5 107.5 106.6 105.7 103.8 102.1 100.9 100.1 99.8 99.6 95.4 97 99.6 100.3 100.3 99.5 99 99.7 101.3 103 104.1 104.6 104.7 104.3 104.2 105.9 110.6
115.6 120.3 125 129.6 132.9 136.2 139.3 142.4 146.4 151.9 153.3 153.4 150.6 148.4 145 142.4 137.9 129.3 138.3 141.1 140.4 138.8 139.2 141.5 143.2 143.4 143.4 140.5 136.4 135.9 137.4 137.1 136.9 134.9 130.8 127.1 121.4 118.8 117.4 119.3 118.3 116.5 116.6 117.1 115.6 113.2 113.1 112.1 109.6 109.9 109 106.9 106 104.3 102.6 102.2 101.4 100.8 100.1 99 98.5 98.1 97.3 92.6 93.5 97 98.4 97.9 97.6 97.2 97.7 99 99.6 99.9 99.6 99.7 102 103.7 105.5 107.5
117.6 121.8 126.7 129.9 132.6 136.3 139.4 143.8 148.4 151.7 151.8 149.7 146.9 144.6 141.4 137 127.2 128.3 134.5 134.9 135.3 128 132 136.2 138.6 139.5 137.8 133.1 131.6 131.1 134.5 135.2 131.8 126.8 121.7 117.6 113.4 113.1 113.9 114.8 113.1 110.4 109.6 109.7 108.1 106.7 105.9 103.1 106.2 106.7 104 102.2 102 101.2 99.5 99.1 99.2 98.8 98.2 97.4 97.5 97.4 97.2 93.9 90.7 94.3 96.2 96.5 94.8 92 92.6 92.6 94 94.2 94 95.9 99.8 102.1 103.1 104
119.5 124.2 128.1 130.1 131.7 135.8 141.3 146.1 149.3 149 147.4 144.4 142.5 140.1 136.6 130.2 120.3 124.1 127.1 126.3 123.6 120.2 129.6 133.2 134.8 136.1 134.9 133.8 131.7 131.4 130.5 129 124.3 118.7 113.3 109.4 107.4 107 110.6 110.2 108.1 105.4 103.4 102.1 101.3 100.2 99.3 99.2 100.7 101.3 99.5 98.8 98.9 98.1 97.6 97.2 97.1 96.8 96.2 96.3 96.6 96.8 96.8 95.4 88.8 91 94.2 90.1 84.3 85.8 87.2 85.3 88.1 88 89.3 92.5 93.2 95.3 95.8 95.5
121.1 126 128.3 128.3 131.8 137.8 142.2 146.1 146.4 145.4 142 138.4 138 136.1 133.2 125.9 116 114.5 117.6 116.3 118.7 127 131.9 131.2 130.9 132.3 129.8 123.7 127.4 127 124.1 120.3 114 110.5 103.6 102.1 103.9 105.8 106.7 105.3 103.4 100.8 99 97.6 96.8 96.2 95.2 95.6 96.2 96.6 96.6 95.7 95.9 95.7 95.7 95.5 95.4 95.2 95.2 95.1 96.1 96.9 87.8 84.6 86.9 87.5 84.8 85.4 86.7 86.9 87.2 88.1 89.3 91 91.1 87.6 90.5 90.6 91 91.1
122.1 125.6 126.3 126.2 130.2 136.4 139.9 141.6 141.2 139 136.6 134.3 134 132.7 129.5 122 113.4 107.3 109.8 115.3 124.6 129.4 128.9 127.3 126.1 124.5 118.7 118.7 122 119.7 116.3 112.1 107.4 101.9 97.6 102.7 104.1 103.2 102.4 100.6 98.7 96.3 94.8 93.8 93.3 92.9 92.3 92.4 93 93.1 93.5 92.9 93.4 93.8 93.8 93.9 93.8 93.6 93.6 94.4 95.6 86.5 82.7 83.9 83.6 82.5 85.1 85.5 86.3 86.7 87.2 88 88.8 90.2 91.2 91.5 90.8 91 91.4 91.7
121.1 121.8 121.5 122.3 127.7 133.3 135.1 135.5 134.1 131.7 129.6 128.2 127.5 126.9 123.5 116.8 107.9 103.3 109 119.9 125.3 125.3 122.6 120.4 118 116.2 112.1 114.5 114.4 113.1 109.7 106.1 100.1 95.6 97.1 99.1 98.9 97.6 96.7 95.4 94 92 91.1 90.3 89.9 89.6 89.3 89.7 90.4 90.4 90.5 90.6 91.1 91.3 92.1 92.2 92.3 92.1 91.7 92.8 81.5 82.4 82.5 83.2 81.6 84.5 84.9 85.6 86.3 86.7 87.8 88.9 89.6 90.6 90.1 91.1 91.8 91.4 91.4 91.7
118.2 118.2 117.6 119.4 124 127.7 129.7 129.3 128.4 125.6 123.2 121.5 120.9 120.1 115.9 109.8 102.8 105.3 114.6 118.3 119.2 117.9 115.4 112.5 110.4 106.1 105.6 107.3 106 105.2 102.7 99.4 95.7 92.9 95 94.8 94.5 93.4 92.2 91 89.7 88.5 87.5 87.4 87.3 87 87 87.8 88.5 88.5 88.5 88.7 89.3 90.6 86.4 79.5 79.1 79.5 80.9 80.8 79.6 82 82.7 83.3 91 92.4 94.4 96 96.2 95.3 93.3 91.8 92.5 93.6 94.9 95.4 95.9 92.4 92.8 92.1
114.1 113.2 113.3 116.2 120.1 122.1 123.7 123 121.2 119.2 117 114.4 113.6 111.9 107.8 102.1 97.8 105.6 110.7 110.9 110.3 109.9 107.8 104.9 101 101.8 103.6 101.6 99.7 98.2 96.3 94 90.8 90.2 91.3 91.1 90.5 89.8 88.8 87.6 86.4 85.4 84.7 84.4 84.3 85 85.2 86.1 86.7 86.9 87 87 82.7 77.1 77.3 77.7 78.4 79.2 80.4 80 81.1 81.9 88.3 88.6 90 92.3 94.7 96.4 95.9 95 93.9 93.9 94.8 95.9 96.5 96.5 96.8 98.1 97.4 98.2
108.7 108.4 110.3 113 115 116 116.8 115.4 113.4 111.9 110.4 108.4 106 104 99.8 96.3 100.1 104.1 104.8 104.2 103.4 102.3 100.5 97.3 92.3 99.7 101.9 98.2 95.1 93.6 92.3 89.9 86.2 86.3 87.7 87.4 86.9 86.3 85.4 84.3 83.2 82.5 81.8 81.4 82.2 83 83.5 84.6 85.1 85.1 76.1 75 75.4 75.7 78.1 78.2 78.6 79.3 79.1 80.7 82.5 86.9 88.3 89.1 90.3 92.1 94.8 96.1 95.6 94.9 94.4 94.9 100.1 102.8 104.4 104.7 103.8 104.4 100.6 102.2
103.1 103.7 105.8 108 109.1 109.3 110.7 107.9 105.8 104.4 102.9 100.7 97.8 95.2 92.9 94.2 100.4 100.3 97.5 96.2 96.7 95.4 93 88.5 87 93.9 97 93 91.9 90.4 88.9 86.7 82.7 83.4 84.3 84.1 83.7 83.2 82.2 81.1 79.4 78.5 77.7 77.4 77.9 77.8 78.8 78.6 76.9 73.9 75.2 75 76 77.5 78.5 79 78.9 79.8 78.9 84.2 86.5 87.6 88.7 89.9 91.2 92.2 94.8 95.5 95.6 95.6 95.1 99.3 110.6 116.4 121.5 124.7 122.2 116.7 111.4 113.7
97.8 99.3 101.4 102.6 103.8 103.3 102.5 101.6 99.2 97.6 95.5 92.6 89.8 87.6 87.1 92.2 93.9 91.3 87.8 89.4 90.4 88.3 84.2 80.3 81.5 87.4 87.8 89.2 88.1 86.8 85.4 83.3 79.3 79.8 81 80.8 80.6 79.8 79 77.2 75.5 74.5 73.3 73.3 73.3 73.4 74 74.4 72.8 74.7 74.6 75.1 76.2 77.3 77.8 78.7 77.6 78 83.7 86.2 88.1 89.2 90 91 91.5 92.8 94.6 95.7 96.8 100.6 108.5 116.6 124.9 131.9 136.4 141.2 139.4 129.2 115.3 115.8
93.7 95.6 97.2 97.9 99 98.8 97.6 95.5 92.9 90.2 87.3 84.4 82.6 81 83.1 84 83.8 78.8 78.7 78.1 81 80.9 77.6 76.8 78.9 81.9 84.1 85.1 84.1 83 81.5 79.4 76 76 76.7 76.9 76.4 75.8 75.2 73.4 71.6 70.9 70.4 71.4 71.3 71.3 71.4 72.7 73.2 73.8 74.6 75.4 77.7 84.3 83.3 81.8 83.4 85.2 86.7 88.2 89.7 90.8 91.8 92.4 93.1 94.2 95.1 97 103.1 112.7 120.8 129.3 135.7 141.6 147.6 152 150.3 137.8 123.6 118.2
89.9 91.9 92.8 93.5 94.3 94 91.8 88.4 85.4 83.1 80 77.4 76.3 75.3 76 77.1 75.2 72.6 72.2 73.3 74 73.1 73.4 74.5 75.7 78.4 80.5 79.8 79.4 78.1 76.5 74.6 72.8 71.9 72.1 72.1 71.4 71.7 71.4 69.4 69.3 67.4 69.7 70.3 70.5 71.9 72.5 73.1 73.1 74 80.1 84.1 83.9 83.9 84 84.3 86 88.8 90.3 90.7 91.9 92.6 93.5 94.2 95 96.7 98.5 102.2 111.9 122.5 130.7 138.4 145 149.8 154.2 155.5 154.2 145.2 132.9 127.3
86.1 87.4 88.4 89.1 89.1 87.4 83.1 78.2 75.6 74 73 73 73.2 72.7 72.1 71.9 71.1 71.9 72.4 72.7 72.5 71.8 71.8 72.7 73.8 74.8 72.6 73.5 73.8 72.8 71.2 69.3 68 67.5 67 66.5 66.8 67.5 67.7 67.1 66.6 68.9 69.4 69.7 70.6 72.3 73 75.5 87.3 86 85.5 85.1 85 85.1 86.2 86.9 88.7 90.8 92.8 93.5 94.2 94.8 95.3 96.1 97.1 100.2 104.2 112.2 120.4 132.5 141.8 149.9 158.1 162.8 164.6 162.4 156.2 151.6 139.8 134.3
82 83 84 84.7 83.5 80.1 73 71.4 72.1 71.7 71.1 71.1 71.3 70.9 69.9 70 69.9 70.5 70.9 71.3 71.1 70.5 69.9 69.4 66.9 63.3 64 66.5 67.1 66.5 65.2 65.5 65.7 66.3 66.1 64.3 67.6 68.8 69.1 68.9 71.4 75.2 78.1 82 81.8 83.5 89.2 89 87.8 86.2 87.6 88.9 89.3 89.7 89 89.6 90.2 93 95.8 97.1 98.8 97.3 97.8 98.9 100.7 108.3 117.5 127.1 138.4 147.8 155.3 163.3 169.2 175.4 176.5 171.3 164.4 156.4 147.4 141.5
77.6 78.6 81 79.9 76.8 71.1 69.5 70.2 70.9 70.4 69.4 69.2 69.4 69.2 68.3 68.1 68.8 69.2 69.2 69.8 69.5 68.3 63.1 61.1 61.7 62.2 61.9 63.3 64.4 64.5 64.9 64.9 64.6 63.8 67.6 69.5 71.1 75.3 77.5 78.9 79.7 80.6 82.5 83.7 85.6 87.6 89.4 90 91.3 91.4 92 93.4 93.8 94.2 93.7 93 90.7 94.9 97.6 102.1 102.8 101.6 102.2 105 113.3 124.1 134.3 144.6 151.1 159.5 166.2 172.1 177.9 182.9 184.3 179.4 172.3 163.6 156.3 152.9
74.3 76.7 78.7 75.1 69.1 67.4 67.9 69.1 69.3 68.8 68 67.4 67.4 67.3 66.8 63.6 60.8 60.7 59.3 59.5 59.6 59.4 60.1 60.9 61.4 61.7 61.5 60.8 64.2 66.6 68.6 71.9 73.4 74.6 75.9 77.5 78.3 78.6 79.7 81.2 82.1 83 84.6 86.7 89.2 91.2 93.1 94.2 95.5 96.2 96.9 97.8 98.7 98.9 99.1 98.6 93.5 94 101.7 105.1 105.6 106.7 110.4 116.4 126.6 139.2 144.1 149.7 157.4 165.7 173.3 179.5 184.5 187.9 188.4 186.5 179.7 172 162.9 159.2
73.6 76.5 76.1 69.5 66.3 66.4 67.6 68.5 67.7 67.2 66.5 65.4 56.4 56.7 57.3 58.4 59.3 59.5 59.2 57.9 60.4 60.9 58.7 59 62.4 65.5 64.1 70.5 71.7 73 73.4 74.6 75.6 76.5 77.8 79.8 80.7 80.8 82.3 83.6 84 85.8 86.5 89.3 93 95.1 96.6 98.1 99.2 100.1 100.8 101.9 103.1 104 103.9 104.2 97.7 94.7 104.9 108.2 108.9 112.9 118.5 124.9 133.4 140.1 145.9 153.9 161.8 170.1 178.2 184 189.2 191.6 191.7 189.5 185 180.4 173.9 167.1
73.9 74.7 73.5 67.5 65.5 65.8 66.7 66.6 66.2 65.4 64 56.3 55.3 56 56.8 57.6 58.1 58.5 58.5 58.6 61.6 62.5 63.6 64.9 65.7 71 73 73.4 73.8 74.6 75.7 77 77.8 78.5 80 82.6 83.4 84.5 85.3 86.3 85.7 88.3 88.5 91.9 94.5 97.3 99 100.9 101.7 102.5 104 105.3 107.1 107.7 108.7 109.2 103.7 96.8 106.8 111.3 113.1 116.5 122.4 129.3 135.9 142.5 148.1 155.1 164.3 173.1 180.4 186 191.9 194 193.6 192 187.6 183.5 178.2 172.2
