app/static/ascii/SN62.asc
ncols 200
nrows 200
xllcorner 260000
yllcorner 220000
cellsize 50
[rows 74 to 110 of 200, columns 83 to 165 of 200]
61.7 62.3 64.7 63.6 60.1 48.3 39.6 44.7 70.6 80.9 83.6 84.5 87.6 86.6 87.6 92.2 97.8 101.8 105 109.7 114.3 120.3 113.8 108.4 106.2 104 102.3 100.7 98.5 96.5 94.2 91.8 90.2 88.7 87.3 85.9 84 77.9 79.3 81.1 79.7 78.2 76.2 73.9 70.4 66.7 63.3 60.9 58.5 55.9 53.1 52.1 52.5 50.2 46.8 42.7 40.7 39.7 38.9 38.3 37.7 37.3 37 36.7 35.7 35.6 35.3 35.7 35.7 35.8 35.8 35.7 36 36.2 36.3 36.2 36.2 36 35.9 36 36.1 36.2 36.4
64.6 64.9 67.3 66.6 63.4 59.2 42 40.8 53.4 70.8 75.6 79.6 83.5 85.6 88.7 93.9 99.1 102.3 105.7 111 113.9 113.5 110.4 107.1 105.8 104.3 103.1 101.4 99.3 95.7 93.2 90.9 88.7 87.6 86.2 84.4 82.4 78.2 74.7 77.1 76.2 75.3 72.3 69.7 66.4 64.2 61.7 59.8 57.5 55.1 53.2 53.6 53.8 51.7 47.9 44.1 40.7 39.2 38.3 37.9 37.5 37.2 36.8 36.6 35.9 35.8 35.7 35.6 35.5 35.5 35.5 36.1 36.1 36.2 36.2 36 35.9 35.9 35.7 35.9 36 36.1 36.2
64.1 65.5 67.5 67.9 65.7 60.8 53.6 40.5 44.4 64.2 71 77.8 81.8 85.6 89.4 94.1 99.4 102.6 106.3 110.4 112.7 110.9 107.8 106.1 105 105.1 104.6 104.1 101.3 97.6 93.7 89.7 86.5 85.3 85.1 83.4 81.7 78.4 73.5 70.6 70.5 70.2 67.8 65.9 64.1 61.9 59.9 58.4 56.5 54.1 53.9 54.5 54.5 50.8 46.8 43.7 40.6 38.8 37.8 37.6 37.3 36.9 36.6 36.3 36.2 35.7 35.6 35.5 35.4 35.3 35.7 35.8 36 36.1 36.1 36 35.8 35.7 35.6 35.7 35.8 35.9 36
62.4 64.5 65.8 66 63.9 60.1 50.5 37.9 44 59.4 69.6 77.6 81.1 85.8 90.3 95.1 100 103.4 107.2 111.8 113 108.7 105.9 104.9 103.8 103.7 104.5 104.7 100.8 97 93.1 86.7 83.7 82.9 84.2 83 81.5 78.3 74.4 68.9 63.8 64.7 63 62.6 61.5 59.6 57.6 55.8 54.8 53.8 54.5 54.6 52.7 49.1 45.7 42.6 39.4 37.3 37.2 37.2 37 36.6 36.3 36 35.9 35.6 35.6 35.4 35.3 35.6 35.6 35.7 35.9 36 36.1 36 35.8 35.7 35.6 35.7 35.8 35.9 35.9
61 61.6 61.9 61.7 62.2 59.9 49.2 38.5 47 59.2 67.9 75.7 80.3 86.8 92.7 98.2 102.1 105.6 112.5 114.8 112.4 107.8 104.9 104 104.3 103.6 102.3 101 98.5 94.4 88 83.1 79.8 81.9 82.5 82.2 80.5 78.2 74.9 69.4 63.2 59.1 58.4 59 57.7 56.2 55.3 54.6 54 54.4 55.1 54.1 52 49.4 46.7 42.5 38.6 36.7 36.7 36.6 36.6 36.4 36 35.7 35.6 35.2 35.4 35.5 35.6 35.5 35.6 35.6 35.8 35.9 36.1 35.9 35.8 35.7 35.6 35.6 35.7 35.8 35.9
60.5 57.9 57.9 59.9 59.5 55.3 43.8 37.2 44.9 54.6 63.6 73.6 80.6 87.4 93.5 100.2 105.8 112 119.2 114.5 108.3 105.1 104.6 105.2 105.2 103.8 101.4 97.6 94 89.3 84.2 81.8 76.5 80 80.1 79.7 78.1 76.5 73.3 69.1 63.7 58.8 54.8 53.5 52.3 51.2 52 52.3 52.6 54.3 55.6 54.8 52.8 49.9 46.6 42.3 39.2 36.5 36.1 36.1 36 36 35.7 35.4 35.3 35.7 35.4 35.5 35.6 35.5 35.5 35.5 35.7 35.7 35.9 35.9 35.8 35.7 35.6 35.6 35.7 35.8 35.9
57.9 55.4 55.6 57.8 55.4 45.2 38.6 40.6 45.3 53.3 63 71.7 78.7 89.5 97 103.2 108.8 112.4 112.1 110 107 105.4 105.1 105.7 105.4 102.9 100 96.4 89.9 85.5 82.4 80.2 75.6 78 77.8 76.9 75.7 74.1 70.8 66.9 62.3 58 54.4 52.2 50 48.6 49.4 49.7 51 52.9 53.9 55.1 52.9 49.5 45.6 42.4 39.4 37.1 35.5 35.5 35.4 35.4 35.4 35.1 35.5 35.3 35.4 35.5 35.6 35.5 35.4 35.4 35.6 35.7 35.8 35.9 35.7 35.7 35.6 35.6 35.7 35.8 36
55.4 52 53.3 53.7 49.2 38.9 36.9 42.1 47.7 52.8 58.2 67.7 80.8 92.1 98.4 103.6 106.1 107.1 109.1 108.7 107.2 105.6 105.1 104.5 102.8 100 97.9 93.3 89.2 84 79.4 78.1 76.3 75.8 75.2 74.1 73.1 71.4 68.4 64.7 61.1 57.5 54.6 52.4 51.3 48.5 46.7 46.2 47.6 50.1 51.9 51.7 49.1 46 42.6 40.4 38.7 36.4 34.4 35 35 35.1 35 34.9 35 35.2 35.3 35.5 35.6 35.6 35.4 35.3 35.5 35.6 35.7 35.8 35.9 35.7 35.6 35.6 35.7 35.8 36.1
53.4 49.7 44.3 44.6 41.8 38.5 38.7 44 48.7 52.5 56.7 63.1 79.7 89.8 96.5 100.8 104.2 107.7 109 107.2 105.8 104.9 103.3 101.1 99 97 94.5 92 87.8 81.6 77 76.2 74.2 73.3 72.6 71.5 70.7 69.2 66.1 62.7 60.2 57.7 56.4 54.9 54.1 51.1 47.2 43.8 45.1 47.4 49 47.7 44.9 42.4 40.5 38.7 36.9 35.6 34.6 34.7 34.8 35.3 34.8 35 35.1 35.3 35.1 35.2 35.5 35.7 35.5 35.1 34.2 35.2 34.7 34.2 34.2 34.2 34.2 34.2 35.2 35.9 36.1
55.4 53.7 50 45.1 38.7 36.6 39.4 43.9 48.3 52.3 56.2 60.8 68.6 83.1 92.7 98 102.3 104.6 105.4 105.4 105.1 104.2 102.3 100.6 98.6 95.9 92.2 88.7 83.7 78.3 75.8 73 69.1 70.7 69.6 69.7 69 67.8 65.3 63.1 60.8 58.6 57 56 53.4 50 46.7 43.2 42.8 45.2 45.2 43.7 41.8 39.9 38.3 36.8 35.1 34.5 34.3 34.6 34.5 34.6 34.7 35 35.2 35.4 35.5 35.2 35.3 34.2 34.2 34.5 35.4 35.7 35.2 35.3 35.7 35.3 35.3 35.9 35.8 35.9 34.6
58.3 56.3 53 48.5 41.3 38.3 38.5 42.5 47.7 51.7 55.6 58.8 63.1 74.6 87.9 95.2 99.7 102 103 103.7 104 102.9 101.6 100.2 97.7 92.8 88.1 83.5 79 76.4 74.7 72.9 69.3 66.1 65.2 67.9 67.6 66.2 64.8 63.4 61.3 59.2 56.9 54.9 51.6 47.8 44.9 42.5 40.6 41.5 41.5 40.5 39.2 37.6 35.9 34.9 34.6 34.3 35.3 34.4 34.5 34.6 34.7 34.8 35.1 35.5 35.6 34.2 34.5 35.2 35.2 35.1 35.1 35.6 35.3 35.3 35.6 35.5 35.6 36 35.9 36 36
60.2 57.8 54.9 51.1 46.2 37.8 38.1 40.6 47.4 51.2 54.9 58.1 61.5 69 80.8 90.9 95.8 99.8 100.8 101.2 100.6 99.9 98.5 96.3 93.2 88.4 85.8 79.7 74.9 73.8 73.1 71.9 69 65.1 61.6 65.5 65.7 65.6 64.2 63.2 60.8 57.7 54.8 50.4 47.8 46.4 44.6 41.8 39.3 38.4 38.3 37.9 37.1 36 34.7 34.5 34.2 34 34 34.3 34.4 34.5 34.7 34.8 34.9 35.1 34.2 35 35.3 35 34.8 34.8 34.7 35.5 35.3 35.3 35.5 35.6 35.9 36 36.1 36.2 40.8
62.4 59.1 56.5 53.4 49.6 46.5 34.7 39.6 47.5 50.7 54.2 57.1 60.4 67 77.4 86.9 92.4 95.7 95.7 95.8 96.2 96 91.9 89.6 87.5 85.7 83.7 76.4 72 70.5 70.2 70 66.6 64.9 61.1 61.8 63.2 64.6 63.9 62.6 59.9 56.5 51.9 46.8 44.2 43 41.7 39.1 37.3 37 37.2 37 36.6 35.4 34.4 34.8 34.1 34.1 34 34.2 34.4 34.5 34.7 34.8 34.9 35 34 34.8 34.9 34.2 33.6 33.3 34.3 35.3 35.3 35.4 35.5 35.5 35.6 35.9 36.5 43.2 47.4
63.8 59.9 57.6 55.9 52.8 49.7 39.9 38.2 47.9 50.6 53.6 57 60.2 65.2 75.6 83.4 88.4 89.7 90 90.2 90.6 88.6 85.4 82.6 81.1 80.3 76.8 72.8 69.8 68.1 67.5 66.4 62.5 60.9 58.3 58.3 61.5 62.5 61.6 60 57.3 53.6 48.9 44.2 41 39.2 37.9 35.8 35.8 36.3 36.2 36.1 35.8 35 34.1 34.1 34.2 34.1 34.1 34.1 34.4 34.5 34.6 34.8 35 35.1 33.6 34.1 33.6 35.3 35.1 34.8 33.1 35.3 35.3 35.4 35.5 38.3 43.1 43.9 46.9 50.4 55.1
64.5 60.8 57.9 55.9 52.2 48 37.7 34.5 46.8 49.5 51.9 55.3 58.6 62.1 70 77.4 81.7 82.5 83 83.3 83.4 81.4 79.1 75.7 74.4 73.2 71.1 68.8 67.4 65.4 64.1 62.3 59.8 56.7 55.3 57.6 58.5 59.1 57.8 55.7 53.2 48.6 45.3 42 38.6 35.9 34.8 34.8 34.9 35.4 35.7 35.4 35 34.8 34.3 34.1 34.1 34 34.1 34.2 34.2 33.4 34.7 34.9 35 35.1 35.2 33.6 33.6 35.1 34.8 34.7 34.1 35.4 35.5 35.4 42.9 47.8 50.5 52.3 55.9 59.2 63.6
63.2 58.9 55.8 52.7 49.3 44.8 36.6 37.1 43.8 47.5 50.6 53.6 56.9 58.5 64.2 71.3 74.1 75.3 75.8 76 76.2 74.3 71.8 69.5 67.8 66.9 66.3 65.5 64.7 62.1 59.3 58.9 57 53.9 53.8 55 55.3 54.5 53 50 47.7 45.2 42.7 39.3 36.1 34.7 34.3 34.2 34.2 34.5 35.1 34.8 34.4 34.4 34.5 34.5 34 33.5 34.1 34.1 34.3 34.4 34.6 34.5 35 34.8 35 35.4 35.5 35.1 34.6 34.7 33.1 35.2 35.4 35.6 43.4 49.6 53.2 56.9 62.5 67.4 72.2
60.7 55.6 52.3 49.2 45.7 38.8 35 37.9 42.6 45.6 48.7 51.8 54 56.2 59.9 65.1 67.4 68.2 68.6 68.7 68.9 67.3 65.1 63.7 63.2 63.2 63.2 61.3 60.3 59.2 57.1 55.5 54.3 51.4 52 52.5 51.5 50 47.8 46.2 44.7 43 40.1 36.2 34.8 34.4 33.9 33.9 34 33.9 33.6 33.9 33.9 33.9 34 34 34.1 34 34.1 33.8 34.2 34.4 34.5 34.2 34.6 34.7 34.7 34.9 35.1 34.7 34.5 34.5 33.1 36.8 43.1 42.7 39 49 53.4 60.8 68.5 74.8 78.8
57.3 52.7 49.3 46.2 43.1 38.7 33.9 38.1 41.7 45.1 48.1 49.9 51.7 53.8 55.8 59 62.2 63.5 63 62.8 62.7 61.9 60.9 60 60.5 60.4 60.1 57.6 56 55.7 54.1 53.3 50.6 48.9 49.5 49.2 48.1 46.5 44.7 43.1 41.6 40.5 38 34.9 34.5 34.2 33.8 33.8 33.8 33.5 33.5 33.4 33.4 33.5 33.6 33.6 33.7 33.6 33.7 33.7 33.8 34.4 34.3 33.9 34.3 34.7 34.5 34.5 34.6 34.3 34.4 34.1 33.1 46.3 49.9 50.8 50.1 45.7 55.9 63.3 70.4 75.4 79.3
53.9 51.2 47.4 43.4 40.3 36.8 33.5 36.8 40.6 44.4 47 48.2 49.7 51.6 52.9 54.8 57.8 58.9 57.6 58.1 59.2 59.3 57.3 56.5 57.7 57.9 57 55.1 53.2 52.5 51.7 51.1 48.1 46.8 47.5 47.8 45.8 44.3 42.3 40.5 39.1 36.8 35.7 34.7 34.3 34 33.6 33.4 33.5 33.5 33.4 33.3 33.4 33.4 33.5 33.5 33.5 33.7 33.5 33.4 33.8 32.3 32.3 33.6 33.9 34.3 34.5 34.3 34.2 33.6 32.9 40.5 49.5 53.8 55.7 55 54.4 53 54.2 62.4 70 75.5 78.5
53.4 51.5 47.3 42.7 38.6 36.1 35.3 36.2 39.4 43 45.1 46.4 48 48.6 49.6 51.4 53.2 53 52.3 54.7 55.7 54.4 52.8 53.1 54.6 55.2 54.3 52.8 51.3 50.7 50.1 49.5 47.7 43.8 45.8 46.8 44.1 42 40.5 39.3 37.1 35.4 34.4 33.9 33.5 33.8 33.1 33.3 33.4 33.4 33.4 33.3 33.6 33.3 33.4 33.4 33.5 33.7 33.8 33.3 33.7 33.9 33.7 33.8 33.7 34 34.4 33.9 32.9 32.9 41.6 47.5 53.6 55.7 56.3 55.9 55.7 55.5 55.7 58.8 67.2 74.6 77.6
51.6 49.7 45.6 41 37.1 36.1 35.6 36 38.9 40.3 42.5 43.7 43.8 44.6 45.7 47 48.8 48.3 49.1 50.8 49.7 49.6 50.5 51.2 51.7 52.4 51.5 50.5 50 49.5 48.9 48.8 48.9 46 43.5 44.3 41.7 38.8 37.3 36.9 35.2 34 33.4 33 33 32.9 33 33.1 33.3 33.4 33.3 33.2 33.5 33.5 33.3 33.3 33.4 33.6 32.3 33.6 33.8 33.7 33.7 33.7 33.7 34.1 32.9 32.9 33.5 37.7 41.2 45.8 51.1 53.9 54.6 54.9 56.2 58.8 60.1 58.3 62.6 69.3 73.8
47.3 45.8 43 39.2 36.4 35.6 35.1 36 37.3 38.7 40 40.3 40.7 41.4 43 44.6 44.8 45.2 45.8 46.9 48.3 48.8 49.6 50.4 50.9 51 49.5 48.6 49 48.3 48.4 49.8 50 47.4 43.2 41 40.1 38.7 36.4 34.6 33.8 33.2 34.3 33 32.9 32.8 32.8 33 33.2 33.3 33.3 33.2 33.3 33.8 33.5 33.3 33.3 33.5 32.3 33.4 33.6 33.5 33.6 33.6 33.6 32.6 32.9 36.1 38.1 40.7 44.9 45.4 53.9 54.7 55 56.3 60.9 63 64.5 62.4 57.9 64.9 70.7
42.4 41.7 40 37.3 36.4 35.2 34.2 35.4 36.5 37.6 38.2 38.3 38.4 39.4 41.1 42.3 42.8 45.3 48 49.9 49 49.3 50.5 51.2 51.3 49.4 47.7 47.6 47.8 47.4 48.9 50.1 49.8 46 43.4 42.4 39.3 37.1 35.9 34.1 33.5 32.9 32.8 32.8 32.7 32.7 32.7 32.9 33.1 33.2 33.3 33.1 33.2 33.7 33.6 32 33.3 33.5 33.7 32.9 33.4 33.4 33.5 33.6 32.3 32.3 35.2 39.4 41.9 47.5 52.3 51.4 55.4 56.8 58.4 59.4 63.8 64.8 65.2 64.4 57 61.5 67.4
43.1 40.2 37.6 37.3 35.9 34.5 33.7 35 36.1 36.9 37.5 38.3 38.4 38.7 40.1 42.7 44.4 47.4 49.9 50 49.1 50 51.3 51.5 49.9 47.3 46.8 46.9 46.3 47.1 48.1 47.6 45.5 43.5 40.6 39 36.4 35.4 33.1 33.9 33 32.8 32.8 32.6 32.5 32.5 32.6 32.8 32.9 33.1 33.2 33.1 33.1 32.6 33.1 33.2 33.2 33.4 33.6 33.3 33.3 33.2 33 33.6 32.3 34.7 37.3 43.4 48.6 56.1 59.1 55.8 56.1 57.9 61.9 60.8 61.3 61.7 62.5 63.1 63.2 57.3 64
46.3 43.1 40.2 38.1 35.9 34.6 34 34.9 35.6 36.2 36.7 37.3 38.1 38.1 40.3 42.9 45.4 48 49 48.9 49.3 50.5 51.4 50 47.4 44.8 45.2 45.2 46 46.2 46 44.3 41.7 40.1 38.2 36.7 34.5 33.4 32.7 33 32.8 32.7 32.6 32.4 32.3 32.4 32.4 32.6 32.8 33 33.2 33.2 33.1 32.8 32.9 33.1 33.2 33.3 33.4 33.3 33.4 33.3 33.2 32.3 35.7 37.4 40.4 46.4 55 63.8 63.2 58.2 56.9 58.3 59.7 59 59.1 59.7 60.7 61.8 62.5 59 62.4
50.9 45.7 42.2 38.6 35.2 32.5 34.2 34.9 35.2 35.4 35.9 36.5 37 37.8 39.8 42.3 44.9 46.4 47.1 47.8 48.7 49.8 49.7 47.8 45.6 43 42.1 42 42.9 42.8 42.2 40.8 39.7 38.2 35.8 34.2 32.9 32.4 32.6 32.8 32.6 32.6 32.5 32.6 32.1 32.1 32.2 32.4 32.6 32.8 33 33.2 31.8 33 32.7 33 33.2 33.3 32.8 32.6 32.3 32.3 34.5 35.5 37.6 39.7 43.8 50.1 59.4 67 64.6 59.2 57.8 58.6 59.6 60.2 61.7 61.2 62.1 63.6 62.7 61.1 61.3
54.9 49 43.4 38.5 35.2 34 34.1 34.5 34.9 35 35.2 35.7 36.2 37.1 38.8 41 43.5 44.6 46.1 47.8 48.7 49 47.8 45.7 43.7 41 39 39.9 40.5 40.1 39.4 38.5 37.3 36.2 33.6 31.5 32.6 32.6 32.4 32.4 32.5 32.2 31.6 31.4 31.4 31.4 31.4 31.4 31.9 31.6 31.4 31.4 31.4 31.4 31.4 32.7 33.2 33.5 33.8 33.9 34.1 35.8 36.2 37.4 40.2 46.6 50.9 54.6 59.1 60.6 58.9 58.4 58.9 62.2 62.5 65.7 67.2 65.4 67.4 68.9 65.6 63.9 61.1
55.9 50.1 43.8 38.2 35 33.8 32.2 33.8 34.5 34.7 34.7 35.1 34.8 36.2 37.8 39.5 41.5 43.8 45.6 47.5 47.9 46.1 45.1 44.3 42.3 38.8 38.8 38.6 38.7 38.3 37.3 36 35.1 33.7 32.1 32.7 32.6 32.7 32.7 32.4 32.2 31.2 32.2 32.4 32.5 32.5 32.4 32.6 32.5 32.8 33 33 32.7 33.2 33 33.8 33.9 34 33.9 34.2 34.5 37.6 38.3 38.1 45.6 55.3 58.3 57.4 58.4 58.8 59.5 61.8 65.4 70.5 71.9 72.8 71.7 70.8 73.4 70.8 68.5 66.6 64.8
56.5 51.2 44.5 38.8 34.5 33.5 33.3 33.6 34.1 34.2 34.3 34.4 34.7 35.4 36.7 38.4 40.5 41.9 44.2 45.3 44.5 43 42.2 41.7 39.1 36 37.2 37 36.5 35.7 35.6 33.9 32.5 32 32.5 32.8 32.7 32.7 32.7 32.7 30.8 32.2 32.6 32.6 32.6 32.5 32.4 32.6 32.6 32.8 33 33.1 33 33.2 33.5 33.7 33.7 34.6 34.5 37.8 39.8 42.2 46.5 50.2 46 48.5 55.1 57.9 58.7 61.2 66.6 71.8 75.3 79.6 81.6 81 78.9 78.2 78.2 75.6 72.2 69.3 67.7
55.7 51.2 45 38.8 34.3 33.6 32.6 33.1 33.4 33.5 33.7 34.1 34.3 34.7 35.8 37.3 38.6 39.6 39.5 39 38.9 38.9 38.5 36.9 35 35 36.5 35.3 33.9 33.5 33.3 31.6 31.7 32.4 32.9 32.9 32.8 32.8 32.7 32.7 31.7 32 32.4 32.6 32.6 32.5 32.5 32.5 32.6 32.9 33.1 33.2 33.2 33.2 33.4 33.5 33.5 34.3 36.4 40.1 45 48.1 52 56.3 56.2 56.5 57.5 61.1 67.6 75 78.4 82.5 89.5 91.7 90.8 88.9 88.9 86.9 84 80.5 77 74.3 72
55 50.6 45.4 38.6 33.5 33.2 32.9 32.9 33 33.1 33.1 33.4 33.8 34.1 35 36.2 36.3 36.1 35.8 35.2 34.9 34.8 34 33 33.3 33.8 34 34.5 33.3 32.8 31.6 32.5 32.9 32.6 32.3 32.9 32.9 32.8 32.7 32.2 31.3 31.9 32.2 32.4 32.4 32.4 32.4 32.4 32.6 32.9 33.2 33.3 33.3 33.3 33.2 33.2 33.6 34.7 36.2 39.2 44 49 50.3 51.5 55.4 59.9 65.8 75.4 87.5 93.2 92.4 96.4 99.7 99 98.1 96.9 97.2 93.7 90.1 85.9 82.2 79.6 77.4
52.6 48.7 43.7 39.4 33.8 33.3 33 31.1 32.7 32.8 32.6 32.7 33 33.3 33.6 34.6 34.4 34.2 33.6 32.3 32.5 32.2 32.2 32.2 32.7 33.3 32.9 32.9 32.8 32.5 31.8 31.8 32.2 32.6 32.9 32.8 32.8 32.7 32.6 32.5 30.9 32.3 32.2 32.3 32.2 32.2 32.1 32.4 32.7 33 33.3 33.3 33.3 33.3 33.1 34.1 38.3 42.8 44 42.9 44.3 46.6 50.4 57.5 63.4 70.5 78.6 89.5 98.7 100.3 101.5 103.3 103.7 102.8 102.9 103.2 103.2 101.5 98.1 94.8 92.1 88.6 84.4
50.1 45.3 42.4 39.3 34.5 33.4 33.1 32.6 33 32.8 32.3 32 32.3 32.6 32.8 33 32.8 32.4 31.7 31.4 31.5 31.6 31.5 31.8 32.3 32.8 32.9 32.7 32.6 32.5 32.2 32 32.4 32.5 32.8 32.8 32.6 32.4 32.2 32.4 32.5 30.9 31.9 32 31.7 31.9 31.9 32.7 33 33.2 33.4 33.3 33.3 33.4 34 39.3 48.7 53.3 53.2 53 52.9 55.6 63 72.1 76.4 83.9 92.7 97.1 101 104.9 107.6 108.1 107.8 107.4 107.9 108.5 108.9 108 108.7 107.6 105.3 101.3 98.1
44.7 43.5 41.5 38.8 35 33.5 33.1 32.7 32.5 31.6 32.3 31.8 31.7 31.9 32.1 32.1 31.6 31.6 31.2 31.3 31.4 31.4 31.4 31.4 32.5 32.6 32.4 32.1 32 31.9 32 30 32 32.3 32.6 32.7 32.4 32 32 32 32.1 32.4 30.9 30.9 30.9 30.9 31.8 31.6 30.8 30.2 33.3 33.4 33.7 34 37.3 46.8 55.7 57.3 57.6 60.4 65.3 72.2 76.1 81.2 87.2 94.8 98.1 102.3 107 111.6 114.5 115.7 115 115.1 114.6 114.4 114.9 120.6 126.6 127.7 122.5 115.8 111.6
40.9 41.8 40.3 38.3 35 34.2 33.5 32.4 32.3 32.2 32.4 31.8 31.6 31.6 31.9 31.3 31.4 31.5 31.4 31.2 31.3 31.3 31.2 32.6 31.5 31.7 31.8 31.5 31.4 31.6 32 32.1 31.8 32.1 32.4 32.4 32 31.6 31.7 31.7 31.8 32.1 32.2 31 32.6 32.4 31.9 31.6 31.3 30.2 32.7 33.2 33.9 35.4 42.9 54 59.5 62.3 64.2 69.6 76.1 82.1 85.8 89.9 95.2 98.2 101.9 107.4 112 114.9 119.7 124.9 123.4 121 121.3 123.5 131.9 140.8 144.7 141.1 131.1 119.5 115.4
40.2 40.4 39.1 37.5 35.5 34.3 33 32.3 32.2 32.2 29.1 31.7 32.6 31.4 31.3 31.1 31.3 31.4 31.4 31.2 31.3 31.3 31.3 31.2 31.2 31 30.9 30.9 31.2 31.5 31.8 31.4 31.5 31.7 31.9 31.9 31.5 31.4 31.4 31.4 31.6 31.7 31.9 31.9 32.3 32.2 31.9 31.5 31.2 30.2 33 33.7 35 42 50.7 59.1 64 68.4 73.2 78.8 85 89.2 93.1 95.9 98.9 102.4 107.9 111.8 114.7 117.2 121.6 124.9 125.3 127.2 132.8 143.6 150.8 152.5 146.3 131.5 122.6 117 115.3
39.1 39 37.8 36.4 34.8 33.6 32.4 32.3 32.1 32.1 28.9 31.9 31.5 31.1 30.9 31 31.1 31.3 31.3 31.3 32 31.3 31.1 30.9 30.8 30.6 30.5 30.6 30.9 31.3 31.6 31.3 31.6 31.7 31.3 31.3 31.1 31.2 31.1 31.1 31.3 31.5 31.7 31.8 31.9 32.2 31.8 30.2 30.2 32.8 33.6 36.2 44.2 53.6 59.2 63.8 70 75.6 82.3 88.2 92 95.4 97.3 99.7 103.5 108.2 112.1 116 118.9 121.1 123.6 126.8 129.8 137.5 149.8 155.8 151.4 141.7 129 120.8 118.5 118.4 119.5
