app/static/ascii/SN65.asc
ncols 200
nrows 200
xllcorner 260000
yllcorner 250000
cellsize 50
[rows 0 to 34 of 200, columns 78 to 155 of 200]
214.3 213.6 212.7 211.7 211.5 210.9 209.9 208.5 209.3 209.8 210.3 212.3 214.2 212.3 215.8 218.7 222.4 218.7 216.2 213.9 211.1 210.1 210.8 204.7 200.5 194.9 189.3 186.9 185 182.4 180.1 178.2 175.6 174.1 173.4 172.7 171.4 171.2 172.5 175.4 178 178.3 175.4 171.7 167.8 166.3 166.1 167.5 167.5 167.8 169.1 169.1 161.8 156 159.8 163.2 165.7 167.7 164.9 162.4 161.9 161.8 162.1 162.9 163.1 163.3 163.5 163.8 164.2 164.7 165.6 166.3 166.8 168.1 168.5 168.7 169.7 169.8
212.5 212.3 211.2 211 210.6 209.9 208.8 206.6 207.9 207.3 208.6 210.2 209.8 210.2 212.4 215 215.3 214.7 214 210.4 208.5 206.8 203.4 200.8 198.3 193.5 188.9 186.8 184.8 182.3 179.9 177.5 174.9 172.3 171.2 170 169 168.8 169.9 172.2 174.9 176.4 174.4 171.4 167.1 165 163.5 164.9 163.7 164.3 163.6 160.6 155.1 157.4 165.2 166.2 172.3 171.8 165.2 162.3 161.5 162.1 162.3 162.7 162.8 163 163.3 164 164.4 165.2 165.9 166.3 167.5 167.9 168.2 168.7 169.5 170.4
209.7 209.3 209.1 209.7 209.4 208.2 207.3 204.1 204.5 204.3 205.7 207 206.2 207.2 209.1 212.6 211.6 210.7 207.6 207 205.6 203.7 201.1 198.7 196.7 192.7 189.8 187.6 185.7 182.3 180.2 177.6 174.2 172.6 171.1 169.9 169.3 168.6 168.2 169.7 172.2 174 173 170.3 165.9 163.5 161.6 161.8 161.5 162.2 157 156.2 156.2 166.1 167 170.9 173.6 170 164.8 161.8 160.2 161.4 161.9 162.5 162.5 162.8 163.1 163.9 164.7 165.4 166.2 166.7 167.8 168 168.3 168.8 169.2 170.4
205.4 205.5 206.4 207.3 207.3 205.5 203.8 203 203.1 203.2 203.9 204.4 204.2 204.9 207.1 207.7 209.4 207.9 207 207.3 209.1 206 200.8 198.6 196.1 193.7 191.2 188.8 186.9 184.6 181.5 178.2 175.2 172.4 170.5 169.6 169.8 170.7 169.8 167.9 169.3 171.2 170.4 168.2 163.5 161.9 160.6 159.5 158.1 156.9 155.9 155.4 160.8 166.4 167.8 169.4 173 166.5 163.9 161.6 158.5 160.4 161.5 162.3 162.8 163.3 163.8 164 164 165.1 166.4 167.4 168 168.4 168.6 169.2 169.9 169.8
200.9 201.7 203.7 204 203.2 202.6 201.5 201.6 202 202.3 201.8 202.2 203.5 204.6 205.7 207.3 206.8 205.9 206.3 207.9 208.3 206.5 203.5 200.7 197.5 194.5 192.8 190.6 188.3 186.5 183.7 180.2 176.6 174 171.3 170.4 170.6 171 169.8 167.5 167.5 168.5 167.8 164.7 162.9 162 161.5 161 159.5 158.4 155.9 155.9 159.7 165.2 167.6 173.6 171.9 165 160.6 158.4 156.7 157.7 158.5 160.8 161.7 163.3 163.3 164 164.7 165.3 166.5 167.2 167.9 168.3 168.8 169.4 170.2 170.5
197.9 198.5 200.3 200.5 200.4 200 200.1 200.1 200.5 200.2 200.6 202 200.9 202.8 204.3 204.5 203.9 204 206.2 207.6 208.4 208.3 205.7 204.3 198.8 195.6 193.5 191.8 190.7 188.8 187.1 183.4 179.4 175.9 173 171.8 171.4 170.7 169.2 167.4 166.1 165.7 164.8 165 165.4 164.8 162.9 162.2 160.7 157.8 156.3 156 157.9 161 168.5 169.7 163.7 161.1 157.4 156.1 155.3 155.6 156.3 156.6 159.8 162.5 163.4 164 164.5 165.4 166.5 167.1 167.7 168.2 169.1 169.4 170.2 170.7
194.8 194.5 196.2 197.6 197.8 198.5 198.7 198 198.4 197.6 199.7 200 198.3 200 200.6 200.7 201 202.9 204.4 207.1 207.2 207.8 203.6 200.2 196.6 195.7 194.6 193.3 193.2 192.1 190.4 187.9 184.8 180 177.2 174.5 172.7 170.9 169.8 168.4 167.5 167.1 166.9 167.1 167.3 167.4 166.6 164.5 163.1 160.5 157.5 155.4 155.9 158.6 162.4 160.5 157.8 157.1 156.3 155.7 155.3 155 155.2 156.2 157.4 161.3 162.7 163.5 164.4 165.1 166.3 167 167.6 168.3 168.9 169.5 170.2 170.8
191 191.9 193 195.8 197 197.3 197.5 196.3 195.4 194.9 195.9 196.5 195.4 195.4 194.6 196.3 197.5 199.5 200.8 202 202.9 200.3 197.9 196.3 194.7 194.9 193.8 194 195.7 197.8 198.1 198.3 194.9 185.6 181.4 177.7 175.5 173 171 169.6 169.4 168.7 168.6 169.1 169.2 169.4 169 167.8 165.8 164.6 162 157.1 155.9 155.9 155.8 155.8 155.9 155.5 155.4 155.5 155 155.1 154.8 155.4 156.5 160.1 162.2 163.8 164.5 165.3 166.2 166.8 168.2 168.9 169.4 169.7 170.4 170.1
189.3 190.4 192.3 195.1 196.3 196.8 196.2 193.5 193 193.2 193.1 192.9 192.4 191.8 191.8 192.1 193.1 194.7 194.8 195.2 194.4 194.2 193.6 192.4 192.7 193.5 193.7 196.1 200.8 202.7 203.7 204.2 199.9 192.7 189.8 185.9 180.2 175.1 173.7 172 170.5 170.5 170.2 170.2 170.1 170.3 170.3 169.1 167.6 166.3 164.5 160.8 155.9 155.9 155.7 155.6 155.6 155.6 155.8 154.9 155.4 155.2 155.2 155 155.7 158.8 161.5 163.2 164.1 165 166.3 166.7 167.7 168.3 168.9 169.3 169.8 168.5
188.6 190 191.4 193.7 195 195.2 193 191.8 191.5 191.8 191.6 190.5 190.2 189.8 189.5 189.9 190.4 190.2 189.7 189.8 190.1 190.6 190.8 190.8 192.1 193.7 197.5 201.5 203.7 205.5 207.4 207.8 205.6 202 199.9 195.9 187.8 180.4 177.8 175.4 173.1 172.3 171.8 170.6 170.2 169.8 169.8 168.8 167.6 167.1 165.2 162.1 158.8 155.1 155.8 155.6 155.6 155.7 155.5 155.3 155.1 155 155 155.1 155.3 158.6 160.8 162.2 163.3 164.8 166.3 166.7 167.7 168.7 169 169.3 168.3 164.4
187.8 188.6 189.9 191.5 192.6 193.4 191.2 190.5 190.3 190.4 189.7 189 189.1 188.9 188.5 188.7 188.9 188.9 189.2 189.4 189.7 190.1 190.3 191.2 194.5 196.5 201.2 203.8 205.3 207.5 209.7 210 209.6 211 209.2 203.3 193.6 185.1 181.5 179.3 176.7 175.1 173.3 171.9 170.4 169.1 168.5 167.7 167 165.9 164.5 161.9 159 155.6 155.9 155.7 155.8 155.5 155.3 155.5 155.6 155.1 155.1 155.2 155.2 156.1 157.8 161.8 163 164.6 166 166.7 167.6 168.3 168.3 166.7 164.6 161
186.1 187.2 188 189.2 190.7 191.1 190.1 189.6 189.1 189 188.6 188.2 189 188.4 188 189.1 188.9 189.2 189.1 189.4 189.4 190.2 191 193.8 196.9 199.3 203.1 205.3 207.4 210.9 212.6 212.7 215 217.6 215.2 209 196.5 189.1 185.5 182.2 179.4 176.9 175.1 173.2 171.4 169.6 167.8 166.2 165.4 164.3 162.2 160.6 158.7 156.4 154.7 155.9 155.6 155.4 155.6 155.4 155 155.1 155.2 155.2 155.2 155.4 156.4 160.3 162.8 164.1 165.4 165.5 167.4 167.5 163.1 160.2 160 160.4
184.5 185.8 186.6 188.2 188.6 189.2 190 189.9 189.2 188.9 188.3 188.7 188.7 188.3 188.8 191.5 192.1 190.5 190.1 190.4 190.2 191.2 195 196.5 198.6 201.3 205.9 207.8 211.4 215.6 216.1 218.5 221.1 221 219.1 212.7 204 194.7 189.1 185.2 181.7 179.5 177.4 175.3 173.3 171 169.2 167.4 165.7 163.2 160.9 159.1 158.2 157.6 155.9 154.6 155.7 155.9 155.9 155.9 156.5 155.2 155.2 155.2 155 155 156.4 157.4 161.5 163.5 165.3 166.2 164.3 158.4 158.3 158.7 158.9 159.2
183.4 184.5 186.5 187.9 188.9 189.1 189.6 189.6 187.7 188.6 188.7 189.1 188.7 189.1 191.8 193.6 192.9 193.5 193.8 193.1 192.9 195.7 197.4 200.5 203.7 204.6 208.9 210.6 214.3 217 219 221.2 222.5 224.3 221.1 216.3 210.7 204.7 192.9 188.1 184.6 181.6 179.7 178 175.3 172.9 171.1 169.8 167.9 164.4 161.8 159.4 158 158 155.5 155.9 155.5 155.7 155.7 155.6 155.1 155.5 155.1 155.3 155.3 154.9 155.2 155.9 158.4 162 164.2 162.4 157.9 158.2 158.2 158.5 158.8 159.9
185.8 189.1 191.2 191.4 192.1 192.2 191.2 189.3 188.8 188.8 189.3 189.8 190 191.4 192.6 193.5 194.8 195.8 196.2 196.8 198.3 201.2 203.1 205 206.6 208.2 211.4 213.5 216.7 218.7 222.9 225.4 225.7 226.6 222.3 220.1 215.5 213 200.7 193.5 188.6 185 182.8 180 177.6 174.8 172.9 170.9 168.7 165.4 162.2 159.3 158.2 157.8 155.5 155.7 155.3 155.6 155.3 155.5 155.5 155.4 155.3 155.3 155.5 155.2 155.2 156.3 157 160.6 162.4 157.7 157.5 157.9 158.4 157.8 158.4 163.5
189.5 192.4 195 197 196.9 195.9 193.8 189.5 187.6 189.7 190.6 192.4 195.5 194.4 195.2 195.6 197 198.1 199.1 200.7 202.8 204.7 206.5 209 209.2 211.1 213.7 216.1 219.6 222.4 225.7 227.2 225.9 225.4 222.5 221.1 219.6 214 206.6 200.2 195.4 190.3 186.1 182.1 178.8 175.4 173.3 171.4 168.7 166 162.1 158.6 157.8 157.3 155.4 155.4 154.4 155.6 155.1 155.3 155.3 155.3 155.4 155.3 155.2 155.4 155.2 156.6 158.9 162.5 163 157.7 157.1 157.5 158 157.9 163.2 167.1
191 194 196.4 197.4 196.8 195.5 193.1 187.2 187.7 191.4 195.4 198 199.7 199.8 197.9 198.2 198.9 200 201.1 202.5 205.2 206.6 209.8 210.5 211.2 212.3 213.2 216.5 219.5 221.7 223.2 224.4 226.6 224.5 223.2 225.2 220.9 214.7 210.8 206 200.9 194.7 188.8 184.8 180 176.1 173.8 170.8 168.4 165.5 161.4 158.2 156.7 156.4 155.3 155.5 155.5 155.2 155.5 155.4 155.3 155.4 155.2 154.7 154.8 155.3 155.2 157.4 160.9 165.2 163.2 158.4 156.8 157.1 157.8 160.2 164.9 168.5
191.7 194.6 196.3 196.5 195.6 194.3 192 186.2 188.7 195 198.5 200.9 202.3 201.8 200.7 199.9 200.2 201.2 202.2 203.9 205.4 208.3 209.7 210.5 211.8 211.7 214.1 217.3 218.4 219.9 221.9 223 223.7 223.6 226.5 226.7 221.7 217.4 214.9 211.3 206.7 199.4 193.3 187.4 181.5 177.1 173.9 170.3 167.6 164.7 161.8 158 156.4 155.5 155.5 155.4 155.1 155.1 155.4 155.3 155.1 155.1 155.3 155.3 155.5 155.2 155.7 155 163.2 165.5 161.8 156.8 157 157.2 158.2 162.4 166 172.1
191.3 193.1 195 195.2 193.9 192.2 189.9 185.6 191.2 194.8 197.9 201.1 202.9 202.9 201.7 200.5 200.1 201 201.8 203.9 205.5 209.1 209.3 211.2 212.4 209.9 214 215.5 216.6 219 219.6 220.1 220.7 223.3 223.7 221 218.1 217.2 216.9 214.1 210.4 202.7 197.8 192.2 185.2 179.3 175.4 171.3 166.8 164.3 161.5 158.1 156.3 155.6 155.6 155.3 155.3 155.2 156 155.3 155.1 155.3 155.2 155.5 155.9 156.5 156.9 155.8 158.8 162.3 157.6 156.6 157 156.9 159.5 162.8 166.9 174.5
190.4 192 192.8 193.2 191.9 189.2 184.6 187.7 192.5 195.3 198.3 200.3 201.9 202.4 201.5 200.1 199.1 199.4 200.6 203.7 205.4 207.9 208.1 210.6 210 208.3 208.8 211.1 213.7 215.1 214.6 216.6 219 219.8 218.7 216.1 214.7 215.7 216.9 214.7 210.6 206.2 201.9 194.2 188.2 183.2 178.3 172.5 166.9 164.2 161.5 159.6 157.2 157.1 156.4 155.4 156 156.3 157.2 156 155.4 158.2 159.5 161.7 163.8 159.4 158.3 156.6 155 155.9 155.9 156.2 156.6 157 159.7 163.4 170.5 178.1
189 190.3 190.7 190.9 188.5 184.9 181.8 189.1 192.5 195.2 197.6 199.4 200.2 200.8 199.7 198.2 197 197.7 198.8 201.5 202.3 203.7 204.3 206.5 206 205 206.4 208.1 209.4 209.8 212.5 214.1 215.2 215.5 213.8 213.4 214 214.4 216.4 214.5 211 206.7 201.3 194.2 189.8 186.8 180.3 174.4 168.7 164.7 161.9 160.2 159 158.3 158.5 157.9 158.8 158.5 158.5 159 159.9 162.2 164.1 165.7 162.5 160.4 162 155.9 155 155.6 155.6 155.8 156 157.3 160.4 165.7 173.4 179
188.3 188.8 188.4 187 183.6 180.2 182.2 188.6 191.4 193.5 195.8 197.1 197.6 197.5 197.2 196 194.9 195.8 196.5 197.9 198.6 199.5 200.9 202.1 202.3 203 203.3 204.1 205.1 207.5 210.2 212 211.9 211.5 211.4 212.7 214 214.2 216 212.2 210.2 205.3 199.2 192.5 189.5 184.3 178.9 175.8 169.5 166.1 162.1 160.3 160 159 159.3 160.1 160.7 161.3 161.9 160.9 161 163.2 164.7 164.7 164.4 164.9 166.1 157.7 155.6 155.3 155.2 155.4 155.6 158.7 161.8 170.2 176.4 179.5
186.3 186.5 186.3 183.5 179.2 178.6 183.2 187.5 190.1 192.2 193.7 194.7 195.5 195.5 194.9 193.4 192.8 193.3 194.2 195.6 196.6 197.8 199 199.8 199.6 199 199.9 201.6 204 205.1 206.1 207.5 207.2 207.3 207.9 209.1 210.7 213.1 211.6 209 205.1 200.8 194.4 190.3 187 179 175.1 173.6 171.3 166.2 162.6 161.1 160.6 161 160.9 162 161.9 162.1 162.5 162 162.1 163.2 163.2 164.4 164.6 165.8 165.8 162.5 154.7 154.8 154.9 155.1 156.1 162 168.3 173.7 176.8 181
184.3 184 182.7 178.5 176.2 178.4 181.1 184.6 188.2 190.4 191.7 192.8 193.5 193.5 192.1 190.8 190.3 191.6 194.1 195.6 196.9 198 198.2 197.9 197.4 198.1 199.5 200.2 200.6 202.4 203.1 202.6 201.6 202 202.9 204.5 207.1 208.2 205.7 203.1 198.6 195.4 191.5 189.3 184.6 177.4 172.3 170.9 170.6 167.8 162.5 162.3 161.8 161.4 163.2 164.2 164.1 164 164.7 164.9 164.3 164.5 163.9 164.2 164.6 166 167.4 168.7 165.3 156.1 154.7 154.9 156.2 165.7 171.8 174.9 179.3 186.1
181.4 180.4 177.2 175.1 173.9 177.5 178.9 179.6 185.9 188.4 189.8 190.9 191.5 191.1 189.6 188 189.2 192.6 195.3 197.6 198.7 198.1 196.5 194.7 196.8 198.7 199.4 200 200.5 200.6 200.9 200 199.1 199.6 199.4 200.6 201.6 201.5 200.1 197.3 195.4 192.2 189 187.7 181.3 173.1 170 168.4 166.5 163.4 162.3 164.4 165.6 165.5 165.5 166.7 167.6 167.6 166.9 167.1 167.1 166.6 166.6 166.2 166.1 167.8 170.1 171.2 171.4 163.7 153.9 154.7 156.5 167.6 174.4 177.3 182.2 189.1
179.6 177.8 175.3 172.6 174.3 175.6 175.8 177.2 183.6 185.9 187.5 188.3 188.4 187.8 186.2 186.2 190.1 194.5 197.2 199.1 199.2 197 193.6 194 196.5 197.9 198.6 199.3 199.9 200.2 199.9 199 197.2 198.1 198.8 201.5 204 200.6 198.9 194.9 192.7 188.4 185.5 180.9 174.3 170.5 169.3 166.5 162.7 162.1 162.6 166.7 169.5 169.5 168.9 169 169 169.2 168.5 168.3 168 168.4 168.7 168.8 169.3 169.4 170.1 170.6 168.8 161.5 154.5 154.7 156.5 167.9 175.2 180.5 185.2 198.5
177.7 175.8 173.8 170.6 172.8 173.1 174 175.6 179.9 183.3 184.9 185 184.8 184.7 184.5 184.9 189.5 194.4 196.2 197 193 191.6 191.9 192.7 193.5 194.8 196.7 198 198.2 198.3 198.2 196.4 196.7 197.7 198.8 201.3 200.6 200.6 197.9 194.3 190.4 186.8 182.8 177 171.6 169.6 168 163.4 162.1 161.9 164.7 166.9 167.8 168.8 169 169.8 169.1 168.7 168.1 167.9 167.7 168 167.7 168.3 168.9 169 169 169.5 166.7 158.2 154.4 154.8 158.3 169.2 177.6 184.2 191.7 206.2
175.4 173.9 172.7 168.7 170.1 170.7 171.8 174.3 177.6 180 181.6 182.1 182.3 182.1 181.8 183.4 186.6 188.7 191.3 191.1 189.9 189.4 190.2 191.5 192.4 193.4 194.9 196.4 196.1 195.4 195 195.1 195.9 196.4 197.6 198.7 199.5 198.6 195.9 193.9 188 184.4 181.9 177.1 170.3 167.8 164.5 162.5 161.7 163.9 166.2 166.6 166.9 167.7 168.4 168.3 168.4 165.3 166.8 167.4 167.4 167.8 166.6 167.5 167.4 162.6 161.7 163.1 157.9 154.5 154.1 154.6 163.7 174.2 180.7 186 200.8 215.1
172.1 171.6 169 167 167.9 168.9 170.5 172.9 175.6 177.2 178.5 178.8 180.6 180.1 179.8 181.5 182.6 184 184.9 185.6 187.7 189 190 191.8 192.7 193.6 195.8 196.2 195.1 193.1 193 193.5 193.7 194.6 195.7 196.2 196.4 195.9 194.7 193.5 185.5 183 181.3 176.4 170.6 165.2 163.3 161.8 162 164.9 166.1 166 165.9 167 167.4 167.1 165.7 165.3 166.8 166.8 166.9 167.2 167.1 166.2 159.6 154.5 154.7 154.7 153.9 153.9 154.2 155.5 169.1 177.6 182.7 195.9 209 222
168.5 167.3 166.1 165.5 166.7 167.4 168.9 171.4 173 174.5 175.5 176.1 176.3 178.6 180.1 181.4 182.2 182.9 184.5 186.4 189.2 191.3 193.6 195.5 195.4 195.8 196.9 196 194.1 191.9 190.6 190.8 191.2 192.2 192.5 192.3 192.6 193.3 193.5 189.3 184.1 183 179.1 174 170.3 165 162.6 161.8 162.3 163.6 165.3 165.3 165.9 166.5 166.8 165.6 164.9 166.1 165.1 165.7 166.1 164.3 164.5 155.7 153.4 153.4 153.8 153.5 153.6 153.8 154.4 163.9 173.9 179.4 189.6 202.9 214.9 231.1
164.4 163.7 163.7 164.3 165.2 165.9 167.7 169.2 170.6 171.9 173.5 175.7 178 179.7 181.6 183.6 184.6 185.1 187.1 190.7 193.5 195.9 198.7 199.8 199.8 198.3 197.3 196.1 192.8 190.2 189 188.7 188.4 189 189.1 189.8 190.4 190.9 189.6 184.8 183.6 182.3 178.9 172.3 169.2 163.5 161.7 161.1 162 162.2 164.1 164.8 165.6 166 166 164 166 165.4 161.6 158.4 155.8 154.6 152.6 153.1 153.1 153 153.3 153.5 153.8 153.6 158.5 171.2 178 183.6 197.9 208.7 220.3 237.3
161.4 162.1 162.6 163.6 164.4 165.4 167.1 169.4 172.3 173.9 174.8 176.8 179.2 182.3 184.3 186.2 187.7 189.3 191.7 195.5 198.3 201.1 202.5 203.4 202.5 199.7 198.4 196.3 192.5 189.7 187.6 185.9 186.6 185.9 186.7 187.6 187.6 186.3 183.5 183 182.7 180.3 175.6 170.9 167.1 162.8 161.5 161.2 161.3 161.4 163.1 163.5 164.8 165.3 163.9 165.3 165.5 164.5 156 152.7 152.3 152.8 153.2 153.2 153.3 153 153.3 153.8 153.9 155.8 168.3 174.8 180.7 188.8 203.9 213.5 226.7 242.5
160.7 161.4 161.9 163 163.8 166.2 169.9 173.8 176.4 178.4 179.9 181.4 184.9 187.7 189.2 190 191.8 193.9 196.7 199.8 202.2 204 205.1 205.6 204.6 202 200.3 197.4 194.2 190.3 187.4 185.5 183.7 183.3 183.4 183.8 183.2 181.6 180.2 180.4 179.4 173.9 170.3 167.6 164.8 162.3 161.6 161.1 161.1 162 163.4 163.8 163 160.7 157.7 159.7 162.4 156.9 152.5 152.2 152.4 152.7 152.7 152.9 153 153.5 153.7 154 154.5 159.4 171.4 178.1 185.5 194.9 205.8 217.6 232 246.2
160.2 160.9 161.6 162.2 165 167.3 172.1 176.2 180.3 182.9 186.5 190 192.5 194.2 194.8 194.9 195.4 196.1 199.8 202.7 205.3 206.9 207 207.4 206.5 203.8 202.2 199 195.7 192.3 188.5 184.7 182.1 180.4 179.7 179.3 178.4 176.5 176.2 175.6 171.6 168.4 166.8 165.3 162.9 162.2 161 160.2 161.3 161.9 162.4 162.5 160.9 157.6 152.3 154.2 155.8 152.6 152.2 152.7 152.4 152.7 152.9 153 153.5 153.6 154.2 154.6 155.6 165.6 173.4 180 188.2 197.9 207.9 221.4 233.9 246.2
159.9 160.4 160.9 163.6 168 171.9 176.8 181.3 184.7 187.7 190.7 193.8 196.2 197.9 198.4 198.4 199.1 200.4 202.8 205.5 208 210.2 211.7 212.1 210.9 208 205.8 202.1 195.7 192.6 188.9 185.1 181.7 179 176.9 175.5 174.1 173.1 172.5 170.5 167.2 165.1 164.6 163.9 163 161.4 161 160.7 160.1 160.2 160 160.2 159.2 152.9 152.4 152.5 152.4 151.7 152.1 152.6 152.7 152.9 152.8 152.9 153.6 153.9 154.3 154.5 161.6 171.1 175.9 182.7 190.6 200.5 213.1 226.5 236.1 247
