app/static/ascii/SN66.asc
ncols 200
nrows 200
xllcorner 260000
yllcorner 260000
cellsize 50
[rows 70 to 104 of 200, columns 78 to 155 of 200]
232.3 230 227.8 223.6 223.4 228.3 228 225.4 222.8 221.3 221.4 222.4 219.7 216 214.1 211.9 212.7 213.8 211.1 209 206.7 203.1 200.2 198.6 196.8 199.9 202.8 204.6 202.8 200.1 197.9 193.3 189.7 186.4 185.4 185.3 184.8 184.7 186.6 188.9 191 193.6 197.1 196.2 194.7 193.4 201 208.3 214.5 221.2 227 229.2 225.3 223.6 221.5 220.6 220.3 220.3 222.8 224.4 226.9 228.9 230.9 232.5 236.5 239.3 243.6 243.4 244 244.5 245.5 247.8 248.3 247.2 248.3 246.4 243 238.6
231.4 229.2 227.4 223.9 225 229.7 229.9 228.5 226.1 225.7 225.3 225 222.4 217.2 216 216.1 215.7 213 210.6 209 206.4 203.6 201.5 199.3 198.6 200.3 203.6 204.6 202.4 199.9 198.3 194.6 189.6 186.8 184.8 184.4 184.3 184.2 184.3 186.3 188.3 189.5 193 192.7 189.9 190.1 197.1 205.2 210.3 215.5 223.7 222.6 219.7 219.2 218.1 217.7 217.9 219.6 222.3 223.8 226.5 228.3 230.9 233.2 236.7 240.8 243.5 243.4 243 244.3 246.5 248.1 246.8 247.1 248.3 246.5 243.6 239.1
231.3 229.3 227.7 224.5 226.8 230.9 232 230.7 228.7 227.7 228.2 227.2 224.4 220 218.4 217.8 215.8 212.6 210.2 208.1 206.8 204.5 202.1 199.4 200.2 201.7 204.3 205.6 202.3 199.4 197.5 194.1 190.1 188.2 186.6 185.6 185.2 184.8 184 182.2 184.9 186.4 188.8 188.2 186.6 188.7 194 203.2 208.3 212 219.6 217.2 214.3 215.2 214.3 214.7 214.3 217.7 221.1 223.7 226.1 228.3 231 234 237.3 242 244.3 244.6 242.2 243.8 245.7 245.1 245 246.2 248.6 246.4 242.9 238.4
231.3 229.7 227.6 224.6 227.8 231 232.9 232 230.1 230.6 230.7 228.8 226 221.4 220 218.4 216.4 213.8 211.1 211.2 210.3 207.6 203.5 201.3 201 201.7 204.8 205.2 201.3 198.9 196.5 193.8 190.6 186.9 187.3 186.9 187.2 189.5 187.2 184.7 182.3 183.4 185 184.6 185.2 187.7 193.5 200.2 205.9 211.1 207.6 208.2 208.7 210.3 210 210.9 211.4 215.5 219 222.7 225.3 227.8 231.6 234.5 238.7 244 246.2 245.9 242 241.2 242.5 240.7 241.8 244.2 247.6 244.9 240.3 236.4
227.8 226.3 225.1 223.5 228.2 231.1 232.5 232.3 231.9 233.1 232.3 230.2 227.3 222.9 220.9 219.1 217 215.1 214 213.4 212.5 210.7 205.3 202.8 202.8 204.2 206 205.5 201.3 197.9 194.2 191.8 188.7 188.4 188.5 190.2 193.9 194.7 191.5 186.2 182.9 182.8 182 181.9 183.7 184.9 189.7 194.9 200.7 204.2 203.9 204.4 204.4 205.4 205.4 204.8 208.3 211.7 216.6 221.9 224.4 227.9 231.5 236.6 241.2 245.2 247.4 246.4 240.4 239.3 239 237.8 239.9 242.2 246 243.9 240.3 235.1
231 229.7 228.5 226.9 229.4 231.1 231.9 233.3 233.7 234.5 233.3 231 228 223.7 221.6 220 218 216.2 216.6 215.6 214.3 212.5 207.6 205.7 206.9 208.2 208.6 206.4 202.8 195.1 192.5 190.3 189.3 189 191 195.9 198.3 197.7 194 189.9 186.1 182.5 181.4 181.6 181.9 183 184.2 187.1 191.2 194.6 196.5 198.5 199.7 200.6 201.2 201.1 203.6 206.3 210.9 218.1 223.2 230 234.7 238.6 241.3 244.6 246.6 244.6 238.3 236.1 234.9 234.3 237.3 241.6 242.5 241.3 237.3 234.7
231.1 229.8 229 227.6 229.5 231.3 232.5 234 234.7 235.2 234.5 231.4 228.1 224.5 222.3 220.4 218.3 217.9 217.7 217.1 215.5 214.1 208.2 209.6 211.7 212.3 211 208.5 204.3 196.2 192.2 190.3 189.5 190 193.3 198 200.5 199.1 194.4 190.3 186.7 183.7 181.7 181.2 179.9 180.9 180.7 182.7 186.4 189.1 192.1 194.5 196 196.3 195.3 197.4 199.6 201.9 204.5 209.8 220.3 233.1 236.9 239.7 241.2 242.8 244.7 241.1 235.2 230.7 230.2 230.8 234.6 239.6 239.6 238.3 234.8 234.8
230.4 229.3 226.5 228.8 230.2 230.7 233.2 235.5 236.1 235.9 234.3 231.9 228.8 225.5 223.8 222.9 220.8 218.8 217.9 217.8 216.4 215.2 210.4 212.7 214.8 215.7 213.4 209.2 206.2 201.9 195 192.5 191 191.4 196.7 200.1 201.2 198.8 195.3 190.9 186.9 183.3 184 184.4 183.1 180.3 180.4 181.1 183.5 186.3 188.6 190.4 192.2 192.2 191 192.6 194.8 197 199.3 204.1 216.7 230.5 235.8 239.5 239.8 240.8 240.8 235.9 231.2 223 224.6 227.8 231.9 236.4 236.7 235.7 233.2 235.1
228.8 227.8 228.5 229.5 230.2 231.6 234.1 236.3 237.3 236.9 235.3 232.8 229.9 226.6 225.9 225.1 222.3 220.7 220.2 218.6 216.6 214.9 213.4 214.6 216.5 217.4 215.1 211 206.4 203.1 197.2 194.7 193.5 195.4 199.7 201.7 200.9 198.4 195.5 189.4 185.9 183.7 186.1 186.5 186.5 185.4 180.3 180.4 185.3 187.4 188.4 189 189.9 189.3 188.6 189 190.6 192.3 194.7 200.8 213 224.1 230.7 235 235.8 237.7 235 230.1 221.3 216.2 220.4 225.2 230 233.1 233.6 231.4 232.4 233.8
227.9 228.9 228.6 230 231 232.7 234.5 236.6 238.1 238.2 236.4 234.4 232.7 229.9 226 225.9 225.3 224.7 223 220.3 218.8 219.1 216.4 216 217.8 218.8 216.3 212.3 208.2 205.4 199.6 199.6 200.4 202.1 202.9 202.9 200.9 197.6 195.6 189.6 186.8 186.2 185.7 186.7 187.3 187.6 184.7 179.5 185.9 187.9 188.9 188.4 187.9 187.5 185.2 186.1 187.3 189 191.7 197.4 207 214 223.2 228.4 227.8 230.1 230.1 223.2 213.9 213.2 217.3 222.3 225.6 228.2 229.1 228 230.3 229.7
229.6 229.7 230.6 230.8 231.6 232.8 234.2 236.2 238.5 239.5 237.8 236.2 235.8 234.6 233.2 232.3 231 229.4 226.6 223.3 221.2 222.5 219.8 219 219.7 220.1 217.5 213.5 209.5 206.8 204.4 206 206.2 206.2 204.8 204 201.1 196.9 194.7 190.6 188.8 187.2 186.2 186.4 187.1 187.7 186 179.3 181 184.9 187.9 188.7 186.3 185.4 183.9 183.3 183.9 186.1 188.9 193.7 201.1 205.2 214.5 220 221.1 223.4 223.2 216.7 208.7 210.3 215.4 220 221.4 223.7 224.7 224.8 226.8 226.1
231.6 231.8 231.2 231.9 233.4 234.6 235 236.6 238.6 240.2 240.1 238.9 238.6 238.7 237.9 237.4 235.8 233.7 231.4 227.2 224.1 222.8 224.7 224.1 224.6 224.5 221.8 216.5 211.3 209.6 209.2 209.6 209 209.1 208.1 205.2 202 198.6 195 192.1 189.7 187.4 186.9 186.8 187.2 187.6 187.1 178.8 178.3 178.6 182.4 182.7 182.8 182 181.4 180.1 181.6 183.3 185.9 190.1 195.4 200.5 207.4 211.3 213 216.3 215.8 209.7 204.4 207.9 213.5 215.9 218.1 221.4 222.4 224.5 226.2 225.4
231.9 233.3 233.2 233.3 234.5 236.3 236.6 238.1 239.8 241.2 241.7 241.9 241.5 242 242.4 242.3 239.7 237.2 233.8 230.9 227.6 224.7 228.2 227.6 228.4 227.9 227.6 223.9 218.9 213.2 213.1 213.2 213.2 212.3 210.6 208.1 204.9 201.9 198.3 194.1 190.5 188.8 188.3 187.7 187.7 187.7 187.3 186.9 181.7 176.9 176.8 178.2 178.2 178.3 178.4 177.5 179 180.6 183.5 186.4 190.7 195.2 202.3 204.1 205.9 207.8 206.5 200.5 199.1 203.4 207.3 209.8 212.9 217.3 220.2 224.5 225.3 224.7
231.9 232.9 233.8 234.4 234.6 235.9 237.1 238.5 240.1 241.5 242.6 244.3 244.7 245.4 245.9 246.2 244.5 241.1 236.1 233.5 229.9 226.7 228.7 231.7 232.4 232.1 231.4 230.2 226.2 221.6 216.8 217.1 216.5 215.1 213 210.6 208.7 205 201.5 198.6 193.5 191.5 191 190.7 189.9 189.4 189.5 188.4 186.2 181.9 179.7 176.1 175.7 175 173.9 173 176 177.2 179.4 181.1 183.9 187.4 193.5 195.6 199.5 200.4 199 194 193.9 198.3 203.8 206.2 210.8 216.4 220.1 223.5 224.5 223.5
234.1 234.7 234.8 236 236.9 237.1 237.7 239.1 240.5 242 243.6 246.2 246.7 247.8 249.2 249.2 248.8 245.9 239.8 235.1 232.3 229.1 229.6 233.2 234.8 236.2 236.1 233.3 233.5 232.1 222.2 220.7 219.5 216.6 214.2 212 210.1 206.4 204.5 202.9 199.9 196.5 195.5 193.9 192.3 192.7 191.3 190 188.2 184.6 182 181.7 176.1 175.1 174.5 173.8 172.4 172.8 174.8 176.6 178.2 180.4 184.5 188 190.3 191.7 190.8 188.4 190.1 192.7 201.4 204.7 209.1 214.4 217.3 221.1 222.5 222.8
236.8 237.5 238.2 238.3 238.9 238.5 239.6 239.3 241 242.3 244.1 246.6 248.4 250.2 252.6 252.3 250.9 249.1 244.1 237.6 233.6 231 231.7 233.7 237 239.6 241.6 239.8 237.7 237.5 226.3 223.3 221.2 218.5 216.6 215.2 212.2 209.6 207.5 205.8 204.3 201.3 199.7 197.2 196.2 195 193.7 192.1 190.2 186.9 184.3 184.3 182.9 180.2 177.9 175.9 174.6 172.2 172.1 171.5 174.2 175.3 178.4 182.2 183.5 184.3 184 183.9 184.4 190.5 197.7 202.2 207.2 210.9 214.7 220.3 223 221.9
240.7 241.4 241.4 241.6 242.4 241.7 240.9 239.7 242.4 243.8 244.8 247 249.9 253.1 254.5 253.6 251.9 249.5 246.5 239.1 234.8 232.1 232.8 234.9 238.4 240.5 244 242.3 243.4 238.6 231.3 225.9 225.1 223.5 221.3 219.3 216.9 213.7 211.9 209.7 207.3 206.2 204.6 201.7 198.9 197.4 195.8 193.7 192 189.7 187.9 186.4 184.8 182.5 179.7 177.1 175.6 174.1 172.2 170.8 170.9 171.6 171.6 173.7 176.2 177.6 178.2 179.5 180.4 186.1 192.7 198.2 203.1 206.7 213.3 219.5 221.5 219.8
246 245 245.6 245.9 245.9 244.3 243.2 241.9 243.7 245 246.1 247.4 249.5 252.4 255 254.1 252 247.4 245.8 238 234.8 232.6 232.1 234 236.2 240.9 243.9 244.2 246.9 241.8 238.2 231.7 230.5 231.1 227.1 224.3 222.3 219.2 216.1 213.2 211.2 210.3 209.4 207.1 203.9 201.9 199.3 197 195.2 192.5 190.7 189 186.9 184.5 181.9 179.1 177 175.3 173.2 170.4 170.4 169.6 169.1 169.1 170.4 171.5 174 175.3 177.8 183.1 187.9 193.3 198.7 205.2 213.7 218.8 219.3 217.3
251.9 248.8 249.5 249.5 248.3 247.1 244.4 243.6 244.7 246.1 247.3 248.3 249.8 252.3 253.6 252.9 250.4 246 240.7 237.2 233.7 232.7 232 232.7 235 239.7 242.4 246.4 246.6 244.8 242.7 237 236 238.1 233.7 231.1 229.4 225.9 222.5 219 216 215 214 212.4 210.3 208.5 206.3 200.5 198.3 195.6 193.5 191.4 189.1 186.2 184 181.4 179.4 177.4 175.1 173 169.9 169.2 168.7 168.7 168.5 168.8 170.5 172.5 175.6 179.8 184.4 190.3 195.5 204.6 211.3 215.7 216.7 213.5
251.3 250 250.8 251.3 250.1 248.4 245.9 243.9 245.3 247.2 248.7 249.3 250.1 251.5 251.6 250 246.7 242.6 239.1 235.8 232.9 232.1 232.2 232.6 235.5 239.4 242.5 245.2 247 246.5 243.5 241 241.7 243.3 239.2 237.5 235.4 232.8 230.5 224.5 221.7 220.8 219.7 217.8 215.3 213.3 210.5 205.6 202.8 198.9 196.6 194.1 191.6 188.9 186.4 183.7 181.7 179.7 177.6 175.6 173.4 171.4 169.9 168.7 168 167 168.2 170.7 173.7 177.1 180.4 186 191.6 202.9 207.7 212.1 214.2 206.6
251.3 250.1 250.8 251.5 251.2 248.9 246.1 245.5 247.1 248.4 249.8 249.4 249.6 249.7 249.7 248.3 245.5 242 238.1 235.3 232.7 232.1 232.2 232.1 233.2 236.6 241.5 244 245.6 245.9 243.6 243.1 246.4 247.5 244.1 241.9 239.5 237.4 234.3 230.5 230.8 227.6 227.2 226 219.6 218.1 214.5 210.1 206.1 203 199.7 196.9 194.4 191.9 189.4 186.5 184.4 182.3 180.2 178.6 176.8 174.4 171.9 169.5 168.5 167.8 167.9 167.4 172.5 175 176.9 182.2 190.8 200.7 204.5 208.5 205.6 202.3
251.5 250.3 250.8 251.5 250.9 248.6 246 248.1 249.7 250.3 250.7 250.1 249.4 248.4 247.6 246.3 244 241.3 238.4 235.6 233.6 232.8 231.9 231.8 231.9 234.7 237.8 241.2 243.2 244.2 243.4 244.3 248.6 249 247.7 245.2 242 239.9 238 237 236.2 235.5 235.4 232.6 229 225.7 222.8 216.9 211.2 207.2 202.6 200.5 196.7 194.6 192.1 189.5 187.4 185.1 182.7 180.2 178.2 176.2 173 170.1 167.7 167.4 167.5 167 171.2 172.3 174.2 180 188.5 195 201.8 201.4 203 201.7
251.9 250.4 250.6 250.3 249.5 248.3 247.8 249 250.9 252 251.6 250.2 247.8 246.1 244.5 242.8 241.5 240.1 240.1 240.5 238.2 235.5 232.2 231 232 234 236.2 239.1 241.8 242.7 242.9 245.3 248.2 248.1 247.6 247.9 244.8 240.8 239.7 240.6 240.9 241 241.6 238.3 235.1 231.3 229.7 228.1 217.6 211.6 208.4 205.3 200.5 197.8 195.8 193.3 190.7 188.8 185.7 181.8 179.2 176.6 173.5 170.8 168.2 167.1 166.9 166.4 168.2 170.3 172.2 176.3 183.6 189.4 193.6 201.6 202 199.1
252.7 251.7 250.4 249.8 249.2 249 249.5 250.1 252 253.3 251.9 249.2 246.2 243.8 241.4 240.1 238.5 238.2 240.3 241.7 239.1 235.8 232.5 230.6 232.2 233.7 235.7 237.4 239.2 240.3 242.1 245.3 244.5 245.4 246.2 246.1 244.5 242.1 240.8 242.7 243.7 245.7 245.6 242.8 240.5 237.9 235.4 232.7 226.3 216.6 214.3 211 208.5 206.9 203.1 198 195 191.8 188.7 184.7 180.8 178.4 175.2 171.8 168.2 166.4 166.7 166.6 167.7 169.2 171.1 174.1 179.2 184 193.3 199.3 198.8 195.1
253.5 252.2 251 250 249.1 248.8 249.4 250.5 252.7 254.3 253 250 245.7 242.8 239.8 237.9 235.9 236.6 239 240.2 237.6 234.4 230.9 229.2 230.7 232.2 232.6 233.1 234.5 235.9 239.1 239.7 239.4 239.7 240.8 242.1 242.6 241.4 241.4 246.4 245.8 247.5 246.5 244.8 244.2 243.3 241.9 238.1 233.7 225.9 221.3 218.1 215.7 214.4 212.4 205.6 203.4 195.3 191.4 186.9 182.8 179.5 177 173.6 169 165.5 166.8 165.8 166.3 167.2 169.3 172.7 177.7 184.6 193.6 196.6 194.4 190.7
252.4 251.7 250.9 249.7 249.8 250 249.8 251.5 254.1 256.3 254.8 252 248.4 243 238.5 236.1 235 236.2 238.4 239 235.9 232.7 229.1 227.1 227.3 227.7 229.2 229.9 230.3 230.8 233.4 234.8 235.3 235.6 236.2 237.7 238.2 236.8 241.4 244.6 246.4 246.8 246.5 246.8 248 249.5 248.9 244.1 238.2 231.8 228.8 225.6 222.4 219.9 218.9 213.1 210.5 201.8 193.4 188.5 184.1 179.7 176.7 173.3 169.9 166 166.2 165.5 166 165.6 167.4 171.8 177 183.6 190.8 190.9 186.7 183.6
252 251.8 250.7 250.3 250.6 251.5 252 252.7 255.6 258.1 255.9 252.7 249.2 243.1 239.5 235.6 234.7 235.6 237.4 237.5 235 231.6 227.6 226.3 225.9 225 226.3 227.5 227.2 226.8 227.6 230.2 231.9 231.3 232.2 232.8 233 232.6 235.8 240.6 247.7 243.8 244.6 247.1 252.3 254.4 252 248.8 242.9 236.7 233.6 231 226.6 225.6 224 218.1 216.3 207.7 199.5 189.8 185.1 180.1 176.1 172.8 169.4 166.5 165.3 165.5 165.6 165.5 166.5 171.5 174.9 180.6 182.9 180.5 177.6 172.3
251.6 251.4 250.9 250.8 251.8 252.7 253.2 253.2 256.1 258.8 256 253.3 247.8 243.1 239.6 236.6 234.5 234.7 235.4 234.4 232.8 229.1 226.5 225.1 224.9 224.4 224.8 224.9 224.6 224.4 225.5 227.2 228.7 230.3 231.7 232.6 230.9 230.3 231.1 237.1 242.3 238.9 241.9 247.7 252.5 254.3 253.9 253.3 250.6 242 238.8 234.1 230.6 229.3 225.5 221.3 219 210.4 202.7 191.6 186.7 181.5 176.9 170.9 168.6 166 165.5 164.6 165.2 165.1 164.3 167.7 170.2 171.9 172.3 169.5 168 166.6
251.7 251.9 252.9 253.5 253.7 253.9 254.4 255.4 257.1 258.1 258.2 255 248.2 243 239.4 236.7 235.2 235.2 231.8 231.7 230.6 226.7 225.3 224.4 224.3 223.8 224.2 223.8 223.9 224.3 224.2 225.2 227.5 229.9 230.8 229 228.1 226.6 228.1 236 235.5 236 239.7 247.8 251.6 253.1 255 256.7 254.4 246.4 243.8 237.1 234.7 231.4 227.2 223.3 220.3 210.9 202.5 191.8 187 182.1 177.6 173 168.5 165.3 165.3 164.9 164.6 164.1 164.4 165.1 165.6 165.8 166.2 166 166.1 165.2
253.3 253.2 254.2 255.7 254.9 255.5 255.3 256.2 258.4 260.5 261 253.2 248.2 243.2 239.2 235.6 236.2 235.8 233.6 230.1 228.4 226.7 225.4 225.2 224.8 224.3 224.5 224.3 223.5 224.3 224.6 224.7 227.1 229.1 228.5 225.8 224.2 222.8 224.8 230.5 231.1 233.2 236.8 244.8 250.3 252 255.2 258.7 253.5 249.1 244.7 239.3 236.5 234.1 227.8 224.4 219.2 210.8 203.6 196.4 187.6 182.9 178.5 172.7 169.2 164.6 164.6 164.5 164 164.7 164.4 164.6 164.9 165 165.3 164.8 164.9 164.9
255 255.1 256.1 256 255.4 255.6 255.8 257.1 259.1 260.3 258.6 252.2 248.8 243 239.2 237.1 237.1 236.1 233.3 231.1 227.6 226.5 225.6 225.5 225.4 225.8 225.6 226.7 226.2 224.5 224.8 224.2 224.9 226.2 224 221.3 221.4 219.9 219.7 225 225 229.6 233.6 237.7 244.8 249.9 253.7 257.3 250.6 248.7 243.1 239.6 236.2 235.3 227.2 222.9 217.3 210.1 205.4 198.8 188.8 183.6 177.9 172.5 169.2 164.8 164.5 164.8 164.1 164.6 164 164.4 164.4 164.7 164.9 165.1 164.5 164.7
259 258.8 257.4 256.1 255.3 255.6 256.1 257.4 259.1 259.2 255.9 252.4 248.6 243 239.4 237.8 237.5 235.6 233.2 229.8 226.4 225.7 225.6 225.9 225.7 227.6 229.1 229.6 228.8 227 223.7 223.5 222.9 221.9 225.6 226.5 226.4 223.1 219.6 218.2 220.8 225.6 229.8 232.9 236.6 242.2 249.5 256.1 244.7 242.6 239.2 239.8 233.1 232.1 224.1 220.7 213.5 208.5 203.4 199.6 190.6 183 178.2 174.2 170.9 165.2 163.6 164.3 164.9 164.6 164.3 163.6 164.5 164.6 164.8 164.9 164.7 164.8
263.1 262.4 261 256.4 255.8 256.1 257.4 257.5 257.6 257.6 255.4 253.4 249.4 243.8 239.4 237 237.3 235.3 232.4 228.4 226.3 225.6 225.3 225.3 225.8 228.6 230.5 231 230.9 228.9 225 223.1 222.8 224.7 226.1 229.2 229.5 227.1 220.9 217.7 216.6 221.5 224.7 227.7 229.6 234.2 238.5 244.9 234.9 233.8 235.3 236.5 227.6 225.6 218.3 215.4 208.2 203.5 200.9 197.3 186.5 183.1 180.1 176.5 172.8 167.3 163.1 164 164.5 164.4 163.2 164.5 164.6 164.7 165.3 165.3 164.2 164.4
263.3 263.1 259.9 256.4 257.3 258.5 259.1 258.3 257.6 256.9 255.2 253.8 249.9 246.5 239.9 237.8 235.8 234.6 231.7 227.6 226.4 225.5 225.7 225.5 226.2 228.4 231 232 231.7 229.1 226.4 222.9 223.4 223.9 227.2 230.5 231.4 228.1 222.9 217.7 213.9 217 220 221.8 223.4 225.2 226.7 230.9 224.5 224.1 224.6 225.6 220.5 218 212.3 207.1 201.4 198.6 196.4 187.7 183 183.2 181.3 177.7 173.4 168.8 163.1 163.7 164 164 164.2 164.4 164.7 165 165 164.7 164.9 165.3
261.6 258.6 256.3 257 258.8 259.6 259.8 258.9 257.6 256.5 255.1 252.6 248.9 242.7 238.7 236 234.8 232.8 229.5 227.3 226.7 226 225.9 226 226.5 228.8 231.4 233.1 232.2 230.2 226.2 224.1 223.4 224.4 227.7 230.2 230.4 227.1 222.2 217.2 214.1 212.7 215 216.1 217 217.5 217.6 215.3 214.9 214.1 214 213 209.9 206.8 202.8 197.6 194.6 189.8 184.7 181.4 181 181.7 180.6 176.9 172.8 168.8 163.9 163.4 163.6 164.1 163.9 164.3 164.4 164.4 164.2 164 165.1 165.5
