app/static/ascii/SN70.asc
ncols 200
nrows 200
xllcorner 270000
yllcorner 200000
cellsize 50
[rows 70 to 104 of 200, columns 0 to 79 of 200]
208.6 193.4 180.6 167.6 158.2 151.7 147.8 144.3 140.9 134.6 126.1 126 132.2 136.9 140.5 142.7 148.6 153.8 157.2 162.3 167.1 166.3 166.3 154.4 139.9 130.3 122.8 113.5 118.2 132.8 143.6 151.7 152 153.1 155.1 159.8 164.7 169.3 174.4 180.3 185.5 192.4 198.1 204.9 214.5 222.6 233.1 228.6 214.2 207.7 206.1 205.3 204.6 203.2 204.2 207 208 207.7 207.5 203.6 200.6 200.8 201.1 199.8 195.1 184.8 174.2 164.5 163.2 164.8 162.1 154.8 149.5 143.2 135.7 127.7 110.7 74.8 89.7 102
219.1 200.8 186.8 173.2 162.1 155.3 150.9 147.4 144 139.7 132.9 123.7 124.2 128.8 133.8 139.2 142.5 147.5 149.5 152.7 156.9 157.6 160.3 154.3 140.2 129.4 122.7 114.4 118.8 132.2 138.8 144.3 144.9 148 153.5 159.1 163.7 167.7 173.4 180.8 187.2 193.5 198.2 208.1 217.3 230.2 231.3 225.8 212.5 207.4 205.2 203 203 200.9 202.8 205.3 205.4 206.2 205.7 203.1 199.8 199.1 199.1 196.5 190.7 182 172.2 162.7 160.5 161 158.6 152 147.6 144.1 136.2 124.5 108.9 70.5 88.6 99.6
232.5 209.9 194.8 181.3 168.2 159.5 154 150.5 147 143.2 139.3 132.4 121.9 122.8 128.8 134.2 137.4 141.5 143 144.8 146.7 150.2 154.3 153.2 139.1 124.9 120.5 112.7 117.7 127.5 133 137 142.5 150.8 154.4 158.5 162.6 169.4 176.4 183.8 190.4 195 200.8 210.6 222.6 229.9 230.4 223.2 213.5 206.6 206.6 202.7 201.7 200.7 201.1 203.8 205 206.6 206 203.1 199.8 198.4 197.5 193.6 187.7 180.2 170.8 161.9 157 156.7 153.5 147.8 142.8 137.1 132.5 120.3 104.1 69.4 86.3 97.1
241.2 224.5 204 190.3 178.9 168.4 159.2 152.6 149.3 145.5 141.5 137.6 130.6 119.9 122.2 128.4 132.6 135.4 136.6 136.3 138.6 142.8 146.7 147.8 137.1 120.8 116.7 110.4 116.6 126.6 133.4 139.1 147.3 152.3 156 158.9 164.3 172.3 180.1 187.4 194 198.6 205.5 217.1 220.6 228.9 230.4 223.6 214.2 206.2 204.9 201.3 198.7 197 199.5 203.3 205.5 206 205.8 203.6 200.2 197.3 195.9 192 186.1 179 169.3 163.5 158.6 155.2 149.1 146 140.2 133.8 128.9 116.5 100.8 69.1 83.4 95.2
245.9 232.6 217.3 200.8 189.3 180.4 172 163.4 152.8 148.2 144.3 140.4 135.9 129.7 118.8 120.6 126.7 130.1 130.7 128.5 129.9 134.9 138 138.9 132.2 121.1 111.6 110.4 118.7 125.3 131.5 139.8 146.7 152.5 155.8 159.5 166 174.2 182.2 189.6 195.5 202.2 212.8 220 222.9 228.8 228.6 223.5 215.8 205.7 201.5 198.8 195 194 194.1 201 204.8 205.2 205 203.4 201.6 197.7 195.4 192.6 188.4 181.8 175.8 168.5 161.1 156.2 150.6 143.9 133.2 128.2 123.6 113.5 99.8 68.6 80.6 92.9
255.5 237.2 226.4 213.5 198.6 188.7 182.9 175.6 166.8 155.5 147.6 143.8 140.7 136.4 132.5 118.8 118.1 124.7 123.9 123.7 123.9 126.2 129.4 131.2 127.6 120.8 113.3 108.8 117.6 122.9 129.3 137 144.1 149.7 153.6 160.6 167.9 176.3 183.8 190.7 196.2 208.5 218.2 221.2 223.9 228.1 229.2 223.9 216.2 206 198.9 194.1 190.9 189.9 191.1 198.6 201.2 203.4 203.6 203.8 201.3 197.8 196.2 195.1 192.4 188 181.6 176.6 166.6 158.3 152.5 145.5 137.6 128.4 119 107.6 99.2 67.9 75.6 90
263.4 248.2 233.2 225.3 214 201 191.4 184 177.5 169 157.8 148.5 145.3 142.8 137.9 127.9 116.8 114.9 118.7 119.2 119.2 120.4 123.4 125.2 122.3 117.6 109.2 107.9 118.3 123.7 129.2 134.6 140.6 146.6 153.8 161.4 170.7 178.3 185.3 191.5 201.6 214.6 220.3 223.4 227.3 229.4 230.1 223.4 216 208.6 198.9 192.8 187 183.4 185.6 190.6 194.5 197.3 199.1 199.9 199.1 196.6 195.3 197.7 196 193 185.9 178.9 172.5 160.8 154.2 147 138.3 128.2 118.8 109.1 99.5 68.3 70.9 86.3
267.5 260.9 248.8 235.7 227.2 213.2 202.3 192.3 185.9 178 168.9 157.1 150.1 145.8 140.1 131.9 123.9 113.4 110.9 111.9 112.1 115.4 117.8 119.2 118.3 115.2 108.4 107 117.7 123.9 128.1 132.9 139.7 146.4 155.3 163.1 171 178.6 187.7 201.8 211.4 216.9 222.1 226.9 232.2 231.2 228.3 222.5 215.6 207.9 199.1 192.9 185.4 178.2 179.7 182.5 187.4 191.7 194.5 195.2 196.4 194.2 194.2 197.4 197.6 196.1 190.2 184.3 178.1 167.8 155.6 146.7 137.2 126.6 118.2 105.9 97.5 77 58 67.6
271.1 266.5 261.2 251.3 237.8 226.9 215.8 205.4 194.9 186.2 177.4 167.6 156.1 149.8 142.4 134.7 127.8 120.5 115.1 110.3 108.1 107.8 113.7 115.2 115.4 113.4 104.9 106.7 118 122.6 126.8 131.5 137.9 147.8 156.3 164.4 171.9 181.1 194.4 209.3 213.4 218.4 224.6 233.5 237.1 235.3 228.7 222.6 214.1 206.2 198.2 191.6 185 178.4 174.1 176.4 178.9 186.4 188.8 192.1 195.1 192.5 192 194.8 196.8 197.5 194.1 189.5 183.7 174 162.9 143.6 132.4 122.5 115.8 107 95.5 86.9 76.3 54.9
272.2 268.4 265.2 259.2 252.4 240.2 227.7 219.3 211.8 201 186.5 174.6 165.2 155.9 145.9 136.4 130.1 123.5 118.5 114.9 112.8 105.3 109 111.8 112.3 111 103.5 108.3 117 121.2 125.9 130.9 139.2 148.9 157.3 164.8 171.2 178.6 197.9 208.7 212.3 217.1 222.7 237.3 242.1 236.9 229.8 223.3 214.2 204.4 196.8 191 185 179 171.6 170.2 172.4 178.9 183.9 187.4 190.1 189.5 191.4 193.1 195.1 197.3 196.7 192.3 185.8 176 166.5 140.6 126.6 118.8 111.8 105.2 96.9 85.5 76.8 55.5
270.1 267.2 263.1 259 254.7 251.8 242.6 231.5 222.8 213.8 201.7 186.5 173.4 164.2 154.2 142.5 130.8 124.7 119.1 114.5 112.3 111.4 104.6 108.9 109.7 108.2 102.6 106.7 114.2 119.8 125.2 131.1 140.7 150.3 157.9 163.3 169 177.6 193.9 206.2 211.2 215.7 219.7 236.2 242.1 236.7 230.9 224.2 216.1 204.8 196.8 190.6 184.3 178.5 172.2 163.6 165.9 168.7 175.6 182.1 185.1 185.9 188.7 191.2 196 199.3 197.2 193.4 186.6 176.8 165.8 137.3 122.5 113.8 107.7 101.8 92.4 81.9 74.2 57.2
266.2 263.9 259.5 255.3 254.2 253.6 250.2 245.9 232.4 221.1 212.9 202.9 189 173.7 160.7 149.7 135.2 125.6 119.2 114 111.5 110.5 108.4 104.2 107.3 106.8 101.7 107.6 114 120.1 126.6 132.2 140.6 149 155.4 161.5 167.9 174.8 195.4 206 210.2 214.6 218.4 238.5 241.6 237.4 232.1 225.3 217.1 202.3 195.6 189.4 182.8 176.7 170.8 162.8 161.3 164.6 169.1 177 179.4 182.1 185.6 189.2 193.7 197.3 197.6 192.4 185.9 173.7 155.1 132.8 118.8 110.5 106 100.3 86 76.7 70.8 52.1
261.1 259.1 255.7 251.6 251 251.6 249.8 247.4 242.5 228.6 219.6 212 199.9 182.8 166.3 153.4 139.7 126.1 119.7 113.6 110.6 109.6 108.7 102.9 103.7 103.2 102 110.2 115.1 120 125.7 132.1 138.8 146 154.4 161.9 168.3 175.7 195.7 205.5 210.9 213.1 214.9 231 240.8 236.8 232.7 226.4 217.8 201.8 194.2 187.4 180.6 174.4 168.7 162.6 158.1 161.2 166.4 172.2 174.6 177.8 182.1 185.7 188.5 191.3 193.5 189.7 180.3 156.6 139.3 126.6 113.3 107.2 102.6 96.7 81.8 71.9 66.1 48.3
258.2 254.6 251.8 248 248.6 249.2 247.1 244.8 242.8 234.4 219.7 213.6 204.4 187.7 167.2 154.7 144.1 129.5 120.6 114.8 110.7 108.8 107.8 105.9 98.6 99.6 108.2 111.8 115.8 120.3 124.7 131.9 139.7 147.1 155.1 162.1 167.7 178 196.6 204.2 207.1 209.3 212.4 224.9 238.8 236.3 232.3 226.2 218.5 201.9 193.9 185.9 178.4 172.5 166.8 160.4 154.1 156.2 161.6 169.3 171.6 173.1 177 180.9 183.3 186.5 188 184.2 162 143.6 132.1 120.5 107.8 101 98.5 92.6 76.2 67.2 61.8 46.9
253.4 249.6 247.5 245.2 245.1 245 243.7 242.2 240.4 232.9 218.7 210.3 203 189.7 170.6 154.3 145.6 133.9 123.6 116.4 111.3 107.9 106.7 104.3 98.2 99.5 109.9 112.7 115.7 119.8 124.4 131.4 139.3 148.1 155.2 161.4 167 179.8 196.3 201.7 204.6 206.2 209.1 216.3 234.7 235.2 231.6 225.3 218.5 203.5 193.7 184.7 175.8 169.4 163.9 157.7 150.8 151.2 155.9 162.7 167.4 169 173.3 176.2 181.9 185.3 185.4 174.4 142.2 131.3 124.4 115.7 105.4 96.9 92.7 77.2 70 62.9 57.1 46
248.9 245.3 244.3 242.1 240.7 240.2 238.5 238.3 235.8 229.3 217.1 206.2 200.7 192.7 174.8 155.5 146.4 137 125.8 118.7 113.7 110 105.5 99.1 96.9 99.5 108.4 111.7 114.7 118.6 123.4 129.8 138.3 146.8 153.6 159.5 164.9 179.9 195.7 200.1 201.9 203.4 205.6 208.2 219.8 232.9 229.5 224.5 217.8 207.2 198.6 185.2 173 165.9 160.6 153.8 148.6 148.4 153 158.8 164.9 167.2 172.1 175.9 179.4 180.6 176.9 164.7 133.4 124.9 117.3 108.4 101.7 94 81 72.5 64.8 56.3 44.5 43.6
244.2 241.7 239.1 237 237.8 235.9 233.4 232.3 229.7 225.4 217.9 206.1 198.3 192.4 180.2 159.1 148.1 140.6 128.3 122.1 116.6 112.3 108.1 96.5 96.5 99.6 105.2 109.7 113.4 117.2 122.1 128.6 136.8 144.3 151 156.5 160.6 178 193.8 196.9 198.6 200.3 202.5 204.6 207.1 215.5 227.3 222.7 217 209.2 200.6 190.4 178.2 166.1 159.5 152.6 147.8 146.6 150.6 153.5 158.1 163.7 169.5 171.3 173 173 165.7 154.7 127.3 118.7 109.8 101.5 95.2 85.9 75.2 66.4 58.7 49.9 41.4 42.8
240.5 238.4 236 233.4 232.4 231 228.6 227.2 224.6 220.4 216 211.5 199.8 187.9 180.9 162.4 150.4 143.6 132 125.3 119.6 115.2 106.9 94.6 95.9 95.9 102.1 108.6 112.1 115.7 120.4 126.9 134.5 141.6 148.1 156.4 159.8 177.4 191 193.5 195.1 197.2 199.3 201.5 203.1 204.4 210.5 216 215.3 209.1 203.1 195.1 183.4 169.5 159.3 153.2 148.2 145.3 147.5 148.9 150.9 158.8 163.9 163.8 162.6 161.4 156.7 148.3 118.8 115.7 104.8 94.5 86.6 79 71.8 60.4 53 40.4 41.2 41.8
235.8 233.8 231.2 230.5 228.3 227.3 224.7 221.4 219.1 213.5 212 210 201.7 184.8 179 169.6 153.4 146.4 135.4 129.1 124.1 119 113.9 103.9 94.4 91.7 99.1 106.7 110.6 113.6 118.4 123.4 131.9 139 145.5 151.8 154.3 170.8 187.6 189.5 190.9 193.2 195.9 198.4 199.7 200.2 201.2 208.4 211.3 208.4 204.6 198.3 187.3 170.6 159.9 153.9 148.7 145.2 142.8 143.9 146.5 152.1 156 156.8 154.2 152.8 149.2 140.6 113.6 108.6 97.6 87.7 80.8 74 64.4 54.5 39.9 38.2 39.2 38.3
230.2 227.3 226 225.5 223.9 221.7 218.1 215.7 211.8 206.8 205.3 202.3 198 182.5 175.6 170.6 158.4 147.4 139.1 132.3 127 121.3 116 111.2 106.4 97.7 89.5 105 108.6 111.1 115.5 121.2 128.8 134.3 140.3 145.4 150.6 165.5 182.1 184.6 186.8 189.4 192.1 195.1 197.2 197.3 199.6 207.5 210.2 207.7 204.2 199.3 187.4 170.1 159.5 153.1 148 144.6 138.8 138.5 142.2 146.8 149.7 149.6 147.1 145.5 141.9 132.3 103.8 96.7 87.3 79.2 74.4 66.8 54.6 36.7 37.6 37.8 38.1 38.4
224.4 222.7 221.4 220.8 219.1 215.9 212.2 207.4 201.9 198.7 195.3 192.7 186.8 173.1 169.5 168.3 159.6 149.6 142.5 136.1 129.8 124.7 119.2 114.1 107.2 101.2 91.4 100.1 105.2 110.1 113 119.4 125.7 130.7 136.1 140.4 145.4 157.6 177.5 180.7 183.3 186.1 189 191.9 194.3 194.3 197.9 206.5 209.4 206.5 202.7 198 184.6 170.2 158.8 152.4 147.1 143.1 138.5 133.7 139 142.4 143.9 141.2 139.6 138.3 134.6 122.2 97.8 86 77.8 71.2 67.1 55.1 37.4 36.6 37.5 38 38.3 38.7
221 218.3 217.1 217.2 215.1 210 205 199.3 192.4 188 185.3 176.6 168.9 163.5 162.7 162.1 158.3 152.3 145.5 139.2 132.7 127.4 122 116.5 108.2 101.9 91.4 95 102.7 106.9 111.4 117.3 122.4 127.3 132.6 135.9 140.8 154 173.4 176.8 179.5 182.3 185.2 188.1 190.4 192.7 196 203.4 208.5 204.9 200.8 195.5 184.9 171.8 158.8 152.7 147 141.7 135.4 129.4 136.1 139.6 138.6 134.2 133.1 130.6 127 110.7 86.7 78.8 71.5 65.9 59.9 36.3 37.2 36.5 37.5 38.1 38.4 40.3
217.6 214.9 213.8 213.1 211.6 207.3 202 195 186.9 180.8 174.6 168.2 161.8 158.1 157.2 156.2 153.9 151 146.1 139.7 133.3 127.4 118.8 117.2 111.3 106.1 94.7 89.7 98.3 105.3 110.2 114.6 119.1 123.9 128.8 131.7 136.2 152.3 169.8 172.9 175.6 178.5 181.4 184.5 187.9 190.5 193.8 199.9 204.2 204.7 200.9 194.7 184.9 174.3 159.7 152.8 147.3 141.4 133.5 124.3 131.9 133.4 130.2 124.4 125.5 123.5 117.5 89.3 80.1 72.9 66.4 60.6 37.8 36.9 37.2 37.3 37.6 37.5 40.1 35.7
214.7 212.5 211.6 211.1 209.7 206.7 203.3 201.2 196.4 189.9 178.7 169.6 162.3 156.5 150.8 149.8 145.1 142.3 138.9 136.7 131.5 129.8 126.2 120.1 114 107.6 101.9 95.2 93.9 103.1 107.4 111.6 116.3 120.5 124.5 127.3 131.8 142.9 165.8 169 171.9 174.9 178.2 181.5 185.3 189 192.3 196.9 200.9 204.8 201.9 195.3 185.6 175.3 162.4 151.9 145.2 139.4 131.4 114.8 123.7 125.6 121.5 114.3 114.6 113.1 81 76.8 73.6 67.8 60.9 45.1 36.9 36.7 37.3 37.4 37.3 37.1 35.4 37.7
212.6 211 210.3 209.8 209.9 208.2 208.3 207.7 206.1 202.4 192.9 180.6 168.1 158.8 155.4 152.7 150.6 148.2 145.8 142.1 138 133.1 127.5 121.4 115.5 108.3 102.7 94.5 91.7 100.9 104.7 107.4 114 117.4 120.7 123.4 125.9 135.4 154.6 165.2 168.6 172 175.2 178.7 182.8 187 190.5 195.5 200.8 206.2 202.5 196.3 187.9 176.5 163.8 153.6 144.1 135.7 126.4 110.6 115.9 117.2 113.5 105.1 102.1 100.3 76.7 75.7 69.2 63.2 51.6 36.9 36.7 36.5 37.1 37.7 37.3 36.5 35.3 40.4
209.8 208.2 208.5 210.2 211.3 212 211.7 211.3 211.2 210 206.9 198.4 186 175.4 162.3 157.6 155 152.5 149 145.7 141.8 136.6 129.4 122.8 116 108.1 102.3 94.6 90.1 99 102.4 105.7 110.8 113.7 117.2 119.1 121.5 127.4 146.8 162.8 165.9 168.5 173.2 177.7 182.5 186.7 189.5 194.8 205 205.9 203.5 198.2 189.6 176.5 165.2 156.3 146.6 134.3 121.1 108 103.3 108.7 101.9 94 91.7 87.7 82 72.6 63 55.7 37.5 36.7 36.4 36.3 36.6 37.2 39.5 36 35.1 41.9
203.5 204.6 208.2 211.6 214.2 215.6 215.3 216.4 216.9 214.8 214.2 211.7 202.3 192 180.8 170.2 163 158.7 155 150.9 146 140.3 132.8 124.5 116.3 107.6 102.3 96.6 86.8 97.6 101.2 104 107.5 111.5 114.2 115.8 116.6 122.7 137.8 161.6 164.9 167.9 170.8 176.2 181.1 185.7 188.2 192.3 208.1 208.5 207.8 201.8 190.9 173.7 165.5 158.7 146.7 133.9 119.2 105.1 87.1 98.8 91.2 81.3 79.2 75.9 71.1 64 59.1 42.9 36.3 36.5 36.7 36.6 36.6 38.7 36.8 36.3 35.3 44.6
200.9 205.8 210.7 215.2 219 223.3 228.9 233 231.7 227.9 221.6 217.5 213.1 206.7 197.3 189.5 182.8 177.2 171.3 164.9 155.1 144.8 135 125.6 118.1 108.8 103.1 100.5 87.1 93.9 99.5 102.4 105.6 108.6 111.9 111.8 117 123.1 139.3 159.4 163.4 166.8 169 174.4 180 184.2 184.4 191.5 209 210.2 209.6 202.7 191.5 170.1 161.6 156.8 145.5 130.4 115.8 99.6 86.6 87.9 81.5 73.1 66.4 64.3 60.8 58.9 45.9 36.4 35.7 35.9 36.2 36.4 36.5 36.7 37.1 35.8 37.4 48.2
202.7 208.3 213.6 219.8 225.3 232.5 239.7 246.6 247.2 243.2 234.5 223 216.5 213 206.9 202.1 196.4 192.5 188.7 180.6 167.1 149.6 136.1 125.2 116.4 108.6 103.8 100.4 84 93.4 99.3 101.3 102.4 105.7 109.2 113.4 116.7 122.9 139.2 157.8 161 163.4 167.4 172.5 177.5 180.8 180.8 182 201.1 203.5 208.6 202.2 191.6 160.2 149.4 147.2 141.1 123.3 109.8 90 78.2 75.8 71.3 64.8 58.8 56.8 53.3 42.7 36.3 35.5 35.3 35.5 35.8 36.1 39.4 37.3 37.6 34 43.9 54.5
206.4 212.6 219.9 227.8 234.3 240 247.4 255.1 258.9 256.1 245.7 232.1 219.4 213.9 209.7 205.8 202 197.7 195 187 172.5 151.5 136.4 124.4 115.6 108.4 103.5 100.1 88.7 84 96.2 98.4 102.5 106.7 109.4 112.6 116 122.3 140.3 155 158.4 161.3 165.1 170 174.3 177.5 176.2 175.3 178.8 192.1 196.2 191.7 185.1 155 136.6 126.7 124.7 106.4 84.9 76 68 62.7 61.1 57 50.8 40.2 36.9 36.9 36.8 35 35.2 35.3 35.5 40.1 37.2 38.2 37.8 40.6 52 61.4
212 221.2 226.5 235.7 240.9 244.1 248.5 255.4 263.3 264.5 255.6 241.5 224.8 214.4 208.9 204.9 201.8 198.4 194.9 189.1 172.7 151.2 135.5 123.2 114.6 107.8 102.8 97.3 85.8 84.8 97.4 99.2 101.1 106.2 109.2 112.3 115.2 122.4 139.3 150.5 154.9 158 161.5 166 170.7 173.7 170.9 168.4 169.7 177 175.8 169.6 166.7 146 122.3 105.5 95.4 77.6 68.8 62.5 59.5 56 52.3 45.4 36.8 36.9 37.1 37.3 37.6 38 35 35.2 37.6 36.3 37.2 34.3 40.5 52.5 62.4 68.4
214.9 222.9 230.4 238.2 243.7 247.1 251.9 259.6 264.3 265.7 259.3 248.6 232.4 216.1 206.4 202.9 199.8 197 194.1 186.1 168.8 149.4 139.4 123.1 114.9 107.4 103.3 95.6 83.3 89.5 96.7 98.6 100.3 105.8 108.9 111.3 114.5 121.2 135.4 148 151.8 154.6 157.4 161.6 165.5 168.1 164 161.9 160.1 156.8 150.8 143.6 141.1 135 116 90.4 76.6 65.3 58.9 56.3 54.8 49 38.4 36.8 37 37.1 37.3 37.5 38 38.6 38.3 36.2 36.1 36.5 33.2 43.2 55 65.4 75.5 80.7
217 225.1 233.8 243.9 249.7 249.8 253 259.3 264.9 265.4 262.3 252.9 241.1 222.3 206.4 200.7 198.5 195.4 191 181.9 165 152.5 142.8 123.9 114.8 106.2 101.1 91.2 77.8 96.4 96.4 98.7 102.1 106.1 108.8 111 113.7 118.2 128.4 145.1 148.6 150.7 153.1 149.7 149.7 155.8 161.3 157.9 148.9 133 125.3 117.5 112.8 105.8 92.3 73.9 65.9 61.2 56.2 53.7 51.8 42.1 36.7 36.5 36.8 37.3 37.5 37.8 38.2 38.4 38.6 37.3 36.4 33.4 45 58 68.7 78.7 84.9 89.4
220.5 228.7 237.9 247.2 250.4 251 253.8 257.3 263.3 264.7 263.5 257.5 246 232.5 211.9 197.4 195.6 194 188.2 178.6 162.5 148.7 139.8 123.2 112.1 103.2 94.5 83.7 79.8 96.3 97 100.1 104.2 106.8 108.7 111 112.1 114.8 118.6 124.1 127.1 127.3 125.1 123.5 123.7 129.3 136.9 130.6 116 106.9 99.1 93.2 89.1 82.3 74.3 64.7 59.4 56.5 54.1 46.2 41.3 36.6 36.3 36 38.1 37.9 37.8 38 38.1 38.9 38.2 33.4 36.7 47.9 60.2 72.4 81.8 87.1 92.4 97.1
226 233.8 241.8 248.7 251.3 253.1 252.9 256 258.4 262.2 262.8 259.4 250.7 242.5 219.1 197.7 191.3 191.2 185.4 174.2 157.2 141.5 131.9 120.1 110.2 99.8 86.8 73.7 91.4 97.9 100.5 103.3 107.5 110.6 110.6 109.9 110 111 112.7 112.9 112.1 108.8 105.5 105.8 107.2 110.8 110.6 105 99 93.1 84.2 78.4 73.7 70.6 66.2 57.8 54.8 53.7 50.7 40.7 36.8 36.5 35.7 35.4 39 38.5 38.1 38.3 38.5 35.6 33.2 42.9 53 61.3 73.7 85.2 89.2 94.4 100 105.3
