app/static/ascii/SN71.asc
ncols 200
nrows 200
xllcorner 270000
yllcorner 210000
cellsize 50
[rows 105 to 139 of 200, columns 78 to 155 of 200]
252.8 254.9 255.5 255.1 253.9 251.6 238.3 224.5 236.8 250.1 255.2 260.7 266.6 272.9 278 281.9 284.5 286.2 287 286.7 285 282.6 277.9 275.2 275.2 274.6 273.9 275.3 275.8 275.8 276.4 276.1 276.4 276.7 275.7 272.8 263.7 265.9 270.4 272.8 273.9 275.8 278.8 281.2 283.9 286.2 288 289.1 293.2 293.8 296.4 298.8 299.6 299.8 301 300.4 283.9 268.8 257.1 247.5 225.8 221.3 233.2 253.2 259.7 264 268.6 271.8 275.9 282.7 291.9 299.4 310.2 322.5 330.4 327.4 324.4 324.8
246.4 247.8 247.2 247.2 246.4 242.7 226 231.4 244 249.4 254.6 259.8 265.6 271.7 276.9 280.5 282 283.5 284.8 285.4 284.1 281.1 276.7 271.9 271 270.1 270.7 272.6 273.4 273.8 274.2 273.7 273.1 271.8 270 266.2 256 261.8 266.4 267.6 268.4 272.2 275.3 278.1 279.5 281.1 283.4 284.6 288.3 290.6 291 292 293 297.8 303 303.6 285.5 266.5 253.1 244.4 220.6 220.4 239.2 257.8 260.4 263.3 267.6 270.7 273.3 280.8 289.6 298.8 311.9 321.8 321.9 319.9 318 319.7
237.5 238.2 237.3 236.7 236.4 233.9 220.2 232.4 242.3 246.9 250.9 256.3 261.6 267.6 273.1 275.6 277.8 278.4 279.8 281.3 282.2 278.9 273.4 267.5 266.2 265.3 266.4 267.9 268.7 269.6 269.3 269.2 269.6 267.6 264 261.5 252.6 257.7 262 264 264.8 266.9 269.2 272.4 275.6 278.7 280.8 282.3 283.2 284.9 285.6 286.7 287.9 291.1 296.1 295.6 283.7 265.3 248.5 234.6 216.1 216.3 237.2 258.4 260.1 261.9 265.1 268 272.3 277.8 288.2 301.9 311.9 315.4 314.6 312.2 312.3 315.9
232.3 230.5 229.6 228.9 228.9 223.1 222 235.2 240 244.2 247.8 252.1 256.9 261.6 267.7 270.6 272 273 274.1 275.5 277.4 274.8 268.4 265.5 263.3 261.3 261.6 262.5 263.8 264.7 265 264.8 264.2 260.3 259 256.9 251.1 254.9 258.1 260 261.9 264.3 266.4 271.8 275 277.4 279.2 280.1 279.4 280.2 281.2 282.9 285 286.7 288 284.8 276.1 263.6 245.5 218.8 224.5 220.6 247.8 259.3 260.5 262.2 263.6 265.6 271.2 278.2 289.8 302.1 307.2 308.9 307.7 305.6 308 314.1
223.5 223.5 222.2 221.7 219.6 215.2 225.6 231.9 236 239.9 243.7 246.8 250.9 255.1 259.3 262 263.3 264 266.1 269.3 270.9 269.1 263.1 262.4 259.9 257.3 256.3 257.5 258.6 259.5 259.4 259.2 256.9 255.6 252.6 251.4 244.3 251.4 254.9 256 257.9 261.4 265.4 269.7 272.3 273.6 275.2 275.3 275.8 276.1 276.5 278.4 280 280.3 279.5 277.6 273.6 262.6 241.8 212.1 233.5 248.4 257.6 260.4 263.3 261.5 262.5 265.9 276.1 284.3 293.8 298.4 300.5 301.9 298.9 299.4 305.3 311.6
216.8 216.2 216.3 214.2 213.8 223.4 226.3 230.6 234.7 236.9 238.1 240.6 244.5 247.6 249.7 251.9 254.6 256.7 259.1 262.4 264.9 261.8 259.8 257.4 254.9 252.4 251.5 252.2 253.2 253.7 253.7 252.3 251.2 250.4 249.5 249.6 242.8 248.6 250.7 251.9 253.3 257.8 263 266.8 269 268.8 269.7 270.6 270.9 270.6 271.2 272.7 274.3 274.4 273.6 271.3 269.1 266.1 234.5 208.1 238.9 255.2 257.8 257.8 257.2 257.9 261.7 268.2 275.1 284.9 291.7 294.7 294.1 292 293.1 297.7 301.9 309
212.4 212.9 212 209.3 215 217.7 220.9 224.4 228.2 230.3 230.7 233.7 237.5 240.5 243 245 247.5 250.6 255.5 260 260.6 255.8 252.4 251.6 249.8 247.6 246.8 247.3 248 248.4 248.4 247.9 247.4 247.2 246.6 245.7 237.5 243.9 246.5 247.5 249.2 252.7 258.2 261.7 263.4 263.8 264.8 263.7 265 266.4 267.2 268.7 268.5 267.9 267.2 266.6 265.7 263.4 231 211.3 248 253 254 253.8 253.8 255.5 260.3 267.4 278.1 284.1 288 288.7 285 285.2 288.1 295.1 298.5 305.1
207 206.7 205.7 210.7 214.2 216.3 218.1 219.9 220.5 222.6 224.2 226.3 230.6 233.8 236.6 237.5 239.3 243.7 249.8 251.7 253.8 246.3 244.1 244.2 242.9 242.5 242.9 242.8 243.2 243.6 243.7 243.4 244.1 244.2 243.6 242.3 234 240 243.4 245.7 249.2 251.5 253.6 257.1 258.5 259.1 260 260.8 260.4 261.8 262.9 263.3 263.7 263.6 262.7 263 262.5 259.4 226.3 228.9 243.6 247.9 249 249.6 251.3 254.3 258.1 268.3 276.4 281.3 284.2 284.2 284.7 286.5 285.8 292.7 295.6 300.8
201.7 203.7 208.2 211.4 214.4 216.5 218.2 220.5 222.2 225 226.9 227 225.1 226.7 229.8 231.2 232.7 237.6 242.3 244.9 247.7 242.7 236.4 235.9 236.3 238.6 239 238.5 238.6 238.7 238.9 239.3 240.3 240.2 239.6 238.4 234.2 237.4 241.2 244.4 248 251.8 254 255.8 256.2 254.9 255.5 256 256.4 256.7 256.6 256.7 257 258.7 259.1 259.7 260.2 255.1 221.6 220.9 237.1 244.1 246.4 247.6 249.7 257.2 263.9 270.8 276.5 280.4 282.4 283.8 285 287.2 287.2 289.2 293.1 295.3
209.4 209.8 210.5 211.3 213.1 215.1 217.2 218.7 219.4 219.1 220.7 222.2 222.1 222.8 225.9 226 227.3 231.9 236.6 239.7 240.2 236.1 229.5 233.5 234.8 235.6 235.1 234 233.9 234.1 234.3 235 235.6 235.6 235.4 234.4 228.6 234.9 236.8 240.9 244 247 248.8 250.1 251 250.7 250.2 250.6 250 249.2 249.2 247.7 251 255.1 255.9 257.6 256.4 249.7 214 217.1 237 243.2 246.1 247.6 249.9 256.7 264.6 271.7 276.5 278.4 279.5 281.1 284 286.8 289.4 289.6 288.9 289.4
209.5 211 211.9 212.7 213 213.1 214.4 215.5 215.1 217.2 219.4 220.1 220.7 222.1 225.6 227.1 226.6 226.8 230.9 233.2 233.7 230.2 232.3 233.4 233.5 232.6 230.3 229.2 229.3 229.6 230 230.4 231 231 231 229.6 224.7 231.7 233.8 234.7 237.5 239.6 241.5 243.1 243 242.1 243.2 243.4 240.1 239.4 241.4 242.7 244.2 245.9 248.5 249.1 247.5 241.6 206.1 215.1 235.7 242.3 241.9 245.8 251.1 256.1 261.1 268.2 271.6 272.6 273.6 276 278.1 280.3 283.9 286.2 287.8 285.6
208.1 209.5 210.4 212.1 213.2 212.8 212.7 213.2 213.6 215.8 218 219.5 218.8 219.5 220 220.7 221.1 221.5 224.4 226 227 226.9 229.6 228.9 227.2 226.3 225.1 225.1 225 225.2 225.6 225.9 226.2 226.7 226 223.9 223.3 229.1 230 229.4 229.5 232.2 235 235.8 235.7 235.3 234.4 233.5 237 243.3 245.7 245.8 246 242.2 236.6 241.6 241.3 228.1 204.2 217.8 231.4 236.4 239.1 242.3 250.6 256.8 262.3 265.9 267.8 267.9 269.7 271.4 274.7 280.6 282 285 282.7 280.1
206.2 206.8 207.4 208.4 209.7 210.8 211.7 212.6 213 213.4 214.4 215.8 216.2 216.9 217.2 217.1 215.2 215.7 217.3 219.6 220.9 221.7 222.9 221.9 221.7 221.2 222.9 222.9 222.5 221.6 219.1 219.8 220.8 221.5 223.2 218.6 222.3 225.9 227.1 227.7 227.5 227.2 227.8 227.8 228.2 228.8 231 234.6 238.5 241.8 243.9 237.2 235.8 233.6 222.8 233.5 227.5 193.1 221 227.3 235.1 235.5 239.4 243.3 247.6 254.9 260 263.5 264.7 264.4 263.9 265.6 270.3 274.6 277.8 279 277.2 277.5
201.9 202.6 203.4 205.2 206.9 208.8 210.6 211.9 212.1 212.5 214.2 214.7 214.7 213.6 212.5 211.5 213.5 213.6 212.5 214.4 214.2 216 217.7 217 219.6 221.8 219.8 218.7 216.5 214 214.2 216 218.2 219.7 218.7 216.6 223.7 225 225.6 226.3 226.1 225.7 224.6 224.4 225.3 226.4 229.7 233.3 234.6 232.4 226.5 227.1 225.6 220.9 207.7 218.3 211 200.6 223.1 228.7 232.1 234.6 239.1 246.4 250.5 253.5 255.5 256.5 257.9 259.2 259.8 264.4 269.9 271.7 273.8 276 276.8 278.8
199.1 200.2 201.9 203.5 203.7 205.7 206.8 209.1 208 209.8 211.2 211.9 211.9 210 208.3 207.8 208.9 207.7 207.8 209.3 208.8 209.1 209.7 216.7 216.2 213.9 210.8 210.7 210.5 211.3 213.2 215.6 216.9 217.5 215 218.2 220 220.8 222 223 222.7 222.2 221.1 222.8 223.9 223.3 224.8 227.5 221.1 213 215.2 212 212.8 209.9 196.8 201.5 191.9 215 227.3 232.3 234.2 234.6 239.4 247.3 253.2 257.3 255.6 255.7 256.4 257.3 258.3 260.6 268 270.3 272.4 274.4 275.5 276.3
195.3 195.3 196.3 197.3 199 200.4 201.3 201.5 202.7 203.8 205.5 207.8 207.8 205.8 203.8 202.9 203 203.5 204.1 205.1 204.5 205.2 206.8 207.9 207.5 208 208.4 208.2 208.9 211.9 213.6 215.2 215.5 215.2 212 214 215.1 212.4 213.2 215.7 215.6 215.6 217.3 220.1 220.3 220.1 216.8 210.2 202.2 200.5 203 205.9 205.7 203.7 192.5 184.8 208.2 220.7 228.1 232.5 235 237.4 242.3 247.4 249.6 254 254.6 254.5 255.3 256.4 257.6 262.6 266.7 270.1 273.5 276.4 277.6 275.7
189.4 191.1 189.3 190.3 193.6 196 198.4 201.1 201.1 202.2 202.5 203.9 203.2 200.8 199.5 199.3 199.5 201 201.6 201.5 202.2 203.2 204.3 208.3 207.4 207.8 204.9 206.6 209.7 212.7 213.5 213.1 212.8 210.1 210.1 209.9 210.7 208.8 209.2 209.1 208.7 210.7 213.2 214.6 215.2 211.1 205.5 192 187 182.5 190.7 196.4 195.6 186.1 190.5 209.2 220.4 226.8 230.5 232.2 232.6 235.5 241.3 246.2 250.3 251.1 251.6 252 253.4 255 257.2 263.2 266.2 270.1 273.4 274.8 273.7 271.3
184.5 184.5 185.6 186.3 188.1 191.3 193.6 195.1 194.8 196.5 195.2 195.4 194.7 195.2 196.9 198.4 199.2 200.2 201.2 200.4 200.9 202.2 206.1 208.7 207.1 205.6 203.3 207 210.3 211.8 210.5 209 203.8 206.3 207.7 207.6 206.6 205.7 205.6 206.7 207.6 209.3 211 212.4 207.8 198.7 194.3 179.9 175.8 178.5 178.5 177.6 185 203.6 208.8 219.7 227.5 226.6 226 227.3 228.8 232.9 238.4 243.9 247 248.1 248 248.2 250 252.7 255.9 259 261.7 264.5 266.5 267.5 266.7 265.4
182.4 185 189 189.9 187.7 187.5 188.8 189.9 189.5 190.3 191 191.5 192.6 194.8 199.2 199.5 199.3 200.2 199.9 198.7 199.7 201.4 204.4 206.2 205.3 202 200.9 203.2 204.6 204.1 203.4 200.8 202.5 204.4 205.3 205 204.6 204.2 205.3 208.7 212.2 213.7 215 216.1 206.7 199.8 188.7 172.6 178 188.9 209.8 215.3 221.6 223.2 224.6 225.5 224.3 223.1 223.9 226.3 228.3 231.4 236 240.8 243.2 244.5 245.7 247.1 250.3 254.1 257.5 257.8 257.4 258.6 259.2 259.7 258 255.4
186.9 188.9 189.8 191.5 191.9 190.9 190.7 191.3 191.6 190.4 191.1 191.6 192 194 195.8 196 196.1 195.9 196.3 197.2 198.6 200 203 205 202.3 200.2 198.6 199.8 199.2 199 197.4 199.9 201.6 202.5 203.2 203.3 203.2 204.1 206.1 209.7 211.8 213.3 214.3 214.6 210.8 199.4 187.4 175.3 184.5 209.5 214.3 216.1 219.4 222 221.8 221.1 221.3 222.3 224.7 229.6 233.8 237.8 242.3 246.1 248.2 248.3 248.7 248.1 247.5 249.9 251.8 251.8 252.4 252 250.7 250 250 249.7
175.4 182.7 187.9 190.6 191.2 191.7 192.2 192.5 192.6 192.7 191.1 190.9 190.5 189.4 189.4 191.8 194 195.4 196 196.4 196.9 197.6 198.2 196.7 196.4 196.5 196 196.7 196.7 196 195.3 199 200.2 201.2 201.3 201.8 203.5 205.5 207.6 209.3 211.1 212.1 212.5 212.7 207.4 196.2 180.8 171.9 198.9 212.7 215.3 215.8 216.4 217.7 217.5 219 220.7 224 229.4 233.6 237.6 241.7 246.1 249.4 250.3 250.1 249.7 249.1 247.8 246.3 246.1 245.8 244.8 244.4 245 245.9 246.9 246.7
175.5 175.6 183.1 187.7 190.3 191.1 193.4 193.4 193 191.1 189.6 188.3 187.6 186.7 188.4 190.5 193.9 195.5 196.4 196.8 197 196.7 194.9 193.6 192.6 193.2 190.7 192.7 191 193.7 197 198 199.1 200 200.4 201.5 204.3 206.8 209 210.7 211.3 211.7 212 212 207.2 184.3 171.8 176.2 200.7 210.6 212.7 213.2 213.3 214.8 215.9 219.8 224.7 228.3 232.7 236.8 240.5 243.9 246.9 248.5 248.4 247.7 246.8 244.8 242.7 241.7 241 241.6 242.5 243.7 245.1 247.5 249.4 247.5
175.6 175.1 175.6 180.1 186.4 188.4 189.9 191.6 192.1 189.6 187.7 185.5 184.8 185.8 187.7 189.1 191.4 193.3 194.5 195.5 195.4 191.7 190.3 188.8 187.7 184.8 189.9 190.2 190.8 195 196 197 198 198.9 199.5 200.5 203.4 206.1 209 210.9 211.5 211.6 211.2 211 204.6 180.5 168 195.3 200.7 206.1 208.3 209.2 210 212.6 216.5 220.6 224.9 228.8 232.9 236.3 239.5 242.3 244.3 245 244.2 243.5 241 239.5 238.5 239 239.6 240.6 241.5 243.6 246.6 248.5 247.7 244.9
175.4 175.1 175.4 175.5 175.9 180.3 183 184.1 184.5 185.4 183.9 181.4 183.4 184.9 186.2 187.7 188.6 188.8 188.4 188.4 187.3 185.6 182.9 184.8 192.5 193.6 194.6 195.5 195.7 196.9 197.9 198.9 199 199.1 200 200.3 201.4 204.3 206 208.1 208.7 208.5 208.7 207.6 198.2 185.6 168.4 191.4 198.9 202.3 203.6 205.3 207.3 210.4 213.5 217 221 225.2 229.4 232.9 235.9 238.1 239.7 240.3 240.2 238.8 237.2 237.1 237.4 237.8 238.2 239.8 240.5 242.3 244.2 245.2 243.7 243.2
175.4 175.3 175 174.6 174.4 174.6 175.9 178.4 180.8 181.7 179.2 178.9 181.4 183.7 185.7 185.3 185.1 184.6 182.1 180.2 177.9 179.7 188.7 191.6 192.3 193.2 194.2 195.1 196.2 197.7 199.6 201.4 201.6 201.4 201.6 200.8 200.6 201.1 201.6 202.6 202.8 203.2 203.5 202 189.2 176.5 166.2 177.2 197.4 199.7 199.8 201.5 203.7 206.5 209.1 211.7 215 217.9 222.2 226.8 230.7 233 235.3 236.7 237.1 236.1 235.7 235.6 235.5 235.8 235.7 235.2 235.5 237.3 239.8 241.7 242.3 243.1
175.5 175 174.5 174.7 174.4 173.3 173.6 173.6 174.5 174.8 173.7 175.3 178 182 184.5 182.4 182.8 179.4 175.1 185.7 188.4 190 190.3 190.4 190.8 190.9 192 193.3 194.7 196.1 197.2 198.6 199.7 200.6 200.9 200.2 199.3 197.8 196.9 197.7 197.4 197.1 196.8 192.8 180.7 171.7 167.3 188.2 195.5 197.2 196.8 198.8 200.1 202.4 205.1 209 211.2 214.7 219 223 227.8 230 231.2 231.9 233.8 234 232.6 231.9 231.9 232.2 232.4 233.8 237.3 239.8 242.2 243.4 244.2 244.9
174.8 174.7 174.2 173.8 173.7 172.4 170.5 170.1 169.9 170.6 170.9 173 175.9 179.5 180.7 180.2 179.4 173.8 181.2 184.2 187 188 188.2 188.1 188.5 189.1 190.1 191.4 192.1 193.1 194.2 195.2 195.9 196.8 196.9 195.8 194.6 191.6 192.1 192.8 192.5 191.7 189.1 178.5 172 163.6 168.8 177.3 181.9 186.8 195 196.5 199 200.8 203.3 206 209.3 214 218.5 221.8 225.8 227.5 229.4 230.2 231.1 230.3 229.5 229.4 230.7 231.3 231.9 235.3 238.6 240.8 243 245 245.7 244.5
175.2 172.8 172.9 172.8 173.3 171.6 169.4 168.8 168.2 168.1 168.6 171.4 175.6 178 177.4 176.6 173.3 171.8 178.2 180.7 184.1 185.4 185.9 186.8 187.6 187.9 188.5 189.2 189.6 190 190.8 191.8 192.1 192.3 192.6 191.5 191.2 190.6 190.1 189.8 188.1 184 177.4 169.3 165.3 171.4 182.3 186.3 195.8 194.7 195.9 198.9 200.2 201.4 202.8 204.3 208.5 213.7 218.6 222.5 224.6 225.8 226.6 226.8 227 225.6 228.1 229.4 230.6 231.6 234 236.6 239 241.5 243.8 245.6 244.7 241
180 176.4 172.8 171.1 170.8 171 169.1 167.9 167.1 166.1 166.6 169.6 171.7 172.6 172.4 171.3 170.1 170 171.1 176.5 180.9 184 185.8 186.4 186.6 186.5 187 187.4 187.8 188.1 188.8 189.1 190.7 192.4 192.7 191.8 191.3 190.4 189.3 187.5 181.3 175.2 170 164.4 162.3 176 188.6 193.8 195.6 196.5 198.6 201.5 205.8 205.2 204.4 205.2 209.1 215.3 218.5 220.1 221.8 223.5 223.5 222.7 223.3 225.4 227.5 228.8 230.6 233 235 237.3 239.6 241.6 242.7 243.3 239.7 235.5
183 180.1 176.2 173.5 171.6 170.4 170 167.6 166.6 165.5 166.1 167.7 168.2 166.9 166.7 167.2 167.8 168.2 168.5 170.8 178.2 182.6 185.4 186.4 185.6 185 185.2 185.6 185.9 186.6 187.7 189.5 191.2 192.5 193.1 192.7 191.3 189.8 187.9 179.1 171.3 164.9 159.2 159.4 170.5 181.2 186.5 191.7 194.6 196.6 199.6 202.3 208.4 211.4 209.3 207.4 210 216.3 218.5 219 219.4 220.1 219.5 220 221.8 224 225.6 227.6 230.2 232.9 235.4 237.9 239.3 240 239.9 237.1 235.3 234.6
183.6 182.2 178.5 175.7 173.2 172.6 170.9 168.6 166.8 165.6 165.9 165.9 164.9 164.8 165.2 165.8 166.4 166.8 167.3 167.1 175 180.3 183.6 184.1 183.5 183.2 183.4 183.7 184.2 185.2 186.7 188.3 189.9 191.3 192.3 192.5 191.3 188.3 183.4 169.3 161.5 158.7 158.1 166.8 185.1 189.4 191.3 192.9 194.8 196.9 199.8 201.8 204.7 208.8 212.6 211.2 210 214.9 216.4 216 216 216.4 216.7 218.3 220 221.7 223.4 225.8 229.4 232.5 235.4 236.9 237.2 234.8 233.8 233.4 234.6 234.5
185.7 182.7 181.2 177.3 174.6 172.3 170.5 169.4 167.9 166 164.9 164.3 164.4 164.1 164 164.6 165.1 165.5 165.6 165.3 168.6 176.8 180.2 181.4 181.5 181.2 181.4 181.9 182.7 183.7 185 186.7 188.2 189.6 189.8 189.5 188.1 184.9 168.8 159.2 155.9 153.8 164.5 191.6 192.9 194.1 195 195.7 196.2 196.1 198.9 200.9 202.7 205.7 209.8 213.8 211.7 212.2 213.7 214.3 215.2 215.4 214.9 216.4 218.1 219.8 221.6 223.9 227 231 233.3 234 231.6 232.7 233.9 234.4 233.5 232.4
188.8 186.1 183.9 181.2 177 174.4 171 170.6 169.7 167.4 166 165.2 164.4 164 163.8 163.9 164.3 164.5 164.1 164.1 169.7 175 177.9 179 179.1 178.9 179.3 179.8 180.9 182 183.1 184.6 185.6 186 185.7 184.8 183.7 181.6 156.8 154 155.9 168.3 181.3 194.2 196.8 196.6 196.6 196.8 197.1 197.6 198.7 199.8 201 204 210.2 215.9 214.7 214.2 214.3 214 211.2 212.6 213.1 214.4 216.2 218.2 219.6 221.5 223.4 226.6 227.3 225.8 229.7 232.8 233 232.2 231.4 229.9
190.5 188.1 186.1 184.1 183.2 181.5 179.6 177.2 171 169 167.7 166.2 165.2 164.4 164.1 163.8 163.6 163.9 163.8 162.7 166.5 172.4 176.6 177.2 176.9 176.4 176.7 177.8 179 180.2 181.3 182.3 182.6 182.6 182.2 181.5 180.6 162.4 151.8 159.3 174 188 192.2 195.8 196.6 197.1 197.3 197.3 197.5 197.8 197.5 198.5 200 203.1 209.6 215 216.8 216.1 214.8 212.7 209.8 210.6 211.9 213.3 215.2 217.3 218.7 219.3 220.8 221.8 222.6 228.1 230.4 230.4 230.1 229.9 228.4 226.8
191.4 190.4 189.3 187.1 187.1 185.9 183.8 180.4 176.5 171.3 169.5 167.3 166.4 165.7 165.1 164.6 163.5 163.1 162.2 163 165.5 168.9 172.9 173.9 173.4 172.9 173.7 175.8 177.3 178.5 179.5 180 180 179.6 179.3 178.5 175.6 151.9 159.2 174.1 184 189.6 193.5 196 196.4 197 197.2 197.1 196.9 196.7 196.3 196.7 197.9 201.3 207 213.1 214.9 214.4 213 209.6 208.8 209.8 211 212.5 215.1 217.1 218.8 220.4 222.8 225.3 225.6 227.5 227.9 228.7 228.8 227.9 226.2 223.7
