app/static/ascii/SN72.asc
ncols 200
nrows 200
xllcorner 270000
yllcorner 220000
cellsize 50
[rows 35 to 69 of 200, columns 0 to 77 of 200]
42 42.2 42.4 42.4 43.6 44.7 44.9 45.1 45.2 46.8 49.6 50.9 52.2 53.4 55.3 56.1 56.7 56.3 56.3 55.6 55.8 56 54.8 54.4 52.1 50.1 49.3 48.8 51.1 50 50.2 50.8 50.8 51.1 52.1 53 55.9 55.5 54 54.9 55.6 55.9 56.2 56.4 56.7 57.1 59.1 60.9 63.4 68 72.6 76.6 79.7 81.2 82.2 82.8 82.8 82.3 83 87.3 92.1 96.4 102.3 106.4 110.5 113.6 118.3 123.1 127.7 132.2 130.6 125 120.2 122.2 121.7 118.5 111.6 103.7
41.3 42 42.1 42.9 42.8 44.5 44.9 45.4 45.2 46.4 48.3 49.4 51 52.1 52.9 54.3 55.8 56.6 55.6 54.3 52.5 51.7 50.5 48.7 48.3 48.4 48.6 49 49.4 49.9 50.1 50.1 50.2 51 52.7 54.6 55.6 54.7 54.8 55 55.3 56 56.7 57 57.2 58.3 60.4 63.4 66.8 70.9 74.9 77.8 79.9 81.6 81.6 82.4 82.5 82.7 88 91.6 95.6 101 105.4 110.1 114.7 118.7 122.4 128.4 134.6 137.3 135.8 134.7 135.3 139.6 140 134.7 129.4 122.8
41.9 42.2 42.5 42.4 41.4 43.5 43.6 43.6 44.7 46.3 46.4 48.7 51.4 51.2 50.6 52.6 55.4 56.5 54.9 52.1 49.4 48.6 48.5 48.6 48.5 48.6 48.8 49.3 49.8 49.9 50.2 50.2 50.2 51.8 53.1 54.2 54.1 54.1 54.4 55.7 55.9 56.2 56.5 57 58.1 59.9 60.9 65.1 69.7 73.7 77 79 80.3 81.5 80.8 80 81.3 83.1 88.1 94.2 98.5 102.4 107.1 112.8 116.9 121.6 125.6 130.2 135.7 138.3 140.2 142.8 147 154 152.4 150.4 151.9 146.6
41.7 42.5 42.5 43.1 43.6 43.7 43.4 44.3 44.4 45.6 46.4 48.4 51.1 50.9 47.7 48 51.7 52.8 51.4 50.8 48.8 48.9 49 49 48.8 49.1 49.7 50 50.1 50.1 50.1 50.2 51.5 53.7 54.5 53.9 53.5 54.9 54.4 57.4 57.7 57 57.3 57.7 57.9 59 60.7 65.8 70.6 74.9 77.9 78.8 78.7 77.9 78.8 80.6 82.2 84.9 89.3 94.1 100.2 106.1 111.7 117.2 120.2 123.4 127.4 131 134.6 138.3 141.7 145 148.3 154.3 164.4 165 161.4 157.6
42.7 42.8 42.5 42.7 42.9 42.7 43.6 44 43.8 44.3 46.5 47.7 48.8 46.8 47 47.4 48.3 47.7 47.7 49.2 48.3 48.8 48.9 48.9 48.8 49.8 49.9 49.7 49.7 49.6 50.2 51.7 54.9 55.3 54.5 53.3 54 54.3 54.9 57 58.8 57.9 58.1 58.6 59.8 60.5 61.1 66.7 71.2 74.6 77 77.2 75.9 77.5 80 81.7 83.4 86.1 89.4 95.3 101.5 107.7 113.9 118.5 122.1 125.6 129.2 132.6 135.8 137.1 139.4 142.4 145.4 147.6 155.1 150.8 144.4 141.6
43 43.1 43.7 43.6 43.8 44.4 42.8 44.9 44.5 44.3 46.7 46.8 47 47.3 47.5 47.5 48.2 47.7 47.7 47.7 47.9 48.7 48.7 48.7 49 49.3 49.5 49.3 49.5 49.9 52.3 55.7 54.3 54 53.7 53.3 54 54.9 56.3 57.8 59 58.8 58.9 59.6 60.3 61.2 62.3 66.3 70 72.9 74.3 74.5 75 78.6 80.1 82.6 84.4 86.2 88.6 94.6 100.9 106.7 112 116.9 121.1 126 130.5 133 133.8 133.2 132.6 137.4 139.4 141.1 144.2 144.1 137.2 131.7
43.1 43.2 43.8 44.5 44.6 44.5 43.5 43.4 45.2 45.4 45 45.5 47.5 47.9 48 48 48.1 47.9 47.9 48 48.1 48.2 48.4 48.7 49 49.4 49.7 49.5 49.5 52.9 55.4 54.7 52.9 52.8 53.1 54 55 55.3 57 57.8 58.5 58.9 59.4 60 60.7 61.8 63 64.7 67.8 69.2 70.9 71.2 74.2 76.7 79.1 81.8 84.8 86 87.5 91 97.1 103.4 108.4 112.9 118.9 124.7 127.8 129.2 129.3 128.7 130.4 131.4 134.4 133.1 133.2 132.1 129 125.4
43.2 43.3 44 44.4 45 44.7 44.5 44.7 45.3 45.2 45.6 46.8 47.9 48.3 48.4 48.5 49.2 49 48.3 48.4 48.5 48.5 48.6 48.9 49.2 49.6 49.9 49.8 52.3 55.8 53.6 52.5 51.9 52.7 53.4 54.7 56.6 56.8 57.5 58.1 58.7 59.3 59.9 60.5 61.4 62.5 63.4 64.4 65.4 68.1 70.3 71.3 74.4 77 77.2 79.8 82.9 82.8 82.4 86.2 92.9 99.1 104.4 109.9 115.2 118.9 121.7 123.7 124.3 124.5 124.4 125.4 127 126.7 127.1 126.7 124.1 121.3
43.2 43.4 43.8 44.1 44.5 45.4 45.3 45.4 45.4 44.9 46.1 46 47.4 48 48.8 48.9 49.7 49.9 48.7 48.8 48.9 48.9 48.7 49.1 49.4 49.9 50.1 51.4 55.2 55.4 52.6 51.8 52.3 53.1 53.9 55.5 56.7 57.7 58 58.8 60 61.6 61.6 61.1 61.7 62.5 63.4 64.5 65.6 66.6 70.6 73.6 74.3 75 74.4 76.7 79.1 78.3 79.5 82.7 88.1 93.9 99 104.4 109.7 113.1 116.1 116.8 117.4 118 118.2 120.1 121.5 123 124.4 123.2 120.9 118.8
43.9 44 44.1 44.4 44.6 44.8 45 45.2 45.7 45.1 45.9 46.4 46.9 47 47.3 48.1 49.7 49.9 49 49.1 49.3 49.2 49.1 49.1 49.6 50.2 50.2 50.7 51.2 51.4 51.4 52 53 54 55 55.5 57.6 58.9 59.2 60.7 63.4 65.1 65.6 64 62.9 63.6 64.1 64.9 66 67.4 69 69.6 70.5 71 71.8 73.6 76.4 77 78.2 81.7 85.1 89.7 94.3 100.1 104.6 110.4 112.9 113.1 113.9 114.7 115.4 115.8 116.8 118.1 119 119.2 118.1 116.5
43.7 44.4 44.2 44.5 44.9 45.2 45.4 45.7 46.1 46.6 44.2 46.5 47.3 47.5 47.5 47.8 49.7 49.6 49.4 49.6 49.7 49.6 49.5 49.3 51.9 52.7 50.8 50.9 51.1 51.4 53.1 54.5 55.7 57.4 55 56.5 56.9 59.2 60 62.7 63.8 65.7 66.9 65.7 65.8 65.6 65.4 66.4 67.4 68.6 71.9 73.6 74.2 74.7 73.7 73.3 75 78.7 79.6 83.4 85.3 88.1 91.9 96.8 103.2 108.6 110.7 111.1 111.6 112.6 112.7 113.9 114.8 114.6 115.8 116 116.4 116.3
44.6 44.2 44.4 44.7 45.3 45.3 46.1 46.8 47.2 46.2 47 45.2 47.3 47.7 48.1 48.4 48 50 52.5 50.6 50.1 50 50 51.8 54.3 53.6 53.8 55.8 57.6 59.8 62.5 63.8 64.8 62.4 60.3 58.3 57.6 58.3 60.5 63.1 63.2 65.1 66.6 69.3 70.7 70.4 70.1 72.3 73.5 73.9 76.3 79.6 80.6 81.7 80.5 79.1 75.3 76 77.3 80.8 82.3 85.5 89.6 94.5 100.4 106.4 109.3 107.7 109.4 110.4 110.8 111.3 112.1 115.2 116.9 116.4 117.6 119
44.8 45.9 45.2 45.2 45.4 45.8 47.1 47.5 47.4 47.1 46.5 46.5 46.3 47.7 48.7 48.4 49.1 55 59.1 55.3 50.7 51.7 52 53.4 55.5 56.5 60.5 64.5 65.7 67.2 69.3 70.2 70 66.5 62.6 61.7 59.6 59.6 60.3 62.1 64.6 66.9 70.2 73.4 75 74 75.7 78.4 79.7 81.6 82.9 83 85.3 88.1 87.5 85.3 81 80.9 80.7 82.2 83.1 82.7 87 92.2 97.9 103.6 106.6 104.3 106.5 107.3 108.6 109.2 112.2 114.8 116.1 117 118.4 118.8
45.8 46.1 45.8 46.9 47.6 48.1 48.3 48.4 48.1 48 47.4 47.3 46.4 47.5 47.9 48.4 50.3 55.1 59.8 55.7 51.2 53.7 53.8 55.7 58.1 63 67.6 69.9 71.5 73.7 74.4 74.9 73 68.3 65.6 63.8 60.2 62.4 63.3 64.7 68 71.3 74.8 77.1 78.6 80 83.2 85.2 87.1 89.2 90.9 91.1 92.5 92.6 90.4 89.7 87.6 85.9 84.7 85.6 86.8 85.8 84.3 90.9 95 97.7 98.2 99.5 99.9 104.3 106.7 109.8 113 115 116.1 117.3 117.8 117.9
46.1 46 46.9 47.6 48.3 48.7 49.3 49.3 49.3 49.2 48.2 48 47.4 45.4 48.8 49.3 52.1 55.4 56.7 53.2 51.3 52.8 54 57.3 61 68.2 74.1 76.2 76 78.4 79.7 78.9 73.2 69.3 66.6 63.6 61.7 63.7 64.7 65.7 70.3 74.5 77.7 79 81.4 84.8 88.6 91.6 93.5 94.9 95.3 96.1 97.6 97.3 94.8 94 93.2 91.4 89.4 88.3 89.5 88.6 85.2 85.4 89.5 90.5 91.4 93.5 99.3 103.6 107.6 110.5 112.8 114.2 115 116 116.4 117.9
46.3 46.9 47.3 47.7 48 48.4 49.2 49.8 49.1 48.9 48.2 48.4 48.6 47.2 49 50.6 54.1 54.2 53.4 52 53 53.4 54.9 58.2 63.2 69.7 75.5 78.5 79.6 81.8 82.5 78.5 73.2 69.3 66.6 63.6 64 64.7 65.6 67 70.1 72.1 73.3 77 80.4 86.9 90.3 93.9 95.8 96.9 97.5 98.6 102.1 102.3 98.1 97.9 96.3 95.6 95.7 94.8 92.7 91.7 88.9 87.7 88.4 89.7 90 90.8 98.9 104.3 108.1 110.1 111 112.6 113.7 115 115.6 118
46.7 47 47.4 47.8 48.2 48.6 49.2 49.7 48.3 47.9 48.2 48.5 48.6 48.8 47.7 51.6 52.7 52.6 52.2 54.1 55 54.4 55.5 57.6 62.3 68.2 73.3 77.3 80.3 83.1 81.7 77.6 73.5 69.5 66.3 66.5 67.5 70.7 72.2 71.9 72.1 72.5 77.6 82 83.6 83.4 89.5 94.5 97.5 99 99.8 102.9 106.6 106.7 103.3 102.9 101.7 98.9 98.9 98.4 96.6 93.1 90.1 91 91.5 92.8 91.5 91.6 93.8 100.4 103.7 106.1 110 112.1 112.8 114 115.3 117.8
47.1 47.4 47.7 48.1 48.4 48.8 49.5 49 47.6 47.9 48.5 49.5 49.2 49.9 48.2 50 52.7 52.9 52.6 56.1 53.9 54.2 56.5 58.9 61.2 65.7 70.4 74.8 78.4 80.9 80.2 76.5 72.6 70.3 69.9 70.9 74.7 76.1 76.7 76.1 77.3 78.2 82.7 86.9 89.7 88.5 93.5 96.8 99.4 102 103.4 107.4 109.1 110.2 110.1 108.4 106 102.3 99.5 99.2 97.5 93.7 93.8 93.6 93.5 94.6 94.3 94.7 95.4 95.6 100.1 104.2 108.2 110.7 112.3 112.9 114.4 115.3
47.1 47.3 48 48.3 48.7 49 49.8 47.9 47.5 47.9 48.3 49 49.2 49.8 49.6 47.9 51.6 51.4 52.2 52.8 52.8 54.4 57 59.6 63.4 66 68.5 71.6 75.9 79.8 78.7 75.8 74.1 74.8 75.7 76.6 78.7 79.4 79.7 81.2 83.2 84.9 86.8 90.5 92.4 93.6 97 99.8 103.5 105.7 107.8 110.6 113.5 114.6 113.6 111.7 109 104.8 102.3 99.3 96.3 95.4 95 95 94.8 96.1 96.2 96.8 97.3 97.2 99.7 99.4 103.5 107.1 108.9 109.3 110.3 110.9
45.6 46.4 47.6 48.3 48.9 49.3 48.5 48 47.1 47.4 48.7 50.6 50.4 49.9 50.1 50.3 50.8 51.8 53 53 52.8 54.9 57.2 61.3 64.4 69.7 72.7 74.9 76.6 78.6 79.2 77.6 77.5 77.9 80.3 80.2 81.7 83.1 83.4 85.4 87.3 88.7 89.5 92.8 93.9 96.1 99.5 103.7 107.2 109.5 112 114.6 116.7 117.4 116.4 114.4 111.5 107.4 103.6 100.3 101 102.8 98.9 97.2 98 96.7 98.1 99.9 98.4 99.9 101.9 101 102.1 102.7 105 109.9 109.2 112.7
45.8 46.2 46.9 47.5 46.2 46.6 46.6 46.5 46.9 48.6 50.9 51.8 50.9 51.1 50 49.5 52.1 52.8 53.6 53.3 53 55.5 58.8 63 68.7 73.4 76 77 78.4 78.9 79 79.4 79.9 80.5 81.6 82.3 83.6 85.9 87.2 90.5 92.9 92.3 91.9 94.5 95.3 98.8 103.7 107.3 111.4 113.9 115.5 118.3 119.5 120.7 119.2 116.9 114.5 110.9 106.6 103.1 103.8 105.9 105 104.7 103.3 105.6 105.1 106.4 101.8 102.2 105.5 105.4 104.6 106.2 109.3 112.2 113.3 113.9
46.1 46.4 46.9 45.5 45.8 45.8 49.7 56.6 61.2 61.8 60 56.3 52.4 51.3 51 51.7 53.7 54 53.9 53.5 53.2 56.3 61.8 68.6 73.4 75.6 77.1 77.2 77.6 77.9 78.8 79.8 80.3 80.4 82.1 83.6 84.7 86.9 89.5 93 96 95.7 94.5 95.6 97.8 103.1 107.9 112.4 116.1 117.7 119.2 121 121.6 121.2 118.9 115.9 112.8 110.6 106.7 101.7 105.2 106.6 106.6 106.9 104.5 107.5 108.6 108.6 104.6 104 107.7 109 109.6 109.4 111.5 115.6 117.1 116.9
45.6 45.3 45.5 45.3 47 53.4 59.4 63.2 62.5 60.8 57.6 56.6 57.1 51.8 49.6 53.1 53.9 54.8 54.5 54.5 54.9 58.5 66.7 71.4 74.1 75.4 75 75.1 76 77.2 79.1 79.6 80.2 80.4 82 83.9 85.6 87.5 90.8 94.9 97.8 97.7 96.2 96.8 101.5 107.1 111.6 116.4 119.3 120.7 122.5 123.8 122.3 119.1 116 113.1 110.2 107.1 104.4 104.8 106.6 108.7 109.2 108.9 110.1 111.3 111.3 110.9 107.6 106.2 109.1 111.5 112.2 112.3 114.1 116.9 117.4 119.9
45.3 44.6 45.2 46.4 51 57.8 60.2 58.5 56.9 56.2 57.5 59.9 59.9 52.3 52 53.4 54.2 56.9 57.7 58.3 60.9 64.1 69.6 71.3 70.4 71.1 71.7 73.5 75.6 76.9 78.1 79 79.6 80.3 81.6 83.4 84.5 86.7 89.4 93 95.6 95.6 95.6 98.4 103.8 109.1 113.8 115.9 118.5 119.8 119.8 119.8 118.4 115.8 113 110.1 107.9 106 106.3 108.4 110.5 111.6 112.3 112.5 113.6 113.8 113.7 113.6 112 109.1 110.8 113.6 114 114.3 115.5 118.7 122.5 125.5
44.4 44.6 45.4 48.9 57.8 59.3 56 55.7 57.2 57.1 61 62.6 56.6 50.5 52.3 53.7 54.4 58.6 62.8 64.2 66.4 69 69.5 67.6 67.4 67.5 71.8 74.9 74.6 76.2 77 77.6 78.9 80.5 83 83.7 84.4 85.4 87.8 90.6 92.1 92.8 95.7 99.3 104.2 109.5 113.6 114.3 115.7 117.1 116.5 116.2 113.9 111.2 109.3 108 106.6 107.1 109.3 111.4 113.5 114.4 115.3 116.3 117.4 118 118.1 118 117.7 115.9 113 115.7 117.7 117.9 119.9 123.1 125.5 128.4
44.7 45.1 45.2 55.5 61.7 55.1 54.7 57.1 58.8 60.9 63.7 65.5 57.2 51.7 52.6 53.3 54.9 58.2 67.5 70.2 71.3 72.1 69.3 65.6 64.9 67.6 71.8 73.7 73.3 74.5 75 77.3 78.4 80.2 82 82.8 83.7 84.3 84.9 87.3 89.7 92.2 95 98 102 107.5 110.5 113.9 117 117.5 114.8 113.3 110.5 107.9 105.8 105.5 106.6 108.9 112.3 114.4 116.5 117.3 118.9 120.1 121.2 121.8 122.4 122.4 121.2 118.2 116.9 117.2 120.2 123.6 125.3 126 128.2 135.1
44.9 45.4 47.8 57.1 54.7 54.5 58.9 64.6 61.9 61.1 65.3 67 60.6 50.9 53.5 54.7 55.3 57.3 68.4 74.2 74.8 75.1 69.9 63.9 63.8 67.3 69.4 69.8 70.3 72.6 75.5 76.9 78.1 78.5 79.4 81.2 82.5 83 83.7 85.8 89.7 92 94.8 97.2 100.4 105.3 109.7 114.4 117.9 116 113.1 111 109.5 105.9 103.9 105.5 108.7 111.6 114.4 117.1 119.3 121.1 122.5 123.7 125 125.7 126.2 126.2 124.1 121.8 121.1 121.8 122.4 127 127.6 128.5 137.2 144
45.9 47.9 50.5 51.7 54.5 61.6 71.9 69.3 67.5 63.7 66.5 70.3 67 56.7 53.4 55.2 55.6 56 59.4 64 63.2 61.2 59.1 59.1 60.8 63.8 66 66.7 70.4 74.1 74.8 75.8 75.4 76.3 76.5 78.3 80.4 81.1 80.5 84 87.2 90.9 93.9 96.4 99 103.3 106.9 110.9 112.2 112.4 111.3 110.4 109.5 106.7 105.1 109 111.6 114.4 117.3 119.9 122.3 124.1 125.9 127 128.1 129.4 129.9 129.5 128 127.9 126.5 127.2 127.7 129.5 132.6 138.2 145.4 152.4
49.4 52.7 61.1 60.2 66.4 71.2 71.6 71.2 68.9 65 70.5 75.3 73.8 68.8 57.3 54.3 54.9 55.2 55 53.8 54.7 56.5 57.5 59.1 59.6 60.2 62.9 66.9 69.9 71.8 69.3 66.3 72.2 78.4 79.7 78 77.5 77.4 79 82.3 85.6 91.5 94.9 95.8 97.1 99.6 102.4 104.5 105.9 107.6 108 108.2 107.9 103.7 105.2 110.2 114 117.2 120.2 122.5 124.9 127.1 128.8 130 131.3 133 133.1 132.3 130.7 132.5 134.7 136.1 135.2 132.1 138.6 144.5 152.5 160.4
49 56 61.4 62.6 67.9 71.8 71.5 70.4 69.6 67.9 71.7 76.4 77.9 74.7 68.1 60.3 54.4 54.6 56.9 57.4 57.5 57.2 57.6 59.1 59.8 60.4 61 62.1 62.6 63.7 66 70.1 74.8 77.8 80.5 81.2 79 77.6 79.1 82.6 87.1 93 95.4 93.7 93.8 96.6 99 100.5 102.1 103.6 104.3 104.3 102.9 101 107.3 111.4 115.2 118.7 124 127.7 129.6 131.2 131.6 132.7 133.6 134 133.1 132.1 132.3 136.8 138.9 141.1 136.6 135.7 143 150.3 160.1 170
51.6 54 55.5 60.2 67.9 71.8 70.7 68.7 67.4 67.6 72.1 77.4 81.9 83.1 77.6 69.8 63.6 59.2 57.5 58 58.6 58.3 57.5 58.8 59.7 60.3 61.2 62.1 66 68.2 70.9 71.7 72.2 75.1 80.4 82 80.7 78.8 77.3 81.8 87.3 92.1 92.4 90.2 91.4 93.9 95.8 97.6 98.5 99.9 100.8 99.9 98.9 100.9 107.2 112 115.6 120.4 125 129.5 132.7 132.5 132.5 130.7 130.1 130 129.4 128.8 135.2 139.8 143 144.6 142.3 141.7 145.6 155.4 165.6 177.3
58.9 61.5 62.2 62.2 67.8 68.5 71.6 69.4 67.4 68.4 74.5 79.5 82 83.3 80.4 75.5 70.2 66.1 58.8 58.9 59.2 58.8 57.9 58.8 59.6 60.4 61.3 62.2 66.2 71 72.4 72.9 75.3 76.3 78.9 82.9 83.7 82.6 80.4 79.6 83.9 86 87.4 87.5 89.5 90.3 92.8 94.6 96.8 98.4 101.1 99.7 97.4 101 106.9 111.3 115.7 119.9 123.8 126.6 127.8 128 127.3 126.6 125.6 126.1 126.4 128.6 137.2 141.9 145.9 150.1 147 147.1 150.4 156.8 170.5 183.1
64.9 67.8 70.6 66.7 65.2 69.9 71.3 70.6 69.2 70.7 76.4 78.1 80.3 81.8 81.4 78.2 74.9 73.8 72.5 66.6 60.7 60.2 59 58.6 60.4 61 61.5 62.1 65 69.2 73.9 75.9 76.4 78.5 80.3 82.7 85.7 85.9 84.9 83 83.1 82.2 83.9 87 86.2 87.5 89.6 90.8 93.4 96.4 98.8 96.3 99.1 103.1 107.4 111.5 115 118 121.3 123.2 123.2 121.7 122.3 121.5 121.8 124.5 127 130.1 133.8 141.6 148.3 153.1 152.6 154.1 157.1 157.3 168.6 179.6
72.8 78.8 79.3 72.1 67.9 71.2 73 73.5 72.9 76.1 77.9 78.9 82.2 84 84.5 81.9 79.6 79.7 81.1 76 68.3 67.5 62.1 59.5 59.3 61.3 62.2 62.9 64.4 68.6 72.1 73.8 76.8 81.9 84 85.6 87.3 87.6 88.3 87.3 87.6 85.2 84.9 87.7 86.7 88.5 88.1 88.7 90.3 91.2 92.7 95.7 100.7 105.2 109 110.4 112.8 115.7 117.3 116.9 116 117 117.5 119.5 122.4 125.1 128.5 134.9 141 142.8 145.3 157.6 159 157.8 162.4 164.6 166.3 176.4
81.7 88.5 83.4 75.4 72.3 70.1 73.3 75.7 78.4 81.9 84 83.8 86.1 88.2 88.4 85.2 82.5 80.6 80.8 75.7 73.3 79.1 74.9 65.1 58.8 61 61.9 62.9 65.6 69.3 71.8 74.5 81.6 85 87.6 89.3 90.8 91.4 91.7 91.3 89.9 88.2 88.2 89.1 89.8 89.8 89.6 90.5 92.2 92.8 93.9 95.6 99.7 102.7 103.2 105.8 110 112.7 112.5 114.9 115.8 119.1 119.4 121.4 123.1 127.3 129.5 133.8 143.2 149.1 150.9 160.2 163.4 161.3 166.5 170.5 172.5 176.1
