app/static/ascii/SN73.asc
ncols 200
nrows 200
xllcorner 270000
yllcorner 230000
cellsize 50
[rows 36 to 71 of 200, columns 81 to 161 of 200]
133.2 126.1 119.4 113 111.3 113.6 111.4 110.4 110.5 112.9 115.8 124.7 135.4 144.1 150.2 151.5 150.1 146.3 141.8 136.3 130.7 125 111.2 103.5 99.4 95.3 92.8 91.5 89.5 84.5 84.1 84.4 84.8 79.3 84.6 85.5 86.2 88.1 95.1 100.4 107 119.1 136.7 158.3 180.6 202.3 222.9 239.9 257.4 274.3 282.9 291.7 295 284 264.4 239.4 215.8 198.5 186.6 182.5 182.9 186.3 188.1 190 193.1 198.6 206.6 212.4 217 223.1 229.2 237.7 246 251.8 260 263.1 263 248.2 222.6 213.2 197.1
133.2 123.2 116.3 113.4 116.8 116.7 116.2 113.1 112.9 115.3 119.7 128.5 139.9 147.4 149.6 149.7 147.9 143.8 139.2 132.8 124.6 114.3 109.1 104 100.3 97.2 94.2 90.3 85.4 84 84.1 84.8 84.3 80.9 84.5 85.1 86.5 92.2 96.5 102.4 110.1 121.5 143.5 163.7 185.1 206.3 228.1 248.5 268 283.2 290.7 295.3 288.1 271.3 249.8 226.2 204.6 188.9 181.4 179.8 181.4 184.5 186.3 187.8 191.7 197 204.7 210.7 221.3 228.5 234.3 240.6 247.6 254.9 258.6 262.2 254.6 238.8 222 211.3 192.9
127.5 116.7 114.9 117.9 119.8 119.6 119.1 117 116.6 117.9 122.6 130.9 144.2 148 149 149.3 149.1 143.4 137.3 130.9 122.5 115.9 109.9 103.8 99.2 96.1 93.2 88.5 84.3 84.3 84.2 84.2 79.6 84.2 84.9 85.5 88.4 93.4 99.1 106 112.8 125.1 141.6 160.1 184.6 208.8 231.9 253.9 277.9 291.7 295.5 293.3 279.2 259.8 236.9 211.5 192.4 181.7 177.6 175.6 180 182.8 183.8 186.8 190.8 197.5 203.3 211.2 221.9 228.6 235.8 242.6 251.4 257.7 261.3 259.4 249.5 228.4 217.8 202.9 183.5
119.9 116.7 120.1 120.7 121.7 121.2 120.6 120.6 120 123.5 130.3 137.8 145.9 148.5 152.3 152.9 152.4 146.3 135.9 131 125 118.8 111.3 103.6 99.8 96 90.6 86 83.4 83.8 83.8 83.9 81.3 84.6 84.9 85.8 93.1 95.6 99.5 107.7 118.1 135.2 149.9 166.4 184 204.8 231.8 259.4 281.6 292.7 294.7 286 269.2 248.6 224 199.7 184.2 177.2 173.5 176.1 178 180.1 182.1 184.7 190.1 197.2 202.8 209.8 220.6 230 238.4 246.5 253.3 259.1 263.1 266.3 254.5 234.7 219.3 198 178
117.9 122.5 123.2 122.2 123.4 123.4 122.9 124.2 125.6 129.3 135.7 143 146.1 150.9 155.3 155.7 153.6 145 137.2 131.4 126 122.9 112.9 105 100 90.5 84.1 83.6 83.1 83.1 83.3 83.2 82.2 84.4 84.9 86.9 90.2 96.4 102.2 112.8 127.5 147.4 164.6 180 198.2 217 238.4 264.5 285 295 288.5 276.9 259.1 236.8 211.8 190.9 179.7 172.9 172.5 174.9 175.8 178.8 181.6 185.9 191.4 198 205.5 213.2 222.3 232.2 239.3 245.7 253.3 258.4 262 259.7 250.4 233.8 222.4 198.7 176.9
121.6 123.9 124.7 124 125.3 125.5 125.2 127.2 130.4 136.4 141.6 143.4 146.3 151.2 156.1 159.3 155.8 150.8 145.5 139.5 138.3 130.3 117.7 105.8 95.4 83.4 83.3 83.2 82.6 83.3 83.9 80.9 82.5 84.2 90.4 89.7 92.4 97 105.7 117.9 137.3 158.4 177.4 193.9 213.1 234.7 253.2 270.3 285.9 293.4 280.6 267.7 247.6 224.3 201.3 184.1 175.9 172.5 169.9 171.8 175 177.3 181.5 186.8 193.9 199.7 206.6 215.2 224.5 233.5 239.8 246.7 253.4 257.6 255.1 248.3 240.7 229.1 216.7 194.5 176.5
121.5 125.1 125.4 126.4 127.6 127.6 128.2 130.3 135.1 141.7 144.9 149.4 155.2 155.4 159.4 164.2 167.5 163.6 157.2 157.7 150.1 138 123.1 103.7 89.9 83.4 82.7 82.9 82.8 83.3 82.5 78.6 83.7 89.8 93.3 91.9 94.4 99.1 108.9 124.2 146.2 168.7 189.6 207.9 225.5 246.4 264.4 276.8 286.5 281.3 274.1 254.9 232.7 211 191.1 178.3 173.3 170.7 167.4 169.5 173.9 177.4 181 189.4 195.7 201.3 207.9 216.7 225.3 233 237.8 245.2 248.6 251.2 244.5 238.1 227.7 220.5 203.7 183.3 168.9
123.2 125.6 126.7 128.2 129.9 131.7 133.2 136.9 141.4 146.3 150.4 162.3 167.5 168.2 170 174.5 178.2 174.9 170.5 167.7 157.6 145.6 130.9 106.4 86.4 82.4 82.1 82.7 82.5 81.2 81 78.9 83.9 95.2 94.7 93 95.3 101.9 113.1 130.8 153.6 175.9 199.5 220.9 241.5 260 278.8 283.5 282 273.5 261.1 238.8 216.8 198.7 180.2 174 171.5 169.9 167.8 167.2 171.7 176.5 184 192.5 196.7 201.6 208.6 217.7 225.4 229.9 235.2 239 242.5 241.4 234.8 223.7 219.6 208.9 189.6 175.1 162.1
125.2 127.7 129.4 130.1 131.9 133.7 137 140.7 149.1 155.9 161.9 167.4 171.7 176.1 179.7 185.4 185 179.1 177.7 176.4 168.3 154.8 137.1 109.7 84.7 81.7 81.6 81.1 80.2 79.8 78.8 82.9 90.8 97.9 94.1 93.6 96.4 104.6 117.9 138.6 160.4 182.2 206.9 231.6 253.5 274.6 283.8 281.9 276.7 267.9 248.6 222.5 201.5 184.2 174.4 171.5 169.6 168.3 167.2 165.2 170.6 177.3 187 194.8 200.2 204.4 210.7 218.6 224.1 226.2 228.6 230.3 231.8 228.6 219.1 213.7 209.9 196.2 178.6 165.6 159.4
126.8 129.3 132.2 133 134 136.7 140.2 143.8 153.5 162.3 169.9 172 179 187 191.6 190.2 187.7 183.7 183.2 179.7 171.4 158.3 137.1 113.8 85.3 81.2 78.5 76.6 78.4 81.9 87.2 93 98.4 95.9 92.8 95.4 100 107.8 121.6 144.1 166.4 191.2 216.9 242.3 264.4 277.5 281.3 278.1 268.4 255.5 234.3 208.3 188 176.2 171.9 169.5 167.8 166.6 163.9 164.5 169.8 180.6 188.4 197.1 203.6 206.3 211.6 216.5 218.8 220.5 220.3 220.2 218.9 211.7 206.6 205.2 197.7 182.9 169.3 159.1 155.3
127.6 131.1 134.9 137.4 137.8 140.4 144.6 147.2 150.1 162.9 171.3 177.3 186.7 193.4 192.2 188 186.9 185.8 182.4 177.3 170.9 161.7 140.9 115.4 82.2 78.7 79.1 81.4 82.6 83.5 91.3 91.6 91.6 90.6 92.3 96.7 101.5 110.9 126 148.8 173.9 198.2 228.8 257.8 276 281.1 277 267.9 258.9 243.1 220.7 198 179.3 172.3 169.1 167.4 166.9 164.1 160.5 166 174.5 182.7 191.4 201.2 205.1 207.8 211.2 212.4 213.5 213.8 212.9 209.7 204 200.9 199.3 193.8 184 171.1 159.6 155.3 151.7
129.5 135 139.4 140.9 142.7 143.1 148.7 150.6 153.1 158.2 174.1 183.2 190 190.8 187.8 185.9 185.1 184 182.7 180.8 178.2 167.3 151 117.5 81.7 79 81.1 82 82.4 83.3 86.6 87.2 87.2 87.8 91.7 97.5 103.3 115.6 131.1 154.1 179.7 206.2 237.4 267.1 275.9 273.7 264.2 254 241.5 226 207.6 187.6 172.4 168.9 167 165 164.2 160.8 163.1 170 179 186 195.1 202.9 206.6 208.3 211 210.8 204.9 204.9 203.8 198.3 193.7 194.3 189.4 181.7 170.1 160.1 155.7 152.4 148.6
135.8 143.5 145.2 146 147.7 149.3 151.8 153.9 155.5 157.4 172.3 183.2 187.1 185.8 185 183.5 181.8 181.1 183.5 187.4 186.1 173.7 149.2 120.8 89.9 77.2 81.2 82.2 82.2 83.1 82.8 82.4 83.6 85.4 90.7 98 105.8 119.1 136 158.2 185.8 213.3 247.6 265.8 271 262.3 251.4 240.6 229.7 212.8 197.8 180.3 170.1 167.1 165.3 163.5 159 159.9 166.4 175 182.6 189 198.2 203.2 204.9 205.8 206.6 206.6 200.6 194.8 193.3 189.6 186.1 185.2 177.8 168 159.9 155.6 152 148.3 144.5
147.7 153.3 153.6 152.1 152 152.3 156 156.9 158.4 162.3 166.4 176.1 179.8 180.1 181.3 181 179.8 180.9 184.2 188.7 184.9 170.3 146.3 120.4 95.8 77.9 82.1 82.2 82.3 81.8 81.6 81.5 82.2 82.9 87.6 97.8 109.3 122.6 138.9 164.1 190.9 219.6 248.7 263.5 260.5 249.9 239.5 229.4 216.8 202.4 190.6 173.5 167.3 165.3 163.4 156.1 158.7 163.8 171.2 182.5 186.7 191.9 198.5 200.7 201.8 202.6 200.1 198.9 195.3 187.8 185.3 183.7 179.1 172 164.2 157.5 154.7 151.3 148.2 145 142
159.4 165.6 162.8 159.1 158.3 157.1 156.9 160.9 161.8 163.2 165.8 169.5 173.3 180.3 181.7 180.1 178.7 178.5 180.9 184.5 181.6 163.4 141.4 118.4 98.5 80.3 82.2 82.3 81.9 81.4 80.8 81.4 81.2 81.5 84.5 97.7 110.1 124.3 141 165.7 193.9 224.5 248 254.5 246.1 235.7 226.6 216.2 205.6 194.8 180.5 168.4 165.5 163.9 160.4 155.8 161.4 166.8 176.7 183.3 187.9 193.1 197 198.6 199 200 194.1 192 189.7 180.7 177.4 176.3 168.2 163.2 158.4 154.5 151.2 148.5 144.8 142.1 140.6
167.8 169.2 168.6 167.8 166.9 162.9 160.1 163.2 165 168.5 170.4 171.5 176.4 180.8 182 180.6 178.9 175.2 174 174.6 168.5 155.1 134.8 117.9 100.8 84.9 82.3 82 81.5 81 80.6 80.5 80.6 80.6 82.9 98 111.1 126.3 139 164.6 189.7 217.9 241.9 239.4 230.1 221.8 212.2 205.2 197.9 187.1 170.9 165.8 164.1 161.2 153.5 156.2 162.9 169.3 176.4 181.4 186.9 192.2 195.4 195.3 196.1 196 190 188.6 186 174.5 169.4 162.8 159.6 157.2 156.1 152.8 149.7 146.9 143 141.3 138.9
170.6 175.1 174.8 174.2 171.9 167 163.6 165.2 168.1 170.6 173 173.1 176.1 178.1 179.9 180.3 178.9 174.8 165.9 162.9 157.4 144.7 129.1 115.1 100.1 92.3 80.6 81.3 81.6 81.1 81 81 80.6 80.2 82.3 97.3 110.2 123.3 136.8 157.2 183.4 207.9 225.9 224 217.6 209.1 201.5 197.8 189.9 178.7 167.9 163.9 160.6 155.7 151.6 158.9 165.5 170.3 175.7 179 184.7 190 191.7 191.8 193.2 193.5 189.9 184.3 180.9 175.7 158.4 155 152.8 152.7 152.6 150.4 147.9 145.7 142.9 139.5 136.3
174.3 175.7 176.2 174.1 168.1 167 165.8 165.6 167.3 168.9 171 173.4 175.4 176.8 178.1 179 177.8 172.5 165 153 146.5 133.1 119.6 110.5 102.8 96.6 85.7 81.2 81.6 81.5 81.4 80.8 80.2 80.2 82.3 95.6 106.5 115.4 129.2 150.2 171.3 198.1 210 212 205.1 198 192.9 188.3 180.4 170.1 165.5 162.6 158.7 152.1 153.2 160.3 165.6 169.7 173.2 177.2 183.8 186.6 187.1 187.5 190.7 191.3 187.9 180.1 174.9 170.6 160.1 151.2 149 148.4 148.7 147.4 145.6 143.5 141.7 141.1 138.8
172.6 172.9 171.9 167.8 166.6 165.5 164.9 164.6 165.1 166.8 168.9 171.4 173.6 174.9 176.5 177.7 174.2 167.3 157.1 147.6 133.2 124.5 114.8 108.5 103.6 95.6 93.4 86 79.7 81.5 81.4 81.2 80.4 80.6 83.3 93.3 100.4 107.8 117.1 139.9 161.5 180.7 197.4 205.1 199.5 191 185.9 180.3 175.1 169.1 165.4 163 158 151 149 159.1 162.3 166.6 170 174.7 180.8 181.5 182.1 184.5 187.9 187.4 182.5 174.4 170.3 166.1 157.9 149.7 146.3 145.2 144.4 142.8 141.7 140.9 140.5 140.5 140.6
169.3 171.2 171.4 169 166.9 166 165.5 165.6 165.1 165.9 167.4 168.9 170.7 171.3 170 166.9 166.1 156.8 143.6 133.3 123.8 118 112.5 105.7 93 99.5 99.2 93.6 85.2 80.6 81.1 81.2 80.8 80.6 80.6 90.4 95 101.7 109.3 130.1 149.9 167.5 182.9 194.8 195.3 188.1 183 178.2 172.9 169 165.8 163.2 159.9 157.4 145.7 150.1 160.2 164.8 167.7 171.1 175 176.2 177.5 180.8 182.5 181.2 175.9 169.4 165.9 159.4 153.5 148.7 144.1 142.4 141 139.7 137.6 137.4 138 138.6 138.4
168.4 171.8 172 169.9 168.1 167.9 168 169 169.2 169.3 168.7 170.1 170.9 168.3 165.6 159.9 153.1 143.6 131.4 124.8 118.6 112.2 105.3 105 106.6 104 100.7 97.5 91.4 83 77.6 78.8 80.5 80.4 79.9 84.4 91.1 97 104.9 118.6 136.6 152.7 166.4 183.4 192.2 188 181.4 175 171.3 169.1 166.7 164 161.3 157.1 146.8 146 154.7 161 162.4 166.6 169.4 171.1 174 174.9 175.2 172.2 165.8 163 158.7 152.1 150.3 146.5 141.8 140 138.3 136.6 134.7 132.9 134.1 134.3 134
167.2 168.3 169.8 169.6 169.8 169.5 170.2 170.8 171.8 173 174.8 173.7 173.2 169.8 162.8 154.3 148.2 139.5 129.7 122.5 121.3 118.3 114.1 111.1 107.2 104 101.5 99.3 96.1 93.2 88.6 80 73.7 78.9 80.1 79.8 84.5 90.8 96.7 105.9 120.9 138.6 154.6 170.8 184.6 193 182.6 174.6 172.4 171.1 170.6 166.8 162.4 156.1 146.5 145.2 152.2 157 158 161.5 164 166.1 166.1 166.8 166.7 162 158.8 157.5 152.3 148.1 145.7 144.7 140.3 136.4 134.9 133.5 131.1 129.7 129.6 129.8 129.5
160.8 165.2 169.5 170.9 172.2 172.5 173.3 174.6 176.1 180.2 179.3 177.7 174.6 170.5 165 155.9 149.2 143.2 133.1 127.8 125.1 120.3 114.8 111.3 108.8 106 103.5 101.1 98.4 95.6 91.5 82.3 76.1 73 76.1 79.4 79.6 82.2 88.6 94.8 103.3 122.5 142 158.1 176.4 183.8 179.8 175 175.4 175.6 174.8 170.3 166.4 156.3 144.4 144.8 149.5 151 153.1 157.2 159 160.1 162.1 160.6 156.3 155.7 155 151.9 148.1 144.8 141.5 139.6 136.1 133.5 131.8 130.3 128.6 126.8 125.2 125.8 126.1
168 172 172.8 173.8 175.4 176.3 177.1 179.9 183.5 184 181.8 178.1 174.9 170.3 162.8 156 151.3 146 140.4 135.5 129.4 122.1 117.7 113.3 110.9 107.4 105.2 102.7 99.6 96.2 89.8 82.8 81.1 76.9 73.5 74.7 77 79.1 85 92 97.1 106.4 127.7 146.4 162.2 170.5 170.3 177.9 179.9 179.3 178.8 173.4 168.6 154.3 146.3 139 144.1 144.5 147.7 149.6 154.1 156.7 157.8 154.2 152.5 152 149 148.2 144.7 141.6 138.5 135 133 130.4 128.3 127.2 125.6 123.5 121.6 121.6 121.3
169.6 171.8 172.8 176.7 178.6 179.5 181.2 185.9 187.9 186.4 182.6 178.4 174.2 169.5 162.4 156.3 152 149.1 145.6 140.4 131.6 123.8 119.9 115.4 111.7 108.3 104.8 101.9 98.9 95 89.9 84.4 81.1 79.7 77.1 76 76.5 75.2 81.5 90.7 95.7 100.9 115.3 132.8 146.8 155.2 174.8 184.3 184.1 186.2 181.7 173 164.3 156.4 149.6 136.5 136 139.8 140.4 141.7 145.9 150.6 150.9 146.5 146.5 145.2 145.2 142.8 139.1 137.3 135.2 131.4 130 128 124.7 122.9 122 119.7 117.6 116.8 114.9
169.5 171.4 175.7 180 182.8 184.3 187.9 191.2 189.8 189 185.6 183 178.1 169.9 165.1 161.8 157 155.7 152.1 146.1 138.2 127.2 123.5 118.7 113.6 109.3 105.1 102.1 99.2 95.6 89.5 83.9 81 79.7 78.2 79.2 79.1 77.3 76.6 89.5 96.3 101.1 106.5 118.7 132.9 152.8 173.7 185.5 190.7 188.9 182.7 170.2 161.2 157.8 154.2 139.6 128.4 135.6 136.3 135.9 136.3 142 141.9 140.7 139.9 141.8 141.9 138.1 135.4 133 130.4 128 125.9 123.7 122.1 119.8 116.1 115.9 112.2 111.5 110.5
168.1 171.8 177.1 183.9 189.6 191.8 195.7 196.3 196.7 198.9 197.2 191.7 185 179.1 178.8 172.8 168.1 165.4 160.9 152.9 143 132.1 127.1 122 115.1 110.1 105.5 102.4 98.9 93.5 90.8 86.9 82.9 80.3 78.6 79.2 78.8 78.6 79.1 86.8 94.3 99.5 106.1 115 126.6 149.7 172 189 195.5 193 182.7 172 162.4 157.5 154.3 140.3 122.1 127.4 131.3 130.2 128.8 131.9 132.6 134.3 135.6 138.4 139.5 136.9 133.6 131.2 128.6 126.5 124.3 121.2 119.3 116.9 113.1 111.5 107.9 106.4 105.5
167.8 173.8 179.9 193.7 201.8 203.9 210.7 211 216.2 214.9 207.3 202.5 194 191.8 190.3 185.4 184.6 179.9 171.9 158.8 146.8 136.8 129.4 123.3 116.8 111.2 106.4 103.1 100.4 96.9 94.4 90.8 82.9 79 78.4 78.7 79 78.7 74.8 82.5 91.4 98.5 106.4 113 123.8 146.4 170.2 188.6 193.2 192.6 183.5 177.1 166.5 157.6 154.9 145 121.7 116.7 124 124.7 122.7 124.8 127.7 130.5 133.5 135.7 137.1 136.1 133.7 130.5 127.2 125.3 122.8 119 117.2 114.9 111 108.1 104.7 101.5 101.3
169.5 175.7 186.9 200.7 210.8 215.5 221.3 223 227 226.4 219.9 214.1 204.5 203.1 201.1 197.4 193.9 186.6 173.4 162.3 154.8 142.5 128.9 124.5 119.5 114.4 108.6 104.9 102 98.1 94.6 90.5 80 78.8 78 78.1 78.4 78 71.4 79.2 86 94.3 104.1 110.9 120.1 140.4 164.7 185 192.5 193.1 185.7 176.9 168.3 159.3 156.8 146.4 127.5 112.6 114.4 120.9 119.7 121.5 124.2 127.3 131 133.3 136.3 136.7 134.7 131 126.9 123.6 120.5 117.4 114.3 113.1 110.4 107.3 103 99.6 97.4
171.1 179.4 191.2 203.3 216.4 223.7 227.8 230.3 230.8 227.6 227.1 224.5 218.9 214.6 209.2 204.4 198 186.4 173.3 166.3 155.9 141.7 130.4 125 121.7 119.4 115.7 109.6 99.9 97.1 93 86.5 79 78.4 77.8 77.7 77.7 77.8 70.2 77.5 79.3 88.7 99.3 109.4 117.2 133.8 158.2 177.5 183.7 187.1 182.3 175.5 169.5 158.6 152.2 143.2 134.2 118.8 109.2 112.8 115.9 118.2 120.6 124.6 128.4 132.3 137.3 137.4 136.9 135.1 130.8 125.3 118.5 115.3 112.2 109.8 108.4 106.2 101.5 98.7 96
172.1 182.2 194.3 205.8 215.8 223 225.9 227 226.2 225.4 224 221.8 222.4 221 213.3 204.6 195.5 180.7 171.1 165.5 153.7 138.6 129.9 125.6 123.1 120.4 118.2 116 101.4 93.6 89.6 82.1 78.8 77.8 77.6 77.7 77.6 77.5 71 75.6 78.4 82 92.1 106.7 116.1 128 148.6 164.3 177.1 182.8 178.5 175 162.8 155.8 151 141.8 132.1 119.7 105.7 107.8 112.4 114.8 117.8 122.2 128.3 135.3 139 140.6 140 139.4 137.7 129.9 119.6 112.7 109.8 106.7 105.1 102.9 100 97.3 94.5
173.2 182.5 195.1 204.8 214.3 219.9 221.6 222.3 222.4 219.3 218.4 217 216.1 212.6 207.3 200 188.5 178.9 167.7 160.5 147.9 133.6 129.3 126 122.8 120 118.2 115.7 104.3 94.2 90.5 85.1 78.3 77.4 77.5 77.6 77.6 77.4 72.3 74.7 78.3 78.9 86.1 101.4 112 123.6 139.2 157.1 169.8 174.5 169.7 167.5 155.4 153.4 150.3 141.3 131.4 121.3 102.3 106.4 110.5 112.5 117.8 123 133.5 139.6 142.9 143.7 143.9 145.4 141.7 130.1 118.2 110.4 107.4 104 100.9 97.8 95.2 93.6 92
173.1 183.8 196.1 207.8 215.7 219.5 220.1 217.9 215.5 214.2 213.8 210.6 208.2 205.8 200.4 191.8 183.7 173.9 164.6 153.8 143.1 134.3 130.5 127.1 123.4 117.9 113.9 112.1 106.5 95.1 90.3 85.7 78.3 77.2 77.2 77.2 77.5 77.4 72.7 73.5 78.1 78.1 81.2 92.7 104.8 115.9 132.2 149.8 159.3 162.2 164.5 160.3 153.8 154.6 148.7 138.9 129.2 114.1 99.8 105.8 108 111.1 114.7 126.2 135.8 141.4 144.6 147.2 148.8 141.9 135.6 125.1 114.8 110.8 106.4 101.7 96.6 95.1 94 87.9 86.7
179.3 189.6 200.3 210.7 216.2 217.9 215.2 211.1 210.6 208.4 205 202.8 200.4 197 190.4 184.8 177.5 168.4 159.5 150.7 142.5 135.6 131.8 127.7 120.7 113.4 109.7 107.2 104 96.8 89.7 85.3 78.8 77 76.5 76.8 77.3 76.5 74.4 73.1 77 78 78.5 85.6 96.8 110.6 124.9 138.8 152.6 160.6 164.2 159.3 157.1 152.2 142.9 135 122.3 106.5 97.6 103.1 106.7 109.3 118.2 128.1 136 140.7 145.3 148.6 146.2 138.8 130.3 118.3 112 107.6 103.9 99.7 95.2 92.6 91.3 83.5 80.6
184.1 194.3 204.3 210.8 212.7 212.8 211.1 205.6 201.3 197.3 193.3 191.6 189.8 186.9 183.9 177.1 169.1 161.3 154.5 147.1 143.4 138.3 131.2 125.6 118.1 108.7 105.6 104.5 101.7 96 88.5 84 78.6 77.1 76.3 76.5 76.8 76.6 75 71 73.8 77.1 78.5 82.6 96.2 105.3 114.7 133.9 152.1 160.2 161.6 158.2 154.9 147.6 137.8 129 118.6 105.6 96.2 101.2 103.7 108.2 119.8 129.4 135.6 142.2 146.7 148.1 141.5 132.5 123.4 113.2 110.6 106.2 101 97.5 94.1 91.9 88.9 86.3 79.6
187.8 196.9 203.1 208 207 206.8 204.6 197.1 186.7 183 178.6 178 179.4 178.1 174.1 167.1 161.6 154.6 148.8 145.5 141.7 135.5 127 119.8 115.3 105.7 102.2 101.6 98.9 93.7 86.2 81.1 78.4 78.6 76.2 76.2 76.1 76 75.4 71.9 71.7 75.9 77.7 79.4 97 112.3 126.4 135.8 147.2 155.4 157.3 157 151.4 143 132.1 123.5 114.9 103.5 93.5 99.5 103.3 114 124.4 132.2 138.8 142.5 145.7 144.4 136.7 127.2 116.7 108.4 106.4 103.6 100.3 95.7 91.6 89.3 87.1 85.5 81.2
