app/static/ascii/SN75.asc
ncols 200
nrows 200
xllcorner 270000
yllcorner 250000
cellsize 50
[rows 70 to 104 of 200, columns 78 to 155 of 200]
453.3 447.3 446.4 446.2 445.6 446.3 446.3 445.7 444.5 443 441.5 438.9 435.9 437.2 439.5 441.3 440.3 440.2 440.5 440.6 439 442.1 447.1 452.4 456.4 467 474.3 474.4 472.4 472.5 474.2 469 467.1 459.9 457.6 451.6 453.7 458.3 465 462.2 457.9 458.2 460.1 460.1 458.4 457.7 455.7 448.5 441.5 438.8 434.4 432.3 429.5 427.5 424.5 417 409.2 402 393.3 379.6 374.7 372.6 366 365.3 357.4 356.8 355.8 353.7 353.6 351.6 345.7 352.2 365.7 385.8 407.7 417.1 428.6 445
449.6 447.8 447.2 446.8 446.5 446.3 446.6 444.9 443.6 442.2 440.8 438.4 436.6 432.9 435.7 436.8 436.8 437.5 438.8 436.7 438.8 442.8 450.3 454.6 460.1 469.4 468.2 470.2 471.9 474.1 471.1 469.9 465.8 458.9 454.2 454.9 458.7 465.6 469.5 465.2 463.1 462.9 463.7 463.6 463.2 463.5 462.9 459.9 449.9 440.8 438.1 436.6 435.3 431.1 421.6 409 400.8 397.7 388.2 378 374 369.4 367.3 367.6 363.5 364.1 362.2 360.5 355 356.1 348.8 343.5 355.1 373.1 387.6 395.6 409.1 429.3
448.9 448.1 447.7 447.3 447 446.8 446.4 444.3 442.6 441.1 439.7 438.4 435.7 433.2 431.1 434.3 434.8 435.8 435.9 435.4 438.6 446.6 450.7 454.6 459.4 466.4 469 469.1 472 470.4 465.8 462.7 458.2 455.7 456.8 457.7 464.2 474.7 469.6 466.8 465.7 465.7 466 467.5 469.1 469.3 467.7 461.4 449.3 443.8 441.8 439.4 435.3 428.9 412.5 397.1 391.7 382.6 378.5 376.9 376.9 374.4 374.3 372.2 372.3 368.4 366.8 363.3 361.9 359.3 352.5 345.7 344.4 357.7 367.5 375.6 391.8 411.9
448.8 448.3 448 447.8 447.4 447.1 446.6 445.1 443.3 441.2 439.4 437.8 435.3 433.4 429.8 432 432.9 433.5 432.9 435.5 439.5 447 454.9 462.2 460.8 464.9 466 467 468.4 463.7 459.4 455 453.4 455.5 458 460.2 473.4 471.9 470.3 467.6 467.2 468.1 469.5 470.8 471.5 471.1 465.2 458.3 446.8 444.1 441.7 439.6 434.8 422 401.2 391.6 384.2 387.6 387.4 389.4 388.7 386.1 381 378.2 377.3 375.9 373.8 372.4 367.7 362.3 357.9 352.9 344.3 342.9 347.3 360.2 377.4 399.1
448.2 448.2 448.1 448.3 447.9 447.6 446.9 445.7 444.2 441.6 439.1 436.4 434.4 431.8 428.9 429.9 430.2 431.2 430.9 434.1 443.6 452.4 459 458.5 459.3 462.1 461.2 462.4 460.3 453.7 449 449.3 451.3 455.9 460.7 467.3 473 471.8 470.8 469.7 469.2 470.4 471.2 471.7 470.2 466.7 461.7 452.7 446.1 443.6 441.8 438.7 427.1 410.6 396.3 387.9 397.4 405 402.9 399.6 395 391.9 387.9 386.5 386.1 386.7 383.9 380.2 373.3 371 361.6 356.1 350.4 342.7 339.6 341.6 359.6 385.5
448.6 448.8 448.8 448.9 448.4 447.9 447.7 447.3 446 443.5 439.4 435.4 432.6 430.2 426.9 427 428.9 428.5 429.2 432.2 439.5 450.7 453.5 456.7 454.4 454.7 452.8 455.5 452 445.8 443.7 446.5 459.4 468.6 467.2 475.6 474.5 473.2 472.4 471.5 471 472.2 473 471.5 470 464.7 456.5 447.2 444.7 442.2 437.4 429.3 413.6 404.8 392.4 405.4 414.7 416.2 412 402.9 398 395.7 394.5 394.3 392.7 391.4 389 381.3 376 372 365 357.9 355 349.7 344.5 340.9 348.5 381.9
450.2 450.6 450.6 450.4 449.9 450 449.8 449.7 448.5 446.6 441.7 434.2 430 428.4 426.1 424.8 426.5 426.7 428.5 430.9 444.7 449.7 451.5 450.8 447.6 448.8 443.4 443.6 440.4 440.8 444.3 458.3 467.9 471.9 477.5 481 476.3 474 474.4 474.9 476.5 477.6 475.8 472.3 468.5 461.1 449 443.5 439.8 435.2 428.3 417.9 408.9 401.6 412.6 423.8 427.2 426.2 419.6 405.7 400.6 399 398.4 396.7 394.4 392.1 388.1 379.3 374.8 370.7 362.2 353.8 352 345.1 343 340.3 358.6 385.1
452.4 452.9 453.3 453.3 453.2 453.7 454.7 454.8 454.1 451.6 441.7 430.4 427.5 425.8 424.4 422.4 424.1 425.3 427.8 436.6 442.7 447.5 446 443.1 441.2 440 438.6 437.6 439.3 441.3 451.5 459.6 465.9 474.9 482.9 481.3 477.5 476.3 477.7 477.8 479.5 478.7 475.3 470.1 464.7 454.1 446.2 441.8 439.4 430.2 419.7 410.5 414.3 422.9 430.2 433.4 431.9 427.8 417.6 401.8 400.9 400.6 398.6 395.9 393.4 390.8 387.9 381.9 371.2 367.1 357.6 349.7 347.5 341.9 339.4 345.7 364.5 392.9
455.5 453.2 454.3 454.7 454.7 454.5 455.2 455.7 454.6 451.2 441.8 429.9 424.5 423.4 423.1 422.8 421.7 424.1 425.9 437.9 440.2 439.6 441.4 436.4 437.4 435.2 435.2 436.9 439.8 447.6 454.3 461.5 472 481.5 480.2 478.8 478.1 477.6 479.4 479.3 478.7 475.6 469.1 463.3 456.7 449.9 444.5 441.6 437.2 426.3 425.1 428.1 432.3 434.2 437.1 436.7 434.6 425.5 411.6 400 400 399.6 397.9 395.8 392.5 389.5 386.7 382.1 366.9 362 351 344.9 342.2 338.5 343.8 351.2 375.7 402.5
460.1 457.4 456.4 454.6 454.4 454.2 454.1 454.2 452.6 447.8 439.5 428.7 420.2 420.4 420.7 420.6 420.4 423.1 426.2 434 433.6 436.8 436.6 430.7 431.4 433.8 435.4 437.3 444.1 451.1 459.3 469.5 482.5 478.9 477.4 478.1 477.9 479.4 479.5 479.2 477.2 469.9 463.6 460.7 452.6 447.6 444.8 442.1 438.2 436.8 440 440.8 440.4 439.6 439.5 437.4 435.1 422.3 410.3 401.1 399.4 397.1 394.2 388.8 385.8 384.6 381.2 374.6 360.8 353.5 342.8 338.9 336.8 343 346.2 364.5 387.5 405.4
461.4 462.9 458.5 455.3 454.3 454.3 453.5 452.2 450.1 444.3 436.8 425.7 418.3 417 417.8 418.3 419.6 420.9 420.1 423.9 428.6 429.2 426.3 428.5 431.7 433 435.8 442.4 449 457.5 465.8 479.8 477.8 476.6 477.5 475.7 477.8 477.4 476.9 476 473.3 464.7 461.8 459.3 451 448.3 446.1 444.7 444.3 443.6 442.9 443.3 443.5 441.8 436.1 433 430.2 419.4 409.2 402.7 401.1 397.9 395.2 388.3 382.4 377.8 372.9 365.2 354.4 345 338.3 338.1 341.3 352.9 361.5 378.2 393.4 404.1
457.8 460.5 456.3 454.3 453.4 453.2 453.2 450.5 445.8 440.5 433.1 423.1 417.3 416.3 416.2 418.1 418.4 417.9 416.6 414.3 419.8 418.2 426.6 430.4 428.6 434.4 439.8 443.9 451 461.6 471.7 478 478 473 471.7 472.9 473.5 474 472.7 470.3 466.3 462 461.4 455.8 450.7 449.3 448.3 447.2 445.6 445.3 445.2 445.3 444.5 437.7 432.7 430.4 422.2 410.7 406.3 405.8 401.2 398.5 393.4 385.9 380.2 371.9 364.3 354.4 347.7 336.1 336.7 344.3 352.3 361.7 370.9 381.3 389.4 401.6
452.4 455.4 453.9 453.2 452 450.4 448.8 444.2 439.9 435.6 429.5 420.6 415.8 414.5 414.7 415.9 415.6 414.4 412.7 410.6 409.3 418.3 420 422.8 429.2 435.4 440.6 446.5 456 466.6 475.2 476.6 467.8 468.9 466.9 468.6 469.6 468.5 466.2 463.8 462.2 459.6 456.8 454.1 453 450.6 449.8 448.2 447 447.6 447.8 445 439.2 433.4 433.7 427 412.2 409.1 407.7 405.2 401.4 397 391.4 385.7 376.2 367.8 357 343.6 334.7 335.5 343.4 352.5 360.2 368.1 377 383.6 393.3 402.7
449.2 452.1 452.3 451.5 450.9 448.8 445.8 441 437.4 432.8 426.7 418.6 414.1 412.8 413.8 419.6 414.5 408.1 408.4 407.4 405.5 407.5 413.1 426.2 432.6 437.9 445.2 453.8 462.6 469.5 472.4 466 462.7 460.8 461.9 463.7 465.4 463.3 463 461.7 460.7 459.7 458.3 454.1 452.3 451.8 451.5 450.7 452.6 449.3 442.3 437.8 432.8 432.4 429.9 415.7 405.9 408 408.1 405.7 403.1 399.7 391.1 384.7 370.2 363.2 347.6 336 336.6 342.1 347.6 356.8 364.2 370.8 377.6 384.7 391.5 395.8
445.7 449.5 451.3 450 448.9 447 443.1 438.5 434.9 431.3 423.4 415.7 412.5 412.6 418.1 430.5 412.8 402.4 404.8 404.7 403.4 406 417.1 426.2 432.1 439.9 448.1 455.6 460.9 464.8 461.9 455.2 453.4 455.1 458.3 461.2 461.1 460.9 460.7 460.5 460.3 462.3 458.5 454.1 454 453.9 454.2 453 449.4 442.3 434 428.5 426.6 425.8 413.7 404.2 403 401.3 399.5 396.7 394.9 389.9 383.2 373 366.7 357.1 341.2 334.4 340.2 344.1 351.5 357.3 362 367.6 372.3 375.3 377.8 380.1
443.2 447.5 449.1 449.5 446.1 444 439.2 435 431.4 426 417.9 412 412.3 417 432.5 430.1 408.6 399.2 401.2 402 401.8 404.2 411.1 421.3 431.1 440.4 447.7 454.7 463 459.3 453.7 448.1 448.2 451.9 455 459.6 458.2 460.4 463.1 464.6 467.4 459.9 455.8 455.5 456.8 457.7 458 452.5 445.8 436.2 427.3 417.7 416.4 407.7 399.5 397.5 397 392.8 388.5 385.4 383.2 376.1 374.6 369.7 359.9 346.2 337.5 334.6 340.7 345 351 353.7 358.5 361.9 366.7 367.5 373.8 381.1
439.3 444.6 445.9 444.9 441.8 437.2 433.5 429.5 424 416.8 412 408.6 418.9 429.6 435 416.6 397.2 396.9 398.6 399.3 399.1 403.4 410.8 419.5 426.4 434.6 444.6 448.5 446.2 447.7 442.6 440.6 445.1 449.6 454.5 456 457.7 462.4 466.6 470.1 468.2 458.8 456.8 456.6 459 459.9 457.7 453 445.5 437.2 425.6 408.8 400.9 394.3 389 388.1 385.1 380.5 375.9 373.6 370.6 367.6 364.4 358.7 347.1 337.8 334.9 334 339.1 342.6 344.2 354 359.5 362.9 367.2 372.6 383.5 394.3
435 440.4 440.8 439.1 435.4 432.1 427.6 422.2 416.5 411.4 407.1 413.7 427.3 435.1 423.7 405.6 395 395.2 394.8 396 399.9 403.3 409.5 415.6 422 435 433.5 429.8 430.8 432 433.7 438.3 443.2 448.2 453.3 454.6 458.9 463.2 465.9 467.2 464.3 458.6 456.9 456.7 459.3 459.6 453.5 450.2 445.8 433.7 417 399.3 388.4 384.1 377.9 373.8 370.5 368 365.4 362.8 359.2 353.9 348.4 347.3 344.2 344.6 339.9 331.2 334.7 342 346.6 352.4 357.8 363.1 375.3 389.7 400 411.9
429.6 434.5 435.9 433.7 428.9 423.2 417.6 414.9 412.5 407.7 412.7 419.8 434.9 436.2 422.3 399.7 393.3 393.7 392.5 396.1 398.6 401.1 405.9 411.7 421.7 424 421.9 421.6 423.3 427.1 431.3 437.2 442.7 447.6 450.7 455.6 461.5 460.5 462.2 464.9 464.4 456.5 456.3 457 458.1 455.3 453 449.1 433.6 417.8 403.1 388.5 384 377.2 376 377 374.4 370.9 368.2 364.7 365.4 370.3 366.8 359.6 357.9 351.6 343.8 331.5 332.3 337.6 343.8 349.2 353.9 366.3 382 395.5 407.9 420
423.5 426.3 428.3 425.6 420 414.9 412.8 411.3 409.7 410.7 416.2 429.1 439.2 431.6 417.2 397.3 395.4 390.6 392.4 394.5 395.7 396.3 399.3 404.7 410.5 408.7 412.9 415.7 418.8 424.7 431.3 436.3 442.3 446.6 450.6 456.9 457.2 458.1 463.1 464.7 463.9 455.6 455.1 456.5 457.4 457.3 453.9 436.3 421.5 410.1 393.9 386.8 380.6 380.8 383 381.8 380.4 384.3 385.2 381.8 386.1 385.9 381.4 371.8 367.3 358.1 344.8 338.3 333.3 329.8 338 343.8 351.6 367.7 386.4 401.1 413.4 425.1
418.4 420.3 421.1 418.6 411.6 410.4 409.2 407.8 405.7 416.1 422.7 438.1 436.3 424.7 410.3 401.8 401.3 390.6 388.2 390.6 392.2 392.6 394.2 396.5 399.7 403.8 405.8 408.7 416.2 422.8 428.5 434.1 440.6 446.2 451.4 453.3 453.3 457.2 458.9 458.7 454 454 455.4 458.2 461 460.3 441.8 426.5 419.7 404.9 392 387.2 385.5 384.9 386.7 390 395.5 398.8 398.9 398.2 397.9 394.3 388.6 383.7 376.5 361.4 348.3 343.2 339 331 330.1 336.3 348.3 366.3 386 401.1 415.9 425.1
413.9 415.3 414.9 412.1 407 406 405 405.1 413.5 418 430.7 439.1 431.6 418.1 408.6 404.7 397.9 393.2 387.9 388.3 388.2 388.5 390.4 393 395.7 396.8 399.4 403.8 410.5 416.4 422.3 429.6 436.8 443.2 448.8 446.1 448 451.7 451.9 450.8 452.1 454.9 456.3 459.3 460 446.8 432.4 420.7 404.4 394.9 392.5 390.6 388.8 389 393.8 399.9 405.5 407.7 407.9 408.5 404.3 399.6 394.8 387.8 376.9 358.5 355.9 348.5 340.2 332 330.9 328.7 340 358.7 379.7 397.1 409.6 417.8
409.1 409.7 408.4 404.1 402.8 402.4 401.5 408.4 414.6 423.2 439 445.1 435.7 421.2 412.8 409.1 404.2 404.5 398.3 388.4 387.1 384.1 386.5 390.3 391.8 392.1 396.3 398.8 401.1 405.1 415.3 424 432.1 432.4 433.1 437.3 440.4 443.4 440.3 449.3 453.8 456.3 462.2 455.5 445.1 437.9 432 414.3 401.6 398.2 396.4 394.1 393.8 396 400.8 407.5 415.1 415.6 418 417.6 411.2 400.2 395.6 385.4 370.2 361.1 353.8 346 339.8 334.3 331.8 329.9 332.2 351.7 369.9 386.1 402.9 414.1
401.8 401.6 399.8 399.3 399.4 398.6 404.2 411.8 417.2 431.9 443.6 445.2 434.2 420.1 418.9 413.2 411.7 413.2 407.1 395.1 388.8 385 381.1 385.1 386 389.5 394.2 395.7 394.9 394 405.6 412.7 419.8 422.2 430.3 432.2 432.1 426.2 445.4 451.6 455.6 459.1 458.4 443.5 439 439 438.2 424.3 414.8 406.8 404.1 404.5 406 407.4 409.6 415.7 420.3 421.4 422.8 420.7 406.1 395.7 387.9 374.4 363.6 357.2 348 340.5 342.8 340.6 335.7 329.7 330 341 360.6 380.8 396.1 408.3
395.2 396.2 396.4 396.1 397.5 402.4 406.7 412.3 420.9 438.6 445.4 441.9 429.4 421.8 419.9 418.4 422.8 421.1 414.5 408.8 397.5 387.3 382.8 379 382.3 386.2 389.7 393 390 384.5 391.8 400.5 408.3 418.5 421.8 417.6 412.5 437.8 450.2 455.7 458.6 457.8 445.6 438.9 438.6 441.3 439.6 432.8 422.4 412.9 413.4 413.7 413.5 413.9 416.9 421.1 423 425 424.2 417.5 398 387.1 376.5 369 363 365.2 361 349.6 347.2 343 339.5 334.1 328.6 335.6 356 373.3 388.1 401
393.1 392.1 394.2 395.8 399.4 402.8 408.5 416.3 429.3 445 447.9 435.6 425 423.4 425.2 430.8 431.5 428.1 422.7 415.8 401.7 394.9 394.4 382.6 376.5 376.2 374.7 379.2 380.8 376 381.2 391.4 401.3 407.3 403.9 403.8 424.5 442.5 452 455.3 453.4 447.3 439.4 437.9 439.4 441.2 439.9 436.5 428.3 420.2 419.8 420.1 421.3 421.8 423.8 425.1 424.4 423.6 420.1 404.7 389.9 383.6 376 369.6 381.8 381.1 372.4 360.3 353.9 347.8 342.8 332.7 328.2 332.7 349.6 364.2 376.6 387.4
391.8 394.5 395.7 397.1 400.3 403.3 409.4 418.9 434.9 440.8 434.7 431.1 428.7 427.1 431.9 436.9 435.8 432.1 425.1 419.9 412 411.2 402.6 399.7 390.2 381.5 375.4 373 371.6 371.4 371.8 383.2 387.6 386.5 393.7 411.5 431.5 444.7 452 450.1 442.7 439 436.7 437 444.7 446.2 446.1 442.6 435.4 431.1 425.6 425.3 425.9 426.1 426.6 426.4 422.7 418.2 409.9 397.1 391.8 383.7 383.1 393.5 394.1 391.5 376.7 370.8 364.5 355.4 344 336.9 328.4 327.7 341.4 355.4 367 377.9
395 396.8 398.2 399 401.8 407.7 414.8 425.4 438.5 441 437.5 432.1 432.1 433.7 438.8 439.3 438 431.4 426.9 426.4 427.3 427.5 420.6 409.7 389.8 384.8 385.1 380.3 377.3 370.9 368.3 367.6 375.3 385.7 401.7 420.6 434.1 443.9 446.3 439.6 432.8 433.2 435.3 442 446.4 447.7 448.5 446.3 445.1 440.2 434.6 431.3 430.3 429 429.4 427.2 423 415.2 404.1 397.1 385.3 389 397.9 402.1 401.2 395.9 386.8 379.8 376.7 365.5 347.7 340.3 334 328 332.7 348.8 364.1 369.8
397.9 399.5 399.9 401.4 408.7 415.7 422.4 441.1 447 442.5 436.6 435.6 436.4 439.2 441.6 440.2 436.3 432.1 429.9 436.2 438.4 428.8 421.3 406.4 392 397.3 399.8 388.7 381.9 377 368.9 362.9 370.1 389.2 408.5 421.9 431.4 434.5 432.3 432.1 426.2 432.1 438 442.9 444.8 447.1 447.6 447.9 446.3 440.8 437.1 436.4 435.6 433.4 434 432.5 423.1 413.7 402.5 393.4 397.4 402.5 407 407.6 406 401.6 397 389.9 384.8 367.4 352.2 345 336.8 330.7 327.1 341.3 351.7 352.9
398 399 400 402.7 413.3 419.1 431.5 443.8 442.5 437.7 435.4 437.4 438 440.2 441.9 438.8 434.9 434.5 441.6 448.1 442.3 433.9 427.4 414 407.9 411 400.9 394.6 386.2 378.2 370 366 366 385.7 408.1 420.5 422.8 422.6 423.6 418.1 426.7 432.3 437.7 440.4 442.7 443.8 445.1 445.5 443.6 440.6 441.9 442.2 438.7 437.9 437.4 434.7 422.4 411.6 402.3 402.9 408.2 412.7 415.1 415.4 411.4 408 403.6 396.6 386 366.5 360.4 352.7 342.2 335.5 327.1 333.5 340 341.3
397.6 398.8 399.3 404.4 411.7 421.2 429.8 439.6 436.5 434.2 436.2 439.4 443.7 442.9 441.2 436.7 435.6 442.9 450.7 448.2 443.5 430 426.7 427.1 428.2 414.8 402.9 391 383.2 376.2 367.8 365.6 361.9 384.4 404.7 415.8 415.9 415.5 417.7 414.9 425.9 431.7 436 437.9 438.3 439.7 440.7 439.3 440.1 444 444.5 442.6 441.4 439.7 436.3 430.8 421.3 415.4 411.9 413.3 417.5 419.4 423.3 422.8 421.1 417.7 408.5 398.7 382.4 375.9 369.1 361.1 349.9 337.2 330 326.7 332 336
396.2 397.1 398.3 402.4 410.3 422.4 426.3 429.8 430.9 434.3 436.3 444.4 445.2 444.9 440.6 437.5 439.5 449.6 445.8 445.2 438.2 432 437.5 438.2 430.2 419.1 413.9 395.9 384.1 371.8 366.8 362.3 364.4 384.6 398.4 408.9 407 409.9 410.5 411.2 422 425.7 427.8 427.7 427.4 427.7 431.2 435.1 440.1 443.8 444.2 442.9 441.7 440.1 441.1 434.5 426.2 422.4 421.7 423.2 425.3 428.9 430.1 427.4 425.7 419.6 407.6 399.2 391.4 386 377.6 367.1 356.8 350 342.7 325 327.1 328.9
393.6 394.7 396.8 400.4 406.5 419.7 420.1 424.3 433 437.6 441.5 447.9 445.4 444.7 440.8 438.9 444.7 444.5 443.6 445 438.1 438.7 443.2 440.3 432 425.2 409.5 394.6 378 368.1 364.9 355.4 370.7 380.2 393.1 397.7 399.8 401.2 394.7 400.6 406.8 408.2 410.3 411.9 417.7 421.5 424.9 431.8 440.4 443.7 443.9 443.6 443.9 445.3 443.5 439 433 430.9 431.1 432.6 433.7 436.9 435 433 430.8 421.9 414.5 406 400.7 393.5 384.9 376.7 372.9 366.9 354.5 335.4 328.4 323.3
389.7 390.4 392.2 395.9 405.7 410.1 418.6 429.2 435.5 434.9 439.2 443.2 445.2 443.3 439.6 442.3 446.6 446.9 448.5 441.1 440.4 446.1 444.4 440.1 430.1 418.2 404.3 386.2 371.5 367.1 363.2 355.2 369.4 374.2 379.5 385.8 389.1 388.2 383.7 382.4 387.5 393.3 399 405.2 406.3 407.9 420.9 436.7 442.3 444.3 444.7 445 445.3 446.6 445.8 443.9 441.9 440.1 438.7 437.9 438.2 438.6 438.8 437.8 433 426.9 421.7 417.6 414.5 407.8 396 394.5 391.2 385.7 367.2 358.4 347.2 340
383.3 383.6 384.8 387.9 396.2 406.6 414 420.1 426.6 434.9 440.6 442.6 441.3 440 441.2 447.6 451 450.7 442.4 441.5 448 448.7 444.5 436.5 425.5 413.7 395.4 379.6 373.3 369.1 362.4 354.6 365 358.4 366 377.2 379.4 373.9 368.3 366.3 372.8 380.9 386.8 386.7 392.9 410.2 432.5 442.7 445.3 445.3 445.4 445.4 445.1 447.8 446.6 444.4 442.2 441.3 440.5 440.1 439.9 439.8 439.2 436.4 434 433.1 427.8 426.3 421.8 417.2 412.7 411.3 407.1 394.8 383.4 380 371.4 360.4
