app/static/ascii/SN76.asc
ncols 200
nrows 200
xllcorner 270000
yllcorner 260000
cellsize 50
[rows 70 to 104 of 200, columns 0 to 77 of 200]
168.2 167.6 166.8 166.5 165.8 165.3 165.3 168.1 165.2 164.3 164.2 164.2 164.3 164.4 164.5 164.6 164.8 165.1 165.1 165 165.4 165.8 166 166.2 166.3 166.5 166.7 165.7 171.3 172.4 177.4 179.6 180.2 181.3 185 188.1 190.1 191.3 192.3 196.9 197.9 198.9 198.9 198.7 199.6 200.4 203.6 204.5 205.3 205.7 203.6 199.1 194.6 189.2 185.1 181.4 179 176.5 176.9 177.1 176.9 176.4 175.4 177.2 178.3 181.7 183.2 187 185.1 186.9 190.3 192.8 193.8 195.9 197.4 199 201.3 203.9
166.2 166 166 166.1 165.3 164.9 165.1 165.7 164.7 164.3 164.2 164.2 164.3 164.5 164.8 163.9 164.4 165 166.1 165.4 165.3 165 165.1 166.2 166.4 166.5 166.7 170.2 176 176.6 177.8 180.5 182.5 183.6 185.4 189.1 191.1 192.3 193.5 196.2 195.9 197.1 198.2 199.6 202.5 205.3 207.1 207.9 207.2 204.7 200.9 196.3 190.7 186.6 184.4 180 179 178.2 178.7 178.8 177.5 177.7 178.4 177.5 178 178.4 181.4 182.8 185.4 188.5 189.5 192.9 193.2 194.4 196.7 193.4 193.7 193.7
166 165.3 165.4 165.4 165.3 165 165 165.5 165.1 164.2 164.3 164.5 164.2 164.7 164.9 164.8 164.7 164.8 164.6 164 165.4 166.3 166 166.3 170.1 172.5 173.1 177.2 177.9 178.2 179 182.2 183.5 184.8 186.4 190.5 191.7 192.4 193.2 194.4 195.1 197.1 199.7 204.8 207 208.4 208.3 205.8 203.3 200 196.3 192.4 188.2 185.4 182.2 179.9 178.7 179.1 179.6 180 179.5 178.5 178.2 178.3 178 178.5 179 181.7 182.8 183.5 184.2 186.6 188.8 189.8 189.1 185.7 186.2 188.3
165.5 165.2 165.1 165.2 164.9 164.8 164.8 165 164.7 163.9 164 164.1 164.2 164.3 164.5 164.5 164.5 164.6 164.8 165.7 166.7 166.7 167.5 175.2 177 177.8 178.7 179.3 179.4 179 179.8 181.9 184.1 185.7 187.8 190.3 190.8 191.8 193.5 196.4 200.1 204.3 205.9 206.3 206.4 205.1 203.2 201 198.5 196 192.5 188.9 186.3 182.3 179.7 179.1 179 179.7 180.8 180.7 180.4 180 179.4 178.7 177 178.5 178.3 179.8 181 182.2 183.2 184.2 186.7 186.7 185.3 184.5 184.5 186.1
166.1 165.6 164.9 164.8 164.7 164.7 164.5 164.2 163.9 163.5 163.8 163.8 163.8 163.9 164 164.2 164.3 164.5 165 167.4 168 168.9 170.1 178.3 179.9 180.6 181 181.6 181.6 181 182 184.2 185.7 186.4 187.6 190.1 192.2 195.2 198.5 200.2 201.5 201.6 201.6 201.2 200.6 199.5 198 196.2 194 191.9 189 186.2 184.6 180.3 179.6 180.5 181.4 182.6 183.4 182.5 182.6 181.2 180.6 180.5 178.9 179 179.1 179.1 177.6 180.1 181 182.8 183.6 184.1 184 183.9 183.5 184.4
167.1 167.5 166.3 165.6 164.7 164.3 164.1 163.9 163.7 162.7 163.7 163.6 163.7 163.8 163.8 163.9 164 164.5 165.7 167.6 168.7 170.3 175 179.7 180.4 181.3 181.8 182.2 182.1 181.8 183.2 184.7 185.4 187 190 192.5 194.9 196.5 196.7 196.3 196.5 196.5 196.3 196 195.8 195.2 194.3 192.6 190.6 188.8 186.6 182.8 182 180.2 181.6 184.1 185.1 185.6 186.2 185.8 184.1 183.2 182 181.4 180 179.9 180.2 180.2 180 180 179.9 178.7 182.1 182.7 182.4 182.2 182.8 182.9
170.7 167.6 166.5 165.8 164.9 163.9 163.8 163.8 163.5 162.3 163.5 163.6 163.6 163.6 163.6 163.7 164 164.1 165.6 167.7 168.9 170.4 178 177.8 178.4 179.2 179.8 180 181 182.1 184 185.1 186.9 189.6 191.6 192.9 193.3 193.1 192.8 192.3 191.9 192.1 191.7 191.4 191.8 191.4 190.4 189 187.4 185.3 183.7 182.7 181.7 183.5 185.7 185.9 187.4 188.7 187.3 187 186 184.9 183.8 182.8 181.9 181.4 181.2 180.8 180.5 180.5 180.6 179.8 180.1 181.1 182.6 182.9 182.7 183
170.1 167.4 166.2 165.1 164.2 163.9 163.6 163.5 163.6 163.1 163.4 163.5 163.5 163.4 163.5 163.6 163.8 164.1 164.3 165.8 167.9 170.7 174.2 176 176.2 177.2 177.7 179.6 182.1 184.4 185.5 187.4 188.8 190.3 190.8 190.2 190.1 189.4 189.1 188.8 187.9 187.1 187.6 188.2 187.5 186.8 186.2 185.6 184.6 184.4 184.9 183.3 183.3 187.8 189.4 188.4 189.3 190.7 189.5 188.8 187.7 186.5 185.3 184.3 183.4 183.2 183.1 182.3 181.6 180.9 181 180.9 180.5 180.3 180.8 181.4 182.8 183.6
168.3 166.5 165.8 165.1 164.4 165 164.8 163.3 163 163.2 163.4 163.3 163.3 163.3 163.4 163.5 164 163.8 164.9 167 169.2 171.1 174.1 177 176.1 176.7 178.2 180.8 184.2 186.5 188.1 189.4 189.9 189.4 188.7 188 187.3 186.6 186 185.9 186.7 187.2 187.1 187 186.9 186.5 186.5 186 185.4 185.3 185.3 184.8 185.6 190 191.3 191.8 192.1 191.2 190.5 189.6 188.9 187.9 185.4 184.8 185 184.7 185 184.6 184.5 183.3 181.6 181.6 181.3 181.1 181.7 181.9 182.3 183.7
168.5 166.8 166.5 166.4 166.5 166.8 165.9 163.1 162.8 162.3 162.2 163.2 163.2 163.2 163.3 163.3 163.6 163.6 163.9 169.3 171.3 175 177.2 176.9 176.9 177.4 180.7 184.4 186.6 188.1 189.1 189.2 188.3 187.3 186.7 186 185.5 184.8 184.9 185.9 187 187.6 187.6 187.9 187.9 187.9 187.5 187 186.3 185.8 185.9 186.8 188.8 193.2 194.3 194.8 193.6 192.3 190.7 189.8 189.5 187.9 185.1 185 185.8 186 186.6 186.7 186.2 185.1 184.2 182.9 182.2 182 182.6 182.7 182.7 182.9
170.7 170.1 168.6 168.5 167.6 166.8 165.3 163.1 162.7 163.2 163.4 163 163.1 163.1 163.1 163.2 163.1 163.5 164.9 167.8 170.4 172.8 175.4 176.2 177.7 180.4 183.2 185.5 186.9 187.1 186.5 185.8 185 184.8 184.4 183.8 183.6 184.2 185.4 186.4 187.3 187.8 187.8 188.1 188 186.9 186.5 186 185.6 185.3 185.7 186.9 189.4 193 193.3 193.2 192.8 191.5 188.7 186.1 185.4 183.9 184 183.8 184.5 185.2 186 186.1 185.8 184.7 183.9 183.4 182.5 182.6 183.2 183.7 183.4 183.6
173 171.2 169.4 168.6 167 165.8 162.3 162.8 163 163 163.1 163 162.9 162.9 163 163 163.1 163.4 164.3 166.8 171.1 174.7 176.5 177.4 178.5 180.7 182.6 183 183.4 183.7 183.1 182.4 182.4 182.4 182.3 183.8 183.9 185.3 186.4 187.3 187.9 187.8 187.9 187.3 186.4 185.6 185.1 184.9 184.2 184.1 185.6 186.5 190.1 191.7 192.2 192.5 191.2 189.6 187.7 185.9 184.9 184.1 183.8 183.7 184 184.5 185.1 185.1 184.8 184.2 183.6 183.2 182.9 183.2 183.4 183.6 183.8 184.6
173.9 170.9 169 167.8 165.4 162.6 161.3 161.3 162.8 162.7 162.8 162.8 162.8 162.8 162.8 162.9 163 163.2 164.2 168.5 171.8 174.7 175.4 175.6 176.4 177.5 178.5 179 179.9 180.2 180 180.5 180.4 182.4 184.2 186 187.6 188.2 188.4 188 187.7 187.2 186.4 185.5 184.9 183.5 183.4 183.1 182.4 182.9 185.2 188.2 189.8 190.4 190.9 190.9 190 189.2 188.3 186.7 185.4 184.2 184.5 185.3 185 185.4 185.5 185.2 184.6 183.8 183.5 183.2 183.4 183.5 183.7 183.9 184.3 184.7
173.9 169.9 167.9 165.2 162.7 162.4 162.3 162.6 162.5 162.6 162.6 162.6 162.6 162.6 162.7 162.8 162.9 163 163.8 166.7 168.9 169.8 170.6 171.6 172.2 173.2 174.5 175.5 176.2 176.6 178.4 180.1 183 185.1 187.5 188.9 189.9 189.7 189.1 188 186.7 185.7 184.7 183.4 182.9 181.6 181.2 181 181.7 183.8 185.8 187.3 188.2 189.3 190.4 190.1 189.9 189.1 188.2 186.9 185 183.8 184.2 183.5 185.3 185.7 186.1 184.2 183.6 183.7 183.5 183.5 183.7 184.1 184 184.3 184.5 184.3
170.7 168 165.3 162.7 162.1 162 162.2 162.2 162.4 162.4 162.4 162.4 162.4 162.5 162.6 162.7 162.8 162.8 162.9 163 164.2 165.4 166.1 166.6 168.1 169.9 171.3 173.4 175.9 178.7 181.8 183.7 186 187.3 189.4 190.1 189.6 188.8 187.7 186.3 184.8 182.8 181.7 180.6 179.7 178.2 178.4 179.6 181.5 183.5 185.7 187 188.1 188.9 189.6 189.9 190.2 189.3 188 186.3 184.7 183.6 183.7 183.3 185.1 185.8 183 182.8 183.2 183.9 183.8 184.3 184.3 184.3 184.4 184.6 184.8 185.2
169.2 166.7 164.3 162.8 162 161.7 161 162.1 162.3 162.3 162.3 162.3 162.3 162.3 162.4 162.4 162.5 162.5 162.6 162.9 163.6 164.2 165 166.4 167.3 169.3 171.6 174.6 178.4 181 183.4 185.6 185.8 186.3 186.6 186 185.3 184.4 183.5 182.9 181.7 179.6 177.6 176.1 176 176.2 177.5 178.9 181.3 184.2 186.1 187.5 188.1 188.8 189.1 189.4 189.8 190 187 184.9 185.2 184.9 183.6 182.6 184.7 185.6 182.9 182.7 183.6 183.9 184.9 185.7 186.1 185.1 189.4 195.5 187.7 186.9
168.1 165.3 163.3 161.9 161.6 161.8 162.2 162.2 162.2 162.2 162.2 162.2 162.2 162.2 162.2 162.3 162.3 162.2 162.5 162.8 163.5 163.6 164.6 166.2 167.7 169.7 173.8 176.8 179.4 181.9 183 183.2 182.9 182.5 181.9 182 181.2 180.5 180.3 179.4 178.6 178.3 177.1 175.9 174.7 175.2 177.2 179.8 182.9 184.5 185.7 185.9 187.1 187.5 187.7 186.6 184.8 182.5 182.2 180.4 183.5 182.1 181.2 181.5 183.8 182.5 182.6 183.3 184.8 185.5 186.2 188.3 190.4 194.1 202 203.5 198.9 196.1
166.3 163.4 162.5 161.7 161.8 161.6 162 162.1 162 162 162 162.1 162.1 162.2 162.2 162.1 162.3 162.2 162.2 162.6 164.6 165.9 166.8 167.3 169.4 171.9 174.2 177 178.2 178.9 179.3 179.4 178.9 178.6 178.3 178.8 178.3 178 177.4 176.9 176.5 176.3 175.8 174.7 174.1 174.6 177 179.1 181.4 182.6 182.7 183.3 184.5 184.5 183.3 181.7 179.8 179.2 179.5 179.2 179.6 180.6 180.6 180.8 181.1 181.5 183.9 187.2 190.3 192.1 193.9 195.4 196.8 200.4 210.1 207.2 207.3 205.2
164.7 163 162.2 161.4 161.4 161.5 161.6 161.8 161.7 161.7 161.8 161.9 161.9 161.6 162.2 162.1 162.3 162.4 163.1 165.7 167.5 168.6 169 169.8 171.3 172.3 173.8 175 175.5 175.4 175.7 175.8 175.7 175.5 175.5 175.6 175.4 175.3 173.7 173.1 172.5 172.7 173 173.5 173.4 174.2 174.8 176.7 177.5 179.1 179.3 181.2 182.8 181.8 179 178.4 177.8 178.2 179.3 179.6 180.5 181.8 181.8 181.8 181.9 186.1 193.3 193.2 198.9 203.1 203.6 203.9 204.7 206.4 211.8 214.3 215.3 215
163 162.2 161.8 161.4 161.5 161.4 161.8 161.8 161.8 161.8 161.5 161.4 162.4 163.1 163.7 163.6 163.4 164.9 167.2 168.7 170 171.2 171.7 171.9 172.2 172.7 172.7 172.8 172.4 172.2 171.3 171.6 171.3 170.9 171 171.2 171.3 171.2 172 172 172.2 172.7 173 173.1 173.2 173.5 173.8 175 176.2 178 177.4 178.3 178.9 178.9 177.8 178.1 179.4 179.5 179.5 180.3 181.8 183.3 183.5 184.1 190.2 198.1 211.8 199.6 208 210.1 209.7 209.4 211.2 212.5 217.9 220.5 223.2 224.9
162.3 161.4 161.6 161.4 160.5 161.8 161.7 161.8 161.7 161.5 161.1 162.1 164.1 164.4 165.5 165.4 165.1 166.8 168.6 170.5 171.9 172.4 172.3 171.8 170.9 170.7 170.1 169.8 168.9 168.9 169.1 169.6 169.6 170.1 170.3 170.5 170.8 171.1 171.3 171.7 171.9 172.2 173.1 173.2 173.3 173.1 173.7 174.2 176 177.1 176.2 176.4 177 177.3 178.2 178.8 180.4 179.9 180.5 180.7 182.9 185.9 187.4 190.5 199.1 209.4 212.3 211.8 213.3 213.6 213.6 214.5 216.4 218.2 224.9 227.8 231.5 236
161.7 161.3 161.3 161.5 161.7 161.7 161.7 161.7 161.5 161.3 161.3 162.7 164.2 164.9 165.2 165.4 165.7 167 168 169.3 169.9 170.3 170 169.2 168.1 167.8 167.8 168.1 168.3 168.5 168.8 169.1 169.5 169.8 170 170.3 170.6 170.9 170.9 171.6 171.6 172.1 172.6 172.8 173.2 173.4 173.9 175.1 178.2 175.3 175.8 176.4 177 178 181.4 182.9 185.1 184.5 181.9 184.5 190.2 190.1 189.1 193.8 202.3 210.6 212.6 216.5 217.7 217.8 218.2 220.1 222.5 228 232.2 235.3 239.3 241.5
166.7 161.5 161.4 161.5 161.7 161.6 161.6 161.5 161.3 161.3 161.3 161.8 162.5 163.3 164.1 164.6 164.9 165.3 165.7 166.6 167 167.2 166.7 166.6 167 167.2 167.4 167.8 168 168.5 168.8 169 169.2 169.5 169.7 170 170.2 170.8 170.5 170.5 170.7 171.6 172.2 172.6 173 173.7 174.3 175.1 174.7 175.5 176.1 176.7 177.9 180.2 182.9 186.8 190.1 191.1 187.9 192.4 194.5 193.5 193.1 200.9 210.3 214.5 216.7 219.9 221.5 222 222.7 224.1 226.9 236.4 240 244.1 247.6 252.6
162.6 161.2 161.4 161.6 161.7 161.6 161.5 161.4 161.3 161.3 161.3 161.6 162 162.2 162.9 163.7 163.2 163.9 164.2 164.5 164.8 165.5 166 166.2 166.5 166.8 167.1 167.4 167.8 168.3 168.7 168.8 169 169.2 169.4 169.7 169.8 170.1 169.7 170.2 170.6 171.3 171.6 172.5 173 173.6 174.2 174.7 175.3 176 176.6 177.4 180.8 185.4 189.9 192.8 193.8 195.7 197.1 198 198 198.1 199.9 207.3 215 217.6 220.3 223.9 225.1 226.3 227.2 228.6 233.3 242 245.5 249 252.3 255.8
161.4 161.7 161.7 161.6 161.6 161.5 161.4 161.3 161.3 161.3 161.4 161.6 162 162.1 162.2 162.3 162.2 162.8 163.4 163.8 164.1 164.2 165.1 165.9 166.3 166.7 166.9 166.9 166.6 167.5 168.1 168.6 168.9 169 169 169 168.9 168.9 169.5 170.2 170.9 171.5 172.1 172.6 172.9 173.3 175.6 175.1 175.9 176.6 177.5 179.4 184.2 190.9 194.4 196.5 196.9 198.3 200.2 202.3 203.4 204.1 206.9 215.2 220.9 221.9 225.1 227.1 228.7 230.3 231 234.7 242.1 245 248.6 252.5 255.2 258.4
161.3 161.5 161.5 161.4 161.4 161.3 161.3 161.3 161.3 161.4 161.4 161.7 161.9 162 162.1 162.2 161.8 162.5 162.9 163.3 163.4 163.7 163.8 164.4 164.6 165.2 166.5 166.2 165.9 166.3 166.8 166.8 167 168.1 167.9 168.3 168.5 169.1 169.5 170.2 170.8 171.7 173.4 173.4 173.1 173.9 175.6 175.9 177.9 181.7 182 186.9 193 196.5 197.4 199.1 199.7 202.1 203.7 205.7 208 210.3 216.1 220.5 223.4 226.3 228.5 229.3 232.4 234.5 236.3 242.2 247.6 249.9 253.4 257.2 260.7 261.8
161.1 161.5 161.3 161.3 161.3 161.3 161.3 161.3 161.3 161.3 161.4 161.7 161.8 161.9 162 162.1 162.2 162.4 162.6 162.8 163.3 163.8 163.5 163.7 164.5 165.1 165.8 165.6 166 166.3 166.5 167.1 167.5 167.8 168.1 168.5 168.7 169.5 169.9 170.5 171.1 172 172.7 173 173.5 174.7 175.4 177.1 181.7 183.3 185.1 193.6 198.6 199.8 200.1 201.4 202.8 205 206.9 209.4 212.2 214.9 220.3 223 225.9 229.2 231.3 233.5 235.5 237.8 242.9 247.4 252.2 253.9 257.7 261.2 263.7 263.3
161.3 161.4 161.3 161.2 161.2 161.2 161.2 161.2 161.2 161.3 161.3 161.8 161.7 161.8 161.9 162.1 162.1 162.5 162.7 162.9 163.3 163.7 164 164.4 164.7 165.1 165.7 165.8 166.5 166.9 167 167.6 167.9 168.3 168.6 169 169.2 169.3 169.8 171.2 171.5 172.1 172.4 173.6 173.9 174.7 177.5 184.4 183.8 188.2 189.1 197.6 200.7 202.4 203.2 204.2 206.2 207.9 210.6 212.5 216.1 218.8 222.1 225.3 229 232.2 234.7 237.5 240.4 242.6 251.6 252.9 255.5 260.3 264 266.8 268.1 267.4
161.3 161.2 161.2 161.2 161.2 161.2 161.2 161.2 161.2 161.3 161.3 161.5 161.6 161.8 162 162.4 162.3 162.5 162.7 162.6 163.5 163.9 164.2 163.8 164.6 165.3 165.7 166.3 166.7 167.2 167.5 168 168.4 168.8 169.2 169.5 169.8 170 170.7 170.9 171.2 171.6 172.3 175.2 173.9 175.1 180.5 185.7 188.1 192.6 195.3 200.4 202.7 204.6 205.8 209.7 212.2 214.3 216 216.6 218.7 222.1 225 229.1 233.2 236.8 238.7 242.4 246.2 251.3 256.5 257.6 261.8 265.6 267.6 269.2 269.7 272.1
161.1 161.1 161.1 161.2 161.2 161.2 161.2 161.2 161.2 161.2 161.2 161.5 161.8 162 162.2 162.1 162.3 162.6 162.8 163.1 163.1 163.4 164.2 164.7 165.3 165.7 166.1 166.5 166.9 167.5 168 168.5 169 169.5 169.8 170.1 170.4 170.5 170.7 171 171 171.7 172.4 173.9 173.2 174.7 179.2 185.6 190.3 194.8 197.9 200.9 203.7 206.6 209.8 212.6 215.6 218 219.8 221.3 224.2 227 229.2 232 236.8 239.3 241.4 244.7 248.8 254.2 257.7 261.1 263.7 267.2 270 270.9 270.7 270.5
161 161.1 161.1 161.1 161.1 161.1 161.2 161.2 161.2 161.2 161.4 161.5 161.9 162.1 162.1 162.3 162.5 162.7 162.6 163.1 163.4 163.7 164.4 164.9 165.6 166.2 166.6 167 167.4 167.9 168.4 168.9 169.5 170.1 170.4 170.8 171 170.7 171.2 171.4 171.4 171.8 172.2 173.2 173.8 175.5 181.5 188.8 190.6 196.5 199.5 202.1 206.6 210.2 212.1 215.2 218.5 220.6 222.7 225.2 228.3 231.6 233.5 236.1 238.5 241.5 246.1 250.3 258.1 264.8 262.1 262.3 265.7 269.6 271.2 271.7 270.5 269.6
160.9 161.6 161.2 161 161 161.1 161.1 161.1 161.2 161.2 161.3 161.6 161.2 161.5 162.2 162.6 162.8 162.7 162.9 163.4 163.7 164 164.4 165.1 166.2 166.9 167.1 167.5 168 168.4 168.9 169.4 169.9 170.5 171 171.3 171.8 171.6 171.8 171.9 172 172.1 172.1 172.9 174.6 178.4 185.4 190.1 192.7 198.2 202 205.9 210.4 214 215.8 218 221.5 223.9 225.9 228.5 231.8 235.1 237.7 240.8 246.6 252 255.9 262.1 272.2 270.4 265.5 264.9 267.6 270.9 273.3 272.8 271.6 270.2
161.4 161.9 161.6 160.9 161 161.1 161.1 161.1 161 161.2 161.5 161.1 161.5 161.8 162 162.5 163.4 163.2 163.3 163.7 164.1 164.4 164.8 165.4 166.4 167.4 167.6 168.1 168.6 169 169.4 169.8 170.4 171 171.6 172 172.3 172.7 172.6 172.6 172.7 172.7 173 173.4 175.8 182.4 186.9 190.7 193.7 198.6 204 208.7 213.5 217.8 219.2 222 226.2 228.7 229.6 231.8 234.5 237.9 241.4 247.8 253.5 258.8 266.7 276.8 281.8 271.7 268.2 266.8 269.6 273.1 275.5 275 273.3 272.4
161.9 161.9 160.8 160.9 161 161.1 161.1 161 161 161.6 161.2 161.3 161.5 161.8 162 162.9 163.1 163.8 164 164.4 164.6 164.9 165.2 165.8 166.5 167.3 167.9 168.5 169.1 169.7 170 170.5 171.1 171.6 172.2 172.5 173.2 173.5 173.5 173.6 173 173.3 174.1 174.7 177.2 184 186.7 189.3 193.2 199.2 205.1 210.8 216.7 221.5 223.7 225.7 229.1 232.8 233.9 235.9 238.1 240.6 246.4 252.8 259.5 267.5 278.2 290.3 288.9 277.8 271.4 269.4 272 276.1 277.9 277 276.3 276.2
161.9 161.7 160.8 160.9 161 161.1 161.1 161.2 161.2 161.3 161.5 161.8 161.7 162 162.3 162.4 162.7 163.6 163.9 164.3 165.1 165.5 165.5 166.2 166.8 167.5 168.2 168.9 169.5 170.1 170.8 171.1 171.8 172.8 173.2 173.6 174.1 174.5 174.7 176.3 175.3 174.3 174.8 175.9 178.9 181.3 183.9 187.5 193.1 198.1 204.3 210.1 215 219.5 222.8 226.2 229.7 232.5 235 236.9 238.4 241.4 248.8 257.6 267.7 278.4 291.5 296.7 284.2 276.4 273.4 272.1 278.8 283.1 280 279.1 284.6 283.9
