app/static/ascii/SN77.asc
ncols 200
nrows 200
xllcorner 270000
yllcorner 270000
cellsize 50
[rows 140 to 174 of 200, columns 78 to 155 of 200]
199.1 204.3 210.3 212.6 211.4 210.4 205.6 204.5 202.1 188.2 177.9 183.9 201.9 212.3 205.4 196 184.2 175.4 169.7 174.9 173.3 174.7 174.8 182.1 180 172.1 166.9 162.7 149.6 138.1 139.9 140.9 142.7 139.4 140 142 141.5 141.8 143 142.1 145.8 148.1 144.2 148.3 150 149.8 149.7 149.4 151 152.1 153.5 155.9 153.4 154.5 154.5 151 151.6 151.9 157 169.1 174.5 180.8 185.3 195.7 208 218.2 222.9 230.6 234.3 236.3 236.5 221.3 249.6 246.2 256.2 263.2 276.6 296.4
192.5 198.2 203.2 206.6 203.6 197.8 192.1 185.9 181.3 173 168.9 173 184.5 181.4 174 168.2 164.6 163.6 157.6 162.6 162 162.6 158.3 153.4 154.6 143.9 146.4 142.4 137.4 139.4 139.7 140.1 141.9 146 148.2 149.7 157.8 167.2 164.8 157.1 156.3 156.1 158.2 165.6 161.3 170.7 172.5 167.9 171.3 174.4 180 181.7 172.7 174.2 174.6 174.3 170 163.6 171.7 185.1 190.8 195.6 203.9 215.4 228.6 241.2 246.5 248.9 252 263.8 263 228.4 262.4 261.7 267.3 277.2 286.5 299.9
176.9 184 190.5 182.2 178.9 173.4 166.5 165 155.1 150.9 147.1 152.1 153.5 146.3 140.3 141.5 138 138.9 137.9 138 140.2 141.8 140.4 136 136.4 136.2 137 137.1 138.9 139.6 141.1 142.8 153.2 151.1 165.1 167.8 173.6 188.3 189.6 183.2 180.5 184.4 183 183.1 174.5 181.6 186.2 193.8 213.6 214.5 212.9 214.4 212.2 207.2 200.5 201.5 206.3 210.4 209.8 213.5 211.8 215.4 226.6 240.6 250.8 257.6 263.5 266.8 274.5 281.9 282.9 242.1 262.8 271.7 270.1 281.9 292.2 304.7
164 157.4 156.7 149.5 142.8 143.1 142.4 138.9 133.4 130.7 130.5 132.8 134.3 133.5 134.1 134.5 134.7 134.9 132.5 133.5 134.3 134.6 134.9 135.1 135.3 135.5 136.7 138.7 138.9 148.4 151.4 163.4 168 161.9 175.4 175.9 183.8 201.3 201.6 196.1 198.4 202.8 206.3 203.3 184.8 212.8 211 237.6 254.8 261.3 256.7 250.4 245.5 238 233.1 231.4 239.8 245.1 248.4 244.2 241.6 237.5 248.8 260.8 267.2 274.7 279.8 287.2 297.4 299.5 287 253.3 255.3 277.8 281.1 286 303.1 309.9
153.2 135.9 130.5 127.4 127.7 127.3 128.7 130.3 131.5 131.4 131.5 132 132.7 132.9 132.3 131.9 132 132.8 135.1 143.3 148 156.9 156 154.4 159.6 157.8 150.3 151.5 166.6 167.6 171.9 176.2 180.4 169.9 184.9 185 186.2 195.1 206.2 217.5 229 237.5 231.7 223.5 206.3 228.2 243.7 263.5 273.3 285.4 295.3 293.1 285.5 273.1 266.2 267.4 273.5 280.8 284.1 283 272.4 267.3 266.9 276.7 288.9 298.1 303.5 311.3 316.6 311.6 290.1 265.9 259.9 275.8 282.1 292.5 303.8 309.7
135.5 128.2 135.8 137.9 136.9 140.2 135 132.3 133.6 133.1 133.1 143.9 148.2 151.9 155.8 155.1 151.4 144.2 151.4 159.6 165.8 170.7 178.6 177.7 185.7 179.5 168.2 166.3 174.7 177.1 180.4 183.5 186.8 176.1 197 198.3 199.5 206.3 222.9 233.9 244.8 249.9 246.6 241.9 232.5 244.2 266.1 279.4 290.8 301.4 312.9 316.5 311.8 298 293.5 293.8 300.7 299 302.3 295.6 292 287.9 287.3 301.1 313.9 323.7 330 331.8 329.6 314.8 291.1 258 266.7 288.6 289.8 294.8 302.6 310.1
128.1 144.9 152.9 159.7 167 159.1 154.2 155.6 148.7 142.2 155.1 164.3 181.4 190.7 181.7 167.8 163 159.7 166.1 174.2 181.1 180.4 183.3 189.1 189 181.3 176.9 176.6 182 184.4 186.2 191 203.1 184.2 203.5 205.3 207.3 224.2 235.5 244.8 254.5 256.7 253.8 257.7 256.8 259.9 277.2 286 296.8 310.5 319.7 321.8 316.7 308.1 307.5 307.8 310.4 307.5 307.2 306.1 304.6 308 316.2 326.8 343.8 351.5 352.1 349.4 338.1 319.1 284.1 269.9 279 293.1 295.4 299.7 300.7 309.3
144.5 153.2 157.8 166.9 174.8 179.2 183.6 172.6 161.5 160.2 166.7 181 190.9 200.3 194.8 190.4 175.1 171.4 176.7 185.2 193.5 189.4 186.4 188 187.9 190.3 187.8 201.8 198.2 196.7 198.1 209.6 208.9 203.5 208.6 208.8 214.8 243.8 252 255.7 261.7 261.9 261.9 269.8 274.4 264.2 280.9 287 295.4 308.6 320.6 319 308.8 314.2 311.2 309.7 311.4 316.2 318.7 322.2 334.5 327.2 336.3 351.2 358.2 361 359.1 355.6 342.7 323.7 298.7 278.5 288.6 297.9 303.2 301.3 305.9 310.6
151 155 163.4 178.3 186 201.8 194.5 176.5 171.3 169.6 178.1 195.1 199.8 205.5 204.3 199.3 193.1 188.1 186.1 202.2 205.7 196.9 193.4 196.6 200.8 200.9 200.9 219 212.6 211.6 213.4 211.4 204.4 210.2 217.7 227.9 240.8 252.8 258.7 262.6 265.1 266.6 271.6 282.1 288.8 283.4 278.8 280.7 287.7 298.7 306.6 300 307.3 312 309.5 310.5 321.8 325.3 329.5 331.7 341.2 338.5 346.1 355.5 359.5 361.9 362.6 360 346.1 329.4 310 287.5 285 301.5 307.7 308.2 308.2 313.2
152.4 158.2 170.5 186.2 193.8 205.7 195.5 177.5 176.2 175.8 190.6 202.9 218 215.4 212.1 207 204 202.5 202.2 216 213.2 207.7 204.3 210.9 213.2 214.9 218.3 229.6 238.9 228.2 225.4 215.3 209.2 217.9 232.7 237.5 246 260.8 259 265.1 270.3 276.5 284.6 298 312.2 305.1 292.4 288.9 289.5 290.2 297.9 298.4 298.9 305.9 309.3 313.7 319.8 319.7 324.6 327.7 333.9 339.5 345.8 353 358.3 359 359.5 356.1 348.7 330.3 311.3 299.3 288.4 305.2 314.6 316.7 318.9 323.6
153.6 165.8 180.6 185.5 193.9 204.7 190.7 181 183.6 197.1 206.9 217.4 229.1 225.2 218.4 215.3 214.4 210.3 213.3 225.1 225.5 217 217.2 219.4 224.2 225.5 232 244.9 249.4 233.7 225.9 220.4 217.4 224.6 233.1 235.1 244.5 257.2 267.1 285.5 285.6 288.9 297.1 311 325.2 319.7 307.6 298 296.1 296.8 299.3 300.5 299.2 301.7 305.5 306.6 309.6 312.3 316.7 321.8 326.9 331.4 341 351.8 360 361.3 358.8 358.6 352.1 330.4 312.7 303.3 292.7 298.2 321.9 326.1 330.7 335.6
157.5 170.6 189.1 189.3 202.3 202.9 194.7 185.6 194.4 204.7 214.9 230.7 237 232.9 225.1 222.4 225.9 223 228.9 234 232.2 226.8 227.1 229.6 232.6 236.7 245.1 254.7 253.9 237.9 230.3 226.9 226.4 233.4 235.1 240 253.7 280 289.5 300 295.9 299.8 307.8 319.5 330.9 331.3 321.3 312.2 305.7 305.1 302.6 301.2 301.2 300.1 300.9 303.7 307 308.6 308.8 314.7 321.5 327.2 340.5 351.7 358.7 357.3 355.7 355.4 351.7 333.4 320.5 313.1 317.1 306.3 314.9 334.3 341.2 345.8
161.4 182.1 192.8 198.8 203.4 204.4 197.9 190.5 199.1 212.4 233.5 240.3 238.9 235.6 231.5 231.4 235.4 232.1 235.2 239.6 239.1 236.8 235.1 236.5 240.8 244 249.6 259 248.6 241.7 236.8 233.9 229 238.3 241.8 252.3 275.9 298.2 304.3 308.4 301 303.3 312.3 322.1 331.8 338 336.9 325.4 316.1 309.4 305.4 303.2 301.6 300.4 300.2 301.8 307.6 307.8 307.8 309.6 314.3 319.5 335.4 345.1 353.4 348.8 352.2 351.2 349.1 341.1 332.8 323.7 326 326.2 308.5 317.9 332 345.5
179.5 195.3 209.2 208.6 219.1 211.3 207.1 200.1 223.3 238.2 237.3 250.9 250 245.3 243.7 249.2 247.1 238.7 242 247.7 246.3 245.8 249.9 250.7 261.4 251.8 249.7 249.4 248.3 244 241.7 239.7 235.1 246.5 249.7 261.5 292 307.9 300.7 300.3 300.1 306.4 317.8 325.7 340.8 352.4 349.4 336.3 323.2 315.6 310.4 306.8 303.4 300.8 300.1 301.6 307.6 307.7 307.8 307.6 308.4 311.6 316.4 324.2 328.7 338.3 347.2 351.1 349.6 352.5 338.7 332.2 331.7 340.1 325.5 315.3 319.9 336.8
186.2 197.9 207.7 220.3 226 220.3 216.1 210.4 224.4 249.2 244.7 263.9 263.2 257.2 256.6 260.6 254.6 249.5 254.2 258 254.2 252.2 256.4 260.2 260.5 255.7 252.9 251 248.3 245.2 246.1 246 241.1 252.5 256.4 269.8 290.4 293.6 295.9 299.3 309 315.5 327.8 341.1 354.3 362.3 357.8 344.2 329.3 323 317.5 310.5 307.3 303.7 302.1 304.2 307.6 307.6 307.7 307.6 307.8 308.5 312.9 320.3 322 327.6 346.1 352.7 358 362.5 350.4 340.8 339.4 342.4 344.5 341.5 332.7 327.7
176.7 188.1 208.6 230.4 234.8 229.6 232 224.6 221.3 238.8 253.2 277.8 276 270.1 267.3 265.9 262 260.9 263.1 263.5 260.9 259 259.6 260.8 260.7 257.1 254.8 252.6 251.9 251.1 251.5 253.1 248 249.4 255.4 262.3 269.8 280.8 301 315.1 323.6 331.3 343.4 359.4 366.7 369.4 361.9 348.6 337.3 330 322.5 314.1 310.9 309.1 307.2 309.8 310.2 308.6 309 308.5 308.4 309.3 312.5 316.4 319.4 330.3 343 355.9 364.9 370.8 361.4 345.6 345.6 347.4 350.3 352.8 349.2 333.8
177.3 189.6 212.1 237.3 240.9 232.2 240.2 234.3 227.8 238.9 260.2 279.5 282.1 278.6 273.8 272.8 268.2 269.1 270.2 268.1 266.3 264.5 265.1 264.6 261.7 259.3 257.7 255.6 258.6 258.3 257.5 259.4 262 254.7 261.6 262.4 272.5 288.4 315.7 329.3 331.3 339.4 348.4 363.7 370.9 371.3 361.9 351.4 342.6 335.3 327.8 319.1 314.6 313.1 315.4 319.1 323.1 320.4 316.6 312.3 310.9 311.6 313.6 317.6 318.3 330.1 338.2 357.9 370.7 378.7 372.7 355.5 350.2 349.8 352.6 355.5 357.3 341.6
205.1 212.2 211.7 221.9 226.7 227.1 230.4 234.1 247.9 240 247 264 269.8 268.8 267.2 269.4 275.3 280.5 280.8 280 276.2 271.5 270.2 268.2 266.8 265.1 263.1 267.9 278.3 274.4 271.7 267.5 268.6 266.9 263.7 267.3 279 296.5 315.3 325.4 326 331.4 340.1 361 371 369.4 363.1 354.6 347.1 339.3 331.4 320.7 319.9 322.5 326.2 335.9 335.4 330.1 326.1 318.9 315.5 315.3 316.6 318.3 318.6 328.6 339.9 360.2 378.3 390.8 378.3 358.8 356 355.5 356.2 359.5 361.5 359.4
214.7 230.3 231.9 225.2 219.2 223.7 228.7 231.8 249.8 253.5 254.5 250.3 257.6 263.6 271.7 282 287 290 288 287.7 283.1 277.6 275.9 274.7 273.5 271.6 272.8 279 284.9 286.6 289.9 286.8 277.8 272.5 270.3 273.2 276 287.1 297.5 308.1 316.2 321.9 335.5 359.2 370.6 367.1 361.4 356.7 349.1 340.8 332.8 327.9 329.3 331.2 338.5 346.9 343.7 337.8 334.6 334.1 324.8 321.7 321.9 319.5 320.2 326.4 341.1 358.4 373.8 383.8 374.9 368.1 362.3 360.6 360.7 362.3 364.9 365.4
232.2 241.4 247.5 256.5 249.7 242.5 236 239.5 250 261.4 261.3 256.1 258.8 267.2 270.3 275.4 282.2 287.9 290.2 290.8 293.6 288.9 283.9 283.7 282.5 282.3 282.8 285.3 290 296.7 301.3 293.9 286.9 279.1 276.6 276.8 280.2 282.2 286.7 297.1 308 314 330.3 357.4 364.4 364.5 362.9 360.1 350.1 341.1 335.9 332 335.1 341.2 349.5 353.7 351.7 344.9 344.9 344.4 338.4 331.7 327.1 322.1 322.2 325.2 338.6 348.9 363.8 369.1 369.3 369.3 365.8 364.5 363.9 365.5 367.3 369.1
243.1 249.1 266.9 271.3 266.8 260.9 252.5 252.6 260.4 269 266.9 260.9 262.2 263.3 267.6 272.7 286.9 296.8 300.1 311.4 314.2 305.3 300 297.9 292.2 288.9 291.8 292.2 295 303.9 306.9 301.4 296.2 286.9 283 281.7 285.4 288.9 292.6 291.3 300 307.2 326.2 349.6 356.5 362.2 361.8 360 351.7 342.3 338.8 337.5 339.6 345.6 356.4 361 359.1 354.6 357.5 359.6 351.4 344.1 333.2 326.8 326.1 329.7 334.1 342.8 350.6 357.1 365.3 370.4 368.3 367.5 366.8 368.3 369.8 372.2
247.9 260.3 271.8 278.1 272.9 270.3 265.8 264.3 275.2 279.8 277.7 272 268.2 270.7 274.4 287.2 306 313 320.5 327.3 329 319.5 312.9 307 300.6 296.9 298.7 300.5 300.8 308.6 308.8 308.8 302.4 294.7 288.3 286.6 286.8 292.3 297.1 298 296.8 303.7 324.1 341.8 354.2 361.8 363.1 361.4 354.8 343.2 338.8 339.5 344.6 349.9 361.1 367 365.4 359.6 366.3 367.5 359.1 351.5 344.7 335.4 330.1 332.7 337.9 341.4 347.1 354.1 365.1 369.4 370.4 370.1 369.7 371 372.4 374.8
255.2 267.4 278.3 280.6 277.7 270.9 271.5 274.2 278.8 275.8 275.6 274.9 284.6 291.5 295 301.3 317.7 325.8 332 337.8 336.2 331 324.7 316.6 308.7 308.4 305.9 304.8 307.1 308.6 309.1 312 307.8 297.8 296.2 292 291.3 291.4 301.3 300.9 301.9 300.3 319.4 343.1 354.2 362 364.2 362.1 358.3 347 341.4 340.9 348.4 354.8 366 375.8 368.3 367.9 375.4 381.6 372.6 358.8 351.3 340.4 335.2 338.3 341.9 347.1 348.7 353.5 359.9 367.6 369.4 371.9 373.3 373.6 375.2 377.6
259.3 269.3 279.1 280.1 276.8 272.5 279.3 282.7 281.1 276.3 278.3 290.1 298.8 301.9 305.9 315.3 327.9 331.8 336.9 343.8 345.7 343.2 333.9 333.5 325.5 319.9 318.5 315.3 318.4 323 319.4 318.7 314.3 306.3 302.9 301.1 300.4 296.6 299.9 300.8 303.7 303.5 316.2 340 350.1 361.7 364 362.1 360.3 351.3 350.1 346 351.3 359.4 372 382.2 376.3 373.9 380.1 387.9 382.3 364.2 349.9 342.2 339.3 339.6 345.9 355.1 358.7 358 360.2 364.6 369.3 374.2 375.2 376.3 378 379.5
259.6 268.3 279.6 281.1 278.4 272.8 279.5 278.2 278.8 286.5 292.8 296 302.7 309.7 313.1 319.5 328.1 334.2 340.1 349.3 353.7 352.1 345.8 345.8 337.4 333.3 335.8 332.3 336.6 337.2 333.9 331.3 327.7 316.5 310.8 313.6 313.7 301.9 304 301.2 310.9 310.7 314.9 334 343.8 356.5 362.5 362.5 360.8 353.6 349.2 348.3 355.5 364.7 376.6 389.1 379.9 378 383.3 389 386.1 365.2 353 346.1 341.8 343.2 353.6 372.4 371.9 362.9 363.2 367.9 371.7 376 378 379 380.7 382.6
262.8 275.4 280.6 284.9 280.2 278.8 278.9 279 283.1 293.4 300.1 303.4 310.3 315.8 319.5 322 329.7 335 342 347.7 349.7 351.9 354.4 353.8 346.7 339.9 341.8 342.4 350.4 345.9 341.1 338.2 333.4 326.2 323.6 328.9 329 310.8 308.4 312.3 312.9 315.5 312.3 327.6 339.3 349.9 359.6 361.5 361.3 356.9 348.8 351.7 360.8 370.8 380.8 388.4 382.3 383.4 389.9 389.2 388.5 371.4 361 349 347.3 348.7 369.1 386.6 382.4 369.8 369.3 370.2 374.5 378.3 380.9 383.2 385.3 386.6
268 274.5 281.9 286.4 282.8 282.1 279.9 283.8 289.2 300.1 306.4 310.2 317.8 319.4 320.4 320.7 326.4 331.9 338.8 344.7 351 357.5 361.3 354.9 346.1 341.6 345.7 349.2 355.2 350 346.9 342.4 339.1 335.1 335.4 340.2 332.1 319.9 314.7 318.6 314.8 317 314.1 322.9 335.3 347.1 353.5 361.3 361.3 360 349.9 354.5 363.8 375.7 382.2 385.7 387.6 392.8 398.1 395.7 388.3 371.1 355.9 351 349.4 362.2 383.8 398.1 385.8 375.2 370.6 372.1 376.7 378.9 383.3 387 389.2 389.6
269.3 276.1 287.3 285.8 286 287.1 285.9 289.3 296 305.5 309.8 317.1 320.7 319.7 319.1 319 320.5 329.3 327.3 333.9 344.9 352.1 353 341.7 332.4 340.5 347 349.9 350.3 350.6 349.1 346.4 345.3 343.2 345.5 345.3 337.8 331.6 324.2 322.4 318.9 320.7 322.7 323.1 328.5 339.2 351 361.3 361.3 355.5 351.9 357.1 369.9 381.2 384.9 387.1 389.9 401.3 399.7 399 389.2 372.9 359.5 355.2 358.8 372.6 390.5 400.9 389.9 381.5 376.4 376.5 379.9 381.1 385.6 389.6 390.8 392.3
272.6 280.2 283.7 287.2 290.8 288.5 288.5 293.6 300.4 308.4 309 313.8 318.8 317.7 315.2 314.3 314.5 316.4 316.8 322.3 330.1 334.1 331.9 329.4 340.8 340.9 348.8 350.1 350.5 348.9 348.3 349.1 350.7 351.7 353.7 351.7 345.1 339.9 333.1 327.1 319.6 326 329.8 330 328.7 334.9 350.7 357.5 355.7 349.3 350.7 360 370.9 382.1 390.1 398.9 398.6 407.6 404 401.5 392.1 378 368.7 364.8 367.7 375.8 393.1 399.5 396.1 388.8 382 379 379.5 384.4 389.1 391.4 393 395.3
273.6 280.7 284.8 288.3 294.1 290 291.7 298.2 304.6 310.3 309.2 312 314.3 313.5 311.4 312.5 313.1 313.7 315.9 318.3 322.6 326.9 328.4 330.4 339.6 337.9 342.4 341.3 344 342.1 346.1 351 354.9 359.4 361 357.1 357.5 348.5 341.7 334.6 327.1 329.8 331.4 333.2 334.5 336.5 340.3 349.6 349.6 348.6 351 358.7 370.3 383.7 401.5 401.6 405.2 414.1 410.4 412 404 390.7 382.3 377.8 377.1 382.9 403.7 405.1 401.6 396.8 389.5 385 386.1 387.7 391.6 393.8 395.2 396.7
270.1 283.4 288 290.7 292.5 296.9 302.1 300.5 304.3 307.1 310.1 310.1 311.2 310.6 309.2 309.7 311.7 314.3 317.8 320.5 322.7 324.2 329.1 331 334.3 335 336.8 338.5 338.8 339.1 344.6 351.4 358.2 363.9 365.9 370.3 369 355.1 346.7 340.7 330.3 334.1 336.9 338.2 338.9 341.1 342.9 342 347.5 351 354.7 362.4 375.7 388.3 400.2 404.5 409.6 419.5 418.5 424.2 418.8 405.3 396.2 391.7 388.3 401.8 413.3 415.2 411 405.2 398.4 394.9 392.2 392.4 393.7 396.6 398 399.4
279.6 287.4 287.6 298.7 294.7 299.7 301.6 301 300.3 302.6 304.7 306.5 309 308.8 308.8 309.9 312.2 314.6 318.5 320.1 322.6 326.6 329.2 329.7 331.7 333.5 335.3 338.1 338.8 341.6 346.4 352.9 359.1 366 371 371.2 371.2 358.1 349.1 341.7 334.1 340.4 341.7 342.5 342 344.4 345.4 349.1 346.9 350.9 355.4 365.7 376.7 387 401.3 406 411 416.7 421.7 434.7 424.4 413.8 408.6 403.9 405.2 414.3 423.2 421.8 420 415.2 411.8 403.9 400.5 397.6 397.8 399.4 401.1 402.6
278.1 282.4 286.9 296.3 294.4 297.7 295.7 295.1 295.7 297.9 299 302 305.3 307.2 308.8 310.5 313.3 317.4 321.2 326.4 328.7 329.4 330.1 331.3 332.4 333.5 335 337.9 338.9 343.3 347.9 353.9 359.9 367.2 370.6 370.8 370.4 355.8 347.6 341.4 340.1 340.5 343.5 344.8 345.6 347.8 350.7 351.5 349.7 351.9 358.3 366.7 377.4 388 398.9 405.8 412.2 417.8 425.7 430.4 427.3 420.5 418.1 415.9 418 427.4 430.3 430.5 427.8 425.8 424.2 416.9 407.2 401.9 400.2 402.4 404.2 405.5
271.7 275.9 279 285.9 289 292.4 289.7 290.8 292.3 296.1 298.8 301.4 304.4 307.2 310.4 313.1 317.3 322.4 330.9 334 332.5 333.3 332.9 333.7 334.9 335.8 336.8 338.3 340.3 344.6 349.2 355.3 362.1 367.5 369.5 378.6 369.4 351.4 345 343 341.3 341.5 344.9 349.4 349.4 351.4 354.3 355.4 357.1 359.1 360.3 368.5 380.1 386 398.7 405.2 412.2 418.7 428.6 429.3 429.8 427 427.2 426 432.2 437.6 440 437.9 436 435.6 437.5 432.9 413.4 404.7 403.8 405.7 407.6 409
267.9 270.1 274.9 278.5 283 286.2 290.3 292.5 296.1 298.7 300.3 304.3 307.4 311.6 314.5 318.4 325.4 332 338.8 340.3 337.1 338 336.4 336.6 337.3 338.3 339.2 340 342.8 346 351.2 357.6 362.5 367.6 372.5 380.5 362.6 351.7 347.6 346 346.1 346.8 348.9 350.9 353.4 358.8 360.6 358.7 361 364.6 366.9 370.3 374 384.2 395.7 400.5 409.7 420.1 428 431.4 431.3 431 432.9 435.2 440.5 445.8 445.8 443.3 442.7 445.7 447.3 443 423.4 410.1 408 409 411 413.7
