app/static/ascii/SN78.asc
ncols 200
nrows 200
xllcorner 270000
yllcorner 280000
cellsize 50
[rows 0 to 34 of 200, columns 78 to 155 of 200]
396.8 418.9 434.3 435.9 453.1 472.5 478.1 476.4 470.8 468.9 470.7 471.2 468.6 463.4 452.7 437.8 427 413.2 408.7 409.5 410.9 419.6 423.8 425.8 425.4 423.8 420.9 414.8 406.6 398.8 387 375.8 371.8 372 371.1 367.1 360.5 370 373.8 377.3 379 381.7 384.1 386.6 388.8 392.2 395.1 395.6 399.2 402.7 404.7 404.3 405.9 404.7 400.3 404.1 411 420.8 424.5 432.9 450 460.3 460.8 466.3 471.4 479 486.6 495 505.3 518.6 525.9 531.4 544.8 549.6 538.6 529.8 525.6 510.5
393.4 418.7 429.2 428.7 443.2 455.9 468.7 470.8 464.5 463.6 466.4 468.7 464.4 457.9 446.2 435.7 426.9 416.4 412.3 413.2 418.7 424.3 427.3 429.3 427 422.5 416.9 410.7 404.4 396.5 383.7 374.6 372.6 372.3 370.5 360.8 359 365.9 371.1 373.2 374.3 376.2 378.1 380.7 383.1 384.5 386.9 389.5 391.6 394.5 395.5 393.9 392.1 389.1 394.7 403.5 410.6 415.1 419.7 433.7 442.6 447.5 458 467.5 476.3 482.9 491.3 502.4 512.7 520.6 531.8 542 551.5 553 546.8 537.5 525 510.1
394.6 414.2 421.5 422.6 439.7 450.8 459.4 463.9 454 455.6 459.4 461.7 458.1 451.2 442.3 434 424.8 418.5 417 418.6 424.8 430.4 430.1 430.9 427 419.8 409.2 402.7 394.5 386.2 378.7 374.7 372.1 371.5 367.6 359 359.1 361.6 365.6 368.6 370.5 372.3 374 376 377.9 380.2 382.1 383.8 385.1 387.2 387.3 384.7 383 388.6 394.9 400.9 403.6 407.4 413.6 420.8 428 440 452.7 465.9 477.4 487.3 497.8 508 527.9 524.2 533.1 546.9 553.2 552 545.7 535.3 522.4 509.3
394.2 408.8 412.2 417.7 441.7 441.8 450.7 456.6 447.3 447.1 451.1 452.3 450.5 445.1 439.1 432 421.9 418.2 419.6 423.1 431.6 436.8 432.8 430.4 425.6 416.7 403 392.5 384.6 379.2 378.7 378 373.6 369.7 365 359.8 359.2 359.2 361 363.1 365.6 368.5 370.4 371.8 373.7 376 377.4 378.5 379.6 379.4 379.1 378.9 379.1 385.2 390.5 389.6 396.4 400.2 408.1 412.1 422.1 435.3 451.2 463.3 481.6 494.9 504.1 523 540.5 537.6 538.6 546.7 551.5 548.8 541.6 529.4 517 504.3
388.9 398.9 406.4 415.7 434.1 434.5 443.4 440.2 440.4 440.2 443.3 443.6 444.4 441.6 436.6 431 419 419 420.2 427.4 439.4 441.6 432.7 428.6 423.2 415.8 409.9 407.5 402.4 395.1 391.6 380.8 374.5 370.8 367.6 362.7 361.7 359.3 359.3 359.9 361.9 364.8 368.6 369.9 370.5 372.2 372.7 373.4 373.7 373.9 374.9 376 379.3 382.9 390.4 395.6 400.5 405.6 409.9 415.8 420.7 435.8 451.3 473.2 490.7 501.3 510.2 527.4 539.5 541 541 539.1 539.9 542.9 533.9 522.1 510 495.4
383.5 392.6 399 413.6 427.9 429.3 432.2 433.8 438 438.4 439.4 439.5 440.1 435.8 432.4 429.3 415.8 417.3 420 432.8 441.7 440.6 434.9 428.4 423.9 419.1 417.6 416 410.3 401.8 391.9 380.9 375.8 372.6 369.7 367.6 363.4 359.5 359.2 359 360.3 362 364.7 367.6 368.8 368.9 369.9 370.5 370.3 370.9 372.6 376.4 380.9 389.6 398.1 403.3 406.5 412.9 418.6 426.5 434.4 442.8 459.6 477.5 498.5 507.9 522.3 532.9 538.1 540.2 541 540.5 538.8 534.8 523.9 512.2 501.4 488.1
378.4 389.2 396.5 411.3 430.3 429.4 429.1 432.2 438.1 439 439.1 438 432.2 427.7 425.6 421.7 411.3 411.7 420 434.3 441.7 441.6 438.8 434.8 428.9 424.3 422 418.7 412.2 403.9 392.3 382.7 377.9 374.5 371.2 370.5 364.8 360.6 359.1 358.8 359.1 360.3 361.6 363.8 364.7 365.5 366.7 369.1 370.2 370.4 373.8 379.1 385.8 395 404 411.2 416.4 423.5 428.6 438.6 447 458.6 472.5 490.7 503.3 513 529.9 538.7 541 541 539.3 540.9 528.3 517.9 510.9 503.8 492.1 477.6
381.2 399.6 404.8 420.5 439 437.1 436.4 437.5 439 439 440.3 433.8 428.6 422.5 419.2 411.8 404.1 407.1 417.4 433.2 441.4 442.6 440.9 438.9 433.6 428.9 424 418.7 410.5 403.9 391.9 384.6 378.9 375.1 371.8 369 365.1 361.2 359.4 359 359.2 359.2 360.4 361.5 361.4 362.4 365 369 371 371.6 374.4 382 391.4 400.3 410.9 419.6 425 433.8 442.3 450.4 459.3 475.3 489.2 504.3 507.8 523.2 534.1 541.5 540.5 540.8 535.9 529.3 517.2 504.7 502.6 495.7 481.5 466
383.4 403 409.5 430.1 445.4 445.6 447.5 445.6 441.1 439.5 439.3 427.5 423.4 416 406.9 401.3 399 405.5 418.1 434 441 442.5 441.5 439.3 435 429.8 423.7 416.6 408.3 401.4 389.4 383.7 378.2 373.9 370.6 367.3 364.5 361.8 360 359 358.8 359 360 360.7 360.4 360.8 364.7 368.7 371.1 373 376.9 386.5 396.9 408.7 419.6 427 432.6 441.8 452.2 461.5 475.5 488.1 507.6 515.5 520.2 532.2 540.9 540.3 536.9 529 522.4 513.1 499.2 493.1 494 483.3 468.9 452.7
385.5 398.5 414.4 442.1 450.9 451 451.3 447.9 442.7 439.1 435.9 424.5 415.8 408.4 395.6 391.7 393.8 404.2 421.1 437.5 443.3 444.1 441.3 438.7 433.3 427.5 421.9 413.4 405 397.8 388.6 383.3 378.2 373.9 369.9 367.8 364.2 361.3 360.6 359.1 358.6 358.6 359.2 361.2 360.1 360.8 364.6 369.5 372.4 374.8 382.3 394.3 405.4 418 429 435.2 442.2 451.8 462 470.3 484.5 502.8 519.8 526 530.2 535.4 539.8 538.4 532.1 519.3 508.9 497.5 482.9 483.8 474.9 465.8 450 437.7
385.9 400.7 421.9 449.4 451.7 455.9 454.6 451 445.6 440 428.4 415.7 403.8 395.9 386.9 387.5 393 408.5 422.8 437.2 443.8 444 441.2 438.1 431.9 425 419.6 410.7 401.7 394.7 387.6 383.4 379.2 374.9 370.5 367.8 363.4 360.9 359.3 358 357.3 356.9 355.6 356.4 359.3 363.2 368.4 369.9 375.5 382.7 390.1 401.2 415 428.4 439.7 443.3 449.3 457.8 467.5 477.6 497.2 514.9 529.8 533 539.5 541 540.9 531.2 520 504.8 486.3 474.8 466.6 463.2 454.2 447.9 437.5 421.1
385.7 404.1 423.9 441.3 450.6 459.5 459.4 455.7 446.3 432.9 419 404.4 391.4 384.4 381 385.8 394.4 409.4 428.3 441.2 443.7 443.4 440.9 436.6 430.3 422.7 412.6 402.7 397.4 392.1 386.9 383.1 378.9 374.9 370.7 366.3 361.9 359.5 357.8 355.7 353.8 353.7 353.8 353.9 359.4 363.3 369 373.3 380.3 389.3 398.7 410.5 424.6 436.5 444.9 448.7 454.2 464.3 474.9 489 511.1 522.2 529.3 537.2 541.3 539.1 528.3 520.7 502.4 486.5 467.2 453.9 446.5 443.2 439.1 431.6 416.6 402.1
386.2 405.1 431 441.8 460.6 459.8 458.8 456.3 440.4 423.8 408 395.5 383.5 374.9 377.5 385.9 395.7 415 429.4 439.8 443.4 442 439.4 434 427.4 421.1 408.6 398.6 394.5 391.4 386.2 381.7 377.2 373.1 368.8 364.5 360.2 358.1 355.4 352.6 350.8 350.2 351.4 354.8 359.7 364.2 369.6 376.8 386.9 396.8 406.6 418.2 431.5 442.3 449.3 453.1 460.7 470.6 481.2 499.7 520.5 528.2 531.3 533.6 535 526.8 517.6 501.2 484.1 466.4 449.5 436 429.4 425.5 418 409.1 399.8 388.5
386.3 406.2 432.6 440.3 461.5 459.3 460 451.4 432.9 413 396.1 385.3 372.6 369.6 379.9 387.2 393.3 408.5 428.4 437.4 441.8 441.7 439.1 433.5 426.2 416.4 401.5 395.3 392.8 389.3 384.3 379.7 375.4 371.3 368 363.5 361.1 357.5 354 350.6 350.4 350.5 349.6 352.1 359.2 364.6 371.5 381.7 392.6 401.9 413.6 425.4 435.7 444.7 450 454.6 463.8 474.4 485.7 497.8 516.3 530.1 531.1 530.2 522.8 511.6 499.5 482.4 464.8 445 432 421.1 411.8 406.2 400.2 394.1 390.9 375.9
386.2 407 425.6 440.3 460.3 456.2 454.2 442.2 420.7 401.4 387.3 374 365.5 370.1 378.8 384.7 395.3 415.7 431.6 436.5 441.5 441.1 438.8 433.4 426.1 416.5 400.1 396.9 393.2 388 383.4 378.6 372.8 368.5 365.3 362 358.7 356.4 353.2 350.3 350.3 350.5 349.7 353.4 360.6 368.1 377.1 388.8 395.9 405.2 417.1 428.2 436.9 443.1 447.9 456.4 465 472.7 486.6 501.1 515.7 518.4 525 520.9 509.2 495.3 479.6 462.4 442 423.7 415.6 405.5 395 391.5 390.4 381.6 373.5 367
388.2 415.7 425 437.8 447.2 446.6 444 427.3 405.8 389.6 377.1 365.6 360.1 368.6 375.4 384.6 401.5 420.5 434 440.1 443.2 442 439.2 432.8 424.6 414.7 401.6 400.5 396.8 389.2 383.4 376.7 370.7 366.3 362.5 359.4 356.8 354.5 351.6 350.2 350.2 350.1 349.3 354.4 362.9 371.1 381.6 390.5 400.4 410.3 422.4 431 437 441.9 449.3 456.9 464.8 475 488.4 501.3 510.4 513.7 512.9 503.6 492.7 477.6 459.1 443.4 424.5 409.5 398.6 389.8 383.4 379.6 375.8 368.2 363.2 359.6
390.9 412.1 421.1 427.3 434.3 435.2 431.6 412 392 377.5 365.8 360 360.3 368.5 375.1 390.2 410.5 427.8 437.5 440.7 442.5 442 439.5 433.7 425.9 416.8 409.3 405.3 399.4 389.8 381.7 373.5 368.4 364.3 361.1 357.7 354.8 352.4 350.3 350.3 350.2 350.3 349.2 356.9 364.3 372.3 380.4 392.4 403.2 412.1 422 427.8 433 438.8 447.9 456.7 463.6 476.4 485.9 499.6 503.5 504.5 494.3 484.4 470.2 453.1 437.9 423.2 407.2 393.2 386.6 380.2 374.7 370.9 367.8 362.9 357.4 353.3
389.4 403.7 411.3 415.7 421.2 421.6 413 395.2 380 368 358.8 358.4 361.9 370 378.3 394.6 414.1 430.9 436.1 440.5 442 441.9 439 434 426.4 418.9 413.3 409.7 400.1 389.2 379.6 370.4 365 361.9 359.2 357.9 355.1 352.3 350.3 350.2 350.3 350.4 349.6 355.3 363.8 370.2 379.7 389.8 397.5 405 410.7 413.2 423 434.9 445.8 456.6 459.6 469.9 479.3 485.9 490.2 488.2 474.4 460.3 444.9 430.6 415.9 402.1 390.6 383.8 379.1 372.2 367.2 364.3 362 358.6 353.4 350.6
385.8 401.5 407.5 406.5 408.3 408.1 395.1 381.3 368.4 359.2 357.9 358.6 364.8 373.6 385.9 400.8 418.2 428 436.5 440.3 441.7 442.1 440.3 434.4 426.2 420.4 415.6 408.7 397 385.5 376.3 369.1 363.6 359.5 358.1 356.8 354.8 353 351.3 350.3 350.2 350.2 349.4 354.9 361.2 369.2 379.7 386.6 391.4 394.7 400 407.1 418.6 429.4 439.5 449.4 450.7 462.4 467.9 474.1 473.1 464.4 451.6 436.8 424.2 409.1 395.5 386.1 379.8 375.6 373 368.3 361.8 359.3 357.2 355.5 352.4 350.8
386.5 396.5 399.8 402.6 404.6 394 381 368.8 359.2 354.7 357.9 360.2 369.5 381.6 397 411.6 423.9 432.8 440.9 442.3 443.1 442.1 439.1 432.7 425.1 418.9 412.9 403.9 392.7 383 373.8 367.1 362.2 360 357.7 357.7 356.8 355.7 353.6 352.7 352 350.3 349.4 351 358.3 369.7 379.1 383.5 381.2 389.2 395.3 402.9 410.5 422.9 431.2 433.8 441 448.9 449.3 453.6 444.7 438.1 429.4 414.7 402.2 391.5 381.3 376 372.6 369.1 366.8 363.4 357.5 355.1 354.4 353.8 351.8 351.2
383.2 390.3 396 398.4 391.3 380.6 369.2 356.7 348.7 354.4 359.3 363.6 373.2 390.1 404.4 419.5 429.7 436.7 440.6 443.8 444.9 442.5 438 431 421.4 414.8 408.4 398.5 388.3 380.8 371.6 363.1 361.1 358.9 357.7 357.7 357.7 357.7 357.5 356.5 354.4 350.9 349.6 350.1 354.6 366.7 368.3 366.5 374.6 381.4 389.8 397.3 405.8 412.7 416.6 417.2 419.6 422.8 426.1 423.3 418 413.8 404 391.2 383.6 377.9 373.1 370 366.6 364.3 361.2 357.9 355.3 353.1 352.4 351.7 350.6 350.9
377.5 383.2 383.3 381.3 376.1 368.3 357.7 348 350.6 360.6 364.9 368.9 379.3 393.1 410 423.7 434.3 439.8 443.8 447.9 446.8 442.5 437 429.5 417.9 410.2 404.4 392.9 381.8 375 365.9 359.4 359.7 358.2 357.7 357.7 357.7 357.9 359.9 360.6 357.9 355.3 351.6 349.9 348.8 353.6 355.2 356.7 362.8 369 377.8 387.7 389.5 391.6 392.8 396.7 394.6 398.5 395.1 393.5 395.5 392.7 383.9 376.3 373.5 368.6 365.7 364.4 362.7 360.4 357.8 356 353 350.7 349.4 347.9 346.7 347
369.1 374.3 373.4 371.6 364 357.7 349.5 348.2 355 365.3 370.2 374.9 389 406.8 419.5 430.2 437.5 442.8 447.2 450.8 447.4 441 435 425.7 411.5 404.8 399.2 383.5 374.6 367.2 360.9 357.9 357.7 358.7 358.4 357.8 357.7 358.6 365.5 370.9 362.1 360.6 357.4 352 349.3 347.8 348 348.5 349.2 353.7 356.5 364.2 366.9 366.4 368.1 370.5 368.9 371.5 369 373 374.1 370.4 367.4 366.5 368.4 365 363.5 361.2 360.2 357.8 355.4 354.3 351.5 348.3 344.1 339.2 339.6 343.4
369.1 371.3 365.9 359.8 353.7 350.9 348.1 348.7 363.4 370.8 373.7 380.7 395.7 413.4 425.7 433.3 440.1 445.7 449.5 450.8 447.2 441.3 432 421.4 404.4 401.5 393.3 377.1 367.8 359.7 357.8 357.7 357.8 358.8 361.1 359.2 359 362.4 372.6 379.5 371.3 366.6 363.6 356.2 353.6 351.1 349.9 349 347.8 346.3 344.9 343.6 342.9 343.2 343.7 343.3 344.3 346.9 349.4 351.7 350.5 354.2 359.7 362.8 365.5 365.9 363.7 360.8 357.8 355.6 353.1 352.2 350 346.6 340.5 337.8 341.3 346.2
362.7 357.1 349.3 348.7 346.9 345.5 346.7 353.7 368.1 376.9 377.5 387.5 401.6 417.8 429.4 436.2 442.5 446.9 449.2 450.7 446.6 440 430.5 418.6 398.1 396.1 387.4 373 364.9 357.7 357.7 357.7 357.7 360.5 370.4 363.9 361.7 368.8 377.3 381.1 377.6 376.2 373.3 365.2 361.2 356.5 355.9 353.2 351.7 350.8 349.7 348.3 348.1 344.7 340.6 341.7 340.9 339.2 336.8 336 340.5 346.5 354.2 361 362 363.6 362.4 360.3 357.2 353.9 351.2 350 348.9 343.8 338.8 338 342.8 346.4
348.1 348.1 348.6 348.2 342.3 341.2 345.4 359.6 376.3 381.2 380.9 392.3 405.7 422.4 432.7 439.4 441.6 446.6 449.8 449.2 444.7 437.9 429 415 393.9 390.8 380.3 371.7 360.6 358.1 358.2 358 359 365.8 373.6 374.2 372.9 374.2 384 383.2 382 387.7 384.7 376.4 366 361.6 362.2 360 359.9 359 361.2 356.4 353.8 353.6 349.9 347.1 343.1 341.6 337.4 336 336 342.2 355.7 361.2 361.9 361.6 361.1 359.4 355.7 352.1 349.4 348.3 345.4 339.9 336.2 339.9 345.2 350.3
349.2 349.5 350.7 346.8 340.3 341.1 349.1 364.3 374.4 379.1 380.3 394.8 408.3 424.1 434 438.1 441.3 447 448.1 447.5 443.4 436.4 426.2 409.5 388.9 385.1 374.2 370.8 359.3 358.2 359.5 360.6 362.2 372.2 381.3 385.5 380.1 381.5 390.8 390.8 397.4 400.5 391.2 381.6 374 368.5 369.7 376.4 378.1 379.3 384.3 377.5 369.8 369.3 371.2 368.8 359.2 349.4 340.3 336 336 338.8 353.1 357.9 359.9 361.3 359.4 357.4 353.8 350.2 347.5 344.2 341.3 336.1 336 342.8 349.8 354
351 350.6 348.7 342.6 339.1 342.7 353.3 366.6 374.6 378.5 385.4 398.4 409 423.4 430.9 435.3 441.6 443.3 444.6 445 441.1 434.6 424.5 404.3 385.1 373.4 361.4 360.6 358.5 359.3 361.5 365.2 368.8 378.9 388.8 390.9 389 392.3 397.4 398.8 403.8 407.6 397.5 393.7 383.4 373.8 378.5 392.6 401.2 402.6 405.2 407.3 394.7 392.3 385.9 375.5 362.9 353.6 344.8 338.3 336 336 345.2 350.7 355 358.6 359.2 357.2 350.8 347.9 344.3 340.8 337.2 336 341 346.9 353.5 360.3
347.5 346.9 341.8 339 339.7 346.7 357 369.2 376 380.6 389.7 397.9 412.5 419.3 427 432.1 438.9 441.4 441.1 441.7 437 431.1 421 397.9 381.2 362.9 351.1 353.5 359 361 363 368.6 378.5 387 397.6 397.3 398.2 400.7 403.5 406.4 407.8 411.2 406.5 404.8 390.1 384.6 388.3 404.2 420.9 421.9 422.3 419.5 408.1 397.1 383.6 371 360.8 352 344.7 340.8 336 336 340.1 344.8 350.3 353.8 358.6 357.3 347.9 341.8 339.3 338.4 336 338.1 345 350.6 357.8 363.2
336 336 336 336 340.8 347.6 358.9 370.5 376.1 380 387.3 397.5 410 419.7 423.2 430.4 437 440.6 439.2 437.6 433.6 424.6 411.3 391.9 371.7 350.8 348.7 357 362.9 366 368.3 378 386.4 393.5 405.2 403 404.6 407.4 409 414.8 414.7 417.7 415.1 415.4 403.9 398.2 401.2 414.7 432 432.2 429 420.3 405.2 390.2 377.1 367.5 357.4 350.5 344.6 340.4 336 336 336 339.7 345.6 351.3 358.5 351.7 344.5 336.2 336 336 336.2 344.3 349.2 354.7 358.7 363.2
336 336 336 336 336 342.1 357 370 372.3 377.7 385.1 394.8 407 416.1 419.1 424.8 431.6 435.3 433.6 432.3 427.4 418.5 398.5 383 360.1 348 354.8 363.1 369 371.8 373.5 382.1 392.5 401.1 411.3 413.4 416.5 416 419.8 423.4 423.9 427.1 426.4 424.2 415.8 410.7 414.8 426.3 439.2 440.6 431.9 419 400.3 384.1 370.3 362.6 356.4 350.3 344.8 340.7 336 336 336 337.7 342 347 351.3 340.9 336 336 336 338.5 345.4 349.2 352.5 355.4 359.3 363.2
336 336 336 336 336 343 357.1 370.5 369.4 375.4 381.9 391.7 404.3 411 411.7 418.4 426.7 428.5 426.1 424.8 419.9 410.1 387.3 370.1 350.5 348.2 360.1 369.7 374 373.9 377.9 386.8 396.2 411.1 418.7 422.1 424.4 423.7 428.6 433.4 435.5 438.5 438 436.6 430.5 424.2 426.8 437.3 441.6 441.7 431 414.4 394.1 379.9 369.1 361.8 355.5 349.5 343.5 339.8 336 336 336 336 336 341.4 338.3 336 336 336 341 349.9 350.4 352.9 353.8 356.9 361.4 366.6
336 336 336 336 336 343.4 357.1 361.5 365.6 372.1 379.1 387.6 399.9 404.2 409.4 413.2 419 419.7 417.5 419.5 413.4 397.9 376 356.2 348.3 350 362.5 372.8 377 378.2 387.2 398.6 407.1 420.3 425.7 427.2 431.9 437 433.1 440.9 447.2 448.9 449.3 446.9 441.2 436.6 437.6 443.7 444.1 440.9 424.9 404.3 392.4 387.8 375.9 363.2 353.7 348.8 342 340.8 336 336 336 336 336 336 336 336 336 340.7 345.5 349.9 351.1 352.4 356 360.5 364.1 371.1
340.6 336 336 336 336 341.1 357.6 357.8 362.7 369.5 377.6 386.5 399 398.1 403.6 404.8 410.2 409.7 409.1 411.9 406.6 387.4 365.5 348.5 348.3 351.9 363.7 378.9 382.8 384.1 397.9 406.8 415.7 427.1 434.1 440.6 445.7 448.5 442.3 448.4 455.2 457.4 457.1 454.5 449.9 447.1 446.8 450.3 447.3 439.4 419.4 409.5 407 398.7 385.1 368.7 354.7 347.3 341.9 336 336 336 336 336 336 336 336 336 336 340.9 344.6 348.6 349.7 355.8 361 364.8 367 381.4
351.8 343.2 337.6 336 336 339.1 347.6 354.6 363.4 370.5 375.7 383.2 393.6 390 392.6 394.7 399.2 401.9 406.5 406.3 396.3 378.5 354.5 347.6 350.5 356 365.9 384.6 387.6 391.9 403.7 414 424.5 436.6 440.5 450 450.1 451.7 453 460.6 462.6 464.5 465.8 462.4 458.1 456.5 453.9 449.6 442.9 432.9 432.1 425.6 420 408.7 390.2 370.6 353.5 345.5 337.7 336 336 336 336 336 336 336 336 336 341 341.8 345.8 348.5 352.3 359 368.5 372.9 375.6 394.2
