app/static/ascii/SN79.asc
ncols 200
nrows 200
xllcorner 270000
yllcorner 290000
cellsize 50
[rows 140 to 174 of 200, columns 0 to 77 of 200]
400.3 395.9 393.1 392.6 397.2 406.7 412 415.3 418.7 413.3 406.6 400.9 398.2 395.9 393.3 389.7 383.1 370.2 355.8 339.9 318.8 300.8 283.2 280.8 276.9 272.2 267.7 265 263 266.3 263.4 259.8 253.8 246.4 238.8 234.9 228.3 237.1 240.7 248.9 250.3 250.8 254.5 259.2 265.7 272.3 276.3 278.9 284.1 287.8 291.5 292.3 294.9 295.5 293.8 293 293 294.4 294.7 296.8 300.6 304.7 309.3 316.8 326.6 330.5 339.8 359.7 376.3 386.9 394 400.5 408.8 419.3 429.1 430.2 427 424.2
409.4 405.9 402.1 402.7 408.7 420.6 425.2 429.6 430.1 426.6 419.5 412.2 407.5 404.5 402 398.7 394.9 384.4 369.5 355.2 330 307.1 294.5 289.5 285.9 282.3 280.1 280.5 282.4 282.7 279 272.4 267.4 254.8 246.2 242.9 233.4 239.1 244.9 251.4 256.2 259 261.9 266.1 272.5 281.3 287.9 292.1 296.2 301.3 305.6 310.9 314.4 315.3 315.2 313 310.4 310.1 308.2 306.8 308.6 313.8 322.4 332.1 340.4 344.8 354.5 371.8 374.1 379.2 385.2 395.3 407.4 420.5 429.7 432.2 430.9 428.8
416.6 415.8 412.1 412.4 417.4 427.2 435.2 440.9 438.7 437.6 430.2 423.2 417.9 416.1 412.4 411.5 407.6 396.4 379.7 364.5 342.5 317.6 305.6 300.7 293.7 289.6 289.2 298.2 299.3 294.7 291 288.1 280 268.4 256.6 252.2 250.4 242.8 247.9 253.9 258.9 263.4 267.1 271.1 278.4 289.3 296 301 307.2 313.2 319.7 326.5 332.9 336.3 337.4 337 333.8 331 331.1 326.5 322 330.3 339.2 347.9 357.4 360.9 366.4 381.4 387.6 386.9 387.9 398.7 413.4 430.8 439.2 436.1 431.9 427.3
421.9 421.7 419 419.2 421.4 432.2 439.7 445.5 446.6 440 435.6 430.8 430.9 427 425 427.6 427 407.5 392 371.2 352.2 329.8 320.1 312.5 306.9 298.8 300 306.4 312.8 307.9 302.7 300.4 290.9 280.5 269.2 260.3 255.8 251.2 249.4 256.1 261.4 267.4 270.7 275 281.8 292.6 301.8 309.2 317.1 323.9 331.9 342.6 350.5 358.3 366.1 365.7 360.4 356.7 351.4 345 341.6 347.3 355.2 369 374.8 380.2 389.9 398 401.7 400.9 406.5 409.3 424.2 440.3 439.8 436.1 432.8 428.8
421.5 420.7 418.7 418.4 422.8 431.8 442.6 448.3 450.8 445.8 443.9 441.4 440.7 437.2 443.1 449.8 438.8 418.5 403.4 382.2 361.1 344.3 331.1 323.2 317.5 312.9 310.3 314.4 319 315.8 315.7 309.5 301.8 292.2 281.4 272.3 263.6 254.9 249 256.2 262.4 269.7 274.2 279.8 286.8 295.9 306.8 316.7 326.1 335.5 349.1 361.5 374.2 384.4 395.7 401.8 394.8 379.3 369.9 365.9 364.6 369 376.3 384.8 393.5 406.2 418.3 431.9 419.4 423.1 418.4 420.8 433.4 441.7 434.1 430.8 427.8 424.7
416.7 415.6 409.9 412.7 421 429.6 440.7 447.2 451.3 452.2 454 449.9 448.1 449.2 455.2 461.2 447.6 427.9 411.1 392.7 373.3 354.6 339.3 331.3 324.9 324.1 323.7 327.6 331.6 330.3 327.3 323.5 316.4 303.9 287.8 279.1 267.2 260.2 249.7 255.1 260.5 267.3 274.9 281.5 290.9 300.8 311 323 334.3 348 363.5 383.3 392.6 402.2 416.1 425 422.5 410.3 399.1 399.1 393.5 393.1 401 410.1 420.8 438.8 445.1 448.5 440.1 431.1 426 422.9 441.4 438.8 429.1 426.9 423.9 420.2
409.4 406 405.3 405.6 415.6 429.7 436.6 442.8 450.5 452.9 460 459.5 454.9 456.2 465.2 467.8 453.3 436.7 416.8 401.1 384.1 370.3 353.3 344.2 336 336.5 337 340.5 346 346.7 342.7 331.6 321.5 311.6 296.6 281.8 270.4 260.2 255.7 259.4 260.9 265.8 273.5 280.8 293.6 304.2 315 328.3 342.1 359.7 379.7 393.5 407.5 420.7 434 443 441.8 433.5 427.6 426.2 423.3 426 430.6 435.6 443.1 453.8 460.9 456.7 442.3 430.1 430.4 429.2 438.7 430.9 426.1 423 420.3 419.1
398.1 395.8 398.4 401.1 412.4 426.9 434.9 438.6 447.2 449.2 455.9 457.9 458.3 459 470.2 470.8 458.2 442.1 423 410.4 396.4 383.4 370.2 361.6 353.6 351.3 350.9 356.6 364.5 361.4 351.2 338.1 325.5 316 299.4 284.8 271.5 259.8 261.4 262.8 264.1 267.3 271.3 279.7 291.2 302.4 316.2 332.9 350.2 368.3 386.6 402.1 418.2 433.5 445.8 455.9 457.5 447 447.9 454.4 454.9 458.1 463.6 464 463 464.3 462.7 451.4 439.1 429.3 429.7 434.9 440.8 428.9 425.4 421.9 419.1 419.1
382.3 386.7 391.2 395.7 410.5 425.9 432.5 437.2 443.2 449 450.8 450 453.1 458.9 470.5 472.6 464 448 432.1 420.1 408.1 395.2 377.6 375 370 365.8 366.8 373.3 379.4 372.8 359.7 343.1 328.4 317.8 298.9 284.8 271.5 264 267.7 267.4 268.1 269.6 269.9 277.4 286.1 301 317.6 336.6 355.9 372.7 390.4 405.8 425.4 440.6 454.2 463.3 458.5 455.9 459.9 466.5 471.2 480.1 483.3 479.6 474.3 470.9 462.4 450.3 437.6 431.5 429.9 439.2 440.2 430.1 428.2 424.3 419.1 419.1
370.7 375.9 383.1 388.7 403.7 415.6 424.5 438.2 440.5 446.5 450.7 449.2 450.2 454.7 466.2 471.5 469.7 456 442.7 425.7 418.8 409.3 397 388.7 386.1 385.7 386.9 386.3 390.7 381.3 366.8 346.9 325.7 316.2 299.7 284.5 269.6 271.7 275.6 275.5 274.7 273.6 270.4 275.1 285.5 299.9 315.8 335.5 354.7 371.1 388 407.4 428.5 445.9 459.3 454.3 449.4 457.8 467 475.3 484.1 490.7 491.2 487 477.8 470.7 459.5 449.3 437.6 432.9 434.2 438.6 441.5 434.9 430.1 427.5 420.3 419.1
366.8 368.8 375.6 384.3 392.2 404.9 416.2 429 439.6 441.3 444.1 444.4 448.1 454 463.9 470.8 471.6 464.1 450.6 437.2 429.3 416.6 411.6 406 401.1 405.1 405.9 400.9 393.7 385.7 371.5 347.1 330.7 312.8 298.3 282.9 275.1 281.4 284.1 284.3 282.1 279.1 277.5 277.8 282.1 294.9 310.5 328.2 349 365.3 383.1 402 422.7 436.8 446 438.8 441.4 455.4 468.2 482.6 490.9 492.5 490.9 484.8 476.9 468.9 457.8 447.7 439.2 438 439.2 443.6 446.5 440.8 435.7 430.3 427.2 427.1
360.3 360.6 367.1 377.6 386.2 395.1 408.6 422.3 428.5 432.6 437.3 439 444 452.3 461.8 470.8 471.3 466.4 456 447.7 438.3 425 419.5 418.7 416.7 418 413.3 407.2 399.6 391.5 372.2 344.9 326.7 312.5 294.9 288.7 279.2 291.3 294.7 293.1 290.1 287.7 286.8 283.5 279.7 291.1 306.7 322.7 343.9 358.5 379.3 397.1 415.2 425.6 426.1 426 432.8 452.9 472.8 484.5 491.7 491.9 489.4 485.4 475.3 465.6 455.9 446.6 440.1 447.4 443.2 453.6 450.8 446.5 443.9 441.8 439.4 437
354.3 355.6 359.3 368.6 378.4 388.1 402.5 412 419.7 423.3 430.5 434.4 440.4 451.3 464.1 470.3 469.1 465.1 458.1 450.8 444 429.5 427.7 428.7 426.5 426.7 422 417.1 409.4 393.4 371.4 345.7 326.8 316.7 306.5 299 289.4 297.9 305.6 304.9 301.8 298.2 298 294.8 289 290 301.3 315.1 330.1 348.3 368.3 386.3 404.9 412 412.5 419.8 432.2 447.9 468.7 484.6 492.4 493 491.4 488.8 476.9 463.6 455 449.6 450.7 458 449.4 460.4 455 452.3 449.8 449.4 443.1 440
349.3 351.9 355.6 361.6 370.9 382.4 393.6 403.5 408.7 415.6 423.3 431.2 435.7 448.8 463.8 465.6 461 461 459.2 453.5 442.9 431.7 430.8 431.8 433.9 436.2 433.3 425.5 411.3 390.2 372.3 345.7 333.3 325 313.8 304 294.8 302.1 311 315.3 313.5 313.1 311.6 306.4 302.3 294.3 299 309.9 324.1 339 354.8 371.9 387.3 390.5 401.5 414.2 432.9 449.3 468.7 482 492.6 496.7 495.9 489.2 476.2 468 460.5 454.5 460.5 460.5 464.8 464.6 457.4 456.7 454.6 450.3 448.2 444.5
344 349.6 353.5 358.4 367.8 383.5 390.2 395.9 400.9 406.8 417.1 422 427.7 441.9 454 458.4 454.5 457 452.9 443.6 435.9 432.7 434.9 436.2 439.6 440.6 438.5 423.9 408.8 390 370.5 356.7 342.7 332.6 322.1 314.2 299.1 311.8 318.7 324.7 323.6 325 324.9 320.3 315.6 307.9 311.2 308.9 319.3 331.4 346.1 361.5 370 382 396.6 410.2 431.2 445.7 461.8 480.9 493.2 499.5 498.7 485.8 479.1 471.4 466.3 463 464.5 466.8 470.6 466.4 463 463.6 458.3 454.3 450.2 448.6
339.4 346.5 351.5 356.5 364.8 379.4 385 390.2 395.3 403 411 415 422.1 434.5 439.4 450 448.1 446.2 439.2 428.5 428.5 437.4 439.3 444.4 448.3 441.4 434.1 422.8 408.5 390.3 382.7 373 353.7 340 329.4 319 307.9 315.6 326.3 337.7 334.4 338.4 340.7 334.9 328.4 320.6 322.4 318.9 314.6 320.6 333.6 352.6 361.5 377.9 391.5 404.4 424.1 440.6 456.4 477.5 493.2 501.2 497.4 486.5 480.9 472.8 469.9 468.8 470.8 471.7 473.2 471.9 471.8 470.6 463.6 457.8 449 450.3
336.5 343.4 347.2 353.2 359.1 371.5 379.6 382.9 386.4 392.8 402.8 403.9 410.9 417.9 425.5 438.7 437.6 434 428.7 429.9 440.3 447.6 450.1 450.5 446.9 436.4 429.3 424.4 417.2 407.2 394.7 376.8 355.3 347 335.5 326.1 312.8 326.7 338.6 347.7 346.4 351.3 354.2 348.4 340.5 335.2 330.3 327.4 327.8 336 339.4 347.6 353.3 367.7 384 401.3 422.2 437.8 454.6 473.7 493.4 501.7 494.7 488.9 481.2 476.3 473.1 473.6 479.4 478.5 478.9 477.6 479.2 473.4 469.1 458.7 450.8 449.9
335.3 339.8 339.7 347 353.2 361.7 372 375.1 378.3 384.7 395.7 396.7 395.1 402.1 412.4 422.7 426 423.1 424.3 428.5 445.2 454.5 455.9 449.5 444.9 440.5 436.6 432.8 429.5 421.5 405.7 377.6 360.5 352.5 343 333.4 322.5 343.5 353.9 359.9 363 368 371.3 363.8 359.7 352.3 350.2 346.7 343.2 352.8 358.5 361.3 365.6 367.7 375.7 396.9 416.9 438.2 454.8 476.1 497.6 501.2 499 492.5 486.1 479.9 477.3 479.6 484.6 484.1 480 480.1 481.1 478 471.5 463.8 456.9 453.9
330.7 333 335.3 340.5 349.1 362.9 370.4 370 372.7 379.6 380.7 389.9 380.5 385.6 397.9 408 418.6 419.6 424 432.7 453.9 459.6 460.1 458 451.4 446.7 451.3 453 449.1 433.4 407.2 383.5 368.6 361.2 353.7 335 340.6 354.7 366 373.3 380.6 385.7 386.4 382.9 372.4 368.8 369.2 367.5 365.8 375.2 378.5 380.8 385.2 386.3 391.1 404.3 421 436.6 457.9 483 501.5 500.7 499.2 499 489.1 482.8 479.7 486.8 497 491.6 485.3 487 488.7 481.7 475.2 469 463.5 458.9
324.4 326.8 330.3 340.7 349.6 358.5 363.2 361.6 365.4 368.3 372.2 379.2 378 382.2 391.7 404.4 414.7 422.3 431.4 447.2 461.2 463.2 459.2 462.7 464.5 464.7 472.8 474.2 463.9 438.5 413.1 392.4 377.4 365.8 360.2 346.3 359.1 370.2 377.6 392.4 395.4 402.7 406.3 398.2 382.8 387 386.4 391.5 395.5 399.8 404.9 406.9 404.7 404.5 406.3 419.3 441 452.2 466.9 488.8 500.9 501.1 501 498.6 491.8 487.7 489.9 497.8 501.3 496.8 491.3 491.2 488.6 483.3 478 472.7 468.2 466.5
318.7 321.7 327.9 336 347.4 352.7 354.8 351.8 354.4 357.3 366.3 373.9 378.9 385.3 399.8 407.8 416.6 427.1 440.2 458.7 468.2 474.5 468.8 472.2 476.3 481.6 492.2 488.4 468.1 450 422.7 401.5 389.4 374.8 361.2 363.7 374.3 382 396.6 414 422.5 423.8 427.5 418 396.2 400.9 407.2 414 420.9 426.9 431.8 433.8 435.5 432.7 431 440.7 447.7 465.2 480.4 496.6 505.5 502.7 501.3 499.6 494.5 491.3 496 501.1 501.2 499.5 495.2 491.3 489.2 485 480.6 476.5 473.9 474.8
314.8 317.4 322.5 328 342.9 349.1 347.6 344.9 346.1 349.1 362.7 379 390.6 398.8 405 411.3 417.4 423.8 437.7 460.4 472 484.8 477.9 479.6 485.2 494.3 503 491.4 489 463.6 432.2 409.4 397.7 384.9 367.3 376.9 387.4 401.5 418.8 432.9 437.9 439.5 437.7 428.9 417.4 425.2 428.1 435.3 440.3 444.1 449.8 454.1 454.6 456.3 458.9 461.2 470.5 480.3 492.5 502.8 507.1 504.1 501.6 495.9 490.7 492.4 499.4 501.2 501.1 499.8 493.4 491.5 489.2 483.7 480.2 477.1 480.1 483.8
310.8 315.3 320.5 325.7 338.7 341.9 339.1 339.9 342.6 350.9 361.8 380.2 396.7 407 413.2 415 417.9 421.9 442.2 467.2 479.8 491.1 487.1 490.8 502.8 509.6 509.2 508.9 502.6 475.5 443.4 419.4 408.6 394.9 377.1 387.9 403.7 426.5 435.1 446.8 449.9 449.1 451.4 444.5 436.1 440.6 445.5 449.3 451.8 453.7 461.7 465.5 465 468.3 472.9 479 490.9 499.4 504.4 510.9 510.4 505.4 498 489.2 489 491.6 500 502.6 503.1 496.1 489.6 489.2 485.9 480.6 479.3 478.9 479.3 489.6
307.6 313.2 317.9 326.6 333.4 332 334.1 340.8 342.4 348.9 360.6 378.4 403.1 413.6 421 419.2 418.1 418.1 445.6 466.2 482.6 493.8 493.9 499.9 517.1 517.3 509.2 512 509.5 484.5 452.7 429.4 418.9 407.2 394.9 402 425 437.7 451.3 459.4 461.1 461.6 464.2 459.4 452.3 450.1 453.7 457.5 459.6 464 472.5 472.8 474.7 479.4 481.6 486.9 495.4 505.1 511.1 518.7 508.8 500.4 489.7 488.7 489 489.2 501.3 507.2 503.4 491.8 487.7 485.4 480.8 478.4 478.6 478.8 480.5 490.9
307.7 310.6 316.2 320 327.5 328.6 334.1 339.3 343.2 349.4 362.1 379.7 403.5 417.1 420.5 420.1 420.9 425.4 444.4 466.9 489.9 500.8 501.6 504.6 510.6 510.5 513.5 513.6 510 489.3 462.2 439.2 424.4 417.6 416.1 428.7 438.6 453.2 466 470 471.5 469.8 472.7 467.9 464 462.2 466.6 466.4 468.5 477.6 480.5 481.2 483.3 489.5 491.3 492.1 500.3 506.9 511.6 512.7 500.4 492.3 487.5 486.3 487.9 489 504.8 511.2 499.8 488.6 485.4 481.8 475.2 470.6 473.3 480.3 486.5 491
310.7 312.1 316.6 319.4 323.1 330.1 334 338.5 343.1 348.1 360.6 375.4 397.4 412.6 420.2 421.9 425.8 439.5 456.7 470.8 492.2 500 502.3 505.5 511.5 519.6 518.4 518.2 511.9 496.2 473.8 450.9 438.7 441.1 447.2 453.2 456.8 468.8 476.9 478 479.4 478.1 478.6 475.7 471.8 472.9 476.9 475.6 477.2 482.5 486 487.8 489.4 498.8 498.2 499.8 502.2 504.9 510 499 489.9 485.9 484.4 483.8 486.6 491.1 509.4 504.4 493.3 484.3 482 477 469.1 469.1 475.5 480.4 486.8 490.6
311 313.6 317.2 320.3 324.3 328.5 333 337.7 342.3 346.8 364.8 378.2 397.4 410.9 418.8 422.2 437.1 453.6 467.4 484.1 491 491.5 504.5 508.1 517.6 519.6 513.3 513.5 508 492.7 473.5 460.6 457.1 461.7 470.1 473 474.6 478.6 483.8 483.6 484.7 483.7 482.3 481.1 478.8 480.8 480.9 479.1 480.6 483.7 485.3 488.5 490.3 491.9 494.2 499.2 500.6 499.2 494.9 488.2 485.8 481.2 479.5 481.5 487 497.6 503.9 494.9 484.6 477.7 475.4 465.8 464.5 467.7 473.1 475.1 481.7 480.2
312.2 315.6 318.8 321.3 325.3 329.7 333.4 337.4 341.8 347.5 362.7 376.3 395.2 410.2 421.5 429.1 447.8 461.1 473 487.5 489.9 490.2 502.2 504.3 510.7 506.6 504.8 505.5 491.9 484.6 470.9 466.7 468.4 482.8 490 486.5 486.1 489.3 488.6 486.8 488.6 489.2 486.7 483.8 482.1 480 479.5 480.2 481.8 482.6 484.6 487.9 490.9 488.9 490.9 495.6 497 494 487.7 484.8 481.5 479.3 478.4 481.2 488.1 499.8 496.8 486 477.2 472.8 468.4 459.2 459.7 464.1 468 466.4 475.2 465.1
313.4 317.8 320 323.4 327.1 331.2 334.7 338.2 344.2 351.3 359.3 372.2 388.8 407.2 423.2 436.1 452.5 466.3 476.6 486.9 489.1 499.3 503.7 504.2 504.2 500.6 500 497.9 483.7 472.4 468.8 471 483 498.7 500.6 493.8 493.5 496 490.1 489.2 490.2 491.1 489.5 486.7 483.2 480.1 479.2 480.8 480.5 481.4 484 487 488.3 488.7 490.3 491.3 491.4 488 483.4 481 478.4 475.3 475 479 488.3 494.4 490 477.1 471.2 467 459.4 449.6 453.1 459 458.6 458.4 458.6 453.1
314.2 317.6 320.3 324.6 328.8 333.5 337.4 342.6 346.8 352 357.1 370.9 388.6 408.8 423.7 439.1 452.3 465.8 475.6 482.9 489.3 505 509.7 507.4 503 499.1 502.4 487.6 473.2 462.7 465 472.8 490.8 504.1 505.2 498.8 498.7 501.1 491.9 489.1 490 490.6 488.5 484.5 483.2 480.4 478.3 477.9 480.3 480.4 481.1 481.9 485.5 489.5 490 490.4 490.9 484 479 476.5 474 470 474.2 483.6 492.8 491.7 479.1 469.6 465 461.3 453.5 448 447.7 451.1 448.3 447.4 445.9 444.9
317.9 318.9 321.7 326.2 330.5 335.8 341.1 348.1 352.1 354.8 359.4 369.4 387.5 405.3 423.6 439.5 457.2 471 479.4 485.3 496.2 511 511.3 508.4 502.2 488.2 489.2 474.2 459.9 455.7 462.7 476.8 498.4 509.7 508.4 504.3 503 501.5 497 490 489.1 489.3 486 480.9 480.4 480.1 475.3 472.4 475.1 474.2 474 481 486.4 489.9 490.3 490.7 488 479.9 475.8 472.1 469.5 463.6 472.5 484.5 491 484.3 469.8 464.8 461.2 454.6 449.2 447.2 447.2 445.3 443.9 443.7 441.1 438.8
321.5 320 322.8 327.8 332.5 337.9 343.3 350 357.2 360 362.7 369.6 386.7 405.3 422.6 440.8 459.5 473.3 481.6 489.3 503.1 514.2 509.3 502.2 491.3 478.7 473.9 460.4 447.1 449.9 461.4 479.6 502.9 510.5 508 507.6 504.9 501.9 496.2 489.2 489.2 488.3 483.4 479.5 480.8 476.9 469.1 466.9 469.8 468.9 472.2 480.7 484.3 489.8 490.6 491 484.5 477.1 471.1 464.7 458.4 458.5 469.4 478.8 490.2 475 466.1 461 456.4 448.8 447.7 449.9 446 439.7 441.7 440.9 438.1 435.6
326.4 325.9 325.8 329 331.6 337.5 342.1 347.4 354.2 360.1 364.8 371.3 383.6 401.2 418.6 434.6 453.8 466.9 478.4 489.8 503.4 510.5 507.1 497.1 482.8 467.8 457.1 443.4 435.9 445.2 460.7 481 501.7 502.1 505.4 508.4 505.8 500.9 494.3 489.2 489.1 486.7 481.7 481.2 480.9 472.1 462.4 460.9 462 460 472.8 479.3 478.7 484.9 490.9 485 479.1 470.6 463.6 453.5 449.7 456.7 467.3 480.4 479.2 466.8 461.7 457.9 452.2 447.2 445.2 444.2 442.8 437.1 437.5 436.2 434.4 431
331 329 328.8 328.9 331.2 335.9 340.8 344.7 350.4 360 364.8 369.8 379.8 395.9 411.3 428.1 447 460.6 473.3 488.3 499.4 504.6 502.9 490.7 473.8 460 441.9 431.1 429 444.1 461.9 486.5 500.8 499.4 503.4 511 505.5 498.7 490.3 487.9 484.3 482.6 481.3 482.6 478.2 465.9 456.8 456.2 457.3 459.5 470.6 468.4 471.1 479.8 483.2 476.5 470.7 463.9 455.5 445.6 450.2 455.2 466.7 480.7 470.4 463.7 459.8 455.7 450.2 444.9 441.3 440.7 438.9 432 429.7 429.5 428 422.4
338 335.1 333.7 331.8 333.6 337.3 339.5 344.4 349.7 359 364.5 370.2 380.1 390.9 404.1 419.1 435.8 453.2 467.8 481.9 490.2 493.3 487.7 472.3 457.3 447.9 431.9 414.1 425.6 441.9 463 485.7 493 495.4 508.9 508.3 498.2 489.3 486 482.3 481.3 480.1 481.6 482.5 474.4 458.6 449.3 448.2 448.1 453.1 461.5 461 465.4 473.7 473.1 468.4 462.5 455.8 445.4 440 445.5 456.1 469.5 472.9 464.8 460.5 458.8 453.4 448 443.5 439.8 438.9 435.7 432 429.7 430.4 429 419.1
