app/static/ascii/SN80.asc
ncols 200
nrows 200
xllcorner 280000
yllcorner 200000
cellsize 50
[rows 0 to 34 of 200, columns 0 to 79 of 200]
182.2 189.4 192.1 197.2 205.1 213 221 229.2 236.5 243.9 250.6 258.1 264.5 268 280.2 287 290.4 292.3 291.8 290.1 289.3 289.3 284.3 273.8 268.7 271.2 269.2 267.2 265.3 262.4 257.9 253.1 248.9 245.3 243.8 241.6 236.4 233.8 234.2 234.3 226.6 223 217.6 225.6 225.8 225.5 225 225.7 227 225.3 223.9 222.5 219.3 214.6 211.4 209.4 207.9 207.8 202.1 208.3 211 213.7 217.8 222.1 228.8 236.5 245.1 250.4 254.6 253.4 256.3 258.4 259.8 260.9 264 264.5 265 267.7 269.2 270.4
183.1 189.2 195.4 202.4 211.1 220.5 229.5 238.1 244.8 252.9 260.8 268.6 275.6 280.3 285.8 288.8 291.6 293.4 293.5 292.8 289.5 285.5 278.9 271.2 267 265.5 264 262.5 258.2 256.9 253.1 247.4 244.9 242.1 233.2 232.1 230.2 228.5 229.2 230.1 224 214.6 220.7 222.1 222.5 222.2 221.9 221.6 223.3 222.3 221.4 218.5 215.5 212.4 208.1 203.7 201.2 201.7 210.2 211.4 212.8 214.9 218.1 222 229.5 238.5 244.2 249.4 255.5 253.9 257.3 259.9 262.1 262.5 264.5 264.6 266.1 269.4 272.4 274.8
189.3 193.5 201.5 210.2 220.5 227.5 235 242.8 250.8 261.2 270.6 276.9 282.1 286.6 289.8 290.5 291.7 293 292.4 291.9 287 279.7 271.4 267 263.6 258.9 259.1 256.8 254 251.5 247.1 243.3 238.5 234.6 228.9 227.2 225.7 224.8 224.4 225.9 222.1 211 216.8 218 219.2 218.9 219.2 219.4 219.6 218.5 217.4 215.1 212.7 209.3 203.7 199.3 202.4 210.7 212.6 213.7 214.8 216.8 219.9 223.3 227.8 235.6 241.6 251.1 257.6 255.3 257.7 259.7 261.8 262.6 261.9 262.4 265.4 270.6 275.3 278.1
193.4 200.6 209 217.9 225 231.7 240.8 251.2 260.5 269.2 276.7 281.5 286.3 291.9 295.2 294.1 292.6 290.8 290.3 288.5 282.5 273.5 268 264 260.7 251 254.1 251.6 247.9 245.1 241.3 237.2 233 229.7 226.1 222.8 222.2 221.3 220.7 221.8 220.1 211.7 212.4 214.2 216.2 216.3 216.6 216.6 215.6 214.5 213.3 211.7 210.4 206 196.2 198.3 211.7 214 214.9 216.5 218.2 219.6 221.8 226.3 233.2 241.7 249.5 257.8 258.1 256.3 257.3 258.6 259.3 259.9 260.8 262.2 266.8 272.2 276.9 280.5
196 203.5 211.4 220.5 229.1 239.7 251.3 262.4 272.4 277.9 282.5 286.8 289.9 292.5 295.1 293.4 292 288.8 287.6 284.2 276.6 268.5 265.7 262.3 257.4 253.4 247.1 246.5 243.3 239.8 234.6 231.7 228.7 225.8 223.2 220.1 217.3 216.8 216.1 217.5 218.6 210.3 210.7 211.5 213.4 213.2 212.8 212.4 211.6 210.4 209.1 208.3 207.6 199.6 199.2 208.5 213.3 216.2 217.2 219.9 222.1 223.4 225.1 228.3 235.1 242 252.2 258.5 258.5 257.4 257.1 257.5 258.6 259.7 260.6 263.6 268.7 274.2 278.4 282.1
199.2 206.9 217.8 229.4 239.2 251.5 262.4 270.7 276.4 280.5 284.6 288.8 290.7 290.5 293.4 290.7 289.5 287.1 280.2 276.7 270.9 265.8 261.9 258 254.5 250.7 243.6 241.2 238.4 234 229 226 223.7 221.7 218.4 215.9 212.7 211.9 210.3 210.1 213.2 208.4 210.3 210.7 211.3 210.4 208.8 208.4 207.1 206.1 204.2 203.8 203.9 193.8 203.1 208.8 214 217.5 220.3 222.9 225.3 227 228.8 231.5 237.3 244.7 255.4 260.2 259.4 257.8 258.4 259.7 260.7 262.5 264.3 268.7 272.9 276.7 281.4 284.4
206.6 216.9 229.6 241.4 251.9 260.3 266.6 271.5 275.3 279 283.5 286.7 290 289.4 288.9 287.3 284.9 283.3 276.7 270.3 267.5 262 258.1 253.6 249.5 246 238.5 236.3 233.2 227.1 222.5 220.6 219.1 216.4 213.5 210.7 209.1 208 206.1 198.8 207.4 209.1 210 210.3 208.9 206.1 204.1 202.3 199.5 199.2 197.2 189.8 194.8 196.7 203.1 209.9 213.7 218 221.9 224.5 226.8 229.4 231.9 235.3 240.4 248 256.4 260.7 260.7 261.6 263.9 265.3 266.7 269.9 272 275.7 279.9 282.6 284.8 287.2
220.1 230.8 240.9 249.5 256.4 261.8 266.8 271.8 276.2 278.6 281.7 287.4 290.9 289.6 284 281.9 278.9 276.4 270.5 266.5 262.4 256.6 252.6 248.2 244.8 241.5 234.4 230.8 226.3 219.7 217.2 214.9 213.7 212.5 209.5 207.3 205.2 203.2 199.4 201.3 208.9 207.9 207.4 205.8 203.2 200 198 195.9 189.6 187.2 187.2 198.5 200.6 204.1 206.7 209 206.4 210.7 221.7 225.7 228.7 231.3 234.5 238.6 244 250.4 256.8 261.1 262.4 266.2 270.2 272.1 274.3 277.3 280.2 283.3 286.4 288.2 289.3 290.3
230 239.7 246.5 251.9 256 258.9 263.4 268.3 273 276.9 280 285.1 290.2 287.5 280.2 276.3 273.4 271.4 266 263.2 259.2 251.4 247 242.9 240.3 236 231.3 227.7 218 214.8 212.2 210.1 208.2 207.5 206.2 204.2 202.1 198.3 191.5 200.5 203.2 202.7 201.3 199.2 196.3 193 186 181.6 188.3 197.9 202.5 204.3 204.8 207.5 211.1 214.2 216.5 209.8 214.3 224.9 229 232.8 237.4 241.1 245.9 251.1 257 260.4 263.7 268.8 274.2 278.2 281.2 283.6 286.1 289.7 292.3 292.6 292.4 293
235.6 242.4 246.7 249.6 252.1 254.8 259.6 264.8 269.5 273.3 275 280.7 285.9 282 275.4 271.9 269.1 266 261.9 258.7 253.7 247.8 242.1 237.7 233.4 227.4 225.9 222.2 211.3 209.7 207.8 205.8 203.8 202.9 202.3 200.6 197.2 188.9 194.3 198.4 199.5 197.5 193.9 190.3 180.4 178.3 184.1 198.6 202.1 203.1 204.5 206.6 207.1 207.5 211.5 215.2 219.1 221.4 223.1 219.1 227.3 235 239.6 243.2 246.3 251.1 255 258.7 264.8 270.3 276.3 280.4 283.8 285.6 287.3 290.5 292.8 294.4 294.8 295
235.6 241.5 244 246.3 248.5 250.7 255.8 261 266.3 269.5 271.5 276 279.9 275.2 269.8 267.8 264.6 259.7 256.5 252.2 246.7 240.2 235 229.5 224.1 220.2 217.9 210.9 207 204.8 202.7 201.1 199.5 198.3 197.8 196.3 193.3 185 193.6 194.3 193.8 181.7 175 175.2 180.8 194.4 202.3 204.2 204.1 203.9 205.3 207.5 208.8 209.7 211.1 214.4 220.7 223.6 226.6 230.4 227.3 232.4 239.9 244.4 247.3 249.8 253.6 259 265.5 271.6 277.3 281.7 284.1 285.9 287.8 289.8 291.7 293.7 294.1 296
232.5 239.6 241.5 243.7 246.4 248.9 253.4 257.1 262.1 264.2 265.9 270.8 273.7 268.9 264 262.3 259.6 253.1 249 245.3 238.9 232.8 227 222.1 218.1 214.4 210.6 206.2 203.2 200.5 197.9 196.1 194.5 193.7 193.3 192 190.2 183.8 184.2 187.8 175.1 172.3 184 195.7 196.8 202.7 202.9 203.2 200.1 203 206 207.8 209.9 212.1 216.2 216.9 220.7 225.9 229.3 233.5 237 238.6 232.4 244.1 248.7 252.4 255.6 260.5 267.1 273.1 277.8 280.9 282.3 283.7 285.3 287.6 290 292 293.5 295.5
228.7 234.9 238.8 241.1 244.1 247.1 250 253.1 256.9 258.4 261 265.8 266.6 262.3 258.2 256.1 253.5 248.3 243.1 239.9 233.3 227.8 222.7 216.4 213.8 209.5 205.5 202.5 199 196 193.3 191.5 189.7 188.2 187.5 187.2 185.4 178.1 175.7 181 172.6 183.5 195.6 196.2 197.8 202.4 202.2 198.7 200.7 204 206.9 208.7 210.6 216.9 218.4 221.3 223.3 226.8 231.2 236.1 239.9 242.5 244.6 241.5 244.5 253.4 258.4 261.8 268.4 273.5 277 279.6 280.7 281.9 283.1 285.2 287.5 289.6 291.8 293.6
226.5 232.7 235.3 236.4 239.9 243.8 245.5 247.9 251.1 252.7 256.4 261 258.7 253.7 249.1 248.6 246.8 242.9 238.2 234.6 228 221.8 216 211.2 208.5 204.2 201 198.1 194.2 191.7 188.6 187.6 185.5 182.5 182.1 182.5 180.9 173.9 167.8 177.4 180.2 193.9 195.4 195.7 196.8 201.1 197.1 199.8 202.2 205.1 207.8 210.2 212.5 218 222.6 224.7 227.2 230.3 233.7 238.1 242.5 245 247 249.1 248 245.8 258 262.6 268.6 273.2 276.2 277.6 278.4 279.4 280.8 282.8 284.7 286.7 287 289.3
225 229.4 231.1 232.8 237.3 240.2 241.3 243 244.6 247.4 252 253 248.1 243.9 241 240.6 238.8 237.5 233 228 222 215.9 211.6 206.8 203.1 199.4 196.6 194 189.5 187.1 185.5 183.2 181.1 177.4 176.8 176.1 173.8 168.8 178.7 181.2 184.9 194.6 195 195.4 195.8 196.1 198.6 201.2 203.9 207.1 210 213.1 216.4 219.7 224.6 228.2 230.8 235.1 238.5 242.4 245.2 247.4 249.1 250.4 252.7 254.7 250.6 259.9 266.9 271.2 274.2 275.3 276 276.1 277.8 279.1 280.7 282.8 284 286
222.3 224.8 226.4 230.8 235.7 237.7 238.1 238.9 239.9 241.4 241.6 240.4 237.5 236.1 234.7 233.2 233.4 231.6 227.7 221.7 215.6 210.1 205.9 203.1 199.2 195.5 192.9 189.9 186.3 182.6 180.9 178.4 174.1 171.8 168.5 167 165 163.7 179 180.9 187.3 194.1 194.6 195.2 195.3 196.8 199.7 203.1 206.6 209.7 212.7 216 220.7 224.4 227.1 231.2 235.7 238.6 241.8 244.4 247 249.5 251.6 252.8 254.6 256.7 259.5 255.2 258.3 267.6 270.1 272 272.5 273.1 275.3 277.9 281.2 285.2 287.3 289
218.1 220.1 225 231.5 234.8 234.2 234.4 233.6 234.1 232.7 232.5 230.9 230.4 229.5 228.6 226.5 226.5 224.4 220.5 214.7 209.5 203.8 200.7 198.5 195.1 191.8 188.8 185.7 182.1 178.2 176.6 169 164.2 163.8 162.6 162.4 163.3 166.2 177.6 180.7 189.7 193.9 193.8 193.7 194 197.5 201.5 205.6 209.4 213.1 216.8 222.1 226.9 229.6 232.3 235.3 237.5 239.9 242.3 245 247.6 250.2 252.4 254.5 256.9 259.3 262 264.2 264.3 259.7 266.1 266.5 270.1 273.2 275.8 278.5 282.8 288.1 290.9 292.7
216.7 220.4 226.4 231.2 231.6 231 230.9 230.3 228.5 226.3 224.8 222.9 223.2 222.1 222.2 219.7 219.2 215.1 209.1 206.9 202.3 197.4 195.9 193.5 190 186.9 184.5 181.5 178 174.8 172.9 170.9 162 159.1 160.9 164.5 174.3 176.4 178.6 181.5 192.6 193.3 192.9 196.9 199.9 200.6 204.8 208.7 214.2 218 221.5 224.9 229.1 231.5 233.9 236.7 238.9 241 243.5 245.9 248.4 251 253.3 254.8 260.1 263 264.7 266.7 268.9 271.2 272.8 273.6 274.4 274.3 275.3 279.1 283.9 289.4 293.5 296.4
215.9 219.3 226.7 228.1 227.9 228 228.3 226.8 223.6 220.8 218.7 218.4 217.5 216.4 215.6 213.7 211.5 208.6 202.1 199.4 197.1 193.8 191.6 188.9 186.3 183.2 180.3 177.3 174.1 171.2 168.3 169.4 166.2 159.5 168.1 173.1 175 177 179.6 182.4 188.2 192.3 194.5 197.6 200.8 205 208.1 213 217.6 221 224.1 227.8 231.3 233.3 235.4 237.9 240.1 242.2 244.7 247.1 249.5 251.9 256 260 262.5 264.5 266.6 268.7 270.8 273 275 276.2 277.2 276.5 277.3 281.1 287 294.6 298.4 300.6
214.5 217.9 223 225.2 225.1 225.2 225.4 224.3 219.6 215.7 214 212.6 211.6 211.5 211.3 209.5 207.6 204.2 198.7 195.7 193.2 189.5 188 185.7 183.2 180.1 177 174.2 171.2 164 159.4 157.7 155.1 166.1 170.6 173.3 175.4 177.5 180.6 184.3 188.2 192.4 196.7 199.2 204.1 208.7 212 214.8 218.9 223.5 226.5 228.5 231 233.4 236.5 238.5 240.7 243.3 245.8 248.3 250.7 254.4 257.8 261.2 263.6 265.8 267.8 269.9 272 274 276.7 278.4 280.3 281.6 282.3 285.8 291.2 294.3 297.8 299.6
211.8 214.9 218 221.5 222.4 222.4 222.4 220.6 215.7 211.7 209 207.3 206.9 206.8 206 204.3 202.5 198.8 194.3 191.9 188.8 185.9 184.5 182.4 180 177 173.9 170.1 166.8 155.5 154.5 153.8 164.5 168.8 171.4 173.4 175.5 179.5 183.8 185.9 189.4 194.3 198.3 202.2 207.4 211.2 216 218.1 217.5 222.5 225.9 228 230.4 233 236.2 238.4 240.8 244 246.9 249.5 252.3 255.3 258.7 261.7 264.8 267 269 271.1 273.2 275.2 277.7 280.7 282.7 284.5 286.6 288.2 291.1 293.4 296.2 298.4
208.3 212.4 216.5 218.1 218.4 219.1 219.5 216.8 211.9 207.1 204.4 203.3 203.5 203.2 201.6 198.7 196.6 192.9 189.3 187.4 184.2 182.6 181.1 179.1 176.7 174 171.2 167.4 161.9 151.9 154.4 164.2 166.8 169.5 171.5 173.3 178.1 182.4 186.6 187.7 193.4 196.8 200.7 206 211.9 214.6 218 220.3 222.9 224.5 225.9 228.9 232.2 234.6 236.6 239.9 242.1 245.4 248.2 250.6 253.1 256.1 259.9 262.7 265.6 268 270.1 272.2 274.1 275.9 278.7 281.2 283.3 285.4 289.1 290.2 292.7 293.1 295.2 297.2
205.6 210.1 212.9 214.6 215.2 216.4 216.8 214.2 210.3 204.3 201.8 200.5 201 200.1 197.1 193.8 191.3 188.3 185.2 182.5 179.9 179.2 177.9 175.9 173.6 172.1 169.4 165.2 151.1 153.1 161.7 164.9 167.3 168.8 171.3 177.1 181.1 185.1 188.2 193.8 197.4 200.5 205.2 211.2 215.3 217.4 220.1 221.9 224.1 226 228.3 230.5 232.9 235.6 239.1 241.8 244.3 246.5 249 251.7 254 257 260.9 263.9 266.9 268.9 270.6 272 273.8 275.7 278.5 281.3 283.4 286.8 289.9 292.7 294.9 293.2 293.8 296.7
203 207.4 209.3 211.2 212.3 213.3 213.5 211.5 207.3 203 200.5 195.9 196.6 196 192.3 189.6 186.9 184.2 181.1 178.2 176.5 175.8 174.7 172.9 170.9 169.8 168.7 164.2 149.6 152.5 162.3 165.6 166.9 168.5 173.9 179 183.1 187.2 192 196.4 200.5 205.5 211.2 215.4 218.6 220.7 221.7 222.3 224.8 227.2 226.1 229.4 232.6 236.3 240.7 243.3 245.4 247.3 249.6 252.2 254.9 258 261.9 265.3 268.3 269.9 271.4 272.9 274.3 275.7 278.2 281.1 284.6 288.2 290.9 293.6 295.6 297.1 296.3 297.4
200.6 203.5 205.8 207.1 207.9 208.4 209.4 208.6 206.3 203.3 200.2 198.3 191.8 190.6 188.4 185.3 182.6 180.5 177.6 175 173.1 172.7 171.6 169.9 168.9 168.2 166.8 163.1 149 151.9 161.7 164.9 166.3 170.3 175.3 181 184.7 186.4 194.1 199.1 203 208.6 215.6 219.4 221.9 223.4 223 222.3 219.7 222.6 229.2 232.7 238.2 241.2 242.8 245.8 247.5 248.8 250.6 252.8 255.9 259.3 263.6 266.9 269.7 272.3 273.5 274.1 275.5 276.7 278.7 281.8 285.6 289.7 293.4 296.2 299 300.4 301 300.7
198.1 200.6 202.5 203.2 203.2 203.4 205.4 206.5 207.4 204.3 200.8 197.9 193.3 184.4 183.4 181.4 178.4 176.6 174.4 172.4 170.8 170.3 169.4 167.8 167.5 167 164.4 153.8 148.5 158 161.3 163.9 166.3 171.3 176 181.3 185.4 190.2 195.6 200.3 204.6 211.1 218.3 220.9 222.2 222.3 221.4 215.4 224.6 232.3 235.4 237.4 240.5 242.4 244.6 247.2 249.6 250.3 252 254.2 257.1 260.7 264.4 267.8 270.6 273.3 275.3 276.9 277.8 278.7 280.1 282.8 286.4 290 293.6 298 301.9 304.4 305.3 306.4
195.9 198.3 199.7 199.9 200 200.7 202.7 204.4 207.2 205.3 200.9 196.3 190.2 184.6 180.1 176.9 174.9 173.2 172.2 170.3 168.7 168 167.4 165.9 165.6 164.5 159.9 147 153.9 156 159.4 162.2 167 171.8 176.2 180.4 184.3 191.2 195.5 199.7 204.2 210.4 215 218.1 217.7 216.2 210 223.3 230.4 234.3 235.4 238.7 240.6 242.5 244.4 247.3 249.4 250.8 252.6 254.6 257.4 260.5 263.9 266.3 269.5 271.7 274.5 277.5 279.8 281.5 283.1 284.6 286.8 290 294.8 299.4 304.1 306.7 308.6 311.6
193.5 195.7 196.4 197.6 199 200.2 201.9 203.6 205.9 204.2 199.7 194.2 187.4 182.2 178.4 174.2 172.2 170.1 169.6 168.2 166.8 166 165.2 164.3 163.2 161.4 152 150.1 153.7 154.8 157.4 161.6 166.4 170.7 175 178.4 184.4 188.8 193.4 197.6 202.6 206.4 210.8 214.6 215.1 207 215.6 225.8 230.1 231.3 234.1 236.8 238.3 239.9 242.8 245.8 247.5 248.8 251.5 254.1 256.4 259 261.7 264.3 267.5 270.4 273.5 277.1 280.7 282.2 284 286.1 289.2 292.2 297.1 301.1 304.8 308.4 311.7 316
193 194.7 195.8 197 198.4 200.5 202.4 204 204.9 203.7 198.7 191.5 184.7 179.8 176.7 173.8 167.7 166.7 166.8 166 164.5 163.4 162.3 159.7 158.9 154.8 145.1 147.5 149.5 151.2 155.3 160.7 165.3 168.7 173.8 177.7 182.7 187 191.4 195.4 199.7 203.2 206.8 210.8 208.7 207.1 218.3 223 226.2 228.6 231.1 233.6 235.7 237.4 240.6 243.1 244.5 246.2 249 252 254.5 256.7 259.1 262.3 266.6 269.6 272.8 276.8 280.1 283.4 285.7 287.9 291.2 294.6 298.1 302.2 305.7 310 314.6 317.3
192.9 195.2 196.3 197.3 198.2 200.3 202.9 205.3 204.9 203.5 199 190.2 182.1 177.8 174.9 172.4 170.3 165.7 160.4 161.5 160.6 160.5 159.4 156.2 153.5 145.6 144.3 146.9 149.5 153.7 153.6 155.5 156.9 168 173.1 179.6 181.7 185.3 189.1 193 196.5 200 203.5 206.6 201.6 208.2 215.5 219.3 222.4 223.9 225.9 229.5 232.1 234.7 238.2 240.7 239.7 240.7 243.5 246.4 248.3 250.7 254.6 260.9 265.8 269 272.1 276.4 279.5 282.8 286.4 289.7 293 295.2 298.9 303.2 307.5 311.6 315.7 322.4
192.3 194.4 196.2 197.9 198.9 200.4 203.2 206.3 206.3 203.1 198 189.2 180.8 176.9 174.2 171.7 169.3 166.6 161.8 155.4 152 155.9 156.6 155.9 145.9 143.8 144.9 147.7 151.3 153.2 154.4 155.1 156.1 159.4 165 178.4 178.8 182 186 188.9 192.7 196.8 199.1 200.2 196.2 205.8 210.4 214.1 217 220.2 222.8 225.5 228.7 231.9 235.7 234.6 226.6 240 245.6 250.4 252.6 256.9 261.1 260.4 264 265.3 271.4 275.6 279.1 282.4 284.9 289.6 292.9 295.1 300.2 304.7 308.4 311.4 318.8 325.1
191.1 193.7 196.4 198.6 200.1 201.2 203.6 206.3 206.2 202.4 196 186.9 179.9 176 173.5 170.9 168.3 165.7 162 157 153.1 147.6 152.8 151.5 143.3 143.4 145.6 148.7 151.9 153.7 156.3 161.1 164.5 163 166.2 165.6 167.4 170.3 176.5 182.5 188.2 191.2 193.6 194 195.4 201.9 205.3 208.5 211.3 214.4 217.8 221.7 225.4 229.1 228.4 225.8 229 239.5 246.8 251 253.5 257.5 261.2 264.1 266.9 270.9 272 275.1 276.4 281.7 283.6 287.5 288.1 291.5 299 300.7 305 310.9 319.1 326.1
192.6 196 198.2 199.7 201.4 202.8 204.4 205.8 204.5 199.7 194 185.4 179.5 175.3 172.9 170.2 167.5 164.4 161 155.6 153.6 149.6 147.1 145.8 142.1 143.3 146.1 149.3 152.5 155.3 159.5 164.3 168.9 173.2 178.5 175.5 173.3 178.3 174.2 172.9 177 180.3 181.6 183.8 189.6 194.3 197.8 201.4 202.8 203.5 205.2 208.6 215 215.4 222.2 228.4 230.9 243.7 247.3 250.7 253.9 257.3 260.9 264.5 268 271.8 275.5 278.3 279.5 284.1 288.2 292 297.1 300.2 302.7 307.2 312.2 313.4 315 321.9
194.2 196.5 199 200.7 201.8 203 203.8 202.8 201 196.9 191 184 178.6 174.9 171.8 168.5 165.1 161.2 157.4 152.1 148.1 146.4 141.7 141.5 141.7 143.6 147.1 150.8 153.4 157.1 162 166.7 171.4 175.6 178.7 181.1 183.2 185.2 185.2 187.5 187.4 189.8 191.7 195.8 198.2 200.9 192.1 193.8 201 208.2 217.4 224.3 229.2 233.5 236.3 239 240.7 240.1 248 251.1 254.4 258.1 261.7 265.7 269.7 273.9 277.5 280.5 283.5 287.1 290.8 294.4 299 303 306.8 311.5 316.2 319.4 322.3 316
194.7 199.8 203 203.2 201.8 202.2 201.1 199.2 196.9 193.4 188 181.8 177.3 173.7 170.4 166.1 161.9 157.5 153.5 146.9 144.5 138.8 140.6 141.6 142.1 144.1 147.6 151.3 155 159.7 164.6 169.1 174.1 177.6 180.9 183.2 185.9 188.8 190.6 193.6 194.5 195.6 199.7 201.8 205.1 210.7 211.7 205.8 213.5 217.4 221.2 226.3 230.2 234.4 237.9 241.4 244.2 246.7 249.6 250 253.2 257.6 262.5 266.7 271.5 275.6 279.4 283 286 290.2 293.6 296.9 300.4 305.3 310.1 314.9 319.8 323.5 325.9 328
