app/static/ascii/SN81.asc
ncols 200
nrows 200
xllcorner 280000
yllcorner 210000
cellsize 50
[rows 105 to 139 of 200, columns 78 to 155 of 200]
308.2 287.4 275.9 253 236.7 226.3 216.3 206.3 198.6 195 190.5 188.4 186.3 182.5 181.1 185.6 187.2 194.8 200.5 206.8 212.2 217.3 226.4 236.9 246.9 264 278.9 290 303.2 302.4 302.7 312.6 323.3 331.2 340.1 345.5 354 361.4 369.3 375.4 379.5 390.8 397.3 406.7 412.2 417.8 428 435.4 439.9 443.2 443.2 440.5 439.2 436.4 433.6 431.5 427.5 424 421.6 418.6 415 416.5 415.8 415.3 413.5 412.4 409.8 405.5 400 398.6 400 400.4 402 402 401.5 404.3 406.5 409.3
298.3 281.7 262.6 245.7 230.9 221.9 211.9 203.6 200.8 198.3 191.8 188.4 186.1 181.8 183.9 185.3 186.7 194.5 198.4 202.8 207 208.7 220.7 231.8 240.2 256.6 273.8 287.3 296.5 297.3 301.4 309.6 319.9 328.6 335.6 341.9 353.4 358.3 365.1 370.5 377.7 386.4 397.9 403.5 411 419.1 427.1 432.4 434.7 435 433.8 433.6 433.4 430.9 428.4 426.3 423.2 419.1 416.1 412.7 413.5 414.2 413.6 412.1 410 407.8 404.5 398.5 393.1 392.6 394 396.2 397.7 396.6 397.2 398.7 401.1 406
293.8 279.7 256.2 239.5 226.7 218.7 209.7 205.9 208 205.7 194.6 188.3 185.7 181.7 183 184.8 187.2 191.9 195.8 199 202.9 207.1 219.1 228 236.8 253.5 270.3 285 291.2 295.6 300.2 306.3 317.1 324.8 332.2 339.2 350 354.3 361 367.1 378.5 386.1 397.4 406 414 419.6 424 425.5 427.7 428.7 428.7 428 425.6 424.5 422.2 418.2 416.5 413.4 411.7 409.9 411.3 411.2 410.1 406.3 404.4 402.6 398.9 393.1 389 389.3 390.2 392 392.4 392.5 394.2 396.6 400.8 406.2
288.4 270.4 250.7 234.6 225.9 218.5 212.2 212 214.8 208.9 197.2 189.5 185.5 181.1 182.2 184.2 186.5 189.8 192.8 196.8 201 207.3 217.5 225.3 236.9 253.5 269.3 282.1 287.9 294.3 298.3 303.1 314 320.9 328.4 338.7 346.8 353.2 360.6 369.2 379.5 390.9 400.2 407.8 411.2 416 419.1 421.8 423.3 423.6 423.5 422.9 422 419.3 416.6 411.4 408.9 407.7 406.9 407.6 407.2 406.7 404.6 400.9 399.5 397.8 393.6 389.3 386.9 386.7 387.4 388.7 390.1 391.6 393.9 396.4 401.2 409.7
279.6 259.7 244.9 235.8 233.2 221.4 216 214.9 212.9 205.2 195.9 189.1 185.8 179.7 181.6 184 186.3 189.1 192.5 196.3 200.6 207 216.5 224.7 235.2 250 267.9 281.7 285.6 291.4 295.7 300.8 311.1 316.5 323.7 337.2 347.2 355.8 363.5 373.9 382.2 392.5 398.5 403.7 407.3 411.8 416.6 417.4 417.1 417.2 417 416.7 415.9 414 412.4 409.1 405.6 403.8 405 404.4 403.2 401.1 398.6 396.5 395.1 393.4 390.2 386.4 384.4 384.3 385.9 387.7 389.7 391.8 394.7 397.4 404 407.5
270.7 254.1 246.2 243.5 237.1 222.6 217.2 213.2 208.7 199.6 191.4 186.6 183.4 176.5 180.5 183.4 185.6 189.8 193 195.9 200.1 206.2 213.7 224.1 233.7 249.3 264.7 279.4 284.4 288.9 293.6 300.3 308.4 313.2 325.2 339.3 349.2 357.4 364.8 374.3 381.4 388.6 394.1 400.2 406.6 410.7 411.5 412.3 411.6 410.8 410.4 409.4 409 408.1 406.1 403.9 401.4 402.6 402.7 400.7 397.8 395.8 392.5 390.8 390.6 388.8 385.3 382.2 381.3 383.3 384.9 386.8 389 391.7 394.8 397.8 400.6 404.1
266.4 253.2 250.4 249.4 239.4 226.5 213.9 208 202.1 194.3 188.2 184.4 181.6 176.2 180.5 183.1 185.2 189.1 192.2 195.1 199.6 205.9 215.4 223.2 234.4 248 264 280.3 284.5 287.5 294.1 301.2 308.5 314.4 327.8 340.4 350.3 358.1 366.8 371.8 378.3 387 392.2 399.6 402.7 405.1 406.9 406.3 405.7 405.5 405.1 404.4 403.3 401.5 400.8 398.7 399.9 400.8 401.2 397.8 393.9 390.3 387.4 385.9 385.3 382.5 381 379.4 382.2 384.9 384.8 385.9 387.9 390.7 392.9 394.9 397 399.7
269.5 257.9 248.6 251.4 239.4 227.2 214.6 203 196 189.5 184.8 182.4 179.2 176.1 184.1 187.1 185.8 188.6 191.8 194.9 199.5 207.5 217.5 225.2 234.7 249.7 264 279.1 281.8 284 294 302 308.7 316.4 329.8 342.9 351.5 358.1 363.7 369.4 377.1 385.7 392.4 397.7 401.4 402.6 405.5 405.7 405.3 404.7 403.8 402.3 398.6 396.2 394.5 396.2 398.1 398.9 397.2 393.9 389.2 386.1 382.6 381.2 380.6 377.8 375.4 379.5 381.3 381.9 384.9 385.4 386.2 389.1 391.4 393.7 395.5 396.7
266.9 251.8 247.1 243.3 233.7 224.8 212.5 201.4 192.9 186.8 183.1 180.2 177.9 180.3 186.8 186.6 186.5 188.4 191.5 194 199.1 207.4 218 225 234.5 250.5 263.8 276.6 278.5 283.1 292.2 302.1 309.6 321.1 334 343.2 350 356 362 369.7 381.8 390.7 395 399.4 403.9 405.9 407.2 406.6 405.8 404.2 402.3 399.8 395.4 391.8 392.6 395.3 396.6 395.8 391.9 388.4 383.6 380.2 378.2 378.1 375.9 370.4 376.3 379.3 379.5 380.2 383 385.3 386.9 388.4 390.4 392.2 393.5 394.5
263 244.2 242.1 233.6 224.5 217.7 209.5 199.8 191.6 185.1 181.9 178.3 177.1 184.3 186.7 185.8 185.1 187.1 190.5 193.6 199.9 211.6 218 223.5 235.3 251.5 262.8 272.7 275.1 283.2 292 301.9 311.5 324.2 334.1 340 346.7 353.8 361.6 372.8 384.6 391.7 396.9 400.3 403.2 404.1 404.3 404.6 403.6 402 399.6 394.8 390.4 391.3 393.1 393.9 391.9 389.8 385.2 380.2 377.6 375.1 375.5 375.5 373.9 368.2 374.9 375.6 379.1 380 382.4 385.5 387.7 388.8 389.4 389.8 390.9 390.8
252 235.7 233.5 227.6 218.1 211.7 205.3 198 191.6 185.6 181.1 177.5 176.7 183.1 185.2 184.1 184.1 186.3 189.5 193.6 201.4 213.5 217.6 224 239 250.8 261 269 272.7 282.8 292.1 304.1 315 324 332 337.3 344.4 353.6 365.8 377.1 386.5 392.2 395.4 397.9 400 400.4 399.4 399.9 398.8 397.9 394.1 388.2 388.7 390.6 391.7 390.1 386.4 380.8 377.6 374.7 372.8 373.2 374.4 374.9 374.2 364.6 368.3 371.3 377.1 381 381.7 383.7 385 386.5 387.7 387.8 387.8 387.3
247.9 232.6 227.6 220.6 212.4 206 201.1 194.7 189.8 185 181 173.5 177.5 181.7 182.8 182.8 184 185.9 189.9 195.2 204.2 211.9 217 227.2 241.6 251.9 259.7 265.4 272.2 280.9 292.5 305.2 318.8 324.1 330.2 337.8 349.3 360 371.2 381.2 387.1 390.8 393.2 395.4 396.5 397.1 397.1 397.2 396 392.1 387.7 385 388.7 389.6 386.5 382.6 378.4 374.4 372.8 370.5 370.7 371.6 372.4 373 369.9 362.3 366.5 370.8 374.6 378.6 379.9 382.9 383.2 384.1 385.1 385.2 384.5 384.3
247.8 230.5 223.1 215.1 207 201.5 197.6 192 187.7 184.3 182.2 174.7 176.5 180.3 181.1 181.4 183.7 186.5 190.6 198.1 205 211.3 217.8 229.7 244.9 252.5 259.6 265 273.1 282.9 293.8 307.3 317.4 324 330.7 342.6 355.2 366.1 375.9 383 387.2 390.1 391.2 393.2 395.1 395.8 395.9 395.1 391.1 385.7 380.7 385.4 386.1 384.2 380.2 375.8 371.3 368.8 367.3 367.3 368.3 369.5 370.4 369.3 362.9 360.3 363.3 369.7 370.6 377.5 381.2 384 384.1 382.5 383.2 382.8 382.3 382.7
236.9 224.2 217.7 211.2 204.7 198.1 194.2 189 185.7 183.5 181.8 176.1 174.2 179.1 180.5 181.9 184.5 188.5 193.5 200.1 205.8 211.8 219.3 233.3 245.1 253.3 259.9 266.6 273.6 282.1 295.4 310.4 317.8 325.9 337 348.4 358.9 369.7 377.1 382.3 386.1 388.3 389.8 391.4 393.4 394.5 394.3 390.6 383.9 375.4 383.7 384 381 378.2 373.6 370 367.3 365.5 363.8 363.9 364.9 364.5 362.4 360.3 358.5 358.8 361.3 365.7 371.5 379.4 382.2 383.9 383 381.5 380.9 380.8 380.7 380.2
237.2 222.6 213.9 208.4 202.2 196 192.4 187.6 184.4 182.7 181.1 176.3 173 177.9 179.6 182.3 185.5 188.3 194 200.2 207.6 213.7 222.2 237.6 247.4 254 260.1 266.5 274.1 283.3 299.7 311.2 320.6 331.4 342.7 351.9 360.8 368.6 375.8 380.9 385.2 388.2 389.5 390.9 393.3 394.6 392.6 389.2 370.9 373.9 382.1 379.8 375.9 372.6 369.3 366.8 364.6 362.9 361.1 359.6 360.9 358.7 357.7 356.5 355.7 357.1 359.9 367.4 374.4 380.4 382.1 382.1 381.6 380.1 379 378.6 378.2 377.5
237.2 217.6 210.4 205.5 199.1 194.1 190.3 186.8 183.1 181.5 179.7 175.9 170.3 176.3 179.2 182 185.7 188.8 193.6 200.1 207.9 215.1 227.5 243.2 250.3 254.2 259.9 266.9 276.3 287.9 303.7 314.6 322.7 332.2 342 352.9 361.8 369.9 377.1 381.9 385.4 387.4 390.2 392 393.6 391.3 388.9 384.5 373.3 372.6 376.9 376.4 371.8 367.5 365.6 364 361.8 360.1 357.8 355.7 355.2 354.1 353.7 353 353 356.6 361.8 370.1 375.7 380 380.7 379.7 379.3 378.5 377.2 375.7 375.3 374.9
229.4 209.9 207 203.5 197.5 192.3 189.2 185.4 181.4 179.8 178.9 175 169.6 176 178.8 182.2 186 188.3 193.5 200.6 209.1 220.1 234.6 246.2 251.4 254.6 260.6 269.4 279.3 293 306.4 315.8 324.1 332.4 343.9 354.6 363.7 371.1 377 380.6 382.5 384.1 385.7 385.6 385.6 385.1 384 380.9 380.3 373.4 362.7 369.2 367.2 362.6 361.5 360.1 358.8 355.3 352.5 351.3 350.5 350.1 350.5 350.7 350.9 357.5 364.1 371.5 375.6 378.2 378.7 377.2 377.1 375.5 373.8 372.2 371.1 371.2
216.4 205.4 203.3 201.2 197.2 191.2 187.7 182.9 180.7 178.7 177.8 174.6 168.3 175 178.4 181.8 184.2 188.9 194.5 200.3 210.3 224.3 238.4 246.8 251.4 257.2 265.2 275.5 287.2 299.5 307.7 316.6 325 335.3 346.8 353.8 360.3 369.4 375.7 379.1 379.9 381.2 382.5 381.6 381.9 382.4 380.3 378.2 376.8 375.2 364.7 357.3 361.6 358.8 357.7 358.8 354.7 350.4 349.7 349.1 347.9 347.2 348.1 348.7 352.7 358.9 365.5 370.8 373.1 375.3 375.9 375.1 373.3 370.9 369.8 369.3 367.9 367
204.5 200.5 199.7 198.2 194.9 190.1 189.8 182 180.9 178.9 177.1 174 167.4 172.3 178.6 182.6 183.9 187.9 193.3 200.6 213.4 229.3 240.9 246.1 252.1 262.1 271 279.3 292.6 300.9 311.8 319.8 329.7 339.7 345 354.4 366.2 373.7 377.8 380.1 380.1 380.9 381.8 381.9 382.3 381.6 379.7 374.9 369.9 370.3 365.9 353.1 357.1 356.2 354.7 352.7 350.1 347.3 346.6 346.8 346.4 346.1 346.5 351 357.9 361.3 367.4 370.8 370.8 372.3 373.4 372.1 369.8 367.3 365.5 364.9 363.7 362.2
198 197.5 197.6 195.7 190.1 190 193.6 188.2 181.4 178.9 176.7 174.7 167.2 171.1 179.2 181.8 183 186.9 193.1 203.7 217.3 230.6 241.9 247.1 256.2 266 274.8 283.3 294.5 304.7 313.8 324.5 333.2 339.9 346.9 358.7 367.6 375.3 380.3 380.9 381.4 381.9 382.3 382.4 382.4 380.7 380.1 378.5 369.7 365.6 363.1 348.9 352.6 353.2 352.8 350.4 346.2 343.6 343.6 344.7 345.3 347.2 349.9 354.6 361 361.4 365.9 368.3 370.3 371 370.4 369 365.4 363 360.9 360.4 358.6 357
194.7 194.6 194.6 192.4 186.9 190 196.1 192.3 185.1 179.3 176.6 175.1 167 174.2 176.9 179.2 181.1 185.2 192.8 206.2 219.9 233.4 242.1 249.7 259 268.4 279.1 287.3 296.7 307.4 317.9 326.5 333.7 340 350.2 360 368 375.1 381.1 381.1 381.1 381.3 381.6 381.3 381.4 380.5 380.5 379.5 373.3 360.4 356.3 346.7 349 350.4 350.7 349.6 343.6 340.8 342 343.7 348.5 350.1 353 355.7 360.6 360.7 363 365.5 368.1 367.6 366.5 364.1 361.1 358.8 356.4 355.7 353.6 350
191.1 191 190.6 186.1 182.4 183.9 186.1 186.4 183 177.5 175.4 173.2 168.2 172.3 175.3 176.8 179.4 184.3 192.8 208.1 222.8 234.5 241.6 249.8 258.3 271.2 284.2 292.7 299.7 310.8 317.4 325.4 333.8 344.8 353.9 361.7 365.6 373.5 380.9 381.2 380.6 378.4 378.3 378.2 377.7 379.9 379.7 377 372.4 361.5 351.3 344.1 343.7 345.7 345.9 342.7 338.2 340 343.2 347.8 350.2 352.6 354.7 357.4 358.3 359 359.8 362.7 364.2 363.7 362.3 359.3 357 355.4 353.1 351 347.9 343.7
186.4 186.9 184.8 181 179.5 178.7 178.7 177.6 175.5 174.1 173.2 172.5 171.2 170.4 173.7 176.1 178.6 184 192.5 209.2 224.9 232.9 241.7 251 260.1 277.2 288 299 304.1 309.8 316.1 327.5 338.7 346.1 354.5 362.8 364.1 375.6 380.9 380.3 377.8 373.9 371.6 371.2 372.3 374.2 375 374.1 369.1 358.1 350.4 340.5 340.1 340.9 339.4 335.3 340.4 347.1 349.3 349.9 351.9 353.4 353.4 354.4 354.9 356.8 358.6 360.3 359.9 360 357.2 354.6 352.2 350.9 349.3 346.2 340.8 338.1
182.2 180.5 178.7 177 176.1 174.9 174.4 173.5 172 172 172.6 172.1 169.6 162.2 173.3 175.6 178.6 183.9 194.6 212.6 225.6 233.2 242.2 252.3 265.7 279.3 289.4 298.5 302.1 308.5 318.8 330.6 339.4 348.8 354.8 354.7 363.1 372.6 378.1 377.1 372.3 369.8 368 368 369.3 368.4 369.7 369.3 363.4 353.5 346.6 338.8 336.4 341 333 341 348.4 351.4 350.7 351.1 350.5 350.9 350.4 351 352.7 354.6 355.4 355.8 354.6 353 350.6 349.7 348.2 346.6 344.5 342.3 339.6 335.1
177.9 175.2 174.4 173.9 173.6 172.7 171.8 171.3 170.9 171 171.7 171.3 168.3 160.3 171.2 176.1 179.8 184.4 199.3 214.6 225.2 232.9 243.9 254.5 269.5 279.1 287.7 295.3 303 311.6 322.5 332.4 341.3 349.7 347.8 351.3 359.9 367.4 371.7 371.4 369.4 368.3 366.2 364.1 363.8 364.8 365.9 365 358.6 350.3 341.8 336.2 330.4 330.9 338.5 348.5 353.9 355.8 352 348.8 347 346.7 348.4 349.6 351.1 352 352.1 351.3 349.4 348.6 347.6 347 344.4 342.4 340.4 338.2 335.4 332
173.4 171.7 171.8 171.5 171.2 170.8 170.1 169.6 169.5 170 170.7 170.2 166.7 159.3 171.1 178.6 183.8 190 202.8 217.5 225.9 236.1 247.6 260.2 270.6 279.4 289.5 298.2 309.1 317.7 325.5 333 342.3 341.6 343.1 349.8 357.2 364 367.1 369.1 368.4 366.9 364.7 362.3 361.8 363.9 364.9 363.3 357.5 350.1 338.1 331 325.7 334.5 342 352.2 357.5 356.7 350.2 345.1 344.5 344.5 345.9 348 348.4 349.3 348.5 346.2 345.3 345.9 345.7 342.5 340.3 338 335.9 332.5 330.8 329.9
169.8 169.1 169.2 169.2 168.8 168.5 168.2 167.7 167.7 168.1 168.7 167.9 164.8 158.8 168.5 181.5 187.9 194.4 205.7 218.5 229.4 243.3 255.4 264.7 273.9 283.8 293.6 302.6 312.1 320.1 325 330.8 334.4 337 343 349.4 354.8 362.2 369.6 370.3 368.5 365.7 362.8 360.7 361.5 365.1 367 363.1 357.7 349.8 337 327.5 324.2 337.2 346.7 351.8 353.7 350.7 346.7 342.6 342.6 342.7 343.6 344.5 345.3 343.6 341.3 341.1 341.9 343.1 341.5 338.9 336 333.2 330.9 329 328.2 327.9
166.3 166.3 166.4 166.1 166.1 165.9 165.9 165.4 164.4 164.7 165.8 165.2 162.9 156.7 177.7 183.7 191.3 199.2 209.3 221.9 236.4 248.1 260 268.5 279.1 291.1 298.9 306.3 312.5 316.7 320.8 326.5 330.5 337.1 344.9 356.7 365 367.9 370 369.8 367.3 364.1 361.9 360.3 360.1 363 364.9 361.2 355.2 346.4 335.1 322.2 328.6 339.9 347.9 349.1 347.5 344.8 341.6 340.5 340 341.1 341.4 341.8 340.3 338 336.8 337.5 338.7 338.9 338.7 337.1 335 331.9 329 326 325.2 328.2
163.6 163.6 163.3 163 162.9 162.8 162.1 161.7 161.5 161 161.3 160.5 158.4 153.6 182.2 187.6 193.2 201.6 211.1 225 239.1 251.6 263.6 274.5 284.9 292.1 301 306.2 309.5 313 318.3 325.4 333.1 340.6 348.5 357.2 362.3 365 366.4 365.9 363.7 361.4 360.5 359 358.2 359.3 360.8 357.9 349.9 341.9 330.5 325.4 337.2 344.6 347 344.4 341.5 339.6 339.2 338.5 337.9 338.3 337.8 336.9 335 333.8 332.7 333.8 335.1 337.6 338.3 337.5 333.6 330.3 327.7 324.5 325.3 330.6
161 160.7 160.4 159.3 158.3 157.9 157.7 157 157.3 156.7 156 155.6 155.2 167.4 185.7 190.9 196.1 204.1 215.5 229.3 243.2 255.3 267.6 276.9 285.8 294.6 299.1 302.6 305.6 310.5 319.3 327.5 334.9 341.2 348.4 354.4 359.3 361 361 360.1 358.9 357.1 356.2 355.4 354 354.8 356.5 351.7 345.2 338.2 324.1 327.3 340.5 343.1 340.8 338.6 336.9 337.7 337.2 336.6 335.7 335 333.5 330.4 329.4 329.2 329.2 329.9 331.9 334.5 336.7 335.6 331.7 328.8 324.1 320.8 326.3 331.3
157.8 155.4 154.9 153.4 153.7 152.9 151.5 151.6 152.4 151.8 151.6 152.2 150.6 175.1 188.9 194.4 199.8 207.7 221.3 234.5 247.4 258.4 268.8 275.4 287.9 289.2 292.1 298.9 308.4 315 322.2 328.7 334 340.2 346.1 351.3 355.5 357.2 356.8 355.4 354.2 352.9 351 350.5 349.8 350.4 351.6 349.2 344.1 338.6 322.3 315.7 327.3 334.7 333.9 333 333 334.2 335.1 334.7 332.8 331 330.2 327.5 326.4 326 327 328 329.9 331.2 332.3 330.8 328.7 322.4 319.5 322.3 327.8 332.3
144.7 141.8 144.7 146.8 147.6 146.2 149.1 151.4 164.4 174.6 179.8 184.6 185.9 188 192.3 198.5 204 214.2 227.5 238.8 251.8 262.4 271.5 280.3 286.3 289.5 296.5 304.7 312 322 327 329.6 332.7 337.7 340.5 346.9 350 352 352 350.7 349.7 349.3 348.2 348 347.7 347.5 348.7 348.5 344.8 340.8 334.7 315.6 317.4 325.6 328 329.5 330.8 331.5 332.3 332.4 331.3 329.7 327.4 324.7 323.4 323.2 323.3 324.7 326.6 327.2 325.5 322.2 321.4 319.5 317.6 323.8 327.8 332.3
144.9 151.5 157.6 161 164.4 166.4 168.9 171.7 174.1 177.7 181.6 184.9 187.7 191.5 196.4 202.7 212.2 223.1 234.7 244.4 255 267.7 278.8 286.6 291.9 297.3 303.7 310.1 317.7 324.8 330.9 333.6 332.8 334.3 336.8 340.2 343.6 346.7 346.9 347 346.6 345.9 345.1 344.5 344.1 344.8 345.7 347 344.1 338.2 330.1 310.5 311.6 319.9 325.4 330.2 331.2 331.6 331.9 330.7 328.8 327 325.2 322.2 320.4 320.4 319.3 320.4 318.6 319 318.1 317.8 316.3 315.3 320.2 324.9 328.5 332.9
155.8 158.5 160.3 163 166 167.9 170.9 173.3 176.5 179.9 183.6 187.3 191.8 195.8 201.3 208.7 220.3 232.2 243.5 252.5 262.9 276.7 287.9 289.8 296.1 301.6 306.4 313.6 320.4 326.6 332.1 334.5 331.5 330.5 332.8 336 339.5 341.7 342.7 342.9 342.6 342.2 342.1 341.8 341.3 342 343 343.2 340.5 330.1 318.2 301.7 311.3 319.8 326.1 330.9 331.2 331 330.2 328.2 326.1 323.6 322.5 320.4 316 314.8 312.2 311.6 309.9 311.4 312.2 313.3 313.8 321.1 324.1 327.4 331.3 336.1
158.3 161.3 163.1 165.5 168.2 171 173.8 176.3 179.3 182.6 186.6 190.9 196.2 200.3 205.7 215.9 227 239.4 248.9 260.1 271.2 283 290.9 291.1 295.3 302.5 308.2 313.5 320.5 325.8 330 330 328 326.8 329.4 332.4 335.5 337.4 339.3 339.2 339 339.1 339.3 339.1 339 339.1 339.3 338 336.5 319.6 299.1 305.1 314.6 319.6 324.3 329.4 329.6 329 326.4 323.3 322.8 318.1 317.4 315.2 310.1 307.6 304.3 306.9 309.8 310.6 311.1 318.4 322.4 325.5 328.7 332 336.1 340.2
