app/static/ascii/SN82.asc
ncols 200
nrows 200
xllcorner 280000
yllcorner 220000
cellsize 50
[rows 105 to 139 of 200, columns 78 to 155 of 200]
372.8 378.5 386.5 396.4 407.8 420.6 426.5 429.8 430.5 430 428.1 424.6 422.6 419.8 420.5 419.6 417.2 416.9 414.8 410.3 405.3 396.3 387.1 375.9 361.5 346.5 339 337.5 345.3 353.7 363.5 376 383.9 392.5 397.1 400.2 405 408.6 411.2 413.2 410.3 403 398.2 393.8 388.3 383.2 379.4 373.5 368 364.8 362 360.4 355 352.1 349.3 347.3 346.1 345.2 346 347.4 349.1 352.9 357.1 359.7 361.2 364.1 363.9 360.5 356.5 352.6 349.5 347 344 341.5 339.2 337.4 335.6 333.8
377.4 382.2 390.3 401.1 415.3 425.7 432.4 434.1 435.4 436.1 434.3 429.7 428.1 427.1 427.3 426.2 424.7 423 420.1 416.1 410.2 403.7 392.8 381.7 363.3 348.1 339.3 341.8 350.4 358.4 369.2 376.9 386 393 399.2 406.1 409.9 412.9 415.3 416.1 412.8 405.5 399.4 394.8 389.1 383.1 378.5 374.6 367.4 362.9 360.6 359.2 355.7 352.4 350.1 348.4 346.9 346.1 346.2 347.1 349.1 352.5 357.8 360.5 362.8 363.7 364 361.1 356.7 352 348.5 344.9 342.7 340.9 338.6 336.4 334.4 331.1
380.5 385.6 392.8 405 418.3 427.9 435.1 437.4 439.5 441.1 441.8 438.6 438.1 435.8 434.3 432 430.8 428.6 425.3 422.1 416.3 408.7 397.2 383.2 365.4 347.7 340.2 346.8 354.4 362.2 370.7 379.4 388.2 394.1 400.5 410.1 414.2 417.4 417.5 416.7 413.7 406.1 400 395 389.9 383.6 378.2 373.6 367.5 363.4 360.4 358.4 355.9 352.8 350.2 348.5 347.4 347 346.8 347.7 349.7 353.1 358 361.3 362.8 363.5 363.8 361.6 357.8 353 346.4 342.8 340.5 338.7 338.1 336.5 333.4 329.7
382.1 388.2 395.7 406.8 421 430.8 438.6 442.4 444.5 445.3 446.6 446.1 444.8 442.7 440.1 438.2 437.1 434.7 431.6 427.8 422.2 413.3 403.1 387.9 366.4 349.9 347.3 352 360 366 375.4 383.9 390.6 398 404.8 411.9 417.2 420.7 421.2 421.8 414.2 406.3 400.3 394.7 389.7 384 378 373 367.5 364.3 361.1 358.2 355.6 353 350.6 349.1 348.2 347.6 347.8 348.4 350.5 353.6 357.8 361.1 362.6 363.8 362.7 360.8 358.2 352.6 346.8 341 338.3 337.2 336.5 335.1 331.6 329.3
386.3 390.6 396.7 409.7 424.8 435.9 442.4 446.6 449.3 449.8 450.1 451.5 451.7 449.2 446.6 444.7 443.7 441 437.1 432.8 427.7 418.9 410.2 394.8 374.3 357.1 348.4 355.8 365.7 374.3 381.7 386.3 393.3 400.3 409.9 415.7 419.4 422.9 424.1 425.5 415.4 406.6 400.4 394.5 389.5 383.9 378.8 372.1 367 364 361.1 357.8 355.3 352.7 350.8 349.3 348.4 348 348.3 348.9 350.3 353.7 358.2 360.4 361.8 361.8 360.9 359.2 355.5 350 345.6 340.7 337.1 335.4 334.3 332.2 331.1 328.2
390.9 394.9 400.8 413.2 427.3 438.2 445.2 450 454.4 456.5 456.8 459 457.9 455.2 455.5 454 451.6 447.8 443.7 438.7 434.2 424.8 416.1 402.5 381.7 366.9 354.8 360.7 371.9 383.7 388.6 391.9 395.6 404.1 412.4 418.6 422.4 426.9 427.5 427.6 417.9 407.5 399.3 392.8 387.6 383.4 378.3 371.5 366.2 362.7 359.8 356.6 353.9 352.2 350.3 349.2 348.5 348.3 348.2 348.7 350.6 353.4 356.9 359.6 359.9 360 359 356 352 347.5 343.5 339.9 336.2 334 332.3 330.3 329.9 328.2
398.2 401.8 403 414.4 428.2 438.7 445.6 452 458.6 461.6 463.2 464.9 465.2 464.6 462.7 461.3 458.9 455.4 450.2 445.9 440 432.4 421.9 406.1 390.5 377.2 360.7 371.4 382.4 390.7 394.9 398.7 400.5 408.2 416.6 420.8 427.2 430.7 431.6 429.9 420.4 409.2 401.1 390.2 385.1 381.9 376.1 370.9 365.3 361.8 358.4 355.5 352.5 351 349.7 347.7 346.9 348.1 347.9 347.8 350.7 353.7 355.8 356.9 357.6 357.4 354.8 351 348 343.4 340.5 337.4 334.5 332.2 330.1 329.1 328.6 328.1
396.9 405.1 408.3 416.9 429.8 439.6 448 455.4 462.1 465.4 467.7 469.9 470.8 471.4 469.5 469.6 468.3 465.6 460.1 452.7 446 440 431.7 414.6 397.2 382.9 364.5 382.1 388.6 394.3 398.2 406.2 410.2 413.2 422 425.1 430.7 435.9 436.3 434.4 423.5 411.8 402.6 389.9 384.1 380.9 374.9 369.6 364.3 360.7 356.8 353.7 351.4 349.2 347.3 346.6 346.7 347.1 346.3 347.2 350.5 352.2 353.8 354.6 355.3 354.2 351.5 348.3 342.7 339.3 336.5 333.6 331.9 331.3 329.8 329.5 329.3 327.7
396.4 406.7 410.6 418.4 429.4 440.4 450.6 457.7 463.9 468.7 470.7 473.9 474.3 476.6 476.2 477.4 476.1 473.1 467.5 460.2 453.4 445.1 437.2 424 404.7 390.9 375.2 387.5 394.3 398 405.5 411.8 415.6 418.8 418.6 426.2 437.8 439.2 439.9 437 424.5 413.2 403.9 392.7 385.4 380.6 373.8 368.7 363.3 359.1 355.2 352.7 350.6 348.3 346.3 344.4 344.7 346.3 346 345.7 347.6 350.3 351 351.8 352.1 350.3 347.4 343.6 339.6 335.7 333 330.7 330.6 331.1 330.4 329.7 328.8 327.4
399.1 406.4 413.5 420.6 431.1 440.3 450.9 460.6 467.4 471.6 473.9 477 478.5 480.9 484 484.6 483.1 479.4 473.7 465.5 458.5 449.3 440.2 430.9 412.7 396.9 379.4 394.2 399.8 406.7 411.8 415.6 421 425.7 429.2 434.3 438.8 441.5 442.2 438.7 426 414.9 404.9 392.5 385.6 379.9 373.4 367 362.4 358.1 354.1 351.6 349.3 346.7 346.2 344.2 341.2 343.8 342.7 342.5 344.4 347 348.5 349.1 347.8 345.3 341.4 338.2 335.7 333 330.1 329 328.6 330.2 329.5 328.7 327.9 327.1
401.2 407.2 414.8 422.2 432.2 439.9 452.2 463.5 470.1 474.6 477.4 479.8 482 484.5 490.2 491.7 489.4 485.8 479.6 471.4 464 454.1 442.3 433.5 419.1 402.8 394.7 406.2 409 412.3 417 421.5 428.4 433.3 438.1 440.5 441.5 442.5 443.9 440.8 428.3 415.9 406.1 392.5 384.5 378.8 373.1 368.1 363.1 358.3 353.7 350.3 348 345.9 345 342.5 338.6 337.4 337.3 338.8 340.7 342.5 342.9 343.5 342.2 340 337.9 335 331.8 329.4 327.5 326.6 326.9 328.2 327.3 326.4 325.8 325.4
402.4 407.3 416.7 423.5 432.4 440.2 451.1 462 470.4 475.4 478.8 481.9 484.6 488.5 494.1 496.7 495.3 493.6 488.9 478.1 468 459 444.7 436.9 422.8 408.1 407.5 413.2 414.7 417.6 421.7 428.2 433.1 440.2 442.5 446.3 448.2 448.2 445.2 441.9 429.8 417.1 405.6 392 384.9 378.7 373.8 367.8 363 358.6 354.1 350.4 348.2 345.4 343 339.6 337.6 333 333.5 334.6 336.4 337.8 338.1 337.5 337.6 335.3 333 330.1 326.4 322.9 322.4 323.4 325.3 325.3 324.2 324 323.2 320.9
404.8 407.7 417.6 425.1 432.7 440.7 452 460.5 469.6 475 479.7 485 487.4 490.1 497.3 502.5 503.3 500.5 495.4 484.1 473.5 462.1 446.4 437.1 424 405.9 413.3 418.1 421.5 422.7 425.7 431.7 440 444.5 445 449.4 449.9 449.9 447.8 441.2 431.3 418.6 406.3 394.1 385 378.9 373.4 367.3 363.1 358.8 354.3 350.3 347.7 344.7 342.7 339.8 336.9 332 330.1 331.7 332.4 333.2 333.7 333.7 331.7 329 326.5 324.3 320.8 318.8 318.6 319.2 321.1 321.5 321.1 320.8 318.4 314.5
414 415.3 417.6 424.2 434.6 444.3 451.4 461.9 469.5 474.9 480.3 487 490.2 493.7 502.7 509.9 511.5 506.3 499.9 490.6 477.3 465.7 446.7 436 423.9 404.5 418.9 423.4 425.7 429 431.8 439 443.7 448.2 449.3 450.3 451 450.3 448.9 441.8 432.1 419.9 403.8 393 385.1 377.4 372.3 367.7 363.5 357.8 353 350 347.5 344.1 342.3 340.1 334.8 330.5 328.5 328.6 328.5 328.6 328.9 327.7 325.5 322.8 320.2 318 315.9 315.3 314.8 316.5 317.6 317.8 317.7 316 312.7 306.2
420.5 420.6 418.8 423.9 435.5 443.6 452.6 464.3 470.8 476 482.2 488.5 493.8 498.2 509.5 517 520.6 510.1 501.2 493.5 480.9 469.1 448.5 434.5 421.5 417.8 424 428.5 433.4 438.2 442.3 447.9 450.8 456.3 455.7 456.1 453.8 451.1 447.8 442.5 433.3 420.9 405 394.6 385.2 377.5 372.4 368.1 361.5 356.8 352.5 350.5 346 343.7 342.3 337.6 332.2 329 328.1 324.4 324.9 326.7 325 322.9 321.2 317.7 314.2 311.8 310.7 310.3 310.6 312.9 313 314.8 313.1 310.5 306.2 300.1
423.6 425.3 425.8 426.1 436 444.9 455.4 463.7 471.4 477.2 484.3 490.4 495.9 500.3 515.2 524.7 525.2 516.4 506.8 494.5 482.6 470 448.9 433.9 423 427.4 431.1 434.8 439.3 447.2 454.8 457.3 461.9 463.2 465.5 463 458 453.2 448.6 443.3 433.1 421.6 406.3 395.6 386.5 378.2 373.8 368.8 364 358.7 354.4 350.8 348.7 344.1 340.5 337.5 330.8 329.2 327.2 323.7 324.7 324.8 321.4 318.3 316.7 312.8 309.8 307.8 306.6 305.6 306 309.6 311.8 310.6 310 306.2 301.7 294.7
426.6 429.9 432.5 431.2 435.4 446.4 456.7 466 473.7 481.6 487.3 492.5 497 502.5 520.2 529.2 528 520.7 512.9 496.7 484.7 470.8 449.9 434.2 425.4 434.1 439.2 443 448.1 457.8 463.3 465 466.4 469 469.3 468.9 462.5 456 448.4 441 432.1 419.2 407.9 397.5 388.4 381.2 374.1 369.4 365 359.6 355.9 352 348.2 344.7 340.7 334 330.6 328.2 326.7 324.1 320.1 317.8 312.6 312.1 312.5 309.2 306.5 305.1 304 302.9 303.7 305.3 306.3 305.9 304.3 301.2 295.4 290.3
430.3 435.4 438 440.6 440.3 448.5 459.2 466.1 478 486.1 492 496.2 500.2 507.9 526.8 534.3 530.4 524.9 516.5 502.1 484.1 471.9 451.2 433.4 430 446.1 453.4 455.8 461.3 467.4 470.6 474.8 475 479.7 474.6 471.3 466.3 455.7 447.2 440.3 432.2 418.8 407.4 397.4 388.5 382.3 376.4 370.8 365 360.5 356.8 353.5 348.4 343.3 338.8 336.8 333.7 328.9 327.4 325.4 323.4 317.1 316.9 310.4 307.6 305.6 302.5 301.8 300.3 298.6 299.5 301.4 301.5 301.1 297.6 293.6 291.1 285.9
438.2 441.5 444.4 448.8 450.7 448.5 459.7 468.7 479.7 490.8 497 501.3 505.8 516.7 533.7 537.8 535.5 527.7 520 506.2 486.4 475.6 452.3 437.6 443.2 457.4 465.1 470.8 474.9 479.5 479.5 482.1 486.5 483.1 479.9 473.3 467.5 455.7 446.4 440.3 431.8 416.9 408.5 399.5 391.8 384.2 378 372.3 367.4 362.9 357.6 354.7 349.2 344.8 341 339.3 337.8 330.8 328.1 326.5 324.6 320.8 314.8 310.3 306.1 302.3 299.1 298.6 296.5 295.1 298.4 299.7 298.6 296.7 292.7 289.3 286.7 281.8
443.6 449.5 451.5 454 457.3 459.7 461.1 471.7 482.6 492.7 500.9 506.9 515.5 525.6 535.7 540.1 540.2 531.3 523.5 510.4 490 474 454.1 443.6 458.9 466.6 473.9 481.4 485 486.6 488.6 491 494 487.3 481.7 472.8 464.9 456.3 447 438.6 429 417.3 408.1 400.8 393.8 387.1 380.2 373.6 369.1 364.5 358.5 356.6 351.2 345.7 342 340 338.1 333.2 326.8 325.4 324.7 321.8 315 310 307.7 305.9 299.4 295.8 291.7 289.3 287 293.4 292.2 289.7 287.2 285.1 282.9 278.5
452.8 456 459.4 461.6 466 469 469 473.3 484.1 492.5 502.8 512.9 523.5 531.6 538.6 542.8 542.6 533.8 525.4 512.2 493.7 474.2 455.3 459.2 471.1 477.1 482.7 487.7 490.7 493.7 494.2 494.2 493.8 492 484.3 473.8 463.3 454.5 447.1 438.5 426.5 415.9 407.6 401.1 395.5 388 377.9 373.8 369.7 366 361.1 356.9 352.7 346.5 342.7 339.7 338.1 331.5 325 322.6 320.7 319.1 314.3 309.4 306 302.9 298.4 293.8 291.5 290.2 287.7 280.9 282.5 284.1 283.6 281.3 278.9 273.6
459.5 463.4 466.5 469.9 474.8 479.5 480.3 482.9 489.4 497 505.8 515.7 526.5 536.2 541.5 544 544 537.2 527.2 515.8 494.7 475.4 461.8 470.7 484.4 489.6 491.1 497.4 500 500.4 500.2 497.5 495.5 493.5 484.7 473.2 461.1 452.1 445.3 437.2 426.1 414.6 406.9 400.3 394.6 389.8 379.9 375 370.9 365.5 359.4 355.8 351.9 348.3 344.1 341.2 338.2 330.8 324.9 321.7 319.5 316.7 314.2 310.7 308.2 303.5 299.9 297.2 294.6 290 287.3 287.6 284.4 277.2 281.7 278.8 274.9 269
465.7 469.9 475.4 480.1 483.8 486.9 487.2 489.1 493.2 502 510.5 521.4 530.8 539.6 544.3 545.6 544.2 539.6 530.1 516.9 495.4 478.6 477.2 485.5 495 498.8 505 508.4 509 509.9 508 504.5 498.7 495.3 486.4 471.5 459.4 450 444.1 436.4 424.3 416.9 408.7 402.6 396.4 390.7 383.9 377.5 372.2 366.9 361.7 355.8 352.3 350.1 346.4 343.1 338.6 332.2 326.8 322.8 319.2 316.9 313.3 308.3 307.4 302.5 298.3 297 295.6 289.4 284.7 282.7 280.9 276.6 272.9 272.5 269.6 265.3
470.4 474.6 482.2 488.7 493.6 496.7 496.5 496.8 500.5 507.1 514.7 525.5 535.6 543.4 548.1 547.8 546.4 541.8 530.8 516.5 498.6 484.9 486.6 497 502.8 506.9 513.3 516.4 515.8 515.1 515.2 511.7 505 495.9 485.8 469.6 457 448.9 443.1 435.3 423.8 416.6 408.9 403.4 397.6 391.6 385.6 379.6 374.4 369.9 363.9 360.2 354.5 351.8 348.5 344.6 339.9 334.6 329.1 324.1 321.7 318.6 314.2 309.8 304 298.9 297.6 293.5 289.5 283.8 283.6 277.9 272.1 269.4 266.4 265.5 265 262.7
473.6 478.4 487.5 496.3 504 506.1 506 505.7 508 509.3 519.9 528.8 538.6 546.8 552 553.3 550.4 545.3 535.9 519.4 505 491 495.8 506.6 511.8 517.9 521.2 522 522.1 522.3 520.8 515.4 510.8 497.3 482.7 468.4 455.6 448.3 442.4 434.9 427.7 417.6 410.3 403.9 398.1 392.5 387.4 381.3 375.7 371.6 367.7 362.5 357 354.2 350.1 345.3 340.8 335.8 330.2 326.4 321.9 319.1 314.2 309.1 303.9 300.3 297.7 296.3 291.3 284.3 280.5 276.7 269.1 267.5 263.4 261.9 257.3 255.2
476 481.8 491.5 500.2 509.8 513.7 515.2 514.9 515.6 518.8 520 534.3 543.9 550.8 554.9 557.2 554.3 550.2 543.1 525.9 512.5 497.7 507.6 517.5 522.1 528.1 531.8 531.7 532 531.8 528.2 520.8 512.9 499.4 481.3 465 453.8 447.5 441.8 433.2 428 420.6 412.1 405.5 400 393.7 388.5 382.5 378.8 374.7 369 366.8 362.3 356.9 352.1 346.1 341.7 336.6 331.9 328.1 323.5 319 314.5 309.8 305.1 302.2 300.3 299.7 292.2 283.3 282 277.9 269.3 267.4 266.9 264.3 259.4 255.1
477.5 485.4 494.8 503.3 512.1 518.1 523.8 525 525.3 527.8 531 539.2 548.4 554.6 559.6 561.7 559.6 556.6 551.2 538.6 521.3 510 519.8 527.1 531.4 536.5 539.1 538.9 538.9 538.1 533.1 523.6 513.9 498 477 462.8 451.1 446.5 440.4 435.3 428.4 420.7 413.7 407.4 400.7 395.4 390.2 385.1 378.9 374.9 374.4 369.7 366.1 359.5 354.1 348.2 342.6 337.9 333.6 329.4 324.2 319.3 313.9 309 305.6 302.4 299.1 296.2 288.9 281.9 281.1 278.8 270.7 265.3 266.4 264.8 258.7 254.9
478.8 486.2 494.8 505.4 517 525.4 531.7 534 534.3 538 542.8 544 554.7 560.7 565.6 565.8 565.4 563.4 559.2 546.8 531.7 526.3 531.8 535.3 539.1 544.6 548 548.6 546.9 544.6 538.5 524.5 512 496.2 476.2 460.9 449.8 445.7 441 435.4 430.1 421 414.6 409.9 401.6 397.7 391.4 387 381.9 379.4 376.4 372.7 368.6 360.7 355.9 348.8 343 339 334.8 330.7 325.2 319.8 313.8 307.5 304.2 300.4 297.2 293.7 286.6 280.4 279.3 277.6 267.4 264.3 264.1 262.5 257.7 257.8
479.9 486.8 495.2 506.6 520 530.3 538.4 543.6 546.8 549.8 553.3 556.7 560.5 567.8 571 571.9 571.7 569.4 566.6 556.2 546.4 542.2 543.1 546.6 549.3 553.1 553.3 553.9 553.3 549.8 541.8 526.6 511.2 494.2 474.2 459.7 450.5 446.3 442.4 436.4 431.5 424 417.2 410.7 405.3 399.3 393.9 389.1 386 381.4 376.5 372.3 369.6 362.9 355.1 351.4 346.1 341.6 336 331.8 326.7 320.4 315.2 308.5 302.6 299.3 295.1 291.4 285.7 279.8 277.5 272.6 265.8 263.2 262.3 259 258 260.1
481 487.6 496.9 509.7 521.7 533.7 542.3 549.6 558.5 562 564.7 566.6 563.3 574.9 576.4 577 577.6 578 576.6 569.7 559.9 555 553.6 555.6 559.5 563 563.6 561 557.2 553.6 543 527.8 511.1 495 474.4 459.6 451.2 448.3 444.1 438.4 433.3 426 419.8 413.4 407.3 401.5 396.4 392 388.2 383.4 380.6 376.9 372.7 366.5 358.1 352.7 348.3 342.5 337.8 332 326.4 320.3 315.5 307.7 302 297.6 292.2 288 282.4 279.4 276.7 273.6 266.1 263.7 261.6 260.1 262.1 260.7
483.4 490.2 500.3 511.8 523.7 534.4 544.3 557.1 567.5 572.3 573.9 575.2 575.7 576.9 579.7 580.9 582.8 583.4 583.3 579.6 572.2 567.3 567.1 566.9 567.6 568.4 568.4 567.3 565 555.6 542.9 527.1 510.6 494.1 474.2 461 453.5 450.5 445.2 440.4 435.5 427.6 422 415.5 410.6 404.8 399.2 394.3 390.3 388.8 382.9 378.2 373.1 367.5 361.2 354.8 349.6 343.8 336.8 330.4 325 320.1 314.8 307.8 301.6 296.9 292.1 288.2 283.7 278.4 274.5 269.9 266.1 266.8 263.3 262.4 258.9 253.6
485.6 491.8 500.4 512 523.5 536 548.6 563.2 571.9 577.9 580.8 581.3 580.8 578.1 580.7 583 584.7 586.1 586.6 584.9 580.5 574.8 572.5 572.4 572.7 574.5 571.9 570.7 566.4 556 541.3 526.2 511.3 495.5 476.5 464.7 457.1 452.6 447.9 443.6 437.4 430.1 423.7 418.6 413.3 407 399.7 396.5 393.9 390.5 385 378 373.8 368.5 361.7 357.2 351.2 343.9 335.9 328.9 323.3 317.8 313.5 308.4 302.6 297 291.3 286.8 282.2 280.5 276.8 270.4 269.7 267.1 262.4 260.2 252.7 250.4
486.5 492.5 500.4 512.5 526.3 540.4 553.6 564.4 572.8 578.1 582.4 585.3 585.1 582.4 582.1 584.7 588.7 589.6 588.2 586.4 583.6 579.8 577.1 575.5 575.2 576.7 576.9 573.5 565.2 553.8 539.8 525.1 510.4 496.3 482.7 468.2 459.6 454.8 450.5 445.9 440.5 432.7 425.4 419.4 413.2 409.2 404.4 399.9 395.8 390.8 385.1 379.1 374.1 369.8 364.6 357 351.1 343 335.9 328.3 321.7 314.7 313.1 308.2 303.3 297.6 291.9 285.6 279.1 276.9 273.3 267.6 264.7 258 255.7 253 250 247.6
488.3 494.3 502.8 514.3 528.5 545.9 557.7 564.2 569.5 575.7 580.6 584.6 585.6 583.6 583.3 587.2 589.1 590.1 590.2 587.8 585.7 581.9 579.9 578.7 577.3 577 576.3 572.5 562.7 548.7 535.7 522.2 510.7 497 484.8 471.7 462.2 456.8 452.1 446.9 441.2 433.4 428.5 422.2 417.9 411.7 406.7 402 397.3 391.2 387 382.4 376.1 370.3 364.8 358.5 350.2 343.4 335 326.6 319.5 313.9 308.1 306 302.3 296 290.3 281.2 280.9 275.8 272.8 271.9 271.5 263.9 256.4 252.4 249 246.2
490.2 496.1 505.7 517.5 529.8 547 558.9 565.2 570.1 574.9 579.2 583.2 586.2 584.1 584.7 587.9 589.1 590.4 590.5 590.2 585.2 582 580.5 578.8 576.1 576.2 573.9 569.5 557.5 544.6 532.7 522.2 511.7 500 485.3 473.8 464 457.7 452.7 448.2 443 437 431.2 426 420.4 414.2 408.9 404.1 397.9 392.6 387.6 382.9 377 369.8 363.7 357.5 351.1 342.5 333.9 325.1 317.7 312.6 307.2 298.5 297.7 294.6 290.4 285.9 283.7 280.9 275 272.8 271.1 262.4 255.1 251.6 248.4 245.6
