app/static/ascii/SN85.asc
ncols 200
nrows 200
xllcorner 280000
yllcorner 250000
cellsize 50
[rows 70 to 104 of 200, columns 0 to 77 of 200]
421.4 416.7 415.9 411.2 404.9 385.1 365 345.2 329.6 321.7 309.7 304.6 301.6 297.3 302.2 311.8 321.9 339.4 359.5 382.8 403.7 429.9 444.2 445.4 443.9 446 440.5 442.7 444.1 444.7 446.1 446.7 450.7 453.7 452.1 454.9 458.8 463.2 464.9 464.9 464.2 459 451.1 436.7 434.7 431.3 427.5 424.8 420.7 414.2 409 403.5 403.2 404.1 406.4 409 415.4 421.5 426.5 427.8 425.1 405 382.7 356.7 350.7 374.6 402.3 433 461.6 473.4 482.1 488.8 496.3 502.4 505 506.9 506.9 505.1
433.7 429.2 423.2 418.1 412.6 398.4 373.8 352.5 341.1 331.3 319.7 308.1 301.5 298.2 295.8 306.4 316.1 339 362.4 382.2 406.5 422.8 428.6 424.2 427.7 420.8 416.4 422.9 427.2 427.2 430.5 434.2 440.4 440.3 448.6 454.7 462 465.5 468.3 468.6 467.3 463.4 448.8 448.3 447.6 445.9 442.6 438 432.3 425.8 417.9 411.4 406.8 401.2 395.9 395.2 400.2 403.6 411 419.4 420.5 409.1 371.2 352.5 354.4 379 404.1 434.4 458.9 470.1 477.9 484.7 490.9 496.4 499.5 500.5 500.1 498.7
434.3 431.4 427.3 421.2 416.5 410.7 401.3 377.6 359.1 346.8 331.7 314.4 303.6 299.4 297.9 302.6 317.4 337.4 358.3 381.5 396.1 402.1 403.8 400.7 403.1 398.6 399 402.4 406 408.5 412.3 415.9 432.7 447.9 455.2 460.6 465.2 467.4 469.7 469.9 468.5 464.5 460.3 462.2 463 463.9 461.7 457.7 451.8 444.3 438.2 429.4 421.7 414 405.7 400 390.4 381.8 389 399.5 401.8 397.9 367.3 348.3 355.8 376.4 403.9 430.5 450.4 464.4 472.4 477 484 489.8 493 493.7 493.3 492.3
432.6 432 428.6 425.7 421.7 417.2 406.9 398.2 382.7 362.9 335.7 315.3 304.3 298.6 296.8 297 311.3 333.8 350.7 367.7 379.6 384.1 381.6 377.7 376.9 378 381 383.6 387.4 391.4 402.6 423.1 441 452.9 461.1 465.9 468 470.1 472.2 473.1 471.6 467.3 467.6 469.8 473 473.6 473.6 473.5 470.7 463.1 455.2 444.3 443.1 435.6 427.3 415.4 404.4 391.5 365.8 375.6 379.7 377.6 357.9 344.9 355 370.9 394.2 413.8 435.6 455.5 464.9 471.9 478 482.9 486.1 487.1 486.3 486.8
432.1 427.7 427 426.8 426.4 418.8 410.1 405.7 395 367.5 330.8 313.9 301.6 296.8 296.5 295.2 312.7 329.2 343.3 355.8 364.1 362.6 360.7 357.8 361.2 362.7 365.5 371.9 386.7 404.3 423.7 440.9 451.4 459.6 465.3 469.8 472.7 473.1 474.5 475 474.3 474.8 475.1 477.2 478.6 479 480.9 480.9 478.8 474.9 468.8 463.9 457.6 453.2 447 435.8 423 409.4 375.9 358.1 364 359.4 346.3 346.3 351.5 361.9 376.7 398.1 421.9 445.3 458.7 465.6 471.6 477 478.8 481.8 481.9 479.8
429.7 426.9 426.2 425.9 423.1 416.4 412.1 409.7 396 356.3 326 308.7 299.8 295.9 295.6 300.6 313.9 323.5 333.8 342.2 346.5 347.6 344.8 344.6 354.2 364.5 374.5 388.4 410.3 429.9 443.8 455 461.8 466.2 470.2 472.8 474.8 475.4 477.2 479.1 479.3 479.5 480.6 483.5 485.6 486.2 484.7 483.6 482.3 480.1 476.9 471.9 465.2 460.9 454.5 447.9 438.5 426.8 401.8 369.7 352.9 348.3 343.8 337.7 345.7 352.2 364.8 384.1 408.1 434.7 452.9 460.3 467 471.1 473.2 474.3 474.5 473
425.4 426.2 425.8 421.4 416.7 414.1 412.8 408.8 381 344.5 318.6 304.8 297.7 295.1 293.6 301.8 309.5 317.6 325.2 331 334.8 335.3 346.8 361.2 371.8 385.2 397.6 411.9 434.8 448.9 455.3 461.9 466.2 470.3 472.3 474.9 477.1 479 480.7 482.2 482.4 484.2 484.4 487 488.8 489.1 489.2 487.4 485.3 484.3 480.7 476.1 471 468 459.8 451.8 445 435.6 420.4 386.4 360 351.2 349.7 340.1 337.8 345.4 356.2 376.1 400.4 427 446.4 455.7 461.4 465.1 467.5 469.4 470 465.6
424.7 425.1 420.4 417.3 414.1 413.2 410.7 390.4 356.3 330.3 309.3 299.3 295 294.7 297.2 299.8 305.9 312.6 317.8 324.4 334 348.8 366 383.2 395.2 411.2 425.9 436.8 448 456.9 462.6 466.8 470.6 472.8 475 478 480.3 482.6 484.4 486.3 487.1 488.7 488.6 489.3 489.5 490.6 490.2 488.1 487.1 484.7 481.4 477.5 473.5 471.1 464.3 455.6 445.7 436.8 427.6 405.3 380.9 359.8 349.2 341.3 334.6 340.4 350.6 371.2 394.8 420.3 441.7 451.3 456.9 460 462.4 464 462.7 460
424.4 419.7 417.2 407.8 410.5 409.2 393.8 362.6 336.9 317.2 301.8 296.1 294.4 293.8 299.1 308.3 309.9 312.2 322 334 349.2 365.7 384.2 403.7 421 433.7 441.4 449.9 456.8 459 464.3 469 472.7 474.8 477.9 480.7 482.5 484.1 486.1 487.5 488.1 489.4 490.3 490.8 490.9 490.4 489.3 488.5 487 484.7 481.1 477.7 474.2 470 463.2 456.6 448.4 439.9 431.4 418.3 399.8 372.6 355.6 339.3 330.7 336.4 347.8 367.3 390.5 416.1 435.4 446.4 451.7 454.1 455.8 456.7 455.5 450.7
418.9 414.8 412.3 404.1 403.9 391.4 373.4 342.9 322.3 306.5 297.3 293.6 293.3 294 300.3 305.3 316 323 333.2 347.1 364.9 384.7 402.9 418.3 429.8 441 449.4 455.7 458.1 462.6 465.9 469.8 473.3 476.7 480.5 483.4 486 487.2 487.9 488.8 490.1 490.9 492 491.3 490 488.8 487.9 486.6 485.1 482 478.7 474.8 471.1 467 460.9 454.5 448 440.5 431 420.5 402.7 385.5 360.1 340.6 331.8 333.4 346.8 366.9 389.1 414 430.8 442 445.7 447.9 448.2 445.8 442 436.4
414.9 412.3 405.3 398.1 388.3 374.4 351.7 327.4 309.9 300.9 294.8 292.9 292.4 294.3 307.3 313.8 320.5 329.1 342.5 360.4 380.6 399.1 413.6 426.4 436.8 445.6 451.5 456.4 459.5 463.5 468.5 472.3 476.2 480.1 484.1 486.7 489.1 490.6 490.6 491.5 492 493.1 493.2 492.1 490.3 488.6 487 485.8 482.9 479.5 475.7 471.4 466.1 461.2 457.2 453.8 447.2 439.4 430.7 420.3 404.5 385 361.5 344.8 335.4 331.2 344.9 365 389.4 415 429.8 437.4 441.8 442.8 441.9 436.6 428.6 415.6
412.7 410 401.6 390.6 374.2 356.7 330.6 316.5 303.9 296.2 291.7 292.8 293.3 301.1 314.6 325.4 333.2 340.4 347.5 372.4 392.7 408.7 422 429.7 436.8 445.5 451.2 457 462.4 467.6 472 476.2 480.6 484.6 488.1 490.9 492.6 493 493.6 493.2 494 493.8 493 491.3 488.8 487.1 485 483.5 480 476.6 472.8 469.6 464.4 458.6 452.8 449.5 444.4 437.3 429.7 419.6 396.9 376.8 363.1 346.9 333.7 330.7 344 365.1 389.6 414.1 429.1 435.2 439.2 437.1 431.3 419.9 403.4 389.4
410.4 406.1 395.8 381.5 368 344 323.8 310.1 300.9 292.9 292.7 292.8 297 310.9 327.2 339.3 347.6 355.9 358.2 364 388.9 406.5 418.6 426.5 435.1 443.9 455.2 461.9 467.9 472.5 477 481 484.8 488.2 491.5 494.2 495.3 496 495.8 494.9 494.2 493.7 491.7 488.5 485.8 484.2 482.7 481.4 477.9 473.6 469.6 463.6 459.2 453.8 450.1 444.4 441.8 433.7 426.1 416.9 398.5 376.4 356.5 339.8 331.3 329 344.7 367.3 390.1 416.7 428.1 432.9 435.2 430.9 413.4 396.9 381.6 372.4
404.7 397.6 389.1 377.8 363 338.6 320.9 305.4 297.4 292.2 292.1 297 308.6 321.5 336 351.4 365.7 375.4 377.5 372 381.8 399.5 411.7 420.2 438.7 453.2 462.6 468.6 473.6 477.8 482.1 485.5 489 491.9 494.6 496.6 497.4 497 496 494.8 494.1 492.4 489 485.8 483.4 480.7 479.7 477.4 476.5 470.7 466.8 459.5 452.9 449.8 446.7 440.2 435.1 430.7 420.7 409.5 398.6 374.9 350.8 336 329.8 328.1 347.8 368.9 389.8 409.6 419.3 423.3 422 411 395.3 377.3 367.3 360.3
399.8 392.2 386.3 375.6 357.5 336.3 319.8 303.4 293.8 292 294.6 306.4 318.2 330.3 342.3 361.9 382.6 394.3 401.4 400.7 406 416.5 422.7 436 449.8 463 470 474.9 479.3 483.2 486.5 489.9 492.3 494.5 496.6 497.7 497.7 497.2 496.3 495 493 490.8 487.5 483.6 480.9 477.5 474.3 471 467.3 463.8 459.3 453.3 446.8 439.7 436.8 431 420.8 417.9 407.2 396.7 384.6 370.5 347.2 334.2 327 327.3 347.9 367 383.6 391.3 393.2 395.3 396.4 382.6 371.5 362.1 356.7 346.3
393.3 388.5 380.8 371.8 356.8 334.1 318.4 302.9 291.5 291.8 300.4 310.2 325.8 334 350.4 369.2 394.1 410 417.1 421.4 427.6 433.6 444.2 455.3 462.9 468.9 475.3 479.5 483.1 486.5 489.6 492.7 495.1 497 498.1 498.4 498.4 497.3 496.5 494.7 492.2 489.2 485.7 482.2 479.2 475.1 471 466.9 461.4 457.1 453 447.9 441.5 434.7 429.2 423.4 416.4 411.6 399 391.1 380.7 363.3 342.9 331.7 326.1 328 337.2 346.3 358.1 359.5 363.3 368.8 364.4 361.7 354.4 352.8 349.9 351.6
387.1 380.7 377.9 371.8 353.9 332.7 317.2 303 291.1 292 302.5 312.6 326 339 355.1 379.5 410.3 425.3 431.6 436.4 441 446 453.9 460.7 467.2 474.1 479.3 482.9 486.1 489.4 492.5 495.8 498.3 499.1 499.7 499.6 499.1 498.2 496.7 494.7 491.7 488.3 484.2 481.2 477.4 471 465.6 461.5 456.2 450.4 446.1 440.1 435.3 424.9 418.4 413.7 408 402.7 394.3 390 374.3 357.6 339 329.8 325.5 326 328.9 334.2 339.3 342.3 344.4 347.7 347.9 346 337.4 338.2 346.7 358.9
379.4 377.7 375.6 366.7 349.7 330.6 315.8 303.9 294.8 292 308.2 313.8 324.2 340.2 364.6 393.2 414.1 430.6 438.5 442.9 448.8 455.3 460.6 466.7 473.6 478.5 482.2 485.5 488.8 492.2 496.1 499.3 500.5 501 501.2 501 500.3 499 497.3 494.7 491.4 487.5 483.4 478.6 473.6 467.5 462.3 456.5 450.7 444.4 437 431 422.2 413.3 403.6 403.5 398.3 392.4 387.5 376.6 370.4 355.6 340.5 333 324.7 325 324.6 325.8 327.7 329.7 331.2 332.8 331.6 330.4 339.5 346.8 356.7 370.2
371.1 372.2 367.5 358.1 343.8 328.2 313.9 303 293 292.1 298.3 307.5 322.1 341.3 362.3 390.2 412.9 430.5 440.4 446.5 452.6 458.9 465.7 471.1 476 480.3 483.9 487.3 490.6 494.2 498.8 500.2 501.3 501.9 502.1 502.1 501.3 499.9 498.1 494.9 491.1 487 482.2 476.5 469.2 463 457.1 450.5 441.3 432.9 425.4 417 407.7 404 400.7 387.1 385.7 381.6 377.6 369.5 361.1 347.9 338.3 337 330.2 323.9 324.2 323.2 323.1 322.1 322.4 326 323.5 332 339.8 350.5 369.7 388.6
359.9 359.8 355.1 349.6 342.2 326.2 308.1 295.3 291.4 290.9 298.7 310.1 327.7 346.5 371.6 400.2 421.7 435.8 443.2 449.3 455.3 461.8 467.7 472.4 477.1 481.3 484.7 488.4 492.1 496.4 499.3 500.7 502.2 502.8 503 503.1 502.1 500.7 498.7 495.1 490.9 486.3 481.6 475.7 470.3 465.9 459.2 446.8 445 440.4 436.7 430.6 426.8 420.7 415.2 406.7 393.9 386.2 378.2 372.7 369 365.2 357.7 344.8 335.3 334.5 323.4 322.4 322.4 321.9 321.4 319.9 321.6 330.7 345.4 364.2 385.4 408.9
349.9 343.2 340.1 326.9 315.8 318.9 311.8 300.7 291.9 290.9 299.1 313.2 329.6 353 381.7 414.1 432 439.1 445.6 451.8 457.2 463.1 468.4 472.8 477.8 481.8 485.1 488.7 492.4 496.2 499.4 500.8 502.3 504 504.1 504.1 503 501.2 499 495.5 490.8 487.1 484.2 480.8 477.5 474.6 469.4 465.4 462.8 459.2 456.4 452.6 446.3 445.3 444.9 434.2 419.9 415.2 407.5 404.2 397 388.8 380.7 362.6 345 336 333.6 332.1 327.5 324 321.5 319.8 323.5 335.1 356 378.1 409.1 432.8
356.8 347.2 341.4 338.2 334.1 325.9 312 298 290.6 290.3 300.9 315.1 336.4 359.4 392.3 420.3 439.9 445.7 450.4 454.5 458.3 463.4 468.6 472.9 477.3 481.3 485.1 488.9 492.6 496 498.9 500.4 501.9 503.5 505.1 504.5 503.1 501.3 499.2 495.9 493.6 491.2 489 487 485.2 483 480.7 479.3 478.6 479 476.2 475 474.8 472.4 467.6 464.2 450.8 447.9 442.4 436.3 434.5 424.2 410.6 381.8 355 343.3 339.1 334.3 329.9 325.9 322.5 319.9 322.1 340.8 366.2 390.6 409.4 429.2
369.2 358.8 347.4 335 324.3 315.5 303.9 291.3 290.1 290.9 303.8 323.9 342.6 365.2 398.1 426.8 444.1 450 453.8 457.1 460.6 464.7 468.4 473 476.9 480.8 484.8 488.8 492.2 495 497.8 499.5 500.8 502 503.1 503.6 502.5 501.7 499.6 497.6 495.9 494.4 493.1 492 490.8 489.5 488.7 488.4 488.4 488.6 487.6 486.5 485.2 485.6 484.6 480.6 476.8 473.4 465.5 460.8 456.4 450.4 436.1 405.7 372 357.2 348.6 341.8 335.4 329.1 324.7 320.8 320.6 335.9 365.5 361.5 378.5 394
376.4 367.6 357.2 343.6 324.9 309.4 296.1 290 289.4 294.4 309.4 327.1 350.2 375.6 415.3 438.5 445.9 452.9 456.5 459.9 463.1 466.1 469.7 473.3 476.7 480.5 483.8 487.2 490.5 493.4 495.9 498 500.1 500.8 502.1 502.2 501.9 501.2 500.5 499.4 498.3 497.3 496.3 495.3 494.4 493.5 493.2 492.9 493 493.2 493.2 492.2 492.2 492.1 492.2 489 487.6 482.7 475.6 472 467.2 463 454.4 420.1 385.1 373.7 368 355 348.8 335 328.5 322.9 317.2 320.2 326.1 335.5 343.8 355.9
380.6 371.9 363.4 352.4 337.1 319.7 298.6 289.4 292.5 302.5 315.9 334.7 361.8 386.7 423.9 440 449.2 454.7 458.5 462.1 464.1 466.8 470.3 473.7 477.2 479.9 482.6 485.3 488.6 491.8 494.1 496.5 498.5 500 500.9 501.3 501.5 501.5 501.4 500.7 499.8 499.1 498.4 497.7 496.7 496.6 496.7 496 496.3 496.3 496 495.5 494.9 494.9 494.9 493.6 491.6 488.2 483.7 480.9 477.8 471.3 463.7 437.3 404.8 391.4 383.5 373 368 345.8 331.8 325.7 317.7 318.1 317.8 318.5 320.4 328.7
381.4 375.2 367.8 359.9 342 320.6 295.4 289 293.6 306.4 322.1 345.3 367.7 398.7 429.2 443.1 451.4 455.9 460.1 462.7 464.7 467.3 470.2 473.4 476.5 479.3 481.7 484 486.8 489.6 492.2 494 497.2 498.1 500.4 501.1 501.6 501.8 501.7 501.2 500.4 499.7 499.1 498.6 498.3 498.4 498.4 498 498.3 497.7 497.3 497.4 496.8 496.5 496.1 497.1 494.7 491.8 488.6 485.1 482.6 480.4 473.9 457 424.6 414.7 401.6 392.6 388.3 360.5 346 335 327.5 321.9 316.1 315.4 317.4 318.9
382.7 377.6 370.4 360.6 341.5 319.1 290.4 288 294.2 305.3 322.5 351.6 377 401.5 432.9 445.3 451.4 455.6 458.9 461.8 463.8 466.9 470 472.9 475.6 477.6 479.8 482 484.2 487.2 490.2 490.7 492.1 496.1 498.8 500.5 501.2 501.9 501.7 501.5 500.7 500 499.4 499 498.8 498.8 498.7 498.6 498.8 498.3 497.7 497.7 497.3 497.4 497.4 497.1 495.4 494.3 492.2 489.3 485.3 483.2 480.1 469.3 450.4 444.5 426 412 406.5 374.3 362.3 343.8 337.4 329.5 323.8 316.7 315.1 315.4
392.5 380.1 371.4 358.1 340 314.6 290.7 290.2 296.3 305.2 324.1 355 379.4 413.1 428.9 442 449.8 453.9 456.4 459.1 461.9 464.8 467.7 470.7 473.3 475.2 477.3 479.4 481.6 484.7 486.6 487 491.6 494.2 497.1 498.8 500.6 501.3 501.2 501 500.8 500.1 499.4 499 498.2 498.1 497.8 497.5 497.4 497.1 496.9 496.8 496 495.9 496.1 495.2 494.4 492.6 490.9 488.4 486.1 483 478.1 471.7 466.8 460.6 450.7 437.6 427.8 391.2 368.2 360.9 352 343.2 333.8 326 316.1 314.1
398.9 385.7 374.3 358.8 337.8 314.8 297.1 283 295.1 306.4 325.1 348.5 374.4 404.6 425.9 438.7 445 450.5 454 456.5 459.2 461.9 464.8 467.8 469.8 472.1 474.4 476.7 478.9 481 482.5 486.9 490.8 493.4 494.7 497.3 499 500.7 500.6 500.6 500.3 500.1 498.8 498 497.2 496.5 495.9 494.8 494.4 494.6 494.2 493.7 493.2 492.7 492.4 492.3 492.3 491.6 489.7 488.5 485 481.4 477.2 471.7 468.8 466.6 457.4 448.3 443.8 414.5 388.4 374.4 362.1 353.2 341.4 333.1 326.4 320.9
402.1 393 376.7 359.9 339.9 317.2 302.6 289.6 288.9 302.8 320.5 338.7 361.6 392 424 431.3 439 446.4 449.6 452.8 455.4 458.3 461 463.9 465.8 468.4 470.9 473.3 475.8 476.4 481.2 485.8 489.4 491.8 494.1 496.6 498.4 499.5 500 500.3 499.8 498.9 497.6 496.7 495.2 494.4 493.8 492.1 491.3 490.8 490.2 490.1 489.6 489.1 488.5 488.3 487.8 487.2 486.5 483.7 481.8 478.8 476.4 473.7 470.5 467.1 462.2 455.3 451.7 440.2 407.3 391.2 380.5 369.9 358.9 347.9 341.7 329
402.9 390.3 377.9 359.9 337.3 314.8 296.8 285.4 284.9 296.1 309.5 331.7 357.3 392.9 410.4 421.8 433.8 438.5 443.3 447.1 452.6 454 457 462.9 463.2 464.2 467.8 470.5 469 471.8 478.5 484.6 487.8 489.6 492.8 495.7 497.8 498.6 499.5 499.4 499.2 498.2 496.6 494.9 493.6 492.4 491.7 489.8 488 485.7 485.1 485.2 485.9 484.8 483 483.1 482.9 483.2 481.3 480.5 478.5 477 474.8 473 470.2 467.1 463.5 459.8 456.5 453.2 433.5 417 402.7 390.5 379.9 370.3 362 352.1
400.9 389.8 376.7 355.5 331.3 308.5 290.3 283.6 283.3 294.5 305.3 327.8 355.5 377.4 399.2 414.2 423.1 428.3 436.8 439.2 443.3 447.3 453 456.3 454.8 459.1 459.4 460.4 459.3 471.4 477.8 482.1 485.5 488.7 492.2 494.7 497 498.4 499.3 499.7 499.6 497.8 496 494.2 492.2 489.7 487.8 486.9 483.6 481.2 479.7 478.4 478.2 478.1 478.9 479.3 478.9 480.7 478 475.4 474.7 472.8 472.3 471.4 470.9 468.3 465.4 463.6 463.8 463.5 452.2 445.2 433.3 422.3 414.1 399.6 387.4 377.1
399.9 386.7 372.7 349.8 325.1 301.9 287.8 281.7 285.9 295.1 304.6 321 343.3 374 388.7 397.7 409.3 421.4 429 430.8 436.2 442.1 445.2 446.9 452.3 453.1 451.5 446.9 459.3 468.2 473.9 479.9 484.6 486.9 490.9 493.6 496.2 498.3 499.7 499.9 499 497.3 495.5 493.7 491.1 488.9 486.3 482.9 480.8 478 476.2 474.9 473.6 473.7 474.9 476.1 474.7 474.3 472.9 472.6 472.1 471.7 470.7 469.4 468.6 468.1 468.4 468.7 468.4 464.2 457.6 452.9 452 447 438.8 430.2 416.7 402.1
397.7 386 369.4 345.7 321.9 300.1 288.2 280.3 286.6 294.4 303.2 317.5 339.6 363.4 371.5 387.9 397.1 409.8 418.4 422 428.6 433.7 434.4 440 444.4 443.3 435.3 442.2 456.3 467.2 473 478.4 481.8 486.5 490.1 493.1 496.7 497.9 498.6 498.8 498.4 496.9 495.2 493.5 491.1 488.5 484.4 481.4 479.1 476 473.6 472.1 471 470.3 470.8 469.5 468.2 468.4 467.5 468.3 467.8 469.2 467.7 465 464.9 467.5 469.1 469.9 467.9 464.6 456.6 453.7 452.9 448.2 443.2 433.9 430.2 421.2
400.8 386.8 366.9 343.1 319.2 301.5 287.3 280 286.2 293.5 301.7 317.4 332.5 346.3 363.6 373.5 388.7 398.7 406.9 415.3 418.6 420.7 424.2 430 429.2 427.6 437.5 455.1 466.2 471.6 474.9 478.7 482.6 487 490.7 494.2 496.2 497 497.8 497.6 497.8 496.2 495 493.3 491.1 488.5 485.3 481.9 478.9 474.9 472.3 470.3 468.3 467.4 466.3 466 465.5 465 464.8 464.6 464.6 462.8 462.4 462.6 463.3 464.2 467.5 467.7 465.9 456.8 454.4 453.6 452.4 449.7 442 436.1 430.8 425.3
