app/static/ascii/SN91.asc
ncols 200
nrows 200
xllcorner 290000
yllcorner 210000
cellsize 50
[rows 140 to 174 of 200, columns 78 to 155 of 200]
333.1 346.7 365.9 390.6 394.6 399.4 399.6 399.2 398.6 398.2 400.9 401.5 401 400.5 400.5 401.5 403.9 405.1 405.5 407.4 409 410.3 414.1 412.8 401.8 390.5 390.7 389.1 381.9 373.3 364 359.3 353 339.3 339.7 336 333.3 330.5 328.6 327 324.5 322 320.3 320.2 321.2 322.5 323.2 323.5 323 322.3 321.6 320.9 319.1 318.9 318.7 320.3 325.6 331.9 335.3 338.1 340.4 343.3 347.9 350.4 352 353.1 353.7 354.2 354.8 356.5 359.5 362.1 364.9 367.7 372.6 376.9 381.6 384.6
330.4 344.4 364.6 386.7 389.3 391.5 393.5 393.4 392.2 392.1 392.8 393.1 395.9 396.1 397.4 399.5 400.3 401 402.5 404.5 407.5 408.6 412.1 409.7 403.2 390.7 386.5 386.5 380.1 371.6 365 359.8 353.9 343.6 333.9 331 328.8 327.6 327.1 325.5 322.8 320.4 318.6 318.8 320.1 321.1 321.3 321.1 322.4 321.8 319.7 317.7 317.9 317.8 318.4 326.7 329.6 332.3 335.5 339.1 342.4 346.9 349.9 352.2 353.6 353.9 354.9 356.4 357.5 359.2 361.8 367.9 374.1 378.5 385.7 392.6 396.8 402.5
329.4 342 362.7 382.4 384.5 387.1 388.1 387.7 387 387.1 387.7 388.2 389 390.8 393.6 395.2 396.4 397.2 399.9 404 405.2 406.6 409.2 405.1 402.1 392.1 383.9 383.1 376.1 369.9 365.6 358.2 350.3 341.8 333.5 329 325.8 325.1 325.3 324.6 321.9 319.3 317.5 316.5 317.6 318.9 318.4 317.4 320.8 319.7 316.4 315.6 316 319.3 326 329.4 331.6 334.1 338.1 341.2 344.6 347.8 350.5 353.3 354 355.1 356.6 358.5 360 363.5 367.8 376.5 384.4 391.5 397.8 401.9 412.6 415.1
327.9 341 361.3 377.1 380.6 383.4 382.7 382.8 382.7 383 383.2 384.3 385.4 386.7 388.3 389.5 390.7 392.9 399.5 400.8 402.9 402.1 401.3 400.5 398.6 393.6 379.8 374 369.9 366.5 362.8 354.9 345.5 339.7 332.6 326.3 324.5 321.8 321.7 321.8 319.3 316.8 315.5 314.4 316.6 315.7 312.8 313 314 314.6 315.3 315 320.5 325.3 327.9 330 332.6 336.5 339.9 343.1 346.8 349.1 351.5 353.9 355.2 357 358.4 360.8 365.2 370.4 379.4 390.6 397.7 400.8 407 416 421 425.8
330.8 340.9 357.8 370.7 375.4 378.9 378.3 378.7 379 379.2 380 381 382.4 383 383.1 386 387.1 389.1 395.5 397.6 397 396.8 396.3 395.3 395.2 393.5 381.3 365.7 365.6 362.5 355.5 349.3 342.9 337.8 331.2 325.2 323.5 321.6 318.2 317.5 314.4 313.7 312.9 312.5 311.8 313.1 317.4 318.6 318.3 316.7 315.6 319.3 322.3 325.7 328.7 331.5 335.4 338.7 341.5 344.6 347.9 350.5 353.2 355.7 358.1 359.8 362.9 367.1 373.7 382 390.7 398.8 405.3 408.1 413.5 419.9 425.1 430.3
331.6 341.3 351.8 367.1 372.6 374.1 374.8 375.5 375.4 375.9 376.9 377.8 379.5 379.3 381.1 383.5 384.4 386 390.7 392.9 393.4 394.2 393.7 392.4 392.2 390.4 383.9 368.6 360 355.5 349.1 344.8 340.7 337 330.6 327.1 323.1 319.5 315.5 312.7 311.6 310.7 310 309.3 310.1 317.7 322.9 325.4 323.4 321.2 320.6 325.2 326.6 328.3 330.5 334.2 338.2 341 343.8 346.6 349.5 352.6 355.8 357.6 362 364.7 369.1 376.7 382.9 389.3 396.5 403.8 409.9 415.7 419.4 423.2 428.1 432.9
331.4 336.6 347.5 362.4 369.7 371.6 372.2 372.6 373.1 373.8 374.2 374.9 376 377.4 379 381 382.2 384.7 387.9 392.5 389.3 389.8 389.9 389.3 388.2 385.8 380.5 371.3 356 349.9 346.2 342.6 339 336.3 331.8 324.8 320.9 317.8 313.6 309.8 309.3 306.3 307.7 311.2 316 322.2 326 325.7 324.7 323.7 324.5 324.6 328.4 331.6 334.1 337.2 340.4 343.3 346.1 349.7 352.8 355.9 358.9 363.4 368.1 370.2 377.1 384 390.1 395.4 402.1 408.5 414.2 421.3 425.2 426.4 429.4 434.5
333 336.4 345.7 355.1 365.3 368.3 370.2 370.9 370.7 371.8 372 372.8 374.9 374.7 376.6 378.9 379.4 381.3 383.5 385.4 385.7 385.3 386 384.8 383.7 381.9 377 374.9 355.5 346.6 342.8 339 336.8 334.2 330.4 322.3 318.5 316 311.2 306.6 306.2 307.4 311.8 316.8 320.4 324.7 325.9 326.1 325.4 325 326.8 328.8 330.9 333.2 336.8 340.2 343.1 345.9 350 353 357.1 361.2 365 371.3 374.5 377.6 383.2 388.8 394.4 400.3 407.6 413.2 418.2 422.8 426.2 428.1 431.5 435.5
331.9 336.6 342.8 350.1 362.8 365.7 367.5 368.3 368.4 367.9 369.1 371.6 371.3 372 373.3 375.4 376.9 378.4 380.1 380.7 381 381.2 381.3 380 379.2 378.2 373.6 372.3 353.3 341.5 336.2 333.8 331.9 329.9 326.6 321.8 316 313.2 306.8 305.4 306.1 310.8 315.3 319.6 322 323.9 324.9 325.9 325.8 326.7 329.1 332 336.1 338.8 339.1 345 347.6 351.6 354.6 358.9 363 369.4 373.9 378.7 383.1 385.4 386.8 392.8 397.3 405.4 411 414.7 419.1 422.7 427.3 434.2 436.6 439.3
330.6 335.4 340.8 347.5 358.1 363 364.8 365.2 364 365.3 367.2 368.4 368.7 369.3 370.6 372 373.5 375.4 375.2 376.8 377.9 377.8 377.6 376.8 376.3 373.6 370 357.1 344.6 335.7 331 326.5 324.8 323.7 322.5 317.1 313.9 309.5 305.2 305.3 310 316.2 319.1 322 323.2 322.7 323.1 324.8 327.4 330.4 333.6 337.6 342.1 346.1 349.4 352.6 356.2 361.3 363.9 366.9 373.4 378.8 384.8 388.3 390 392.3 391.4 395.7 402.1 407.4 411.6 415.8 419.9 424.4 430.4 438.1 442.4 445
329.8 333.7 339.2 344.9 352.1 358.4 359.1 359.9 362.3 364.3 365.5 366.1 366.4 367.1 367.5 369 370.5 371 371.9 373.1 373.9 374.3 373.7 372.4 373 371.8 361.3 345.3 337.5 329.4 324.8 319.7 318.8 317.9 316.8 314.2 311.2 305.4 304.4 306.9 314.1 318.7 320.5 320.9 322 321.2 323.9 327.9 331.6 335.4 338.6 344.6 349.5 352.6 356.8 357 367 372.2 375.2 379.1 384.6 388.7 394.1 396.4 397.9 399.3 397.2 397.5 401.9 406.5 411.3 416.3 423.3 427.9 434.9 442.9 448.7 452.6
330.3 332.6 339.2 345.4 349.2 353.1 355.4 357 360.9 362.5 363.1 363.8 364 365.4 365.9 366.5 367.5 367.9 368.6 369 369.7 370.3 370.5 369.5 368.7 358.3 347.8 338.6 332.2 323.6 318.2 315 314.2 312.9 311.5 310.7 308.4 302.2 304.2 308.7 315.6 318 319.3 319.4 320.8 322.9 328.6 332.2 335.4 339.6 346 351.9 355.6 360.2 365.2 368.7 375.6 383.9 386.8 389.5 392.3 395.3 400.4 402.4 404.2 404.8 402.7 401.1 400.4 404.4 410.3 420.1 428.1 435.3 441.5 449.3 457.9 463.6
335.1 336.5 337.4 341.7 338.5 350.2 353.9 358.4 359.2 359.9 360.5 360.5 362.2 363.8 364.2 364.9 365 365.1 364.3 365.3 366.1 366.8 367 367 360.5 350.3 338 332.6 325.3 318.5 313.7 311.1 309.4 308.1 307 306.7 303.6 302.4 306 312.5 315.5 316.8 318.8 319.2 322.4 327.5 334.2 338.2 342.3 347.2 352.5 356.8 360.9 365.9 370.8 376.3 380.7 387.6 391.1 393.1 396.6 400.5 404.5 406.5 406.7 407.6 404.5 402.3 401.2 401.8 412 422.6 432.7 442.4 446 453.4 463.6 471.5
339.8 339.3 339.4 341.4 343.6 349.7 354.3 356 356.5 357 357.4 358.6 360 361.5 361.8 362.4 362 361.3 360.5 361.3 362.5 363.1 363.6 360.8 354.6 339.4 331.4 325.4 319.2 314.7 310.2 307.1 305.6 304.9 299.1 299.2 300 304.1 310.9 315.7 317.5 319.3 319.3 322.1 327.3 333.2 341.1 345.6 349.5 353 357.3 361.9 368.4 373.3 377.9 382.9 388.1 391.7 393.2 395.6 398.7 402 406.2 408.9 409.7 409.8 409.3 405.4 400.5 402.5 413.8 423.5 434 441.3 445.8 456.4 471.1 480.4
340.8 341 341.3 343.9 347.4 349.7 352.1 352.9 352.8 354 356.2 357.1 358 358.4 358.4 358.3 358.5 358 357.4 358.2 358.9 359.2 357.9 354 344.8 332.4 325.6 319.4 315.2 311.4 307.4 305.4 303.3 296.2 300 302.6 308.9 312.9 314.8 317.8 320.2 322.4 324.3 327.9 332.3 338.8 343.8 348.5 352.2 358.2 363.5 370.9 375.5 377.8 382.7 396.7 394.6 395.1 396.5 397.7 400.3 403.2 407.9 411.3 413.5 413.8 413.1 410 402.5 405.7 415.5 423.3 430.8 440.2 447.2 458.1 474.3 482.7
341.4 341.4 342.7 345.3 348.1 348.3 348.5 348.8 349.8 352.3 354.6 355.5 356.7 356.5 356.5 356.6 355.1 355.3 355.2 355.1 355.6 354.5 351 347.9 335.5 326 320.3 315.5 311.3 307.9 306.1 303.5 296.5 298.4 303.9 308.8 313.1 315.8 318 321.2 323.8 326.1 329 331.8 336 340.4 345.6 350.8 354.8 361.3 369.5 375.5 378.2 379.2 390.1 400.6 399.2 399.4 400 400.9 403.8 403.9 408 413.1 416.7 418.9 417.5 415.6 411.2 411 418.3 423.6 431.6 440.4 446.6 457.5 478.7 480.3
340.8 342.4 343.8 345.4 345.3 345 344.5 345.4 348.6 350 352.1 354.3 355.2 354.9 354.7 354.6 353.3 352.6 353.1 352.7 351.2 348.7 347.3 340.4 330.2 319 316 312.3 308.7 305.7 303.8 295.3 297.3 301.4 309.2 312.4 315.2 318.7 322 326.1 328.8 330.9 332 335.1 339 343.2 347.7 351.3 356.7 362.7 369.6 376.2 378.7 383.8 392.4 401.8 402.6 404.5 404.5 404.7 403.7 404.2 408.2 413.2 419.3 424.3 423.7 421.4 418.5 416.5 418.5 422.9 431.8 439.6 447.6 461.1 473.7 477.3
339.1 341.6 344.3 344 341.9 341.6 341.2 343.9 347.1 348.4 349.8 352.3 353.4 353.2 352.6 351.8 350.6 350.4 350.8 348.8 346.1 345.8 345.7 335.2 325.1 316.1 312 309.5 306.2 302.5 295.4 300.6 305.8 307.7 312.1 315.3 318.5 322.7 326.5 330.7 333.3 335.8 338.2 341.6 345.9 349.4 351.7 355.4 359.9 364.9 370.8 376.5 381.2 387.4 394.7 402.9 407.1 414.4 410.8 408.7 408.2 406.6 410.1 415.2 421.2 427.2 429.2 426.5 423.3 419.2 417.6 421.1 429.7 439.8 452.3 458.9 462.4 472.7
338.1 341 344 340 338.4 338.8 337.6 342.3 344.6 345.9 348.4 350.2 350.8 350.4 349.4 348.4 347.3 348.1 347.9 345.1 343.6 343.3 340.8 330 319.7 314.1 308.3 305.9 302.1 293.9 300.8 306.1 310.1 313.1 314.2 318.1 322.5 327.6 331.3 334.4 340.4 346.3 350.3 353.2 356.6 358.9 358.3 358.4 362.4 367.8 373.3 378.6 385.9 389.5 396.1 403.6 407.7 414.9 416.1 414.7 412.9 410.3 412.6 417.5 423.4 428.7 430.8 429.7 426 421.3 419 419.3 426 437.4 446.5 453.9 455.2 460.7
338.7 341.5 340.3 336.4 335.3 336 337.8 339.4 341.1 343.4 346.2 347.5 347.7 347.7 346.9 345.4 344.2 344.7 344.1 341.4 340.8 340.1 331.4 321.7 315 311.4 306.2 301.8 293.5 300.2 304.9 309.2 312.9 316.9 320.7 323.6 328.7 333.5 338.6 344.4 351.2 356.1 359.1 363.2 364.5 366.2 362.6 361.7 365.8 372.8 378.7 382.1 391.5 397.1 399.2 403.8 407.5 412.8 416.7 416.3 415.3 413.6 415.2 419 423.7 427.8 430.8 431.3 430 425.1 420.1 418.5 422 429.8 436 442.7 447.3 450
338.3 339.4 336.8 334.4 333.3 333.9 335.5 336.7 339.1 340.7 343.1 343.8 344.1 344.1 344.2 342.8 341.4 342 340 337.7 336.3 332.7 324.9 317.3 310.4 307.6 301.3 291.1 297.3 303.5 307.5 312.4 317.8 323 327.3 329.5 334.9 340.7 347 352.7 355.8 359.3 369.7 376.7 371.6 371 366.8 366.5 371.2 379.8 384.9 391.8 395.5 399.6 402.6 406 408.8 411.7 415.7 417.3 417.3 417.9 419.2 420.7 423.9 427.7 430.8 432.6 433.9 429.2 423 419.7 420.8 425.3 428.9 436.6 440.7 444
336.8 336.2 333.9 331.2 330.9 331.3 332.7 335 338 339.6 339.4 339.5 340.5 340.7 340.9 340.3 338.5 338.9 336.9 333.9 329.2 323.8 317.3 310.5 307.2 302.6 291.8 295.8 302.6 306.5 311.1 317.2 322.9 328.1 333 335.9 340.6 346.3 351.8 354.4 356.9 364.6 376.2 383 383.5 379.6 373.8 372 376.4 386.1 394.4 395.9 391.1 401.1 403.6 405.3 408 412.2 416.1 418 419.9 420.9 422.3 423.3 425.7 430.2 432.8 437.1 439.5 434.1 427.7 423.1 422 423.3 428.9 434.7 437.4 438.8
334.4 333.3 331.3 329.2 329.2 329.4 331.6 333.7 335.1 335.6 335.9 336.2 337.8 339.3 339.7 338 335.3 335.1 332.3 328.1 322 315.9 310.4 306.4 303.6 296.5 292.9 299.3 303.5 308.6 315.9 321.7 327.6 332.5 338.4 341.6 346.5 350 352.5 354.4 358.6 371.9 380.2 383.4 386.4 388.7 382.3 377.6 382.6 391.1 395.5 394.2 398.8 401.8 403.7 405.6 408.1 414.2 416.1 419.3 421.6 425.6 428.6 427.5 429.2 432.9 436.7 440.6 442.7 440.2 434.8 427.2 422 427 431.5 435.6 436.1 438.1
333.3 330.8 329.1 327.1 327.8 328.5 330.3 330.5 331.4 331.3 332.3 334.1 335.7 337.1 337.3 334.6 332 330 326.7 321.5 312.2 308.9 307.5 304.1 297.9 289.7 297 302.3 307.1 312.4 319.8 325.1 334.2 340.9 347.1 349.8 351.6 352.8 353.6 353.7 360.8 373.6 379.9 383.6 387.1 392.5 392.8 381.8 384.5 391.6 395 394 396.7 401.4 402.8 404.7 408.2 412.2 416.7 420.6 425.2 431.6 431.7 431.3 431 434.1 439 445.6 447.2 446.8 440.3 430.2 426.9 431 434.6 435.1 436.3 437.5
332.8 329.3 326.1 324.1 324.9 326.8 327.1 327.2 326.6 328.5 330.3 332.6 334.4 334.6 334.3 331.4 325.9 323.5 319 313.8 307.7 304.9 302.8 296.1 289.2 294.2 301.2 305.9 312.3 317.7 325.6 334.3 342.1 348.1 351.5 355.8 356.8 357.2 356.3 355.1 362.2 373.3 378.7 384.1 387.7 391.1 391.7 387 384.3 387 390 389.8 390.7 398 401.8 403.3 407.5 412.5 417.3 421.5 430.9 437.2 436.6 435.2 433.5 436.2 447 450.5 449.5 445.1 438.5 431.6 431.1 431.3 430.5 432.7 434 434
332.3 325.4 322.8 320.4 323.5 324.1 324 324 325.5 327 328.6 330.7 331.8 331.8 330.2 327.5 321.9 317.8 311.9 308.3 305 300.5 296.7 289.5 290.9 299.9 304.3 309.8 317.6 326.5 335.8 344.3 349 352.3 356.3 361.3 362.7 363 359.7 357.1 362.4 375.1 379.1 383.3 386.6 387.8 388.4 386.4 383.7 382.9 383.8 385.7 387.9 394.7 398.8 403.5 407.1 412.8 417.7 426.2 434.7 438.3 437.6 436.3 436.9 441.6 448.5 447.4 444.9 443.2 440 433.5 430 428.6 427.4 428.5 429.6 429
332.8 328.2 322.2 318.5 320.4 320.9 321 322.5 324.1 325.6 326 327.1 328 327.5 324.9 321.8 315.9 310.6 307 304.6 301.1 295.9 288.6 288.9 297.9 303.6 308.5 315.3 326.5 337.5 346.5 350.2 354.2 357.4 360.4 363.2 364.4 364 363 361.1 366.9 375 376.1 377.9 380.3 383.1 384.3 383 382 379.7 381 383.8 384.2 386.6 395.2 404.7 409.3 414.4 420.2 428.5 434.6 437.4 437 436 438.3 441.4 442.3 442.8 442.9 442.8 439.1 431.7 426.4 424 422.5 424.6 424.5 423.9
332.4 330.2 318.3 315.7 317.5 318 319 320.7 322.4 323.3 323.2 322.9 323.5 322.4 319.4 315.1 308.5 304.4 302.2 300.4 295.4 286 286.7 297.8 301.1 306.8 313.1 324.8 334.6 342.5 348.5 353.8 356.4 359.1 361.3 363.9 365.3 366.9 367.8 367.3 369.9 371 373.1 373.4 377.7 381.5 382.9 380.8 379.2 376.9 381.3 389.3 394.4 389.6 398.1 407.6 411.7 416.8 421.8 428.5 433.6 434.7 433.3 433.2 434.4 436.7 438.3 439.5 440.3 437.7 433.4 428.4 422.3 419.6 418 418.7 418.8 419.1
326.5 325.4 318.5 314.1 314.9 316.2 317.2 318.8 319.7 319.4 319.5 319.7 318.5 316.9 313.6 307 302.1 298.1 297.6 294.3 284.3 284.5 295.1 300.2 303.4 311.5 322.9 332.9 338.4 343.1 347.8 352.5 356.3 359.5 361.8 364.3 366.5 368.3 370.5 372.2 372.4 371.4 371.6 373.6 377.6 381.3 382.2 382.7 383.2 382 384.7 394.1 400.2 397.9 404.9 410.8 414.4 418.5 422.1 426.1 428.7 428.8 428.3 428.9 431 433.2 437.7 437 435.2 432.4 429 424.3 417.5 414.5 413.5 412.8 413.9 416.7
324.5 323.7 318.2 312.5 313 314.2 315.5 315.8 315.4 315 314.8 314.6 312.3 309.7 305.9 301.5 297.5 295.8 293.2 284.3 283.6 296.1 298.8 303 310.6 321.9 329.8 334.8 338.6 343.1 347.8 353 356.5 359.5 362.2 364.1 367.4 371.1 372.7 373.6 371.8 371.6 372.4 372.7 376.7 380.2 383.8 386.5 390.4 390.5 389.1 397.3 403.1 406.3 410 413.6 414.8 418.5 421.5 423 423.4 424.4 425.7 428.6 431.2 435.1 436.8 433.2 431.3 429 425.1 418.5 412.7 409.5 408.7 409.6 412.8 417.2
323.6 320.1 314.5 310.2 311.1 312.7 313.3 312.4 311.5 311.2 310.4 308.6 305.8 301.9 298.7 295.4 293.6 293.6 284.5 282.7 294.3 298.3 302.6 310.5 318.9 327.6 331.9 335.5 339.6 343.6 349.3 354.6 359 360.9 362.8 365.5 371 374.2 374.5 374 371.9 372.7 372.3 372 376.2 380.5 389 392.3 394.2 396.5 398.2 398.7 404.4 408.2 410.6 413.1 414.6 417.5 419 418.6 419.4 416.1 424.9 428.6 431.3 433.3 431.7 429.1 427.6 425.9 420.6 411.4 406.3 405.4 405.2 408.4 412.1 414.5
316.8 311.8 309.8 307.2 308.9 310.2 310.3 309.2 308 307.2 305.5 303 298.1 296.2 293.7 292.3 291 285 281.3 286.4 296.9 301.8 312.8 322.1 323.9 328 331.1 335.4 340.4 345.9 351.6 357.3 360.1 363.2 365.5 370.4 373.7 377.3 376.4 375.1 375.5 375.3 372.8 372.1 375.4 382.8 393.6 393.5 393.4 403.3 405.9 404.4 404.9 407.9 410.3 412.7 414.6 415.1 414.8 416.8 417.7 419 420.8 424.1 427 429.8 426.1 424.6 422.9 419.9 412.2 406.9 402.6 401.5 401.7 404.7 406.5 410.6
310 309.2 308.3 305.9 305.9 307 307.2 306.1 304.9 303.1 300.5 295.6 294.1 291.4 290.4 285.4 281.7 279.7 287 295.1 299.6 310 319.8 323.4 324.8 328.7 334.8 339.2 345.6 352.1 356.1 358.3 362 365.4 369.3 370.9 373.6 378.6 380.6 378.7 378.9 377.1 374.6 373.9 376.3 382.4 390.3 396.4 399.5 406 409.7 408.2 407.6 408.9 412.9 412.5 411.3 409.7 413.6 415.5 416.3 414.8 415.7 417 419.3 421.8 421.8 421.7 420.5 416.6 409.8 404.4 400.7 397.3 397.7 400.1 401.6 408.4
308.6 308.1 306.9 304.6 302.7 303.6 303.3 302.5 301.8 298.5 293.3 288.8 287 286.9 283.5 279.1 279.2 288.8 295.1 299 307.4 316.4 321.6 323.4 325.6 333.2 339.7 344.8 351.9 356.4 358 361.2 365.7 369 372.9 374.2 375.7 381.1 384.2 382.2 380.8 380 378.4 376.9 377 381.5 392.6 399.4 401.5 407.1 409.3 408.6 409.1 411.7 416.2 412.3 407.4 406.5 407.7 409.3 409.5 410 411.3 412.3 413.8 416.4 419.5 421.9 418 413.7 408.4 403.1 400 395.8 392.6 393.4 399.2 405.9
307.7 305.5 304 302.5 300 300.9 300.9 300.2 297.5 292.6 287.9 285.7 281.4 279.4 278.2 278.6 291.9 295 298.3 304.3 312.4 318.7 322.2 325.3 331.7 339.5 345.3 348.5 353.5 355.6 358.4 364.1 368.3 371.7 377.2 375.3 376 383.1 387.8 386.9 385.9 384.9 384.7 379.5 378.4 383.2 390.7 399 401.8 406.9 408.4 409.1 411.8 414.3 414.1 408.8 405.5 404.4 403.9 404.5 406 404 404.1 407.7 411.6 415 418.2 417.1 413.1 409.5 403.4 400.4 399.7 396.9 388.9 392.9 398.6 403.5
