app/static/ascii/SN94.asc
ncols 200
nrows 200
xllcorner 290000
yllcorner 240000
cellsize 50
[rows 70 to 104 of 200, columns 78 to 155 of 200]
212.7 206.4 204.6 218.5 225.3 229.5 231 231.5 231.7 236.3 242.9 251.6 257.6 273.3 288.9 306.2 322.1 340.5 349.4 342.8 335.1 320.6 309.4 296.9 321 344.7 373.2 385.1 397.3 405.6 414.2 420.5 426.1 433 438.5 445.1 447.5 451 458.8 462.5 465.6 466.7 468.4 470.5 474.4 472.3 469.3 467.3 466.9 464.1 461.5 461 458.4 453.7 448.7 443.6 437.5 431.4 424.6 418.8 409.5 409.4 411.6 411 412 410.7 408.9 406.5 403.9 403 399.7 396.4 392.3 388.4 384.5 377.8 368.4 356.5
218.1 213.5 206 213.7 223.5 228.9 232.9 234.2 237.5 239.9 250.9 261.7 271 278.6 294.7 311.1 331.5 353.6 355.7 349.4 342.7 331.7 330 327.1 337.9 363.8 381.2 395.7 406 412.1 419.4 427.6 432.7 438.6 443.3 449 453.4 456.8 460.2 465 468 469 470.7 472 474.6 472 469 467.4 465.7 463.2 460.5 460.7 456.8 452.6 447.9 443.1 438.8 433.3 428.1 421.9 414.3 408.1 405.7 406.2 406.1 405.7 405.2 401.4 404.2 402.1 400.4 395.2 383.4 378.5 374.5 371.6 362.8 351.3
227.1 220.5 207.7 210.3 220.5 226.2 231.2 236.2 241.7 249.5 259.3 271.4 284.9 289.9 299.9 315.4 334.8 353.9 359.9 358.1 350.6 346.3 352.4 355 362.1 378.8 392.1 403.8 411.7 419.6 428.2 432.2 436 441.2 446.3 451.1 454.5 457.3 462.1 466.4 467.5 469 471.1 471.4 470.7 469.4 468.3 466.2 462.9 460.5 458.2 457.5 453.5 449.6 445 440.5 436.5 433.5 428.4 424.2 419.1 413.8 408.6 404.7 404 403.5 401.2 403.1 398.5 393.7 394.8 391.7 389.4 382.2 376.7 358.7 357.6 348.7
236.6 230.4 211.7 211.8 217.8 222.9 229.1 235.9 244.5 256.7 267.9 282.3 301.2 308.7 314.6 320 337.8 353.1 362.6 363.9 360.3 359.9 365.3 374.7 384.3 392.2 399.8 409.9 418.2 426.4 432.9 436.4 440.2 444.8 449.8 453.7 457.2 458.7 461.7 464.1 466.1 468.2 470 470.2 468.7 468.5 466.4 463.6 459.9 457 454.9 453.8 450.8 446.7 442.1 438.3 435.8 433.4 428.7 424.9 421.4 420.7 414.9 409.9 407 406.3 404.4 403.3 403.4 402.6 399.1 395.5 392.5 387.3 380 369.2 353.8 349.2
246.6 238.3 217.7 214 219 223.5 229.2 236.2 248.4 263.8 278.4 296.3 314.8 325.5 330.2 333.7 343.8 356.3 366.9 370 369.8 369.3 374.6 385.5 394.5 402.4 410.3 419 426.2 432.8 437 440.1 445.4 449.1 453.9 456.6 458.2 459.1 461.1 464.5 466.3 466.8 468.5 468.5 468.5 465.9 463.6 461 457.3 453.5 451.6 450.1 447.1 443.6 440 437.3 434.5 432.3 429.7 425.9 422 421 419.1 413.3 410.5 410.8 407.1 401.9 401.5 401.6 401.2 399.1 394.2 389 381.8 374 350.1 354.6
256 245.1 224.7 214.1 219.1 223.1 229.5 236.4 248.7 270.1 284.5 304.7 322.5 338.4 345.6 348.6 356.1 363.7 371.4 374 374.7 375.7 382.2 394 403.6 412.1 420.6 427.1 431.3 436.8 440.4 443.8 449.3 452.9 456 458.4 459.1 459.1 461.1 464.1 466.1 466.7 467.1 467.3 465.9 463.6 461.1 457.6 454 450.5 446.8 444 441.6 439.7 437 434.7 432.4 430 427.4 423.7 420.7 418.2 415.7 413.2 410.8 410.3 406.2 402.1 399.7 399.4 399 397.5 392.9 390.8 389.3 377.7 355.7 369.5
264.4 251 229.5 217.5 219.7 222.7 228.7 236.7 248.3 267.3 289.6 310 327.2 349.8 355.8 358.1 366.8 372.8 371.4 371.5 375.1 381.7 390.3 401.6 410.8 419.9 426.3 433.2 437.1 440.6 444.6 447.5 451.9 455.3 462.5 461.5 458.9 458.6 460 462.5 464 463.8 464.1 463.5 462.2 460.9 457.5 453.4 449.3 445.2 441.1 438.5 436.9 435.5 433.7 431.2 429 426.6 423.9 421.2 418.2 415.2 412.2 410.2 408.7 405.5 401.9 399.4 397.3 394.9 394.2 392.9 390 390.3 387.7 378.9 363.2 380.6
275.9 257.5 233.2 221.2 220.9 223.3 225.8 232.4 244 260.4 283.6 308.4 330.7 347.3 358.1 363.8 374.8 371.4 361.3 363.7 371.6 381.9 397.6 407.9 416.9 425 431.4 438.5 442 445.3 449.2 451.9 454.6 457.2 459.6 459.4 458.5 458.9 459.7 460.8 461.7 461 460.6 459.3 457.5 455.9 451.7 447.4 443.9 439.9 437.7 434.4 431.8 430.5 427.7 424.9 423.6 423 420.7 416.7 414.8 411.8 408 405.8 402.7 399.4 396 392.9 390.8 389.3 388.4 387.8 386.3 385.2 385.1 380 373.5 385.4
285.3 264.2 238.4 224.4 223 225.5 228.1 228.9 231.9 251 271.3 296.3 319 334.3 350.9 359.8 354.1 346 342.6 342.7 363.1 378.5 402.5 414.7 423.1 429.3 436.3 441.9 445.1 448.4 451.6 454 456.6 458.1 459.7 457.6 458.1 456.1 457.8 460.9 458.9 457.4 454.7 454.3 451.8 448.8 445.4 441.7 439.1 438.1 436.3 432.5 429.2 425.9 420.7 419.6 416.4 416.3 414 412.4 410.2 404.8 402.4 399.8 396.6 393 390.1 386.9 384.3 382.7 382.1 381.6 380.1 379 378.8 372 382.6 390.5
297.2 273 244.8 230.9 226.7 229 231.4 231.3 229.4 241.2 259.8 278.8 297 314.7 333.3 337.7 328.8 321.4 320.4 331.3 355 376 405.2 418.5 426.5 433.2 438.8 443.7 446.8 449.9 452.7 455.8 457.3 457.1 456.4 456.5 454.9 452.4 454 456 454.3 452.6 450.6 449.8 445.9 442.8 439.8 438.6 437.5 436.5 435.4 432 430.1 426.6 421.7 420.4 415.5 411.8 408.7 401.4 398.9 396.4 389.8 388.8 388.5 389 385.5 382.6 379.1 379.2 378.7 376.8 375.2 374.3 373.7 384 393.1 397.4
304.1 279.1 252.4 237.6 229.4 230.7 233.4 235.9 234 237.5 248.7 263.7 281.6 298.5 313.9 315.8 306.2 288.8 311.9 318.4 348.9 378 406.6 420.4 427.8 435.2 440.3 445.3 448.7 452 454.3 457.6 457.7 457.4 456.1 454.2 451 449.3 449.8 450.7 449.2 447.6 445 442.9 439.8 438.9 438.7 439 438.8 437.8 436.6 433.5 430.8 428 425.8 423.1 420.8 418.5 413.2 409.7 405.4 401.8 394.5 390 389.7 387.9 385.4 382.5 379.7 378.7 378.3 376.4 374.6 374.1 375.6 387.8 395 398.5
314.8 288.7 262.2 243.2 235.3 232.8 240.7 257 248.9 240 242.9 252.8 267.2 285.4 297.7 296.5 279.1 299.4 325.1 324.4 354.4 381.1 402.4 417.3 427.1 434.8 442.1 447.4 451.7 455.7 457.8 457.9 457.9 456.9 455.5 452.7 449.7 448.9 448.8 445.3 444.1 442.7 441.1 439.5 438.2 438.3 438.7 439.1 439.1 439.2 438.1 436 433.8 432.3 429.8 427.5 425 422.5 419 416.5 414.5 411.5 407.9 403.1 397.6 391.7 388.1 385.8 382.6 379.6 378 376.6 375.8 376.5 376.1 382.6 395 404.2
324.7 296.4 268.6 251.9 240.3 238 241.6 269.5 267.7 257.1 242.6 247.6 257.4 273 286.9 278 286.9 315.3 339.6 339.6 363.5 385.9 402.6 416.7 426.6 434.3 442.3 450.2 454.7 457.5 457.5 457.7 457.9 456.3 454.7 452.1 450.4 448.6 447.1 442.8 440.2 439.2 438.4 437.9 438.3 438.6 438.8 439.1 439.2 440.6 440.8 439.1 437.9 436.9 434.7 432.4 429.6 428 425 422.1 420.8 418.8 416.5 412.5 407.1 400.5 394.6 390 384.9 379 378.2 378.6 378.3 379.5 378.4 378.9 392.5 401.2
336.8 306.6 280.5 260.5 247.4 239.4 242.9 267.3 283 273.7 258.1 246.3 251.5 265.6 273.7 272.6 299.2 319 347.8 365.7 368.3 387 405.5 416.3 426.5 435.1 441.1 449.8 454.7 457 457.1 457.4 457.8 455.8 453.7 451 450.6 449 445.7 443.3 441.2 439.3 438.8 438.4 438.4 438.8 439.6 440.3 440.7 440.4 441.9 442.6 441.9 441.8 439 436.1 433.5 431.1 427.8 426 425.1 423.6 420.6 416.7 411.9 407.6 403 398.5 392.6 383.7 378.5 379 381.6 383.6 383.2 385.7 389.5 396
350 318 293.8 270.9 255.6 244.1 244.6 268.9 294.3 290 273.4 261.1 253.9 254.4 258.9 269.6 293.3 315.7 344 379.4 381 390.7 404.1 417 428.3 435.6 441.1 447 450.8 453.4 455.2 456.5 456.1 454.3 452.5 450.5 450.9 448.3 444.8 442.4 441.1 439.4 439.3 438.9 438.6 439 440.8 440.8 440.5 442.8 444.8 446 446.3 445.3 441.9 439.2 437 434.7 431.5 430.4 429 426.4 423.5 419.8 415.8 412.2 409.8 405.3 401.8 396.2 391 385 386.7 388.1 393.2 394.8 393.7 394.3
362.7 331.3 305.5 283.1 264.4 254.4 251.6 266.3 295 305 294.2 277 273.6 275.8 274.7 279 288.3 304.6 339.7 376.4 394.3 398.3 408 419.7 429.9 435.5 440.2 444.4 448.4 451 452.1 452.9 453.1 451.9 451.2 450.1 448.1 446 443.8 441.9 439.9 439.1 438.5 438.9 439 439.8 440.1 440.2 442.4 445 447.2 449.2 448.9 446.9 444.9 442.8 440.5 438.3 436.1 434.1 431.8 429 426.2 423.2 420.3 416.7 414.3 410.9 407.3 404.2 401.6 391.5 393.3 395.8 400.6 400.6 400.6 399.7
377.3 344.6 318.2 295.7 276 263.8 258.5 274.7 298.2 319.6 311.5 300 296.6 296.7 297.9 289.9 303.1 329.8 351.6 374.4 398.3 407.1 412.2 422.5 430.1 433.7 438.9 443.3 446.5 449.7 450.9 451.4 451.6 450.9 449.1 447.3 445.3 443.2 441.7 441.1 439.3 438.2 437.6 438.1 438.5 439.2 439.6 440 441.7 445.6 449 449.9 450.3 448.3 446.5 444.7 442.8 441 439.2 436.9 434.5 431.6 427.5 424.9 422.5 419.6 416.9 414.5 411.7 410.2 404.8 398.7 400.6 402.6 403.3 403.7 405.8 403.9
389.1 361 331.7 308.7 287.6 275.1 263.9 275.3 299.7 332.4 334.7 332.3 330.9 333.2 324.9 308.1 317.2 353.5 374 382.3 393.8 407.1 415.4 422 428.5 433.5 438 442.1 445.9 449.3 450.8 450.9 448.7 446.2 446.1 444.5 442.5 440.7 440.3 439.8 439.2 437.6 436.8 437.1 437.4 437.9 439.5 439.9 441.2 444.2 446.9 449 449.9 449.2 448.1 446.3 444.6 442.8 441.1 439.8 436.8 432.6 429.2 426.7 424.2 421.5 418.5 416.4 414.4 411.1 409.4 410.1 407.3 406.6 406.9 407.5 410.3 410
397.7 376.2 350.4 323.1 301.2 281.9 271.3 279.5 301.8 339 360.4 364.7 368.3 368.1 349.2 326.5 331 368.6 393.1 395 394.7 402.6 413.4 423.7 429.6 433.1 438 440.3 444.5 447.1 446.8 445.8 444 442.1 442.6 441.6 440.2 439.5 439 438.6 438.2 436.8 436.2 436.1 436.3 436.6 438 439.2 440.4 442.2 444.3 446.9 449 449.2 448.1 446.8 445.3 443.5 442.2 441.1 437.8 433.6 431 427.9 424.9 422.5 420.2 418.1 416 413.5 412.1 411.6 411.3 410.7 410.9 411.4 413.6 413.3
405 394.1 364.5 337 312 292.9 281.9 286.8 307.8 345.4 376.1 384.7 396.3 395.3 374.7 352.6 347.2 388.1 402.1 405.5 405.8 406.8 417.3 426.2 431.5 435.8 439.5 442.4 444.9 443.2 440.9 439.4 439.2 439.6 439.1 438.5 437.9 438 437.8 437.4 436.9 436 435.6 435.5 435.5 435.6 435.4 437.2 439 440.2 441.7 444.1 446.1 448.1 447.5 446.4 445.1 443.6 442.3 441.1 438.5 435.1 431.6 428.4 425.9 423.7 421.5 419.4 417.4 415.7 414.8 414.7 414.5 413.7 414.3 415.4 416.5 416.1
412.9 404.5 378.7 350.1 323.1 302.1 285.9 293.8 316.1 357.6 390.1 399.6 404.8 405.9 397.7 381.4 379.5 397.4 405.5 411.8 414.4 419.9 428.4 431.3 433.6 439.1 440.7 441.1 441.7 438.5 437.5 437.1 436.8 436.9 436.9 435.6 435.1 435.8 435.7 435.5 435.4 435.5 435.2 434.4 433.4 432.2 433.4 435.7 437.5 439.2 440 441.3 443.3 445.2 446.3 445.1 444.1 443.6 442.2 441.1 438.3 435.3 431.8 429.5 427.3 425 422.7 419.9 418.9 417.8 417.8 417.8 417.6 416.4 417.6 418.9 419.2 418.9
417.1 407.2 386.3 353.2 326.2 301.5 288.5 302.1 328.4 372.6 403.2 411.1 408.8 416.9 418.5 408.2 405.6 408.4 410.6 416.3 420.5 427.8 433.4 435.7 436.7 439.2 440.7 438.9 436.9 435.7 435.4 435 434.5 434.1 433.4 432.8 432.7 433.6 433.6 433.4 433.1 433.2 435.2 434.5 432.2 429.6 431.9 433.8 435.9 437.9 439.1 440.1 440.8 442.7 444.3 443.5 442.6 442.2 441.9 441 438 435.1 433 430.7 428.4 426.1 423.9 420.7 420.1 420.3 420.5 420.8 420.4 419.4 420.5 421.4 420.7 420.4
417.5 408.2 386.4 354.4 331 312.1 299.7 312.5 344.9 389.7 412.6 419.1 422 424.2 426.7 424.4 423 421.2 418.4 425.6 428.3 433.3 436.4 439.2 442.4 440 436.9 435.7 434.4 433.9 433.3 433.7 434.1 433 431.7 430.4 430 431.1 431.4 431.1 430.7 430.8 433.4 433.3 432.9 429.9 430.9 432.8 434.6 436.5 438.1 439.2 440.2 440.6 441.8 441.8 441.1 440.7 440.3 439.9 438.4 436.1 433.6 431.3 429.2 427.1 425 423.2 421.9 422.1 422.3 422.9 422.7 422.4 422.9 423.7 422.3 421.9
419.3 412.9 404.1 375.3 347.5 325.9 308.4 325.8 365 410 421.6 429.7 430.8 429.3 432.4 433.7 434.3 435.4 432.3 436.8 436.9 438.1 440.6 443.5 441.9 438.6 435.4 433.9 433.3 432.7 434.3 433.8 432.7 431.6 430.4 429.4 428.1 427.8 428.5 428.5 429.3 430.1 430.9 431.4 431.5 430.1 429.4 431.8 433.2 435.1 436.6 437.5 438.3 438.1 439.8 439.6 439.6 439.5 440.2 439.3 438.7 437.1 434.7 431.8 429.9 428.1 426.5 425.4 424.1 423.9 424.6 425.4 425.3 425.4 425.3 426.1 424.4 423.6
422.3 419.2 414.6 401.1 371.3 345.7 320.8 345.7 393.2 422.5 429.8 435.7 436.4 434.7 437.2 439.3 440.9 443 443.8 441.8 439.9 441 440.7 440.6 438.9 436 434.4 433.6 433.3 433.2 431.5 432.1 431.2 430.4 430.6 428.5 425.5 423.4 424 424.7 426.7 428.4 428.6 429.1 429.7 429.9 429 430.4 432.1 434 434.5 434.4 435.2 433.6 434.3 435.4 435.7 435.9 436 437.7 438.5 437.6 436.5 434.7 432.6 430.3 428.7 427.4 426.2 426.2 426.9 428.4 428.5 428.6 429.2 428.4 426.6 425.4
426.4 424.5 423.3 416.5 391.8 360.8 340.8 366.5 405.5 427.7 435.7 439.5 439.9 438.5 440.2 442.7 446.1 447.3 448.3 447.2 445.9 442.2 440.5 438.4 436 434.8 434.1 433.4 433.5 432.7 431.1 429.5 430.1 430.8 428.3 425 422.3 420.1 420.3 421.2 423.3 424 425.4 426.1 426.9 425.7 427.5 430.3 431.3 431.9 432.2 432 432.1 430.7 429.2 431.1 431.2 431.5 433.1 435.3 437.2 438.5 438.9 437.9 436 434 429.8 428.6 428.1 428 428.8 429.8 431.5 431.7 431.8 429.3 428.3 426.8
430.2 429.7 429.3 427.5 417.1 387 354 382.8 417.1 429.7 438.1 440.9 440.7 440.8 443.5 445.3 446.8 448.2 449.3 449 446.8 443.1 439.9 437.2 435.3 434.4 433.7 433.4 433.1 431.8 430.9 429.2 427.5 425.8 422.7 421 420.3 419.3 419.1 419 419.4 420.4 421.7 422.7 423.7 420.7 424 427.9 429.6 430.2 429.8 429.6 429.5 427.4 425.8 426.2 427.8 430 431.3 434.5 436.8 439.6 440.9 440.9 440.8 439 435.9 433.8 432.7 432.6 431.1 432.7 434 433.7 433.1 431.2 429.5 429.6
435.3 435.4 435.1 433.5 433 411.4 386.3 394.6 425.7 433.3 438.2 442.7 442.8 442.5 443.9 445 445.6 446.5 445.9 445.5 442.9 440.6 439.4 437 435.4 434.2 434.5 434.9 435.3 433.8 433 430.9 429.7 425.5 423.1 418.7 416.8 415.8 415 415.1 415.6 418 419.7 421 420.8 419.5 422.3 425.7 426.5 426.7 426.9 426.9 425.2 423.1 421.4 421.7 424.7 429.6 431.5 433.9 436.7 440 441.8 441.6 441.6 442.1 440.6 439.4 438.9 437.5 435.6 435.8 436.5 436 435.6 434.3 434.8 436.1
440 441 441.6 442.2 443.6 437.8 415.2 403.6 424.7 433.5 438.8 442.5 444 444.1 443.1 442.3 443.2 443.5 442.9 442 440.3 437.9 437 435.8 433.7 433.8 435.5 437.2 439 439.8 436.4 433.6 432.1 428.5 424.8 421 417.4 414.6 413.5 412.5 412.3 413.8 417.2 418.4 418.6 419.4 421.2 423.1 423.1 423.2 423.2 423.6 422.7 421 419.3 418.8 421.5 427.7 430.9 433.7 437.8 440.3 442.5 442.5 442.3 443.5 443.5 441.5 441.3 441.3 440.2 439.2 439 440.3 441.9 440.7 442.6 444.8
443.8 445.9 448.8 449 448.4 446.3 439.1 429.8 434.8 437.7 440.8 442.1 443.2 444.4 442.1 442.8 441.8 440.7 439.9 439.1 436.6 435.2 434.3 433.3 433 434.6 436.2 437.9 439.8 441.5 440 437.4 434.8 431.7 428.6 425.6 421.8 418.5 415.3 413.8 411.8 411.7 412.5 413.8 413.8 415.8 417.7 419.6 419.7 419.6 419.8 420 420.7 418.7 416.3 416 419.6 426.4 430.2 433.7 437.9 440.5 442.8 443.9 444.1 444.9 446.3 444.2 444.5 445.1 445.2 443.7 443 445.5 447.4 448.1 450 452.3
447.2 449.9 452.2 452.7 453.3 450 446.9 443.7 443 442.8 445 445.5 444.3 443.3 442.9 441.6 439.5 437.1 436.3 436 433.4 432 431.5 431.4 432.3 433.7 435.2 437 439.6 441.4 442.4 440.8 438.3 435.5 432.6 429.4 426 421.6 418.7 416 413.6 411.7 409.8 409.7 410.5 412.5 414.1 415.2 415.7 416.2 416.4 416.5 416 415.1 412.1 413.5 419 422.2 428.9 433.1 436.6 439.5 440.9 443.9 445.4 446.4 447 447.3 447.6 447.7 448.5 448 448.8 450.5 451.8 453.2 455.7 457.8
450.8 453 453.9 454.5 454.6 452.3 449.9 447.9 447.4 447.2 446.2 445.2 443.9 443.3 440.8 438.3 435.4 433.8 433.1 432.8 431.6 429.6 428.6 428.7 429.6 430.9 432.7 435.1 438.5 440.6 442.1 442.5 441.5 438.8 435.6 432.3 428.7 425.5 422.6 419.4 416.5 414.9 413 410.7 407.9 408.4 409.6 411.4 412.5 413.1 413.3 413 412.5 411.6 409.5 411.4 415.3 421.7 427.3 429.9 431.5 437.8 440.5 442.9 444.4 445.5 446.7 447.4 448.4 449.6 450.8 451.6 452.7 454.3 456 458.2 461.2 463.7
453.4 456 454.9 455.6 454.9 453.4 451 448.5 447.1 446.3 445.4 444.2 442.4 440 437.2 435.1 433 431.6 430.4 429.7 429.5 428.5 427 426.2 426.8 428 430.2 432.5 436.5 439.2 441.4 443.1 442.7 440.5 437.4 434.5 431.3 428.3 425.4 422.4 420.1 417.9 416 413.9 410.6 405.9 405.8 406 406.9 408.4 410 409.5 409.1 407.8 407.5 410.4 414.8 418.9 423.3 425.3 431.6 435 438 440.2 443 444.9 446.6 447.7 448.3 450.1 452 453.5 455.2 456.8 458.3 461.2 463.8 466.1
454.7 455.9 456.7 456.1 455.2 453.3 451.6 449.4 447.1 445.1 443.6 441.4 439.3 437.1 435.2 432.7 431.6 430 428.8 427.4 427.3 426.6 425.7 425 424.4 425.5 426.9 430 434.1 437.4 440.6 441.9 442.2 441 438.7 435.9 433.2 430.4 427.6 425.4 423.5 421.7 418.8 416.3 412.9 409.3 407.1 403.6 402.3 402.3 404.1 405.2 405.1 404.3 407.4 411 414.7 417.1 420 424.9 428.3 430.1 436.9 439.7 442.6 444.5 446.4 447 448.4 450.8 453.3 455.3 457.4 458.8 460.6 463.4 466.1 468.2
455.2 456.3 457.4 458.1 456.8 455 453.1 450.9 448.3 445.5 443.1 440 437.2 435.7 433.8 431.9 430.4 429.2 428.2 426.8 424.9 424.5 424.6 424.2 423.5 423.8 424.6 428 432.8 436.1 437.9 439.1 439.6 439.7 437.9 436.2 434.4 431.8 430.5 428.3 426.6 424.7 422.4 418.2 414.6 411.5 410.3 409.3 407.3 403.5 399.1 400.8 402.2 405.4 407.5 409.9 411.9 414.5 417.7 420.6 426.5 431.9 435.1 438.1 440.4 441.6 442.5 446.5 448.4 451 453.6 456.3 459.1 460.8 462.6 464.7 466.7 468.5
