app/static/ascii/SN95.asc
ncols 200
nrows 200
xllcorner 290000
yllcorner 250000
cellsize 50
[rows 140 to 174 of 200, columns 0 to 77 of 200]
337.2 358.8 376.1 393.5 404 410.6 411.9 408.7 403.5 404.3 403.3 399.6 392.7 387.6 388.2 379.8 373.8 359.3 345.3 332.2 314 301.1 288.6 277.5 270.7 261.7 251.4 246.7 239.3 235.6 232.2 231 224.4 221.6 220.5 226.8 229 228.7 229.4 231.7 246.4 272.8 288.6 292.2 292.2 291.4 292.6 293.3 290.8 295.5 298.4 300.2 303 303.8 302.8 301.5 299.7 297.9 296.3 293.9 290.8 287.3 283.5 280.7 278 275.8 274 271 268.4 266 265 263.8 261.5 257.7 253.9 252.2 248.8 246.4
316 338.7 360.3 373.3 384.3 391.4 395.7 397.5 396.4 397.9 397.7 393.1 388.5 384 378.6 368.1 356.6 344 330.4 318.1 308.3 298.2 286.7 278.5 270.7 264.5 258.9 253.8 249.6 246.7 244.7 241.6 237.6 232.3 224.3 219 217.6 221.6 223.1 223.7 232.3 251.3 278.1 286.3 284.7 285.1 285 285.6 287.8 292 293.7 296.8 298.4 297.7 296.4 294 292.7 291.4 290 288 285.2 281.9 279.2 276.7 274.3 272.5 270.7 268.9 266.6 264.2 262.7 262.4 258.4 255.4 253.3 251.3 248.3 243.6
296 319.8 336.7 351.9 364.7 379.6 387.4 388.9 390.1 391.1 390.2 386.5 379.4 372.8 362 350.5 338.5 326.9 317.3 309.7 301.5 291.4 280.6 272.1 266.4 263.2 259.9 257.3 255.7 254.1 252.4 249.3 245.7 242.3 237.5 234.4 228.7 219.2 219.2 220.8 222.2 235.7 255.2 275.3 276 276.3 275.6 278.4 283.3 286.8 290.6 292.1 293 291.9 289 286.8 284.7 283.6 282.6 280.8 278.7 277 274.7 272.6 270.8 269.4 267.9 266.7 264.6 262.1 260.8 259.7 256.9 254.5 253.6 251.8 249 244.8
274 294.3 317.9 335.5 352.6 365.4 376.4 384.1 384.1 381.2 378.4 373.7 360.5 351.1 340.9 333.2 323.2 314.3 306.7 298.2 289.6 279.7 270.9 265.9 262.2 260.3 259.6 259.5 260.2 260.3 260.1 257.4 254.7 250.3 245.4 241.6 236.6 230.7 224.2 215.5 218.9 222.7 239.4 257.3 268 267.2 265.6 273.2 278.1 279.4 281.7 284.3 285.6 284.1 281.2 278.6 276.4 275.3 274.5 272.3 272.9 272.1 271 269.6 268.6 266.8 266.6 264.7 261.8 259.7 258.3 258 256.1 254.7 253.9 252.6 249.2 245.2
271.8 269.9 285.5 303.3 318.8 342.3 356.1 361.3 366.5 358.8 352.6 345.1 338.4 331.6 324.5 320 310.9 301.7 293.2 284.8 276.8 269.2 263 259.9 259.1 258.5 259.9 261.4 264.2 265.2 264.9 264.3 262.8 258.3 251.9 247.3 242.5 236.7 231.4 223.5 215.3 218.5 225.9 243.8 254.1 258.3 263.9 270 271.7 271.5 272.8 273.4 273.3 273 271.5 269.3 266.6 265 263.9 264.3 266.3 267.1 266.9 266.7 266.6 264.7 264.6 262.9 260.2 257.8 255.8 256.6 255.2 254.1 254 253.8 251.1 246.3
271.8 254.7 261.1 276.4 296.8 309.4 321.4 329.9 332.9 330.5 328.1 325.2 322.1 318.3 314.4 305.1 296.8 288.1 280.8 273.9 268.5 262.1 257.4 256.8 256.2 256.9 260.7 263.9 266.9 268.1 268.4 268.7 268.1 265 259.9 251.7 247.3 242.5 237.6 230.5 218.4 216.3 218.3 236.3 239.1 255.9 265.4 269.2 268.7 265.1 265.2 264.5 262.8 261.9 260.2 258.3 255.2 253.7 253.6 256.2 260.6 260.7 263.3 265.2 264.5 263 261.3 261.1 260 258 255.4 254 253.1 252.7 252.9 252.9 250.9 247
272.8 254 250.1 263.2 281.5 289.9 297.1 302.3 307.4 308.5 311 311.8 309.9 305.4 297.6 289.4 284.6 279.1 272.8 267.2 262.9 256 252.7 252.3 253 256.5 260.9 266 267.9 269.7 270.9 271.4 270.5 268.3 263.6 257.6 252.2 246.6 241.3 235.4 225.9 214.2 217.7 224.9 236.7 251.3 265 269.5 268.2 263.5 257.7 254 252.8 250.3 249 247.5 245.7 244.7 244.1 249.8 252.6 254.2 261.1 263.9 262 261 260.3 258.5 257.9 256.6 254.6 252.3 250.1 250.6 250.6 250.8 248.8 245.7
268.8 252.6 240.4 254.1 266.2 274 277.7 282.5 287.2 291.6 295.8 292.6 292 286.1 281.6 279.3 276.8 273 268.3 263.4 257.9 251.4 248.7 246 250.1 254.8 260.1 264.4 267.3 269.5 270.5 270.6 270.1 268.4 265.5 261.5 256.6 251.4 244.4 238.3 226.5 217.7 214.9 218.1 225.3 243.7 264.5 267.6 269.1 265.6 261.6 255.5 251 248.4 245.7 243.2 240 239.1 237.9 242.2 245 250.7 257 258.6 257.2 257.1 257.3 256.3 255.3 255.2 253.8 253.4 251.5 245.5 246.5 248.3 246.1 243.9
257.5 247.5 231.8 244.4 251.4 257.2 261.4 261.8 262.4 267.6 270.1 271.1 271.5 272.8 272.9 272.6 271.1 268.8 264.9 261.5 255.6 251.7 246.2 240.8 244.1 252.7 257.8 261.7 264.1 266.3 267.4 267.6 267.3 266.4 264.6 262.1 258.3 254 246.3 238.7 229.9 219.8 212.4 215.4 224.7 246.3 265.6 268 268.2 266.8 264.2 260.8 257.8 253.2 249.4 246.3 243.5 241 237.8 237.4 235 241.2 246.1 248.7 248.2 250.6 251 252.1 254.2 253.7 253.2 253 250.7 247.9 241.8 243.8 241.6 239.6
242.1 235.2 227.2 233.6 238.3 240.3 241.5 242 242.3 248.1 253.4 255.6 257.7 260 264 265.3 266.2 265.4 262.2 258.1 253.7 248.9 244.7 240.8 238.7 248.5 253.1 256.9 259.7 261.7 263.2 263.7 263.7 263.7 263 260.2 256.7 251.8 245.6 237.8 229.5 220.7 214.4 214.6 229.8 257.9 269.1 268.6 267.4 266.3 264.9 263.3 261.2 257.6 254.6 251.9 249 245.7 241.5 236.4 230.1 230.5 234.2 238.4 241.2 243.6 245.8 248.7 252 252.3 251.5 252.1 249.8 247.2 243.4 237.9 235.7 233.4
227.8 224.1 222.6 222.1 223.4 225.2 225.9 226.1 226.8 233.3 238.8 240.8 243.1 247 252.4 256.8 259.8 259.7 258.6 257.1 251.3 248.1 245.9 242.4 234.8 239.6 246.5 250.7 254.5 256.9 258.8 259.1 259.5 259.5 257.8 255.3 252.4 247.3 239.7 231 224.7 219.2 213.4 215.2 238.6 265.9 270.5 269.2 265.6 264 264 262.9 261.3 258.2 254.1 250.8 247.3 244.7 242 237.6 232.5 227.6 224.6 228.6 232.1 232.7 240.9 244.7 247.2 248 250.6 251.2 249 246.4 243.2 239.6 233.7 230.5
219.8 219.4 220.3 219.6 218 217.4 217.3 216.5 216.2 219.8 223.2 224.6 227.5 232.3 239.8 247.6 253.3 255.3 255.6 253.3 250.6 251.6 250.9 244.9 236.1 233.2 236.2 242.9 248.7 252 253.2 253.1 253.8 253.4 251.3 248.1 244.1 238.2 232.1 227 221.2 216.7 212.9 217.8 248.5 268.7 270.2 269.3 266 261.3 260.1 258.5 257.5 254.7 251.7 247.8 244.3 241.2 239 237 235.2 231.4 224.8 220.7 223.8 225.1 231.5 237 241.8 243.4 247.3 249.2 248.6 246.1 242.1 237 234.3 230.9
220.1 218.7 218.5 218.3 217.4 217.1 217 216.2 215.3 215 214.5 216.4 218.1 219.4 222.6 227.8 236.8 245 246.9 246.7 250.8 254.3 251.1 245.3 237.8 230.4 229.8 234.2 242.1 246.5 247 246 246.7 245.8 243.2 238.7 234.7 232.2 229.8 224.9 218 215.4 211.7 232.9 255.5 268.8 269.9 269 264.4 259.6 256.6 252.6 250.5 248.4 245.7 243.5 240.2 237.3 235.4 234.5 232.5 230.1 226.3 221.4 218.8 218.2 222.9 230.3 236 238.2 243.1 246 246.6 246 242.3 238 235.6 235.4
220.2 219.4 218.4 217.6 217.7 218.4 217.2 216.6 215.2 214.5 213.8 213.6 213.5 213.7 213.7 215.3 217.9 221.3 226.6 232.1 238.4 243.1 244.3 241.2 235.4 229.6 225.2 227 232.9 238.1 239.4 239.9 239.8 238.4 234.3 229.6 229.3 228.7 223.4 217.9 214 211.3 224.6 247.9 266.7 270.4 268.9 263.8 259 254.5 251 247.2 243.9 242.5 239.5 237.9 235.5 233.1 231.6 231.2 229.3 226.4 224 221.1 219.2 216.9 214.3 221.4 228.2 231.2 236.3 240.1 242.4 242 240 238.4 238.1 237.7
233 231.3 228.6 227.8 226.4 225.6 223.9 222 220.4 217.3 214.9 212.6 213 212.7 211.7 210.7 210.4 210.2 209.7 215.3 218.5 227 234.1 234.8 230.7 226 224.1 218.7 223.2 227.4 232.3 233 234.1 232.3 227.1 223.7 225.2 223.7 217.8 213.6 208.6 230.6 248.1 264.1 271.3 271.1 266.6 260.3 254.1 248.8 244.6 241.3 240 238.6 237.3 235.6 233.2 230.4 227.8 227.3 226 223.1 221.4 220 219.1 217.7 214.3 212.9 216.7 220.5 226.6 232.5 234.9 235.1 235.4 238.2 240.1 238.6
259.8 256.4 253.3 250.4 248.4 246.7 244.5 241.9 241.3 238.6 234.8 230.5 226.3 221.5 217 213.9 211.7 211.2 210 209.6 209.5 212.1 219.3 224.2 223.5 222.2 220.2 213.2 214 219.1 224.5 228.1 228.6 223.9 220.9 219.9 220.7 216.9 211.4 208.3 229.4 252.9 268 275.8 275.4 272.6 267.6 260.9 254.3 248 241 238.5 237.8 236.4 235.1 233.6 231.4 229.1 226.3 224.2 223.1 221.6 221.1 220.2 219.3 219.1 217.3 210.9 210.6 212.6 216.6 221.3 224.9 226.7 231.1 236 239.3 234.7
285.5 282.3 278.7 275.7 273.7 271.9 268.8 265.5 263 259.2 255.9 250.9 245 238.2 232.5 226.7 220.9 214.8 211 210.4 209.9 208.4 208.7 210.6 214.2 215.5 212.6 209.7 209.8 212.4 220.2 222.5 220.8 218.5 216.1 216.3 214.8 210.2 207.4 233 258.4 272.6 278.5 278.3 276.9 272.7 268 262.1 257 251.7 246.4 241 236.7 233.6 232.9 231.7 229.3 227.1 224.3 222.2 221.5 221.7 221.4 221.1 221.3 220.9 218.7 214.1 209.1 208.2 209.2 212.4 215.3 218.3 222 223.8 226.2 227.7
305.7 301.7 297.3 294.2 292.3 289.3 285.9 282.1 278.2 274.8 269.5 264.2 258.6 252.8 247.6 240 233.3 226.8 221.9 218.8 213.7 210.3 207.8 207.8 207.7 208.3 208.8 207.8 207.7 207.9 212.3 213.8 213.5 213 212.1 212.4 206.6 218 244.1 266.1 277.5 278.3 277.5 278.3 274.7 270.6 265.6 260.5 254.9 250.4 245.8 240.5 236.6 232.3 230.9 230.9 227.8 225.1 222.5 221.1 220.4 221.2 220.5 220.8 221.4 221.5 219 215.8 210.9 207.1 206.6 206.1 208.6 210.3 212.9 217.2 222.9 223.2
313.5 310.4 306.4 303.8 300.7 297.4 294.2 290 285.4 281.6 277.2 272.4 267 261.6 256.4 250.3 244.2 237.4 231.4 225.9 220.5 215.4 212.1 208.1 207 206.8 206.5 206.5 206.4 206.4 207.6 207 206.7 207 207.3 207.2 219.9 248.7 272.5 284.1 280.7 275.9 274.4 275 271.5 266.6 261.2 254.7 249.6 245.9 240.6 237.6 233.8 229.3 230.2 231 228.5 225.8 223.4 221.1 219.3 219.3 219.2 218.3 220 220.6 218.1 213.6 210.6 209 208.3 207.3 205.7 203.9 207.2 215.9 220.6 219.3
317 315 312.3 309 305.8 302.3 298.1 294.2 288.3 287.3 283.9 279.5 275 270.4 265.7 261.7 255.6 249.7 243.1 236.9 230.9 225.3 216.6 213.4 207.4 206.5 205.9 205.9 205.8 205.6 206 205.7 205.8 205.9 205.8 218.3 251 272.8 285.8 284.6 276.9 273.6 271.6 269.2 265.2 258.9 252.5 247.2 243.2 239.4 235.9 231.9 228.9 227.9 229.9 230 228.6 226.2 223.2 220.7 218.5 217.7 218.4 219.1 218.8 217.4 216.8 218.2 215 212.3 211.1 209.8 209.2 207.6 202.3 212.6 215.6 215.4
313 314.7 312.7 310.9 308 303.2 299.5 296.9 294 291.4 288.5 285.8 281 277.3 274.1 271.7 267.5 262.5 257 250.4 243.4 235.8 228.9 224 216 209.1 205.9 205.5 204.8 205 204.9 204.6 204.7 203.4 219.3 243.5 264.3 279.5 284.6 278 273.3 269 265.5 260 255.4 249.1 243.1 239.8 237.1 234.7 231.2 228.2 226.4 226.4 227.4 227.8 227 225.5 222.4 219.7 218.6 219.3 219.5 220 220.2 220.4 220.6 221 219.6 217 213.8 211.6 210.5 208.9 205.5 201.6 208.7 208.8
279.1 279.4 279.9 281.9 287.7 294.1 295.5 294.4 294.7 293.1 290.7 287.5 284.4 281.6 279.8 277.8 274.6 271.7 268 263.9 260.2 251.1 242.9 238.8 231.2 222.1 213.5 206.4 204.1 204.5 204.3 204.6 202.8 205 224.3 247.3 270.1 280.2 276.1 272.8 268.5 264.2 255.6 251.1 245.8 240.4 235.6 233.3 233.1 232.1 229.1 226.4 225.1 224.8 225 225.1 224.9 222.7 220.2 219.8 219.4 220.1 220.7 221.1 221.7 222.6 223.5 222.6 220.5 218.6 215.5 213.3 212 210.2 206.1 202.9 199.7 201
258 257.9 258.4 259.2 261.2 265.5 270.4 275.4 281.1 285.5 285.5 285.8 285.9 286 285.7 282.5 281.4 280.6 277.9 276.2 270.2 261.5 254.8 251.4 245.5 237.5 228.7 218.8 207.1 203.4 204 203.7 202.9 203.5 216.7 241.7 271.7 269.4 266.4 264.7 264.2 257.1 248 242.3 237.4 231.8 229.5 230.2 230.4 230.5 227.6 224.8 224.1 223.7 223.7 223.3 221.9 221.2 221 220.6 220.8 221 222.1 222.8 223.6 224.9 225.9 224 222.1 220 217 214.7 212.2 211 208.9 205.3 201.6 198.8
252.5 249.4 247.5 245.1 245.4 248.1 250.5 254.6 260 263.9 267.1 270.8 277.5 286.1 288.8 287.7 288.1 288.1 285.6 280.9 273.6 267.4 262.3 259.7 252.7 246.3 236.3 226.2 217 208.6 202.9 203.4 202.4 202.8 204.1 220.7 246.7 258.4 257.9 258.6 254.3 246.6 239.7 233.6 229.8 226.7 225.9 227.2 228.5 228.4 226.1 223.3 223.3 223.5 223.3 223 222.8 223 222.6 222.8 222.5 222.4 223.2 224.4 225.7 227 226.9 225.6 223.7 221.8 218.7 215.4 214.1 213.6 211.3 207.7 203.9 202.4
275.4 272.2 266.7 261 255.5 246.3 241.6 239.8 239.7 244.9 250 257.5 263.6 274.1 284.1 291.1 292.7 289.4 285.6 280.6 275.4 269.3 264 258.7 253.3 247.6 240.7 232.4 222.6 209.7 203.4 202.6 201.3 201.6 202.8 204.8 224.4 239.5 244.9 246.3 240.8 236.4 231.1 226.5 224.7 223.8 222.8 224.2 225.4 225.4 223.6 221.6 224.4 226.5 227.2 227.7 227.4 227.2 228.1 227.2 226.2 225.3 225.1 226.5 227.4 228.6 229.3 227.9 225.8 224 218.8 217 215.7 214.2 211.1 208.8 205.8 203
301.2 296.1 289.6 283.8 277 270.1 263.4 255.1 247.7 241.3 235.1 236.5 248.6 256.8 265.2 274.9 280.8 278.6 276.7 273.1 269.5 265.3 261.3 256.4 251.8 247.8 242.8 235.3 220.8 208 203 202.2 201.6 201 201.4 203.7 214.2 229.7 232.3 231.5 229.3 226.5 223.3 221.7 221.2 220.2 219.7 220.5 220.1 220.7 219.7 222.2 226.2 231 231.9 231.9 233.2 234.6 235 235 233.7 233.8 234.2 233.6 232.1 231.4 230.9 228.8 226.9 224.3 219.8 218.3 215.8 213.4 210.8 208.8 206.1 203.9
322.3 317.8 312 305.4 299.2 293.3 286.9 276.9 269.1 259.6 249.1 238.5 232 244 251.8 256.6 260.7 262.8 262.9 262 261.3 259.1 257.2 254 250.5 244.9 237.1 227.5 217.8 207.6 203 202.2 201.4 199.9 200.7 202.3 208.1 219.7 220.9 220.5 219.9 219.7 218.6 218.2 217.3 216.9 216.2 216.2 216.1 216.2 219.1 225.4 231 234.5 234.7 235.8 238.9 240.7 241.7 242.9 242.4 243.6 243.8 242.2 238.6 234.2 231 227.8 225.7 222.7 222.4 219.8 216.5 214 211.6 209.1 205.8 203.7
340.8 333.9 327.5 320.7 314.4 308.6 303.5 298.4 290.6 280.7 269.2 254.7 243.5 230.2 232.1 236.1 241.2 245.5 248.8 251.5 253.8 253.3 252.8 251.2 246.3 238.4 230.8 223 217.7 209.3 205.2 203 200.5 198.7 200.4 199.6 202.5 209.7 213.2 213.4 215 215.8 215.6 214.3 214 214.2 214 214.6 213.5 215.4 222 229.9 233.8 236.1 237.9 240.6 243.7 246.5 248.2 249.4 249.7 250 249.5 246.6 241.8 237.1 232 230.1 229.5 227.3 224.1 220.4 217.1 214.6 212.6 209.4 205.7 203
346.7 339.2 332.4 325.9 322.2 320.6 316.9 312.8 307.1 299.9 289.8 276.6 262.7 249.1 236.2 227.9 227.2 229.1 231.7 236.2 242.2 244.1 244.1 241.8 238.7 235.9 227.9 220.3 215.9 212.5 207.8 204 200.7 200.1 199.5 198.5 198.9 198.7 207.9 209.1 210.9 212.2 213.6 210.6 209.3 211.2 209.6 211.8 214.3 217.2 224.1 231.8 235.2 238 241.9 245.3 248.6 251.3 253.8 254.9 254.5 254.1 251.9 248 243.9 239.3 235.3 232.6 232.9 229.3 225.4 220.5 218.4 215.6 211.4 208.4 205.7 203.6
344.3 339.1 337.6 333.6 332.3 329 323.4 317.7 312.1 306.2 299.5 295.4 286.3 273.9 260.8 248.7 238.5 229.2 223.1 222.6 222.4 229.4 233.7 233.7 233.4 231 223.3 217.5 214.8 211.5 207.7 205 201.9 200.8 200.3 199.6 198.6 198.6 198.3 199.1 206.2 209.1 210.8 206.8 205.3 207.8 209.1 212.4 215.2 221.6 226 231.9 236.6 241.2 245 248.8 253.2 256.3 258.6 258.9 257.6 255.6 252.4 249 244.8 240.5 236.6 235.1 233.6 229.6 225.3 225 222 218 214.2 210.9 207.4 204.1
337 339.2 343.3 341.4 335.7 330.5 325.2 318.8 313 306.6 300.5 294.1 287.4 280.8 274.5 267.6 259.9 254.4 246 236.2 223.2 217.5 217.8 225.6 228.8 230.4 221.9 213.3 211.2 208.2 206.3 204.3 202.9 201.9 200.6 199.7 198.8 197 197.5 197.7 196.4 204.9 206.2 202.7 202.6 202.9 207.1 212.9 215.1 220.8 224.3 230.5 237.1 242 247.2 252.1 256.6 260.1 262.3 261.5 258.8 255.9 252.7 249.1 244.5 241.5 239.1 237.8 234.6 231.5 231.7 229.6 225.6 221.3 217.6 212.8 208.8 206
328.3 339 341.7 336.5 332.2 326.9 321.6 316 309.2 300.6 293.3 286.6 280.2 275.6 270.9 263.8 257.3 251.5 246.3 240.7 234.3 225 218 215.4 224.9 228.3 224 210.1 207.9 206.9 205.7 205 203.8 203.1 202.6 201.1 199.4 198.6 198.1 197.6 197 198.9 199.7 199.5 200.5 201.8 207.2 210.4 213.6 217 222.2 229.9 236.7 242.6 248.7 254.1 258.2 260.2 261.2 259.9 257.9 255.5 252.9 249.4 245.9 242.6 242.6 242.1 238.5 238.2 235.6 232.5 227.1 222 218.6 216.5 211.8 206
316.7 330.5 328 325.3 322.4 317 310 304.3 296.8 290.4 284.4 281.6 274.1 267.5 262 256.8 251.5 247.1 241.6 236 231.5 226.5 222.2 216.8 212.2 213.4 214.8 208.7 207.4 206.4 205.9 205.5 204.7 203.9 203.5 202.2 200.2 198.6 198.3 197.7 197.1 195.2 196.8 197 198.6 202 206 209.2 213.5 217.1 224 231.1 235.9 241.4 247.8 254.1 256.3 258 258.9 257.7 256.1 254.3 252.1 250 246.9 245.6 246.9 246 243.5 241.2 237.2 233.9 227 222.6 219.1 218.1 211.5 205.4
295.4 304.3 303.7 302.9 301.7 297.4 293.2 290.4 287.9 285.3 282.8 279.4 275.9 271.5 266.4 263.7 258.3 251.2 241.6 237.6 237 235.4 234.3 232.5 228.3 223.3 212 210.7 208.3 208.1 207.3 205.9 204.7 203.5 202.8 202 200.5 199.3 198.4 198 198.4 197.3 197.8 196.3 204.1 206 208.2 212 216.8 223.2 228.6 230.9 235.6 241.4 247.7 251.3 253.9 255.9 256.7 255 253.8 252.2 251.1 250.2 249.1 250.5 251.9 248.9 246.4 241.5 236.3 232.9 226.9 223.3 220.8 215.9 209 205.2
270 275.6 279 280.6 277 279.9 278.5 279.2 280.6 280 280.4 280 279.6 277.9 277.3 275.1 270.7 258.6 248.8 253.7 253.3 252.8 251.2 250.9 248.6 238.4 225.4 221 218 210.3 206.8 205.6 204.4 203.2 202.5 201.8 200.2 199 198.3 197.3 196.8 196.1 197.2 199.1 206.7 208.3 210 212.9 219 223.6 225 227.1 231.7 237.3 244.2 247 251 252.8 253.2 252.5 251.8 251.2 251.3 251.9 252.8 255 253.5 251 248.1 242.3 237.3 232.8 228.4 224.7 220.6 216.8 211.4 205.1
