app/static/ascii/SN96.asc
ncols 200
nrows 200
xllcorner 290000
yllcorner 260000
cellsize 50
[rows 105 to 139 of 200, columns 78 to 155 of 200]
459.2 465.1 465.3 459.2 454.9 452 443.9 437.5 438.1 444.6 444 442.8 440.8 437.7 435.2 430.9 427.4 423.7 418 410.4 402.8 396.1 393.6 392.9 393.3 393.8 396.4 401.6 406.4 407.7 401.2 396.8 395 396 399.9 401.2 403.2 401.8 400.2 398.9 394.2 392.7 383.3 376.1 376.9 374.4 372.9 371.7 371.8 375.9 380.6 387.4 387.2 383 376 367.9 358.9 352.8 346.4 341.4 336.1 317.4 287.2 249.6 222.4 211.5 212.9 209 200.3 178.1 182 185.8 208.5 231.1 245.5 258 272.3 278.2
461.5 466.4 465.9 465.6 460.8 453 446.3 439.4 438 432.6 431.4 432.7 436.3 436.7 432.3 426.8 422.7 417.3 411.2 405.3 401.7 399.4 398.1 398.2 399.9 400.7 401.5 403.2 402.1 398 397.7 396.8 397.8 399.3 405.8 408.9 408.2 405.9 405.9 403.1 401.6 396.3 387 377.4 376 376.5 373 371.9 372.2 377.2 381.6 381.9 375.7 370.5 364.8 359.5 358.2 355.4 350.7 347.7 340.6 318.4 281.8 245.1 221.2 216.1 215.8 212.8 205.4 185 177.9 188.7 213.4 235.8 255.3 267.4 274.9 278.7
459.7 461.7 463.8 464.4 460.9 457.3 449.1 438.1 433 426.7 423.7 426.8 428.4 428.9 424.7 419.9 415.4 411.9 407.5 406.1 405.6 404.8 400.4 404.3 406 400.4 399.2 398.6 396.4 397.3 399.2 401.3 403.4 407.4 411.4 411.6 411.1 410.1 411 407.5 403.9 396.4 387.3 377.8 377.3 374.4 368.9 361.7 367.5 365.4 363.4 361.8 360.4 357.9 357.3 358.7 357.7 355.9 354.2 350.7 340.8 317.3 272.1 241.2 220.2 217.8 219 213.4 205.6 198.2 177.2 182.1 220.5 238.7 254.2 258.2 264.8 263
440.6 448.3 449.6 451 448.9 439.6 433.6 430.7 426.6 425.3 423.8 422.8 425.6 423.3 420.5 418.1 411.5 410 413.4 411.3 402.3 401.3 402.1 403.4 401 394.5 393.5 394.1 394.7 396.8 402.4 405.6 407 408.8 411.7 416.2 417.9 417.6 412.5 407.2 401.9 395.9 384.5 376.8 377.3 369.8 361.3 349 347.9 345.7 345.5 347.3 351.1 354.8 357 356.8 355.6 355.3 353.7 351.1 339.6 306.9 268.7 239.3 222.3 221.3 221.2 216 207.5 200.2 187.7 176.3 204.2 229.7 239.3 245.9 250.6 254.3
424.5 430.4 429 429.6 428.3 422.4 424.7 422.4 422.3 422.7 422.3 422.1 422.2 421.8 419.6 416.2 415.6 421.4 417.2 406.8 403.2 405.6 406.9 398.5 392.6 390.9 391 391.9 392.6 395.6 399.6 402.7 406.6 410.6 412.7 409.8 411.4 411.2 405.1 405.7 399.6 393.2 383.2 374.6 370.1 362.2 350.4 338.9 332.9 332.1 333.8 339 345.8 351.9 352.9 354.7 354 352.3 348.1 340.3 328.3 294.9 267.2 240.6 225.9 222.3 220.3 216.8 209.1 199.4 190.3 176.1 186.2 209 224 234.8 239.7 239.1
413.9 418.6 418.2 416.1 413.4 419.2 424.5 421.4 423 422.8 422.5 424.5 424.5 424.6 426.4 430.3 422.9 412.9 410.1 407.3 410.7 411.6 402.2 391.1 389 389.3 389.5 390.9 392.6 394.4 397.4 403.2 402.9 399.3 394.1 398 398.2 399.9 393.1 393.1 387.3 378.5 371.6 369.4 361.2 350.7 338.1 327.3 323.6 324.3 326.9 332.5 338.8 344 349.8 351.1 349 346.7 339.8 330.4 313.2 293.2 271.8 242.6 226.6 222 218.1 214.2 209.2 199.9 190 180 181 196.8 207.7 219.1 226.7 230.5
397.5 398.4 399.8 395.4 394.9 399.5 407.2 415.6 424.8 426.6 430.9 431.9 431.6 435 434.8 425.9 418.6 415.3 415.1 406.8 408.5 401.1 387.9 387.3 387.6 387.3 387.6 388.8 390.3 390 384 384.3 383.1 383.7 384.9 379.8 373.4 370.5 368.1 363.2 359.8 359.1 356.5 348.5 340.3 332.2 324 319.5 314.2 317.7 320.8 326.6 334.7 341.4 343.2 343.3 339.7 333.7 327.9 315.6 302.4 286 271.1 249.8 229.2 226.1 215.9 211.6 208.4 201.3 185.4 179.8 176 191.2 200.2 210.4 221.1 222.1
380.5 382.2 379.3 376.5 372.3 380.3 387.9 399.4 412.9 423.5 427.6 430.5 433.2 433.4 432.1 430.5 427.8 424.7 418.3 403.5 393.6 387.2 386.2 385.7 384.6 384.3 385.9 385.5 383.2 371.9 367 367.5 364.1 361.4 354.5 347.7 338.1 334.4 333.8 330.4 326.6 326.2 325.6 321.9 316.9 314.4 309 305.8 302.2 306.9 310.1 314.2 319.2 324 324 322 321.4 316.4 309.4 301.6 291.5 281.8 268.3 251.7 233.6 226.6 213.7 208.1 205 197.3 181.9 180.1 175.5 181.3 196.2 204.7 210 212.8
367.6 364.3 360.6 356 355 361.3 373.7 390.2 407.1 420.7 428 429.4 429.2 433.1 433.1 427 425.9 426.2 413.2 395.9 387.5 386.6 386.1 383.8 382.2 375.1 372.5 368.7 362 357.7 348.9 344.7 331.6 323.3 316.2 310 304.1 301.3 299.5 297.2 297.5 299.1 299 297.3 294.3 291.1 288.6 289 283.6 285.9 289.5 293.9 297.9 297.7 296.5 297.3 297.5 295.2 291.4 287.5 282.3 277.8 267.4 252.4 238.2 225 211.5 204.9 200.5 193.1 180.8 179.9 176.5 182.1 192.8 197.2 204.7 207.6
355.1 348.5 344 342 344.8 349.8 362.1 378.7 392.8 404 415.4 418.4 421.2 432 436.1 433.8 428.1 413.5 402.8 389.7 388.9 389.1 389.6 384.8 380.8 365.9 355.2 352.1 346.6 334.3 323.7 310.4 298 291.4 287.2 280.2 274.5 273.1 273.4 274.1 276.7 276.6 275.9 273.4 272 267.8 265.3 262.5 259.6 255.6 258.6 261.3 264.9 266.3 269.4 274.1 276.9 277.8 280.1 279.1 276.7 273.6 266.5 255.4 241.4 226.3 212.9 203.3 198.6 192 180.8 179.5 176.6 177.5 184.8 184.7 192.2 204.1
349.3 342.1 336.3 336 337.5 339.9 350.3 366.7 378.1 383.9 388.5 394.5 401.6 411.7 415.1 415.9 414 402.4 396 392.5 391.2 389.9 395.7 390.6 375.3 360.8 343 332.7 330.1 319.1 295.8 282.1 272 264.9 260.2 256.6 254.6 253.5 254.3 254.4 253.8 253.3 251.3 247.9 244.9 240.7 237.2 234.7 230.8 233.2 233.5 232.4 236.6 238 244.4 250.7 258.9 264.7 269.7 273.2 275.3 274.4 269.1 258.5 242.9 230.4 218.1 206.6 196.4 193 187.5 179.8 177.1 174.9 180 180.4 188.2 205.6
343.8 334.9 329.6 329.9 328.5 329.4 337.3 345.5 355.3 362.5 368.9 379.3 388.9 400.8 411 407.9 404.6 405.8 403.1 400.8 391.5 399.4 392 384.5 368.5 352.9 336.4 322.9 304.6 287 272.8 265.3 253.9 249.2 242.2 240.8 238.4 237.3 236.5 235.3 234 230.5 227.2 226 221.8 217.8 215.9 216.8 219.3 219.3 219.6 217.6 216.8 221.1 226.8 232.9 241.1 249.9 259.3 266.9 271.5 273.7 271.6 262.5 248.1 230.7 220.2 214.3 205.4 192.2 189.7 187.6 180.9 174.4 177.4 179.9 186.8 205.3
345 325.8 321.5 319.3 319.5 319.1 319.6 325.2 330.8 337.1 346.3 358.7 371.3 383.2 397.6 404.9 409.6 410.5 408.9 400.6 398.6 391.6 390.5 382 368.4 347 330.7 309.6 286.6 265.7 258.1 249 241.2 237.8 234.3 228.9 225 226 224.9 223.3 220.5 219.8 217.7 213.3 206.6 205.7 206.3 208.3 210.5 210.3 209.8 205.3 208.6 211.8 213.6 217.5 225.9 235.7 244.6 255 262.9 270.5 275.6 268 251.9 229.4 220.2 215.1 208.8 198 188.2 187.2 181.7 173.5 176.9 179.2 184.3 203.7
335.2 324.2 317.4 314.6 314.4 313.5 310.8 307.6 310.6 316.1 325.1 337.3 352.4 368.2 383.5 399.5 408.9 411.1 413.3 404.2 395.9 392.7 386.2 383.5 362.8 346.3 321.7 291.8 270.9 254.9 244 238 231.2 227.3 222.4 218.5 214.9 219 218.5 216 213.8 211.6 208.7 205.6 203.7 202.6 202.1 203.6 204.8 205.1 202.9 200.9 202.4 205.5 207.6 209 212.3 217.8 227.7 237.1 247.6 257.8 262.8 256 244 221.4 214.9 211.7 207.3 201.2 192.4 187.3 183.8 178.9 174.5 179 180.5 199.2
329.8 318.4 312.7 307.6 309.2 309.2 307.5 305.1 303.9 306.3 310.3 315 328.9 346.8 365.3 382.5 401.8 412.9 411.3 399.9 394 389.8 385.8 373.7 362.5 344.6 303.4 277.3 258.1 246.1 235.9 229.5 223.9 219.5 216.1 213.3 211 210.8 210.3 210 208.9 207.3 205.7 204 203.3 202.6 202.1 201.4 201 200.9 199.9 198.5 199.8 201.3 202.1 203.8 202.8 205.1 208.4 216.6 224.2 231.6 231.6 227.9 220.5 209.8 204.7 203.7 202.2 198.3 193.9 190.7 189.4 179.6 173.2 175.6 182.4 193.7
317.2 310 305.8 300.5 302.8 302.8 302.6 301.7 299.2 299.5 301.9 305.7 308.2 322.2 344.4 359 375.9 386.7 392.1 390.5 390.8 389.5 384.6 379 358.5 319.7 290.3 268.6 250.7 239.2 231.7 224.9 220.4 216.7 214.1 211.8 211.2 209.8 209.1 208.3 207.4 206.3 205.2 204.5 203.7 202.9 203.1 203.5 201.6 200.8 198.6 199.2 195.8 196.7 197 197 196.1 195.5 194.8 196.4 199.9 204 205.1 206.9 206.7 201.8 191.7 194.3 192.7 191.9 190.2 188.2 186.9 182.7 177.5 173 178.9 189.3
307.4 303.5 299.7 296.6 295.1 296.4 296.8 296.4 294.9 293.9 295.7 298.7 300.1 305.5 324.7 343.7 365.5 381.4 385.3 386.3 381.3 380.9 384.8 372.2 343.3 308 281.4 261.9 244.9 235.1 225.9 221.7 218.5 216.2 213.8 212.9 211.5 210 209.4 208.2 207.3 206.8 206 205.2 205 206.5 209.6 210.7 208 206.2 206.6 205.7 203 198.5 194.7 193.1 191.9 191.6 190.8 190.4 189.6 192.3 195 196.8 195.3 191.2 186.9 184.5 184.2 184 183.9 183.3 183.1 182.5 178.3 176.4 173.7 186.3
301.1 297.3 295.1 292.8 291.2 290.8 290.6 290.3 289.6 290.3 290.7 291.6 292.4 296.2 313.4 329 343.5 354.5 364.5 370.2 373.6 374.4 373.8 357.1 335.7 299.8 271.2 253.9 238.9 230.5 223.7 220.1 218.4 215.5 214 213.5 213.5 215 215.2 215.4 217.9 221 221 219.7 217.2 219.6 222.7 222.5 223.6 220.6 222.5 221.3 217.3 209.9 201.5 195.5 191.3 190.3 189.8 189.4 189.1 188.3 187.8 188.2 188.7 186.5 184 183.9 181.5 181.1 180.6 180.3 179.9 180.3 178.6 176.4 172.2 179.5
297.3 294.1 293.3 291.6 291.1 289.9 289.4 289.1 288.5 288 287.9 286.5 284.3 286.9 296.6 308.4 324.6 337.3 343.6 356.3 359.8 362.2 358.2 357.2 333.2 299.4 269.6 246.9 235.6 229.3 223.4 219.3 217.4 215.9 215.3 217.9 222 225.5 233.3 239.9 242.9 244.7 243.7 239 233 233.5 237.1 237.4 239.2 237.5 240.1 238.6 230 225.2 215.2 201.1 194.6 189.7 189.1 188.7 188.2 188 187.7 186.8 187.5 188.1 188.4 186.7 183.3 180.8 179.8 179.5 179.5 179.4 178.6 176.5 173.2 176.7
296.7 294.4 293.4 291.9 291.2 290.7 290.5 289.3 287.8 287 286.9 283.8 279.4 279.5 282.3 287.8 298.5 309.2 323.7 340.2 349.6 357 361.4 356.3 327.2 298.6 269.9 245.7 233.4 227.8 222.4 219.5 217.5 216.8 219.5 227.1 232 244.8 257.3 266.3 271.1 269.3 264.6 258.4 250.6 248.3 253.3 253.3 254.2 254.6 256.7 255.7 250.4 246.3 237.2 209.9 201.8 192.6 188.7 188.7 188.8 188.6 188.2 188 189.7 190.5 189.4 186.7 183.3 179.9 179.4 179.1 179 179.6 178.7 176.5 175.5 171.8
298.2 296.3 295.9 296.4 297.9 295.2 298.9 297.5 290.4 288.5 285.3 282.3 276.6 276.9 278 280.6 284.8 292.3 306.5 321 333.8 346 352.9 350 322.1 294.8 268.4 246 233.7 224.9 221.1 220.6 219.5 219.5 228.4 238.2 248.5 266.1 284.9 300.3 304.1 295.4 286.3 277 269.3 265.9 266.7 267.6 267.7 273.5 274.2 272.4 268.7 263.9 248.4 222.2 207 198.4 191.6 190.3 190.4 191.7 190.5 192.1 192.9 192.3 190.1 185.3 180.6 179.7 179.1 178.8 178.5 178.6 178.4 177.2 175.3 171.6
301.1 301 303.8 308.2 307.4 310.5 306.6 300.7 299.9 295.6 284.7 279.4 276.7 275.7 276.7 278 279.6 280.8 288.9 299.5 313 325.1 334.7 334.4 315.5 290.9 263.2 241 230.3 224.6 222.6 223 226.2 233.3 238.3 246.7 263.3 288.8 315 333.9 339.6 326.9 311.6 299.7 290.9 284.2 284.9 288.1 288 292.2 290.4 285.2 286.8 286.2 263 233.9 213.5 205.8 198.4 195 196 196.6 198 199.3 198.2 195.9 190.4 184.2 179.2 179.5 179.3 178.5 178.1 177.7 177.8 177.6 175.5 171.5
307.4 316.2 321 322.5 326.4 335.6 322.8 314.8 309.9 298 288.3 280.2 276.5 275.2 275.3 276.9 278 279.5 283.2 289.5 297.1 309.4 318.7 321.3 306.8 284.1 266.9 242.8 229.5 224.3 227 231.4 237.5 242.8 247.7 255.5 278.1 306.3 335.2 354.3 368.9 363 338.2 323.2 312.6 308 304.8 307.7 307.8 306.2 301 298.4 303.7 301.7 279.9 246.9 222.9 214 210.2 206.3 205.5 203.3 204.5 204.7 202.6 199 193.7 184.8 179.8 179.8 179.5 179.2 178.5 177.8 177.1 177.7 175.8 174.7
326.4 336.4 339.2 342.4 353.5 350.6 334.1 321 308.1 297.1 289.1 279.5 278.1 275.9 274.7 275.9 277.3 278.6 279.4 285.2 288.7 294.5 306.9 313.3 302.2 290.5 277.8 253.3 235.2 226.4 230.1 236 240.6 247.7 254.6 264.3 285.5 313.1 338.5 362.8 383.4 388.3 365.1 346.8 334.2 330 328.3 326.8 325.8 318.4 313.2 313.2 319.5 310.1 288.6 254.8 235.2 227 217.7 215.4 212 208.8 208.5 206.4 202.8 198.1 193.9 185.2 182.5 181.8 182.8 182.5 180.2 178.4 177 177.4 176.4 174.8
348.9 355.7 360 363.6 356.9 344.8 329.8 320.3 311.7 300.2 286 280.4 278.1 276.2 274.2 275 277.2 278.7 280.3 282.9 283.8 289.1 299 305.9 302.9 295 278.7 257.9 237.2 228.1 232 238.2 245.1 252.2 259.4 270.3 287.8 312.7 337.9 359.9 380.8 400.5 385.7 369.3 360.7 357 353.9 348.1 342 332.8 327.1 330.7 334 321 287.7 260.1 252.4 240.4 229.3 220.2 215.5 211.5 208.1 204.9 201.6 197.5 192.3 187 185.1 185.6 186.9 186.6 183.1 179.3 176.6 176.1 175.5 174.3
371.6 373.8 374.2 371.4 358 343.3 331.3 320.4 305.9 294.2 284.9 280.5 277.9 276.1 275.2 274.2 276.7 279.5 282.8 283.1 280 286.1 295.1 301.1 301.3 293.5 271.6 253 236.5 230 233.3 241.6 248.1 255.8 264.2 274.2 291.6 313.2 335 357.7 377.7 396.1 402.5 398.2 383.3 378.1 373.3 367.3 364.7 351.9 347 348.3 343.4 322 286.2 269.9 260.4 249 236.6 225.6 219.4 215.6 209.7 207 203.1 196.8 193 190.1 188.6 189.7 191.5 190.8 186.7 181.6 178.3 176.7 174.9 173.4
384.9 383.8 383.3 378.3 365.4 354.9 340.9 321 313.9 297.2 285.2 279.7 277.2 276.8 275.9 274.8 276.6 279.4 281 280.1 275.2 277.7 285.3 289 287.9 278.3 264.7 242.9 235.3 231.8 235.7 243.5 249.8 258.7 267.6 278 292.3 313.4 332.8 353.2 372.1 392 405.6 410.7 405.5 397.6 393.1 385.8 381.2 371.6 364.2 365 353.2 320.4 290.7 281.6 269.4 256.9 244.1 235.7 230 223.1 215.8 210.5 206.8 200.2 197.1 194.6 192 194.9 195.8 194.7 190.7 183.2 179.1 177.2 174.6 172.2
394.8 396.8 400 394.8 379.6 361.6 343.6 323.4 308.8 298.1 287.2 280.1 278.7 278.1 276.9 273.8 274.9 275.4 276.5 274.9 271.5 262.9 266.9 268.4 264.8 257.1 242.9 237.1 234.9 233.8 237.2 244.4 252.8 261.7 271.9 282.8 298.5 312.6 328.7 347.3 367.9 385.9 401.8 410.5 413.8 411.4 409.4 406.2 400.3 391.3 381.4 378.7 360.4 325.6 304.4 291.6 279.6 269 257.4 249.8 242.4 231.7 222.4 216.2 212.3 205.6 200.4 196.5 197.2 199.6 200.7 198.9 193.2 186.2 180.3 177 173.2 172
407.4 411 410 398.9 386.2 367.5 341 330 316.5 301.9 293.9 286.3 282.4 279.9 278.5 276.4 270.7 269.2 271.4 269.2 266 257.5 252.2 250.7 247.8 243.1 240.6 238.6 236.8 236.9 241 248.8 259.1 268.1 280.2 296.6 313 326.3 339 353.1 368.4 384.1 399.5 409.9 417.4 417.6 415.2 408.6 399.5 394.8 392.8 377.4 348.5 321.4 307.3 297.6 286.6 275.6 264.8 254.5 246.6 237.2 229.2 222.1 214.9 212.5 206 198.6 200.5 203.5 205 202.7 196.6 189.4 182.4 177.5 172 170.2
428.5 424.8 420.8 410.8 396 374.6 346.8 330.5 319.1 302.2 295.7 288.8 283.8 282.2 279.7 279.6 278.1 275.2 267.8 264.7 260.8 253.7 251.6 248.2 244.9 243.4 243.7 240.3 240.3 244.2 250.2 254.4 261.9 274.3 289.9 307.4 324.5 339.4 355.5 368.2 383.1 399.9 410.4 417.3 417.9 418.2 414.8 414.9 404.8 401.7 389.4 360.6 335.8 319.6 311.7 302.1 292.2 278.1 266 257.1 249.5 244.2 236.2 226.9 223.4 218.1 214.9 206.8 201.4 203.1 204.7 203.2 198.3 191.7 183.5 176 169 172
435.2 432.4 425.6 419.2 404.1 376.2 345.7 335.1 323.5 307.6 297.2 292 289.4 286.8 284.5 283.9 281.4 277.6 271.8 265.8 261.1 256.9 252.8 251.7 252.1 249.8 249.7 249.4 248.7 252.2 255.7 259.1 268.6 285.5 302.6 318.9 336.3 357.9 371.4 381.1 392.9 404.8 412.3 415.4 417.3 419.4 414.5 411.4 412 398.7 369.4 342.3 326.2 319.9 313.9 304.3 291.5 278.6 266.9 259.7 251.6 246.7 240.5 235.5 231.9 229 225 220 207.2 203.4 202.3 200 194.9 186.6 180.5 171.7 171.1 173.3
447.2 441.6 438.4 428.7 405.4 377.7 348.5 335.9 326.4 316.3 303 300.7 298.8 294.4 291.1 287.6 284.9 279.4 275.2 268.1 262.9 259.3 258.5 257.5 257.8 254.1 254.5 255 254.1 256.9 260.3 266.9 278.8 298.8 317.4 334.7 349.5 365 380.4 395 405.3 415.7 420.1 420.6 421.8 423.7 416.7 417.1 405.6 385.5 355.3 334.8 326 322.1 312.3 300 286.2 273.7 264.9 259 255.3 249.6 244.2 240.2 237.5 235.8 232.5 228.3 218.3 209.2 207.9 203.1 196.7 187.7 182.7 167.8 173.2 173.2
456.4 452.6 443.4 427.8 400.8 372.9 349.4 338 330 321 313.6 308.3 303.5 300.3 298.6 297 289.7 287.5 282.7 272.4 266.4 263.4 263.8 263.8 262.7 261.4 259.1 259.1 259.4 261.6 265.9 273.7 289 305.6 327.1 347.9 366.4 383.7 397.4 409.7 420.1 423.3 422 428 425.4 423.6 423.5 421.8 405.6 373.1 345.5 333.6 329.5 324.2 311.2 296.2 281.7 270.9 265.5 261.7 257.5 254.3 248.8 247.3 245.5 243.9 241.7 236.6 223.6 217.6 218 213.9 204.5 197 191.2 167.8 173.1 172.6
453.8 451.4 440.7 421.5 396.2 367.2 356.2 346.1 337.4 325.8 318 314.2 309.6 305.2 305.2 304.3 302.3 297.2 291.2 282.6 275.4 268 267.7 268.4 266.8 268.1 265.2 265.3 263.8 267.3 277 290.4 305.3 321.6 342.1 362.7 379.5 395 410.1 420.9 426.1 428.2 432 436.6 430.1 430.9 430 425.8 401.8 368.7 345.2 338 333.8 324.5 308.5 292.3 278.8 272.4 266.7 263.3 260.2 258.2 256 255.1 253.1 252.2 247 240.3 229 226.1 224.7 219.2 210.4 201.5 192.6 167.8 172.8 172.2
450.2 444.9 433.6 416 392.3 371.5 361.7 350.7 341 328 322.1 316.8 314.6 312.4 312.3 311.8 303.8 308.3 299.9 293.7 281.1 274.2 272.2 273.1 272.3 273.7 272.5 272.1 273.9 280 290.6 305.2 321.4 337 357.5 374.4 387.2 404.2 416.4 430.7 437 436.2 440.2 444.8 435.6 437.3 430.2 418.1 393 361.8 349.2 344.3 337.3 323.8 306.4 290.5 280.3 275.3 271.1 266.5 265.3 262.7 261.9 260.9 259.6 257.4 252.4 242.6 233.8 231.4 228.1 222 212.3 201.7 192.1 167.6 172.5 172.2
