app/static/ascii/SO00.asc
ncols 200
nrows 200
xllcorner 300000
yllcorner 200000
cellsize 50
[rows 70 to 104 of 200, columns 78 to 155 of 200]
206.1 207.2 206.9 206.5 206 206.4 192.6 178.4 175.3 173.2 173 173 172.6 166.7 173.1 177 178.5 180.1 184 187.3 178.3 180.6 182.5 191.4 190.7 194.7 206.6 218.6 222.1 228.3 234.9 240.4 240.4 240.5 250.2 251.8 252.9 252.8 252.3 253.3 255.5 255.1 254.8 257.4 269.2 277.9 279.3 284.6 293.6 302.4 310.9 319.3 325.5 328 327 315.9 302.3 290.5 281.1 271.7 254.4 229.9 231.1 280.8 300 307.5 325.8 337.8 347.7 361.8 379 381.5 392.8 389.8 393.2 388.5 389.3 389.3
207 207.7 207.4 206.9 206.2 206.6 197.9 182.6 179.1 173.6 172.7 172.3 171.8 170.5 172.9 172.8 177.3 185.6 190.5 177.5 178.8 180 187.1 190.5 190.8 194.9 207.4 218.5 221.8 227.2 234.3 239.7 241.4 241.7 246.9 252.8 254.3 254.3 253.6 252.9 254 254.3 254.9 255.6 264.9 277.3 279.8 285.1 291.3 302.8 310.4 317.9 325.3 331.1 328.9 322.2 311.1 300.9 291.3 281.1 272.6 255.5 259 294.7 298.9 322.1 341.1 354.8 369.4 374.8 389.9 395.7 388.8 382.8 388.4 384.8 384.8 383.8
210.4 205.5 205.8 206.1 202.9 200.8 196.1 190.5 182.7 176 173.5 172 171.2 170.5 172.5 173.2 179.4 181.5 174.8 177 178 178.9 187.5 190.4 190.5 192.8 217 220.5 221.7 227.4 232.8 238.1 241.4 241.7 242.5 253.9 255.4 255.7 255 254.5 254.2 254.4 255 259 266.9 276 279.5 284.8 288.4 301.8 309.3 317.1 324.6 331.6 333.3 332.3 321.2 311.1 303.1 293.4 283.6 276.8 285.5 302.8 337.3 357 367 372.6 373 373.9 393.8 390.7 382.8 387.2 385.8 382.9 381.2 378.7
209.7 206.6 204 204.5 205 203.7 200.3 192.9 187.2 182.1 173.8 172.3 171.2 170.7 166.5 171.5 173.5 174.4 174.8 176 177.2 178.4 183.2 187.6 190.2 191.1 210.7 219.5 221.6 218.8 229.7 235.2 238.9 241.9 243 251.5 255.6 254.9 255.5 255.8 257.3 257.1 259 263.9 265.9 274.4 278.9 282.5 285.8 300.9 306.9 313.2 320.4 327.9 335.1 334.1 331.3 320.5 312.6 305 296.8 290.9 295 329.7 365.7 374.7 374.8 376.3 374.5 373.2 381.3 391.6 389 386.1 383.5 382.1 383.4 381.1
206.6 210.2 205.9 210.8 212.5 212.7 212.2 199 195.9 187.1 178.5 173.6 171.5 170.6 170.5 170.4 171.7 173 174.3 175.2 176.2 177.3 179.7 185 186.3 189.1 204.5 211.6 218.7 218.8 220.6 231.8 237.3 240.1 242.8 243.7 245.1 251.5 251.5 251.2 256.9 258.9 263.3 264.1 265.8 272.6 277.2 281.3 282.9 298.7 304.3 309.6 316.9 324.8 332.6 336.1 335.5 330.8 321.2 314.6 307.6 301.5 306.7 347.1 372.6 374.8 377.9 377.3 375 373 372.3 386.9 387 384.9 383.7 380.4 377.9 377.3
209.4 205.6 209.7 209 212.4 212.7 213 201.2 197.2 195.9 190.3 176.5 171.7 170.2 169.8 166 169.6 171.2 172.6 173.6 174.7 175.9 177.9 181.4 183.6 186.9 200.8 209.1 222.8 222.1 228.7 231.5 234.7 238.2 241.1 243.1 244 249.6 250 249.8 249.6 249 260.9 265.4 266.9 270 274.8 279.2 280.4 286.8 299.5 306.2 313.8 320.8 329.5 335.9 337.1 335.9 329.5 323 318.3 319.7 321.2 348.2 366.1 381 382.6 380.9 372.8 371.7 373.1 371.1 380.5 379.7 381 377.6 375.7 374.6
212.2 207.7 208.5 211.6 211.9 212.3 212.5 203.4 198 196.8 194 184.6 175.2 170 169.2 168.4 168.6 169.9 170.9 171.8 172.6 173.3 175.6 178.3 181.5 186.3 197.1 207.8 219.5 221.7 226.7 229.5 232.5 235.3 237.5 239.4 239.6 249.2 249 248.8 248.6 248.5 260.6 264.6 265.7 268.2 272.3 276.3 278.8 281.1 295.7 303.5 310.3 317.4 324.4 331.4 335.5 335.7 335.6 331.4 324 324.1 325.2 341 362.1 375.8 383.1 383.3 373 373.4 375.1 379.2 372.6 370.1 378.9 376.8 374.7 373.4
213.7 207.9 205.1 208.3 210.9 211.7 211 201.6 196.9 196.1 195.3 183.6 174.6 170 169.3 168.5 165.5 168.8 169.5 170.2 170.9 171.2 172 172.8 178.7 184.9 192.7 206.4 211.6 216.7 223.8 227.8 230 231.9 232.9 234.1 235.8 248.4 248.1 248 248.2 254.1 256.5 261.5 264.2 266.9 270.9 273.7 281.5 282.4 289 301.2 306.3 312.3 318.8 325.2 329.7 332.7 335.6 335.8 331 327.2 327.7 332.6 354.4 362.3 375.3 376.8 368.2 367.5 371.7 373.2 374.7 377.3 369.6 370.6 373.1 371.5
213.4 207.6 205.8 205.1 207.8 209.6 208.1 201.6 195.4 195.4 185.9 184 182.9 170.4 169.6 168.8 165.3 168.4 168.9 169.2 169.2 170.7 171.8 175.5 175.3 178.4 192.9 205.4 211.7 215.6 219.1 223.3 226 228.6 229.7 230.8 233.3 241.7 247.4 247.6 247.7 255.3 256.3 257.5 261.2 266 269 274.8 281.6 282.3 286.8 297.4 301.6 306.1 313.6 318 320.2 325.1 328.6 332 329.2 334.3 343.2 345.8 351.6 353.7 359.3 359.8 361.1 361.3 365.3 370 365.4 361.3 364.1 370.4 370.1 370
222.1 208.9 206.7 204.6 206.5 206.1 204.2 197.3 190.7 187.9 186.5 185.1 184.4 170.4 169.9 169.3 162 167.5 167.8 168 168.3 168.8 171.3 174.9 173.8 179.5 192.1 199.6 206.2 215.8 215.5 218.7 221.7 225.3 227.8 230.5 232.3 239.8 242.3 246.6 244.4 245.9 253.7 255.2 259.4 263.5 265.9 278.1 280.6 282.3 282.6 287.1 287.1 301.5 307.7 310.2 310.2 314.7 320.4 322.7 324.2 326.9 330.9 338.1 337.3 341.1 348.1 351.6 352.3 356.7 359.4 364.7 369.9 371.7 372.1 372.4 367 368.1
222.5 214.8 207.4 205.4 204.1 204.6 202 194.7 192.2 189.5 187.6 186.2 186 185.8 182 170.4 162.3 166.8 167 167.3 167.6 168.6 170.3 173.8 172.2 180.3 191.2 197.2 202 204.9 213.9 215 218.2 222.5 226.3 230.1 232.1 239.1 240 241 243.5 242.9 248.1 252.7 256.2 261.3 266.3 274.8 278.5 279.9 283.6 284.9 286.9 288.7 299.6 298.8 305.2 308.9 315.1 318.2 320.8 322.7 328.4 328.3 332 337.2 341.8 348.2 350.1 353.5 357.2 361.9 367.7 370.3 371.3 369.3 367.7 365
223.6 218.2 207.3 205 203.9 203.5 203.1 196.9 194.6 193.2 190.4 187.9 186.9 186.6 185.1 172.4 166.4 166.2 166.3 166.6 166.9 167.3 170.2 168.5 172 180.6 186.7 190.2 197.9 202.1 207.8 212.7 216.4 220.7 224.1 228.2 231.3 234.3 237.6 239.2 239.7 240.9 246 250 253.6 259.1 267.3 269.7 272.7 279 284 285.5 287.1 288.8 291.4 294.6 297.8 301 304 307.4 316 324.2 330.1 334.5 337.1 336.4 343.2 353.2 356.2 359.6 359.3 363.1 367.3 367.3 367.3 367.3 365.6 363.3
224.1 219.6 206.6 204.9 203.7 202.5 202.7 200.2 196.3 194.2 191.5 188.6 187.3 187.7 186.7 173.6 167.5 165.8 165.9 166 166.2 165.8 165.7 165.9 169.5 176.2 181.8 186.8 191.2 198.6 204.4 212.8 217 221.4 223.7 226.4 229.6 232.6 235.9 237.6 237.2 238.3 241.9 246.8 250.8 255.4 259.6 270.2 273 276 277.9 277.7 286.3 287.1 290.5 292.6 295.9 298.5 299.7 310 321.7 332.2 337.1 339.9 345.8 348 351.5 361.7 364 364.2 366.1 369.7 367.3 367.3 365.9 364.3 363 362.3
225.3 226.9 206.5 205.7 204.7 202.5 200.1 201.8 195.5 194 191.6 188.9 187.7 188.6 187 174.6 171.3 165.6 165.8 165.9 165.5 165.2 164.8 165.7 170.5 171.2 177.7 182.6 189.4 195.8 202.6 210.8 217.2 220.7 222.9 225 227.8 230.9 234.1 235.9 235.1 236.2 239.2 244.6 248 252.8 259.6 269.8 272.6 274.6 277.3 272.6 280.9 280.1 284.4 291.5 293.7 297 301.7 305.9 322.1 331.6 335.8 338.5 344.4 350.7 356.9 363.5 369.9 369.1 372.2 376.9 372.9 369 364.2 362 360.6 376.5
229.8 229.3 209.7 206.4 205.3 201.2 197.2 197.8 192.6 191.8 189.5 187.4 187.8 189.1 187.7 176 171.5 160.4 165.7 165.4 165 164.9 164.7 164.9 170.1 170.6 170.9 178.9 186.2 192.9 198.9 207.8 214.1 218.6 220.9 222.9 225.2 229.2 233.3 233.9 232.5 234 236.9 242.2 248.5 249.7 254.8 268.6 267.2 265.2 264.6 265.2 274.1 279.8 286 289.7 294.2 299 302.9 306.2 314.6 320.6 319.9 328.8 338.3 353.3 360.6 365.4 372.6 373.3 375.6 378.1 375.5 371.2 364.1 359.1 378.2 393.3
229.8 230 223.8 215.8 206.8 202 197.9 196.3 195.1 188.1 187 186.3 187.4 189.1 188.9 178.9 172 169.3 165.4 164.8 164.4 164.3 164.4 164.5 164.8 170 170.3 175.2 182.7 189.5 194.8 203 209.3 215.1 218.1 219.2 221.7 226.4 230.6 230.6 230.5 231.8 234.8 239.2 245.2 250 254.6 255.1 253.2 253.8 263.9 273 279 281.2 286 289.4 292.8 297.5 301.7 305.9 310.2 319.7 321 333.4 341.6 354.1 362.6 366 374.7 375.1 374.7 374.4 373.9 368.8 360.6 369.7 389.4 405.3
230.7 231.1 229.5 223.8 208.6 203.5 199.6 196.2 194.3 188.7 187.4 186.5 187.1 189.3 189.2 184.4 173.3 170.7 166.3 162.2 164.7 164.4 164.1 163.7 163.7 169.7 170.1 177.8 182 194.2 194.2 197.5 205.4 211.9 214.7 214.9 218.1 222.5 226.1 227 227.9 230.2 233.1 237.1 241.8 248.5 249.8 240.6 251 260.4 266 274 277.6 278.7 281.9 286.7 291.7 296.6 300.2 306 314.6 318.6 330.2 338.2 349.2 355.6 364.5 367.5 373.2 375.4 375.1 371.7 368.8 364.4 358.8 375.1 390.2 392.6
228.5 223.1 219.8 213.3 216.6 204.4 201 198.2 195.9 192.5 187.7 186.5 187.3 189.5 189.7 187.8 174.7 170.7 170.4 168.3 164.3 158.8 164.3 163 162.3 163.1 164.2 171.1 179.3 181.7 193.9 195.7 202.6 207.7 210.9 210.8 214.3 218.4 222.6 224 225.4 227.3 230.3 234.4 237.7 234.4 235.6 248.8 255.5 259.8 268.4 271.9 271.4 276.6 283.6 289.4 294.2 299.3 304.8 314.9 321.2 329.4 336.4 339.6 350.6 358.8 361.4 367.1 370.6 373.2 373.4 369.9 367.5 363.3 357.8 370.7 369.8 367.6
235.6 233.5 220.2 217.6 217.5 204.4 201.3 198.8 196.2 190.7 190.3 186.3 186.3 188.2 189.5 186.2 175 171 170.6 169 167.9 165.6 164.6 162 162.4 164 163.8 166.7 172.2 179.3 194.1 199.2 201.1 201.6 205.8 208.2 211.8 217 220.8 221.6 222.4 224.8 229.2 234.6 233.3 236.9 243.6 250.3 256.9 262.4 266.1 268 272.4 276.5 287.4 293.4 296.8 301.5 312 318.5 331.7 339.6 345.8 352 357.3 360.3 362.4 365.6 368.8 370.9 371.1 368.5 366.8 362.8 356.5 355.9 349.5 346.8
222.3 217.9 214.7 211.7 206.5 203.7 201.8 199.8 197.5 194.7 189.6 186.7 185.9 185.6 185.4 176.2 172.5 171.1 169.8 168.9 167.3 166.2 165.2 160.7 162.5 164.5 164 164.8 168.1 172.7 187 198 200.9 198.9 202.8 206.8 210.4 214.8 219.2 220.2 220.4 222.5 226.3 234.8 233.2 233.4 241.3 252.2 257.3 261.6 267.2 269.8 273.3 279.4 285.8 292.2 298.3 305.2 314.1 327.4 332 340.6 347.6 350.8 357.5 358.4 362.5 367.5 371.1 370.3 367.8 366.6 365.4 361.6 357.3 352.6 348.6 340
230.9 220.3 219.9 218.7 217.6 214.4 202.8 200.4 198.9 199 189.7 188.2 185.1 183.7 183 181.9 173.4 173.1 168.4 167.7 166.5 165.7 165.4 164.8 158.4 165.3 164.6 162.6 163.7 169.3 174.9 194 195.7 195.3 201.9 204.9 207.7 211.4 217.3 218.4 216.2 218.9 225.7 233.1 233.3 234.5 240.7 254.3 256.1 264.6 268.4 271.3 276.5 283.1 288.2 290.8 299.2 308.9 321.7 326.6 330.9 338.7 347.4 355.2 356.7 357.6 362.3 368.8 366.8 365.4 365.9 364.9 363.9 361.1 356.3 351.9 348.2 345.7
235.7 234 227.7 222.7 215.1 211.6 206.8 202.3 201.2 201.2 194.2 187.8 186.2 184.1 182.6 182.1 177.6 177.5 177.2 167.9 166.8 165.6 165.5 164.9 159.1 161.8 166.3 162.7 161.9 162.6 172.3 187.8 189.9 193.8 198.7 202.2 204.8 209.6 213.9 213.6 211.2 212.5 223.6 231.5 233.3 234.2 242.8 247.7 253.5 262.8 268.3 272.4 276.6 280.7 288.2 293.8 302.3 310.7 322.5 324.8 329.8 336.1 343 352.7 356.2 356.7 358.8 359.1 358.8 360.9 361.9 363.1 362.5 360.7 356.7 351.2 347.3 344.5
238.4 236.8 235.7 234.6 220 215.5 210.6 205.9 201.6 201.3 197.5 190 186.3 186.1 182.9 179 178 177.5 177.4 168.7 167.4 166.2 165.4 165.6 164.6 161.2 168.2 166 162.8 164.6 169.8 180.2 188 189.8 194.5 199.2 203.1 206.8 209.6 206.8 210.9 211.7 224.8 230.2 234.3 239.6 244.3 248.8 254.8 260 265.8 269.3 273.8 280 285.7 291.4 305.2 309.2 319.5 322.8 326.7 327.5 337 345 350.7 351.6 352 352.3 353.2 355.3 356.2 359.7 361.6 360.8 359.9 355.8 348.2 343.5
243.9 239.3 238.9 231.6 224.2 219.7 215.4 211.3 209.1 198.9 198.2 195.2 189.5 184.6 186.1 180 178.3 177.9 177.6 170.4 167.4 166.4 166.1 165.8 171.9 157.9 161.6 166.1 165.9 163.5 167.5 177.6 186.7 188.2 191.5 196.2 200.3 202.7 200.9 204.9 210.4 214 226.4 232 235.3 240.8 244 251 255.1 257.7 260.9 253 270.6 279.9 275.1 291.8 299.3 312.3 316.2 319.1 322.6 324.7 332.8 337.2 342.6 344.8 345 344.9 345.5 348.1 350.7 357.8 361.9 363.5 365.1 363.8 354.9 344.4
248.8 243.3 238 232.9 227.4 223.9 219 215.2 215.1 202.5 200.4 197.9 192.3 186.8 183.1 186.1 183.6 178.6 177.8 171.7 167.2 167 166.5 172.3 172 163.7 160.4 166.9 165.7 165.3 164.4 170.5 185.8 186.6 191.1 195.3 198 197.4 193.6 204.6 209.5 215.3 226 231 234.8 238.4 240.4 248.9 251.5 252.9 252.4 262.6 270.6 273.7 275.9 284.9 296.2 306 309.6 313.9 317.2 321.4 325.4 330.7 335.6 338.3 337.6 340.1 339.7 342.7 348.6 358.6 366.6 372.1 371.5 368.5 362 351.1
253.4 249.3 243.2 235.9 229.7 226.9 222.5 217.2 215.4 208.3 201.8 201.6 195.3 189.2 189.6 184.1 180.9 178.6 178 174.7 167.8 167.5 167.3 173.2 166.8 159.9 154.8 159.2 165.2 163.3 164.2 168.9 178.4 183.1 187.4 192.3 194.6 193.4 193.2 207.8 209.2 215.9 224 228.8 233 235.7 237.3 241.8 240.2 248.7 255.4 256.6 263.6 272.2 277.1 282 292.2 300.4 304 308.5 313.2 315.3 318.8 322.2 327.7 330.2 329.7 332.4 334.8 340.3 353.4 362.4 373.3 377.2 375.2 370.3 365.5 358.1
259.3 254 248.1 239.9 232.8 227.6 222.1 217.5 214.5 208.8 205.5 203.5 196.3 191.8 188.8 183.5 178.8 179.3 177.8 177.4 174.2 172.6 174 169.5 161.8 159.3 158.4 160.3 163 163.5 163.4 168.2 175.7 178.9 184 189.5 189.6 185.3 195.4 208.1 209.5 217.1 222.1 227.8 231.1 234 233.7 231.8 236.2 248.8 254.8 256.8 265.1 266.4 270.2 279.5 285.2 294.7 296.6 302.6 306.1 310.6 311.9 317.1 320.8 323.1 323.7 327.8 333.5 345.6 357.2 373.1 378.6 380.3 378 374.2 367.6 359.5
264.7 259.5 253.3 244.2 237.2 229.5 222.8 219.2 215.1 209.8 206.4 204.6 198.4 194.9 190.1 184.5 180.4 179.2 178.1 176.4 174.5 167.9 174.8 161.6 159.9 159.3 158.5 154.8 159.6 163.3 163 165.5 170.4 177.3 182 184.2 182.2 186.5 199.3 208.3 211.8 218 221.7 226.6 229.7 232.1 232.9 240.1 244.8 248.2 251.8 255.7 260.5 264.1 266.5 271.8 285.1 288.2 290.5 294.3 299.8 305.2 308.4 310.9 315.7 318.2 323.6 327.7 338.7 352.9 373.4 381.9 386.9 386.5 382.8 377.7 370.6 364.6
271.2 265.8 258.2 251.4 244.2 236.7 229.2 223.9 221.8 212.1 208.1 205.8 203.7 197 197.1 188.2 183.7 182.5 179.8 176.5 175.2 173.3 166.6 160.2 158.5 157.4 157.9 158.4 159.6 161.6 163.4 163.2 166.6 174.4 177.1 179 179.5 189.4 202.3 209.2 212.3 215.8 221.6 225.5 228.7 228.2 234 238.7 244.5 246.9 248.9 251.6 256.8 261.3 263.5 269.1 276.9 282.4 285.8 289.5 297.1 300.4 306.2 305.7 310.1 318.2 322.8 329.3 344.2 366 380.1 386.8 390.8 391 386 380.2 374.3 368
276.1 270.1 263 255.7 248.4 242 234.3 227.5 223.1 218.4 210.5 207.3 201.3 207.9 201.8 191.7 189.7 186.7 182.3 178.2 174.6 178.2 167.4 161.2 158.5 156.9 158.3 158.5 153.8 160 163.2 163.1 164.3 167.6 171.1 178.9 183.7 192.2 202.1 208.1 210.7 214.4 221.1 225.8 228.8 227.6 226.1 234.7 241.6 244.2 245.9 248.7 253.6 257.8 263.3 265.9 271.5 276.9 280.1 284.2 288.8 293.4 297.6 303.8 308.2 315.3 321.6 333.1 348.8 369.4 380.9 389.4 393.4 392.3 387.9 384.3 381.7 373.3
284.1 274.4 270.2 259.8 253.5 247.3 239.4 232.2 226.5 222.2 213.5 208.9 211 209.6 206 193.5 190.5 187 182.9 178.7 175 174.3 168.9 165.4 159.8 158.5 158.6 158.5 158.2 159.1 162.5 162.1 162.4 168 175.3 181.3 187.7 194.1 200.6 206.2 209.8 211.6 220.6 225.1 228.5 227.4 224.7 231.8 238.1 240.3 240.4 245.2 250.5 257.2 259.9 262.1 267.8 271.7 273.3 282.6 288 294.1 299.3 303.6 306.9 311.6 320.1 335 354.6 371 381.5 390.7 394.6 392.7 388.3 384 378.3 372
282.7 276.1 271.9 266.5 257.5 250.8 244 235.8 229.3 223.4 216.4 212.1 213.3 211 207.9 200 190 186.6 182.5 178.3 174.9 172.9 171 167.3 161.3 160 158.9 158.6 158.3 152.6 158.6 161.6 161 168 178.6 183.1 189.2 195.2 202 207.7 210.1 213.1 219.7 223.4 225.6 226.1 223.5 229.3 233.7 232.9 236.1 241.3 246.5 253.3 255.8 253.9 263.1 270.6 275.7 282.1 286.5 292.7 297.2 302 307.2 312.7 324.1 338.6 358.4 372.2 382.2 392.1 393.1 392.1 390.9 387.5 382 374.5
290.3 277.2 274.4 268.2 259.9 252.6 246.8 238.5 232 226.6 219.5 220 212.9 207 204.4 205.2 189.1 186.4 183.6 180.2 176.6 173.6 173 168.9 163.9 160.5 159.1 158.3 158.3 157.1 157.6 161.8 161.8 166.5 179 183.9 190 196.6 206.5 209.1 209.6 214.4 219.7 220.8 222.1 222.5 220 226.6 230.7 230.1 232.5 237.7 243.8 245.9 251 257.1 263.6 268.7 274.9 279.6 284.2 289.7 296.3 301 306 313.8 326.4 343.4 361.3 372 381.9 389 390.5 390.7 389.8 388.2 385 378.8
290.2 283.2 275.9 269.1 261.7 254.5 248.3 241.7 234.6 227.2 221.3 216.5 207.1 202.7 201.4 204.6 191 186.7 185.1 183.6 180.3 174.9 172.3 169.9 166 160 159.2 158 159 159.3 156.7 162.3 162.5 164.3 177.6 182.5 191.6 201.4 208 208.5 203.2 216.5 220.5 220 219.4 219.7 219.5 228.2 228.6 228.4 228.7 234.3 237.8 242.9 250.8 257.1 262.2 266.4 273.3 277.1 282.1 290.9 295.7 300 307 319.8 330.9 349.5 363.6 372.1 382.9 386.6 389.4 389.4 389.1 386.9 383.7 379.3
291.1 285.4 278 270.3 262.3 254.2 248 242.1 236.5 229.8 222.7 214.2 207.7 202 201.8 204.4 198.2 185.7 183 180.8 178.9 173.7 172.3 171 167.7 159.7 158.7 158.1 157.6 162.6 151.5 162.4 163 162.2 175.6 182.6 191.8 209.5 207.4 210.1 197.9 216.7 217.9 219.4 218.8 218.3 225 228.2 229.5 227.7 227 228.2 232.4 240.5 246.7 251.1 259.4 265.4 270.6 276.9 286.1 293.5 297.6 302.5 314.1 325 342.1 357.1 367.3 375.4 382.6 385.2 386.9 388.1 388.3 386 383.1 380.1
