app/static/ascii/SO04.asc
ncols 200
nrows 200
xllcorner 300000
yllcorner 240000
cellsize 50
[rows 105 to 139 of 200, columns 0 to 77 of 200]
436.7 432.4 429.8 429.2 428.5 427.5 425.9 425.4 422.9 418.3 414.8 409.6 405.6 406.2 404.4 400.5 395.7 390.3 386.1 380.9 371.3 361.4 364.5 358.5 358.5 358.6 356.3 351.2 352.1 350.1 355 366.4 371 370.5 374.8 373.3 378.1 383.2 385.7 385 391 397.9 404.8 404.5 408.1 413.5 414.6 410.9 407.1 405.5 405.9 407 411.1 412.3 412.9 415.5 419.4 419.3 416.3 414.3 415 415.7 416 416.6 417.3 417.5 418.3 419.6 420.6 423.8 425.7 426.9 425.8 423.5 420.6 418.5 413.4 408.4
435.6 433.9 431.8 429.9 429.9 428.8 426.6 425 421.6 417.6 413.7 408.1 404 402.9 402.2 400.1 395.7 391.3 385.1 371.7 377 379.4 370.1 370.8 368.1 366 365.5 363 360.1 358.4 360.2 368.5 373.5 374.8 374.7 376.4 375.2 382.5 386.6 387.6 388.7 395.1 403.1 403.4 404.4 410.3 413.1 408.6 404.5 404.6 407.6 407.6 410.1 410 410.6 413.2 416.3 417.1 414.7 411.9 412.8 414 414.9 416.8 418 417.6 416.8 417.2 418.7 421 423.3 424.1 424.9 424.4 423 420.2 416.4 408.2
428.3 429.3 430.8 430.5 429.9 429.3 427.2 425.4 422.1 417.1 414.5 409.7 403.5 400.5 399.8 398 395.6 389.3 388.4 384.7 384.1 381.5 378.3 379.8 380.7 376.2 373.4 371.1 367.2 363.4 364.4 368.5 373.9 376.3 374.5 374.5 374.3 380.3 386.2 387.5 386.6 391 399.8 404.8 401.9 406.6 410.4 406.3 402.7 401 407.8 410.8 409.4 408.9 409.7 411 413.2 414.3 412.9 409.6 410 411.2 413.3 415.5 416.8 415.7 414.6 414.8 416.9 419.1 421 422.3 422.3 421.9 421.6 420.1 414.8 406.7
419.9 422.2 428 431 429.4 429.7 429.4 427.2 423.6 419 415.5 410.8 404.9 400.1 397.2 395.7 395.2 393.6 391.3 386.7 388.8 386.9 385.2 388.4 388.7 386 381.8 377.8 374.8 368.7 371.7 368.9 373.1 377.4 375.4 372.5 371.3 376.5 384.7 386.8 384.9 388.1 395.9 403.8 401.8 401.8 404.2 402.9 400.3 398.4 403.4 410.3 410.6 408.1 407.7 409.1 409.6 410.4 410.5 406.9 407.2 407.5 409.4 411.7 412.1 412.5 412.4 412.8 413.9 415.6 418.5 420 421.7 421.5 419.3 416.3 410.4 404.3
413.9 414.9 421.1 425.8 424.7 428.8 431.4 429 425.3 420.8 417.1 410.5 405.1 401.3 397.8 398.1 398.1 395.6 393 392 393.9 393.5 391.1 393.4 395.4 393.1 388.8 383.9 380.1 374.9 375.9 374.4 369.8 373.7 372.5 370.7 368.7 372 380.9 385.6 382.9 384.1 392.2 401.1 401.5 397.7 399.7 401.4 399.8 397.3 400.3 406.2 408.6 407.6 406.2 407 406.7 407.6 408.1 405.3 402.6 403.4 404.9 406.8 406.9 407.1 407.4 407.8 409.2 411.9 414.1 417.1 420.3 419.3 419.6 415.2 404.4 400.8
407 411.3 420.2 421.9 423.1 425.4 430.3 430.7 427 422.6 417.4 410.5 404.6 401.1 400.7 401.4 400.2 397.8 396.4 395.3 398.3 399.2 397 395.1 397.4 398.2 393.6 389 382.7 377 375.7 377.7 372.8 369.7 369.6 370.4 369.6 367.6 375.5 383.7 383.1 381.2 386.7 396.1 399.6 395.3 397.2 402.5 400.2 397.5 398.2 403.8 407.6 407.8 407.6 405 404.4 405.3 406.5 404.8 399.8 399.5 401.1 402.2 401.7 401.8 402.7 404.1 406 408 411.1 414.3 417.5 420.2 421.3 416.9 407.1 398.6
403 406.3 415.1 419.1 421.6 424.5 427 429.8 430 424 418.6 413.4 408.6 403.3 403 402.3 401 400.2 399.6 398 401.3 404 402.1 400.2 399.2 399.7 397.2 392.8 385.4 378.4 376 376 375.2 367.6 368 368.5 370.4 365 369.7 377 381.3 376.5 381.9 390.9 396.1 393.5 394.7 400.6 402 397.3 396.9 403.6 407.5 409 409.6 407.4 404.4 403.7 403.6 402.6 397.8 396.4 398 399.5 399.1 398.8 400.1 401.2 402.9 405.5 408.9 411.5 414.7 415.9 417.7 417.3 408.3 399.7
399.8 401.4 412 417.9 421.7 425 430.8 430 430 424.8 420 417.6 413.5 408.3 405.8 403.5 402.6 402.1 401.7 401.5 403.5 406.3 405.7 403.3 402.4 401.4 399.5 394.4 386.6 379 376.7 374.3 374.1 367.1 360.8 364.2 369.5 364.4 364.1 368.5 373.9 371.8 377.2 386.4 393.1 391.5 392.9 397.7 400.5 397 395.7 402.8 408.7 410.2 410.3 410.9 408.6 406.6 403.2 399.7 396.7 394.7 394.9 396.4 396.7 396.9 397.3 398.4 399.9 402.7 405.9 410.2 415.1 416 414.6 414.5 411.6 403.5
396.5 400 408 415 419.3 424.1 429 429.8 427.4 424.3 420.7 420.7 416.4 413.1 409.3 406.2 404.7 403.9 403.5 402.6 403.9 406.8 410.2 409.4 405.6 404.4 402.9 396 388 380.8 376.7 372.1 371.3 365.9 360.2 358.9 366 367.1 359.6 362 366.6 366.9 373.6 382.5 389.2 390.1 391.4 395.8 399.1 397.1 395.1 401 406 408.5 410.3 413.2 412.3 410.1 407.3 401 396.8 393.9 391.9 393.1 394.4 393.9 394.1 395.4 396.7 399 402.4 406.6 411.2 414.2 413.5 412 412 410.4
394.6 397.9 405.4 411.9 416.3 420.6 425.4 428.7 425.1 422 419.3 417.9 415.6 413.7 411.7 409.5 407.9 407.2 404.8 404.3 404.8 407.3 411.3 411.4 410.6 407.4 404.2 398.2 391.3 383 379.4 374.5 368.5 363.1 359 357.5 359.3 362.4 358 355.9 359 361.8 370.3 378 387.3 388.1 389.9 394 397.7 398.5 393.6 400.4 406.9 407.6 409.2 412.6 414.4 412.1 410.2 405.3 399.6 394.7 391.7 389.5 391.6 390.9 390.6 391.8 392.7 394.3 398.2 402.6 407.1 410.4 411.3 410.6 410 409.8
392.9 396.3 399.7 408.1 411.2 414.9 421.5 424.2 422.5 419.8 417.7 416.5 415.2 413.8 412.1 411.4 410.1 410.7 409 405.2 405.7 410.3 411.5 411.6 411.1 407.6 405.5 398.6 390.2 385.7 382.7 375.7 369.5 364.9 359 357.6 356 355.6 356.1 353.1 353.6 356.9 363.2 372 381.8 382.8 386.3 391.9 394.4 396.4 392.4 398.2 404.9 408.1 407.6 410.6 411.9 412.6 411.6 408.5 403.8 398.1 393.6 390 387 387.2 386.7 387.8 388.8 389.2 393.7 398.7 403.2 407.6 411.3 410.8 409.5 406.9
391.4 394.3 395.5 401.9 405.4 409.6 416.3 419.9 417.4 416.9 414.6 414.7 414.8 413.6 413.4 412.6 412.3 413.8 413.2 408.8 406.9 413 413.2 412.8 411.3 406.8 404.1 402.2 392.2 384.2 382.8 375.9 369.1 364.3 360.2 357.3 354.9 355.4 353.9 352.8 351.8 352 356 361.4 367.1 369 380.6 389.3 390.3 391.1 386.9 394.8 401.8 405.6 406.4 408.5 409.4 410 410.3 410.6 406.9 402.9 398.7 394 388.7 384.5 380.4 382.8 382.6 383.5 388.8 394.9 399.6 404.1 408.5 410.1 408.9 406.7
393.2 391.4 392 395.7 401 406.5 412.4 414.4 412.7 414.8 412.3 413.5 413.7 413.1 412.8 412.8 413.4 413.7 414.3 411.6 408.5 411.4 416.5 417.1 411.7 406.3 401.4 399.3 392.6 384.8 379.5 374.6 371 367.5 364 360.1 360.1 358.9 356.4 354.5 353.8 351.6 350.8 353.6 358 363.7 371.8 382.9 384.5 385.6 376.6 390.2 398.2 402.7 404.2 406.5 407.2 408.9 409.5 410 410.3 407.1 403.8 398.9 391.7 388 384.3 377.5 371.8 377.5 385.2 391 396.1 401 405 408.1 408.7 406.8
390.4 388.1 388.8 392.9 397.2 401.7 407.6 407.7 408.4 412.2 411.8 414.7 413.8 412.6 412.3 412.2 412.2 412.1 412.9 412.3 410.9 409.7 414.9 417.7 413.9 407.7 400.2 397 392.9 386.7 381.4 378.1 381 374.5 373.3 368.7 366.9 365.7 363.9 359.8 357.9 356.5 352.3 349.5 353.1 360.5 365.3 371.6 372 372.7 374.5 382.7 391.1 396.5 402.3 404.3 404.8 407.1 408.5 409 410.1 410 406.5 402.5 396 389 384.6 379.7 370.7 368.6 380.2 386.2 392.2 397.2 401.5 404.1 406.3 404.6
384.8 381.6 385.4 389.8 392.6 396.7 401.9 401.1 404 409.1 410.4 411.9 412.3 412.2 412.1 412.2 412.2 412.3 413.4 415.4 413.4 411.9 411.9 416.5 415.4 409.9 402.8 399.1 397.3 387.5 384.7 385.3 387.3 382.6 382.6 379.3 378.3 377.4 375.6 371.3 366 362.8 357.4 354 348.3 354.5 359.2 359.2 357.4 359.7 366.4 373.9 382 388.2 396.1 397.6 400.4 405.2 407.4 409 410 409.1 407.5 403.6 398.2 392.5 385 378.3 370.9 354.2 372.1 380.7 387.4 392.8 397.6 400.3 402.4 401
379.4 383 385.3 386.2 388.5 392.2 397.5 396.4 400.3 402.2 404.4 409.4 409.7 410.5 411.4 412.2 412.4 413.2 413.9 415.7 418 414.6 412.4 413.4 412.3 408.4 404.6 398.6 394.3 393.4 390.4 390.2 391.4 390.4 391.4 390.1 391.4 390.1 387.7 384.3 378 371.3 366.1 358.2 353.5 347.3 346.5 348.6 349.4 353.5 359.1 362.9 369.9 378.2 384.5 387.3 393.7 399.2 403.3 406.5 408.6 407.9 406.7 403.1 398.3 394.2 389.2 378.6 365.8 357 362.6 374.2 381.1 387 392.2 395.7 397.2 396.4
377.2 379.5 384 383.4 383.8 388.7 393.4 393.4 396.7 398.7 400.4 404.5 406.6 409.2 410.3 411.4 412.9 414 414.8 415.9 417.6 417.8 413.5 412.9 410 407.7 406.4 402.6 402.2 400.7 398.4 395.9 396.1 396.7 399.5 399.7 399.4 399.9 398.3 394.8 390.8 383.5 377.1 371.3 362.4 353.9 349.9 343 342.1 351 355 353.8 359.8 367.3 370.5 377.3 385 390.2 395.8 399.5 403.2 404.7 404.7 401.5 394.2 391.3 387.8 378.9 361.9 351.3 350.6 367.5 373 379.2 383.8 388 392.3 391.1
374.8 376.8 379 379.1 380.7 386.7 393.2 391.1 394.1 394.1 397.2 400.7 405.2 408.4 410.3 411.6 413.2 415 415 415.5 417.7 420.4 416.3 414.3 410.3 407.8 407 405.2 405.3 405.2 405 403.9 403.4 403.8 406.3 408.6 409.2 406.6 406.1 402.2 397.8 394.6 387.9 380.7 376.5 365.8 352.3 344.6 342.5 340.2 344.3 344.6 351.4 357.8 360.6 366 372.6 379.7 387.2 390.9 394.5 397.9 400 396.8 390 386.3 384.5 375.5 359.2 346.2 344.3 357.7 365.7 371.3 376 381 384.4 384.1
372.3 371.4 373.5 374.4 377.5 381.5 388.8 387.6 391.7 394.4 397.7 401.2 404.1 407.8 410.9 411.4 412 413.3 413.6 414.1 416 420.5 419.7 415.2 411.4 408.6 408 406.6 407.2 408.8 409.1 411.1 412.2 412.7 412.1 415.4 419.1 417.1 413.2 407.2 403.7 400.6 396.6 389.7 384.2 377.6 368.9 356.9 347.5 343.8 337.5 335.1 344.3 349.8 351.1 355.5 360.9 363.7 370.8 376.8 383.8 387 391.3 389.3 384.5 380.8 380.2 371.4 358 344.4 335.6 346.5 356.9 362.6 367.7 371 374.8 377.5
370.4 369.8 369.6 370.9 373.3 377.5 375.6 384 391.2 395.3 398.7 401.9 404.3 406 411.3 410.8 410.1 410.7 411.2 413.2 415.1 418.5 422.1 416.9 414.9 414 411.8 409.8 409 410.9 413 416.5 419 422 420.8 423.3 423.4 424.9 418.4 411.9 408.5 405.1 402.3 396.6 389.1 384.5 377 367.8 361.2 353.3 346.1 337 332.3 340.3 342.6 344.9 347.9 350.9 354.7 359.8 364.5 370.9 378.1 378.2 373.7 373.7 374.1 366.9 354 341.9 329 336.6 345.1 352.1 356.3 359.2 361.5 365.2
371 368.4 367.9 369.3 370.5 373 378.4 386.4 393 395.9 399.6 401.9 401.5 402.6 407.8 407.4 407.6 408.5 409.6 411.2 413.1 416.3 422 419.6 416 417.1 414.9 412.7 411.4 413.4 416.6 419.7 422.5 425.2 428.8 427.1 426.4 427.6 423.7 416.3 412.7 410.7 406.3 401.6 394.1 388.1 379.7 376.6 371.9 362.8 354.4 346.8 338.7 329.2 328.1 330.9 336.4 338.4 341.1 343.8 345.6 349.3 354.9 357.3 359.4 363.1 364.4 358.6 346.3 335.4 328.9 327.9 335.7 341 344 346.2 348.1 348.9
371.5 367.4 367.4 367.8 369.5 373.4 380.1 390.3 396.8 399.1 399.9 400.5 399.2 399.2 403.2 404.1 405.8 407.9 407.1 408.8 411.4 413.8 420.6 419.4 417 419.2 418.9 417.2 414.9 418.5 421.3 424.3 425.8 427.6 431.4 431.4 428.7 429.2 425.3 419.4 416.2 412 407.7 403.1 397 389 389 385.1 378.6 370.8 363.3 354.9 346.6 340.4 335.4 328.9 326.7 326.6 329 331.2 335.5 337.1 338.4 341.5 343.3 344.3 346.5 342.7 336.3 329.2 325.2 320.9 324.8 328.3 330.6 332.3 332.7 334
372.7 366.6 366.2 367.6 369 373.2 381.6 390.5 397.8 400.9 400.2 398.5 396 395.8 399.9 400.5 402.8 405.8 403.9 406.2 408.4 412.5 417.4 416.1 417.3 420.2 421.4 422 419.9 422.9 425.6 426.7 429.1 429.6 432.3 432.8 430.3 429.8 425.9 420.3 416.6 411.5 407.2 403.9 397.2 394.8 393.3 390.9 385.5 378.4 370.7 360.3 350.3 346 342.2 338.4 331.3 324.3 320.5 321.3 324.6 326.8 328.2 331.1 330.6 329.5 329.3 327.2 325.2 323 320.5 316.7 315.8 316.7 318.4 318.7 320 320.9
371.3 366.3 365.5 367.5 368.8 371.3 380.9 388.5 395.2 397.6 397.4 395.8 393.2 391.9 394.9 396.2 399.1 401.5 399.5 402.4 407 410.1 411.7 411.2 415 419.8 422.2 425.1 424.1 425.1 427.7 429.7 431 431.4 432.7 432.1 430.1 429.2 427.1 420.9 416.4 411.2 406.7 404.8 402.3 398.8 396.1 394.1 391.8 386.2 378.6 369.2 358.6 352.4 348.4 345.3 339.1 330.4 325.4 321.1 317.7 319.1 320.5 323.2 322.9 321 318.4 317 317.2 316.8 314.6 313 311.3 310.4 311.2 311.3 310.5 311
370.4 365.4 363.9 365.9 367.9 371.9 380.5 386.5 391.5 392.3 392.8 393.3 391 389.1 391.4 393.5 395.9 396 395.3 398.7 402.6 405 407.5 409.8 413.5 418.7 420.9 425.6 426.3 426.3 428.9 432.2 433 433.5 433.5 433.7 429.5 428.3 426.8 420.6 418.1 413.5 409.4 406.8 404.1 401.3 398.7 397.2 394.6 389.9 384.2 375.9 369.8 362.7 355.8 349.4 342.8 336.3 330.8 326.7 322.5 317.4 315.5 314.5 315.4 313.8 311.7 311.1 311.2 310 307.9 308.3 307.3 307 302.8 300.1 300.3 299.5
372.5 365.4 363.1 364.2 366.4 369.4 377.3 382.6 386.9 388.9 388.7 389.3 388.6 386.2 390.4 391.7 390.7 389.9 391.6 394.7 397.3 400.4 405 408.8 413.4 417.9 419.7 424.3 425.4 425.2 429 431.7 432.4 433.1 433.1 436.6 430.9 427.5 425.5 419.7 417.7 416.5 412 409.1 407.8 406.1 402.8 399.9 397 393.8 389.4 384.5 378.4 371.4 362.8 354.7 349.5 343.3 337.3 334.7 329.1 322.6 318.3 314.5 311.8 311 311.3 309.3 308 305.8 304 303.5 303.9 303.1 301.4 300.1 299.6 300.2
375.4 367.3 363.8 362 364.5 368.8 374.8 379.8 383.6 384.3 384.6 384.5 385 386.3 387.6 387 386.9 385.6 388 390.4 392.2 395.6 399.4 406.4 411.8 416.4 417.2 421.5 424.2 423.2 426.5 431.7 429.4 431.3 432.1 435.1 431.6 427.3 425.9 421.3 418.7 418.5 414.5 411.5 410.2 408.9 407.1 403.9 400.5 397.3 394.6 390.2 385.7 379 372.4 365 358.2 350.9 345.7 341.3 336.6 329.7 322.9 321.8 319.1 317.3 316.4 317.1 316.2 313.2 310.3 309.3 308.2 306.2 304.6 304.3 305.8 306.9
378.1 370.4 364.6 361.6 365.6 369.2 373.7 376.9 382.3 381.1 381.1 381.5 381.2 383.8 383.3 383 382.7 382.4 383.9 386 387.6 391.3 397.3 405.3 409.7 413.1 413.2 418.4 421 420.8 423 429.7 427.4 427.8 427.2 431.6 430.7 427.3 424.4 423.8 420.1 419.9 416.6 412.5 411.1 410.5 410.8 407.7 404.1 400.7 398.1 395.2 390.7 387.1 381.7 374.8 367.7 359.3 352.9 345.7 338.5 334.3 331.8 329.1 326 324.3 322.9 323.8 322.6 319.5 316.5 315.8 314.8 314.3 314.9 313.8 313.1 312.7
377.3 372.5 364.2 362.8 367 369.7 372.2 373.7 376.1 375.7 377.4 378.7 376.5 379.8 380.2 380.2 380.1 379.3 379.7 381.5 385.5 389.7 395 404.5 407.3 408.1 408.9 415.8 416.9 417.7 420.3 425.7 423.5 422.7 423.6 428.3 428.7 425.2 423.7 426.5 421.2 418.3 415.9 413.3 412.4 412.5 413.1 411.1 407.7 404.2 401.6 399.3 396 391.1 385.9 380.4 376.4 372.3 367.2 358.5 353 348.6 342.7 339.2 336.8 334.7 331.3 330.9 330 327.7 324.8 323.6 325.2 326.8 326.9 326.2 326.5 324.2
376.5 371.7 360.4 366.4 369.9 371.1 372.8 372.2 372.5 371 373.4 376.1 372.5 375.8 377.1 377.3 376.1 375.3 376.4 378.8 383.2 387.5 394.1 403 404.2 401.1 406 412.3 412 411.5 415.8 418.5 417.7 417.5 422.1 426.1 425 421.6 421.1 425.8 422.6 418.9 417.1 415.3 414.1 414.4 414.1 413.2 410 407.2 405.9 403.1 400.3 396.1 390.5 386.2 381.9 378.4 373.3 367.9 363.5 359.1 354 350.5 348.6 344.5 338.9 339.5 340.8 338.9 336.6 337.6 340.5 342.7 344 341.4 341.9 340
369.6 367.1 365.6 368.7 371.5 373 373.1 371.5 369.1 368.3 370.5 371.4 369.5 372 374.1 374.5 372.1 370.8 372.2 376.3 381.1 386.5 392.8 399.3 396.6 395 401.8 406.5 404.8 405.8 408.9 408.7 409.7 412.9 418.7 425.1 421.2 418.2 418.3 422.2 420.5 418.7 418.7 418 416.7 417.4 416.2 414.6 412.5 411 408.9 406.4 403.6 401 397.4 393.6 389 385 378.5 376 373.1 368.8 364.8 361.2 357.9 354.3 350.7 349.8 351.5 350.6 350.2 353.3 354 354.2 352.9 355.1 354.9 352.6
366.4 354.1 365.6 370.2 372.9 375 374.2 371.6 368.6 365.6 365.8 366.1 366.3 368.7 370.8 371.9 372.6 369.5 366.9 371.6 377.5 382.4 387.2 386.9 387 391.4 398.5 401.4 398.8 399.8 399 399.4 400.5 409.5 415.9 423.8 420.6 416 415.8 418.1 417.2 416.4 416.6 417 417.6 419.7 417.8 415.6 416.1 414.1 411.9 409.7 407.5 405.1 401.7 398.6 395 391.5 388 384.9 382.2 378.5 375.6 372.2 366.8 363.1 362.1 360.6 361.6 362.3 364.5 365.9 366.3 365.7 363.8 362.9 362.2 359.5
363.2 354.3 366 368.6 372.4 375 374 371.3 368.4 364.1 365 362.2 363.1 365 365.5 366.5 369 369.6 364 367.1 371.3 373.9 375.7 376 379.8 386.3 394.5 394 392.6 394.4 392.2 392.1 396.2 404.7 414.3 416 413.2 412 413.5 414.4 413.7 413.6 414.3 414.8 416.4 418 418 416.1 416.9 416.2 414 412.9 411.1 409.1 406.4 404 401.5 399.3 396.6 392.7 390.1 386.7 383.9 380.7 373.8 376.7 372.6 369.7 371.1 372.4 373.3 374.1 374.6 373.7 372.4 370.6 368.6 365.6
356.8 351.8 360.9 363.6 368.1 371.4 370.2 367.5 365.4 361.7 360.9 359.1 360.5 360.7 360.5 361.2 362.7 365 363 361.8 364.4 367 368.3 369.8 373.5 380.6 383.8 384.3 382.9 385.1 385.9 384.6 390.9 398.7 405.2 405.5 404.5 407 409.7 411.1 411.3 413.4 414 413.5 413.7 414.5 414.5 413.7 414.7 416 415 414.1 413.7 411.9 409.5 407.9 406.2 403.8 401.9 400.3 398 394.8 391.8 390.1 386.2 385.4 383.1 381.7 380.8 380.2 380.1 379.5 379.4 378.6 377.7 377.5 375.4 371.7
357.4 347.2 356.4 359.7 362.6 364.6 363.5 362.4 362.5 358.5 355.1 354.8 358.5 357.7 357.2 357.4 358.9 362.1 362.8 356.6 356.9 360.4 362.8 363.6 369.4 373.5 375.3 374.7 373.5 375.6 377.5 380 386 391.2 395.9 397.7 400.2 403.7 405.9 407.3 409.8 412.4 413.1 413.2 412.3 411 410.9 410.5 412.2 414.1 414.7 414.8 414.8 414 412.5 411 409.1 408.2 406.6 405.4 404.1 402.8 399.7 397.2 395 394.5 392.6 390.2 388.1 386.1 385.5 385.3 384 383 382.4 382.1 380.5 377.6
