app/static/ascii/SO08.asc
ncols 200
nrows 200
xllcorner 300000
yllcorner 280000
cellsize 50
[rows 70 to 104 of 200, columns 78 to 155 of 200]
477.4 479.2 480.9 481.4 482.8 482.7 479.8 468.5 478.1 485.7 489.5 492.7 494.5 496.1 497.9 501.2 503.4 503 500 498.3 496.4 489.9 475.8 457.1 441.6 414.6 405.1 400.5 396.8 396.6 401.4 416 423.2 431 432.2 421.5 409.1 392.4 380.9 363.1 341.5 320.3 307.1 295.6 283.8 270 264.9 250.9 249.8 255.6 264.8 265.6 271 273.3 278 283.6 288.7 293.4 299.4 304.5 309.5 311.8 304.1 297.5 289.6 278.3 280.6 288.9 289.7 290.3 290.1 282.6 280.7 285.7 292.2 302 303.4 298.9
484.7 486 490.6 492.9 491.4 489.8 486.1 482.9 482.5 488.4 492.6 495.6 496.5 498.3 502.5 503.3 507 506.7 504.5 503 499.9 493.3 475 454.1 437.9 414.4 406.6 401.9 401.7 407.7 422.3 431 438.9 438.5 432.6 422 407 387.3 371.7 354.4 330 313.1 299.8 289.6 275.7 264.4 254.4 247.1 257.7 263.7 270.2 271.7 275.2 279.1 283.8 289.6 293.8 297.9 304 308.1 313.3 307.8 302.5 293.6 282.8 287 293.2 295.7 296.9 301.3 297.5 289.4 292.1 297.9 305.8 310.2 305.8 298.2
490.9 497.3 499.6 500.1 497.2 495.5 491.6 488 486.5 490.3 494.8 496.9 498.2 500.5 503.9 507.7 511.5 511 508.3 505.4 502.3 494.3 473.4 453.4 433.5 417.1 409.8 407.5 415.1 428.7 440.4 448 447.1 441.9 433.5 422.7 401.7 384.9 365.5 340.9 319.7 304.8 295.6 285.7 275.6 263.5 249.5 255.7 265.4 269.9 273.2 277.5 280.1 286.1 294 296.2 300 303.4 310.6 315.7 311.4 306 300.2 289.3 284.8 296.5 300.6 301.6 305.5 305.5 301.5 299.7 303.9 308.9 312.3 311.7 307.1 295.7
501.3 506.5 506.8 505.9 502.2 500.8 496.3 492.6 491.7 493.5 497 498.4 499.7 502.1 505.7 511.5 514.8 513.5 510.1 507.4 502.4 491.4 471.8 455.9 434 420.3 416.9 424.1 437.5 449.9 457.4 455.9 449.1 442.2 435.5 418.4 396.7 377.8 355.9 332.4 313.3 300.3 291.7 280.3 266 255.5 251.3 262.1 273.4 277.6 283.4 286.7 289.3 295.8 300.6 302.9 305.8 310.4 314.6 312.6 307.7 302.5 290.7 287.8 292.3 299 306 309.2 310.7 308.8 309.1 313.6 316.2 317.2 316.6 311.8 304.9 291.4
508.1 511.8 510.9 509.3 506.7 503.1 499.7 494.7 493.5 496.1 498.1 500 501.5 502.9 508 513.6 515.9 513.8 511.7 508.2 500.7 489.4 476.1 459.8 437.2 428.8 433.5 442.5 454.2 467.7 463.3 454.4 448.3 442.2 430.6 411.6 386.6 368 344 324.9 306.8 296.6 284.7 273.8 264.8 253.8 258.4 266.1 278.4 283.1 290.4 294.7 300.7 305 305.9 308.1 311 316.4 315.9 311.8 303.1 301.6 295.7 298.6 297.2 302.4 307.8 313.6 317.1 318.1 321.6 323 323.8 322.5 318.4 312.3 302.5 291.2
513.6 515 514 511 508.5 505.8 501.5 496.5 494.5 495.7 497.2 499 500.9 503.2 509.2 513.5 514.1 514.1 511.7 508.4 503.4 491.9 479.4 462.7 445.7 443.8 449.4 456.8 473 472 461.7 451.8 443.2 433.1 416.3 397.5 376.8 355.3 332.3 315.7 299 291.8 285.6 273.1 260.1 254 263.5 271.2 280.1 286.9 296.6 303.3 308.8 311.1 312.7 314.1 317.6 319.3 315 305.6 307.1 305 302.1 305.4 309.6 314.1 317 321 323.4 326.7 329 329.6 326.9 323.7 318.3 310.2 300.9 285.8
515.3 516.2 513.5 511.7 511 506.3 501.5 497.4 496.1 495.4 495.7 495.8 498 503.6 508.2 510.3 510.9 509.4 509.7 507.7 503 493 480.2 468 454 455.6 460 471.9 478.9 473.1 463.3 451.6 437.5 420.2 402.6 379.5 367.8 342.8 323.3 306.3 294.9 289.6 283.7 277 259.7 255.1 266 274.7 283.8 292.3 300.6 310.9 316.2 317.8 319.7 321.4 320.8 316.4 307.4 312.2 311.5 308.7 308.3 313.6 319.6 327 328.3 331 332.7 332.3 331.3 328.4 324 320.5 314 306.3 293.6 278.8
516.6 516.6 515.3 512.3 511.1 506.1 501.6 496.6 496.7 495.4 491.7 491.2 495.1 500.5 504 504.3 502.1 503.9 504.4 502.5 497.2 490.4 481.9 466 459 463.2 470.2 477.7 479.9 471.7 462.9 452.2 435 410.1 387.6 370.4 355.4 328.8 312.5 299 293.1 289.4 282.6 273.5 257.8 259 268.2 277.1 287.7 295.6 307.6 317.3 323 324.1 325.1 322.9 318.3 309.6 315.8 317.4 316.1 315.6 317.8 324.9 331 336.3 337.2 338.7 339.8 339 335.7 331.3 330.3 322.5 311.8 302.8 295.4 282.5
518.9 516.7 516.8 511.3 511.2 505.5 500.1 495.2 494.8 489 480.9 486.4 491.1 494.2 495.2 490.4 490.9 490.7 490.3 486.9 486.3 485.6 481.8 463.5 462 471.3 478.2 482.6 483.5 469.5 461.2 444.2 424.9 402.5 379.9 361.5 342.2 320.6 307.4 296 289.1 285.4 278.2 265.7 257.4 262.5 270.1 281.1 291.4 303.5 316.9 325.7 328.7 328.1 323.7 316.7 319.2 319.9 323 325.5 324.5 327.2 333.8 339.4 342 343.2 344.5 348.1 347.8 343.6 339.5 338.8 332.1 322.7 311.4 302.9 294.9 285.1
518.4 518.5 515 509 508.9 501.3 497.7 490.4 485.9 472.9 467.1 475.1 480.3 481.5 479.1 472.9 471.7 466.9 465.9 462.5 465.5 472.4 465.1 458.8 455.5 466.4 476.3 485.6 480.5 470.5 457.3 442.1 422.9 396.7 370.2 352.9 333.9 316.7 305.1 294.3 287.6 281.7 272.6 262.5 259.7 267.4 273.9 285.8 299 314.7 327.5 333.5 331.2 325.4 318.7 324.9 326.9 326.2 331.1 334 334.2 340.8 347.4 349.8 350.6 351.1 352.4 355.3 351.4 346 345.2 338.4 329.3 318.2 311.6 305.3 296.5 285.9
518.5 518.8 512.5 505.8 503.2 501 494.4 484.1 471.4 456 453.3 456.8 465.7 467.3 458.1 449.8 445.5 439.6 436.1 435.7 437.2 443.1 444.8 439.8 438.2 449.6 469.1 481.6 478.4 467.7 454.7 440.6 415.5 396.1 365.3 346.7 328.9 315.7 304.6 292.3 286.3 279.9 274.8 261.5 265.2 273.7 279.7 290.8 308.3 326.8 334 335.4 330.5 325.6 327.1 330.6 330.6 333 340.1 341.7 345.6 354 355.8 357.3 358.7 358.1 358.9 357.9 352.5 350.5 345.3 336.7 327.7 319.3 314 305.3 295.5 282.1
517.9 514.2 509.7 505.7 501.8 495.2 487.7 475.6 455.9 450.3 447 446.1 449.2 443.7 435.6 431 421.4 418.3 412.6 410.6 413.9 414.1 418.4 415 416.9 437.2 456.3 473.9 475.5 461.4 452.6 435.6 411 391.5 361.8 343.9 325.3 314.9 301 290.4 285.2 280 273 263.4 268.6 279.5 290.2 301.8 321.6 336.9 340.6 335.4 329.7 326.1 332.4 335.1 335.8 339.6 347 349.6 357 363.3 363.6 364.7 366.8 365.8 364 360.4 357.8 352.7 345.3 337.4 330.1 324.2 315.7 304.8 293.4 280.9
517 514.9 508.3 505.7 497.7 491.6 476.7 464.4 451.4 445.8 443.3 441 435.6 429.6 425 423.1 412.5 404.9 401.9 399 392.5 389.5 385 386.9 399.8 424 441.5 463.7 463.2 457.1 448 432.1 406.7 385.1 361 339.9 324.6 310 295.8 289 285.1 280.8 269.9 264.7 270.1 283 297.3 311.9 332.9 345.9 343.7 337.8 332.9 332.3 336.7 340.1 341.6 347.8 352.7 359.3 367.3 370.5 369.6 371.7 373.1 373.4 368.1 363.5 359.9 354.1 345.9 338.8 332.9 325.8 318.8 308.6 293.3 282.4
518.4 514.1 508.4 503.9 497.1 488.7 475.7 459.6 448.6 443.5 440.2 437.3 433.4 427.5 420.9 413.9 410 418.7 417.6 410.8 404.7 397.3 389.7 384.1 387.4 413.1 426.6 449.3 461.5 457.8 442.9 425.2 404.8 385.5 358.4 336.8 325.2 308.1 293.9 288.4 284.2 279 267.7 268.5 274.4 287.3 301.5 323.9 344.1 350 347 342.1 335.1 337.9 342.4 344.9 347.5 351.8 360 369 375.3 375.9 376.3 376.8 375.8 373.3 369.5 366.3 361.9 355 346.6 340.1 335.2 326.1 316.3 306.2 295.4 286.8
518.7 514.1 509.9 502.5 496.5 487.5 474.9 454.8 447.1 442.3 437.6 434.2 431.2 424.8 413.5 416.9 427 431.1 426.6 419.9 414 403.2 395.9 388.7 377.4 392.1 413 441 458.6 453.7 443.1 426.9 408.8 384.9 354.9 337.4 325.3 308.2 293 286.4 282 273.4 269.6 273.3 280.3 292 312.3 336.6 354.4 351.2 348 344.1 335 343 346.5 349.4 352.7 357.1 368.3 375.3 380.5 381.1 382.2 381.9 378.3 374.4 369.7 365.2 359 352.3 345.3 339.7 330.1 319.2 309.6 296.7 290.4 293.3
517.9 514.6 508.6 503.8 496.3 486.2 473.3 455.7 445.3 440.2 435.1 430.8 418.2 417 419.4 429.4 432.4 432.5 428.4 425.3 418.3 409.5 404.6 394.4 381.4 369 392.1 429.1 450.6 451 442.6 423.2 405.2 379.1 350.7 334.8 323.1 307.5 293.2 284.6 280.4 272.1 270.7 276.6 285.8 301.1 324.2 348.3 358.5 352.4 348.2 340.7 340.5 347.6 350.3 353.7 357.5 366.1 375.6 380.7 384.7 385.1 386.4 385.6 380.4 373.8 368.2 359.2 351.2 346.5 341.7 334.8 322.5 311.8 297.5 287.3 278.3 277.3
518.4 514.1 508.3 503.3 494.7 484 470.3 452.2 445.1 440.4 436.7 422.1 430.9 435.1 439.1 437.5 437.8 434.2 430.7 427.1 418.7 406.5 403.3 392.6 389.6 377.8 368.8 405.9 440.4 450.8 442.2 415.9 400 370.7 346.4 330.1 319.3 304 292.2 284.3 275.1 272.1 273.3 283.1 291 309.9 336.7 357.2 363.3 357.2 350.6 343.4 347 350.4 354.2 357.4 362.1 374.9 381.7 387.4 389.3 387.6 386.5 384.4 378.6 372.6 364.6 352.3 337.8 334.1 329.4 318.3 303.7 295.1 287.8 275.2 264.8 262.4
518.6 512.9 508 501 493 481.3 464.6 452.7 449.7 441.8 430.8 441.4 449.6 454.5 458.6 451.1 445.3 443.6 444.1 433.7 416.7 405.3 401.1 390.7 389.1 376.8 357.6 385.4 425.4 446.7 436.1 411.1 392.8 365.9 340.3 326.8 313.4 299.7 290.3 276.5 275 273.8 276.8 286 297.5 320 348.7 368.2 369.9 362.2 354.6 349 352.4 351.6 355.7 359.5 367.2 378.2 386.6 391.9 392.4 389.2 386.6 382.8 376.3 368.8 361.1 351.3 342.5 334.9 321 314 302.9 288.2 274.2 265.6 264.1 265.2
517.6 511.9 505.6 498.9 488.9 472.9 461.3 455.8 452.5 436.4 443.3 458.6 469.9 471.9 471.5 465 460.6 464 458.1 442.4 424.2 402.8 393.5 385 382.4 377.3 362.1 367.4 409.2 435.6 423.3 407 384.2 358.7 333.2 318.7 304.8 295.3 286.4 278.6 275.6 276.2 284.3 292.8 306 331.3 359.9 376.2 375.7 367.6 358.8 356.7 356.6 358.7 360.6 364.1 374.4 384.3 391 397.1 392.2 389.3 385.8 380 373.2 365.5 357.1 351.9 350.3 342.2 332.7 322.1 303.2 282.3 268.3 263.8 283.5 283.2
516 510.4 502.8 494.1 480.1 468.4 460.3 452.8 446.3 445.9 454.9 472.7 479.8 481.6 479.8 477.4 477.3 475.7 465.9 442.3 417.7 398 387.9 381.4 377.6 374.7 360.1 354.6 394.5 424.6 411 399.5 374.5 348.2 323.2 309.6 298.7 291.8 283 278.7 277.8 283.5 289.3 298.1 317.7 345.4 368.7 384 379.2 373.9 365.8 365.2 363.6 366.9 364.9 375.3 383 390.3 395.4 396.6 393 389 385.3 378.3 373.5 365.9 358.5 355.5 350.9 342 331.3 308.3 287.3 267.4 272.9 286.6 293.3 298.3
513 508.3 499.7 489.1 475.5 466.9 458.4 452.3 445.5 457.8 466.1 480.6 485.9 488.1 486.3 484.4 484.6 479.7 460.3 436.6 412.6 397.6 386.2 378.1 375.1 370.4 358.2 341.4 378.4 411.7 396.4 380.3 357.9 335.4 314.6 303.9 298 289.8 281.4 279.9 278.5 288.4 294.4 306.2 331.8 356.6 376.5 387.9 384.2 380.2 374.6 375.2 375.1 377.4 371.8 383.4 389.2 395.7 399.4 397.1 393 389.3 383.6 376.3 370.7 361.5 355.8 352.7 345.1 333.3 306.5 286.8 279.2 288.9 297.4 301.5 305.5 300.9
511.5 505.7 495.1 483.5 472.5 466.9 457.3 449.2 458.1 466.9 479.7 487.1 492.9 493.1 491.2 489.8 486.3 474.7 451.8 427.6 409 392.4 381.3 374.7 371.6 371.7 360.6 339.1 360.4 395.1 376.3 357.3 340.8 323.1 310.5 303.2 296.8 289.7 283.4 281.6 280 292.3 300.5 314.5 341.3 365.2 387.6 392.4 391.7 386.8 385.3 384.7 383.1 387.1 383.8 388.5 393.3 399.9 402.5 398.9 394.3 389.2 381.9 373 362.6 351.5 337.8 320.9 304.5 294.3 291 300.2 306.5 311.5 315.6 319.4 313.5 304.5
507.4 499.9 489 480.3 473 465.7 456 463.2 470.3 478 488.1 494.6 497.6 496.6 495 491.1 485.1 465.3 438.3 417.4 400.7 386.5 379.6 374.4 369.8 368.4 366.2 348.4 334.7 369.5 353.6 336.2 323.5 316.9 308.3 301.6 293.8 288.2 284.8 281 289.4 297.9 306.6 328.1 354.8 376.4 394.1 400.1 399.1 396.3 395.9 391.8 391.3 391.4 390.5 396.3 401.1 402.3 401.3 398.3 393 386.1 377.3 368.7 359 345.6 323.1 323.1 328.3 324.8 320.7 322.9 326.2 331.6 333.7 327.6 316.9 301.9
504 495.4 485.7 480.2 476 470.1 468.1 474.7 478.3 486.6 496 499.1 499.6 499.5 497.8 493.5 482.3 455.5 433.7 416.3 400.4 390.8 382 375.8 372.1 365.9 365.9 355.7 326.5 341 331.1 322.6 319.3 312.3 306.2 300.5 291.5 287.7 286.2 284.8 295 302.4 315.4 339.4 361.9 384.9 403.1 410.5 405.5 406.3 405.7 399.4 399.5 398.3 396.7 403.1 406.8 406 403.1 398.4 392.6 383.1 373.5 360.2 351.8 324.8 333.9 344.2 344.8 335.3 342.5 338.3 340.1 345.3 339.2 329.1 319.4 302.5
501.2 492.8 484.7 480.5 473.4 471.1 478.8 481.7 487.2 496.6 500.7 503.1 502.5 501.6 499.3 493.9 478.8 454.3 437.9 415.4 404.9 394.7 382.9 375.5 371.3 362.5 347.7 349.5 336.9 320.8 315.3 311.5 311.6 307.1 299.5 295.1 290.1 290.2 290.3 285.1 292.8 307.4 325.2 346.8 369.4 391.4 417.1 416.7 413.8 414.8 408.3 407.5 404.2 401 404.1 408.4 409.8 409.4 405.1 400 391.6 381 372.4 361.1 336.4 336.3 348 356.2 351.5 352.5 356.7 354.9 356.4 352.3 342.5 333.8 321.6 305.5
499 488.4 482.7 479 473.4 480.6 484.3 489.7 496.7 501.4 504.4 506.3 505.2 502.8 500.4 494.1 483.9 471.7 449.5 422.9 411.1 391.2 382.2 374.2 367.2 353.4 340.8 335.3 330.4 323.8 308.9 306.2 303.7 302.5 294.3 294.1 295 294 293.8 291 295.9 314.2 330.9 352.9 375.6 401 423.5 421.5 421.3 416.6 416 411.2 407.1 404.2 408.6 411.6 412.2 409.6 405.4 399.3 389.2 379.2 369.4 344.5 326.9 348.1 355.3 360.8 355.4 364.6 362.6 365.8 365 356.9 347.2 336.8 323.2 304.1
496.5 485.7 481 477 484.9 486.9 492.1 498.6 501.9 504.8 507.6 507.1 505.8 503.9 500.7 493.9 494.3 475.9 453.9 444.9 421.7 395.2 382.9 370.4 363 357.5 346.7 335.6 326.2 324 321.4 317 307.2 304.3 301.6 299.4 298.8 298.2 303.5 297.1 299.1 314.5 334.4 357.1 378.5 408.8 429.5 429 424.9 421.1 421 413.7 410.3 409.2 412.8 415.4 413 408.2 402.8 394 384.1 368.3 346.3 330.4 344.7 356.5 361.5 364.5 363.6 367.3 368.8 371.2 367.1 358.2 349.2 335.7 317.4 306.2
493.1 482.8 481.6 487.2 489.1 495.1 499.2 502.7 504.9 508 510.2 507.9 506.4 504.9 501.9 499.2 492.6 490.5 476.6 455.8 424.8 398.1 381.5 370.2 362.7 353.7 342.6 340.5 332.8 328.6 323.9 317.9 310.6 307.2 305.7 304.3 302.9 305.6 317 305.1 304.8 316.7 337.7 358.8 384.9 415.9 432.2 431.7 428.6 428.4 425.1 416.9 410.8 413 414.4 415.2 412.8 408.2 401.4 391.2 379.1 359.6 333.5 352.3 359.3 363.4 369.4 371.6 372.7 375 374 375.5 366.9 357.5 347.2 340 320.6 314.5
489.9 482.7 489.8 490.9 497.4 499.1 503.3 505.2 508.2 511.9 511.4 510 507.3 505.9 502.3 498.4 496.7 487.3 466.4 441.4 416.7 396.1 383.3 374.8 361.9 359.4 350.4 343.1 336.6 331.5 323.9 317.5 315.2 313.6 310.8 309.3 308.3 319.4 327.3 308.9 308.9 324.1 335.7 358.5 389 421 434.4 433.7 431.3 430 425.1 416 411.7 416.5 416.3 413.7 410.2 406.5 398.5 390 375.6 347.7 352.8 367.2 366.8 371.3 378 379.1 377.4 377.4 379.6 375.8 363.8 354.3 352 340.7 331.3 328.6
487 489.5 492.5 496.3 500 505.2 505.9 509.8 511.7 511.8 511.6 509.8 508.4 506.1 503.1 500.6 492.2 472.7 450.1 425.9 409.7 397.7 388.9 373.1 372.2 363.8 355.4 348.9 344 337.4 332.5 327.5 325.5 325.4 315.4 312.2 319.5 334.4 331.4 303.8 316.8 339.9 346.9 365.7 394.5 425.2 435.3 435.3 433.7 428.3 420.1 412.9 413.3 415.6 415.6 412.2 407.6 404 397.3 387.2 371.4 345.8 359.5 374.6 379.2 376 380.8 383.5 379.2 380.7 383.5 372.8 363.6 361.2 354 338.9 341 335.3
492 494.1 498.2 500.4 504.8 507.4 509.1 513 513.7 512 511.6 510.9 509.7 507.9 503.7 500 486.9 467.3 437.4 419.2 412.5 405 387.5 388.6 378 371.7 370.3 365.9 360.8 347.1 340.9 337.3 333.6 330.9 322.7 323.3 336.3 346.3 335.3 307.7 322.4 352.3 364.8 387.4 410.1 430.9 434.6 435 433.8 425.6 417.6 414.2 414.7 417.1 414.2 409.9 406.1 400 391.9 382.6 373.1 350.2 363.8 379.6 387.1 383.1 385.7 384.7 382.8 384.8 378.9 371.3 367.2 362.2 354.7 351.2 348.3 337.7
501.4 498.7 502.5 504.8 508.3 511.2 516.1 516.4 515.3 512.8 511.4 511 510.4 507.3 501.8 496.2 487.2 462.9 435.7 420.1 415.3 399.6 401.8 394.2 392.8 393.4 394.5 394.3 378.2 359 349.6 346.6 334.3 333.7 331.1 340.1 356.2 353 336.9 305.3 328.3 357.1 386.1 410.6 427.1 431.7 432 434.1 430.7 424 417.1 417.2 416.2 416.1 413.2 408 402.6 397.3 392.8 383.1 378.1 348.5 372.3 382 389.4 386.6 387.7 385.7 386.5 382 374.8 371.9 368.1 363.1 357 357.7 350.2 340.5
505.5 506.8 508.2 512.5 515.1 518.3 518.3 518.4 516.2 513.5 511.2 510.5 510.1 504.8 496.7 491.9 476.6 452.3 430.2 423.5 421 415.9 413.3 419.1 420.8 421.4 415.6 395.2 376.5 360.6 353.5 348.9 346.2 341.8 345.9 359.7 375.6 357 331.4 311.3 347.2 369.3 404.4 419.5 427.7 430 432.4 431 426.2 418.7 415 413 415.2 412.3 411.1 405.2 397.8 392.3 386.6 382.7 377 350.8 372.9 381.8 385.6 388.6 386.9 386.1 384.4 375.6 375.5 373.2 369.7 366.6 362 358.5 350.8 342
510.9 513.6 516.5 519.2 521.2 521.1 520.3 518.7 514.6 512.6 511.1 510.4 507 499.5 493.4 484.5 466.7 442.9 433.6 423.9 425.7 425.8 438.3 449.5 446.7 430.2 410.4 392.4 375.4 371.8 359.7 348.4 352.6 354.6 364.8 380.9 375.6 348.5 318.9 327.7 361.2 392.7 413.8 417 425.1 427.3 429.7 425.3 419.7 413.2 408.8 411.4 411.9 408.2 407.2 401.3 394 387.8 382 379.7 376.4 356.5 374.6 379.6 383 387.3 386.2 385.9 382.3 375.9 377.5 375 371.3 368.3 366.4 363.4 356.1 342.3
518.5 520.5 522 523.6 523.4 522.4 521 515.7 512.6 511.6 513 510.7 503.2 496.7 490.4 474.1 451.5 441.4 435.8 433.7 432.2 449.2 459.6 457 440.8 423.5 406.7 390.6 379.4 372.6 362.2 361.4 362.4 372.7 384.9 392.1 357.9 326.2 332.3 350.4 377 407.8 410.7 410.8 419.9 424 423.6 419 413.8 410.4 406.4 408.5 406.6 404.4 397.2 387.4 383.1 380 377.2 374.3 373.4 367.6 373.2 376.3 381.7 384.8 383.3 382.8 379.6 378.6 379.1 377.7 373.9 374 371.2 364.9 355.4 358.1
