app/static/ascii/SO10.asc
ncols 200
nrows 200
xllcorner 310000
yllcorner 200000
cellsize 50
[rows 35 to 69 of 200, columns 0 to 77 of 200]
374.8 370.8 367 360.4 355.2 349.6 342.1 334.3 326 315.3 306.9 300.2 301.2 301.7 300.9 284.9 274.5 283.5 286.3 288.7 290.3 292.4 294.4 297.1 301.4 306 312.5 318.1 323.8 329.6 328.5 332.9 337.8 345 351.8 358.3 363.9 369.6 378.6 388.8 400.3 406.4 410.7 412 415.5 422.6 423 423.4 425.5 425.9 424.8 423.1 420.8 420 421.7 422.8 423.5 422.3 420.9 419.6 417.7 416.8 415.6 415.5 413.9 413.2 412.2 410.4 407.3 402 395.3 390.1 385.6 380.7 374.9 369 363.4 358
370.1 368.4 366.3 361.3 354.6 349.7 342.3 334.2 324.8 316.3 307.3 300.5 301.5 301.9 301.9 291.8 280.8 277 283.5 284.4 287.8 290.3 292.7 295.7 299.6 304.5 310.1 313.5 317.5 320.2 325.1 329.9 334.5 342 349 354.5 359.2 363.2 370.2 381.7 391.9 401.8 407.1 408.6 412.7 420.7 420.4 424.7 425.7 425.2 423.5 420.9 417.8 415.9 416.2 417.3 418.2 416.9 414.8 413.2 412.9 412.7 412.3 412.1 410.6 408.6 409.1 408.4 407 405.4 401.6 396.6 390.1 384.1 378.3 372.5 367.5 362.3
362.6 360 360.2 358.3 354.3 352.3 344.8 335.4 327.1 318.2 307 301.2 301.9 301.8 301.7 296.9 280.4 272.8 276.5 280.3 284.7 288.1 291.5 294.7 297.8 302.8 307.2 309.9 309.5 312 322.4 326.3 329.9 337.9 344.9 350.2 354.8 359 366 374.7 383.8 397.5 403.7 405.4 414.4 416.2 421.7 423.3 425.7 424.3 421.9 418.4 415 411.8 409.6 412.3 412.9 411.4 407.8 405.5 403.4 407.5 406.4 407 405.7 404.2 403.7 404.4 404.3 402.8 400.5 398.4 394.4 387.8 381.9 376 371.9 366.6
356 354.6 354.6 354.4 353.3 352.4 346.1 336.3 326.8 318.1 308.2 301.4 301.6 301.2 301.5 300 287.3 276.7 275.1 278.5 282.2 286.2 290.3 293.9 296.6 300.8 303.1 304.9 306.5 311 320.1 322.8 330.7 338.1 343 348.5 351.8 355.5 362.7 369.1 383.2 395.6 401.2 404.9 411 416.6 419.7 423.4 425.1 424 419.7 415.3 412.3 409.4 405.2 406.8 408 406.1 402.6 400.4 398.9 403.1 404.5 403.3 401.3 399 398.6 399.2 399.7 399.6 398.9 397.3 394.4 391 385.5 380.8 376.6 371.5
365.2 357 347.5 346.8 345.1 345.7 344 334.9 326.7 318.1 310.8 301.7 301.4 301.5 301.9 302.3 290.5 278.1 273.4 276.8 280.2 285.1 289 292.2 295.2 298 301.1 303.7 305.9 311.5 316.6 317.7 329.8 334.8 338.6 344.3 348.4 353.2 359.8 370 384.9 394 395.6 404.5 409.8 414.1 421.3 423.4 422.6 420.6 415.1 410.2 408.2 407.2 404.8 400.8 402.3 400.6 397 395.4 395.7 399.6 402.1 400.9 398.3 395.9 395.9 396 395.6 396 398.3 397.3 395.8 394.1 391 387.5 382.9 377.9
362.7 359.3 355.8 339.7 338.9 339.1 339.2 335.2 329 321.6 313.6 306.3 301.3 301.1 301.7 302.3 292 277.4 270.9 274.8 277.5 283.5 287.3 290.1 292.3 294.7 298.3 302.1 304.8 306 313.1 313.7 326 329.6 334.3 339.7 344.6 352.1 359.9 372.4 385 390.6 393.1 402.9 406.1 416.3 420.1 419.5 418.5 415.4 407.4 406 405.9 405.8 403.5 399 395.8 393 392.4 392.2 393 397 399.1 398.1 394.8 392.5 393.4 393 392.3 392 391.6 394.6 389.9 394.4 392.1 389.3 386.2 382.3
360.4 356.4 353.2 345.9 335.8 334.8 332.9 332.6 328.1 323.5 314.5 308.4 303.1 301.6 301.6 302.1 289.1 277.3 276.8 272.3 274.4 280.9 285.4 287.6 289.5 291.6 298.9 299.9 302.9 310.3 312.9 313.8 322.7 326.5 330.8 334.4 342.4 351.2 358.9 373.2 384.8 384.5 389.9 398.9 404.3 414.7 415.8 414.9 411.9 406.8 401.9 402.1 403.3 403.2 399.8 396.6 392.8 389.6 389.7 390.5 392 393.8 394 393 390.3 389.3 390.7 390.8 389.7 389.1 389 388.1 390 391 390.7 388.3 386.9 384
357.4 353.6 349.3 343.1 341.3 337.7 334.5 328.7 324.6 318.8 314.3 307.1 303 299.5 291.8 287.2 282.4 278.4 276.5 266.2 272.7 280.4 284.8 285.4 286.2 289 295.5 300.5 301.4 310.8 312.7 312.5 319.5 327.7 328.6 330.6 338.3 349.2 357.2 370.9 379.3 380.6 386 394 402.2 411.6 410.8 409.2 404.5 400.2 398.8 399.5 400.7 400.3 397.1 392.9 389.7 386.9 386.4 388.7 392.3 390 389.1 387.4 385.6 385.8 387.5 387.8 386.6 385.3 384.7 385.1 385.3 387.5 388.3 388 386.7 384.8
358.1 354 348.7 344.8 341.8 338.9 338.1 334 320.3 316.2 309.4 306.1 302.3 299.9 291.1 286.9 282.4 279.2 277.7 273.2 271.3 278.7 283.7 284.1 285.6 285.9 290.9 298.8 301.5 303.4 306 304.8 314 326.7 328.1 328.7 335.9 345.2 352.7 366.4 374.3 375.6 382.6 391.5 400 407.6 405.4 402.8 400.9 397.6 396.2 397.1 398 396.6 393.6 389.2 387.3 385.7 382.3 385.5 386.8 385.3 384.3 382.3 381 382 383.5 384.4 383 381 378.9 378.6 381.6 384.6 386.1 386.9 386.3 385.1
361.1 354.8 349.3 346.3 343.6 340.6 338.5 335.7 327.5 320.8 314.8 309.7 303.6 299.6 295.8 295.3 289.7 284.8 279.2 276.7 268 270 281.3 284 281 283.7 288.7 292.8 301.2 301.8 302.5 307.9 313.4 322.6 325.5 325.1 330.7 338.4 346.9 361.8 371.4 372.5 382.4 388.1 395.4 403.6 400.7 398.1 397 395 393.7 394.9 395.8 393.7 390.5 386.4 384.7 382.9 378.9 380.5 380.7 380.3 379.1 377.2 377.1 379.4 380.9 381.2 378.8 374.9 371.9 373.2 377.4 380.8 383.7 384.7 384.3 384.1
372.4 366.9 362 352.6 350.4 346.9 343.8 341.1 333.6 324.5 317.4 310.4 304.4 297.7 295.7 295.6 295.5 295.5 289.6 278.7 270.1 269.3 274.8 277.2 279.7 283.2 286.7 290.3 298.1 299.7 303.7 305.5 317.3 320.1 319.9 319.5 327.9 336.8 344.2 360.4 367.9 370.2 378.1 383.7 389.5 397.2 396.8 395.3 392.9 391.2 391.3 392.7 393.6 391.1 387.9 383.5 381.9 379.8 375.9 376.3 376.9 377.2 376.1 374.5 373.8 376 377.3 376.1 373.9 369.8 365.9 367.9 372.8 377.2 379.6 381.6 380.9 381.7
390.2 384.8 380.6 367.8 363.1 358.4 354.3 349.4 340.9 328.5 320.3 313.3 305.4 298.6 295.2 295.3 295.3 295.3 295.8 280.6 271.5 268.6 269.9 273.5 276.9 280.6 284.4 288.1 298.7 302.8 304.6 305.1 311.4 315.3 315.5 317.5 327.3 334 340.4 355.9 362.9 366.9 371.3 378.1 383.1 391.8 393.6 393.1 390 388.1 388.3 390 392.3 390.7 388 383.3 380.1 377.3 374.3 373.6 374.7 374 373.1 371.9 370.3 371.2 371.2 370.6 367.8 363.9 362.9 364.7 368.2 374.1 376.7 378.9 377.4 377.4
403.8 400.4 395.3 386.3 373.1 367.5 361.1 356.3 346 332.3 324.7 316.8 307.4 299.4 294.6 294.7 294.9 294.8 294.9 283.7 273.6 266.1 269.1 270.2 273.3 277.4 282.2 286.4 290.4 301.1 304.4 304.9 306.1 308.5 311.2 312.5 321.3 331.5 343.7 353.5 359.8 360.1 366 372.2 378 386.8 390.3 389.9 386 383.9 385.1 388.9 391.1 391.2 388.8 385.2 380 376.9 374 370.6 371.7 370.8 370.1 368.5 365.5 365.5 364.6 363.4 362.2 360.3 359.5 361.5 365.1 370.5 373.1 373.7 374.2 376.9
406.2 405.7 404.6 401.3 393.2 374.2 362.9 358.3 351.2 339.1 330.1 321.2 311 302.9 294.5 294.1 294.1 294.4 294.3 285.8 274.8 267.8 268.1 268.7 269.7 275.2 280.6 284.9 288.5 290.2 297.4 300.7 303 303.8 306.6 307.2 321.7 328.6 342.2 349 351.3 356.1 362.3 369.2 373.7 379.6 383.8 384.1 381 378.8 384.9 387 389.8 390 388.9 385.4 381.2 377.8 374.5 368.5 368.9 366.8 365.9 364.4 361.5 358.5 357.8 358.7 358.1 357.2 355.7 356.3 360.1 366.3 369.2 369.9 372.4 375.4
406.6 405.5 404.3 402 398.2 387.8 373.1 364.1 350.2 343 335 325.6 315.3 306.5 297.2 293.3 293.7 293.9 293.9 287.8 276.1 266.6 261.5 267.7 268.2 274.2 278.1 283.7 286.2 287.7 289.3 292.1 295.2 298.7 302.3 310.2 317.5 323.2 337.3 343.8 343.4 351.9 359.1 363 364 372.1 376.8 378.6 376.5 374.8 382.3 384.2 387.5 387.4 386.2 384.5 381.2 378.9 375.7 372.3 367.7 360.2 359.9 359.5 356.9 353.7 354 354.3 353.5 352.2 350.7 349.8 353.3 360.6 365 366.6 369.4 372.9
405.7 404.6 402.9 400.4 397.3 391.1 380.5 367.9 349.6 341.8 337.9 330.3 318.2 308.2 300 292.6 293.2 293.5 293.4 288.6 277.2 265.6 266 267.2 267 274 276.4 280.1 283.1 285.7 287.6 289.9 292.6 295.1 300.2 308.6 315.2 322.1 333.8 339.4 338.6 347.4 354 356.4 359.6 365.9 369.6 371.8 370.4 372.2 379.3 381.3 383.7 383.4 382.6 381.2 378.3 376.3 375.2 372.6 367.4 362.3 351.1 352.2 349.6 349.3 349.7 349 348.5 347.2 346 345.7 348.9 356.7 360.5 363.1 366.3 369.8
404.7 403.4 401.2 398.8 395.2 389.5 381.7 370.7 357.9 349.9 336.1 329 319.4 313.3 305.8 294.4 293 292.9 293.1 292 278.7 266.9 265.4 265.8 266.6 268.6 274.7 276.6 279.7 283.3 285.7 288 290.2 292.8 299.8 306.3 309.5 314.6 327.2 322.7 339.3 342.6 347.7 351 354.2 359.8 365.6 366.5 365.9 369.3 376.1 377.7 379.4 378.5 378.8 377.9 375.7 375 374.5 371.7 366.8 360.4 353.4 346.9 344.9 344.1 344.1 343.8 343.7 342.3 341.9 342.1 346.4 353 357.1 359.9 363.2 366.3
403.4 401.8 399.7 397.4 392.2 385.3 376.2 368.2 356.8 345.2 333.2 327 321.3 317.3 311.2 301 292.5 292.4 292.8 292.7 280.5 268 265.3 262.6 266.2 266.3 269.9 272.7 276.5 280.1 283.3 285.6 287.9 291.9 297.6 300.8 305.3 312.3 315 330.1 334.1 337 342.3 347.7 351.8 355.4 360.6 362 361.3 366 372.2 373.7 375.3 373.8 373.8 374.5 373.8 374.2 372.8 369.6 366.2 361.4 356.1 350.8 347.5 342.2 337.7 338.3 337.4 337.5 338.2 341.1 346.1 350.9 354.5 357.2 360 362.9
401.9 400.1 397.8 395.2 391.3 382.7 372.6 359.2 354 336.8 325.2 324.7 326 321.7 316.4 311 295.2 291.7 291.9 291.7 283.1 270.9 265.4 265.2 265.6 265.9 266.4 269.1 273.1 277 280.8 283.3 285.8 290.4 293.1 298.3 311.1 314.6 322.4 326.6 329.4 332.1 337.5 343.7 347.3 351.1 355.6 356.3 358.2 362.8 367.4 369.5 370.1 369 368.8 372 371.8 371.3 368.4 366.7 364.4 361.3 355.8 348.7 342.9 338.4 332.8 333.7 333.3 333.8 336.5 340.5 345.8 349.8 352.8 355.5 358.2 361
400 398.2 395.4 392.2 389.8 384.7 375 364.3 354.9 335.9 333.3 342.9 340.3 342.1 323.9 317.9 305.3 290.8 291.1 291.3 284.5 274.1 266.4 265.6 265.6 265.7 266.1 266.7 270 274 278 281.3 283.4 286 289.6 301.5 311.6 313.5 317.7 321.7 324.7 327.9 332.7 338 343.1 349.2 351.9 352.1 355.2 359.7 362.9 364.9 365.9 365 365.9 368.7 367.7 367.1 365.9 364.4 362.2 358.6 353.5 347.9 340.4 335.3 331.2 327.9 329.8 332.7 336.7 339.9 344.2 348.6 351.4 354.2 356.9 359.5
397.7 395 392.2 388.8 386.6 382.9 378.5 369.8 361.4 340 349.6 357.5 355 348.8 339.1 327.7 313.9 297.7 290.5 290.9 288.3 278.1 266.9 265.8 264.7 265.7 265 265.7 268.9 272.2 275.5 278.7 280.9 283.1 296.2 298.9 310.7 311.8 313.8 317.1 320.3 323.7 328 334.5 340.5 346.1 347.8 348.8 351 356.3 358.9 360.9 361.5 360.8 361.7 364.4 364.5 363.6 363 361.3 358.7 355.8 351.5 344.6 338.5 333 328 323.6 327.3 331.5 337.1 339.6 343.2 346.3 349.2 352.5 355.2 359.4
394.5 391.5 388.1 385.1 382.9 378.8 375.1 371.8 354.8 358 362.2 359.4 356.8 351.9 343.8 334.3 321.7 307.6 292.6 290.3 290.3 281.1 269.4 266 265 264.5 264.8 264.7 266.7 269 271.3 275.5 278.5 284.1 296.8 298.8 300.4 304.5 308.9 312.9 316.2 319.5 325.2 331.5 336.9 342.1 344.4 345.6 347.8 352.4 354.8 356.7 356.9 356.3 357.3 360.2 361.3 360.5 360 358 355.9 352.9 347.8 340.5 336.1 330 325.1 321.8 323.8 331.7 335.8 338.5 340.9 343.8 347 350.5 353.8 359.9
390.9 388.1 385.2 382.8 381.4 375.9 373.1 365.2 371.1 368.9 365.4 361 357.7 352.4 346.2 336 327.9 316.4 302.2 290.5 289.9 283.8 273.5 266.1 265.2 264.8 262.1 265.2 265.5 266.4 267.2 270.3 277.3 282.4 288.6 298.1 298.7 302 306.8 305.7 312.1 316.1 321.3 325.5 331.2 337.5 340.7 341.7 342.5 346.3 350.8 352.6 352.6 352 353.1 356.1 357.4 358.3 357.9 357.3 354.3 350.3 343.9 336.7 332.2 326.3 320.7 317.7 325.2 331.4 334.7 336.8 338.8 342.2 345.7 349.1 353.4 358.9
387.9 386.1 383.1 381.1 375.2 373 373.4 377.8 375.6 372 368.3 364.2 358.1 350.2 344 336.2 329.5 320.5 310.8 294.4 289.5 287.2 278 265.8 265.2 264.7 264.4 259 265 265.7 266.4 266.3 273.9 281.2 286.9 291.9 296.2 299.6 303.1 305.5 308.9 313.2 316.2 321.2 327.5 333.9 337.8 337.9 339 341.7 345.7 347.9 348.3 347.7 348.9 351.7 354.3 356.5 356.7 356.4 353.6 347.7 339.5 332.1 327.8 321.1 315.2 317.9 326.2 329.8 332 334.8 337.4 341.2 344.7 349.1 354 357.9
386.2 384.3 382.9 380.5 379.4 380.7 382.7 382.2 380.1 375 370.1 365.6 358.5 351.8 346 338.9 337.1 327.1 316.1 305.8 289.1 283.4 281.1 268.5 264.9 264.7 264.5 264.2 264.2 265.3 265.7 265.9 273.4 279.2 284 289.2 294.1 297.4 300 302.8 306.1 309.5 312.6 317.3 323 329.8 333.6 335.1 335.3 337.3 339.4 342.1 344.3 345.2 347.3 349.5 351.7 353.9 355.1 354.8 351.9 346 336.4 328.6 324 317.8 311.5 316.6 323.6 326.6 328.8 332.2 335.9 339.7 343.6 348.2 352.6 355.1
387.3 386.6 386 383.8 383.8 385.9 386.9 386 384.2 379.9 375.1 370.1 365.1 358.7 351.7 332.6 331.5 330.9 322.6 313.2 301.1 292 282.6 273 265.1 264.8 264.6 264.3 264 264.3 264.8 264.6 272.9 277.7 281.3 286.5 291.8 295.3 297.9 300.2 302.6 306.2 309.9 313.8 319.6 325.9 329.7 331.8 331.8 332.8 335.2 338.4 341 342.9 345.8 348.4 350.7 353.3 354.4 353.2 349.3 344.2 334.3 324.9 318.2 311.7 308.8 315.9 321 323.2 326.5 329.8 333.7 337.7 341.2 345.2 349 351.6
388.8 387.6 388.4 388.4 389 389.4 389 388 386.9 385 381.5 377.9 373.9 369.1 361.5 353.1 341.5 332.9 324.9 320.1 306.5 296.9 287.2 276.6 266.2 264.8 264.5 264.2 263.8 263.6 263.3 263.3 268.9 275.8 279.1 284 289.2 292.6 295.5 297.2 299 301.4 305.2 310.2 318.2 322.3 325 327.2 327.8 328.6 331.4 335.9 339.3 341.1 344.7 347.5 349.8 353.4 356.9 355.2 348.1 337.1 326.5 320.1 312.5 303.4 311.6 317.8 319.5 321 323.9 327.2 331.1 335.1 338.5 342 345.4 347.9
390.3 390.2 390.4 390.6 391.2 391.2 390.5 389.8 389.2 388.6 387.1 384 379.7 374.4 367.5 360.5 350.7 339 329.3 321.9 311.3 301 290.9 280 271.4 264.7 264.5 264.3 263.6 263.1 262.9 263.2 263.6 273.7 277 281.6 286.4 289.5 291.9 293.1 294.7 297 302.1 307.9 314.3 318.2 320.2 322.1 324 325.1 328.7 333.9 337.6 340.1 345 350.2 353.4 356.1 357.5 355.5 347.4 338.3 329 319.6 310.4 301.3 311.5 316.1 317.3 319.1 321.5 324.5 328.5 332.1 335.5 338.9 341.7 345.2
390.3 390.4 390.9 391.6 391.7 391.8 391.6 391.3 390.8 389.8 388.8 386.3 382.7 377.9 372.4 364.1 355.8 346.3 334.1 325.6 312.4 303.7 293.8 283.8 273.9 266.6 264.6 264.1 263.4 262.5 262 262.8 263 272.2 274.8 279.1 283.3 286.4 288.4 289.6 290.8 293.5 298.5 304.3 310.3 314.7 317.5 319.4 321.3 323.1 328.6 333 336.7 341.3 348.4 355.9 358.7 358.7 359.1 357.4 348.9 337 329.5 318.5 307.8 299.1 309.1 312.7 314 316.5 319.3 322.7 325.8 329.2 332.6 335.9 338.5 343.5
389.6 390.4 391.5 391.7 391.4 391.1 391.1 390.9 389.7 387.8 385.9 383.9 380.8 377.9 372.7 366.7 359.2 350.9 341.2 329.1 320.2 308.7 297.1 287.4 277.3 268.8 264.9 264 263.1 261.9 261.7 262.1 262.4 266.1 272.3 275.9 279.9 282.8 284.9 286 287.1 290.1 293.7 299.9 306.2 311.5 314.2 316 319 323.7 328.1 332.4 337.2 344.2 355.2 358.4 359.6 360.6 361.8 360.7 350.1 338 329.5 316.9 308.3 298 305.6 308.2 308.3 313.4 316.4 319.4 322.6 326.2 329.6 332.8 336.3 341.6
388.2 389.8 391 390.7 389.7 389.4 389.5 388.8 387.6 385.2 383.1 380.8 377.7 374.9 371.5 366.2 360.2 353.7 344.9 336 327.3 315.5 301.4 291.3 281.9 271 265 264 262.9 261.6 261.3 261.6 262.2 262.5 269.6 273 276 278.1 280.2 281.8 284 287.1 290.9 296.2 303 308.5 311.9 315.5 318.9 323.9 328.4 332.2 337.3 346.6 354.4 357.6 360.1 361.5 364.2 366 357.7 343.3 328.6 315 305.4 294.8 302 302.6 306.3 310.1 313.2 316.1 319.4 323 326.6 330.1 334.8 340.3
386.9 389.4 390.1 389.3 388 387.7 386.8 385.8 385 383.2 380.7 378.1 374.6 371.4 368.1 363.5 358.2 354.8 348.7 340.9 332.2 320.1 305.8 293.8 284.4 275 269 263.9 262.6 261.6 261.1 262.7 262 262.3 267.9 269.8 271.7 273.5 274.3 276.9 280.2 284.3 288.4 295.4 301.7 306.3 310.1 314.8 318.9 323.7 327.8 331.8 337.5 348.2 353.4 356.8 359.4 362.7 367.5 369.4 365 352 333.2 317.7 307.1 296.7 297 297.8 303.8 306.8 309.9 313.2 316.4 319.9 323.5 327.8 332.7 338.4
385.9 388.3 387.1 386.9 386 385.1 384.1 383.1 382.1 381.4 379.6 377.3 373.8 370.1 365.3 361.3 357.7 354.1 349.6 342.1 333.5 322.6 309.8 300.1 287 280.6 270.7 263.8 262.4 261.4 260.1 261.8 261.7 261.9 264.2 265.7 265.8 265.4 267.8 273.1 277.2 281.3 285.9 293.4 300.1 304 308.6 313.5 318.6 323.9 327.7 331.4 339.7 348 352.2 355.6 360.1 365.2 371 373.5 367.7 358.3 344 326.9 313.6 301.7 289.1 292.2 299.3 303.5 305.9 310.4 313.6 316.9 319.9 325.5 329.5 335.1
384.9 383.8 384.3 384.6 384.8 383.6 382.1 381.1 379.8 379 378.6 376.4 372.9 368.3 363.9 359.7 356.1 352.4 347.7 342 334.8 322.1 313.9 300.5 293.3 287.4 281.1 269.7 271.5 261.4 260.3 261.7 261.5 261.3 260.9 260 260.1 259.4 264.2 269.4 273.9 277.4 282.1 291.2 298.3 302.9 308.3 311.2 316.6 324 327.5 332.7 340.5 346.4 351.8 356.1 361.7 369.4 378.4 380.1 372.8 360.4 348.4 331.3 315.4 305.6 299.6 286.6 296.8 300 302.5 307.2 310.8 314.2 318.8 323.5 326.6 330.6
379.9 380.6 381.9 383.2 383.4 382.4 380.7 378.6 376.8 376.8 376.6 375.4 372.4 367.9 363.4 359.2 355.3 351.1 345.2 337.6 333.9 323.3 318.1 311 301.6 289.1 288.2 278.4 268.1 272.1 263.7 261.4 261.2 260.9 260.6 259.6 256.8 255.2 260.6 266.7 269.7 273.9 279.2 289.4 294.6 300.2 298.3 305.9 318.1 323.1 327.3 334.4 340.9 345.5 352.5 357.6 362.9 371.3 378.1 378.9 374.5 363.8 351.1 336.3 317.6 306.8 300.8 289.5 282.6 296.3 298.1 302.4 307.9 311.8 314.2 318.3 321.8 327.4
