app/static/ascii/SO11.asc
ncols 200
nrows 200
xllcorner 310000
yllcorner 210000
cellsize 50
[rows 70 to 104 of 200, columns 0 to 78 of 200]
262.5 249.1 239.4 232.9 229.1 230.2 232.5 234.9 237.7 243.5 253.2 264.6 274.8 292 308.3 319.3 329.4 343.5 361.4 378.3 399.3 420.8 450.8 484.6 486.4 483.8 486 488.6 492 492.8 496 500.4 505.4 513.4 516.1 513.9 514.6 514.7 513.9 511.2 510.9 513 518.1 519.1 519.9 518.8 516.9 515.4 514.2 509.7 506.8 506.2 507.4 505.8 504.9 502.1 498.5 493.6 489.2 485.7 482.4 477 470.8 464.6 458.1 452.6 446 439 432.8 426.6 420.5 412.2 404.9 396.7 387.3 371.4 349.9 330.9 336.7
256.7 247.7 236.5 232.6 230.9 233.5 236 240.6 244.2 252.4 264 277.1 294.2 314.8 326.7 337.9 352.5 370.9 380 403.7 425.4 450.4 475.7 490.5 490.1 489.8 493.2 494.7 496.4 500.6 505.9 508.8 509.7 515.9 517.8 518.5 519.9 520.1 519.2 518.4 516.2 516.6 518.8 520.9 522 521 520.1 517.4 514.3 511.9 514.2 515 513.1 508.4 507.2 503.1 497.5 492.4 487.9 481.7 476.3 471 463.6 457 452 446.5 439.5 432.5 426.2 419.4 411.1 404.7 394.9 381.7 367.1 351.8 341.9 346.6 351.6
252.2 242.5 232.8 232.6 233.8 236.3 240.7 246.6 255.3 265.3 279.2 294 318.2 335.1 345 360.1 377.3 393.6 410.6 432.7 458 476.7 483.1 488.8 493.3 494.9 497.6 499.1 500.6 508 513.3 514.8 513.4 517.3 519.2 522.8 527.7 526.7 523.9 522.5 519.5 517.6 518.6 521.8 522.8 522.5 520.8 515.2 511.8 513.9 517.4 518.5 515.5 510.4 504.9 499.9 495.8 492.1 485 477.3 469.6 462.2 457.1 452.2 447.1 441 433.8 426.6 419 412 402 390.9 377.4 368.4 370 371.1 365.1 366.7 365
249.5 240.1 233.8 234.8 236.9 241 246.3 253.8 266.2 280.2 295.4 315 339.2 353.7 366 379 401.3 420.9 444.6 465.7 475.1 478.8 481.7 484.9 494.5 498.6 500.2 501.9 503.7 511.2 515.9 517.3 516.5 519.6 520.7 526.3 529.5 529.6 528.1 527.8 523.5 520.7 519 520.3 523.1 523.6 519.6 514.9 512.6 512.7 515.3 515.2 513.2 508.5 502.6 498.6 495.1 490 480.1 469.6 462.2 456.9 452.3 447.4 441.7 434.7 428 421.8 412.6 402.9 390.9 394.7 394.8 394.6 391.2 385.8 385.3 381.9 380
247.3 237.3 237.3 237.4 240.4 247.2 254.6 264.4 280.3 294.4 311.1 336 364.6 376.1 389.6 409.9 427.1 454.4 475.6 476.4 477.4 479.9 481.5 484.2 489.2 496.3 500.6 501.9 503.8 510.3 518.1 520.8 523.3 522.4 524.3 527.7 528.7 526.9 529.4 527 525.1 523.2 520.4 519 521.4 522.8 520.5 516 513.4 510.4 509.9 511.3 509.6 505.5 501.5 496 492.2 483.4 471.4 464.3 458.1 453.3 447.5 442.2 437.6 431.1 424.3 416.9 405.3 400.9 409.2 409.4 408.1 405.8 402.7 398.3 397 397.3 397.4
240.8 238.7 239.7 242.2 245.5 252.6 262.2 276 295.3 313.4 329.4 361.8 385.2 403.2 426.4 448.1 461.6 472.6 480.2 479.4 482.7 485 483.5 483 485.5 490.9 497.8 500.3 502.1 508.8 519.8 526.5 526 524.4 527.2 528 529.5 529.5 528.8 526.5 526 523.6 520.8 519.8 520.1 520.4 519.5 517.9 513.3 508.5 505.8 505.5 505.2 502.1 497.2 493.1 484.5 474.5 465.9 459.6 454.6 450.8 444.9 440.1 435 429.9 423.1 413.6 411 414.7 418.2 418.9 417.6 415.4 411.3 409.2 409 409.3 408.3
241.2 241.1 243.8 243.5 247.8 257.2 271.1 288.5 307.5 328.2 359.7 385.9 404.7 429 455.5 463.6 473.8 478.4 480.8 482.1 484.3 483.4 481.1 481.5 484.8 489 494 498.7 499.8 504.6 513.9 524.5 525 523.9 525 527 527.4 527.8 528.1 526.7 525.7 524.1 521.9 520.4 520 519.7 519.3 519 513.4 508.2 504.3 503.2 500.2 497.4 494.4 491.3 479.8 469.3 462.5 456.1 452 447.7 443 438.4 430.6 425.8 423.8 420.3 420.9 423.4 426.8 428.1 427.4 425.1 421.3 419.8 419.7 419.1 419.4
246.1 246.1 246.9 247.3 252.6 265.8 279.1 302.8 322.6 350.9 385.1 410.2 432.2 451.7 462.5 472.5 478.7 483.2 480.6 479.7 478.9 478.5 479 480.6 483.9 487.5 493 496.5 497.3 500.2 507.5 514.4 519.8 520.3 518.4 524 525.1 524.7 525.8 526.3 524.7 523.3 522 520.5 519.8 514.1 516.6 514.8 511.4 507 506.5 504.7 501.5 497.8 496.2 491.5 481.3 471.7 461.8 453.9 449.4 446 441.5 439.5 435.9 432.9 430.1 427.1 428.9 433.5 435.8 437.3 436.3 431.8 430.3 430.4 431.5 431.4 430.9
248.1 250.3 251.1 252 258.3 273 293.7 308 336.5 374.6 412.9 433.1 452.3 461.5 471.2 480.8 487.4 484.1 478.9 478.5 478.1 478.2 478.4 479.3 482.4 486.2 491.6 493.2 494.1 495.4 499.6 504.9 510.5 515.6 513.4 520 523 523.1 525.5 523.5 521.3 520.8 520 518.1 516.6 514.2 512.9 512.2 511.7 510.5 507.8 503.9 500.3 500.3 497.6 488.6 480.7 468.3 459.1 452.6 448.2 446.5 445.9 443.9 440.7 438.1 435.8 435.3 438.7 443.9 445.8 445.2 443.2 443.9 443.7 443.7 443.8 444.2 442.9
250.5 253.7 255.3 259.5 266.6 281 302.1 321.4 354.4 399.4 430 447.1 458.7 470.2 481.1 485.5 486.2 482.1 478.9 478.4 477.9 477.3 476.8 478.1 480.6 483.9 487.2 489.7 490.5 491.6 494.6 499.1 502.6 510.2 510.8 514.4 518 517.2 519.9 519 517 515.6 516.2 515.8 514 513.5 512 512.1 512.5 512.2 508.2 503.5 500.3 498.5 491.4 482.9 475.3 466.7 456.4 453.2 452.7 453.9 452.9 451.4 449.3 446.1 443.5 444.9 449.5 453.8 455.8 456.9 460.1 460.9 461.5 460.1 459.3 459.6 455.3
254.4 256.2 260.7 267.1 275.2 290 304 332.1 367.5 418.2 444 456.6 468.2 479.1 482.2 484.7 485.5 483.5 481 477.8 477.1 475.7 475.2 476.5 479.3 481.6 483.6 484.5 485.3 488.2 492.3 495.5 498 502.4 507.1 508.7 507.6 506.3 509.8 514 511.6 512.2 513.5 516.3 514.2 513.6 511.4 511.7 511.7 510.9 505.9 500.9 496.4 493.2 484.5 479.8 476.2 470 465.2 462.3 463 462.2 460.6 459.1 457.8 454.3 452.1 453.7 459.1 463.8 467.2 475.2 480 478.2 476.1 476.3 479.2 474.2 470.5
258.5 259.5 265.2 272.7 283.2 296.2 311.6 342.4 372.4 410.2 443.5 464.6 473.1 476.8 480.6 481.7 482.7 482.6 482.4 478.7 475.7 474.4 473.1 475.1 476.7 478.2 479.8 480.7 482.5 486.2 490.4 492.4 492.8 495 498.4 502.9 502.4 505.3 510.9 514.1 514.8 517.3 523.7 523.5 520.1 519.4 513.7 509.6 511 509.5 504.6 501.9 497.3 490.3 486.5 483.9 481.1 477 472.5 471.4 471.3 470.5 468.7 467.6 463.7 460.1 460.6 462.4 469.8 475.5 480.4 493.6 497.3 495.8 494 491.4 492.9 486.3 484.3
260.7 263.8 264.2 274.6 285.3 299.8 320.9 345.1 374.3 410.9 433.2 459.4 470.6 475.2 479.3 480.5 481.6 482.6 480.5 478.9 475.3 471.5 471.5 473.1 473.4 474.6 476.3 477.5 480.6 485 487.9 488.1 488.2 490 494.5 498 502 506.8 514.3 515.6 517.5 519.6 523.7 524.2 522.4 517 514.8 514.9 513.6 510.6 508.9 506.4 500.5 499.1 493.2 490.8 488.4 484.5 481.8 479.5 479.6 478 477.3 475.6 470.6 471.5 466.6 469.3 477.5 483.5 490.7 500.8 505 506.4 503.8 500.6 498.3 497 493.4
262 266.4 272.1 277.3 285.2 301.9 324 348.9 383.7 421.4 454.2 465.9 470.3 475.1 477.8 479.1 480.5 481 478.6 477.1 473.6 469.8 466.8 469 469.1 470.6 471.2 473.1 477.1 480.2 482.5 482.9 485 488.8 493.6 497.8 501.5 505.2 511 514 517.2 519.7 520.2 521.2 519.7 518.3 517.4 517.1 516.5 514.6 513.7 513.1 514 507.8 503.3 503.3 497.7 494 490.8 488.4 487.5 486.6 485.9 485 482.6 480 475.8 478.4 482.2 489.1 494.8 502.9 509.4 511.6 510.6 507.1 503.1 500.9 498.4
266 273.2 281.6 288.7 286 296.1 319.4 340.5 375.5 400.8 430.9 458 465.3 470.4 472.8 473.9 476.1 476.2 474.9 475.2 473.3 469.6 463.6 465.7 465 465.6 467 469.9 472.5 474.7 475.9 480.3 484.5 488.6 492.8 496.4 498.6 502 505.3 509.7 515.5 515.8 516.1 517.2 518.4 518.1 517.6 517.6 517.9 518.4 518.8 523.5 522.3 517.5 514.9 512.5 506.8 503 499.5 498.7 497 495.5 493.3 493.1 492.4 489 485 486.6 488.3 492 496.3 503.3 509.2 513 513.6 511.4 506.3 504.8 505.1
273.7 283.5 292.6 301.6 306.6 301.1 298.8 321.2 348.9 377.1 410.4 432.4 452.4 462.1 467 466.2 468.4 470.1 470.9 471.1 469.1 465.4 462.6 462.5 460.8 463.4 466.8 469.5 471.3 473.3 476.6 480 483.2 487 490.7 494.1 497.3 500.9 503.7 505.4 509.4 511.8 514.1 518.4 519.8 521.2 520.9 521.2 521.2 521.5 523.6 526.5 526.9 524.9 518.7 514.4 511.2 508.8 507.8 507.6 506.2 503.9 501.2 500.6 499.7 496.2 494.1 492.4 491.1 494.5 498.4 504.8 509.7 513.3 514.5 511.1 507.5 507 510.3
284.6 294.9 304.1 315.3 324.4 324.6 309.4 312.7 330.9 352.9 391.2 411.1 432.5 446.4 452.4 458.1 461.4 462.9 462.5 461.6 459.9 459.7 458.6 457.4 460.6 464.1 467.5 470 472.4 474.9 478.6 482 485.2 488 491.2 496.1 502.2 504.1 505.5 503.5 508.4 512.6 516.9 520.9 528.6 529.7 527.7 527.9 526.5 526.6 526.9 527.2 529.5 528.5 522.5 512.7 515.4 513.9 513.3 512.7 511.2 508 506.7 505.1 503.8 500 499.3 497.7 494.1 497.4 500.8 506.2 511 514.7 514.6 509.3 506.8 507.4 511.4
294.9 309.2 320.8 331.1 341.1 342.1 333.6 315.7 320.5 344.8 369.4 392.9 412.3 420.6 433.2 446.6 451.6 453 454.8 454.9 454.5 453.1 457.8 458.5 462.6 466.6 468.6 470.3 474.1 476.5 480.3 484 487.2 489.2 492.9 500.4 505.9 505.3 508 512.7 513.4 516.1 519.1 526.1 530.5 530.2 532.6 533 532 533.4 531.2 529.5 531.3 531.2 523 517 519.2 517.6 516.5 515.6 513.6 511.4 510 507.3 504.7 503.4 502.6 500.9 497.5 500.3 503.5 508.3 514.9 515.2 512.7 506.8 505.5 507.5 511.6
304.6 322.5 332.8 346.8 355.8 363.5 353.8 345.9 334.3 334.3 356.9 366.9 381.6 398.9 408.7 416.7 427.4 429.9 435.4 443.5 453.3 456.1 458.6 460.4 464.1 467.4 469.3 471.4 473.7 477 480.7 484.8 488.3 491.3 495.7 502.6 508.2 508.5 513.5 519.6 517.3 517.2 519.5 525.7 527.9 528.2 531.3 531.8 531.5 532 529.9 529.7 529.2 526.7 521.1 525.3 520.4 517.6 516.3 515 514.6 514.1 512.5 510.2 506.7 506.5 506 503.5 501.8 502.8 505.4 509.3 516.5 517.2 511.4 506.6 506.8 507.7 513.2
320.3 334.6 347.1 361.7 369.4 379 372.1 359.8 351.4 335.3 340.7 349.7 359 378.7 390.1 392.9 395.8 408.1 440.1 449.4 453.2 455.6 458 460.9 464.4 467.9 471 471.9 473.4 476.9 480.7 485 489.4 494 498.8 504.7 510.7 512.1 512.7 515.9 518.3 517.4 518.7 520.5 524.4 525.3 525.1 526.1 527.2 525.8 526.2 529.8 529.3 527.6 526.9 527.4 522.3 519.6 516.1 516.9 516 515.8 514.7 513 511.9 510.7 509.1 505 503.4 503.4 506.3 511.3 515.4 517.3 513.8 511.4 512.8 514.5 516.3
334.5 351.8 366.6 379.7 389.4 398.3 393.3 375.8 361.3 357.1 363.1 366.5 371.3 373.4 374.3 402.6 414.6 439.7 445 448.4 452.2 454.8 457.4 460.8 464.2 467.7 471.1 471.5 473.4 477 481.1 485.6 490.1 495.7 500 506.3 512.2 513 511.7 516.4 520.8 520.9 523 519.4 524.1 527.6 531.4 531.2 530.9 527.3 531.5 538 537.7 534.6 530.9 529.2 526.6 524.1 522.9 523.3 519.2 517.2 516 515.6 515.3 514.1 511.3 505.4 504 504.3 508.4 512.4 515.4 518.4 519.3 520.1 515.7 515.6 517
349.3 371.6 393.4 408.2 429.6 427.5 425.2 408.6 385.6 382.2 380.4 382.9 386.9 387.5 391.3 398.5 418.8 434.6 442.3 446.4 450.3 454 457.3 460.7 463.4 466.1 466.7 469.9 473.7 477.9 483.3 488 491.2 494.9 502.5 509.1 512.3 514.7 516.1 522.8 526.1 526.6 525.2 524 529.5 536.4 542.5 541.7 538.4 534 535.8 543.9 543.4 538.3 535 531.8 529.2 529.8 533.7 530.3 525.3 521.7 517.4 517.4 518.1 516 511.3 506.4 505.6 505.6 509.2 512.8 516.1 521.5 523.1 522.9 517.9 511.8 512.6
373.2 393.7 422.3 440.3 448 447.3 438.8 421.6 416.3 414.4 410.6 411.9 413.9 417.3 416.1 415.3 416.1 425.9 435.5 441.7 449.6 454.8 458.1 460.7 461.8 464.5 466.9 470.3 474.2 479.6 484.1 488.4 491.3 495.9 504.7 510.4 514.5 517.6 522.4 527.8 532.1 534.2 532.9 535.8 536.4 538.3 540.9 544.5 542.5 535.8 536.8 547.1 544.4 538 540.2 538.7 533.9 533.3 535.6 533.6 532.5 525.9 518.9 519.1 519.2 517 513.8 509.8 509.4 509.2 509.6 513 516.5 521.1 526.2 525.8 522.7 514 508.5
392.3 422.2 445.1 452.5 457 456.2 449.3 439.8 432 437.9 440.1 436.8 436.8 441.6 439.1 438.4 435.7 433.6 437.7 446.3 452.5 456.2 458.8 460.9 463.1 465.1 467 470.7 474.4 478.5 482.8 486.6 491.3 497.1 504.6 510.6 514.8 520.4 526.6 532.5 537.1 540.2 543.1 545.2 543.7 539.6 541.6 549.1 549.8 543.9 541.7 546.4 542.2 541.4 542 539 534.2 531.9 534.7 533.6 533.1 528.6 519.9 521.4 521.8 520.4 516.9 514.8 513.7 511.5 511.7 513.2 516.6 521.5 528.5 529.3 524.2 517.9 507.8
414 440.6 455.1 459.2 460.7 461.4 459.1 456.3 450.1 450.9 453.4 451.5 448.9 451.8 450.2 450.6 449.6 450.9 450.7 449.7 454.9 456.8 458.7 460.8 462.7 464.9 467.3 470.5 473.6 476.8 480.6 485.1 491 497.3 503.7 510.7 516.6 522.5 528.2 534.7 541 544.2 546.3 548.8 550.3 547.5 546.1 550.9 552.6 547.5 543.8 549 549 549.1 549.4 545.8 537.8 533.3 535.6 534.6 532.2 525.3 521.7 524.1 525 524.2 520.3 519 519.6 516.2 514.2 515.8 516.8 521.1 527.1 528.3 525.3 520 515.3
427.7 450.8 461.2 464.4 462.9 465.4 467.5 463.2 458.5 459.7 460.1 459.6 458.1 458.6 457.3 456.9 456.5 453.8 453.7 452.4 455.4 456.4 458.3 459.9 460.8 462.3 465.9 469 473.5 477.4 481 486 493.1 498.1 502.7 508.6 516.7 523 528.5 534.9 539.4 543.8 547.4 551 553.4 553.7 550.8 552.1 550.6 546.6 544.9 549.5 550.5 551.5 550.3 546.5 540.8 537 537.3 535 531.3 526.2 522.6 526.3 528.9 526.3 523.2 523.2 524.4 520.1 517.9 516.4 517.3 520.3 523.8 524.5 525.4 521.9 518.6
449.3 456.8 464.4 464.1 465 466.5 468.3 469 466.6 466.4 466 465.2 462.3 461.2 459.9 458.4 457.8 456.8 455.9 455.5 455.7 456.4 457.3 458.9 460.5 462.8 466.2 470 474.2 477.8 480.9 487.7 493.7 497.3 502.8 511.4 517.9 521.9 528.6 534.3 538.2 540.8 545.5 550.1 552.7 554.2 554.7 553.2 551 549.4 548.2 548 547.6 547.5 545.9 543.1 540.2 537.9 536.8 533.9 532.2 528.6 526.3 527.4 530.7 529.8 525.5 528 527.1 522.2 522 521.3 522.7 522 522.1 521.8 523.6 524.3 519.9
457.7 465.4 472.1 474.8 476 475.9 475 475.1 474.3 474.2 473 470.2 466.2 463.8 461.8 460 459 457.7 456.6 456.3 456 455.7 455.9 457.4 458.9 461 465.3 469 473.4 477 481.7 488.1 493.3 497.3 506 513.8 518.5 522.1 527.4 534.1 539.2 540.7 543.4 546.4 549.5 550.5 554.5 554.9 551.7 551.7 550.4 547.5 545.4 546.8 545.3 542.2 539.3 537.5 535.6 530.6 532.3 531.6 529.8 529.4 531.6 531.7 528.1 530.7 529.7 527.7 526.5 527.3 526.4 523.6 522 521.9 523.7 520.7 517.4
465.9 478.1 484 483.7 484.2 484.6 483 480.8 479.5 478.2 476.6 474.5 471.2 466 463.5 461.3 459.5 458 456.8 456.3 455.1 455 455.2 455.9 457.2 459.2 463.5 467.8 472.4 477.3 482.3 486.5 491.1 495.2 506.3 514.2 520.7 526.5 529.3 534.7 541.1 542.9 544.8 549.7 548.5 547.3 549.9 553.2 551.8 551.8 548.4 545 544.9 547.2 545.7 543.6 541.6 538.1 535.9 537.9 535.4 533.2 532.3 533.5 535 534.2 529.7 530.8 529.6 530 528.9 529.9 528.9 525.1 523.3 523.5 522.8 518.4 512.9
474.8 482.8 491.4 491.6 491.4 490.7 487.9 486 483.8 481.4 479.5 477.4 473.5 469 464.1 461.2 459.4 458.1 456.5 455.2 454 453.9 454.1 453.5 455.4 457.5 461.3 465.8 471 475.5 480.8 483.7 484.9 494.5 502.9 512.7 520.1 526.6 529.8 531.4 542.7 547 545.9 552 553.8 552.6 549.5 550.4 550.7 551.3 552.9 546.8 545.2 546.6 545.9 544.4 543.2 539.4 538.2 541.3 540.1 538.7 538.6 538.3 538 538.5 533.6 530.6 530.9 530.1 528.5 529.5 528.6 526.4 526 523.9 520.1 517.6 513.5
479.1 487.1 495.1 498.4 499.6 497.8 493.9 491 488.8 483.5 480.6 477.8 473.8 470.7 465.4 461 457.7 456 454.5 453.7 452.5 451.4 451.8 451.2 452 454.6 459.3 464.2 468 472.6 476 478.5 480.9 493.3 502.5 511.8 518.5 524.9 530 533.5 542 546.1 548.1 549.9 553.1 551.5 550.6 552.8 550.4 550.1 551.1 549.3 545 546 546.5 545.5 545 542.2 541 543.8 542.5 540.8 540.4 540.3 539.6 538.4 536.4 534.9 532.8 530.6 529 527 526.2 526.5 525.6 523.4 518 517 513.8
484.7 495.1 503.7 507.1 508.2 505.6 500.4 497.3 494 489 483.5 479 473.4 470.5 465.6 462 457.2 455.1 453.1 451.7 450.7 449.1 448.9 448.6 449.6 452.8 457.3 461.5 465.5 469.9 473.5 477.9 480.9 490 502.4 511.7 517.8 524.6 532.8 539.7 541.9 544.9 547.9 548.6 552.8 553 551.5 551.1 549.4 549.5 547.6 546.9 545.6 545.1 546.4 546.6 545.8 545.9 545.2 545.5 545.6 542.1 541.8 541.7 540.8 538.8 537.4 538.3 534.6 533.2 530.5 526.3 525.3 524.1 523.6 520.7 517 516.3 512.6
494.8 506 508.3 511 513.7 511.6 507.1 504.8 503.1 497.3 490.5 484.4 479.5 472.2 467.9 464 458.8 454 451.8 450.2 448.8 447.1 446.2 446 447.2 450.6 454.5 458 461.6 467.2 471.8 477.3 481.6 488.4 499.9 509.1 516.8 522.9 529 536.6 540.3 543.9 546.4 546.8 547.8 551.6 550.9 548.4 548.9 545.1 545.4 545.8 546.1 544.9 545.5 545.1 545.8 545.5 546.7 546.6 544.7 543.1 541.7 541.8 540.5 538.7 537 537.5 536.8 537.2 533.7 524.8 522.3 521.5 522.1 519.4 515.4 513.9 509.5
509.5 515.2 514.5 514.2 515.6 515.6 514.5 514.9 513.4 510.3 502.3 495.5 487.3 477.8 471.2 466.2 461.2 457 451.5 449.5 448.7 446.3 444 443.6 445.3 448 451.2 454.1 460 464.3 470.1 474.1 479.1 488.7 497.7 506.5 512.9 520.8 527.9 532.8 538.2 541.7 544.5 546.2 546.7 549 548.4 546.2 546.7 546.7 542.3 546.9 547.5 548.7 545.2 544.1 545.4 544.8 544.6 545.1 542.1 540.8 540.9 540.1 540 538.2 536.8 538.3 538.8 538.2 534.1 525.1 520.5 512.7 518.7 518.9 514.3 510.9 508.4
517.6 521.6 519.6 518.2 516.3 516.5 519.8 525.1 522.2 520.3 514.9 505.6 497 484.9 476.5 471.5 464.3 459.3 453.6 448.1 448.7 445.7 442.9 442 443.5 445.3 447.6 450.9 456 461.5 466.6 472.3 478.7 486 494.7 503.2 509.2 517.6 525 529.2 535.5 539.8 544 545.1 546.3 546.3 545.9 546.3 544.9 543.5 543.2 545 545.9 547.7 545 542.3 544.1 544 543.1 542.4 540.3 539.1 539.7 538.5 539.1 541.2 539 539.5 540.7 537.8 532.1 526.3 520.9 519.5 518.8 517.9 513.5 512 510.1
