app/static/ascii/SO16.asc
ncols 200
nrows 200
xllcorner 310000
yllcorner 260000
cellsize 50
[rows 70 to 104 of 200, columns 78 to 155 of 200]
236.4 236 237.6 239.6 240.6 243.2 244.8 249.9 255.3 259 262.7 266 270.7 271 267.8 263.3 260.6 260.2 263.6 268.6 271.4 272.4 276.4 280.7 285.8 291.9 298 304.5 308 306.2 296.8 314.7 327 332 336 336.4 337.9 339.8 338.4 334.3 327.8 319.8 318 315.4 314.9 316.4 313.3 313.2 313 310.1 300.2 299.9 306.7 322.3 345.6 358 372.5 389.4 402.5 408.5 414.3 418.4 419.3 422.4 425.3 421 419.5 417.5 411.5 415.5 415.5 415.8 419.9 424.7 427.9 436.2 442.9 450
234.6 234.7 234.9 235.2 237.4 241.4 243.5 250 257.7 263.8 267.4 270.5 272.1 268.7 265.9 264.1 264.4 268 269.4 272.9 275.4 278.4 281.2 285.3 291.7 297.5 307.3 316.3 315.1 308.5 301.3 320.8 329.5 335.6 340.6 344.7 347.9 347.5 343.4 336.7 329.5 324.4 323.3 320.7 322 324.5 325.3 325.4 328.5 326.8 321.4 320.2 314.4 306.8 308 332.4 346.3 369.8 388.8 401.8 410.6 416.9 417.7 422.2 425.5 423.1 419.3 417.5 414.9 419.8 420.3 421.6 424.3 428.2 432.6 442.1 449.8 456.1
233.6 233.7 234.1 234.6 235.6 238.2 242.2 249.7 257.2 262.2 266.6 268.4 267.2 265.6 263.6 264.2 267.3 269.3 269.6 272.8 276.7 281.4 286.2 291.4 302 312.2 322.5 327.6 322 316.6 300 318 327.3 341.3 349.7 354.7 352.5 348.9 344.5 337.7 333.5 331.1 331.6 328.9 332 335.6 332.3 338.1 344 348.5 344 337.4 329.1 318.7 312.2 308 326.2 346.2 366.9 383.1 399.4 410.9 413.6 418.8 423.4 420.5 416.7 415.9 414.9 422.4 423.6 424.3 425.6 430.2 436.7 445.7 453.8 460.4
233.5 234 234.2 234.6 235.3 237.1 241.1 249.2 256.3 258.5 263 263.8 262.3 261.8 263.6 264 261.9 261.9 265.1 269.5 273.3 279 287.8 301.6 312.2 323.8 331.5 337.2 332.3 321.7 309.9 317.2 324.2 339 351.5 356.5 354 350.1 346.3 343.7 345 345.2 344.8 343.1 344 344.7 342.2 344.5 348.6 357.4 355.1 350.8 343.2 331.6 322.4 311.4 306.9 326.9 347.4 361 378.3 392.9 407.4 416.5 418.4 418.1 412.8 411.6 412.6 418.7 423.4 425.6 425.8 430.6 440.2 449.3 459.9 468.5
234.3 234.3 234.9 235 235.4 236.4 243.4 250.2 253.6 255.4 258.3 259.4 258.8 260.6 258.7 260.2 266.9 269.4 266.7 268.5 274.1 284.2 296.4 308.9 321.9 334.6 341.7 345.3 344.7 328.1 321.3 309 329.5 330.6 347.2 353 353.4 353.2 353.3 354.4 355.9 356.5 355 356 356.2 354.6 356.1 357.6 357.6 362.6 365.9 363 354.7 342.8 333.7 319.7 311.3 315.3 333.7 347.4 360.8 378.6 394.8 410 410 408 409.8 407.6 408.7 413.7 421.3 421.8 424.1 432.4 441.5 454.9 466.7 477.7
240.9 241.4 238.9 240.2 236 236.9 243.6 249.5 251.5 252.4 254.3 257.6 250.5 253.8 260.1 266.5 272.6 272.8 270.8 273 276.5 290 303.1 317.6 333 343.8 352.3 357.2 352.7 338.9 333.7 327.9 322.3 338.8 341.5 348.4 354.6 358.1 360.2 362.2 363.5 364 367.5 367.4 367.5 370.1 372.7 371.8 372.8 371.5 373.4 370.8 365.6 355.8 344.6 327.7 317.8 310 323.8 335.4 345.7 359.7 374.9 390 402.8 393.6 394.4 398.9 402.3 408.2 417.3 423.5 423.9 433 443 459.5 472.3 486.9
246.4 246.5 241.2 238.3 237.3 238.4 241.6 247.7 249.6 251.3 248.6 253.4 259 254.8 262.3 269.1 274.5 276 275.6 276.7 283.1 294.7 306.8 329.1 342 350.9 359.5 360.3 354.8 347 339.3 337.4 330.4 342.7 350.5 354.8 358.5 363.2 366.8 369.1 370.7 373.5 375 379 383 385.5 386.4 384.6 384.1 382.6 380.2 375.8 371 363.5 347.7 334.4 324.2 313.3 311.5 320.9 334.1 347.4 355.8 369 380.7 379.9 377.4 380.6 390.1 401.3 410.3 416 423.8 435.2 447.1 465.3 477.2 494.5
248.8 245.5 240.1 238 237.5 237.5 238.8 240.9 241.3 247.4 252.2 259.2 261.9 260.2 261 266 271.6 276.8 279.5 282.6 291 302.6 322.6 338 348.6 355.5 362.3 359.6 355.5 350.9 346.3 340.3 347.2 350.6 354.9 359.7 364.1 369.6 376.1 379.6 380.5 381.8 389.3 392.9 396.2 397.9 394.9 392.4 392.2 389.8 385.6 380.8 374.3 366.7 355 344.4 332.8 323.7 312.8 315.5 315.8 329.2 333.1 340.6 350.4 355.7 363.2 366.4 377.4 392.2 404.5 413 424 439.7 452.4 470.7 484.8 508.6
248.2 242.5 239.7 238.5 237.6 238.6 240.6 243 247.2 251.8 254.4 260.7 264.6 264.7 261.5 266.1 272 276.8 282.2 288.4 300 309.1 330.7 343.3 352.5 360.3 363.1 362.1 361.4 356.8 353 348.7 354.1 351 359.2 364 370.3 376.8 384 387.6 388.2 393.3 401.4 404.8 406.1 403.7 400.2 399.5 397.5 394.1 389.5 383.8 378 371.9 365.4 353.9 342 331.4 314.7 320.2 327.7 335.3 339.5 342.3 343.1 338.4 343.6 355.9 372.2 389.6 399.3 415.8 429.5 444.5 457.6 474 492 521.1
247.9 241.5 240.2 238.5 239.4 240.4 243 246.8 250.9 255.1 259.7 263.9 269.5 270.5 267.7 271.4 276.1 281.3 285.4 292 308 322.6 335.7 349.8 358.5 364.5 369.8 370.1 367.4 362.1 360 358.9 353.7 359.1 366.1 369.6 375.7 383.2 389.9 393.5 396.8 406.1 409.2 411.8 413.6 412.1 406.7 403.9 400.7 398.7 395 388.7 383.4 376.6 369.6 358.9 346.4 332 316.9 320 333.3 348.4 352.7 356.9 352 344.6 346.2 349.6 372.7 381.8 397.2 414.3 430.9 447.6 461.2 476.9 498.5 531.3
247.3 243 240.8 239.6 240.9 242.3 244.6 248.3 253.7 258 262.7 268.2 273 274.5 273.3 277.2 283.2 288.7 291.4 300.4 313 329.4 342.9 355 361.7 371.9 377.5 374.5 371.7 367.9 367.3 366.1 363.9 368.3 360.2 377.3 382.9 389.5 394.4 400.1 408.2 413.8 416.7 417.2 419.1 418.6 412.7 406.7 403.1 402 399.1 392.7 384.5 375.6 367.7 357.3 345.1 332 319.2 328 342.8 350.8 356.1 358.9 353.1 350.1 359.7 359.7 368.8 381.1 393.5 407.6 426.2 445.1 464.4 479 501.9 533
248.6 244 241 241.2 242.1 243.3 245.9 249.8 254.7 258.8 264 269.1 275.4 278.7 277.7 282.1 292.3 300 308.2 316.6 320.7 324.3 341.8 353.4 363 376 380.9 381.1 377.3 375.1 374.4 373.8 371.5 374.7 377.7 373.9 388.4 394.3 398.8 406.9 415 421.3 424.9 426.5 426.4 422 415.3 410.9 407.2 404.4 401.5 395 386 377.6 368 359.8 347.8 335.2 317.6 333 349.9 351.8 356.1 358.2 357.4 364.8 380.1 372.2 366.4 380.2 390.5 401.7 415.1 435.8 456.7 476.4 496.6 526.4
250.9 244.6 242.2 242.6 243.4 244.6 247.6 252.1 255.6 258.7 263.6 269.7 275.5 280.4 284.1 289.4 298.1 310.7 322.9 330.9 336.3 341.8 348.6 358.7 370.8 383 387.4 386.3 382.7 381.6 380.7 380.3 378.8 380.3 383.9 387.7 392.2 398.4 404.6 412.6 420.3 427.6 432.1 433.3 430.8 425.2 417.2 414.5 409.5 408.1 403.9 399.1 391.2 380.1 368 357.6 346.3 338.3 324.4 330 346 354 357.5 363.9 368.9 380.4 393.7 381.4 371 369.3 379.5 390.9 402.6 420.5 442.7 464.4 484.9 507
252.8 244.2 243.5 244.4 245.3 246.3 247.9 250 254.4 257.3 264.4 271.5 277.3 283.2 288.2 293.5 306.4 319.4 330.4 338.7 344.9 351.6 358.7 368.7 380.3 390.5 392.8 390.1 390.4 389.7 387.7 387 385.6 387.2 390.9 394.6 398.4 404.5 410.3 417.4 423.2 429.1 432.7 432.8 429.9 426.6 421.1 418.4 414.2 411.9 407.5 404 392.2 379 366.5 354.3 345.2 337 326.5 330.4 353.8 359.1 366.3 373.7 378.9 387.8 398.2 394.1 388.8 382.2 388.9 390.8 386.3 406.1 427.6 449 469.9 487.7
255.2 245 244.1 246.3 248.1 249.1 250.9 253.6 259 262 265 275.2 281.5 286.7 292.8 300.4 314.9 326.9 338.5 348.7 355.6 361.8 369.1 378.2 391.3 396.7 397.6 397.2 399.6 401.7 397.1 394.3 394.5 395.5 390.6 402.7 406.4 410.6 412.5 417.9 421.4 423.8 428.4 430.1 431.7 429.3 423.5 420.6 419.1 414.6 408.1 403.8 390.2 374 369.8 357.4 344.8 336.9 323.5 334.3 352.7 368.2 373.5 380.6 385.5 392.7 397.8 403.3 402.1 393.4 394.5 398 398 397.1 415.8 434.6 454.8 471.5
253.4 245.2 245.7 247.5 250.9 253.8 255.9 257.5 261.6 265.4 271.9 276.4 285 294.8 299.8 305.4 324.8 334.9 349 357.6 365.4 372.1 380.6 390.6 400.7 402.3 403.2 405.4 407.7 408.3 403.2 401.3 401.2 402.9 403.9 403.5 412.6 415.8 415.8 416.2 417.5 419 422.5 428.5 433.3 430.8 428 425.6 420.9 414.1 407.6 402.2 393.3 384.1 376.9 364.7 351.1 340.7 325.4 338 360 375.2 379.6 388.8 392.3 396.9 401.4 408.6 412.9 407.5 398.1 402.4 400.4 395.6 408.4 424.7 443.8 462.9
249.2 246.3 248.1 247.1 250 256.3 259.5 260.8 265.1 271 279.3 288 295.2 301.6 308.8 318.2 327.4 340.2 353.9 365.3 374.5 381.4 392.1 401.7 405 409.2 409 410.8 412.1 413.7 410.4 409.4 411.6 411.4 413.9 416.8 416.9 419.2 419.5 420.2 421.5 421.3 422.5 430.3 434.4 434.5 432.3 428.5 423.6 418.5 412.5 407.1 400.4 391 381.8 365.3 355.9 340.4 326.1 342.2 363.2 378.9 387.3 396.5 397 400.2 406.3 413.2 418.9 417.6 412.7 407.6 404.9 401 402.6 414.2 431.4 452.6
248.5 248.5 249.1 249.9 249.2 254.6 258.3 262 268.1 275.9 284.8 294.8 302.9 309.5 318.9 327.4 332.1 344.7 359.1 372.3 381.4 390.7 402.6 408 412.8 415.6 412.7 414.1 418.9 421.4 419.1 419.6 423 425.9 427.4 424.9 423.3 424 425.8 425.9 425.8 427.6 428.6 429.6 435.1 437.8 434.6 430.4 427.2 418 412.9 408.6 403.3 395.8 379 362.7 347 333.1 327.2 342 364.8 374.7 387.2 393.8 399.9 404.9 411.5 419.5 426.1 426.4 426.6 423.7 414.9 412.2 411.4 410.8 418.2 439.4
249.5 249 251.4 252.1 252.5 254.6 257.8 262.9 269.5 278.2 289.6 299.7 309.7 318.6 327.2 331.3 338.5 351.2 364.7 378.1 389.3 401.3 409.1 414.6 416.6 416.4 416.7 421.1 427.3 430.3 430.1 433.8 443.4 443.3 440.4 434 429.1 431.8 430.8 431.4 432.5 432.8 434 434.9 437.2 439 436.6 434.2 430.4 422.9 417.2 406.4 398.8 390.5 377.1 363.8 345.6 329.8 341.2 346.4 365.7 379.8 389.2 394.7 401.7 409.8 417.4 425.4 431.7 433.7 436 434.1 435.6 426 421.4 423.3 420.6 430.3
251.1 251 252.7 254.3 254.3 254.2 257.8 263.7 270.8 279.4 290.8 303.1 316.6 326.6 331 336.2 343.1 354.4 368.9 382.6 397.1 408.4 413.1 420.7 420.4 419 420.8 424.3 430.3 435.8 440.3 447.8 452.7 449.4 445.6 436.3 434.1 438.6 437.5 440.5 438.6 437.4 438.7 439.7 439.9 440.4 439.7 438.1 437.2 431.4 421.7 409.1 400.4 385.5 369.5 359.4 343.4 336.4 351 356.6 365.1 383.7 396.4 404.6 409.9 416 423.9 430.3 435.3 440 444 447.9 450.8 451 443.5 436.5 433.9 430.9
253.5 254.2 256.7 259.3 259.1 258.3 259.4 259.7 270.7 280.7 295.4 309.3 322.3 333 341.3 345.1 351.5 358.6 372.6 386 400.4 409.3 420.9 423.2 418.3 418 422.3 427 432.2 440.1 445.7 454.7 458.1 450.8 445.2 437.4 436.7 438.9 443.1 446.8 444.8 442.8 443 443 443.7 443.8 445.8 444.2 441.9 436.8 423.4 407.7 397.4 383.1 371.4 354.4 335.2 346.3 360.1 371.4 378.7 390.5 401.4 411.6 417.7 423.5 428.6 434.5 440.3 445.7 451.9 458 464 467.8 467.7 462 451 440.9
256.6 256.9 261.7 264.7 265.4 261.9 262.8 264.1 264.3 278.1 293.9 309.8 320.6 340 349 352.3 359 364.2 376.8 387.4 400.6 411.7 422.8 419.5 414.9 418 421.8 427.6 435 442.9 451.5 459.6 460.8 450.8 448.6 447.3 443.1 441.9 441.9 446.9 450.9 450.3 447.8 447.6 448 449.5 448.2 449.2 446.4 438.2 423.7 406.9 397.5 382.8 370.9 356.1 335.1 350.8 364.8 379.3 389.9 398.1 406.8 415.9 423.3 427.8 433.1 439 445 451.8 459.5 467.5 474.5 481.8 487.3 484.2 474.2 464.5
260.9 262.2 262.2 268.8 269 267.6 270.2 273.2 271.2 265.9 286 303.7 320 340.2 350.3 359.4 366.8 371.1 377.2 388.4 401.1 412.2 417.7 407.8 411.8 415.2 420.6 427.3 434.6 443.1 451.9 459.6 457.1 451.9 452 454.5 448.6 445.9 444.7 447.2 455 455.1 453.9 452.6 453.9 454.5 452.7 453.8 448.9 438.1 422.6 409 401.8 386.5 376.1 362.2 338 353.1 371.5 385.7 394.2 403.6 411.8 420 427.3 431.1 436.7 443.2 449.7 457.3 466.5 476.5 486.9 496 502.9 492.2 497.3 493.2
267.4 269 267.8 272.1 272.6 275 276.4 281.1 284.4 285.9 272.3 292.7 311.8 330.8 349.1 358.6 363 372.1 384.3 397 399.3 401.6 398 393.4 404.1 408.9 417 424.4 434.7 443.5 451 456.5 456.2 459.4 457.2 455.5 452.5 451.2 449.2 448.5 454.3 458.7 459.6 459.7 458.8 459 457.1 457.7 452.6 439.9 425.9 412 402.8 390.4 377.4 362.6 337.1 353.4 373.8 388.8 399 407.4 415.8 423 429.5 434.3 440.4 446.8 454.2 463.1 473.4 485.2 499.1 510.4 517.8 509.8 517.7 520.6
275.3 279.8 276.6 279.3 281.2 285.1 290.6 292.7 294.3 291.5 285.8 284.1 301.6 320.9 336.1 345.5 354.3 368.2 383.6 387.8 385 377 372.1 373.1 386.1 400.7 413.9 422.5 431.6 441 446.5 450.6 457.4 459.6 455.5 454.4 452.8 454.4 453.1 450.5 454.2 459.7 462.6 464.3 463 462.4 460.7 460.5 453.8 441.1 427 416.6 404.9 391.9 377.8 364.4 343.9 352.7 374.5 391.4 402.5 411.1 418.9 425.9 432.1 437 443.9 450.6 458.5 468.4 480.3 494.2 510.2 523.9 533.7 535.6 541.5 545.8
283.6 286.9 286.1 290.7 295.6 298.6 301.5 303.3 303 299.8 298 288.3 285 303.6 316.6 325.9 336.2 347.1 355.4 358.9 355.2 350.2 350 354.6 370.4 382.5 397.6 411.6 421.8 428.8 432.4 437.7 447.5 455.7 452.8 450 451.7 453.7 453.6 451.8 454.2 458.1 462.3 467.8 467.3 464.8 463.7 461.8 454.7 443.9 432.1 422.4 407.5 391.1 377.2 360.4 345.9 349.9 373.7 393.5 406 414.1 422.3 428.4 434.3 439.4 446.5 454.1 462.9 473.5 487 503.4 522.5 539.2 550.1 556.2 559.7 564.1
293.6 297.8 300.7 304.9 314.1 319.2 317.4 313.7 314.7 311.8 308.1 301.7 299.9 297.3 292 302.5 310.7 317.3 324.7 327.3 327.8 329.8 332.6 339.6 351 361 372 381.2 393 399 403.6 408.8 419.8 435.3 441.9 443.3 444.4 448.9 451.2 452 454.4 458.4 461 469 469.8 467.1 466.1 461.7 455.4 446 436 426.1 411.6 397 383.8 366.5 347.6 349 372.9 394.8 408.2 418 425.1 431.2 436.1 441.7 449.6 457.4 466.7 478.6 493.5 514.5 537 555.4 565.9 569.2 572.5 576.9
303.8 313.5 319 326.7 332.3 333.2 333.2 329.2 328 325.2 320.1 315 313.4 311.9 307.5 298.8 294.4 298.5 303 306.9 310.7 315.6 319.9 321.9 330.3 339.7 349.1 358.1 366 372.7 376.8 382.7 392.8 405.8 420.9 430.2 435.3 441.2 446.4 450.7 456.6 458.5 461.5 468.7 471 470.3 469.1 462.9 457.2 449.8 439 429.2 416.8 404.9 389.3 370.7 354 347.1 371.7 394 408.8 419.6 426.9 433.8 437.5 444.5 452.2 460.2 470.5 483.7 500.8 525 552.6 570.3 577.7 579.4 582.6 587.2
320.1 327.8 335.1 346.5 345.5 345 343 339.2 339.3 334.7 332.2 329.9 328 324.9 321.6 308.4 298.4 295.3 297 299.3 303.7 305.8 310.8 312 314.2 321.2 329 335.5 342.6 347.3 352.1 359 369 379.8 393.9 409.1 420.6 431.4 439.6 448.7 454.6 458.7 460.4 468.4 471.5 471.7 470 465.3 459.2 452.2 441.7 431.4 419.1 407.7 392.7 373.4 354.8 344.7 371.1 392.7 409.2 420.1 427.8 433.8 440 444.9 452.4 460.9 473.3 488 507.8 533 566.5 583.4 586.3 587 590.4 595.3
338.8 344.4 357.5 358.1 361 357.4 354.8 352.3 351.3 348.5 346.8 344.3 341 342.1 332.3 318.6 306.4 300.8 297.8 298.9 300.6 303.7 304.2 306.4 308.1 310.6 314.9 318.9 323.7 329.3 333.7 339.8 347.4 356.6 369.3 384.3 398 419 435.7 447.4 455.3 458.9 460.7 467.6 473 472.3 471.6 468.4 462 453.9 444.8 433.6 421 410.4 396.3 379.7 355.1 342.4 368.9 391.1 408 419.2 427.9 433.6 439.8 445.9 452.9 462.5 476 491.8 510.9 538.6 576.7 592.3 592.5 594 596.3 600.2
358.7 362.6 364.2 370.9 371 365.3 362.6 362.6 362 359.5 359.4 358.7 354.2 347.2 335.8 324.2 314.1 307.1 301.4 299.4 300.4 301.5 303.1 304.9 306.8 309.3 311.7 314.5 318.5 322 326.8 331.5 337.4 343.3 353.2 367.2 391.4 420.8 438.6 448.7 455.8 459.1 462.8 466.3 473.4 473.9 473.6 470.8 464.6 456.4 447.9 436.1 422.7 412.6 401.6 380.8 360.3 343.6 367.9 387.6 404.5 417.1 425.1 431.9 437.6 444.2 451.5 461.2 475.7 492.6 511.1 539 572.4 597.6 597.6 598 600.2 604.3
370.5 371 373.8 379.6 375.2 370.6 369.6 371.5 371.8 369.6 369.2 366 357.3 347.4 336.4 326.4 317.6 310.5 304 301.4 302.5 303.1 302.9 304.2 306.1 308.2 310.4 314.7 319.4 323.5 329.1 336.1 345.5 357.8 370.8 386.2 408.5 429.6 443.3 452.4 457.9 461.7 465.2 467.6 472.2 474.9 475.8 473.2 467.1 459.5 450 438.5 424.4 408.8 397.7 383.5 368 346.1 366.6 381.4 395.9 410.5 419.7 427.8 432.4 439.4 447.7 458 472.2 490.6 508.1 532.5 563.3 595.7 599.5 599.7 601.8 605.7
383.1 383.2 384.7 386.8 380.5 375.8 377.2 379.8 379 376.4 373.3 366.8 358.5 345.7 335.2 327.9 320.3 312.8 306.1 303.6 307.2 305.9 304.1 305 304.8 307 311.1 318.5 326.5 334.8 343.1 354.2 366.8 378.8 393.1 410.4 430.2 442.7 450.2 457.1 461.2 464.2 467.1 468.9 473.1 476.5 478.4 476.1 469.4 461.5 451.8 439.3 425 412.3 396.8 384.5 369.4 347.3 358.8 373 381.6 392.3 404.5 414.4 422 429.6 438.5 450.2 463.6 481.7 497.5 519.6 545.8 572.9 592.1 597.5 601.5 604.9
390 393.4 393.2 392.3 385.1 382.7 383.6 384.7 382.5 379 373.1 364.2 356 343.1 335.6 328.4 321 313.9 308.2 309.7 309.7 307.4 307.2 307.3 308.7 310.6 309.8 320.9 332.4 345.6 360.8 376.1 391.7 405.9 419.8 431.6 442 450.4 455.7 460.4 463.6 466 468.2 470.4 474.5 478.5 480.2 477.8 472.3 464.7 454.6 441.3 426.1 410.2 395.9 382.5 367 349.7 350.2 357.4 365.8 374.5 383.2 392.3 402.1 411.8 421.2 432 444.8 460.8 478.1 497.6 521.9 542.6 564.7 583 592.7 599.3
395.8 398.8 396.7 392.7 389.6 388.5 389.7 388.8 383.7 377.6 368.4 359.8 352.2 345.3 334.5 326.6 320.8 315.8 313.7 313.3 311.7 311.6 311.9 312.4 315.2 314.8 310.7 318.7 333.1 350 372.7 393 408.8 422.1 432.6 441.5 449.1 455.4 459.7 462.7 465 466.9 469.2 471.5 475.7 480 481.6 479.3 474.2 467.4 456.6 444 426.1 409.1 393 377.4 361.8 356.3 369 361.7 365 358.2 364.4 375.2 383.3 393.5 403.1 413.2 424.4 438.9 455.2 473 492.4 513.4 533.7 553.5 574.9 588
