app/static/ascii/SO18.asc
ncols 200
nrows 200
xllcorner 310000
yllcorner 280000
cellsize 50
[rows 70 to 104 of 200, columns 0 to 77 of 200]
280.4 284.3 289 292.1 296.4 304.4 318.8 334.6 352.5 366.6 374.8 375.6 373.2 368.8 362.1 363.4 365.9 365.6 364.8 364.5 370.4 375.4 379.3 379.9 378.9 377.5 375 372.4 367.5 366.3 365.5 363.7 360.8 354.6 345.6 330.4 309.4 334.7 345.3 336.6 336.1 341.1 336.5 349 361.2 370.1 379.6 389 394.6 399.6 405 409.1 409.3 406.4 401.9 397.2 392.2 385.2 374.9 365 358.8 351.2 341.6 335.5 325.3 315.8 327.2 334 336.7 342.8 349.6 354.8 359.2 364.1 370.8 378 383.6 386.5
288.5 295.3 303.1 305.5 310.8 318.9 335.1 353.1 367.6 376.9 380.2 378 373.8 366.4 369.7 372 369.7 372 372.5 369.3 380.1 383.1 385.2 384 382.9 381.8 379.6 377.6 377 375.4 373 367.7 359.2 348.6 342.1 331.8 309.3 331.2 344.8 354.1 350.7 354.2 339.8 353 363.1 372.3 381.7 390 395.9 401.3 405.5 406.6 404.6 400.4 395.1 389.8 382 372.1 362.6 356.5 352.3 343.6 335.3 328.8 319.2 329.9 335.9 339.9 343.5 350.3 357.4 363.3 368 374 380.9 385.8 389.3 392.7
298.8 305.3 315.4 320.8 327.5 338.5 355 368.8 380.2 385.8 383.4 378 372 374.7 376.9 377.7 378.1 381.8 383.6 383.8 388.3 390.1 391.7 390.7 389.2 387 385.3 384.6 384.3 379.9 374.9 365.7 355.4 346.1 338.9 326.9 316.1 332.5 345.6 359.5 361.1 358.1 343.7 352 361.3 370.8 378.3 388.1 396.2 401.7 402.5 402.5 399 391.6 386.6 378.6 366.6 360.5 353.4 347.3 342.8 334.9 329.1 320.8 332.5 337.8 342.2 345.9 352.1 359.9 368.1 371.8 377.8 383.8 390.2 393.3 397.1 403.2
309.3 318 325.9 332.8 341.3 358.1 371.8 382.7 388.7 389.4 384.3 378.4 380.3 380.9 382.1 382.2 384.8 391.5 391.5 394.6 396.9 398.9 398.5 397.1 394.7 394.1 389.7 383.4 380.6 376.8 370.9 363.8 352.4 344.9 332.2 314.7 327.2 336.4 348.7 356.9 357 354.8 345.7 348.6 361.5 369.4 378.1 387.2 395.8 399.4 399.5 398 393.1 386.5 381 368.9 361 353.9 346 336.5 330.7 327.3 328 332.5 338 342.3 347.4 351.6 359.1 369.6 375.3 378.6 387.2 393.6 398.7 402.8 408.2 414.5
321 328.3 333 343.2 359.1 378 388.1 392 392 389 384.3 386.5 388.3 384.5 385.6 395.7 399 398.6 402.2 405.4 405.8 405.6 404.9 401.2 399.5 393.4 387.7 379.9 375.8 372.7 366.4 360 350 339 318.7 334.9 338.9 345.5 357.1 360.2 356.5 353.5 346.5 355.8 358.3 371.2 379.6 388.7 394.3 396.1 396.5 396 393.1 388.7 381.5 374.2 362.5 355.1 349.3 344.2 335.8 332.3 334.7 337.3 343.4 348.7 354 360.6 366.2 374 382.4 387.3 396.5 404.4 409.7 413.8 419.2 425.5
332.2 338.2 346.4 364.7 381.3 395.5 401.4 399.4 396.2 393.5 389.8 388.4 390.9 392.3 403.8 409.3 409.8 411.1 412.8 412.9 411.1 410.7 407.7 402.5 398.6 393.7 386.8 378 371.6 368.1 360.1 349.8 340.6 324 329.6 342.1 346.7 358.4 364.7 365.1 362.4 359.7 351.3 366.6 369.5 371.5 380.6 386.9 391.8 395.2 397.4 398.7 395.8 390.6 383 372.6 365.6 358.2 352.4 346.3 342 342.9 342.8 343.3 349.5 356.5 364.3 370.9 375 380.7 390.4 401.1 410.4 415.2 420.1 424.2 429.9 434.5
340.8 348.9 363.3 387.2 402.9 410.5 409 405.3 402.3 399.9 397.5 395.7 403.2 411.1 416.6 419.3 420.2 420.1 418.8 418.5 416.3 413 407.5 401.9 397 391.7 382.7 374.3 368.1 363.1 354 346 332.6 325.9 338.9 349.3 354 360.1 368.7 367.9 366.8 365.3 353.6 368.4 375.7 379.9 383.2 389.3 393.3 396.6 399.4 401.6 399.2 392.6 386.8 380.4 370.8 362.8 354.5 342.5 350.9 350 350.7 350.6 354.4 364.5 375.5 384.5 388.3 398.3 405.5 416 421.8 426.6 430.8 435.1 439.3 443
349.6 362.4 382 406.7 416.8 419 416 413.4 411.5 407.3 406.6 409.3 416.5 421.4 424.7 425.6 426.1 426.1 423.4 422.3 418.8 414.3 408.2 402.1 395.2 388.8 383.5 372 364.2 356.4 349.7 341.1 326.8 340.1 348.8 354.2 359.2 364.1 372.8 373.6 371.6 361 368.4 373.6 375.2 382.3 384.5 391.1 394.8 399.2 402.6 406.8 403.9 397.7 391.2 384.9 373.7 363.6 354.6 355.7 358.5 358.1 357.9 360.9 370.6 381.5 389.7 396.9 402.9 413.6 422.1 428.8 433.4 437.5 441.6 445.1 448.4 450.1
360.5 375.9 398.8 422.3 428.5 427.3 425.2 424 421.1 414.4 418.1 420.9 425.9 430.4 431.8 432.5 432.9 432.1 428 424 419.6 414.4 407.9 400.2 392.3 382.4 378 369.6 359.9 350.3 342.7 329 331.7 345.7 352.2 357.3 361.9 368.4 374.5 379.4 375.8 373.9 375 378.3 381 385.1 388.8 392.5 396 401.3 405.3 410.3 410.5 403.6 396 387.3 374.3 362.9 350.9 355.5 364.2 365.4 368.5 376.6 390.6 408 417.5 417 422.6 429.1 435.5 440.1 444 448 451.4 453.8 455.8 457.5
372.7 388.2 414.1 435.6 439.3 435.9 435.7 433.2 429.7 423.4 429.4 432.3 435.8 437.4 438.8 438.2 437 434 429.4 424.7 418.7 412.7 406.1 396.7 385.2 372 368 359.3 350.1 345.9 338.2 329.1 342.3 341.4 351.8 359.9 364 370.4 378.3 381.4 376.8 379.8 382 382.6 385.2 387.8 390.7 395.7 398.5 403.7 407.6 412.6 413.2 405.9 399.4 388.7 373 360.6 353 359.2 365.8 372 380 394.7 416.3 428.2 432 432.6 436 442.3 446.4 450.4 453.9 457.7 459.9 460.9 462 463.2
379.9 396 423.3 446.1 446.8 444.1 443.8 439.9 435.6 436.6 438.2 441.6 443.3 444.8 444.8 443 440.2 436.1 430.5 424.8 417.8 409.7 401.1 389.3 378.2 365.1 353 346.6 342.7 339.6 332.5 340.4 340.5 348.9 358.7 363.3 365.4 373.3 380.1 384.5 384 385.6 387.4 388.4 390.9 393.7 399.3 400.9 404.9 408.1 411.1 415.4 411.9 406.1 399 382.5 368.5 353.7 362.5 365.6 371.9 382.7 400.2 423.1 434.7 440.2 440.2 443.4 447.3 452.3 456 459.2 462.5 465.2 466.3 466.2 466.2 465.9
389 400.9 428.6 452.4 453.6 450.9 447.5 444.2 444.4 445.6 447.6 448.8 449.8 450.6 449.9 446.2 441.5 436.1 430.4 424.4 416.2 405.6 394.2 382.4 371 354.5 364.4 347.4 338.2 334.5 342.6 344.4 346.6 348.7 363.3 367.9 371.7 377.7 384.7 388.4 389.5 391.4 394 396.4 399.4 404.8 408.7 409.7 409.1 411.4 415.4 416.6 410.5 404.4 390.8 373.5 360 369.8 371.8 378.1 386.5 402.5 427 439.3 445.6 449.7 450.4 452.7 456.6 460.9 464.1 466.8 469 470.3 469 468 468.1 467.3
393.4 405.2 430 453.8 458 454.6 451.1 450.5 451.2 455.6 453.4 454.5 454.5 454.1 451.7 446.2 440.5 434.9 429 421.6 412.1 400.3 387.2 373.7 359.1 373.5 363.3 349.5 338.8 345.8 347.9 353.2 359.2 359.3 363.3 370.6 378.1 384.1 388.6 392.2 394.7 397 400.1 405.6 411.9 416.7 417.7 417.5 417.4 415.7 418.3 415.4 408.2 395.3 371.5 366.7 379.9 381.9 386.1 394.3 405.3 430.9 441.5 449.5 453.8 456.4 457.8 461.1 464.5 467.5 469.9 472 472.6 472.3 471.3 470 467.7 465.2
398.6 410.4 431.2 454.4 459.3 457.1 453.4 454.3 455 456.6 457.7 456.9 456.1 454.4 449.7 443.8 438.8 433.3 425.6 416.9 405.6 393 378.3 360.3 376 366.8 358.5 349.6 346.1 352 358.7 368.1 372.4 369.6 366.8 373.1 383.4 391 395.9 396.7 399.8 402.6 410.1 418.5 424.4 426.1 426.9 426.3 423.8 421 420.5 412.7 401.1 378.4 388.2 380.6 393.3 399.4 404.8 411.8 431.4 444.6 452.1 457.4 459.4 462.6 464.9 467.8 471.1 473.4 474.3 474.3 474.5 472.9 470.8 468.8 466.1 462.9
411.8 413.1 431.1 450.2 457.5 456.6 455 459.1 458.2 457.8 456.1 455 452.9 450.6 445.9 440.1 435.1 429.3 420.9 411.2 399.4 385 370.3 377.6 372.4 363.5 353.3 348.9 356.9 361.5 371.8 379.8 379.2 379 377.5 380.3 393.1 398.7 402.7 402.9 406.3 415.1 424.2 431 434.4 435.6 435.6 434.3 430 426.6 419.1 401.6 402 403.1 405.9 390.4 401.3 415.9 422.7 435.3 444.9 452.7 458.4 462.4 465.1 469 470.6 473.4 475.8 476.5 475.7 475.3 474.4 472.4 470.2 467.5 464.6 461.5
427.8 431.9 439.9 449.5 457.3 456.7 455.5 458.3 456.5 455.1 453.8 451.8 448.8 445.9 441.4 436.7 431.6 424.4 415 404.4 394.5 381.6 370.4 378.3 369.4 359.8 360.4 354.5 364.6 372.9 381.6 386.1 387.9 385.2 392.4 397.6 401.7 407.8 411.4 411.9 417.2 430.1 437.2 441.2 443.4 444.2 444.2 440.6 434.5 422.1 414.6 416 415.9 415.8 414.9 411.8 420.8 431.6 440.3 447.4 454.1 459 463.7 468.1 470.9 473.3 474.8 476.7 477.2 477.3 476.4 475.4 473.8 471.8 469.5 466.5 463.6 460.1
449 448.5 449.4 450 455.9 455.1 455.7 455.9 452.8 451.4 450.5 448.1 444.6 442.2 437.9 433.8 428.1 420.8 411.8 401.3 390.6 380.2 373 374.2 371.2 365.9 365.3 368.7 373.7 379.4 385.1 390.1 396.6 399.6 403.8 410.4 411 420.1 424.2 427.3 432.1 443.3 447.9 450.3 452.8 450.9 449.5 443.1 434.7 429.9 428 432 430.3 429.4 432.7 433.4 441.8 447 451.2 455.7 460.7 465.7 470.1 472.4 474.5 475.7 476.4 477.1 477.4 477.4 476.5 475.4 473.3 471.2 468.6 465.6 462.5 459.5
455.1 453.7 451.2 448.3 449 450 451.5 450.1 447.9 447 445.9 443 440 437.5 433.3 429 423.2 416.6 407.6 396.7 388.4 380.2 374.6 378.2 373.4 374.3 373.7 374.6 380.8 386 390.4 396.7 404.5 408.4 409.2 421.3 422.7 432.6 439.3 444.4 448.3 453.7 458 460.3 460.5 455 452.3 449.7 443.1 441.2 444.7 448.4 449.2 449.8 451.8 453.9 453.3 456.4 458.4 462.7 467.5 472.2 474.7 475.7 476.5 477.1 477.1 477.3 477.6 477.4 476.6 475 472.9 470.5 467.8 465.1 463.3 461.3
460.1 457.6 453 449.1 446.9 444.9 445.7 442.9 442 442.1 441.2 438.8 436.5 431.1 427.2 422.4 417.3 409.8 400.7 392.2 387 381 376.1 380.8 380.2 378.7 381.4 384.3 388.9 392.9 399.2 403.5 410.6 414.6 417.3 431.9 439 446.2 451 454.5 457.8 461.8 465.7 467.2 464.1 460.4 458.9 456.7 453.9 453.7 458.5 461.1 461.9 463.4 463.9 463.3 459.5 462.8 464.7 469.4 473.9 476.3 477 477.1 476.8 477.5 476.8 478.3 478 477.5 476.7 474.4 472 469.5 466.9 465.4 464.2 462
462.9 459.5 453.9 450.3 448.4 443 438.3 436.7 437.4 437.9 437.7 436.5 433.7 428.2 420.8 416.8 411.2 402.8 395.8 390.4 386.7 380.7 379.8 383.8 384.4 383.8 389.2 391.5 397.5 401.6 406.3 417.3 423 424.4 427.2 440.2 450.4 453.7 458.5 462.5 465.6 468.6 470.8 471.2 465.7 466.1 466.1 464.9 463.9 465.4 468.2 470.7 471.9 471.8 470.5 468.6 465.6 468.1 471.1 475.4 476.3 476.2 475.6 475.1 474.4 475 477.5 478.6 477.9 477.4 475.1 473.1 471 468.6 466.6 465.3 463.1 461.8
462.8 457.9 453 449.6 445.5 440.4 434.4 432.7 433.5 435.4 436.7 432.1 427.9 424.3 419.3 410.6 402.8 396.1 392.2 387.8 382.7 380.4 382.8 386.9 387.1 390.5 396.3 399.2 407.5 412.4 422.8 430.6 436.3 439.8 437.8 451.7 459 457.9 465.5 468.7 472.4 474.9 474.7 473.4 473.9 474.5 474.8 473 473.4 474.4 476 477.7 477.7 476 472.4 468.5 469.6 473.6 476.4 476.2 475.4 472.8 471 470.1 470.5 471.1 473.9 475.3 475.6 473.7 473 471.2 469.1 466.9 466.1 463.3 461.6 461.6
460.8 455.5 449.8 446.3 440.6 437.5 432.4 429.6 430.6 432.7 433 428.1 425 422.2 414.9 406.4 400.1 394.9 392.8 385.3 384.5 387.5 387.1 391.4 390.6 395.7 403.6 407.2 417.5 427 435.8 440.3 447.2 454 453.4 463.1 467 468.2 472.6 476.4 479.5 480.4 478.9 478.2 479.5 480.3 480.6 480 480.6 481.3 482.6 482.5 480.8 476.5 474 470 474 476.1 474.5 473.7 470.8 467.6 465.8 466 466.1 467.3 469 470.3 469.7 469.3 470 467.3 466.1 463.4 462.8 461.8 460.1 459.8
456.9 452.4 447.5 442.8 436.9 432 429.3 425.9 428.2 430.9 428.4 426.8 424.1 420.1 416 410.6 402 401.5 395.6 389.6 390.7 393.1 393.2 396 397.6 406 414.5 416.4 423.3 437.5 443.2 451.3 458.9 465.7 467.6 468.8 472.8 478.8 478.5 482.3 485 484.4 482.7 482.8 484.3 484.9 485 485.8 486.5 487.3 486.8 484.4 481.6 476.9 473.9 474.2 474.2 474.3 471.8 469 466.4 464.4 463.5 462.7 462.2 463.4 463.7 463.9 463.1 463.8 463.7 460.4 457.3 456.9 457.2 459.5 458.9 456.4
453 448 443.6 437 431.1 426.9 423.5 421.9 422.3 423.9 422.5 422.1 420.8 419.9 416.5 407.2 406 398.2 397 398.8 397.9 396.2 398.1 401.4 408.3 417.7 426.2 427.3 429.7 443.6 453.4 462.4 469.4 472.4 473.4 474.1 479.5 482.3 484.2 486.1 487.8 487 489.1 491.3 489.8 489.5 490.2 490.7 491.2 491.7 488.2 485.2 481.8 477.3 474.8 475.6 474.8 472.9 470 467.1 464.8 463.9 462.6 461.9 460.8 460.2 459.4 459.4 456.4 454.5 449.9 449.1 445 447.7 449.4 453.2 453.4 451.1
446.6 441.9 436.1 430.9 426.6 423 420.2 419.6 419.4 418.4 418.8 418.5 418.1 417.6 416.4 412.9 411.9 406.9 406.7 404.2 402.9 399.8 403 411.7 420.5 426.7 435.1 439.9 438 454 464.2 471.3 476.2 477.6 479.3 484 486.2 490.2 490.3 490.9 493.5 495.2 494.9 494.9 494.2 493 494.1 494.5 494.6 492.9 489.5 486.3 481.8 476.9 478.3 477.6 476.1 472.3 469.7 467.3 465.1 463.4 462.8 462.3 461.7 461.1 461.5 461.4 460.9 460.1 455.5 450.8 441.4 435.8 436.7 444.4 444.9 442.2
438 432.9 430.2 426.6 423.5 419.7 415.2 415.9 415.1 413.7 413.9 415.7 416.4 417.8 418.4 416.4 415.1 412.5 411.6 408 408.4 405.6 411 421.9 431 437 443.2 447.8 448.3 464.6 471 476.6 480 482.5 490 492.3 497.9 497.3 497 497 499.3 498.4 497.8 498.6 498.1 497 497.4 497.4 496.4 493.9 490.1 486 481.5 481.4 483.1 481.1 478.4 475.8 471.6 468.9 466.5 466.3 465.3 463.6 462.7 462.6 462.7 462.5 462 459.8 456.2 451.7 446.7 437.2 427.6 430.9 432.5 429.5
428.4 426.2 425.4 423.4 420.9 415.5 411.4 409.5 409.9 411.1 409.5 412.8 417.5 420.4 418.9 417.5 417.6 417.1 416 413.2 411.9 412.8 423.4 433 441.2 445.9 450.4 458.2 464.4 471.6 476.3 481.4 485.5 491.5 496.6 502.1 503.4 502.4 501.1 500.1 501.1 500.8 501.6 501.7 500.6 500.6 500.1 499.4 497.3 494.5 489.5 484.7 485.5 486.9 489.7 487.8 484.4 480.9 476.6 473.2 470.9 470 467.9 466.3 465.4 465 463.4 463.2 460.7 457.4 454.1 449.9 445.2 439.1 430.7 420.5 421.5 418.6
422.8 423.3 424 421.8 418.4 413.1 406.8 402.7 404.1 405.7 405.1 410.6 418 420.3 419.7 418.7 418.7 420.6 418.4 416.3 417.7 426.6 432.7 440.3 447.9 452.3 459 467.2 473.9 476.4 480.4 485.1 490.2 498.1 501.4 505.4 506.1 504.3 503.2 501.8 502.8 503.9 504.8 503.3 503.8 503.2 502.6 500.3 497.4 492.7 489 489.3 491 493.1 494.3 494.2 491.6 488.2 485.6 479.1 476.4 473.4 470.2 470 469.2 467.7 465 461.4 459 455.2 450.8 446.6 441.3 434.6 427.6 421.4 418.4 411.6
420.2 422.6 420.2 417.6 415.4 410.5 403.1 397.4 398.1 399.8 402.9 410.3 417.9 419.2 418.3 418.3 420.9 422.9 421.9 421.2 426.9 435.6 440.1 446.5 452.7 460.1 467.3 475 480.6 482.1 484.3 489.1 496.4 503.2 503.8 506.3 506.1 505.5 504.4 503.4 504 504.7 505 504.8 505.9 504 503.4 499.6 496.3 492.3 494.2 495.8 497.9 500.2 501.7 501.1 500.2 497.7 492.4 483.6 479.9 475.9 474.7 473.9 471.2 467.4 463.5 459.7 456.2 452.1 447.7 443.7 438.3 433 427.5 423.7 417 409.5
417.7 417.8 416.1 414.4 411 404.8 396.5 393.8 395.7 397.9 402.1 410.7 417.3 416.7 417.3 419.1 422.7 425.7 425.6 426.6 433.8 441.1 447.8 452.9 459.2 467.6 474.4 480.6 484.3 486.3 488.2 494.1 499.8 504.9 504.7 504.5 505 504.5 503.5 502.8 501.6 503.3 502.8 503.2 502.5 502.5 501 498.4 497.2 497.8 501.2 503.6 504.4 505.1 505.7 506.1 505.6 502.7 496.6 487.3 481.5 478.8 477.9 475.1 471.1 466.9 462.9 458.9 453.9 449.3 445.2 441.2 436.6 430.8 424.4 420.4 414.4 403.7
416.2 412.1 411.5 410 405.9 397.4 391.8 394.6 395.7 397.4 401.8 410.2 413.2 414.8 417.2 420.1 423.9 428.6 428.9 431.8 439.1 447.2 452.9 459 465.5 473.8 480 484.1 487.7 489.9 492.9 497.6 501 502.4 501.6 502.8 503.6 503.7 502 499.6 499.1 499.2 498.2 498.8 500.7 501.1 500.1 499.7 500.6 505 508.5 509.7 509.2 510 510.5 510.6 511.3 507.9 498.5 489.6 484.3 479.8 476.7 473.7 469.7 466.4 462.2 457.8 452.8 447.8 443.5 439.5 433 425.5 420.9 413.9 408.3 398.1
413.3 410.9 404.1 404.2 397.9 392.4 391.4 394.9 395.4 398.2 404.3 410.2 415.1 418.5 420.1 421.4 427.6 430.7 431.7 435.7 445.3 452.4 457.5 464 471.3 478 482.7 487.2 490 493.4 495.9 498.3 499.8 499.9 499.3 500.4 501.4 501.6 497.9 495.4 494.9 494.2 492.3 493.8 500.2 498.3 501.4 502.3 508 511.9 515.4 515.4 513.4 514.3 514.5 514.9 512.6 507.9 498.3 491.4 486.5 482.8 477.1 473.8 468.8 464.4 461 456.8 451.9 447.9 443.6 438.3 431.1 422 413.7 407.2 401.7 396.3
409.6 406.6 401.2 395.1 390.5 387.8 390.4 393.3 395.6 398.7 406.8 413 418.7 422.4 422.9 424 428.6 432.3 433.5 442 449.9 456.8 462.7 469.1 476 480.7 484.6 488.1 491.5 494 495.3 496.5 496.4 497.2 495.9 498.3 496.9 496.1 491.7 488.2 487.6 485.5 482.2 490 494.4 497.9 502.3 508.2 513.1 517.5 518 517.5 517.6 516.6 516.8 514 511.6 506.1 498.2 494.4 489.7 483.7 478.3 473.9 469.4 464.6 460 454.7 450.8 447.5 441.9 436.9 428.5 417.3 407.7 402 403.2 405.1
405.7 400 395 387.5 386.1 391.3 393 394.5 397.1 404.4 408.7 415.6 423 425.2 425.7 427.2 432.3 436.3 443.2 447.3 455.4 461.7 466.9 473 477.8 481.7 484.8 488.8 491.3 491.9 492.8 493.1 491.9 493.2 493.2 495 492.8 490.8 485.8 481.7 476.3 472.3 474.3 486.7 492 499.3 507 512.9 515.5 518.2 517.6 517.9 517.6 517.4 516.2 511.8 509.5 502.4 497.8 494.2 488.9 483.2 477.9 472.9 468.9 463.9 458.7 454 450.4 443.5 436.7 429.9 419.4 408.8 404.5 410.9 415.9 426.9
400.6 394.4 387.1 384.9 387.9 392.2 393.4 396.3 400.2 407.5 411.8 420.8 426.3 429.1 429.2 430 435.8 441.7 449.3 450.9 460.5 465 469.8 474.9 479.2 482.7 484.4 487.9 488.9 489.4 490 490.1 490.3 489.5 489.9 489.1 487.1 484.7 480.5 473.3 464.2 458 471 484.2 493.2 502.2 509.8 514.3 518 516.6 515.6 516 515.6 515.1 511.2 507.4 503.8 498.7 494.5 490.1 484.5 479 473.3 468.9 464.6 460.4 456.1 451.1 446.8 440.5 430.1 420.1 410.6 416.6 420.2 423.3 432.8 435.3
