app/static/ascii/SO19.asc
ncols 200
nrows 200
xllcorner 310000
yllcorner 290000
cellsize 50
[rows 35 to 69 of 200, columns 79 to 157 of 200]
175.8 171.9 171.6 172.9 179 183.5 186.9 198.4 209.7 206.5 202.9 202.2 205.7 202.5 199.9 200.2 199 197.2 201.4 204.4 200.2 202.1 193.1 191 191.2 185.6 186.3 188.5 182.7 173.2 165.9 163.5 146.2 133.9 129.2 127.4 127.2 128.4 130.6 132.7 135.2 139.1 142.7 147.9 153.4 158.6 164.8 168.7 172 178.1 182.6 188.8 192.3 194.2 193.7 191.4 188.4 185.5 182.9 184.3 185.7 187.2 188.3 191 194.9 199.7 204.1 207.1 208.9 205.9 199.5 194.8 190 182.4 182.3 179.6 177.6 176.9 177.7
174.6 175.2 178.8 183.5 187.6 193 200 213.4 223.6 218.8 220.6 214.6 211.1 212.9 214.2 206.3 204.6 209.6 205.2 205.1 206.6 198.2 189.9 187.4 190.2 187.9 188.1 185.8 172.7 165.1 159.5 150.5 135 130.4 129.3 129.2 129.2 132.9 134.8 136.4 137.7 144.6 149.9 156.4 163.4 167.8 173.3 178.5 184.6 191.2 190.3 197 198.6 200.9 200.3 196.9 193.9 189.8 187.4 188.3 189.8 191.7 194 197.4 201.4 205.5 208.6 209.7 208.3 205 198.9 194.2 191.6 190.2 188.1 187.3 185 183.7 181.3
182.2 184.6 190.4 195.4 200.2 205.3 218.3 230.1 238.8 235.5 229.9 226.7 219.9 219 214.1 209.3 216.1 209.3 210.4 204.2 199.9 196.1 186.6 184.7 184.6 184.7 178.2 166.1 154.2 145.1 138 134.2 132 130.5 131.5 132.1 136 139.6 141.6 140.9 142.6 145.3 157.8 165.3 170.8 176 182 195.1 199.4 198.5 195.2 199.9 203.7 206.7 206.5 202.3 198.4 193.4 193.3 193.7 194.9 197 201 204.5 208.1 210 210.6 209.4 206.9 204.2 197.9 194.9 193.3 196.4 196.7 193.3 191.4 188.8 190.9
192 197.6 202.9 208.4 213.4 223.5 237.6 244.1 249.6 243.1 238.8 229.6 223.5 217.6 218.9 219 213.5 210.6 198.3 188.5 188.4 188.9 185.9 183.5 175.1 163.4 153.6 144.2 138.4 142.5 142.3 134.5 132.1 132.2 134.2 138 140.6 149.8 149.5 149.1 151.8 148.8 165.5 174.4 181.9 189.6 202.1 200.7 199.6 199.4 201.9 204.2 205.9 208.7 209.8 205.4 203.2 200.5 200.9 201.5 203.3 205.5 209.4 211.1 213.7 213.9 213.1 211.2 209.6 205.7 199.2 196.2 198.1 201.1 200.6 198.9 196.6 194.3 195.6
205.5 211.7 218.4 224.8 233.6 246.6 253.6 257.4 255.8 249 236.5 227.7 226 227.4 216.9 216.4 206.3 196.2 183.8 182.1 183.2 182.7 180.4 161.9 152.8 146.6 142.2 149.4 147.7 146.1 136.8 133.6 133.4 134.9 135.9 139.9 145 155.3 158 160 165.2 164.6 158.9 180.6 183.9 183.2 189.2 197.2 201.3 203.3 205.8 208 210.1 212.3 213 212.5 210.7 208.6 209.2 209 210.5 213.7 216.8 215.4 215.6 216.1 216.3 214.8 210.8 203.9 198.6 198.5 202.1 205.9 205.7 205 199.1 199.1 202.9
221.4 230.3 238.4 246.2 253.7 261.8 263.1 258.1 246.1 233 228.3 226.8 220.8 215.4 219.4 208.2 195.9 181.5 177.6 178 176.5 166 155.2 149.7 146.6 150.4 154.6 152.6 148.3 138.2 135.8 135.4 136.2 139.8 139.8 143.1 150.6 161.6 163.6 167.8 173.8 176.7 175 168 183.7 192.1 197.2 198.6 202.6 206.9 209.4 211.8 215.9 219.2 221.5 221.8 218.9 215.4 215 215.2 218.2 220 221.4 213.9 213.6 214.2 215.7 215.2 208.3 202.4 200.3 203.1 207.6 209.4 209 208.1 206.4 204.7 203.7
241.2 250.9 257.5 264.4 271.4 269.6 258.3 244.2 236.6 232.5 228.8 218.2 214.8 219.2 211.3 193.8 180.9 173.8 172.8 169.3 156.4 151.7 152.6 151.7 153.8 160 155.8 149.6 139.9 139.1 138 137.4 142.4 148.3 143.4 152 158.7 165.4 169.5 175.2 180.2 186.1 182.2 187.3 182.9 196.8 203.7 206.4 203.7 211.8 214.9 218.4 223.8 226.7 227.5 226.3 223.8 225 225 224.3 222.4 224 222.9 212.5 211.1 212.8 215.9 213.8 205.5 202.5 202.9 206.5 209.2 212.8 212.5 209.2 204.4 203.1 193.8
260.2 266.8 270.7 273.3 274.4 267.4 248.4 242.1 239.7 234.3 222.6 212.4 214.7 210.8 195.6 182 175.5 166.8 162.8 156.6 156.5 160.1 162 165.1 164.2 161.3 151 143.2 142.4 142.3 142.3 144.4 148.3 147.2 149.3 158 163.4 172.6 177.3 182.4 189.9 196.1 192.3 196.1 199 199.4 209.8 213.3 207.5 217.8 218.8 220.3 223.6 227.9 229.7 228.8 230 231.2 228.1 224.2 224.6 226.3 220.4 210.2 210.1 213 213.7 204.7 201.2 200.1 201.6 206.5 213.8 210.6 205.7 204.4 199.7 187.1 175.3
274.4 278.6 279.7 282.8 276.3 260.7 250.7 245.7 239.3 233.3 214.8 203.8 204.2 200 185.8 174.6 167.1 161.8 159.8 165.8 166.9 172 179 167.1 160.9 155.1 148.6 144.4 145.4 148.6 150.7 151.4 152 150.1 154.4 161.5 170.5 176.9 187.4 193.6 205.2 203.5 203.5 205.4 209.9 213.8 210.5 217.7 212 214.4 216.9 219.5 223.4 228.9 232.8 231.7 232.2 228.7 224.5 222.4 224.8 227.1 213.5 209 211.4 209.2 204 199.6 197.1 196.4 199.2 203.3 203.9 200.9 201.3 194 180.2 161.2 146.6
278 286.8 288.5 282.8 272.5 261.5 258 243.8 234.9 225.7 211.7 198.3 196 194 180.3 172.4 163.4 168.8 180 176.8 181.6 181 178.6 167.3 160.3 152.6 147.9 147.9 151.9 154.1 156.9 157.6 153.3 154.4 159.1 166.7 177.1 184.8 195.2 203.6 213.7 215.3 214.6 214 218.9 216.7 217.3 218.2 217.7 217.6 218.6 220.4 224.6 229.7 232.8 232.9 230.6 225.9 222.1 221.5 223.7 216.6 208.9 206.5 207.3 204.4 198 194.2 192.7 191.5 192.9 194.2 195.8 195.2 185.5 179 161.2 143.9 127.2
283.8 293.7 290.3 282.6 275.5 257.8 246.3 233.3 226.4 224.2 207.1 193.7 191 182.5 168.2 171.7 180.6 189.5 194 192 188.1 182.2 169.9 165 156.1 151.3 152.9 153 158.7 159.6 161.6 159 158.4 159.9 164.2 166.2 181.8 195 206.9 218.6 220.9 225.4 226.1 224.6 222.4 220.8 221.1 221.6 221.1 221.5 223.1 225.3 227.9 230.2 230.8 229.5 227.1 222.7 219.7 216.6 213.4 210 204.7 204.2 204.5 200.6 191.3 185.8 186 180 186.4 188.2 186.3 180.6 168.2 148 140.7 126.1 114.3
295.8 294 285.7 278.8 269.7 247.3 228.5 218.7 217.9 208.5 199.8 186.7 182.4 170.1 182.7 189.4 194.9 198.6 200.6 189.9 186.2 176.6 172.6 166.8 159.7 161.8 158 162.4 163.5 163.4 163.8 164.2 165.4 167.3 172.6 179.2 175.5 193.7 205.5 218.6 230.2 235.1 233 229.1 227.3 224.7 224 226.1 226.5 229.6 230 228 227.5 228.3 227.6 224.6 222 219.4 218.6 220.3 218.9 208.9 204.7 198.5 199.3 194.8 186.5 174.7 176.4 170.3 172.8 173.9 174 166.1 150.3 133.9 122 113.2 106.1
292.2 282.9 277.9 267 253.5 236 219.9 213.1 209.5 205.1 187.7 176.6 177.8 189.4 189.1 197.6 202.8 204.4 200.3 190.1 187 175 170 169 167.3 172.8 162.2 167.8 168.1 169.4 169.2 171.1 174.1 177.7 182.7 189.1 194.3 198.2 211.5 220.8 233.1 239.6 238.1 234.8 230.7 231 233.1 234.1 234.4 234.5 232.5 230.2 228.1 225.7 224 222.9 223.8 228.7 222.2 220.3 210.9 204.9 201.3 196 193.1 184.6 176.2 158.9 151.4 147.5 150.5 156.3 155.2 144.3 131.5 120.1 112.3 105.3 101.2
279 274.1 264.3 250.9 239.1 226 212.6 210.4 207.8 191.4 177.1 188.4 200.5 202.7 201.6 207.6 209.3 208 202.3 194.1 188.9 185.6 180.7 179.7 173.5 176.5 162.9 173.8 177.7 177.6 179.3 183.8 186.9 191.7 194.5 202.8 205.3 215 216.3 228.9 240.5 244.5 241.3 237.1 239.6 241 241.7 242 241.4 239.9 236.5 230.9 226.7 222.9 221.3 224.2 225.2 221.9 219.3 214.2 205.5 200.8 197.3 193.9 189.4 182.3 176.4 164 155.2 136.5 124 131.6 133.1 126.4 115.8 108.9 105.3 100 90.1
271 264.5 257 239.5 225.7 213.2 208.5 206.6 188.5 181.8 196.6 204.6 207.7 207.7 206 211.4 214 211.2 203 195.9 181.9 190.1 188.3 184.3 181.2 179.4 169.4 182.2 186.2 187.7 193.5 196.6 199.6 205.3 212.6 218.1 221.7 228.4 225 235.2 243.9 244 241.9 245.3 247 250.9 251.3 250.3 248 244.5 241.1 233.1 227 218.2 219.2 222.2 221.5 218.6 215.4 208.3 202.4 198.8 194.1 187.7 181 174 167 160.3 153.9 136.4 123.8 112.3 114.9 110 103.8 101.3 97.9 88 84.1
264.7 252.3 236.9 226.6 213.3 203.9 200.9 187.1 186.4 192.8 203.4 210.7 212.9 206.4 213.1 216.9 222.7 214.2 203.6 199 195.5 192.6 192.4 190.9 189.2 179.9 177.8 189.6 194.7 199.7 205.7 212.1 219 225.9 228.2 230.7 233.2 235.6 232.7 237.3 242.4 244.8 249.6 254.4 259.6 258.9 255.4 252.8 253.6 252.4 242.8 232.5 224.1 219.4 214.1 216.7 217.8 213.9 206.5 203.3 198.4 194.3 187.2 178.2 169.9 164.4 157.9 146.9 136.1 122.5 110.7 104.9 102.1 99.2 96.8 94.5 90.3 83.4 83.9
250.9 233.9 222.5 210.5 200.6 194.3 189.3 198.8 192 197.2 204.9 212.9 208.6 209.7 215.1 221.2 220.9 215.6 208.4 207.4 200.8 198.9 196.3 191.9 191.6 176.6 190.9 198 204.3 218 226.8 233 235.2 237.1 239 240.3 241.1 241.1 235 241.2 245.6 251.3 256.1 261.6 263.6 259.1 255.1 255.2 249.6 246 239.6 227.6 222.1 219.5 215.3 208.1 206.8 203.1 200.8 197.8 193.1 186.9 178.9 167.2 156.9 146.3 134.8 125.2 116.2 108.6 102.6 99.5 97.4 95.4 92 89.5 85.5 83.3 83.4
230.1 224.1 211.6 198.8 193.9 190.9 199.8 199.1 193.2 202.5 211.8 214 210.9 214.5 219.3 221.7 219.7 217 216.2 211.3 205.6 205.4 202.9 203.8 199.3 192.2 202.4 207.5 221.3 233.8 240.6 243.2 245.2 246.8 247.9 247.1 245 240.5 243.5 247.1 253.1 259.1 261.8 258.9 258.7 252.6 248.7 245.8 239.5 235.9 228 222.3 215.9 210.7 205.5 199.3 199.8 198.6 195.2 191.3 183.5 178 165.9 152.8 140.8 129 119.7 113.4 108.9 102.4 97.7 95.2 93.5 91.8 88.9 84.8 83.3 83.4 83.5
215.3 210.8 201.9 192.5 194.4 200.2 197.5 193.5 202.6 207.4 209.4 213 213.5 215.5 218.8 220.5 223.7 224.3 220.1 217.2 215 210.5 210.6 202.8 205.4 208.5 215.4 224.3 235.2 243 248.2 252.1 252.7 251.7 248.9 247.5 248.7 249 250.8 253.8 256.9 260.5 258.5 253.3 250 246.6 241.4 236.7 230.1 226.2 218.9 214.9 205.3 201.9 196.6 194.8 195.1 191.5 187.2 179.9 171.4 159.1 147.6 136.1 126.9 122.5 115.1 111 109 106.1 95 91.1 90 88 84.5 83.5 83.4 83.5 83.3
205 199 192.9 195.6 207.8 206.2 200.9 196.4 200.7 207.2 211.6 212 215.5 219.4 222.9 228.3 231.2 228.9 224.8 224.6 220.4 216.2 215.2 215.4 219.5 212.4 226 233.8 243.8 253.2 255 252.7 249.8 248.3 249.1 250.8 253.9 256.8 257.1 257 253.7 253.3 252.3 246.8 242.8 239.4 235.3 229.8 220.5 218 212.1 204.8 192.5 191.6 187.7 186.8 186.6 181.7 174.5 165.3 153.9 140.8 129.3 122.8 117.6 114.1 111.6 111.8 108.6 95.9 89.3 87.6 86.8 85.5 83.9 83.4 83.5 83.6 83.6
192.1 195.5 196.3 201.7 205.6 202.4 198.4 196.8 200.6 205.1 214 216.5 218.9 224 230.5 236.7 237.9 233.9 234.3 234 229.6 225.2 226.4 227.8 231.3 226.7 235.4 244.7 252.4 250.9 248 247.7 248.6 252.5 256.7 259.2 261.3 261.4 255.6 250.6 248 246.8 245 239.2 232.3 228 224.5 222.2 213 209.6 202.8 193.8 178.9 177.3 172.4 179.3 175.6 168.1 158.3 148.3 138 127.3 119.1 113.9 110.7 108.4 106.3 103.2 96 89.8 86.9 86 84.7 84 83.5 83.5 83.6 83.7 83.7
193.7 200.2 199.8 204.1 206.4 198.4 197.7 199.1 207.2 211 214.2 218.4 224.3 233.4 240.7 244.9 247.2 242.5 246.7 249.1 241.5 237 238.7 242.5 244.4 241.7 239.9 245.4 245.6 244.9 247.4 250.3 254.5 257.9 260.5 263.7 265.7 261.5 253.2 247.2 242.1 239.9 235.3 230.2 224.2 219.2 213.3 209.6 202.7 200.8 191.1 177.3 163.7 154.6 157.7 163.4 160.2 153.7 142.4 134.5 125.7 119 110.5 106.7 103.3 100.1 96.5 92.2 88.5 85.8 84.4 83.4 83.4 83.7 83.7 83.7 83.7 83.8 81.6
193.5 200.4 197.7 202 196.7 195.8 205 200.5 206.9 215.1 217.9 224.4 235.5 245 251.7 257.3 260.9 255 260.9 258.4 255.8 251.5 251.8 253.4 251.3 247.9 244.9 244.7 245.9 249.2 255.5 255.5 256.9 260 264 268 265.3 257.4 249.2 240.3 234.6 230.2 225.6 221.3 213.7 210.7 209.4 202.9 192.1 190.6 182.6 176.1 164.4 156.6 145.3 139.8 147.6 141.2 131.4 120.3 118 110.1 103.4 99.1 96.2 95 91.5 88.4 84.3 83.7 83.6 83.5 83.7 84 83.9 83.9 83.9 82.4 83.5
196.4 203.6 192.6 191.8 191.2 193.5 197.3 201.8 209.1 217.9 224.1 236 248.2 256 264 269.1 269.3 270.6 274.2 272.9 270.4 261.7 261.7 262.7 257.7 253.6 252.6 254.9 256.6 256.5 256.3 256 258.3 262.3 262.1 260 254.3 247.1 240.7 232.7 227.5 220.5 217.9 211.2 207.3 202.9 195.5 191.2 187.1 182.2 175 167.9 163.4 156.1 145.6 129.8 126.6 128.6 118.4 110.8 104.5 100.3 97.4 95.3 93.7 90.9 88.3 84.6 84.4 84.4 84.1 83 83.9 84.5 82.2 81.4 82.8 82.8 84.4
184.5 186.6 188.8 188.5 191.5 195.8 201.1 206.8 212.7 221.1 235.5 248.2 259.1 269.6 277.3 280.7 278 279 279.9 281.6 275.9 269.7 271.1 271.4 267.5 266 270.1 267.1 261.3 257.1 254.6 255.7 254.9 253.6 251.1 248.9 242.3 237.8 230 224.4 218.3 213.3 208.5 204.3 198.3 194.4 191.4 188.1 181.3 172.3 165.9 165.5 156 151.6 144.3 134.2 116.7 111.7 108 103.5 99.6 96.8 94.7 92.7 90.8 86.4 84.4 84.4 84.4 84.7 84.8 82.2 82.7 83.7 83.4 83.7 83.7 84.4 83.8
182.5 183.7 187 193.6 196.5 201.9 208.5 217.7 227.2 236.2 251.7 263.2 273 282.4 286.5 284.4 278.8 282.3 286.9 282.8 274.1 273 276.8 278.8 277.3 276.4 272.6 262.6 253.5 250.7 248.1 248 244.6 242.8 239.6 237.4 233.8 229.8 224.7 220.6 218 209 198.1 194.1 191.6 189.7 183.9 178.2 174.6 167.9 150.7 151.1 148.3 142.4 132.3 122.5 111.5 106.8 104.6 100.9 97.5 95 93.1 87.5 84.1 84.2 84.4 84.5 84.5 82.3 82.4 84.3 84.3 83.4 83.4 83.6 84.1 84.4 83.9
187.3 188.1 195.4 204.3 205.6 212.1 224.8 233.1 244.1 254.5 266.4 277.3 287.9 288.9 285.3 281.1 285.2 284.4 281 276.7 280.1 281.4 281.2 280.4 279.4 271.6 257.7 247 243.5 242.4 240.5 237.5 234.5 233.3 232.3 230.4 227.9 225.1 222.5 219.4 208.1 199.4 186.9 176.5 171.2 172.6 172.2 167.2 159.2 153.1 147.2 129.3 136.9 129.4 116.2 108.6 104.7 102.7 101.5 99 94.8 87.7 83.8 83.9 84.1 84.1 84.5 84.6 82.1 84.4 84.5 83.8 84.2 84 83.9 84 84.4 84.2 83.9
189.9 194.9 201.1 206.8 213.9 226.5 235.1 244.6 257.9 270.3 276.8 284.1 286.3 286.9 285.6 284.1 283.2 278.8 276.2 276.5 278.8 280 279.6 273.7 264.9 252 240.7 237.6 237 235.7 233 229.8 226.4 226.4 224.9 222.8 222.1 217.7 210.1 204.9 202.7 205.9 196.5 188.4 179 166.5 156.2 148.5 147.9 139.3 127.1 129.5 115.7 112.2 106.6 104.9 103 97 97.8 95.6 84.6 84.1 84.2 84.1 84.2 84.5 84.3 82.2 84.6 84.6 84.6 84.5 84.4 84.4 84.4 84.4 84.2 83.9 83.6
194.4 197.8 204.8 212 222.9 230.3 239.1 250.8 264.7 274.6 281.5 288.2 287.1 281.2 283.6 282.7 275 273.2 275.6 280 281.4 279 270.7 258.7 245 237.4 233.9 232.6 233 232.5 229.3 224.9 221.6 215.7 214.2 211.8 206.9 200.1 202.4 203.8 199.3 195.1 189.6 181.2 173.1 166.4 156.6 147.4 128.1 130.6 133.3 119.5 118.4 119.8 120.5 119.1 113.7 97.7 95.9 86.9 84.3 84.4 84.3 84.4 84.3 84.5 84.6 82.9 84.3 84.5 84.5 84.4 84.1 84.1 84.1 84.1 83.8 83.5 83.3
199.9 204.3 208.8 218.7 225.1 231.8 241.7 255.1 271.5 283.9 283.4 279 274.6 272.6 272.6 271.4 270.6 271.8 277.4 280.8 278.3 268.4 252.2 240 234.4 230.7 230.2 231.8 230.3 229.1 226.5 221.5 218.9 214.3 207.4 203.6 194.2 190.1 181.9 182 176.8 171 166.1 165 160.4 152.8 144.8 135.5 141.8 141.7 137.9 131.9 132.9 136.2 135.3 128.5 120.8 99.7 93.5 85.4 84.5 84.5 84.5 84.5 84.5 84.5 81.7 83.3 84.1 84.3 84.4 84.2 83.9 83.8 83.7 83.9 83.6 83.1 83.5
210.1 213.3 217.3 223.1 232.4 243.3 254 264.6 274.8 276.4 274.8 273.5 272.9 272.3 267.4 270.4 272.2 275.5 279.7 274.9 263.1 249.6 237.9 231.9 229.3 230.2 231.4 230.7 230.9 225.7 223.2 221.8 215.9 211.2 206.6 203.1 199.8 196.2 191.6 185.8 180.3 172.3 166.5 154.6 147.8 139.6 144.6 145.8 148.4 148.4 149.6 157 158.4 157.8 149.6 131.5 113 101.1 91.8 85 84.9 84.9 84.8 84.7 84.4 82.3 84.6 84.8 84.5 84 84.3 84 83.7 84.7 83.4 83.6 83.4 82.8 83.7
218 227.2 234.3 241.1 246.3 253.9 260.7 265.7 270.3 274.1 278.1 276.9 274.2 270.7 269 270.1 266 265 262.9 253.9 242.8 237.4 231.3 226.9 228.6 231.9 231 232.8 231 229.4 230.4 230.6 224.8 214.9 208.7 205 200.9 196.6 189.7 180.6 169.9 162.9 152.6 149.5 150.4 154 157.8 159.3 165.4 169.6 174.2 179.2 174.5 167.5 150.9 131.8 114.7 101.8 88.5 84.9 85.2 85.4 85.4 84.9 81.5 83.8 83.3 84.9 84.7 84.4 84.4 84.4 85 91.6 85.4 83.1 86 84.5 84.3
233 241.3 249.6 253.2 256.7 261.7 264.5 276.1 282.8 281.4 278.5 272.5 269.2 267.3 260.2 261 250 244.8 241.7 237.8 235 232.4 229.5 219.8 221.8 225.3 228.2 229.1 232.4 238.4 240.7 238.1 230.8 222.3 214 208.2 202.4 192.8 184 177.7 168.5 162.4 163.6 163.2 168.5 170.8 175.5 174.6 183.2 193.2 192.6 187.3 176.9 160.5 142.7 126.7 109.2 90.2 84.3 84.5 84.8 85.4 85.8 84.3 85 84.9 84.4 84.8 84.8 84.6 84.8 84.7 86.2 90.5 89.6 87.5 85.9 85.6 85.3
248.2 258.7 263.8 264.6 266.1 275.2 283 284.3 279.7 274.2 270.8 270.3 270.4 265.4 253.8 244.7 236.1 231.7 229.6 228.9 230.7 228.8 225.7 213.9 215.4 218.2 222.2 230.7 240.1 248.3 246.4 237.9 229.8 222.9 216.1 207.9 198.7 192.7 186.1 176.8 179.9 179.8 178.5 178.6 188.1 195.5 198.4 199.4 198.1 197.8 191 178.1 170.5 148.3 129.6 113.8 101.2 84.1 84.6 84.9 85.1 85.3 85.4 83.3 85.2 84.9 84.9 85 85 84.7 86.5 93.7 92.2 94.7 94.5 93.9 87.2 85.4 85.4
263.3 268.7 272.6 275.2 281.6 286.4 284.6 278 275.1 274.3 274.2 273 266.7 259 252.2 242.4 234.2 229.5 217.1 221.7 219.5 220.7 216.1 212.1 204.5 211.1 224 236.1 247.1 248 241.1 232.1 226.3 220 211.4 202.7 193.5 190.6 190.6 191.6 194.7 198.3 201.3 206.4 213.5 216.5 213.3 209.3 209.5 200.1 183 176 158.2 136.3 118.1 97.2 86.4 84.5 84.6 85.2 85.4 85.5 83.9 85.5 85.6 85.1 84.8 85 85.3 93.2 100.5 101.2 102.3 101.6 103.4 98.9 91.2 89.1 85.9
