app/static/ascii/SO20.asc
ncols 200
nrows 200
xllcorner 320000
yllcorner 200000
cellsize 50
[rows 70 to 104 of 200, columns 78 to 155 of 200]
474.8 470.8 472.4 476.3 474.8 468.3 465.4 467.9 471.7 476.2 480.2 480.6 482 482.4 485 488.1 489.2 489.1 485 485.3 478.3 471.2 471.3 471.9 472.1 469.1 467.2 461.5 458.4 458.2 457 455.5 450.1 445 444.8 443.9 440.3 428.1 427.6 432 434.4 426.1 412.3 400.4 399.1 387.8 380.2 373.7 370.5 366.5 362.2 357.2 353.1 344.8 335.2 314 289.7 274.5 263.4 254.7 243.5 241.2 251.7 265.8 281.6 296.8 307.8 316.7 330.8 346.6 359.6 368.7 372.2 375.2 377.5 381.1 385.7 389.1
466.8 462.8 466.4 470.8 468.7 461.4 458.4 458.5 461.5 463 464.3 465 467.2 466.2 466.7 469.6 474 472.4 468.5 465.4 460 458.5 458 459.9 457.5 456.8 455.2 451.8 450.8 452.6 452.6 449.4 445.7 441.5 445.2 440.9 433 423.6 428.5 432.9 434.1 425.9 413.6 402.4 394.2 386.3 381.5 380.1 369.4 365 360.3 355.7 351.6 345 331 310.7 287.6 273 261.8 253.2 244.4 236.3 249.8 262.9 277.5 291.8 302.9 313.1 323.8 336.1 352.8 364.8 368.9 371 373.9 378.6 382.3 385.7
457.4 455.2 460.7 464.6 460.3 455.5 450.8 450.1 451.5 452.7 454.4 455.1 454.8 454.3 454.6 455.4 455.3 456.6 456.3 452.6 450 448.7 448.9 448.3 447.2 448.8 446.5 445.6 446 447.6 443.8 439.2 439.8 442.4 442.4 437.4 427.7 421.7 429.4 436.5 439.3 433 419.3 405.5 392.4 385.8 382.6 376.7 367.2 364.6 359.4 354.1 350.6 343.9 332 313.7 287.2 272.4 260.7 251.2 244.3 236.1 247.2 260.4 274.7 287.1 297.5 307.7 318 329.5 343.4 358.1 365.7 368.3 371.2 375.8 379.8 382.5
450.7 450.5 453.1 456.3 455.6 450.9 447.1 444.7 445.3 448.2 449.8 449.8 449 448 445.9 444.6 444.3 442.8 444.2 445.2 441.2 440.7 438.8 439.9 440.2 443.2 444.4 442.7 441.7 442.3 434 433 436 441.3 439.1 433.6 425.2 419.8 429 436.9 440.9 437 419.8 403 391.3 385.3 383.1 371.9 365.9 362.5 358.6 353.6 348.8 342.3 332.5 316.9 288.9 272.9 260.2 250.1 243.5 236.1 245.3 257.1 270.3 282.5 293.1 302.5 312.6 323.6 336 349 361.1 365.1 368.4 373.5 377.3 380.6
445.2 445.6 448.3 449.8 449.2 448 445.1 442.6 442.9 444.6 445 445 443.5 441.6 440.1 439.3 437.3 435.6 436.9 436.5 434 432.2 432.1 433.1 435.4 440 440.4 436.9 433.6 433.9 428.6 432.2 436.5 437.2 433.4 428.9 423.6 418.3 427.3 436 441.2 431.3 412.7 396.7 389.4 386.3 377 367.8 364 360.6 357.1 352.7 347.7 342.4 334.2 322.1 295.5 273.2 260.7 250 236.4 235.7 243 254.1 266.6 278.5 288.6 298 307 316.7 329.1 343.5 355.2 361.5 364.7 371.1 375.1 378.8
440 439.9 444.4 445.2 444.3 445.2 443.9 443 442.6 441.6 441.5 440.8 438.8 437.2 435.4 434.3 431.3 430.7 430.4 429.9 427.7 426.9 427.3 428.1 430 432.7 428.8 426 426 425.4 425.1 432.3 432.8 429.5 427.9 424 418.7 417.5 423.2 434.5 441.2 428.9 404.5 388.8 387.5 385.9 375.6 366.3 363.3 359.1 355.7 351.8 346.7 341.8 335.7 325 311.5 279.5 264.5 252.8 241.8 232.4 239.1 250.1 261.1 273.6 284.2 293.8 301.7 310.7 323.3 335.2 345.6 355.3 361.5 368.6 373.2 376.5
441.1 438.2 436.8 439.9 439.3 440.3 439.8 438.9 437.8 440.6 439.3 437 431.6 431.2 430.7 428.1 426.1 425.8 425.1 425.1 424.7 423.8 423 423.6 423.7 423.1 419.4 417.9 419.8 419.5 421.3 428 427.8 424.2 420.3 414.3 411.5 411.8 421.6 432.8 439.1 425.5 403.3 389.7 387.5 376.9 370.5 365.9 362.2 357.7 354.3 350.8 345.8 341.1 336.1 328.4 316.2 288.1 269 255.9 240 233.7 235.3 245.2 254.6 267.3 280 288.6 295.9 304.9 316 330 340.1 352 360.2 367.3 371.6 375.1
453.2 452.9 450.2 442 432.7 431.5 427.4 421.4 416.4 426 423.7 420.6 420.6 424 425.7 421.7 419.5 420.5 418.7 417.3 416.5 416 416.8 418.1 419.8 419.2 413.7 410.1 412.3 413.9 417.9 420.7 420.1 417.9 412.2 404.7 406.2 413.3 422.9 431.4 435.7 423.8 402.1 388.3 380.4 376.3 371.4 362.9 360.1 355.9 352.9 349.5 345 340.5 336 328.9 318 297.1 277.5 260.9 244.9 230.9 234.4 239.8 248.4 259.9 271.5 280.8 290.7 302.3 316.4 333 345.3 353.7 361 367 370.7 373.6
464.8 465.4 463.2 457 452.4 441.3 440 441.5 436.9 420.5 413.4 414.4 412.8 413.1 413.5 414.1 413.1 414.9 413.8 412.9 411.1 410.3 410.5 407.7 403.4 404.7 408.9 412.5 413.7 411.1 410.1 412.3 411.7 409.8 401 401.1 406.6 416.2 424.7 428.2 430.7 421.8 399.3 384.5 384.4 372.6 369.1 362 356.4 354.7 351.5 348.4 344.7 340.3 335.4 329.9 316.9 302.9 286 266.5 248.8 230.2 232 237.5 244.8 254.6 265.6 278.1 289.6 304.8 318.7 333.3 344.9 354.3 360.7 365.4 368.8 372
479.1 481 481.2 475.4 468.4 463.1 455.2 456.8 451.3 447.6 438.5 423.2 407.4 407.5 408.1 408.2 407.3 409.9 410.1 409.6 407.3 404.4 402.9 398.7 401.3 402 404.1 406.2 407.6 409.8 409.1 410 409.8 407.2 399.4 399.6 406.6 416.6 421.7 425.8 427.5 418.2 395.9 387.1 383.8 377.8 365.1 359.4 355.6 354.2 351.2 348.3 344.6 340.1 335.1 330.2 324.8 313.1 295.3 271.3 251.7 233.1 228.4 234.6 242.5 253.4 267.3 280.1 291.5 303.2 317.1 330 342.3 351.9 358.7 363.6 366.8 370.2
492 493.8 494.3 492.8 488.1 482 476.5 474 474.5 470.4 463.1 450.1 425.9 399.4 398.5 398.7 398.3 404.9 404 402.4 401.1 398.4 395.1 394.5 394.5 400 402.5 402.4 403.7 403.5 407.1 407.7 407.4 408.4 408 401 402.3 413 416.8 420.4 423.2 412.5 395.3 386.3 380.2 367.9 362.2 358.2 353.6 352 350.5 347.5 344 339.3 334.6 330.5 324.2 314.7 302 273.7 252.1 236 226.4 229.3 241.3 252 266.4 278.9 288.6 299.6 313.7 328 338.9 348.8 356 361.4 365.2 368.5
501.8 502.3 502.8 502.4 500 497.3 494.2 486.5 481.6 482.7 478.3 470.2 443 413.5 391 392.8 392.5 394.3 395.8 394.6 394.3 392.4 390.3 389.6 392.3 397.2 399.1 395.9 395.4 396.7 399.5 400.9 401.2 402.1 401.5 401.3 399.8 407.7 407.4 411 412 403.1 396.4 375.5 376.1 363.4 359.8 356.1 352.2 349.9 348.9 346.2 342.9 337.4 333.9 330.1 322.9 314.6 297.7 272.2 252.6 236.8 227.1 227.4 239.4 250.8 264.4 277.5 288.1 296.5 309.2 321.6 334.3 345.8 354.7 359.5 363.7 367.5
507.5 507.8 507.6 507.5 506.3 503.8 500.7 496.5 491.3 485 484.4 477.8 457.5 430.5 406.5 383.7 383.8 383.9 385.7 387.6 388.9 387.9 385.7 384.9 389.6 392.9 394.3 389.4 388.5 390.8 392.6 392.9 394.5 392.1 388.3 386 393.6 402.1 401.1 400.7 400.4 398.7 387.5 375.1 364.9 359.9 357.2 354.5 349.9 346.9 346.1 346 341.7 338.1 333.8 328.6 322.1 312.5 292.4 270 251.8 236.5 225 229.9 238.5 250.6 262.9 274.7 284.4 293.9 304.4 317.4 330.7 342.2 353 357.4 361.7 366
511 511.6 511.2 510.6 509.6 507.8 505.2 501.2 497.1 489.5 483.1 480.5 465.4 442.6 413.5 398.7 380.7 373.4 378.1 381.2 381.9 382.8 376.9 380.6 387.9 388.5 385.9 384.3 382.9 383.3 384.3 383.5 381.2 378.3 380.6 382.4 385.7 391.3 394.1 392.7 390.9 387.1 379.2 368.8 361.9 356.9 355.6 353.1 349.8 345.4 345.9 342.6 340.1 336.8 333.1 328 321.5 311.3 287.8 266.8 248.7 234 223.3 229.7 238.4 248.5 261.2 275.6 285.3 294.9 303.7 316 328 339 349.9 355.9 360.2 364.4
512.4 512.8 511.9 511.3 510.7 509.2 507.5 503.8 499.4 493.3 484.5 475 464.6 446.8 418.6 402 389.3 371 369.7 373.8 377 375.6 372.9 375.6 382.9 382.5 380.4 378.1 376.2 373.7 370.9 369.7 373.5 376.8 379.2 380.5 380.5 382.1 381.6 379.4 376.6 374.4 367.7 360 355.6 354.8 352.6 350.9 349.1 343.5 343.1 341.1 338.7 335.5 331.3 327.3 320.3 311.1 285.1 264.3 245.9 232.4 222.1 228.1 237.4 247 261.2 273.7 283.5 292.3 301.5 313.3 326.1 337.1 346.2 354.1 358.7 362.8
513 512.5 511.7 511.3 510.6 509.8 507.8 505.4 501.3 495.1 486.1 476.2 464.6 445.1 417.8 402.4 392.1 379.1 362.5 364.5 369.3 368.6 373.6 373.7 374.4 375.1 373.6 369.1 363.5 361.4 364.2 369.6 373.4 375.3 376.5 375.3 372.3 371.1 370.3 366.9 364.4 360 354.8 351.4 350.9 352.3 351.5 350.7 348 342.2 340.8 339.7 338.2 334.9 331.1 326.6 319.4 311.5 283.2 261.5 243.4 230.4 219.7 226.3 235.3 246.6 260.2 272.5 283.4 292.6 301 311.3 323.7 334.5 344.1 351.8 356.7 360.7
511.9 510.7 509.8 508.9 508.7 508.4 506.9 505.2 502.1 496.8 489.3 479.7 468.3 453.2 427.7 410.2 392.7 381.2 370.2 355.9 360.8 367.3 369.4 368.7 368.6 368.5 366.1 359.1 358.6 360.8 364.5 369 369.8 369 364.9 361 358.5 356.7 356.6 355.9 350.5 348.7 347.6 346.3 342.9 344.7 346.9 350.7 347.8 342.9 339.6 338.8 337.1 334.1 330.6 325.4 318.5 309.1 281.6 260 240.1 229.1 218.4 224.4 233.4 244.9 257.2 269.4 280.2 291.6 300.8 310.5 321.4 333 342.4 349.1 354.4 358.6
510.1 508.6 507.4 506.3 506 505.6 504.2 502.3 499.9 496.2 490.5 482.8 471.4 457.8 440.5 423 403.6 386.7 373.5 360.1 354.3 361.3 361.6 361.7 362.3 363.1 357.8 356.6 355.7 360.1 363.4 361.1 356.9 353.5 350.3 350.7 352 353.9 352.4 346.6 347.2 342.7 341.9 339 339.2 339.2 339.8 342.1 342.2 339.4 337.4 337 335.1 332.4 329.1 324.4 317.2 308.1 280 259.2 237.5 225.9 218.1 223.1 231.6 242.2 253.8 266.5 278 289.2 299.2 310.8 321.3 331.9 341.3 347.6 352.8 356.9
506.7 504.9 504.2 503.4 502 501.4 500.4 498.6 496.4 493.3 489.4 482.7 471.6 461.9 448.6 432.1 416.4 396.1 381 364.8 348.6 353.2 355.8 356.7 356.4 356.7 358.2 356 352.2 352.9 354.5 350.1 342.5 341.6 341.8 340.2 342 350.6 338.5 337.4 338.3 336.9 334.2 333.1 333.4 337.3 337.8 337.6 337.2 336.1 334.8 334.5 332.7 330.6 327.1 322.5 316.1 306.9 279.1 258.9 234.7 221.5 217.9 221.6 231.6 240.7 252.1 264.4 275.9 286.9 296.9 310.4 321.3 332.9 341.1 346.6 351.1 355.3
501.2 496.7 497.9 497.2 496.4 495.1 493.4 491.9 490.4 487.5 484.2 474.5 467.3 462.9 454 439.5 423.3 407.9 389.2 373.1 356.3 343.4 348.2 350.4 352.5 351.8 352.5 354.1 352.1 348.7 347.1 344.5 339.1 335.3 335.8 335 333.7 331.1 333.3 333.3 331.8 330.7 329.1 328.6 329.5 331.8 333.1 333 333.5 333.5 332.8 331.9 330.4 328.3 324.7 320.3 314 305.3 277.7 256.1 231.8 217.2 217.9 222.4 231.1 240.6 251 261.9 273.9 283.4 294.2 307.8 320.9 332.1 339.8 345.9 350.2 354
488.7 489.1 489.8 489.6 488.9 487.2 485.5 483.2 481.5 478.5 472.6 467.4 465.3 463.1 456.9 445 428.5 412.4 394.7 379.5 365.3 351.3 336.1 346.4 347.1 347.9 346.1 346.3 345.6 342.4 342.7 341.6 338 333.1 331.3 330.3 330.1 329.5 327.4 328.6 327 323.8 323.8 325.2 325.5 325.7 326.3 327.9 329.9 330.3 330.2 329.5 328.2 326 322.4 318.3 312.6 299.4 274.9 251.2 229.8 215.1 215.9 221.2 229.6 239 247.1 260.6 271.6 281.4 293.5 306.7 320.3 330.5 338.4 345.2 349.6 353.5
486.2 473 479 479.1 477.4 476.3 474 471.6 469.4 466.2 462 462.6 461.8 460.9 457.4 447.9 434.3 415 398.5 383.1 370.2 359.3 348 341.6 344.4 343.9 341.6 340.5 339.3 337.1 337.6 338.6 336.6 330.6 329.5 329.5 326.3 326.2 323 322.5 321.7 320.5 320.5 322.3 322.6 320 320.5 324.6 327.1 327.5 328.1 327.5 326.3 324.2 320.7 317.1 310 297.3 272.9 250.4 228 217.5 214.1 219.8 228 236.3 246.3 258.7 270.3 279.4 293.9 306.6 320.4 329.4 336.6 343.9 348.6 352.4
483.3 470.2 461.4 465.1 464.5 460.4 456.9 456.4 455.1 455.4 455.1 456.6 457.9 457.9 456 449.7 438.4 421.3 403.1 385.9 373 364.5 355.7 342.6 328.9 339.6 338.2 336.8 334.2 332.3 332 334.2 333 328.5 327.4 332 325.1 325.5 319.3 318.1 318.4 317.6 317.8 318 318.4 318.1 320 322.2 324.3 325.8 326 325.4 324.3 322.7 319.2 314.8 308.3 293.5 266.3 247.6 225.8 216.1 212.3 218.2 226 234.9 244.6 256 267.3 278.2 293.4 306.8 319.8 328.6 335.6 341.8 346.8 351
473.1 467.6 463.5 454.6 449.8 448.1 447.3 446.8 448.3 448.8 449.9 451.1 453.4 454.8 453.7 449.3 440.5 425.6 408.1 391 377.9 367.5 359.7 349.8 336 323.9 338.8 338.3 330.1 327.8 326.5 326.7 326.7 325.6 324.1 320.1 317.2 314.8 313.4 313.2 314 313.9 314 314.1 314.8 316.4 317.8 319.8 321.8 323.6 324.3 323.4 322.1 320.5 318.2 313.6 306.2 294.9 268.8 245.4 220.2 212.1 211.7 217.3 225.6 233.5 242.8 254.2 266.2 278.7 293.5 308.2 319.1 326.9 334.1 340.4 344.7 348.9
482.9 479.2 473.7 467.1 460.2 454.7 446.9 442.1 442 442.3 444.3 445.8 448.1 450.5 451.1 449.1 441.9 428.8 413.9 395.9 381.8 369.3 362.2 354.4 345.4 331.8 320.7 328.4 328.9 328.1 323.5 321.7 321.9 321.9 320.5 318 315.1 311.6 309.1 308.8 309.2 308.8 308.8 309.1 310.8 312.3 315.1 317.3 319.3 321.8 322.5 322 320.6 318.9 316.9 312.6 305.1 293.1 269.2 244.6 220 210.5 211.3 217.6 224.8 231.8 241.9 253.1 266.3 279.4 294.6 308.7 318 325.6 333.1 338.6 342.7 346.8
495.9 488.4 481.8 474.4 467.5 464.9 458.4 446.3 437 436.6 435.7 438.3 441.2 444.6 447.7 446.6 440.6 428.4 416.7 401.2 388.6 376.3 365.6 357.5 349.3 338.8 317 319.6 321.9 326.9 323.2 318.1 318.5 317.6 317.1 314.8 312 308.6 306.1 304.2 304 304.1 304 304.8 306.9 309.2 312 314.9 317.5 320 320.7 320.6 319.1 317.5 315.1 310.7 302.5 289.1 271 248.3 220.8 210.2 210.9 216.4 223.6 230.8 239.5 252 266.4 280.9 296.6 307.8 316.9 324.3 331.5 336.5 341.4 345.2
504.1 495.7 488.4 481.2 474.7 469.6 463.6 454.7 440.3 432.6 429.5 429.4 431.3 435.2 437.2 433.9 429.9 425.7 417.6 404.1 392.7 381.7 370.3 360.4 351.6 338.7 332.3 315.9 317.2 317.3 317.6 317.1 315.9 313.8 312.7 311.9 309.8 306.4 303.2 300 298.7 299.3 299.8 300.6 303.1 306.5 309.5 312.5 315.5 317.9 318.9 318.9 317.8 316.1 313 309.2 301.4 288.1 273.2 249 221.5 210.3 205 214.3 220.9 227.9 236.7 253.1 267.8 282.7 296.7 307.1 315.9 322.9 329.8 334.8 338.9 342.3
509.2 501.3 494.2 486.9 479 473.4 465.6 451.9 442.3 438.8 434.1 428 423.6 423.8 426.2 424.8 424.2 423.7 419.1 408.9 395.3 385 374.4 364.2 354.9 343.9 336 324.2 311.1 314.2 316.6 315.2 312.7 310.5 308.3 307.5 306.8 303.7 300.4 297.1 293.6 293.9 295.1 296.8 299.9 303.9 307 310 313 316.5 317.8 317.9 316.6 315.1 311.6 307.6 299 286.7 272.5 253.6 223.4 208.9 203 211.5 216.6 224.7 237.9 254.4 269.7 285.2 297.3 307.4 314.2 320.8 327.8 332.5 336.6 340.1
513.5 505.7 498.7 491.1 483 476.2 461.8 453 453.4 449.2 445.7 440.5 433.8 426 419.9 420 420.5 420.1 417.9 411.8 399.5 388.3 377.9 367.3 355.3 344.3 335.6 330.8 319.1 306.9 310.2 311.2 309.5 307.1 304.1 303.3 302.7 300.5 297.4 293.8 290 287.4 289.2 293.2 296.7 300.8 304.4 307.4 310.6 313.7 316.2 316.6 315.3 314.1 311.2 306 297.1 286.3 273.3 255.5 227.1 208.5 205.1 208.9 214 224.7 238.4 255.7 268.6 284.1 296.6 304.9 312.2 318.5 324.3 330.1 334.4 337.7
514.9 507.6 501 494.2 488 479.2 465.1 467.4 463.8 460.1 455.4 450 444.8 437.5 428.7 419.5 416.2 416.4 415.3 412.3 401.9 391.1 379.6 366.8 355.2 345.4 335.7 333.8 322 313.9 302.2 304.7 304.3 301.9 299.8 299 298.2 296.2 293.2 289.7 284.9 281.6 284.1 289.7 293.5 297.6 301.6 304.3 307.3 309.9 312.6 315.1 314.1 313.6 313.8 304.4 295.9 284.7 272.2 256.1 231.6 207 204.6 207.2 211.5 222.4 235.7 253.2 268.1 285.4 293.8 302.2 309.1 315.4 321.1 326.5 331.4 335
514.9 509.3 503.2 497.8 491.8 486.7 480.5 476.3 472.5 468.6 464.2 459.7 453.7 446.3 437.8 427.7 416.6 413.3 412.8 409.6 402 390.3 378.5 362.6 354.4 346.1 339.7 332.8 324.4 315.6 303.9 296.2 297.9 297.1 296.6 296.1 294.4 292.4 289.1 285.5 280.7 271.8 278.5 284.7 289.4 294 298.2 301.8 304.3 307.1 309.6 312.3 312.9 313.6 307.4 307 292.9 281.9 268.2 254.1 233.7 208.8 203.6 206.3 209.8 220.2 233.7 250.9 266.7 282.6 290.8 298.9 306.2 312.4 317.8 322.8 328 330.3
513.5 509.8 504.9 501.1 496.1 491.8 487.6 483.3 478.7 475.1 471.4 467.7 460.9 453.7 445.2 436 420.7 410 410 405.7 398.1 388.3 376.1 364.8 356.7 348.3 340.3 334 327.6 318.3 308.6 297.7 291 292.3 293.6 293 291 288.8 285.8 281.5 276.2 272 271.8 280.1 286.3 290.6 294.7 298.4 301.6 304.3 306.8 309.9 309.9 309 307.1 306.7 291.7 279.1 265 251.4 234.3 214.8 200 202 207.9 218.7 234.1 249.8 264.6 277.1 288.5 295.8 302.6 309.6 315.3 319.7 322.4 324.3
511.7 508.8 506.5 503.4 500.1 495.9 491.7 487.7 484 479.8 476.7 472.7 468 459.9 451.1 442.6 427.8 411.4 405.2 402.6 394.8 383.7 372 362.8 357 350.3 342.3 335.4 328.9 323 314.4 304.2 296.7 292.3 292 290.4 287.8 284.4 281.8 277.3 272.5 271.3 270 278.8 280.5 286.3 291 294.8 298.1 301.5 304.2 306.9 306.9 307.2 304.6 302.2 289.7 276.5 262.8 248.9 233.6 218.4 206.2 200.3 203.5 216.4 231.3 248.9 263 275.6 285.2 292.9 299.8 306 311.3 314.9 316.2 317.1
509.9 507.9 506 503.7 501.3 498.2 495 491.5 487.9 484.5 480.6 476.6 471 464.1 454.9 446.1 437.4 418.7 402.2 395.7 388.1 378.4 367.9 359.9 355.2 349.7 341.3 334.3 328.7 324.5 317.9 307.7 299.3 293.2 290 288 285.1 282.5 280.9 278.3 271.9 270.6 268 272 272.7 281.1 286.4 291 294.5 297.9 301.7 304.5 305.5 306.1 302.1 300.6 287.3 274 259.6 246.2 233.1 218.7 208.3 200.1 203 216.2 231.2 248 263.2 275.3 284 290.1 296.3 301.6 306.6 309.4 309.6 309
507 505.2 504 502.8 501 498.7 495.8 492.5 489.3 486.4 483.1 478.6 473.1 465.6 458.3 446.5 437.7 423.4 405.5 392.8 377.5 373.5 364 356.6 353.5 347.7 340 333.2 328.3 323.6 317.3 309.6 301.8 294.9 289.8 286 283.4 281.4 279.9 279.5 274.4 270 269.8 258 262.2 276 281.9 286.5 290.8 294.3 298.4 302.1 303.8 303.7 301.3 296.2 284.4 270.5 256.7 244.3 231.3 218.8 209.8 198 203.5 214.6 229.9 246.1 264.6 274.8 281.9 287.4 292.6 297.2 301.4 303.5 300.1 298.5
