app/static/ascii/SO24.asc
ncols 200
nrows 200
xllcorner 320000
yllcorner 240000
cellsize 50
[rows 70 to 104 of 200, columns 80 to 159 of 200]
78.5 76.1 72.2 71 70.6 67.5 70.5 70.8 70.5 70.4 70.6 71 70.9 70.8 72.9 70.9 71.5 70.9 70.6 71.1 71.5 71.5 69.9 68.8 68.5 68.3 68.3 68.6 68.4 68.1 68.1 68.1 68.2 68.3 68.3 68.3 68.2 67.9 67.6 67 66.4 66.6 66.7 66.9 66.9 66.8 66.8 66.8 67 67 67 67.2 67.2 67.3 67.3 67.2 64.1 65.2 64.1 64.1 64.1 64.1 64.2 64.3 64.3 64.4 67.8 67.8 67.7 67.7 67.5 67.4 67.3 67.1 67 66.8 66.7 66.6 66.5 66.4
78 75.1 73.3 70.8 70.4 69.9 67.5 70.8 70.4 70.7 71 71.3 71.2 72.9 71.6 75.6 81.6 82 78.6 72 72.5 71.7 70.3 69.2 68.5 68.3 68.4 68.4 68.2 68 68 68 67.9 67.9 67.9 67.9 67.9 67.6 67.3 66.7 66.3 66.4 66.7 66.6 66.6 66.5 66.5 66.6 66.8 66.9 67.1 67.3 67.2 67.2 67.2 64.1 66.1 67.5 67.5 67.4 67.2 66.7 67.7 67.8 67.4 67.2 67.8 67.7 67.7 67.6 67.4 67.3 67.2 67 66.9 66.8 66.7 66.6 66.6 66.4
81.5 73.1 71.5 71 70.4 70.3 67.5 70.6 70.8 72.1 71.4 71.6 73.3 81.2 83.7 83.1 83 82.8 82.6 80.8 74.3 71.7 70.4 69.7 69.2 69.1 68.6 68.2 68.1 68 68.2 67.6 67.5 67.6 67.9 67.6 67.2 67.2 67.2 67.3 67.3 67.1 66.6 66.6 66.8 66.6 66.5 66.6 67 67.1 67.1 67.3 67.2 67.3 65.2 65.3 66.7 67.6 67.7 67.4 67.2 66.7 67.6 67.7 67.6 67.6 67.6 67.6 67.6 67.4 67.3 67.2 67.1 67 66.9 66.8 66.8 66.7 66.6 66.4
79.9 71.9 71.1 70.7 70.5 71 67.5 70.7 71.1 71.8 73 78.4 83.4 83.7 84.2 83.7 83.4 83.3 83.3 83 81.6 80.2 78.3 74.9 72.9 72.7 72.1 73.4 74.9 72.6 71 70.4 70.1 69.1 69.1 68.8 68.9 69.8 71.4 73.8 73.9 75.8 75.9 76.2 74.4 72.6 71 70.4 69.8 68.8 68.2 68.2 67.8 66.6 67.3 64.1 66.5 67.1 66.7 67.5 67.2 67.2 67.1 67.6 67.4 67.5 67.6 67.6 67.4 67.3 67.2 67.1 67 66.9 67 66.9 66.8 66.8 66.6 66.4
72.7 71.2 71 70.8 70.7 71.1 68.5 69.7 72.4 78.1 83.7 82.5 84.7 84 84.1 84.1 83.7 83.6 83.7 82.1 83.3 82.7 83.1 83.3 83.2 82 82.3 82.5 82.6 82 81.8 81.5 77.4 79 76.2 80 81.5 82.8 82.7 83.4 83.6 83.7 83.5 82.8 81.5 80 79 79.9 81 81.4 80.9 79.4 77.6 74.7 72.4 68.7 64.1 64.1 66.4 66.4 66.1 66.9 67.3 67.4 67.3 67.4 67.5 67.4 67.3 67.1 67 67 66.9 66.9 66.4 66.8 66.9 66.8 66.6 66.4
71.5 71.3 71.1 70.9 70.8 71.1 71.1 67.5 71.1 75.7 82.5 83.7 84.6 84.3 84.2 84.3 84 84 83.7 84.4 84.1 83.9 84.4 84.9 84.2 86 86.5 85.6 85.1 84.8 84.5 84 84.2 85.2 84.7 86.5 87.9 88.9 88.8 88.8 87.8 89.4 89.6 88.8 88.5 88.4 88.2 88.6 89.1 89.1 88.7 86.7 84.2 81.4 78.9 76.4 73 68 64 64 64.6 65.3 67.5 67.4 67.1 67 67.2 67.1 67 66.9 66.8 66.8 66.8 66.8 66.6 66.1 66.6 66.6 66.3 66.1
71.5 71.3 71.1 71 70.9 71.1 71.1 67.5 70.4 71 78.6 85.9 84.6 84.5 84.4 84.4 84.2 83.9 84.9 85.3 85 85.3 86.3 89.5 91.6 90 91.6 90.3 90 89.9 89.7 88.8 89.8 91.2 91.8 94.5 98.3 97.6 95.7 96.2 94 97.5 98.5 98.5 99.2 99.3 99.1 98.1 97.1 96.3 95.1 93.5 91.3 88 85.3 82.7 79.8 75.4 71.5 67.7 64.5 64 64 67.3 66.9 66.8 66.9 67.1 67.1 67 67 66.5 66.6 66.2 65.8 66.2 66.4 66.5 65.6 63.7
71.5 71.2 71 70.9 71.2 71.3 71.4 71.9 67.5 71.3 74.7 85.9 85 84.9 84.8 84.7 84.6 84.2 85.7 86.1 86.9 89.5 92.5 97.3 98.5 95.1 97.1 96.5 96.2 96 97 97.5 97.7 99.3 100.5 104.5 108.4 108.7 106.6 107.6 107.8 108.1 108.6 109.9 111.3 111.2 109.4 107.1 105.7 103.7 102.7 100.6 98.1 94.4 90.9 88 84.5 80.2 80.8 77.1 69.6 66 64 64 64.9 66.6 67.1 67 67.2 67.1 67.1 67.1 66.5 66.2 66.3 66.4 66.1 65.1 63.8 63.8
71.5 71.1 71.1 71.2 71.2 71.3 71.4 71.8 67.5 68.9 73.3 85.2 85.6 85.4 85.2 85.2 85.3 86 86.8 88.7 92.2 96.2 100.1 103.8 103.3 101.9 101.8 102.4 102.9 103.6 105.3 107.1 107.9 110.4 112.9 115.8 117.9 119.6 119.4 118.4 118.7 120.6 122.6 124.9 124.5 122.7 120.2 117.1 115.5 113.6 111.3 107.4 103.7 99.5 96.3 92.8 88.6 85.5 85.9 84.7 82.1 77.6 72.7 66.7 64 64 64 64 64 64 66.7 67.2 66.7 66.5 66 65.4 63.8 63.8 66.9 66.8
71.4 71.1 71.1 71.2 71.3 71.4 71.5 71.4 70.6 67.5 77.5 85.3 85.8 85.8 85.7 85.9 86.3 88.5 89.8 94.3 98 102.5 105.9 106.8 106.1 105.5 105.2 106.7 109.1 111.4 113.8 115.6 118.9 122.5 123.9 124.6 126.3 128.6 129.8 132.1 134.1 135 134.9 134.3 132.7 131.3 129.7 126.5 124.2 120.7 116.3 112 108.1 103.7 98.5 93.8 91.2 91.5 91.3 90.9 90.2 88.9 87 85.2 82.4 78.6 73.7 68.1 64.9 64 64 64 64 64 64 63.9 63.8 67.6 67 66.7
71.3 71.5 71.4 71.4 71.4 71.4 71.5 71.6 69.9 69 84.2 85.4 86 86 86.4 86.8 87.7 90 94.6 99.1 102.9 107 108.8 108.7 109.2 108.9 108.4 111.1 113.7 117.2 121.1 125.6 129.6 131.7 131.9 132.9 134.5 137.7 142.1 144.7 144.8 143.8 142.7 142.1 141 138.4 135.2 132.3 127.8 123.6 120 115.5 107.8 99.7 94.5 100.7 98.4 100.9 102.4 103.1 102.6 104.3 105.1 103.8 102.9 101 97.1 92 86.4 82.1 76.9 71.5 67.8 67.2 66.8 66.6 67 67.2 67 66.6
71.4 71.8 71.8 71.8 71.7 71.7 71.7 71.7 69 72 85.6 85.8 86.2 86.5 87.2 87.7 89.2 93.6 98.6 103.2 106.2 108.6 110 110.4 111 111.8 111.7 114.6 117.6 123 128.7 134.4 138.2 138.5 139.2 140.3 143.2 147.9 151.6 152.6 151.5 149.7 148.2 146.9 144.6 141.2 137.6 133.6 129.1 124.7 115.2 107.3 103.3 105.7 108.7 110.5 110.4 113.4 115.1 117.7 120.3 123.5 126.5 125.6 122 117.9 113.8 109.5 104.1 97.2 91.1 83.9 76.1 68.4 66.4 65 66.6 66.8 66.8 66.6
71.6 72.2 72 71.9 71.8 71.8 71.8 71.8 69 78.1 86 86.2 86.7 87.3 87.9 89.6 92.8 96.6 100.8 104.1 107 109.1 110.5 111.7 112.4 113.4 115.4 118.2 122.2 128.6 135.4 141.4 144.1 144.7 145.2 147.2 150.8 153.8 155.8 155.9 155.6 153.2 150.3 147.4 144.5 141.1 137.7 133.2 129.6 116.4 112.6 111.8 114.1 116.8 118.8 120.2 121.8 125.5 129.5 133.6 137.6 141.7 146.6 146.4 143.1 136.6 130.7 124.1 117.7 111 104.2 97.4 91 83.1 70.5 65 66.7 67 66.8 66.7
72.1 72.5 72.3 72.2 71.9 71.9 71.9 69 71.5 83.3 86.3 86.5 87.3 88 88.9 92.6 95.7 98.7 100.8 102.8 105.5 107.7 109.8 111.8 113.9 115.8 118.2 121.1 127.2 133.2 138.8 144 148.1 149.2 149.2 152.1 155.4 157 156.8 156.8 155.4 152.9 149.6 146.7 143.8 140.1 135.5 130 123.7 119.3 121.8 123.1 123.6 123.6 125.7 128.1 132.5 136.5 140.9 145.7 151.7 158.8 160.1 156.7 150.5 144.8 139.6 134.1 127.2 121.3 115.6 110.3 103.9 99 91.3 80.3 70.4 68.7 67.8 67.8
69 69 69 69 69 69 69 69.8 84.9 86.5 86.1 86.8 87.6 88.5 90.4 93.3 96.2 98 100 102.7 105.1 108.3 110.9 113.5 116.2 119.3 122.6 123 131.5 135.9 140.5 144.5 148.9 151.8 151.6 153.9 156.8 157.2 155.7 154.4 153.5 151.3 148.9 146.1 142.1 137 136.1 134.6 127.7 128.7 128.9 129.3 130.4 131.1 132.4 135.6 139.6 144.8 149.7 156.8 164.3 168.2 167 160.3 151.9 148 143.1 138.3 133.3 129.6 125.1 118 114.5 108.5 102.5 94.9 87.7 81 76.5 73.8
69 69 69 69 70.1 71.6 74.7 87.5 86.6 87.1 86.6 87.2 88.1 89.5 91.4 93.6 95.4 97.5 100.1 102.9 106.3 109.9 113.1 116 119.7 122.6 126.6 128.2 134.5 137.7 140.9 144.7 149.1 152.5 152.7 153.5 155.7 155.6 153.5 152.1 151.1 149.5 146.3 143.3 143.3 142.3 140.7 134.1 132 135.1 134 134.5 134.8 136.4 138.4 142.5 147 152.5 157.9 162.6 165.1 166.4 164.1 156.1 151.2 148.3 144.6 140.7 136.9 133.4 128.8 123.4 118.9 113.3 107.1 100.9 93.8 90.3 86.7 84.3
72.6 72.4 71.9 71.7 71.9 77.6 81.4 86 83.4 84.7 85.5 87.5 89.1 90.5 92.4 94.3 96.3 98.6 101.7 105.4 109.5 113.2 115.5 118.9 123.2 126.3 129.9 134.2 137.4 139.2 141.7 145 148.5 152.2 153.8 153.3 153.6 152.9 151.8 150.7 150.3 150.3 149.7 148.9 147.3 143.9 139.6 138.7 139.7 139.6 139 139.2 139.5 142.1 145.3 149.4 154.6 157.8 161 161.9 161.1 158.3 155.2 151.4 148.6 146.2 144 140.2 137.1 133.7 129.9 125 120.7 115.1 110.5 105.4 100.6 96.7 93.4 90.1
73.3 74.4 73.1 78.4 78.3 72.1 75.2 76.2 79.7 83.2 86.5 88.4 89.9 91.9 93.5 95.6 97.9 101.3 104.9 108.7 112.7 116.2 119 122.5 126.8 130.4 134.3 137.7 139.7 141.3 143.8 146.8 150.2 153.3 155.2 154.7 153.7 152.9 152.1 152.1 153.1 154.1 153.5 151.8 149.6 146.5 145.6 144.7 144.5 143.8 143.3 143.9 145.6 149.2 152.4 155.8 157.9 159.9 159.5 157.9 156.4 154.1 151.2 148.8 146.4 144.2 142.1 139.3 135.9 132.8 129.2 125.4 121 116.7 112.6 109.2 105.2 100.6 97 93.5
78.1 80.9 84.4 85.3 85 81.7 78.1 77.4 81 85.5 88.5 89.4 91.3 93.3 95.1 97.8 101 105.3 109 112.3 116.1 119.5 123.4 128.1 131.5 134.8 138.2 140.9 143.3 145.2 146 148.5 151.7 155 157.6 156.6 155.1 153.4 153.5 154.4 156.1 156.4 155.9 153.6 152.3 151.2 150.6 148.9 148.5 148.1 148.2 150.4 153.1 154.6 157.2 158.2 158.4 157.8 156 154.4 152.7 150.9 148.8 146.5 144.2 142.3 140.1 137.8 134.6 131.8 129.3 125.8 121.6 118.6 114.8 111.3 107.1 103 98.9 94.9
80.1 85.5 86.6 86.9 87 86.7 84.2 82.6 84.5 87.3 89.8 91.4 93.2 95.2 98.2 102 105.7 109.9 114 117.2 120.6 124.4 128.8 133.4 136.9 140 143.1 145.6 147.9 149.8 149.2 150.2 153.4 158.6 159.7 157.5 155.5 155.4 156.3 155.8 157.4 156.6 155.1 154.3 154.9 154.4 154.3 153.5 152.9 153.4 155.1 157 157.6 158.7 159 157.2 156.9 155 153.2 151.5 149.8 148 146.1 144 141.8 139.9 138.1 136.1 133.5 131.1 128.7 125.8 122.8 119.6 115.6 111.8 108.7 104.8 101 96.6
86.3 86.3 86.5 87.2 87.6 87.7 87.1 85.5 86.2 88.6 91.1 93.5 95.9 98.7 103.8 108.4 111.2 115.2 119 122.4 125.8 129.8 134.3 138.9 142.3 145 148.3 151.3 152.7 154.1 151 151.8 157.4 162.3 160.7 158.9 158.8 159.6 159.5 158.3 159.1 158.1 158.7 158.6 158.1 157.5 157.5 158 159.6 158.9 160.2 160.7 160.8 160.1 158.8 156.6 155 152.9 150.8 148.7 146.8 145 143.2 141.2 139.8 138.2 136.5 134.9 133.1 130.7 128.4 126 123.1 119.9 116 111.6 107.7 104 101.1 98.5
88 88.5 88 86.2 86.6 87.2 86.2 86.6 88.4 90.8 93.3 97.2 100.3 104 109.6 113.8 116.8 120.3 124.1 127.5 131.2 135.2 139.8 144.9 148.3 152.1 154.9 156.2 157.1 156.2 154.8 156.1 161.6 164.7 162.3 162.9 163.1 162.8 161.9 160.8 159.9 160.4 161.1 161.3 161.2 161.8 163.5 164.5 164.3 164.3 163.7 162.8 161.5 159.8 158 155.3 153.2 151.1 148.3 145.8 143.9 142 140.3 139.1 138.4 137.4 135.8 134.1 132.9 130.7 128.3 125.8 123.2 119.9 116.5 111.8 107.6 104.2 101.2 99.6
87.2 89.3 87.3 85.2 86 86.5 86.7 87.9 90.8 93.1 96.5 102.3 107 108.6 114 118.6 121.6 125 129.2 133.8 137.2 141.7 146.8 151 155.2 158.8 160.2 161 159.9 159.3 161.1 162.1 163.5 165.7 165.6 167 166.9 165.1 163.5 162.5 162.5 162.7 163.1 164.2 166 168 168.5 168.5 168.1 166.9 164.7 162.9 161 158.6 156.4 153.7 151.1 148.2 145.4 143 141 139.3 138.4 137.3 136.8 136.1 135 133.3 132.2 130.6 128.4 126.1 123.6 121 118.2 113.6 108.3 103.9 99.7 95.3
85.7 88.1 87.3 85.4 85.5 86 87.7 90.2 93.1 95.9 101.8 108.4 113.1 115 118.3 122.7 126.3 129.6 134.6 139.3 144 148.3 153 157.2 161.7 163.1 164.3 164 164.2 166.9 166.9 167.1 167.2 167.9 169.1 169.1 169 167.2 165.9 165.6 165.6 165.9 167.4 168.8 170.2 171 170.9 170.7 169 167.1 164 161.3 158.8 156.2 154 151.4 148.1 145.1 142.5 140.4 138.8 137.5 136.5 135.8 135.2 134.6 133.9 132.6 131.4 130 128 125.9 123.5 120.6 117.7 113.9 108.1 102.1 96.5 92.4
79.9 86 88.3 86.4 85.4 87.6 90 92 94.9 100.6 107.4 113.2 118 120.5 123.7 126.5 129.8 134.1 139.1 143.8 149.1 153.8 158.2 162.3 165.8 166.5 167.4 168.1 171.2 171.5 171.1 170.8 169.7 170.7 172 172.4 171.6 170.3 169 169.1 169.2 170.1 171 171.4 171.8 171.7 171.8 170.5 167.8 164.5 161.8 159.2 156.5 154 151.6 149.2 146.1 143 140.9 139.1 137.5 135.9 134.8 134.4 133.6 133 132.4 131.6 130.1 128.3 126.5 124.1 121.6 118.6 115.7 109.9 101 97 97.9 99.7
77.3 80.6 84.3 84.4 85.7 89.1 91.4 93.9 99.1 105.3 111.5 117.2 122.1 124.8 127.8 129.4 132.6 136.9 142 147.2 152.3 157.4 161.4 165 168 168.9 170.5 172.9 174.7 174.5 173.5 172.5 172.5 173.5 174.8 176 174.5 173.3 172 171.7 172.3 172.6 173 172.6 171.9 170.6 169.7 167.3 164.8 162 159.4 156.8 154.6 152.2 149.6 147.1 144.5 142.1 139.8 138 136.3 134.7 133.2 133.2 132.5 131.7 130.9 129.2 127.6 126.3 124 120.9 118.4 112 108.3 109.7 110.1 109.1 107.5 106.9
75.3 79.4 81.2 83.9 87 90.7 92.6 96.5 102.5 108.9 114.6 121 125.8 128 130.5 131.8 135 138.6 144.1 149.8 154.4 160 163 166.1 168.3 170.2 171.7 173 174 174.2 173.4 173 174.2 174.3 176.4 179 176.2 174.5 174.2 173.9 173.4 173 172.1 171 169.8 168.6 166.6 164.2 161.8 159.2 157.1 155 152.9 150.3 147.8 145.4 143.5 141.1 139.3 137.4 135.7 134.4 132.4 130.8 131.4 130.1 128.7 126.3 124.6 123.1 119.2 115.3 113.9 116.8 117 116.3 114.7 112.6 110.7 109.1
76.5 79.8 83.2 86.4 89.1 92.1 96.8 101.5 106.7 112 117.5 123 126.4 128.9 131.2 133.3 135.9 139.5 144.9 151.4 156 160.5 162.7 164.5 165.8 168 169.5 170 170.6 170.4 170.3 170.3 171.7 172.3 175.8 179.4 177.8 176.5 175 174.2 172.8 172.8 171.2 169.8 168 165.9 163.5 161.1 158.7 156.9 155 152.8 151 148.6 146.2 144.1 142.4 140.5 138.8 137.1 135.5 134.4 132.8 131.1 128.6 127.5 125.5 122 116.8 115.3 117.8 120 121.6 121.5 120.2 118.3 116.2 114.2 112.5 111
79.2 83.8 85.9 88.5 91 95.4 101.3 107.5 113.9 118.3 121.3 125.7 129.3 130.7 132 134.3 136.2 140.2 145.4 151.1 156.6 159.6 160.6 161.5 162.4 164.1 165.2 165.7 165.8 165.8 166.1 166.3 167.4 168.7 173 177.8 178.6 177.2 175.7 174 171.9 171.2 170.4 167.9 165.5 163.2 160.6 158.2 156.3 154.5 152.6 150.7 148.7 146.6 144.6 142.7 140.8 139.7 138.1 136.6 135.2 132.7 130.8 128.5 126 122.6 118.5 119.5 123.2 125 125.7 125.7 124.7 123.5 121.5 119.5 117.6 115.9 114.3 113.1
83.5 87.5 88 90.2 92.6 98.7 105.1 111.3 118.8 123.4 125.7 126.4 129.9 131.4 132.9 134 136.4 140.3 144.3 148.7 152.6 155.4 156.2 157 157.9 159.1 159.8 160 160.4 160.9 161.5 162.1 163.1 165.4 169.5 173.4 176.4 174.6 172.5 170.4 168.6 168.2 167 164.8 162.8 160.4 157.9 156.7 154.5 152.3 149.5 147.4 146.3 144.3 142.3 140.9 139 137.9 137.1 135.2 132.8 130.1 127.7 125 121.9 123 125.7 127.6 128.9 129.1 128.7 127.5 126.4 125 122.9 120.9 119.1 117.2 115.4 113.2
86.8 88.7 89.6 91.5 94.9 101.2 107.9 115.7 122.1 126.8 129.6 130.4 130.2 131.5 132.3 133.1 135.6 138.5 141.2 144.4 147.8 150.6 151.4 152.2 153 153.3 153.9 154.9 155.4 156 156.6 157.9 159.5 162.7 166.3 170.1 171.5 171 168.9 167.1 165.4 164.8 163.3 161.4 159.9 157.7 156.4 154.9 152.6 150.1 147.5 145.1 143.9 142 140 138.7 137.2 135.9 134.7 132 130.4 126.6 124.8 126.6 129.1 131.3 132.1 132.8 132.4 131.7 130.7 129.3 128.1 126.4 124.2 122.3 120.6 118.6 115.9 113.1
88.3 89.8 91.1 92.8 97.4 104.7 112 119.4 125.8 129.5 132 132.6 131.1 130.4 131.4 132.2 134.4 135.7 137.1 139.1 142.6 145.1 146.3 145.9 146.6 147.6 148.6 149.6 150.5 151.6 152.9 154.3 156.6 160.1 163.7 166.4 167 166.5 165.6 163.9 162.2 161.1 159.6 157.9 156.5 155.4 154 152.4 150.9 148.7 146.3 144.1 141.9 139.7 137.7 136.4 135 133.6 131.4 127.6 126.2 129.7 131.9 134.2 135.3 136.1 135.9 135.5 134.7 134.1 132.7 131.3 129.9 127.8 125.7 124.1 121.2 118.4 115.6 113.5
89.3 91 92.5 94.7 99.5 107.2 115.2 122.7 128.6 131.7 133.3 132.5 131.3 130.1 130 130 130.2 130.6 131 132.3 134.9 136.8 138.4 139.4 140.9 142.4 143.4 145.2 146.9 148.3 149.7 151.8 155.3 158.8 161.8 163.4 163.7 163.1 162.4 160.8 159.2 157.5 155.9 154.5 153.3 152.3 151.5 150.2 149.8 147.9 145.6 143.2 140.5 138 135.7 134.2 133 130.3 129 130.5 133.2 135.6 137.6 138.7 138.6 139.2 138.8 138.1 137.3 135.7 134.4 133.1 130.9 130.9 126.6 123.6 121.3 118.7 116.3 114.3
90.7 92.5 94.8 97.9 102.3 108.8 116.5 124.2 130.1 133.1 133.2 131.7 130.1 128.3 127.1 126.6 126.3 126.3 126.5 126.8 128 130.1 132.2 133.9 135.4 137.1 138.4 140.7 143.3 145.2 147.3 151 155.3 160.3 161.6 160.5 161 160.3 160.3 158.7 157.1 154.7 152.6 151.4 150.2 149.2 148.4 147.9 148.2 147 144.3 141.6 138.9 136.4 134.8 134.1 133.3 132.8 132.7 134.8 137.7 140 142 143.1 143.1 142.7 141.3 140.7 139.7 137.6 135 133.6 131.6 128.6 127.6 125.4 122.7 120 117.4 115
92.5 94.4 97.5 101.3 106 111.6 118 124.8 130.7 132.8 131.8 129.7 127.8 125.9 125.2 124 123.5 123 122.7 123.2 124.1 125.2 126.9 128.5 130 131.6 133.1 136 138.6 142.1 146.6 151.1 156.4 161.8 160.2 158.5 158.2 158 158.5 156.8 154.9 152.5 150 148.3 147.1 146.1 145.5 145.3 146.1 145.4 142.7 140 137.7 136.8 136.7 136.6 136.3 135.7 136.6 139.1 141.9 144.3 146.4 147.5 147.6 146.1 143.6 142.8 140.9 138.7 136.7 135.6 133.8 131.5 129.6 127.5 124.4 121.5 118.6 116.7
