app/static/ascii/SO26.asc
ncols 200
nrows 200
xllcorner 320000
yllcorner 260000
cellsize 50
[rows 70 to 104 of 200, columns 78 to 155 of 200]
239.3 235.2 232.8 230.8 229.4 227.7 226.1 225 224.3 224.3 222.5 222.6 223.7 228.6 236.7 248.4 261.1 281.4 299.1 316.3 334.6 350.7 365 375.6 378.4 379.7 381.4 385.7 378.9 370 357.1 345.9 340.8 336.2 331.1 321.3 314.6 308.8 304.8 301.7 298.8 296.6 295.3 294.4 292.5 289 282.9 274.4 267.8 264.8 259.9 253.2 245.1 234.3 224.6 215.2 206.1 196.4 190.8 186.4 180 173.8 172.9 172.8 172.8 176.4 181.1 180.9 182.5 184 192.9 204.3 215 234.8 257.1 268.4 274.9 277.1
244.5 239.2 234.2 229.8 228.9 227.8 226.9 226.3 224.8 223.7 221.5 221 221 224.4 231.5 241 250.7 268.3 287.6 306.8 326.7 347.4 364 378.1 379.7 378.5 376.2 378.7 369.8 359 349.5 341.9 336.6 330.6 324.6 317.2 310.6 305.9 301.9 298.7 295.4 293.5 291.3 291.5 287.2 282.6 277.1 269.5 258.1 251.2 245.4 240.8 231.6 224.3 217.1 210.2 202.4 197.1 194.4 190.4 184.6 174.8 172.9 172.8 172.9 175.8 178.5 180.2 182.3 188.9 198.7 208.4 220.7 247.6 273.8 288.9 300.3 303.6
243.8 234.8 231.4 232.5 236.5 232.7 231.3 226.5 223.9 223 220.4 219.8 220 221 227.1 233.3 243.4 257 276.2 298.6 322.4 346.2 363.3 377.9 375.8 372.3 367.1 362.4 355.5 347.7 339.8 335 330.1 320.1 315.4 310.5 307.7 305.3 301.4 297.2 294 293.3 290.1 289 285 278.4 272 262.6 256.5 242.9 230.9 228 220.6 216 212.1 207.9 202.4 198.5 196.5 193.6 184.2 173.6 172.9 172.6 172.7 173.5 175.9 178.3 183.6 191.5 202.5 211.9 228.7 258.4 284.8 306.4 317.2 320.7
235.1 232.5 240.2 244.3 243.6 240.6 236.2 229.1 225.8 223 220.6 219.6 218.5 218.6 221.3 226.3 232.7 246.1 262.8 288.8 319 344 358.8 373.9 374.3 364.9 356.4 347.6 339.7 330.9 327.2 325.3 317.7 313 308.8 306.8 306.1 304.6 300.8 298.3 295.7 293.1 288.9 286.9 282.8 275.6 261.9 258.5 245 236.6 220.5 217.7 213.1 207.9 202.5 201.1 200.1 198.8 197.8 191.3 178.8 174.6 173.1 172.4 172.9 172.6 173.7 178.1 184.4 194.5 206.8 216.6 240.6 269.7 294.2 315.2 318.1 321.3
239.1 250.1 254.1 254.3 252 249.7 243.9 235.9 229.2 225.1 222.1 220 219 217.8 217.8 220 225.6 235.6 252 277.7 307.9 336.3 348.2 362.4 366.3 358.9 346.3 336.3 329.9 324.7 318.3 312.2 309.4 305.9 303.3 303.2 304.3 305.6 302.6 299.4 297.1 294.1 289.5 285.4 282.6 276.7 270.2 256 234.4 240.5 239 233.5 223.8 213 206.4 200.4 196.1 195.9 192.1 184.4 179.5 177 175.2 173.7 171.6 172.2 172.8 177.8 186.3 199.7 210.9 229.6 259.2 282.4 302.1 304 308 313.7
258.5 265 267 265.8 263.8 260.8 253.2 246 235.8 227.4 223.7 219.8 218.5 216.6 215.7 216.3 220.4 227.5 243 266.8 295.5 320.5 333.7 343.5 354.8 354.3 338.2 327.5 321 316.9 311.9 307.8 303.8 300.8 300 300.4 300.6 301.5 300.6 299.5 296.6 293.9 289.2 283 277.6 275.4 267.1 245 252.2 253.2 243.5 235.9 224.5 217.9 211 203.3 198.2 193.7 188.1 185.8 181.2 179.2 176.7 174.4 172.2 171.9 173 179.1 186.2 203.6 211.5 235.4 274.9 290.8 295.2 296.7 297.3 303.7
272.5 277.2 277.2 275.5 274.4 270.7 263.9 257.8 248.9 231 226.6 220.4 217.5 216.2 214.9 214.7 215.7 219.1 231.1 252.8 281.5 298.1 313.8 325.7 334.8 341.8 329.6 319.7 315 312.2 307.5 304.5 301.6 300.7 298.9 298.9 298.9 299.1 299.9 297.9 295.2 291.9 288.8 282.1 267.4 262.4 262.8 264.4 258.1 249.9 245.2 240.9 234.8 226.5 215.6 203.7 198.5 195 190.4 187.8 183 179.5 176.2 173.5 172.4 171.6 173.1 179.8 186.4 203.3 214.1 244.9 272.8 284.9 288.2 287.7 288.9 295.2
285.1 286.9 287.8 287.1 284.8 280.2 274.5 268.1 260.1 242.1 226.4 219.5 217.3 216 214.8 213.8 213.9 214.6 221.8 235 257.6 281.1 292 307.9 316.1 321 312.6 310 309.2 309.6 305.7 303 300.7 299.1 298.9 298.9 300 297.9 295.3 292.6 293.6 291.2 286.3 282 278.5 276 270.2 265.3 261 260.2 257.2 253 245.7 235.5 222.1 207.2 198.8 193.7 190.6 189.5 186.7 178.9 175.7 173.2 172.2 171.6 172.8 179.6 186.6 203.6 227.3 257.8 268.6 271.4 278 278.1 280.6 284.3
295.7 295 295.3 295.6 292.3 287.8 283.4 278.2 268.8 251.4 231.3 220.5 217.4 215.3 213.9 213.1 211.9 212.9 213.7 221.7 237.8 255.3 273.7 286.5 293.7 298.2 299.9 301.1 303.2 305.1 305.4 303.8 302.4 301.3 300.6 300.3 301.3 301.5 299.4 297.6 296 293 288.6 283.4 280.4 276.2 274 275.5 273.7 271.8 268.5 261.7 254.6 244.4 229.7 213.1 199 195.6 188.7 187 184.8 176.9 174.5 172.8 172.7 171.3 172.5 180.5 186.6 209.5 238.4 253 260.1 263 265.6 267 270.6 274.6
304.8 303.7 303.6 302.1 299.3 295.8 291.8 286.4 279.6 258.7 237.3 222.5 217.2 214.2 213.1 210.9 209.7 210.8 211.2 213 220.9 235.2 251.2 268.5 271.9 279.5 285.7 291.5 296.5 301.6 303.1 302.4 303.5 302.9 302.9 303.3 304.2 304.4 303.7 300.9 297.8 294.8 289.6 285.7 283 283.1 283 282.7 281 278.8 274.1 268 261 250.3 236.7 220.2 205 196.9 190.3 184.6 182.3 174 172.6 172.9 173.3 171 171.6 179.3 186.6 213.2 238.3 248 252.2 255.3 257.9 260.6 268.8 269.4
310.5 311.8 310.9 307.1 304.9 302.1 297.6 291.1 279.1 260.9 240.8 224.1 218.6 214.7 213.2 211.7 209.7 209.3 209.9 210.4 212.5 215.8 227.9 247.4 255.2 263.2 270.3 280.5 287.3 292 296 300.2 302.7 304.4 305.2 305.5 305 305.8 306 304.4 301 297.3 292.4 290 288.7 287.9 286 285.8 285.1 281.5 277.1 271 263.1 253.3 241.6 227.6 211.7 201.2 191.8 185.4 181.7 174 172.3 172.6 173 171.2 170.5 178.5 187 213.5 229 240.5 244.6 248.8 253.1 258 261 260.3
317 318.1 315.2 311 308.8 306.5 301.8 289.2 277.6 262.6 238.1 225.6 220.2 216.9 213.4 212.2 210.3 208.9 208.2 208.7 209 210.7 212.6 221.3 233.9 244.9 254.6 263.2 273 279.5 292.1 301.6 303.4 303.5 305.8 306.1 306.8 306.7 306.3 305.9 302.6 298.9 295.4 292.8 290.8 288.7 287.1 284.6 282.6 280.4 276 270 262.6 253.9 244.1 231.9 218.3 206.2 194.1 187.2 183.8 176.6 171.8 171.4 172.2 171.1 171.4 177.6 187.2 205.2 219.5 230.5 238.8 242.4 249.1 255 256.6 256.5
321.3 324.1 318.8 315.4 312.7 309.7 302.9 292.5 279.6 263.8 238.6 225.5 220.5 216.5 213.2 211 209.9 208.2 208.1 207.8 207.9 208.6 209.5 213.2 219.1 227 239.1 248.1 262.4 280.1 294 302.2 303.2 303.2 303 304.1 305.5 305.9 305.2 302.9 299.3 297.3 295.4 291 288.5 284.1 281.4 278.8 277 276.1 271.9 264.2 258.5 252.2 242.7 230.8 219.6 209.3 197.9 187.8 181.2 177 173.5 170.7 170.2 170.2 170.6 176.8 185.7 199 214.5 223.8 232.3 238.6 242.6 248.9 252.4 244.6
325.1 325.8 324 320.4 315.4 311.4 304.6 294.6 283.4 269.4 245.8 233.6 224.2 217.4 212.5 210.5 209.3 207.5 207.2 206.4 207 205.7 206.7 208 213.2 219.9 228.3 237.3 245.7 259.2 274 288 295.8 300.5 298.2 298.6 297.7 299.3 298.1 296.2 293.2 290.5 287.9 284.2 280.6 275.5 272.7 270.2 268.2 268.5 265.4 258.6 252.8 248 238.7 227.6 219.7 211.3 200.8 189.5 183.8 181.1 177.1 173 170.1 168.7 168.2 171.9 182.7 194 210.4 220.4 229.2 235.2 238.2 240.1 240.4 238.3
329.1 328.6 326.9 324 318.6 313 307 299.2 291.6 279.7 269.2 248.7 235.3 220.4 213.6 210.9 208.2 208.8 206.7 205.4 206.1 205.6 205.5 206.1 208.5 213.2 216.8 220.3 229.3 239.1 252.2 266.8 280.5 290.1 292.7 291.3 289.3 287.6 288.3 285.6 282 279.3 275.6 272.9 268.3 262.8 260.3 258.2 256.2 255.2 253.4 250.1 246 240.6 233.5 225.9 218 209 199.5 191 185.5 183.2 179.9 175.3 171.1 169.2 167.8 168.1 178.5 186.1 200.4 213.9 224.9 232.1 232.4 233.4 235.8 236
333.9 332.7 330.4 328 323.5 318.5 312.3 305.6 296.8 288.8 281.2 270.4 256.6 233.7 216.7 211.7 207.8 206.2 207.3 205.1 204.3 204.6 205.8 206 206.6 207.1 208.4 208.2 213.4 222.1 233.2 244.3 255.8 267.6 274.2 277.3 276 273.2 272.3 271.4 267.3 264.4 261.3 256.5 252.4 247.4 244.5 243.1 242.9 240.4 239.5 239.2 235.9 231.6 225.4 218.4 211.4 204.5 197.1 189.2 184.4 182.1 180.9 177.4 172 169.4 168.4 168.2 173 180.5 188.8 198.1 209.8 218.8 224.2 226.7 230.4 229
339.3 338.2 336.2 333.4 330.2 325.5 319.7 313.5 306.5 299.3 293.1 286.6 276 256.6 232.7 216.3 209.3 206.2 206.1 205.9 203.9 202.3 202.7 204.1 204 203.8 204.2 203.5 205.3 210.3 217.5 228.3 240.3 248.3 253.5 258.3 261.2 260.5 257.7 254.6 251.9 248.5 244.5 239.3 235.7 231.1 228 225.6 226.4 226.9 226.7 227.8 225.5 221.9 215.8 209.3 203.9 198.1 192 185.4 183.4 181.4 181 177.8 172.8 168.9 168.5 168.3 168.9 172.4 179.6 186.5 193.8 199.8 210.4 217.5 221.9 224.4
345.1 343.6 341.9 339.3 336.2 332.8 327.5 322.5 316.8 312.7 307.8 301.6 289.8 274.7 251 228 214 207.4 205.7 205.5 204.2 201.8 199.2 200.3 201.2 201.7 202.7 202 202.4 203.2 207.2 213.8 221 232.4 240 245 247.4 248.5 244.5 240.3 234.8 230.8 225.4 223.8 221.1 218.2 215 213 211.4 208 213.1 215.6 215.4 211.6 206.4 201.8 196.7 191.7 187.1 182.5 182 181.7 179.9 176 171.1 168.9 168.7 168 167.9 168.2 170.4 177.3 183.3 188.2 194.6 201.4 206.9 211
351.2 349.4 347.6 345.4 342.7 338.9 335 330.8 328.5 326.9 322.2 315.3 301.2 286.6 268.1 242.9 221.7 210.4 206 205.2 204.2 202.9 201.3 200.5 199.6 200.4 201.2 200.9 201.5 201.3 203 204.6 209.2 217.3 222 229.3 231.7 231.4 229.5 225.5 220.3 216.9 213.1 211 209.2 206.7 205.2 203.4 202.1 201.4 202.4 203.6 204.7 202.9 198.2 193.8 189.6 185.2 181.2 178.8 178.4 179.6 177.4 175.5 175.1 172.6 168.9 168.4 167.8 167.8 167.8 168.3 168.8 176.8 182.9 186.2 190.7 193.7
357.1 355.2 353.4 351.1 348.2 345.5 341.8 339.3 337.9 335.7 330.1 320.9 308.5 294.5 279.2 260.3 236.4 215.2 208.8 206.4 204.1 203.6 201.4 200.1 198.9 199 200.4 200.9 200.7 200.1 199.3 199.7 201.1 204.6 208 212 215.6 217.6 214.3 210.4 207.3 204.9 202.8 202.4 200.4 197.4 194.9 192.9 192.6 192.5 194.6 197.2 197.1 195 191.4 185.8 181.2 179.2 178.4 176.5 175.1 175.1 175.1 175.7 175.7 175.9 174.4 170.3 168.2 168 167.8 167.8 167.8 167.9 168.6 175.5 181.6 182.7
362.8 360.5 359 356 353.2 350.4 348.6 346.6 343.5 338.4 333.1 325.9 314.1 300 285.5 267 248.5 221.1 211.8 208 205.9 204.4 202.7 200.1 198.8 198.7 198.7 199.3 199.2 198.6 197.3 196.2 197.1 198.4 198.8 199.3 199.7 200.1 199.9 198.9 197.2 195.6 195.5 193.7 191.8 188.3 185.3 184.3 183.8 184 183.3 184.6 193.1 190.7 185 179 178.2 178.7 178.3 178.1 176.5 175.9 175.6 174.3 174.2 174.8 176.1 173.5 170.1 168.9 169.2 169.3 168.3 167.9 167.8 168.1 168.5 167.4
368.3 364.1 362.3 360.3 357.3 354.6 353.6 351.6 346.9 340.7 334.8 328.2 316.7 303.8 287.6 266.1 249.6 229.7 218.5 209.9 209.2 207.2 204.4 201.7 199.2 198.2 197.9 197.3 196.8 197.1 195.8 194.8 194.3 194.3 194.4 193.5 193.8 193.9 193.4 192.3 190.9 189.3 188.2 186.6 186.2 185 183.1 188.4 190.6 191.3 188.3 182.2 182.2 181.9 179.5 179.2 189.3 189.5 184.9 182.4 181 179.6 177.3 174.5 173.8 172.8 173.4 175.1 172.4 170.3 170.3 170.8 168.6 168.1 167.8 167.8 166.4 166.3
371 367.1 364.9 364 361.5 359.8 358.2 353.5 346.1 340.2 334.8 328.7 319 304.5 289.8 272.6 258 243.5 230.3 220.3 213.9 212.2 208.4 202.8 199.7 198 198 196.1 195.2 195.4 194.4 193.9 193.7 193.9 193.3 192.2 191.2 190.8 188.9 188.5 188.1 187.9 187.4 186.8 186.5 187.5 194.7 197.4 197 196.6 193.7 186 181.4 181.1 180.2 190.9 191.4 191.3 188.5 186.3 184 181.8 179.5 177.1 174.9 173.7 172.8 171.9 170.9 170.3 170.6 168.9 168.6 168.2 167.9 166.5 165.4 165.5
372.2 369.4 367.7 366.7 365.8 363.3 360.5 352.3 343.9 338.1 334.7 326.5 315.4 303 289.6 276.6 263.8 252.1 241.5 233.2 220.7 218.5 211.8 207.3 203.7 200.6 199.1 197.5 196 193.9 193.9 193.9 193.4 193 192 190.9 189.8 190.1 188.9 188.6 188 187.8 187.5 187.1 186.6 192.2 196.3 199.1 198.7 197 195 187.7 185.6 189 190.3 193.4 194.1 193.5 191.7 189.2 188.2 185.8 182.6 178.7 176.3 175.1 174 173.1 172.4 171.3 170.3 169.2 168.7 168.4 168.5 167.4 166.4 166
372.5 370.4 368.5 368 366.6 363.9 359.7 349.7 341.4 334.9 329.4 322.4 312.7 298.5 283.1 266.9 262.9 255 245.5 228.3 231.9 226.3 220.4 215.1 210.8 207.2 204.4 201.3 198.2 196.9 195.2 194.4 194.3 193 191.6 190.4 190 190.5 191.1 189 188 187.8 187.7 187.1 188.4 193.1 195.7 196.6 196.5 195.3 192.6 190.3 190.8 191.4 191.5 193.1 195.2 194.2 194.7 192.9 190.9 188.8 184.8 180.9 177.5 176.2 174.9 174.8 176.1 174.2 171.6 170.7 170.4 169.1 169 168.3 167.4 166.4
370.7 369.2 367.6 367.2 366.3 363 355.5 347.1 340 333.7 326.7 315.8 302.4 294.7 287.9 279.4 269.6 259.9 250.5 243.6 241.1 233.7 227.2 223 218.6 213.6 209.2 205.9 202.6 201.5 199.2 196.8 195.7 194 192.4 191.8 190.7 189.9 189.2 188.9 188.8 188 187.4 188.1 189.7 193.6 195.7 194.9 195.9 195.9 195.5 194.7 195.2 195.4 194.5 193.9 194.3 195.1 194.4 193.6 191 189.4 185.7 181.9 178.9 177.9 176.9 175.8 175.5 174.3 172 170.3 171.2 169.1 168.7 168.5 167.6 166.2
368.4 367.2 365.7 365.6 364.6 360.4 353 344.9 339.7 334.4 328.5 320.2 311.9 304.3 297.4 290.8 283.8 275.6 267.2 260.3 252.6 245.5 239 232.5 226.2 221.5 214.5 212.2 208.5 206.5 203.2 200.6 198.8 196 194.6 194.5 193.6 191.6 189.8 189.5 189.4 189.5 189.6 190.7 191.6 193.9 195.6 196.1 196.9 197.4 197.1 197.5 197.3 197.6 197.2 196.9 196.3 195.2 194.5 193.1 192.3 191.1 188.3 184.6 181.2 179.9 178.7 177.2 176 175.2 173.2 170.9 168.9 168.9 169.1 169 168 167.1
364.5 363.8 363.1 361.5 362 360.1 351.6 344.4 339.4 337.8 332.7 325.6 320.4 314.2 307.7 301.3 294.3 287.3 281.2 274 266.8 258.4 251.7 243.1 238.8 232.8 225.6 221.6 215 211.8 208.5 206 204.2 201.5 200 198.8 197.3 196 194 194.1 194.2 193.5 194.5 194.9 195 194.5 196.4 197.4 197.9 198.6 198.7 199.1 199.8 200 199.9 200 199.6 199 198.3 197.3 197.2 195.3 191.5 186.8 183.3 181.9 180.1 178.3 176.6 175.9 175.1 172.7 171 169.7 169.2 169.2 169 168.3
359.1 359 358.2 357.5 358.8 357.3 351 346.4 345 341.6 337.8 333.2 329.1 324.3 318.7 311.9 304.8 297.6 290.5 284 277.3 270.1 264 254.7 248.9 243.8 236.7 225.8 222.7 219 213.2 213.4 210.3 208.1 206 204.1 202.6 201.4 199.9 199.5 199.6 197.8 198.1 199.6 199 198.2 198.9 199.5 199.8 200.2 201.3 202.5 203.1 203.9 204.9 204.4 203.7 203.7 203.1 201.6 200 197.6 194.4 189.4 185.9 187.1 182.5 180.9 178.7 177.5 176.5 175.2 173.5 172.1 170.8 171.3 170.6 170
352 350.6 350.8 351.1 353.8 352.3 348.8 347.5 347.8 346.4 343.7 339.7 337 333.3 328 321.9 315 307.8 299.1 291.9 285.1 279.3 272.5 264.2 257.9 253.1 242 231.6 227.9 224.7 220.9 220 218.1 216.5 214.1 210.5 208.3 207.2 205.9 205.5 205.2 203.2 202.3 204.2 203.8 202.6 202.5 202.7 203.9 205.1 208.1 209.1 208.8 209.6 210.6 209.4 208 207.4 206 204.7 202.8 199.8 196 190.4 190.6 189.7 190.6 185.7 191.2 188.7 182.6 178.4 176.1 174.8 173.1 173.5 173.1 172.5
343.1 342 341.5 340.7 342.1 344.3 345.8 347.2 349.2 350.1 348.2 346 344 340.1 334.8 329.2 322.9 316.1 308.2 300.4 292.9 287.4 281.1 274.9 265.7 254.9 246.3 241.8 236.1 232.8 230.7 230.6 227.8 225.7 221.4 218.1 216.3 214.8 213 211.8 211.1 209.9 209.8 210 210 209.6 209.6 209.5 210 212.3 215.2 217.1 218.1 218 215.8 213.5 211.6 209.6 207.9 206 204.8 201.6 193.8 194.2 195 194.9 193.1 193.1 195 196.7 193.3 190.1 184.2 178.8 176.3 174.4 175.7 174.9
332.1 332.5 332.6 330.9 330.6 334.9 340.4 345.4 349 350.9 351.6 350 347.5 343.1 338.9 334.5 328.5 322.1 315.1 307.9 300.7 295.3 290 283.5 274.4 266.6 259 253.7 249 245.3 242 240.8 238.6 234.4 232.2 228.1 226.1 223.9 222.7 221.8 220.7 220.3 220.5 220.6 220.6 220.6 222.2 223.4 226.2 228 228.4 229 228.3 225.3 221 217.6 214.1 211.6 209.5 207.6 205.2 196.3 199.5 199.2 199.2 198.5 197.3 197.5 198.1 197.8 196 194.2 191.6 189.1 180.8 177.4 176.9 176.7
320.6 322.1 322.6 321.7 320.9 325.3 332.4 340.1 344.4 346.2 347.5 350.4 350.3 345.2 341.4 338 333.6 327.3 321.2 315.1 308.2 301.9 297.1 291.6 285 278 272.4 268.2 264 259.3 256.2 253.9 251.2 247.2 243.9 241.4 238.6 236.2 234.8 234.1 233.4 234.1 234.4 235.2 236.1 238.7 240 240.6 241.3 239.1 236.8 236.2 233.2 230 226.8 221.4 216.8 214.4 212 208.6 205.3 201.8 205.4 204.2 204.2 203.2 202 201.5 200.7 199.8 199.3 197.1 194 192.4 190.4 182.9 180.4 180
305.8 308.5 311.1 310.8 312.3 316.4 321.7 329.2 337.1 340.6 343.2 345.8 347.8 344.5 341.2 338.3 336 331 325.7 320.3 315.2 309.6 304.6 299.8 295.7 290.2 284.8 281.9 277.1 273.2 269.4 267.1 264.4 260.7 256.2 253.3 252.3 249.6 248 247.1 247.6 248 250.2 253 255 256.4 255.2 251.1 247.5 245.1 241.6 239.9 237.3 234.3 230.5 224.9 220.1 216.6 214.3 210.7 201.6 208.3 210.5 212.9 211 208.1 206.9 206.2 205.6 204.6 203.1 199.4 195.9 193.7 191.1 187.6 184 190.1
298.5 293.8 295.4 297.7 300.1 304.7 309 316.6 326.2 333.7 337.9 340.1 340.5 339.8 337.8 336.9 336.1 333.4 328.6 323.8 319.9 316.2 312.9 309 305 300.7 296.8 293 288.8 284.8 280.7 276.8 274.3 272.4 269.3 267.3 265.1 262.4 262 260.3 261.2 262.8 265.3 268.2 269.2 267 263.9 258.6 253.3 249.1 246.1 244.7 240.7 237.6 233 227.6 223.3 218.7 215.8 213.3 208.2 216.3 222 221.4 215.7 213.4 211.8 211.6 210.7 208.4 206 200.8 197.8 196.2 194.3 193.4 190.7 194.2
