app/static/ascii/SO27.asc
ncols 200
nrows 200
xllcorner 320000
yllcorner 270000
cellsize 50
[rows 0 to 34 of 200, columns 78 to 155 of 200]
325.5 323.9 341.8 370.1 395.7 401.8 397.6 392.9 390.7 391.6 394.9 406.9 408.3 408 406.4 402.9 403.6 401 396.1 395.6 391.9 387.7 388.8 384.2 377.1 370.2 372.9 374.9 373.9 374.6 371.4 367 366 366.9 363.8 362.5 362.2 357.7 353.2 345.7 340.4 338.1 334.7 333.4 329.6 325.6 328.9 324.2 324 322.6 316.5 313.7 323.2 326.5 327.1 325.1 319.8 317.9 318.5 322.1 322.3 322.7 322.1 321 320.2 318.5 320.8 322.4 323.3 326.1 328.6 331 331.6 331 335.5 338.7 343.3 345.8
321.8 323.8 336.6 363.6 383.3 383.3 379.6 375.2 376.2 382.2 398.1 405.8 408.8 407.9 406.8 405.2 406 404 399.4 399.7 394.4 393.4 393.6 385.7 376.1 376.2 383.4 386.5 385.5 382.4 379.3 375.4 373.9 374.9 371.7 368.7 368.1 365.7 358.9 351.3 345 340.4 338.3 335.9 333 330.7 323.3 326.5 323.5 323.3 319.8 316.5 311.1 315.6 315.3 314.6 315.6 319.6 315 316.7 320.1 320.4 318.7 317.9 316.5 315.1 316.1 317.6 320.8 323.5 325.4 327.2 327.8 329.8 334.4 338.3 342.9 346.3
316 321.8 332.7 355 367.5 365.1 360.7 362.6 373.8 389.8 404.6 407.6 408.6 409.6 408.3 406.9 408.9 404.2 403 400.5 397 395.1 393.6 385.3 381.5 387.1 392.8 392.8 392.2 391.2 386.7 384.9 382.5 381.7 380.9 377.3 374.5 371.4 363.1 354.1 347.2 342.3 340.4 337.6 335.1 331.8 329.3 322.6 321.7 323.9 317.9 318.1 314.4 309.3 308.5 308 307.2 312.4 313.2 313.9 318 317.6 316.1 316.3 313.9 311.4 315.2 319.5 323.9 325.9 324.5 323.4 324 326.9 329 332.8 337.8 341.9
315 321.4 329.4 345.2 349.7 349.8 358.4 370.1 386.1 401.4 405.8 408.1 408.6 410.9 409.8 409.9 408.8 405.1 404.2 401.3 399.4 395.2 390.4 383.3 386.9 394.5 397 397.9 396.9 396.9 394 392.1 390.5 390.3 388.7 385.4 382.1 374.3 366.2 356.4 349.4 347 344.4 340.9 338.3 334.7 331.1 328.1 322.5 317.9 317.4 322.9 320.5 315.4 313.3 311.3 307.3 305.4 305.1 309.9 315.7 315.7 315.1 312.5 307.8 315.8 320.3 322.8 324.7 325.1 322.7 318.5 322.2 326.5 331.4 334.5 339.2 343.5
316.3 322.4 329.8 337.8 346.8 357.7 371.1 386.4 398.2 404.5 404.9 406.9 408.1 410.4 411.4 410.9 409.5 404.6 402.6 400.6 399.9 395.8 389.4 388.5 393.5 400 401.8 402.6 403.4 402.5 400.4 399 398.6 398.7 396.4 393.3 389.1 384.7 375.3 362.3 356.6 354.1 352.4 348.4 344.6 339.4 334 330.4 327.6 325.2 317.5 314 322.1 318.3 316.6 315.1 312.8 310 307.4 302.9 311.1 313 312.8 310.8 313.3 320.1 325.2 325 322.5 320.5 321.1 317 325.9 330.7 335.7 338.3 343 347.7
314.6 325.1 337.6 348.1 361.8 375.6 387.2 395.1 400.4 404.4 403.2 405.5 408.3 409.4 409.4 409.6 405.9 402.7 400.2 399.5 399.9 395.6 393.3 391.9 396.4 403.9 406.2 406.5 407.9 407.6 406.5 406.6 406.4 406.4 403.8 401.5 397.6 391.6 379.4 371.1 371.1 368.3 363.4 358.1 352.2 345.2 339.2 334.8 330.1 326.3 321.9 318.7 312.9 322 320 319 315 313.1 312.2 310.5 305.5 299.4 300.9 307.9 312 319.2 323.7 323.2 317.4 314.5 310.6 321.6 330 336.6 340.4 344.7 349.5 355
312.8 325.8 343 360.7 375 384.2 390.9 395.7 398.4 399.8 400.4 402.9 406.2 408.4 407.3 405.3 401.6 399.9 398.6 398.7 398.8 395 395.9 394.8 398.6 403.6 406.9 409.5 411.5 412.5 413.1 413 413.3 413.3 410.9 408.1 404.4 397.2 389.9 385.3 380.8 375.4 370.4 364 357 349.3 342.9 338.5 331.9 329.4 327 323.5 317.5 309.8 313.4 316.8 315.8 315.4 313.4 313.3 314.3 314.2 306.8 295.2 300.2 312 318.3 315.7 310.1 310 320 329 336 341.6 347.1 352.9 358.6 363
311.1 325.3 346.4 365.5 377.8 385.4 391.2 393.4 393.6 393.3 394 398.2 403.7 404.2 403.9 403.3 396.1 395.7 394.9 396.5 397.2 394.5 395.5 395.5 399.2 404.4 408.2 412.3 414.8 416.8 419.1 418.8 419 418.8 417 413.6 409.9 404.3 397.7 391.9 385.8 378.9 372.5 365.2 356.7 351.1 344.7 339.6 337.1 333.5 329.8 326.2 323.3 320.4 311 310.6 318.2 316.9 315.1 315.3 316.3 315 313.5 305.6 293.1 299.9 306.4 306 299.5 315.3 324.4 333.7 342.1 348.4 354.5 361.9 369 373.9
309.2 320.4 345.8 364.9 378.7 383.8 386.2 385.6 385.3 382.4 382.6 390.2 399.3 398.8 398.5 397.2 390.8 390.3 390.9 393.8 394 392.4 389.9 392.1 398.8 404.5 409.8 414.1 417.2 420.7 424.2 423.2 423.6 423 421.1 417.8 413.8 408.3 401.8 394.7 387.7 378.7 371.4 363 356.5 350.9 348 343.8 339.7 335.5 331.7 328.1 325.3 322.5 319 304.8 318.5 316.5 315.1 314.9 316.1 315.4 315 312.2 298.9 292.8 296.3 295.7 308.4 318.8 329.4 338.5 348.3 356.7 365.1 373.2 379.6 383.9
305.2 316.8 339.4 358.1 369.9 375.7 375.3 374.7 372.5 367.9 372.1 387.2 391.9 390.7 391.1 386.1 383.5 382.2 386.1 391.5 390.6 384.6 383.5 393 398.6 405.7 411.4 416.6 420.2 424 427 426.9 427 426.7 424.9 421.4 416.6 410.9 403.9 395.8 387.5 378.2 369.4 363.4 358.7 355.5 351.2 344.9 339.5 335.2 331.5 328 325.6 322.6 319.6 308.4 304.1 313.7 312.7 311.5 310.6 310.7 310.7 309 306.5 297.8 289.3 300.3 311.1 323.5 334.4 345.5 356.5 366.3 375.3 383.2 388 392.7
298.4 309.8 334 352.6 363.5 366 363.6 360.7 357.2 357.1 370.7 381 379.4 380.3 379.1 376.3 374.1 374.1 380.6 381.7 379.6 376.2 382.4 392.4 401.8 408.2 415.6 419.8 423.2 427 429.5 429.9 430.1 429.1 426.6 422.3 417.4 411.4 403.9 395.1 385.7 376.4 367.8 363.4 360.2 356.8 351.7 344.3 338.5 333.1 328.3 324.6 322.1 320.2 319 312.3 304.2 305.4 304.7 302.6 303.4 297.9 296.8 297.5 298.5 294.9 291.7 306.8 319.1 330.1 342.3 355 365.1 375.4 384.6 391 396.3 402.2
300.5 302.2 327.6 353.2 356.9 354 349.5 344.7 342.9 357.1 368.5 370.2 368.7 368.2 368.1 365.6 360.2 366.5 373.1 373.7 372.3 370.1 379.4 391.5 402.3 410.4 417 421.3 425.6 428 429.7 431.8 430.2 428 425 420 414.5 408.3 401.6 392.1 381.5 370.9 363.8 360 355.6 353.2 347 339.1 332.2 326.7 323.4 318.9 317.2 314.9 314.5 307.7 300 298.3 296.9 298 294.2 304 303.3 294.5 289.1 284.9 300.7 315.9 328 338.7 351.1 364.4 373.9 383.4 391.4 397.8 404.2 410
302.4 294.3 312.5 334.6 342.9 338.5 333.3 331.3 347.8 359.7 360.2 360.7 359 358.2 358.4 354.7 354.4 360.1 361.6 361.8 362.2 367.4 379.6 391.3 397.7 406.8 413.7 418.2 423.3 425.5 427.8 429.8 428.1 425.1 421.2 417.3 411.6 405.6 397.2 386.7 374.7 363.9 353.6 348.1 342.1 336 332 327.7 324.5 322.1 317.6 312.2 306.8 304.5 302.9 305.1 307.1 308.9 309.6 312 307.6 298.2 302.9 287.6 283.1 286.8 302.6 325.4 339.3 350.3 360.5 371.5 381.1 389.8 396.9 403.8 410.2 416.2
303.4 297.7 294.9 315.7 323.7 320.7 321.1 328.4 347.4 350.3 347.5 347.1 345.3 344.6 345.1 341.2 346.8 353.3 354 352.7 351.4 366.8 382.7 390.9 396.4 403.6 409.4 416.8 422.5 424.9 425.1 426.4 425.1 422.5 419.6 415.5 410.8 405.2 397.9 383.9 368.8 354.8 347 339.8 333.7 329 325.3 321.8 319.2 314.8 312.1 308.6 315.2 313.3 312 315.1 318 320.8 324.2 326.1 324.8 303.3 295.3 293.3 282.2 284.7 304.1 324.8 335.8 345.9 360.4 375.4 386.7 395.5 402.8 409.5 416.2 423
304.3 300.1 295.3 295.1 306.1 309.6 316.6 331.5 340.4 337 335.3 332.5 329.5 329.5 331.1 331.8 337.5 340.6 344.6 341.7 353.2 370 383 390.4 396 404.9 409.7 414.8 420.5 423.3 422.9 422.8 421.1 419.3 416.7 413.4 410.3 406.7 400 385.8 370.5 356.4 347.2 342 335.7 331.1 326.5 323 321.6 318.7 315.1 319 322.2 322.8 326 329.5 334.2 337.3 337.9 338.1 333.3 315.4 300.9 295 281.6 290.1 313.9 326 331.3 343.5 364.3 380.9 392.8 402 409.6 416.5 422.6 429
303.7 302.7 299.9 286.9 293.5 306 318.5 331.5 331.8 328.2 325.6 323 321.3 320 322.2 323.9 326.9 329.6 333 344.9 354.1 362.5 370.6 380.6 388.7 398.6 408.3 415.8 418.6 420.9 421 419.3 417.6 414.9 411.8 408.6 406.5 404.7 398.9 386.9 373.2 361.3 353.4 346.3 340.7 337.6 331.1 325.4 320.9 320.6 324.1 326.3 331.7 339.4 345.6 349.4 351.1 351.3 349.8 346.1 335.9 317.4 304.6 295.4 280.7 290 313.2 323.7 332.8 353.8 373.8 388.1 399.3 408.4 416.3 422.7 427.6 429.3
296.4 295.3 291.6 285.3 297 310.8 324.5 327 323.1 319 317.5 316.4 314.2 312.8 314.6 320.4 323.3 323.6 330.7 338.4 342.8 350.7 359.5 370.4 383.5 396 406.3 413.6 417.7 418.9 419 416 412.9 408.9 404.8 402.3 400.8 400.2 395.1 385 374.3 362 353.7 348.9 341.4 339.9 333.3 326.1 320 328.2 334.3 340.8 347.7 354.5 358.2 361.2 362.7 362.2 358.5 351.8 336.9 316.4 304.3 287.6 281.1 290.5 305.1 325.3 343.5 361.2 379.6 392.8 402.9 410.8 418.8 420.4 422.3 423.9
282.3 280.5 287.9 299.3 310.6 322.7 326.8 325.2 317.2 311.8 310.5 308.5 308.7 316 322.4 328.4 332.5 331.9 334 338.5 348.6 356.2 359.6 376.7 394.4 404.1 410.9 415.1 418.1 417.8 416.5 412.6 406.5 402.4 398.5 396.3 394.4 392.7 386 376.8 368.9 360.6 350.9 346.1 339.5 334.8 329.6 321.6 329.4 338.6 348.7 354.8 359.6 364.4 367.4 369.6 370.8 368.4 361.1 350.9 334.7 315.3 302.8 285.8 280.8 295.7 310.2 319.3 339.7 360.3 379.5 394.1 403.1 407.6 409.3 410.6 414.4 417.3
289.4 295.4 301.4 308.3 319.7 326.2 325 320.1 312 305.7 301.6 309.9 317.6 322 328.3 335.1 340.9 343.2 342.5 348.9 359.6 366.7 373.4 388.9 402.5 411.1 415.1 418.1 418.4 416.7 412.9 409.9 401.5 393.4 389.3 386.1 384 381.3 371.5 363.4 355.9 349.9 342.6 336.7 333.1 329.6 325.9 332.4 340.7 349.4 358.8 364.7 367.4 371.5 374.8 376.6 375.9 371.5 358.6 343 327.5 314.8 301.5 287.5 277.2 287.2 311.2 319.7 335.1 354.2 377.1 393.6 401.1 400.7 394.2 385.4 390.2 396.8
292.8 299 306.3 316.6 325.9 324.1 321.3 315.7 306.1 297 308.9 322 332.3 335.3 338.6 342 348.5 354 357.3 359.8 365.5 374.2 387 399.9 409.1 417.1 418 419.6 419.1 414.6 409.3 402.9 396.1 384.6 378 372.4 368.4 367.7 357.2 352.6 348 342.3 337.5 333.3 328.9 329.9 333.4 338.9 345.9 355.6 360 364.8 369.6 375 378.7 380.7 380.2 376.2 369.7 357.5 340.7 319.5 300.4 287.1 276.3 284.2 306 329.7 346.8 362.6 379.6 392.7 393.9 389.2 374.1 358.6 362.5 367.4
295.6 302 312.3 324.3 323.6 321.7 318.4 311.7 300 303.6 321.2 334.2 340.5 343.8 348.8 350.2 356.3 362.6 366.2 369.1 370.3 379.7 391.9 404.9 413.1 418 420.8 419.6 415.5 413.1 405.8 397 386.7 377.8 364.9 366 362.9 351.5 347.4 344.4 340 337.7 333.8 331.3 336.5 338.7 340.9 343.6 351.1 358.5 365.7 368.8 373 376.8 381 383.7 383.9 381.7 377.3 369.9 353.7 326.8 304.3 288.4 275.3 278.8 299 323.1 343.7 361.1 375 382.4 383.5 377.2 362.5 342.1 340.2 342.8
297.5 305 316.3 324.4 320.6 320.2 315.9 307.7 293 305.5 329.5 341.8 347.9 351.7 357.7 358.9 360.9 364.2 368.8 369.3 370.7 381.4 390.1 403.2 410.2 416.3 418.1 416.4 413.8 406.8 399.1 391.5 379 376.5 377.3 377.1 371.8 366.1 354 345.6 340.5 340.9 337.6 338.5 343.3 350.4 352.5 350.8 358.5 363.5 371.5 375.3 377.3 380.3 385.1 387.7 389.2 388.1 384.4 377.5 362.9 334.8 310.6 292.5 275.1 274.2 287.1 307.2 325 341 354.6 363.7 365.2 360.5 349.4 330.8 322.5 338.9
299.7 307.6 316.1 323.2 317.2 313.7 310.8 302.3 293.6 307.3 331.6 345.6 349.9 354.2 354.7 353.3 355 358.9 362 361.6 363.4 369.8 385.4 402 413.3 418.4 418.6 414.4 409.4 401.7 397.4 387.7 389.4 391.4 390.4 387.3 381.9 368.3 357.6 346.6 345.9 345.3 344 345.4 351.6 359.5 360.9 360 362.5 370.5 376.8 380.5 382.3 387 391.5 393.6 395.8 394.7 391.4 385.2 373.1 347.8 320.7 299.4 282.4 273.6 273.4 284.3 298.1 309.6 322 331.8 336.5 336 330.9 318.8 315.6 337.4
301 306.3 311.3 316 312.2 307.1 305.2 296.3 297.6 308.9 330.1 341.1 344.3 344.2 345.3 345.2 345.6 346.4 344.6 345.8 350.9 360.6 376.8 397.5 409.1 415.3 416 414.6 413.4 410 404.8 395.8 403 405.8 402.2 395.2 388.4 379.1 366.2 354.2 354.5 356.3 352.8 355.8 357.2 361.9 364.1 363.9 367.1 375.8 381.4 385.3 389.5 393.4 398.8 401.8 403.3 401.8 398 391.3 381 361.8 333.3 309.6 290.2 276.1 271.8 272.9 281.2 286.5 293.4 301.5 308.8 313.2 316.3 310.7 309 328.3
300.6 301.5 306.2 308.8 302.9 300 299 292.7 296.3 304.2 312.6 324.2 325.7 327.8 328.2 327.9 329.3 329.8 328.8 337.6 351.1 367.9 384 400.2 409.8 415.1 416.5 417.8 418.2 415 411.3 406.9 414.3 414.9 410.2 404.6 397.6 385.5 373.1 364.2 364.7 367.7 365.9 364.9 364.1 365.8 368.1 367.7 368.4 375.7 382.2 388.2 394.5 400.3 405.8 408.9 409.6 408 403.8 396.3 386.6 371.5 351.6 325.1 302.9 285.9 276.9 270.2 269.4 272.6 280 285.1 291 299 305.3 300.4 298.2 302
296.5 296.3 298.4 296.7 290.6 290.2 290 282.7 295.5 299.3 300.3 302.2 305.3 307.5 310.9 313.5 315.9 319.1 333.9 346.9 360.2 381.1 397.5 407.6 414.6 416.7 418.1 419.9 421.6 418.9 416.9 415.5 419.7 419.3 416.1 410.6 404.5 396.3 386.5 373 375.6 375.9 375.3 373.3 372.9 372.1 372.2 367.6 364.4 371 377.6 384.1 390.9 397.9 405.3 410.3 411.8 411.3 407.8 400.2 392 379.5 365.3 343.3 321 300.9 287.5 280.5 272 268.3 268.6 275 281.9 288.1 293.6 290.1 285.7 300.4
290.5 290.5 290.2 286.5 284.5 282.8 278.9 288.9 292.5 293.1 293.9 295.2 300 306.7 310.9 315.5 324.3 336.9 351.8 363.9 376.6 394.5 403.5 409.7 414.8 416.4 419.8 422.3 423.8 423.6 418.6 421 423 422.7 420.8 417.1 411 405.8 398.8 388.1 385.7 384.7 385.9 386.2 382.9 377.9 370.6 363.5 357.6 358.9 365.1 370.3 376.7 385 392.7 398.6 403.9 407.2 409.5 404.2 396.8 386.7 373 356.2 334.2 316.9 301.4 290.5 282 271.1 267.7 266.6 270.6 279.1 276.4 284.5 297.2 316
283.3 282.5 281.1 279.2 277.3 272.8 281 284.4 283.5 287.8 294.3 299.3 305.4 312.2 321.7 331.4 343.3 356.3 370.6 381.7 392.1 400.6 406.7 411 413.6 416.4 419.8 423.8 425.6 424.5 421.9 423.7 425.1 425.6 424.1 421.6 417.1 411.7 405.3 398.7 395.9 393.6 393.8 391.1 385 376.2 364.5 354.3 348 347.6 347.8 350.5 357.6 365.7 373.3 380.6 388.1 395.9 401.3 402.5 397.6 391 380 366.6 345.1 330.2 317.8 308.7 295.5 282.9 272 266.6 265.5 267.3 273.4 282.8 290.9 313
278.2 275.7 267 264.1 266.9 270.4 276.7 285.6 289.3 294 300 309.8 322.8 332.9 344.1 355.8 363.9 374.5 383.7 391.2 398.3 403.9 408.7 411.6 413.6 416.5 420.6 423.3 425.6 425.5 424.5 424.2 426.2 428 427.2 424.8 421.4 416.5 410.6 406.9 403.7 401.3 397.8 391.6 380.9 365.9 355.5 348.2 344.8 340.4 334.6 330.2 335.9 343.8 351.9 360.1 367.8 374.8 380.3 383.4 385.1 384.6 378.9 369.9 353.3 339.7 329.9 319.1 311.7 295.6 280.9 277.4 266.5 264.7 265.4 270.6 279.1 302.4
270.1 261.8 269 272.1 276.4 281.3 286 290.4 295.7 301.4 315.6 331 343.2 356.7 366.3 371.3 377.6 385.1 390.7 396 401.1 405.2 408.1 410 412.1 415.7 419.7 421.6 423.8 426.1 425.9 426.2 427 429.7 429.6 427.8 423.9 419.8 415.4 411.3 407.2 403.1 397.2 389.2 372.7 370.1 365.1 360.8 352.3 348.2 344.4 341 330.7 320.4 328.7 335.2 342.8 349.5 353.9 357.3 358.9 357.8 354.2 347.1 339.6 333.4 330 324.9 313.8 290.1 296.4 292.8 281.2 267.8 262.8 262.1 266.4 293.1
264.1 270.4 275 281.7 288.3 293.3 298.3 301.5 306.4 320 335.3 350.7 361 369.4 376.2 381.7 386.7 391.1 394.2 397.4 399.7 402.5 404.3 406.5 408.6 411.6 415.5 418.1 422.4 426.4 427.9 427.4 427.7 428.6 429.4 428 425.9 422.2 417.5 412.8 408.2 403.9 397.5 384.8 383.1 380.9 375.7 366.7 362 356.2 352.9 348.2 341.8 334.8 324 311.1 316.2 321.7 325.7 328 328.6 327.4 325.6 322.4 319.5 319.8 318.3 315.9 294.4 290.4 314.6 306.3 295.4 279.5 271.1 261.7 262.3 279.8
273.5 277.7 283.5 293.5 300.9 305.8 310.2 314 324.3 339.4 353.3 362.8 370.8 378.2 384.1 388.1 390.4 391.9 393.3 394.8 396.6 397.9 398.5 400 402.8 407 409.5 412.4 420.9 424.9 427.8 429.3 427.4 427 428.4 427.5 426.1 422.5 418.1 413.6 409 404 394 392.8 394 387.4 382.5 379.3 376.4 371.5 365.4 358.1 348.4 340.2 333 324 313.9 303.2 304 305.2 305.2 305 303.7 303.1 303.2 303.5 302.7 293.6 282.5 306 318.3 314.1 301.4 290.2 275.1 264.9 259.5 266.5
277.2 284.4 298.4 308.8 312.7 317.3 319.9 329.9 341.2 353.3 362.8 370.4 377 382.5 386.1 387.1 387.9 387.6 388.6 389.2 387.8 386.8 386.8 391.4 397.1 394.9 398.8 413.7 419.9 423.2 425.6 427.7 426.5 426.1 427 427.4 425.9 422.3 417.8 412.9 406.8 399 400.7 400.8 399.4 397.9 396.1 394.7 392.2 389.2 382.7 375.3 365.9 354.5 343.7 331.9 320.8 312 305.2 298.4 291.8 289.5 287.8 286.5 287.5 286.5 287.9 279.7 285.9 301 308.5 310 300.6 295.2 284.8 273.3 261.8 259.4
275.5 291.7 310.5 316.9 322.5 328 335.1 345.3 353.8 361.8 368.9 374 377.5 379.6 381.3 381.2 378.8 374.5 371.2 369.6 368.4 366.8 367.9 380.7 384.6 388.5 405.7 415.2 419.9 420.8 422.6 425.5 423.9 425.7 427.1 426.9 424.6 420.2 415.7 410.4 409.2 409.6 411.3 411.1 410.3 410.8 408.9 407 405.2 402.9 399.2 393.6 384.1 373.8 361.8 348.6 337.5 325.4 314.1 307.1 301.4 296.6 292.4 289.2 285.6 281.1 277.2 275.1 272.4 271.6 284.7 294.9 295.1 296.5 291.4 276.7 263.8 259.3
278 302 319.9 330.8 333.5 340.8 350 356.9 361.6 366.1 369.9 371.4 372.1 371.3 365.7 359 353.2 347.7 344.7 344.4 344 347.9 357.1 369.4 378.9 394.1 406.8 414.2 418 417.7 419.3 421.2 423.7 427 426 426 423.4 419.5 417.2 415.8 415.8 416.8 417.7 418.6 418.2 418.4 416.8 415 413.5 411.8 408.7 405.7 399.1 393.3 382.2 373.7 360 343.9 329.5 319.5 312.3 306.2 302.7 300.6 297.9 292.1 282.2 283.1 275.8 270.5 267.8 274.1 283.5 287.9 287.2 280.2 271.5 260.5
