app/static/ascii/SO30.asc
ncols 200
nrows 200
xllcorner 330000
yllcorner 200000
cellsize 50
[rows 0 to 36 of 200, columns 82 to 163 of 200]
42.2 42.5 43.2 45.6 46.7 49.1 50.8 50.9 51.1 51.5 51.9 51.8 51.8 50.6 49.1 47.4 45.8 44.2 43.2 41.7 40.2 41 42.1 42.9 43.7 44.9 46.2 47.4 48.4 49.1 49.5 50.2 52.3 52.9 53.3 53.9 54.4 55 56.2 55.9 54.2 52.3 50.8 49.6 48.5 47.4 48.3 48.2 46.7 45.9 43.1 40.4 40.3 39.5 39 39 37.9 37.6 37.9 37.6 37.2 35.9 35.9 38.5 40 41.2 40.7 40.1 39.5 39 38.3 37.7 37.6 37.7 37.5 38 39.8 40.4 40.7 42.4 44.9 48
40.6 41.5 42.4 42.5 42.3 42.6 42.7 42.7 42.7 42.9 43.9 46.1 48.2 50.7 50 48.4 46.7 45.6 44.5 42.9 41.2 38.5 40.2 40.9 41.5 42.8 44 45.5 46.5 47.5 47.9 46.1 51.5 52.8 53.6 54.2 54.4 54.8 53.7 52.4 49.6 47.6 46 45.5 44.6 43 43.7 44 43.5 43.1 42.8 42 41 39.8 38.4 36.9 36.4 36.5 36.6 36.1 34.7 35.6 37.7 40 41.8 42.4 42.4 42.1 41.8 41.2 40.6 40 39.3 39.3 39.5 40.1 41.6 42.3 42.6 43.9 46.4 50.3
34.9 34.9 40.5 41.9 43.5 48 46.2 47.6 48.6 49.7 51.1 52.2 50.2 48.2 46.2 44.5 43.4 43.1 43.2 43.4 43.5 42.2 40.2 38.8 39.1 40.6 42.2 43.4 44.7 45.6 46.1 43 49.5 50.8 52.2 53.5 53.6 53.4 52 49.3 46.2 44.5 43.4 42.8 40.8 38.9 39.9 41 41 40.4 39.6 39 38.5 38 37 35.9 35.5 35.3 35.4 34.6 35.2 36.5 38.2 40.3 42.3 43.5 43.9 43.6 43.3 43 42.3 41.6 41 40.9 41.2 41.2 43 44.7 44.9 45.8 48.4 52.1
36.1 35.9 34.8 39.6 41.5 43 45.4 46.1 47.6 49 50.4 52 52.8 52.1 51.8 50.5 49.2 48.1 47.3 45.9 44.4 42.7 41.4 40.5 41.9 43.1 43 42.9 42.9 42.7 43.6 41.1 46.8 48.8 50.1 51.3 52.1 51.6 49.9 47.2 45.2 43.4 41.5 39.5 37.7 36.5 37.3 37.9 37.4 35.6 33.9 34.8 35.6 35.6 35.5 35.6 35.3 34.8 34.6 35 35.7 36.2 38.1 40.3 42.5 44.6 45.2 45 44.7 44.4 43.9 43.2 42.7 42.6 42.7 42.7 43.7 45.6 47 48 49.2 52.3
37.3 36.7 36 34.4 39.1 40.5 42.1 44.2 46.1 47.7 49.3 51.1 52.3 51.7 51.5 51.3 50.5 49.4 48.7 47.9 46.3 44.7 43.6 42.4 41 39.4 34.7 37.2 38.4 39.9 40.4 41.4 43.1 42 41.5 41.3 41.1 41.5 44.1 45.6 43.6 41.2 40.6 41 36.1 35.3 34.1 33.6 33.6 33.6 33.6 33.9 34.8 34.8 34.8 34.8 35 34.6 34.7 35.1 35.8 36.6 37.8 39.9 42 44.1 45.3 46.4 46.1 45.8 45.4 44.8 44.5 44.2 44.2 44.1 44.5 46.3 47.8 49.1 50.4 53.1
36.9 37.3 36.4 35.2 33.9 37.9 39.9 42.2 44.2 45.5 47 48.9 50.3 51.1 51 50.8 50.5 49.8 49 48.6 48.2 47.2 46 44.5 43.4 41.6 39.1 36.4 34.9 37 38 39.4 42.6 43.1 42.9 43.6 43.5 42.3 41.4 40.4 39.3 38.9 38.5 38.2 36.4 33.9 30.2 30.2 32.6 32.9 33 33.4 34 34 34.3 32.6 34.3 34.6 34.7 35.2 35.8 36.5 37.2 39.3 41.4 43.6 44.8 46 46.2 46.3 46.2 45.9 45.6 45.3 45.2 45.2 45.2 46.6 47.9 49.3 50.8 52.9
35.4 36.3 35.8 35.4 34.6 34 38.2 40.2 41.7 42.9 45 46.2 47.4 48.5 49.4 49.3 49.2 49.3 48.9 48.5 48.6 48.1 47.3 47.1 46.1 44.2 42.4 38.8 32.1 34.7 35.8 37.4 41 41.3 40.4 40.7 40.7 40.4 40.1 39.7 41.6 37.8 39.9 37.9 35 34.8 37.1 36.8 36.8 36.8 36 35.1 34.2 33.2 34.1 34.9 35 34.8 34.8 35.7 36.2 37.1 37.7 39 40.9 42.9 44.1 44.9 45.1 45.4 45.6 45.4 45.3 45 45.1 45.2 45.5 46.8 47.8 49.2 50.6 52.2
35.2 35.4 35.6 35.6 35.1 34.6 34.1 37.8 39.2 40.7 42.4 44 45.1 46.2 46.9 47.4 47.9 48.1 48.3 48 47.5 47.6 47.9 47.5 47.4 47.1 45.2 41.5 36.7 34.4 34.5 35.1 37.9 38.7 37.6 37.2 37.3 37.5 37.2 38.6 37.2 39.6 39.1 37 34.9 39 40.6 41.4 40.5 39.4 39.3 38.4 36.8 36.8 36.8 36.8 37.1 37.7 37.6 37.9 37.5 37.9 38.3 39.4 40.9 42 43.2 43.8 44.1 44.5 44.9 44.8 44.8 44.6 44.9 45.2 46 47.2 48.3 49.5 50.8 51.6
35.1 35.2 35.2 35 34.5 34 34 35.5 37.7 39 40.1 41.3 42.5 43.5 44.2 44.7 45.3 46.2 46 45.6 45.4 45.5 45.1 45.4 45.9 46.6 44.7 41.3 37.9 35.7 34.4 33.9 34 34.9 35.1 35.4 35.5 35.6 35.1 34.9 35.1 36.2 36.4 35.4 34.2 40.7 43.1 44 43.7 43.7 43.6 43.4 42.5 41.2 40.2 38.9 38.4 37.4 37.6 37.9 38.7 38.9 40.1 41.1 44.2 42.3 43.2 42.8 43.2 43.6 44 44.2 44.2 44.5 44.8 46 47 48.3 49.5 50.7 51.2 52.1
34.9 34.5 34.6 34.4 33.9 33.8 33.9 33.8 36.1 37.2 38.1 38.9 39.6 40.6 41.5 42.1 42.8 43.3 43.1 42.4 41.2 40.7 40.4 39.3 38.7 38.3 38.8 38.2 35.8 34.3 33.1 32.4 32.3 32.8 32.8 32.9 33.2 33 33.2 33 32.7 29.5 33 33.4 37.1 41.8 43.9 45.1 45.3 45.2 44.7 43.9 42.5 41.4 40.4 40.4 39 39.1 39.5 40.1 40.6 41.2 40 40.8 42.2 43.4 44 44.1 44.2 44.7 44.9 44.3 44.5 44.7 45.5 46.8 47.9 49.3 50.6 51.5 51.9 51.9
34.3 33.4 33.5 33.8 33.4 33.7 34.4 34.1 34.1 35.4 35.8 36.4 36.8 37.8 38.9 39.5 40 39.6 38.9 37.4 35.9 35.1 34.3 33.8 33.7 33.3 33.4 33.6 33.5 33.2 32.3 31.5 28.4 31.4 32.1 32.3 32 31.6 31.6 28.9 34 35.1 35.8 37.8 39.2 42.3 44.6 45.7 45.4 44.6 43.6 42.4 40.8 40.1 39.3 39.4 39.2 39.9 40.3 41 41.8 42.4 43.3 44.1 47.5 45.8 42.6 42.4 42.6 45.2 45 44.4 44.4 44.6 45.8 46.7 47.7 48.6 49.5 50.1 50.5 51
32.9 32.1 32.1 32.8 33.4 33.8 34.5 34.3 34.1 34 34.6 34.9 35.1 35.2 36.1 36.7 37 36.5 35 34 33.6 33.3 32.9 33.1 33.2 33.2 32.9 32.7 32.4 32.2 31.8 28.4 32.3 31.7 28.4 31.5 32.3 31.7 28.9 34.1 35.6 37 38.4 39.6 40.7 42.5 44.1 44.6 43.5 42.3 40.8 39.5 38.5 38.1 38.1 38.5 39.4 40.3 41.2 41.9 42.6 43.3 44.2 45.1 46 45.8 45.3 45.4 45.7 45.5 43.3 43.4 44.4 44.6 45.1 45.5 46.3 47.1 48 48.6 49.2 49.7
32.5 33.1 33.2 32.9 32.4 33.1 34.6 34.6 34 33.8 34.2 34.6 34.5 34.3 34.2 34.9 34.8 34.3 33.8 33.7 33.6 33.2 33.1 33.3 33.4 33 32.6 32.5 32.6 31.8 31.2 32.3 32.2 32.1 31.8 29.7 31.8 32.4 30.2 34.9 37.1 38.1 38.5 39.3 40.5 41.3 40.1 40.1 38.8 38.1 37.5 37.2 36.9 37.2 37.7 38.4 39.4 40.3 41.2 42.2 43.3 44.2 44.8 45.4 46.1 45.7 45.5 45.6 45.7 45.5 45.3 45.5 45.2 45 45.1 45.6 45.6 45.7 46.5 47.3 47.9 48.5
33 34.3 34.3 33.8 33.3 32.6 34.4 34.2 33.7 33.6 34 34.4 34.4 34.1 33.8 33.6 33.7 33.9 33.9 33.8 33.6 33.4 33.3 33.5 33.1 32.7 32.4 32.5 32.6 32.4 28.4 32.3 32.3 32.3 32.1 30.8 28.4 32.6 30.6 36.2 37.9 38.2 38.4 38.4 39 39.1 37.5 35.8 34.8 34.8 35.1 35.6 36.2 36.9 37.4 38.4 39.3 40.2 41.2 42.3 43.3 43.9 44.6 45.4 46 45.9 45.8 45.7 45.8 45.5 45.2 45.2 45.3 45.5 45.6 45.5 45.5 45.8 46.5 47 46.6 47.2
32.8 34.1 34.2 34.1 33.6 32.1 34.2 33.9 33.6 33.4 33.9 34.2 34.2 34.2 33.9 33.8 33.9 33.9 33.9 34.1 33.9 33.7 33.5 33.2 32.8 32.4 32.4 32.4 32.6 32.4 28.4 32.6 32.5 32.4 32 31.7 29.3 30.4 35.1 37.8 37.6 37.8 37.3 37.2 37.6 37.6 35.8 34 33.9 34.2 34.8 35.2 35.8 36.7 37.3 38.3 39.3 40.2 41.3 42.2 42.9 43.7 44.3 45 45.7 45.7 45.8 45.9 45.8 45.6 45.6 45.7 45.9 46.1 46.1 46 46 46.1 46 46 46 47.6
32.5 33.3 33.8 33.6 32.8 32.1 34.4 33.9 33.5 33.2 33.7 33.9 34 34 34 34 34 34 33.9 34.1 34.3 33.8 33.3 33 32.6 32.5 32.4 32.5 32.5 28.8 32.3 32.8 32.7 32.3 31.9 31.6 28.4 35.1 37.8 37.8 37.3 36.8 36 35.9 35.8 35.5 34.4 33.3 33.5 34 34.4 34.8 35.4 36.4 37.2 38.2 39.3 40.2 41.2 42 42.6 43.4 44 44.6 45.1 45.3 45.8 46.4 46.4 46.4 46.4 46.4 46.5 46.5 46.5 46.6 46.7 46.9 46.8 46.8 46.8 46.7
32.9 33 33.5 32.9 32.6 34.7 34.3 33.9 33.5 33.4 33.9 33.9 34 34 34 33.9 33.8 33.8 33.9 33.8 33.8 33.5 33.1 32.8 32.6 32.9 32.5 32.9 29.3 32.1 32.8 32.8 32.8 32.3 31.8 31.8 31.3 35.1 36 36.5 36 35.3 34.6 34.4 34.1 33.9 33.4 33.1 33.5 33.8 34.2 34.5 35.5 36.7 37.5 38.3 39.2 40.1 41 41.6 42.3 43.1 43.7 44.3 45 45.8 46.6 47.3 47.2 47.2 47.4 47.4 47.1 47.1 47.2 47.4 47.7 48.1 48 47.8 47.8 47.7
33.3 33.2 33.1 32.2 34.8 34.4 34.2 34 33.7 33.6 34 34 34 33.9 33.8 33.6 33.5 33.6 33.6 33.4 33.2 33 32.8 32.2 29.7 29.7 29.3 30.3 32.1 32.5 32.8 32.9 32.9 32.4 31.9 31.7 33.3 34 34.3 34.6 34.5 34.2 34.1 33.9 33.7 33.4 33 33.2 33.6 34 34.6 35.6 36.7 38.1 39.2 39.4 40 40.1 40.7 41.3 42 42.8 43.4 44.8 45.8 46.6 47.4 48 48.1 48.4 48.5 48.6 48.4 47.8 48.2 48.5 48.8 49.2 49.2 49.1 49 49
32.9 33 33 32.4 34.5 34.5 34.1 33.9 33.8 33.9 34 33.9 33.9 33.6 33.5 33.4 33.3 33.3 33.4 33.1 32.6 29.7 29.7 32.5 32.6 32.6 32.8 32.8 32.8 32.6 32.9 33.3 33.6 33 32 28.4 33.4 33.3 33.3 33.5 33.8 33.9 33.6 33.5 33.3 33 33 33.4 33.8 34.9 36.3 37.5 38.9 40 41 41.1 41 41.1 41 41.3 41.8 42.7 44.1 45.5 46.5 47.4 48.5 49.4 49.3 49.5 49.7 49.7 49.8 51.4 51 50.6 50.8 51.5 51.5 51.1 50.4 50.4
31.7 32.8 32.7 32.4 34.6 34.4 34 33.8 33.7 34 33.9 33.9 33.8 33.5 33.2 33.1 33 33 33.2 29.7 29.7 32.7 32.6 32.8 32.9 32.8 32.8 32.8 32.7 32.7 33.2 33.9 34.1 33.7 32.2 28.3 33.6 33.6 33.4 33.1 33.5 33.6 33.5 33.2 32.9 32.7 33.2 33.6 34.4 36.2 38.3 39.8 41 42.2 42.9 42.5 42.2 42.1 42.3 42.2 42.2 43.4 45.2 47.2 48.7 49.6 50.4 51.4 51 50.9 50.8 51.2 52.6 53.5 53 52.6 53.1 54 54.3 54.3 53.7 52.6
31.6 32.4 32.5 32.6 32.7 34.3 33.9 33.7 33.8 34 33.9 33.8 33.7 33.4 33.1 32.8 30.1 30.1 30.1 32.4 32.7 32.9 32.6 32.6 32.8 32.8 32.8 32.8 32.7 32.6 33.1 33.9 34.2 34.1 32.1 32.2 33.2 33.4 33.3 33.1 33.2 33.3 33.3 33.1 32.7 32.9 33.3 33.8 35 36.9 39.4 41.9 44.3 45.6 46.4 45.5 44.7 43.6 43.6 43.6 44.2 46 47.8 49.6 51.1 52.2 53.3 54 54 54.3 54.5 54.2 54.9 55.5 55.1 54.7 55.6 56.5 56.8 56.9 56.4 55
31.4 31.4 32 30.8 30.8 30.8 30.8 30.8 30.8 34 33.9 33.8 33.5 33.4 30.1 30.1 32.7 32.7 32.6 32.4 32.3 32.4 32.6 32.5 32.7 32.8 32.7 32.6 32.4 32.5 33 33.8 34.1 33.8 32 32 32.5 32.7 32.8 32.9 32.9 32.9 32.8 32.8 33.1 33.3 33.5 34.1 35.7 38.8 42.1 47.3 50.9 52.2 51.7 50 48.9 47.4 46 46.2 46.6 48.8 50.6 52.4 54.3 55.9 57 57.6 57.9 58.3 58.5 58.3 57.8 57.7 57 56.8 57.6 58.3 57.9 57.9 56.9 56.1
41.9 41 37.9 35.4 33.6 33.6 31 31.8 30.7 32 30.6 31.2 30.4 32.7 33 33 33.1 33 32.8 32.5 32.5 32.5 32.4 32.4 32.4 32.4 32.4 32.3 32.2 32.4 32.7 33.5 33.9 33.7 32.4 29.2 32 32.2 32.3 32.5 32.5 32.5 32.4 32.8 33.3 33.9 34.2 35.2 38 41.5 46.6 55.2 58.9 58.6 56.4 54.8 52.6 50.9 49.6 49.2 50.3 51.7 53.5 55.4 57.2 59.1 60 60.1 60.9 61.4 61.2 61 60 59 58.6 58.6 59.4 59.8 59.4 58.9 58.4 58.1
47.9 49.4 50.1 51.5 52.1 49.1 42.8 35.9 33.7 33.3 33.3 33.2 33.1 33.2 33.3 33.4 33.3 33.1 32.9 32.7 32.6 32.6 32.6 32.6 32.5 32.4 32.2 32.1 32 32 32.3 33 33.4 33.6 32.8 28.2 31.7 31.8 32 32.1 32.1 32.1 32.7 33.4 34 34.6 35.3 36.8 40.2 43.8 49.9 58.1 63.4 63.6 60.2 57.8 55.6 53.7 52.5 52.5 53.5 55.1 57 58.6 60.5 62.4 63.1 62.6 64.3 64.5 64 63.3 62.4 61.2 61 60.9 60.9 61.5 61.7 62.1 61.7 61.4
58.6 60.6 62.9 66 67.8 65.5 58.5 50.5 40 35 33.8 33.7 33.4 33.5 33.6 33.7 33.5 33.3 33.1 32.9 32.8 32.7 32.7 32.7 32.6 32.5 32.4 32.2 32.1 31.9 31.9 32.3 32.7 33.1 32.6 28.2 31.8 31.8 31.9 31.9 31.9 32 32.7 33.6 34.4 35.5 36.9 38.7 42 45.5 51.7 59.4 64.5 65.8 64.2 60.7 58.7 56.8 56 55.9 57.2 59.1 60.9 62.7 64.4 65.1 65.6 66.1 66.5 66.9 66.3 65.2 64.5 63.6 63.1 62.8 63.1 63.5 64.2 64.2 64.1 64
71.6 72.5 74.3 74.6 73.4 70.5 65.9 59.5 51 40.9 34.8 34 33.7 33.8 33.8 33.8 33.7 33.5 33.3 33.1 32.9 32.9 32.8 32.8 32.7 32.6 32.5 32.4 32.3 32.1 32 31.8 32.1 32.4 32.1 31.3 29.3 31.9 31.9 31.9 31.9 32 32.6 33.5 34.5 36.3 38.4 40.9 44.1 46.8 53 60.9 67 69.3 68.2 64.8 63 62 60.3 60.1 61.1 63.8 65.4 65.8 67 68.1 69.4 69.9 70 70.4 69.6 68.5 67.4 66.2 65.8 65.4 65.3 65.7 66.6 66.5 66.4 66.5
80.4 80.1 79.1 77 73.5 70.4 66.4 61.7 54.5 46.7 38.3 34.9 34 33.9 33.9 33.8 33.7 33.7 33.5 33.3 33.3 33.8 33.2 32.9 32.8 32.7 32.6 32.5 32.5 32.4 32.1 31.6 31.7 31.9 31.7 31.6 28.2 31.8 31.9 31.9 31.9 31.9 32.5 33.7 35.4 37 39.9 42.4 45.1 48.2 54.6 61.4 68.3 72.1 73.2 72.1 70.4 69 67.4 65.8 65.6 68 69.8 70.1 71.3 72.2 73 73.8 73.8 73.9 72.9 71.8 70.6 69.3 68.3 67.8 67.6 68 69 69 68.8 69
82.8 81.2 79.8 77.8 74 69.4 63.8 58.5 53.8 47.7 41.6 37.6 35.5 34.5 34.4 34.2 34 33.8 33.7 34 34.6 34.4 34 33.3 33.1 32.9 32.7 32.7 32.6 32.5 32.3 31.7 31.3 31.4 31.3 31.3 28.2 31.6 31.8 31.8 31.8 31.8 33 34.6 36.4 39.3 42.6 45.4 47.5 50.8 57.1 63.8 69.7 74.2 76.8 77.6 76.2 75.2 73.6 72.2 71.4 72.4 74.3 74.9 75.8 76.5 77.3 78.1 77.4 77.4 76.3 75.1 73.9 72.3 71.2 70.4 70.6 70.9 71.5 71.5 71.6 72.2
82.9 81.3 79.9 78.1 74.5 70.3 64.7 57 51.6 47.2 42.8 39.2 37.2 36.1 35.3 35 34.8 34.5 35 35.6 35.3 35 34.7 34.1 33.2 32.9 32.7 32.7 32.7 32.6 32.4 31.8 31.4 31.1 31.1 31.1 28.2 31.6 31.7 31.7 31.7 32.1 34.1 37 41.4 44 47 49.3 52.2 54.4 59.6 65.7 71.2 74.6 76.9 78.2 79.6 79.4 78.7 77.9 76.9 78 80.2 82 82 81.9 81.7 82.5 82.7 81.5 80 78.4 77.1 75.7 75.1 74.3 74.1 74.4 74.7 74.6 74.6 75.2
82.9 81.3 79.9 78.2 75 71 66 56.4 51 47 43.7 40.2 38.2 37.1 36.6 36.3 36.1 35.9 36.4 36.5 36.1 35.8 35.4 35 33.7 32.8 32.7 32.8 32.7 32.6 32.4 31.8 31.4 31 31 30.8 28.2 31.6 31.5 31.7 31.9 33.1 36.8 42.2 48 55.9 59.7 60.3 60.8 60.8 62.4 65.3 70.2 74.2 77.3 79.6 81.2 82 82.1 82.1 82.4 84.6 87.4 89.8 89.6 88.4 87.9 88.2 88 86.4 83.9 81.9 80.2 80 79.6 79.3 78 77.7 77.5 77.6 77.6 78.2
82.7 81.4 79.9 76.7 72.3 67.3 62.9 58.2 53.8 49 45 40.7 38.7 37.5 37.5 37.5 37.4 37.2 37.1 37.4 36.9 36.5 36.2 36 34.7 33.4 32.8 32.8 32.3 32.3 32.1 31.9 31.4 31 30.7 30.5 28.2 31.6 31.4 31.7 33.8 36.6 40.7 48.3 58.6 69.6 74 73.6 72.1 70.4 68.8 68.6 71.7 75.7 79.8 83.9 86.9 88.6 89 89.3 89 91.2 93.9 96.1 96.3 95.6 94.7 94.4 93 89.6 87 84.4 85.3 85.6 85.3 84.8 82.6 80.8 80.5 80.6 80.7 81.2
83.2 82.6 80.3 76.6 73.5 72.3 69.9 64.7 58.9 51.9 46.2 41.5 39.3 39.1 39.1 39 38.5 38.1 37.8 37.7 37.4 37.3 37 36.9 35.9 34.8 33.8 33 32.7 32.4 32.4 32 31.7 31.4 30.6 27.8 31.2 31.3 31.4 33.8 37 40.1 46.2 55 67.4 79.1 82.6 82.9 81.3 79.1 77.6 76.7 77.2 80 83.9 92.4 97.1 99.1 99 97.8 97 98.1 100.3 101.3 102 101.7 100.4 98.8 95.4 91.3 89.3 89.7 90.6 91.6 91.7 89.4 85.8 83.8 83.3 83.7 84 84
84.1 83.6 82.2 79.9 77.9 75.7 72.1 67.1 61 52.9 47.7 43.6 41.1 40.8 40.8 40.5 39.7 39.1 39.3 38.7 38.3 38.1 38 37.8 37.3 36.7 36.2 35.4 36.2 36.3 36.4 34.9 32.4 31.7 31.1 27.8 31.3 31.6 32.2 36.4 40.3 44 51.6 60.8 72.8 83.4 89.1 91.1 87.5 86.5 84.7 83.1 83.3 85.2 91.3 101.2 105.4 106.4 106.5 106 105.1 104.2 105.8 105.6 106.3 104.9 102.4 98.9 95.7 93 93.6 94.8 95.8 96.9 96 92.9 89.2 87.3 86.9 88.4 89.2 88.6
84.3 83.2 81.8 80.1 78 75.3 72.2 68.6 62.3 55.5 50.4 46.6 43.1 42.6 42 41.1 41.1 40.8 41.6 41.7 40.1 39.3 39.2 39.5 40.3 39.8 39.1 39.9 40.9 41 41.6 40.2 37.9 32.7 31.5 27.8 31.3 31.5 34.6 41.2 44.1 48.8 56.7 65.2 74.9 82.5 88 91.4 91.1 91.7 90.5 89.4 89.3 91 99 107 111.1 112.8 113.1 113 112.3 111 110.9 110.3 109.2 105.2 100.9 98 96.1 96.1 98.1 100.2 101.3 101.5 100 96.7 93.9 91.5 92.2 93.9 94.4 92.7
84.4 82.9 81.2 79.4 77 74.3 71 67.7 64.4 58.1 53 49.5 45.9 43.8 42.8 41.9 41.6 42.7 45 44.8 43 41.1 41.1 41.8 42.5 44 45.3 46.8 46.2 45.3 46.2 44.8 42.6 38.3 32 27.8 31.2 31.3 37.7 45.2 48.8 54.5 62.5 70.9 78.6 84.3 88.9 92.8 95.3 96.4 96.7 96.6 96.9 100.2 105.3 112 116.9 118.7 118.9 118.1 117.9 116.5 114.5 113.5 110.4 106.3 102 99.6 100.1 101.9 103.9 105.7 105.7 105.1 103.7 101.1 98.2 96.6 97.7 98.8 98.2 95.6
84.1 82.4 80.6 78.7 75.9 73 69.7 66.2 63 59.9 55.5 51.9 48.3 45.1 43.7 42.6 42.1 43 44.4 44.4 44 42.8 42.1 43.4 44.9 46.5 48.1 49.7 50.2 50 49.6 47.8 46.2 43.3 32.3 27.8 31.1 31.8 39 48.5 54.2 60.5 68.2 76.4 84.2 89.1 93.6 97.8 100.4 101.7 103.3 103.4 104.7 108.2 111.9 116.8 121.9 124.6 124.4 123.4 122.1 120.5 118.4 115.8 112.3 107.5 103.3 101.9 104.3 107.5 109 109.3 108.9 108.3 107.4 105.7 103.3 102.7 102.5 103.4 102 98.4
83.4 81.6 80.1 78.1 75.4 71.8 68.4 64.9 61.7 58.8 55.4 53.2 49.6 45.8 44.3 43.2 42.8 42.6 43.7 44 43.3 42.8 42.8 44.5 46.1 47.5 49.2 51.7 52.5 53.5 52.8 50.6 48.8 45.8 31.5 28.8 30.7 32 37.8 50.3 57.9 63.4 70.9 80.1 88 92.5 97.2 101.8 105 107.2 108.8 110.5 111.8 114.5 118.1 121.5 125.9 128.3 129.4 128.1 126 123.9 121.4 117.9 114.3 109.4 105.8 105 108.2 112.3 112.6 112.3 112 111.5 111 109.8 109 108.2 107.5 106.7 105.1 101.6
