app/static/ascii/SO34.asc
ncols 200
nrows 200
xllcorner 330000
yllcorner 240000
cellsize 50
[rows 0 to 36 of 200, columns 83 to 165 of 200]
91 89.6 87.7 86.1 84.5 82.2 81.2 79.2 77.1 75.2 73.9 72.6 71.6 70.4 70.4 70.7 72.1 72.4 74 73.9 74.6 75.1 75.1 75.3 74.2 76.1 77.9 78.8 79.9 81.6 82.5 83.8 85.6 87.6 89.5 90.6 91.6 91.8 93.5 94 94.6 94.9 95 95.2 94.7 94.1 93.6 93.4 93.4 93.6 93.6 93.7 93.6 92.6 91.1 90.4 89.8 89 88.3 88.4 89.1 89.8 90.3 90.9 91.7 92.5 93.4 93.9 94.5 95 95.1 96.4 98 99.2 101.5 102.1 102.6 103.2 101.6 99.6 97.3 96.1 95.6
91.4 89.9 88 86.7 85.3 83.9 82 79.9 77.8 75.9 74.5 73.2 72.5 71.8 71.8 70.8 70.1 70.2 72.5 73.7 73.4 73.7 74 74 73.7 74.8 76.6 77.6 78.5 79.8 81.1 82.7 84.3 85.7 86.7 87.7 88.8 89.8 91.5 92.7 93.4 94.2 94.6 94.1 93.5 92.8 91.8 91.6 91.6 91.5 91.5 91 90.7 90 88.9 87.8 86.9 87 87.1 87.5 88.2 88.9 89.6 90.2 90.9 91.8 92.7 93.2 93.7 94.1 95 96.2 97.4 99 101.7 102.3 102.3 102 101.6 99.4 97.4 96.1 95.6
91.7 90.2 88.6 87.2 85.7 84.1 82.4 80.7 78.5 76.5 75 73.9 73.2 72.6 72.1 71.3 70.4 70.1 69.9 70.5 71.4 72.3 72.8 72.3 73.4 74.9 75.8 76.5 77.3 78.4 80 81.9 83.6 84.8 85.5 86.5 87.6 88.6 90.1 91.5 92.5 93.1 93.2 92.8 92.3 91.5 90.7 90.8 90.4 90 89.9 89.5 88.5 87.3 86.4 85.7 85.5 85.9 86.2 86.5 87.2 87.9 88.6 89.3 90.1 91.1 92.1 92.5 93 93.1 94.1 95.5 96.8 98.8 100.9 102.8 102.7 102 101.4 99.6 97.8 96.5 95.8
91.5 90.5 89 87.4 85.8 84.2 82.5 80.6 79.1 77.3 75.6 74.7 73.8 73 72.4 71.8 71.1 70.6 70.2 69.4 69.4 70 70.5 71.1 72.8 74.2 75 75.7 76.4 77.2 78.9 81.1 83 84.3 85.1 85.8 86.6 87.7 89.1 90.5 91.3 91.4 91.4 91.4 90.9 90.5 89.8 89.7 89.3 88.8 88.4 88.1 87 85.8 84.2 84 84.1 84.4 84.9 85.7 86.7 87.5 88.2 89 89.8 90.6 91.4 91.6 91.8 92 92.9 94.8 96.3 98 100.1 102.3 103.1 103.1 102.5 100.1 98.3 96.7 96.1
90.5 89.5 88.8 87.5 85.9 84.2 82.5 81 79.1 77.7 76.2 75.4 74.6 73.6 72.9 72.3 71.6 71.1 70.4 69.4 69 69.1 70.1 71.2 72.1 72.9 73.8 74.6 75.4 77 78.6 80.4 82.3 83.8 84.5 85.2 85.9 86.8 88.2 89.3 89.7 89.6 89.5 89.5 89.3 89.4 89 88.7 88.3 87.8 87.4 87 85.7 84.5 82.4 82.4 82.8 83.2 83.7 84.7 85.9 87 87.8 88.5 89.2 89.4 89.4 89.4 89.8 90.7 92.2 94.2 96.1 97.7 99.7 101.6 102.3 103.9 103.3 100.7 98.1 96.4 95.9
89.6 88.5 87.9 87.3 86 84.3 82.6 81 79.6 78 76.5 76.1 74.7 73.1 72.5 72.2 71.9 71.5 70.5 69.5 69 68.7 69 69.9 70.8 71.6 72.3 73.4 74.7 76.2 77.8 79.4 81.4 83 83.8 84.5 85.2 86.2 87.3 87.8 87.9 87.9 87.8 87.7 87.7 87.8 87.9 87.7 87.3 86.9 86.4 86 84.8 83.6 82.3 81.7 82.1 82.5 82.6 83.5 84.7 86.2 86.8 87.6 88.3 88 87.4 88.1 88.8 90.2 91.7 93.7 95.9 97.5 99.3 100.9 102.6 104.4 103.4 100.7 98.2 96.9 96.9
88.6 87.6 87 86.3 85.4 84 82.2 80.7 79.6 78.3 77 75.6 73.9 72.4 71.5 71.2 70.9 70.5 70.9 69.9 69.1 68.5 68.6 68.6 69.5 70.3 70.8 72.1 73.8 75.4 76.9 78.2 80 81.3 82.9 83.8 84.5 85.5 85.8 86.2 86.2 86.1 86.1 86.1 86.1 86.2 86.5 86.7 86.3 85.9 85.5 85.1 83.9 82.9 81.9 81.2 81.6 82 81.5 82.3 83.4 85.2 86.3 86.6 87.2 86.6 87.5 88.4 89.2 90.4 92 93.6 95.6 97.6 99.2 101 103 104.2 103.3 100.5 98.5 97.5 97.5
87.7 86.7 86 85.3 84.4 83.1 81.7 81 79.9 78.5 76.5 74.8 73.1 71.4 70.5 70.1 69.8 69.4 70 70.1 69.2 68.5 68.4 68.5 68.5 69.1 69.9 70.9 73.2 74.7 76 76.4 78.4 79.5 81.1 82.7 83.8 84.2 84.3 84.5 84.6 84.5 84.5 84.9 85.6 85.6 85.6 85.7 85.4 84.9 84.5 84.1 83.2 82.3 81.4 80.9 81.2 80.8 80.8 81.4 83 84.7 85.8 85.7 87 87 87.9 88.9 89.8 90.9 92.3 93.9 96.1 98.5 99.6 101.2 103.7 103.9 102.8 100 98.6 98 98.1
86.4 85.6 85 84.4 83.4 82.1 81.6 81.2 79.3 77.5 75.7 74 71.8 70.5 69.6 69.1 68.7 68.8 69.3 70 69.2 68.5 68.3 68.3 68.4 68.3 68.9 69.9 71.3 73.2 74.1 75 76.6 78.2 79.8 81.1 82.4 83.1 80.5 83.3 83.1 82.9 83.5 84.5 84.9 85.1 85 85 85 84.3 83.9 83.5 83 82 81.2 80.6 80 81.8 80.4 82.4 83.5 85.4 85.1 86.2 87 87.3 88.7 89.8 90.7 91.9 93.3 94.8 96.6 99.2 100.6 101.8 104.5 103.8 102.5 100.3 99 98.4 98.6
84.7 83.8 83.2 82.4 81.6 80.6 80.9 79.5 77.9 76.1 74.3 72.6 70.7 69.5 68.7 68.2 68.2 68.2 68.3 69.2 69.3 68.5 68 68 68 68 67.7 68.4 69.5 71 72 73.6 75.5 76.8 78 79.3 80.6 82.1 82.7 82.2 81.9 81.7 82.2 82.8 83.5 84.3 84.2 84.2 84.3 84.2 83.5 83.1 83.1 82 80.9 80.4 81.6 82.5 82.6 83.7 84.8 85.1 86.1 86.4 86.8 87.4 88.9 90.3 91.7 92.9 94.6 96.3 97.7 99 99.9 102.1 104.5 104 102.5 100.9 99.4 98.8 99
82.7 81.7 80.8 80 79.4 80 79 77.6 76.3 74.7 72.9 71.2 69.9 68.9 68.6 68.4 68.1 67.8 67.7 68.1 68.8 68.3 68.3 67.9 67.6 67.6 67.5 67.6 68.2 69.6 71 73 74.9 75.7 76.5 77.7 78.8 80 80.5 80.7 80.9 80.8 80.8 81.2 82.1 83.1 83.4 83.5 83.5 83.6 83.4 82.9 82.7 82.6 81.1 80.8 82 83.4 84.2 85.2 85.8 85.7 86.1 86.5 86.9 87.3 89.2 90.5 91.8 94 95.7 97.4 97.9 99.2 100 102.5 105.1 104.6 103 101.1 99.8 99.6 99.8
80.4 79.3 78.5 77.6 78.1 77.6 77.1 75.7 74.3 73.2 72.2 70.8 69.7 69.1 68.8 68.6 68.3 68 67.7 67.9 68.3 68.6 68.5 68.4 68 67.6 67.3 67.3 67.5 68.6 70.5 72.5 73.9 74.7 75.5 76.3 77.4 78.1 78.3 78.7 78.5 78.2 78.6 79.1 80.5 81.9 82.8 82.9 82.9 83 82.7 82.7 82.8 82.6 80.9 81.4 82.7 83.8 84.4 85 85.7 85.8 86.1 86.5 87 87.4 88.8 90.4 92.2 94.5 96.8 98.1 100.2 99.8 101.3 103.4 105.9 105 103.2 101.4 100.5 100.1 100.4
77.8 77.3 77 76.6 76.6 75.8 75.1 74.3 73.3 72.4 71.4 70.4 69.7 69.4 69.1 68.8 68.5 68.2 68 68.2 68.3 68.9 68.8 68.6 68.4 68 67.6 67.1 67.2 68.2 70 72.1 72.9 73.7 74.4 75.1 75.8 76.5 76.4 76 76.3 76.2 77.3 79 80.5 82 82.3 82.4 82.5 82.4 81.8 81.9 81.8 81.4 80.6 82 83.2 83.9 84.3 84.7 85.1 85.5 86.3 86.8 87.2 87.8 89.5 91.1 92.8 95 97.1 98.7 100.3 100.1 102.2 104.6 105.7 104.8 103.1 101.8 101.2 101.1 101.6
76.3 75.9 75.8 75.6 75.2 74.6 74.2 73.6 72.5 71.5 70.8 70.2 69.7 69.5 69.3 69 68.7 68.5 68.3 68.5 68.7 69.3 69.6 69.2 68.6 68 67.7 67.3 66.9 67.9 69.2 70.8 71.6 72.2 72.8 73.5 74.1 74.5 74.7 74.8 74.7 75.4 76.9 79 80.7 81.6 81.8 82 81.9 81.2 80.7 80.7 79.4 80.5 81.5 82.5 83.8 84.4 84.7 84.7 84.9 85.2 86.1 87.1 87.8 89 90.2 91.8 93.4 95.6 97.6 99.7 101 101.9 104.3 106.1 105.6 104.4 103.3 102.7 102.4 102.4 103.1
75.6 75.4 74.7 74.5 74 73.7 73.4 72.8 71.8 71 70.7 70.2 69.7 69.5 69.3 69.1 69.1 68.9 69.2 70.1 70.8 70.9 69.9 68.8 68.2 67.8 67.4 67.1 66.8 67.1 68.2 69.4 70.4 71 71.6 72.3 72.9 73.4 73.8 74 74.3 75.3 76.6 78.4 79.9 80.6 81.3 81.6 80.9 79.2 79.2 79.3 79.5 81.7 82.6 83.4 84.3 84.7 84.7 84.7 84.8 85.7 86.6 87.9 89.3 90.6 92.4 94.2 96.2 97.6 99.6 101.5 103.5 104.5 106.5 106.6 106.3 105.4 104.6 104.2 103.7 103.9 104.8
75.4 75.1 74.4 73.8 73.2 72.9 72.5 72 71.1 70.8 70.5 70.6 70.3 70.2 70.2 70.3 70.4 70.5 71.3 72.3 72.2 70.8 69.7 68.7 67.9 67.6 67.3 67 66.7 66.7 66.8 68.2 69.2 69.8 70.4 71 71.6 72.2 72.7 73.6 74.7 75.9 76.9 77.7 78.6 79.4 80.1 80.4 79.9 78 77.2 78.4 80.9 82.2 83.4 84.1 84.5 84.6 84.8 84.6 85.1 86.2 87.8 89.3 91.1 93.9 95.2 97.3 99.3 100.7 102.8 105.1 106.9 107.1 108.2 107.7 107.3 106.7 106.1 105.8 105.3 105.3 106.5
75.1 74.8 74.1 73.6 73 72.4 71.8 71.3 71 70.9 70.8 71.1 71.1 71.4 71.5 71.7 71.7 72 72.9 72.8 72 70.2 69.2 68.2 67.7 67.4 67.1 66.8 66.7 66.7 66.6 67.1 67.9 68.6 69.2 69.8 70.4 71 72.1 73.5 74.8 75.5 76.2 77 77.7 78.1 78.7 78.8 78.7 77 76 78.4 80.5 82 83.2 83.8 83.9 84 84.2 84.9 85.9 87.1 88.8 90.8 93.2 96.1 98.2 100.2 102 104.8 107.2 110.8 110.3 110.1 110 109.9 109.3 108.7 108.1 107.5 107 106.6 107.8
74.8 74.4 73.9 73.4 72.8 72.2 71.6 71.2 71.2 71.1 71.3 71.7 72.1 72.6 72.9 73 73.1 73.5 73.7 72.7 70.9 69.5 68.6 68 67.6 67.3 67 66.7 66.7 66.5 66.4 66.6 66.9 67.4 68 68.6 69.4 70.1 71.1 72.8 74.6 75 75.6 76.3 77 77.1 77 77.1 77.2 76.2 75.7 78.6 79.9 81.2 82.3 82.3 82.8 84 84.8 86 87 88.8 90.8 93 95.2 98 100.7 102.5 104.9 107.7 110.5 113.2 113.9 113.1 112.7 112 110.7 109.8 109.2 108.5 108.2 108 109.2
74.6 74.2 73.7 73.2 72.6 72 71.4 71.3 71.3 71.3 71.8 72.4 73 73.5 74.1 74.3 74.3 74.5 74 72.1 70 69 68.4 67.7 67.5 67.2 66.9 66.7 66.5 66.3 66.3 66.2 66.2 66.6 67.2 67.8 68.5 69.2 70.3 71.6 73.4 74.4 75.1 75.7 76.3 76 75.8 75.8 75.8 74.8 76.4 77.9 78.9 80.1 81.3 81.9 83 84.3 85.5 87.1 89.1 91.4 93.5 95.2 97.4 100 102.2 105 107.8 110.5 112.4 114.6 114.8 114.6 114.2 112.7 111.8 110.9 110.2 109.6 109.1 109.6 110.8
74.2 73.8 73.3 72.9 72.4 71.8 71.5 71.4 71.5 71.6 72.2 72.9 73.5 74.1 74.6 75.3 75.7 75.4 74 71.7 69.9 68.8 68.1 67.6 67.3 67 66.8 66.5 66.4 66.2 66.1 66.1 66.5 66.9 67.3 67.9 68.4 68.7 69.5 70.7 72.1 73.3 74.5 75.1 75.2 75 74.7 74.6 74.7 74.3 76.4 77.9 78.9 79.9 81.1 82.6 83.7 85.2 87 89.3 91.4 93.9 95.9 98.1 100.2 102.3 104.1 107.2 110.2 112.3 114.6 114.5 114.5 114.4 113.7 112.3 111.6 111.5 110.5 109.9 109.8 110.3 111.3
73.6 73.3 72.9 72.6 72.2 71.6 71.6 71.7 71.8 72.1 72.6 73.3 74.1 74.6 75.2 75.8 76.5 75.7 74 71.4 70.1 68.9 67.9 67.5 67.2 67 66.8 66.5 66.3 66.1 66.1 66.3 66.7 67.2 67.6 67.7 67.7 68.3 69 69.4 70.5 72.2 73.8 74.2 74.3 73.8 73.5 73.3 74.7 75.6 76.4 77.9 79 80.3 81.9 83.7 84.9 87.1 89.6 91.8 94.1 95.8 97.9 100 102 103.9 105.9 108.8 111.6 113.5 114.3 114.3 113.8 113.4 112.4 111.7 111.3 110.9 110.2 110.3 110.4 110.7 111.5
73.1 72.9 72.6 72.3 71.9 71.8 71.9 72 72.1 72.5 73.1 73.8 74.6 75.2 75.8 76.3 76.7 75.7 74.6 72 70.6 69.2 68 67.5 67.3 67 66.7 66.5 66.3 66.1 65.8 66.4 66.7 67.1 67.2 67 67 67.5 67.9 68.3 68.6 70.5 73 73.3 73.5 72.8 73.4 73.9 74.6 75.8 77.3 77.9 79.4 80.9 82.8 84.8 87.1 89.4 91.9 94.8 96.8 98.4 99.4 101.1 103.4 105.5 107.3 110 112.2 113.3 114 113.1 112.3 111.5 110.2 110 109.6 109.2 109.3 109.8 110.1 110.2 111.2
72.7 72.9 72.7 72.4 72 72.1 72.2 72.3 72.4 72.9 73.5 74.2 75.1 75.7 76.3 76.9 76.7 75.8 74.5 72.7 71.3 69.8 68.8 67.8 67.4 67 66.7 66.4 66.2 65.9 65.6 66 66.3 66.5 66.6 66.4 66.6 66.8 67.3 67.7 68.1 69.7 71.8 72.2 71.7 71.8 73.2 74.2 75 75.9 77 77.9 79.5 81.7 84.3 86.7 88.6 90.6 93.8 96.1 98.6 101 102.4 103.8 105.6 107.5 109.3 111.2 112.5 112.7 112 110.8 109.7 108.9 108.5 108.3 108 108 108.1 108.6 109.3 109.6 110.9
72.7 72.9 72.7 72.4 72.4 72.4 72.5 72.6 72.8 73.4 73.9 74.7 75.5 76.3 76.7 76.8 76.4 75.7 74.5 73.5 72.1 70.6 69 67.9 67.5 67.1 66.7 66.3 66 65.7 65.5 65.5 65.7 65.9 65.9 66.2 66.5 66.7 66.9 67.3 68 68.7 69.3 69.6 71.1 72.4 72.9 73.9 74.8 75.7 76.7 77.7 79.5 82.4 85.8 88.7 90.7 92.5 94.9 97.6 100 102.9 105.5 106.8 108.8 111.1 112.5 113.2 112.8 111.5 110.3 109.1 108 107.6 107.1 106.8 106.8 106.8 107 107.7 108.3 109.3 110.9
73.1 73.3 73.2 73.3 73.7 73.6 73.5 73.4 73.3 73.8 74.4 75 75.5 76 76.2 76.1 75.6 75.3 74.5 73.8 72.8 71.3 69.8 68.5 67.6 67.3 67 66.7 66.2 65.7 65.5 65.5 65.5 65.5 65.6 66.2 66.6 67 67.4 67.8 68.1 68.6 69.3 70.2 71.5 72.4 73 73.6 74.3 75.2 76.3 77.5 79.7 82.4 86 89.2 92.1 94.3 96.4 99.1 101.8 105.2 107.8 110.4 112.4 114.2 113.8 113.5 112.5 111.1 109.5 108.4 107.4 106.5 106.1 106.1 106 105.9 106.2 106.9 107.8 109 110.2
74.1 74.3 74.2 74.6 74.9 75.2 75.1 74.9 74.5 74.5 75.1 75.2 75.2 75.3 75.7 75.3 74.8 74.6 74.3 73.4 72.6 71.6 70.5 69.1 67.7 67.5 67.1 66.6 66.1 65.6 65.4 65.4 65.7 65.7 65.9 67 67.2 67.5 67.9 68.3 68.6 69 69.4 70.6 71.7 72.3 72.6 72.8 73.3 74.6 76 77.3 79.6 81.8 85.2 88.5 91.6 93.7 96.9 99.8 104.1 107.7 110.1 112.6 114.8 115 114 113.2 112.1 110.6 109 108 106.9 106 105.4 105.5 105.3 105.3 105.8 106.4 107.2 108.4 109.7
74.6 75.1 75.5 75.8 76.1 76.5 76.5 76.2 75.8 75.3 75.8 75.8 75.8 75.8 75.4 74.6 74.2 74.1 73.7 72.8 72.1 71.3 70.4 69.2 67.8 67.5 67 66.5 66.1 65.6 65.3 65.3 65 65.6 66.4 67.7 67.8 68.1 68.5 68.8 69.2 69.5 69.8 69.9 70.6 71.2 71.5 71.8 72.3 73.7 75.2 76.9 79.2 81.1 84.1 87.2 89.6 92.5 95.7 100.7 105.8 109.9 112.4 113.8 114.8 114.6 113.6 112.8 111.7 110.1 108.5 107.6 107 106.3 105.6 104.9 104.8 104.9 105.3 106 106.8 107.7 109
74.9 75.2 76 76.8 77.3 77.6 77.9 77.5 77.1 76.6 76.4 76.3 75.9 75.5 75.2 74 72.9 71.9 71.7 71.2 70.5 69.9 69.6 68.9 67.9 67.4 66.9 66.4 66 65.5 65.2 65.2 65.2 65.6 67.1 68.4 68.4 68.7 68.9 68.9 68.2 68.4 68.4 68.1 68.8 69.8 70.3 70.8 71.2 72.8 74.7 76.6 78.4 80.5 83.3 86.9 91.1 95.6 99.2 103.4 107.6 111.5 113.4 113.8 114.4 113.6 112.5 111.9 111.4 110.1 108.7 107.8 107.1 106.6 105.6 105 104.5 104.7 105 105.6 106.3 107.1 108.4
74.9 75.3 76.1 76.9 77.7 78.4 78.3 77.8 77.3 77 77 76.8 76.5 76.2 75.3 73.9 72.5 71.1 70.2 69.6 69 68.9 68.5 67.9 67.8 67.3 66.7 66.3 65.9 65.4 65.2 65.2 65.3 66.1 66.7 68 68.6 68.5 68.2 68.1 67.7 67.2 67.2 67.5 68 69 69.2 69.7 70.7 72.5 74.3 76.2 78.1 80 83.3 88 93.1 97.9 102 105.4 109.4 114.1 115.2 113.3 113.2 112.7 111.9 111.2 111.7 110.8 109.4 108.3 107.2 106 105.5 105.2 104.7 104.5 104.9 105.2 105.9 106.8 107.7
74.4 74.1 75 75.8 76.6 77.2 77.6 77.7 77.6 77.5 77.5 77.3 77.1 76.9 75.5 74 72.6 71.2 69.7 69 68.2 67.9 67.5 67.2 67.3 67.2 66.7 66.3 65.9 65.5 65.1 65.2 65.3 66.2 66.9 67.4 67.5 67.8 67.5 67.2 67.6 67.2 67 67.5 68 68.4 69 69.4 70.6 71.9 73.5 75.4 77.2 79.5 83.1 88.4 94.2 98.3 101.3 103.2 110 114.8 116.5 113.2 112.5 112.3 111.8 111.2 111.8 111.3 109.5 107.6 106.3 105.3 105 104.8 104.6 104.4 104.7 104.9 105.7 106.6 107.5
73.3 72.9 73.6 74.5 75.4 75.7 75.8 76 76.3 76.6 76.8 77.2 77.3 76.9 75.5 74.1 72.6 71.1 69.5 68.6 67.9 67.1 66.7 66.7 66.8 67 66.7 66.4 65.9 65.6 64.9 65.1 65.2 65.4 65.7 66.1 66.5 67 66.8 66.9 67.2 67.6 66.9 67.3 67.5 67.7 67.9 68.8 69.5 70.5 72.6 74.6 76.9 79.2 83 87.7 93 96.3 98.8 101.5 108.4 113.3 115.4 114.4 113.7 113.5 113.8 113.3 112.9 112 109.8 107.4 105.7 104.7 104.4 104.5 104.4 104.4 104.6 104.8 105.5 106.5 107.4
71.9 71.8 72.2 73.1 73.4 73.6 73.6 73.9 74.2 74.6 74.9 75.5 76.1 76.1 74.9 73.3 72 70.3 68.7 68 67.5 66.8 66.4 66.2 66.3 66.5 66.6 66.4 66 65.7 64.9 65 65.3 65.5 64.8 65.3 65.3 65.7 66.3 66.6 66.9 66.8 66.5 66.6 66.8 67.1 67.4 67.9 68.6 70.1 72 73.9 76.2 78.7 82.1 86.5 90.5 93.5 96.9 100.3 105.7 111.2 114.3 115.6 115.8 115.9 116.3 115.9 113.5 111.7 109.9 107.8 106.6 105.4 104.6 104.4 104.3 104.4 104.6 104.6 105.4 106.3 107.2
70.3 70.5 70.8 71.1 71.3 71.4 71.5 71.8 72.2 72.5 73 73.5 74.1 74 73.1 71.8 70.6 69.4 68.1 67.7 67.2 66.7 66.4 66 65.8 66 66.2 66.3 66.1 65.7 64.8 65.5 65.5 65.2 64.9 64.7 64.7 65.3 65.8 66.3 66.5 66.5 66.2 66.2 66.4 66.8 67.3 67.9 68.4 70.1 71.8 73.5 75.3 77.7 80.1 83.2 87.1 90.7 94.2 98.1 101.7 107.3 112.3 114.8 115.5 114.6 114.7 114.1 111.9 110.3 109 108.6 107.5 106.3 105 104.4 104.3 104.5 104.6 104.5 105.2 106.1 107.1
68.9 69.1 69.3 69.4 69.5 69.6 69.7 69.8 70.2 70.5 71 71.5 72 72.1 71.4 70.2 69.1 68.1 67.4 67 66.6 66.5 66.1 65.7 65.5 65.7 65.2 65.9 65.7 65.3 64.9 65.2 65 64.9 64.7 64.5 64.3 64.7 65.2 65.7 65.9 65.9 66 66 66.2 66.7 67.2 67.8 68.5 70.1 71.6 73.2 74.6 76.7 79.1 81.1 84.3 87.8 92.6 95.3 97.7 102.6 108.8 111.3 111.9 111.6 111.4 110.9 109.4 108.5 108.2 108.4 108 107.1 106 104.9 104.3 104.6 104.5 104.3 105.1 106 106.7
67.6 67.9 68.2 68.3 68.4 68.5 68.3 68.1 68.3 68.5 69 69.4 69.7 69.6 69 68.5 67.9 67.1 66.5 66 66 65.9 65.8 65.3 65.1 65.4 65.5 65.5 65.5 65.3 65 64.8 64.9 64.7 64.5 64.3 64.2 64.1 64.6 65 65.3 65.4 65.7 65.7 66 66.7 67.2 67.7 68.3 69.6 71.1 72.7 74 75.5 78.1 79.9 82.3 84.9 88.5 90.5 93.1 98.8 104.4 107.4 108.9 109.2 109.6 109.8 109.3 108.4 108.1 108.2 108.1 107.8 106.7 105.6 104.7 104.4 104.3 104.2 105 105.6 106.4
66.4 66.7 67.1 67.2 67.3 67.3 67 66.7 66.7 66.8 66.7 67.1 67.3 67 66.7 66.8 66.9 66.1 65.5 65.4 65.4 65.4 65.3 65 64.8 65 65.2 65.1 65 65 64.9 64.8 64.8 64.6 64.4 64.2 64 63.9 64 64.4 64.8 65.1 65.4 65.3 65.9 66.5 67.1 67.7 68.2 69.1 70.7 72.1 73.5 74.9 76.9 78.4 79.9 82.4 85.1 87.3 89.9 96.5 101.3 104.8 106.8 108.2 108.5 108.9 109 108.3 108.2 108.3 108.7 108.5 107.4 106.3 105.2 104.6 104.3 104.1 104.6 105.1 106
65.2 65.6 65.9 66.1 66.2 66 65.7 65.4 65.1 65 64.9 64.9 64.9 65 65 65.1 65.2 65.1 64.8 64.8 64.9 64.8 64.7 64.6 64.4 64.6 64.8 65 64.9 64.8 64.7 64.6 64.6 64.5 64.2 64.1 63.9 63.8 63.9 64.2 64.5 64.9 65.3 65.7 65.7 66.3 67.1 67.6 68.1 68.7 70.2 71.5 72.9 74.3 75.4 76.6 78.4 80.6 82.7 84.5 89.4 93.6 98.9 102.6 105 106.6 107.6 108 108.1 108 108 108.5 109.2 109.3 108.5 107.6 106.1 105 104.7 104.4 104.3 104.7 105.2
