app/static/ascii/SO35.asc
ncols 200
nrows 200
xllcorner 330000
yllcorner 250000
cellsize 50
[rows 35 to 69 of 200, columns 0 to 77 of 200]
251.9 248.6 244.9 237.8 228.4 215.1 212.3 210.6 206.4 201.8 196.5 191.9 188.5 184.8 182 180.7 182.5 184.3 186.1 187.1 186.4 184.5 181.2 182.3 180.4 180.3 179.4 179.5 178.9 178.8 179.8 177 175.6 174.8 173.7 171.8 169.7 165.2 161.1 157.6 153.8 151.7 147.7 144.9 142.2 138.1 135.8 135.1 133.9 133 133 133.9 135 135.2 137.2 138.1 138.5 142.2 148.3 152.1 152.3 153.2 155.6 156.7 156.4 155.9 155.8 155.6 154.5 151.8 150.5 150.6 149.5 147.8 145.8 142.7 141.6 142.1
253.9 247.8 240.5 232.9 223.8 215.4 208.7 202.9 199.9 196.9 191.6 187.4 184.2 181.7 179.6 178.3 179.4 180.9 182.8 185 182.6 178.4 178.2 179.6 177.8 176.8 176.6 177.7 177.4 177.9 176.3 175.2 176 174.6 170.1 168.8 166.3 163.8 161.2 156.8 154.3 151.7 146.3 142.8 138.8 136 134.8 134.7 133.7 133.6 133.9 135.2 136.3 139.2 140.9 141.2 141.1 144 148.1 149.5 150.5 151.8 154.8 157.7 156.6 157.1 155.5 154.3 152.8 151.2 150.2 148.6 147.1 145.9 148.1 144 141.9 141.3
250.2 243.4 235.9 228.5 219.2 211 205.7 199.9 195.1 191.4 187.7 183.9 181 179 176.9 176.2 178 179 180.3 181.1 178.2 175.2 174.3 176.3 175.8 173.7 175.1 176.8 177.1 177.8 176.7 176.6 175.4 172.6 168.9 168.3 166 162.6 161 159.2 153.6 148.5 145.3 142.6 138.3 135.2 134.6 134.5 133.4 135.3 136.5 138.9 140.4 145.8 146.3 147.7 145.6 145.1 146.5 147.8 149.7 150.9 153.6 156.7 157.1 156.4 154.1 152.6 151.4 150.8 148.9 146.7 145.3 144.6 147.7 144.5 141.6 140.7
245.5 239.1 232.3 223.7 214.5 208.6 202.1 196.7 192.5 189.1 185.5 182.5 179.3 176.6 174.9 174.4 176.9 178.9 179 176.8 176.2 176 173.2 172.5 170.8 170.6 173.3 174.3 174.9 175.5 175.7 175.8 174.2 170.8 168.2 168.1 165.2 162.8 159.5 155.5 153.2 149 144.5 139.3 136.6 136 135.7 134.5 135.1 137.9 140.5 143.5 146.5 151.7 154.9 154.4 152.5 149.5 148.1 148.9 152.2 152.7 154 154.9 154.2 153.5 151.9 150.2 150.1 148.7 146.6 144.8 143.1 142.8 142 141.8 141.6 141.8
240.2 233.2 226.6 219.2 210.1 204.5 198.8 194.2 189.8 186.9 183.6 180.9 178.2 175.5 173 172.5 174.3 176.2 176.8 175.1 171.5 172.2 170.5 168.1 168 169.6 171.4 171.7 174 174.8 174.9 174.6 173.6 171.6 169.7 168 165.1 161.3 157.3 155.8 154.2 151.5 144.4 137.1 136.2 135.4 135.5 131.5 140.5 144.7 145.8 146.9 153.3 158.1 159.5 159.1 158.3 154.7 150.9 151.9 154 156 157.1 156.1 154.2 152.9 150.9 150.2 149.7 147.6 146.1 144.5 143.3 142.7 142.5 142.3 142.6 143.2
233.7 226.9 220.5 212.7 207.5 200.2 195.8 191.7 187.4 184 181.1 178.7 176.4 173.7 171.4 170.2 172.1 175.1 175.7 173.1 170 167.5 165.9 165.8 166.5 168.9 170.1 171.1 173.3 174.5 174.2 173.7 173.4 172.5 170.2 167.4 162.3 159.4 156.7 157.3 153.1 146.9 141.4 136.8 136.6 136.4 134.2 140.6 150.3 152.5 153.1 152.2 158.2 162.8 162.6 162.1 161.3 157.4 153.1 153.1 154.5 156.8 156.9 157 155.3 153 150.2 151.1 150.3 148.5 146.2 146.1 145.4 145.9 144.5 142.7 143.3 144.9
228.3 222.2 216.2 209.6 202 196.2 192.3 188.4 184.4 181.7 179 176.8 174.5 172 169.9 168.6 170.1 172.4 173.2 171.8 168 164.8 164.4 164.9 165.9 167.6 169.8 171.1 171.9 173.4 173.5 173.3 173.1 172.7 170.5 167.7 162.3 158.2 156.7 155.7 149.8 143.7 138.7 137.2 138.3 137.8 141.3 151.8 158.8 159.7 155.7 155.8 161 165 164.3 163.8 163.2 159.8 155.5 154.1 154.9 156.5 157 157 156.1 155.1 152.7 150.7 150 148.4 148.3 149.2 148.6 148.8 147 144.7 145.5 146
223.2 217.5 211.4 204.4 198.3 192.2 188.2 185.3 182.3 179.9 177.6 175.5 173.1 170.5 168.3 167.5 167.3 168.7 169.5 168.5 166 163.6 163.2 165.3 167.1 167.5 168.6 170.5 172 172.8 172.4 170.8 172.6 173.7 173.7 169.3 162.7 160.3 157.1 156 152.6 142.4 137.3 137.3 138.9 138.8 153.5 162.5 166 163.7 160.7 159 162.9 167 167.1 165.5 164 160.9 157.1 154.5 156.5 158.2 158.1 157.3 157.6 156.3 155.3 153.3 152.7 150.1 149.8 151.8 150.9 151.5 151.3 148.8 149.1 147.7
218.5 212.8 206.7 199.9 193.9 188.9 185.1 182.3 180.6 178.9 176.6 175.8 174 171.3 168.8 166.4 165 164.1 163.2 163.6 163 162.1 162.8 165 166.1 167.1 168 170.2 172.3 172.5 171.8 171.9 175.1 174.1 173.9 170.3 163.7 161.6 158.2 154.2 148 140 137.8 137.5 140.8 149.3 162.8 171.5 170.2 165.8 163.6 160.8 163.4 167.4 167.6 163.8 162.3 161 157.3 155.6 157.8 160.1 159.8 159.2 158.6 157.2 156.6 157.8 159.5 158.2 155.5 155.8 154.7 154.4 153.7 150.3 147.1 146.9
214.1 207.9 201.9 196.2 190.7 186.5 182.9 180 178.7 177.3 175.8 175 174.4 172.1 169.5 167.2 166.4 164.6 161.9 160.6 159.9 160.5 162 164 165.1 166 168 170.5 171.4 171.4 172.1 174.2 175.3 174.1 173.1 170.7 166.4 163.1 158 152.8 146.5 139.2 136.9 138.9 139.7 157.7 170.4 176.8 174 167.9 165.3 162.5 163.8 166.9 167.7 165 162.6 161.2 157.2 157.4 158.8 159.8 159.4 159.3 159.6 157.5 158.4 162.4 164.6 163.9 162.2 159.9 156.6 158 155.5 151.6 148.3 149.8
209.2 203.3 198 192.7 188.2 183.9 180.5 177.8 176.7 176.2 175 174.1 173.6 172.7 170.9 169 169.4 166.5 163 160.3 157.8 157.8 160.7 162.6 163.3 165.1 168.5 170 171.1 171.1 171.6 173.4 175.1 175.3 175.2 172.3 167.6 161.2 155.6 151.9 144.9 138.8 136.8 140.6 146.9 164 176.5 179.4 177.9 171 166.4 166.8 166.1 171.8 174.4 169.1 165.7 162.3 156.7 156.2 157.7 159.1 157.5 158.8 160.3 159.9 164 166.7 166.7 166.6 165.5 164.7 162.5 161.9 156.1 153.7 153.1 150.9
203.6 199.9 193.7 189 184.6 180.9 177.6 175.7 174.8 175.4 175 172.8 171.3 171 171.6 170.3 169.9 166.5 163.4 160.8 157.8 155.9 159.7 161.9 164 166.8 168.7 170.6 170.6 170.9 171.5 175.3 177.8 177 176 172.1 166.9 162.4 156.9 151.9 141.9 138.9 140.2 140.3 155.1 169.3 179.5 180.6 176.7 172.7 170.3 171.1 173.5 179.2 176.5 172.3 168.1 162.1 158.6 156.5 157.3 157.4 157.5 157.9 160.3 162.3 165.3 167.5 166.9 166.2 165 163.3 162.5 160.3 155.9 153.3 154.1 152.5
200.3 194.6 188.9 184.5 180.4 177.3 174.5 172.7 172.6 173.3 172.3 170.6 168.8 168.4 169.7 170.3 168.4 162.4 160.3 160.4 157.7 154.5 159.8 163.2 165.7 168.3 169.1 169 168.5 171.8 174.6 177.8 179.2 178.5 175.8 171.6 167.5 164 162.4 155.5 141.4 139 139.7 143.6 159.7 171.9 179.6 179.6 178.4 175.8 176.3 173.7 175 180.6 178.9 174.8 170.5 169.9 162.8 160.5 158.8 157.8 160.3 160.8 161.4 163.4 164.1 165.2 165.5 164.5 163.7 162.7 160.6 158.4 155.4 152.9 153.5 153.7
195.1 188.8 183.3 179.2 175.9 173.1 170.9 169.6 170 169.7 169.6 168.2 165.7 164 163.6 165.2 164.1 159.1 158.9 158.6 155.1 154 162.1 165.4 167.7 168.5 168.5 167.8 169.8 173.8 176.2 178.2 178.2 177 174.5 171 167.3 162.6 161.2 151.6 141.1 138.6 140.5 146.6 160.6 170.9 176.9 179.8 179.9 178.6 176.4 174.7 176.7 180 180 179.1 177.8 174.7 170.6 168.7 168.2 163.8 161.5 162.7 163.1 164.4 164.3 163.9 163.9 164.4 163.8 161.3 159 155.6 153.8 152.1 153.2 154.1
192.5 187.3 180.2 175.3 171.5 169 167.5 166.8 167.3 166.8 167 164.1 160.1 158.3 157.6 160 161.4 159.3 158.4 155.1 152.6 156.4 164.3 167.1 167.7 167.7 167 168.6 171.5 173.7 175 176 176 173.9 171.4 167.6 163.7 162 159.7 150.5 141.5 138.6 139.5 150.9 163.9 171.2 177.1 178.4 179 179 177.6 176.1 178.6 180.4 181.9 182.1 181.2 178.5 174.9 174.4 173.7 167.6 162.5 162.2 163.2 164.4 163.9 163 162 161.8 161.2 158.9 156.7 154.3 152.5 151.5 154.2 155.9
189.4 184.4 177.5 172.2 168.4 165.9 164.1 163.5 163.5 162.6 160.9 157.8 155.8 154.3 154.4 154.9 155.2 154.9 154 151.7 152.3 161.6 165.2 166.5 166.9 165.5 166.4 168.7 169.8 172.4 173 173.8 173.9 172.9 171.1 165.2 163.3 162.9 160.4 152 141.9 139.6 140.7 156.5 165.7 171.8 178.4 179.4 178.9 178.4 176.6 177.5 180.2 183.1 186 186.2 181.4 177.2 175 176.5 177.1 172.1 165.2 160.7 160.3 160.7 160.3 159.4 159.2 158.4 157.7 156.7 154.4 151.9 150.8 151.3 154.6 155.9
186.1 181.1 174.8 169.4 165.4 162.8 161.7 160.7 159.6 158.7 156 153.8 152.9 152.2 151.4 150.3 150.2 151.3 150.7 150 155.3 161.1 164.1 165.2 165.4 163.9 165.9 166.6 167 167.9 168.8 170.9 172.2 171.6 171.9 163 161.3 161.2 159.5 150.9 142 140.3 145.5 161.5 168.2 174.4 178 179.6 178.2 177.3 177 179.8 183.1 186.5 188.9 188 180.9 176.2 174.4 173 171.7 170.4 165.2 158.4 156.7 159.9 159 157.7 156.4 156.3 158.3 155.1 150.2 147.7 146.5 148.3 154.4 153.5
182.1 178 171.9 166.8 163.1 159.8 159.7 159 159 157.3 156.8 153.8 151.6 151.2 150.6 150.6 147.9 149.3 148.6 148.4 151.9 155.6 159.9 162.2 165.1 164.5 166.5 165.3 163.9 163.3 163.1 166.5 169.6 170.3 167.2 161.3 161.1 161.1 158.8 145.8 141.2 139 152.2 167.1 174.1 178.1 179.7 178.9 178.3 177.3 179.7 182.7 186.8 190.3 190.9 188.2 181.4 176.1 173.9 171.9 168.1 165.2 166.8 163.9 160.3 156.5 156.7 156.5 159.1 159.9 157.6 153.1 149.3 145.1 146.3 146.6 145.7 143.5
180.9 175.4 170.7 165.5 160.8 158.3 158.8 158.6 157.7 156.9 155.6 151.3 149.5 148.5 148 146.9 145.8 147 147.3 146.8 146.3 148.6 154.1 158.8 163.2 163.8 164 162.7 159.9 158.9 156.8 157.1 162.2 163.1 161.4 162 161 159.9 152.6 143.6 140.7 141.3 161.3 175.5 180.1 181.9 181.7 180.5 179.5 180.5 183.8 187.4 192 192.7 192.3 186.8 182.8 178.2 176.1 173.4 168 168.2 171.6 168.1 164.5 159.7 152.8 150.6 153.1 154.1 153.5 150.6 148.1 141.1 140.9 141.2 140.6 137.5
177.8 172.6 169.3 164.7 161.1 158.8 157.6 157.2 155.9 154.7 151.1 149.8 149.2 148.3 147.1 146 145.6 145.6 146 145.8 145.5 145.8 149 155.9 161.3 159.2 159.6 159.7 154.8 149.9 147.5 145.9 144.6 147.9 150.4 153 155 155.1 151.2 142.7 140.7 144.6 166.4 181.1 184.2 184.3 182.1 181.1 181.9 184.1 188.2 191.6 194.7 195 192 187.2 183.2 180 176.7 174.2 166 173 174.3 171.7 166.7 162.6 154 152.8 147 149.1 146.9 142.4 139.5 137.9 137.5 138 137.1 134.8
172.8 169.4 167.1 163.5 160.5 158.2 155.4 154.5 152.8 150.7 150.1 149.5 148.8 147.3 146.4 145.8 145.5 145.4 145.2 145.3 145 145.3 145.2 145.9 147.9 158.5 157.7 151.7 144.8 143.4 142.7 141.6 141.8 141.9 141.6 139.2 145.4 143.7 142.3 141.6 140.8 147.6 168.7 182.6 185.6 184.7 182.6 181.6 182.8 187.8 192.8 196 196.4 195.4 190.7 187.2 183.4 180.4 177.4 174.9 167.6 175.9 176 173.2 168.2 162.8 153.2 149.6 146.9 142.8 139.4 137.3 136.5 135.7 133.9 133.5 132.9 131.3
169.5 167.6 165.8 161.8 157.5 154.5 152.7 151.9 150.7 150.2 149.8 149.1 147.6 146.8 146.1 145.6 145.3 145.1 144.2 144.9 144.2 144.2 144.3 144.1 144.7 148 145.2 143.6 143.3 142.7 141.7 148.2 150.6 150.1 145.7 142.8 140.9 140.1 139.5 139.4 140.2 149.1 168.7 179.6 183.9 183.7 184.1 184.7 187.7 192.1 196.3 197.5 196.9 194.4 191.2 187.5 183.7 181 179.2 175.2 169.7 178.1 177.9 174.2 166.7 156.5 151.5 149.5 147.2 142.3 138.5 136.2 134.8 132.5 129.8 129.2 129.2 129.1
168 166.6 164.3 158.1 153.8 152.2 151.6 151 149.6 149.6 149.2 148.4 146.8 146.8 145.6 144.4 145.8 145.1 145.1 148 145.4 144.5 144 144.1 144 143.8 143.5 142.1 143.2 141.7 153.1 160.7 167 167.3 162.1 155.7 151 146.4 144.3 141.4 139.7 150.5 165.8 176.4 182.1 183 186.2 189.9 193.6 197.3 198 197.3 196.6 193.5 191.3 186.2 182.4 180.5 178.4 172.4 176.1 180.3 177.6 169.4 157.2 150.3 147.4 145.9 143.1 139.6 136.9 135.9 134.1 130.8 129.5 129.3 128.8 128.9
162.7 162.7 157.2 153.3 152.4 151.5 151.1 150.4 147.7 150.3 148.8 147.7 146.8 146.3 144.4 145.8 147 148.8 153.1 153.9 155.1 149.8 145.6 145.4 145.2 144.3 144.3 147 152.5 165.4 174.9 180.2 181.3 179.2 174.7 167.5 164.4 160.3 154.4 148.1 145.1 159.4 169.4 177.1 181.9 186.3 190.8 196.6 200.3 199.6 198.8 197.9 195.2 192.8 191 185.8 181.8 179.3 177 174.6 180.1 178.6 170.5 160.8 149.7 144.7 141.1 141.7 139.3 135.8 135 135.1 133.2 131 130.3 129.8 129.5 133.7
153.8 154 152.9 151.9 151.6 151.9 150.9 149.2 150 149.7 148.4 148.1 147.7 146.6 146.1 148.3 156.3 159.3 162 163 164.3 166.2 160.4 156.8 159 163.7 169.4 176 182.1 188.4 190.7 190.2 188.1 184.6 179.6 172.4 164.1 157.5 152.3 147.4 153.9 165.2 173.6 180 184.1 190.7 196.8 200.6 201.6 200.4 196.8 194.7 191.1 189.8 187.5 185.2 182.2 180.5 178.2 176.8 176.2 168.9 160 153.1 146.7 141.1 141.1 142.4 140.2 135.9 134.6 134.5 133.5 133.3 136.2 138.2 140.6 142.9
154.5 150.6 151.7 149.4 149.6 148.8 150.3 150.2 149.9 149.2 148.4 148.3 147.8 147.1 148.2 157.2 161.5 165.7 169 170.7 171 175.9 179.1 180.8 182.6 190.2 192.9 196.5 197.4 197.1 195.4 193.9 191.1 187 182 171.6 160.9 155.3 151.9 150.9 156.5 167 176.2 182.7 186.9 194.4 199 201.4 200.6 195.4 189.9 185.5 182.6 182.9 183.2 183.7 181.4 179.4 176.9 173 165.4 158.7 153.4 150.5 146.6 147.9 150.6 154.3 152.4 146.9 140.7 140.4 136.9 138.6 143.8 149.1 150 149
164.2 159.1 153 152.3 151.2 151.5 150.9 150.6 149.6 148.7 148.1 147.8 148.3 147.5 156.3 162.8 168.1 172.6 175.7 176.8 178.7 182.3 187.5 194.2 201.6 206.8 206.7 204.3 201.7 199 196.9 195.2 192.1 187.2 177 166.1 159 156.1 155.5 155.5 156 162.4 174.1 181.4 188.4 193.9 199 199.3 192.6 185.1 178 174.2 172.2 172.8 173.8 175 177.3 176.8 173.3 166.6 160.8 159.3 157.4 156.3 157.1 162.5 164.4 164.8 161.7 155.5 150.6 146.8 139.4 142 150 152.2 151.6 149.9
161.9 159.9 158.3 153 151.2 151.2 150.4 149.6 149.2 148.7 148.1 147.5 146.8 155.1 163.5 170 174 179 181.9 182.6 185 187.8 192.6 200.9 209.6 211.7 209.4 206.4 203.2 199.8 198.1 195.9 192.2 185.5 172.7 165.1 163.6 162.1 160.9 159.4 158 157.5 161.4 174.9 184.1 191.4 193.8 191.3 183.9 177.2 172.2 171.3 171.7 170.9 167 168.2 167.5 168.1 164.9 164.8 165.4 164.7 166.3 169.2 170.3 169.4 167.4 165.9 162.9 158.6 152.2 145 142.2 146 153.1 153.2 152 150.8
156.3 154.9 152.6 151.7 151 151.1 150.7 149.6 149 148.5 148.2 147.9 150.2 161 169.7 174.5 179.2 184.2 186.5 186.3 188.2 191.6 197.1 205 211 212 209.6 206.2 202.8 199.8 197.9 196.4 191.7 184.1 172.9 169 170.2 170.2 172 169.8 164.1 161 159.4 161.2 176.6 181.4 182 181.4 178.1 173.1 170.7 171.8 171.4 170.2 168.6 168.8 168.2 167.1 167.3 168.5 173.7 177.3 178.3 177.1 174.6 171.4 168.5 165.9 161.6 157.1 151.1 144.9 144.2 151.2 154.6 154.4 153.4 151.9
153.2 152.6 152.2 151.8 151.4 150.8 151.2 149.9 148.9 148.3 148.2 147.7 156.1 166.3 174.6 179 185.1 188.8 189.4 189.2 190.7 194.4 200.6 207.3 210.8 210.8 208.4 205.8 202.8 199.7 197.5 194.7 189.3 180.6 176.6 178.8 177.4 181.6 187 185.7 176.1 167.7 163.7 160.3 171.3 175 175.2 174.7 172.1 168.3 171.4 174.5 177.9 176.4 171.8 170.4 170.8 173.4 176.8 182.9 184.5 183.8 181.3 177.7 174.9 172.3 169.6 167.9 165.2 160.8 153.5 147.1 146 153.9 156.6 155.8 154.9 153.4
152.9 152.5 152.1 151.7 151.3 150.9 151.3 149.6 146.8 146.8 147.5 152.1 159.1 170.7 178.2 183.4 189.3 192.4 191.9 191.2 193.3 198 204.4 209 210.2 208.9 206.6 204.1 201.6 199.1 196.1 192.1 188.1 181.2 184 187.5 182.1 187.1 192.9 192 184.1 176.6 169.3 166.6 165 170.3 167.6 167.1 167.1 167.1 167.1 181.9 186.1 186.6 183.6 182.2 183.7 185.9 187.9 187.8 187.1 184.5 181.8 177.8 175.1 173.7 172.7 170.3 166.5 161.6 154.2 148 146.5 151.8 157.7 156.9 156.3 155.3
153.2 152.4 152 151.6 151.4 151.2 151.6 150.2 149.1 149 150.2 155.2 163.3 173.7 179.7 185.8 191.6 194.9 193.2 192.9 196 201.2 205.9 209.2 208.9 207.7 205.2 202.9 200.2 197.8 194.8 189.4 185.3 183.2 188.3 190 184.5 190.7 194.6 192.2 189.7 187.3 178.8 172.9 171.5 167.1 168.1 170.8 167.1 173.7 182.5 189.6 193.9 195.4 195.7 193.9 192.2 193.2 192.6 190.3 187 184.5 182.1 178.8 177.3 176.2 173.5 169.7 165.5 159 153.5 152 148.2 152 158.7 159 158.9 157.7
153.4 152.4 152.1 151.9 151.6 151.4 151 149.9 149.3 150.4 151.6 157.2 165.2 173.9 180.6 186.6 191.5 194.5 193.9 194.2 198 203.3 206.4 208.1 207.9 206.7 204.4 201.9 199.6 197.4 193.7 185.4 191.7 193.6 189 190.7 187.3 194.2 196.6 194.6 195.9 192.5 183.7 183.2 182.6 179 181 182.3 186 189.4 193.2 197.7 201.1 200.4 199.4 197.5 195.5 195.3 193.2 189.4 186.6 183.8 182.1 179.6 178.5 176.2 173.1 169.9 165.8 160.3 156.3 154.3 150.8 156.4 160.3 161.5 160.9 160
151.1 151.4 151.3 150.9 150.9 150.7 150.7 150.5 150.1 150.9 152.8 158.1 167 174.3 179.6 185.4 190.7 193.6 193.3 194.5 198.1 202.8 205.7 207.3 207.4 205.9 203.6 200.8 198.6 196.3 192.5 187.7 196 195.2 190 191 190.3 197.2 199.4 199.6 201.2 194.3 191.8 194.6 195.5 195.6 194.6 195 196.5 198.6 201.7 204 204.4 201.9 199.4 197.1 195.6 195.3 190.8 187 184.7 183.1 181.4 179.6 177.9 174.9 173.3 171.8 168 162.4 157.1 153.5 153 161.2 162.7 162.9 162.4 162.2
152.2 152.2 150.4 151.1 150.9 150.6 150.5 151.5 151 151.3 152.5 160.2 169.1 173 177.1 182.3 187.5 191.3 190.3 191.3 195.3 199.2 202.7 204.8 206.4 205.1 202.8 199.9 197.5 195.4 194.1 186.9 192.4 190.8 193 192.3 191.9 198.6 202.1 202.4 204.3 201.4 200.8 203 203.8 201.8 198.7 197.7 198.8 201.5 203.5 204.3 204.1 200.5 198.4 196.6 195.9 193 189.1 186.4 184.5 182.9 180.8 179.4 176.6 174.7 173.6 173.4 168.6 161.3 155.9 153.1 155.2 163.2 164.2 164.1 163.5 163.3
