app/static/ascii/SO36.asc
ncols 200
nrows 200
xllcorner 330000
yllcorner 260000
cellsize 50
[rows 35 to 69 of 200, columns 0 to 77 of 200]
273.5 266.2 257.9 246.9 235.4 227.4 222.7 217.5 219.6 220.3 218.7 222 227.2 232.8 239.7 249 258.8 268.9 280.7 294.8 305.2 312.5 319.6 326.7 333.2 336.7 341 346.3 350 352.2 355.4 359.4 361.6 362.8 365.8 370.8 373.5 375.4 375.4 373.2 369.3 365.5 360.8 354.4 346.6 336.4 325.8 308.4 290.8 300.3 304.7 305.7 304.7 305.2 303.7 300.1 293.8 286.4 280.9 273.6 271 262.5 262.7 266.9 270.8 276.7 278.7 272.4 283.3 292.6 302 306.8 307.8 309.1 310.9 311.1 311.2 310.4
274.7 267.6 260.1 249.6 237.9 228.2 222.9 217.8 217.1 217.9 216.3 219.7 224.8 229.7 236 243.6 251.9 261.7 275.4 289.4 298.7 303.5 309.3 315.9 323.4 328.2 334.6 338.5 342.1 346.5 350.7 353.5 354.9 356.6 360.2 364.2 366.7 367.4 367.3 366.6 364.8 363.7 360.5 354.4 346 336.5 325.7 309.5 291.5 285.8 289.5 289.8 291.5 293.8 292.9 290 287.5 282.2 276.1 269 265.6 261.3 251.8 258.6 263.4 269.8 267 260.2 273.1 287.4 294.3 299.4 302.5 303.4 304.6 304.8 304.2 303.5
274.3 268.7 261.1 252 240 230.1 222.9 217.7 213.4 214.6 214 217.6 222.5 226.9 231.8 238 246 254.7 268.1 280.8 287.5 292.5 297.2 303.2 312.2 319.6 325.5 329.7 335.3 341.5 346.3 348.8 349.8 351.3 354.3 357.4 358.9 360.2 360.5 360.6 360.6 361.6 359.4 353.4 345.8 337.2 326.8 313.2 294 279.8 276.8 277.3 279.4 280.2 280.5 278.9 276.7 272.9 268.3 263.6 256.9 261.6 256.6 248.2 253.9 262.6 259.1 250.4 265.1 280.5 287.7 291.7 294.5 296.6 298.8 299.4 299.3 298.6
272.9 268.4 260.6 252.3 241.3 231.4 222.9 217.8 212.7 211.6 215.4 218.6 221.6 223.7 227.4 233.2 240.4 247.6 256.2 266.5 272.1 276.3 282.7 291.1 300.6 309 317.5 325.6 331.1 338.7 343.6 344.1 344 346.1 349.3 352.6 354 354.9 356.2 356.9 357.3 357.5 357.1 352.1 344.8 336.6 326.6 313.3 297.3 284.1 268.2 266.3 266.6 267.6 267.7 266.8 265.5 262.1 258.8 259.2 252.4 253.5 258.4 250.7 242.1 247.8 248.5 242.4 257.7 273.1 280 284.8 286.8 290.3 292.4 293.3 294.7 295.5
269.7 266.5 259.5 251.4 241.8 231.7 222 216.7 213.4 209.7 213.9 218.3 222.3 225.6 228.5 231.4 236 242 247.4 253.8 259.3 264.7 269.8 279.5 289.3 299.9 312.6 319.4 329.2 337.9 340.7 339.9 339.3 342 344.5 347.7 349.8 351.4 353.6 354.2 354.7 354.6 353.7 350.3 344.3 335.7 325.7 317 307.5 296.7 285.5 274.1 262.4 258.1 257.8 256 253.5 249.3 248.4 250 247.2 245.6 248.9 248.2 242.2 235.1 237.5 236.9 252.3 264.1 271.2 276.5 280.3 284.1 285.8 287.5 289.3 291.2
263.7 263.9 257.2 249.5 240.6 230.1 219.3 214.6 211.2 208.4 214.6 218.6 223.4 228.9 233.8 236.6 238.8 240.1 243.3 248.3 251.4 256.6 263.3 271 280.9 293.1 304.7 316 327 333.5 335.7 334.4 334.4 337.3 340.3 344.6 347.8 349.5 351.5 352.1 351.9 351.8 350.8 348.8 346.4 341.7 334.3 326.1 317.8 309.1 297.7 285.5 274.3 263.3 255.1 251.2 246.1 243.2 240.8 239.8 238.7 239.2 240.6 239.6 237.2 235.1 232.1 227.9 237.6 245 256 266.1 272 276.6 279.7 282.5 284.5 286.5
256.3 258.8 253.1 245.9 237 226.3 216.6 212.3 209.9 205.7 214 220.3 225 231.1 238 242.8 244.9 248.3 252.3 255.2 257.4 261.7 266 268.6 273.8 285.3 296.7 309.9 322.7 326.4 328.4 327.3 328.6 333.1 338.7 343.7 347.2 349.1 350.3 349.3 349.9 350.1 349.8 349.4 349.2 345.2 339 331.8 323.9 314.7 302.6 290.1 278.4 266.9 257.5 252.6 249.3 246.6 244.8 237.4 234.3 233.2 234.8 229.3 229.2 226.5 228.3 227.5 222.1 220.9 231.4 244.8 258.4 266.9 272.1 276.2 278.8 281.9
249.5 253 250.3 243.5 233 222.5 213.9 210.3 207.1 206.8 215.6 221 226.4 232.8 240.6 248 252.6 257.3 261.5 263.6 265.4 268.6 273.1 276.8 279.2 279.7 287.7 300.1 313.8 317.7 317.7 316.1 324.7 332.9 338.9 343.2 347.5 348.3 348.4 347 347.5 348.4 348.9 349.3 349.8 347.8 342.3 335.8 327.8 317.9 306.4 293.4 282.5 273.6 266.1 261 256.4 251.5 250.8 248.6 244.6 237.8 237 239 236.8 234.6 235.4 236.4 233.5 230.2 221 222.6 238.1 250.3 259.6 266.6 272.2 276.6
242.4 247.7 245.8 240.1 228.9 218.7 211.4 208.3 205.1 209.4 217.3 223.8 229.2 235.8 244.7 252.1 259.4 264.7 269.3 272 274 276.8 280.4 285.9 290.1 293.1 293.2 292.5 302.6 308.2 313 318.7 324.4 332.3 340.3 345 348.4 348.4 347.7 344.2 343.6 345.6 347.5 349.1 350.7 349.4 345 338.1 330.2 321.6 311.2 299.9 290.9 285 276.3 266.1 260.8 260.7 260.1 256 249.7 244.4 245.8 246.2 243 240.2 239.7 241.3 237.6 233.3 232 217.9 218.9 231.7 240.6 250.2 258.9 266.4
236.6 241.1 241.1 236.6 226.5 216 209.6 206.3 204.2 212.6 219.8 230.7 239.2 243.9 250.6 258.2 266.4 272.4 277.3 280.8 283.5 286.2 291.5 296.8 300.6 303.2 303.2 301.9 301.5 307.3 314.3 320.2 324.3 328.3 337.2 344.2 348.9 348.4 346.3 342 338.2 342.1 344.6 345.1 347 346.4 344.1 338.8 331.5 324.3 316 306.4 296.7 289.2 275.7 265.8 268.7 270.7 268.7 263.7 258.9 255.9 255.1 254 251.6 246.3 245 243.2 241.5 237.7 233.8 223.4 213 218.4 226.5 232.8 240.8 250.6
231.1 235.4 236.9 232.7 224.7 213.5 208 203.1 205.5 214 226 238 249.5 256.7 259.6 266.6 274.5 281.1 287.7 293.4 298.4 303.3 308.9 311.8 314.7 318 318.1 318.2 318.2 317.1 318.8 323.9 329.8 335.2 339.4 342.9 346.3 346.2 343.8 338.9 333.3 337.8 340.3 339.7 340.7 338.4 336.3 333.3 328.5 322.9 316.1 307.8 298.1 287.4 272.4 272.3 279.3 281.1 277.8 273.1 268.2 266.2 265.8 263.3 258.6 253 249.3 246.7 243.1 239.2 235.1 230.1 218.9 208.1 215.1 223 225 232.4
225.6 230 232.3 229.8 221.8 211.2 205.4 202.8 206.1 214.9 226.1 239.1 252.7 264.9 272.1 277.6 284.5 291.4 299 306.2 312.5 316.5 320.3 323.1 324.2 322 320.5 320.8 321.6 323.2 325.1 327.7 333.6 337.6 338.5 339.3 341.8 342.7 340.5 336.5 328.7 332.4 334 333.7 331.6 329.3 327.4 325.6 322.6 319.3 314.5 307.6 295.1 281.7 273.3 281.5 289.4 291 287.7 283.1 279.5 277.4 275.7 270.5 265.5 259.7 254.6 249.3 244.2 240.1 236.1 227.4 216.5 210.6 205.7 211.9 216.4 219.4
220.6 224.6 227.1 226.5 218.7 209 204.1 201.4 206 213.5 223.8 237.3 252.1 266.8 278.3 284.7 291.7 300.2 307.5 312 317.7 321.8 324.5 322.9 319.4 317 316.8 318.7 321.8 324.1 327.3 331.2 335.1 338.3 338.9 338.5 339.8 338.5 335.7 332.7 327.2 324.9 326.5 324.2 322.2 321.3 319.8 317.8 316 314.2 311.1 304 287 277.7 282.3 291.2 299.3 301.6 298.3 293.8 290.7 287.1 283.5 277.2 271.5 265.4 259.5 253.9 248.2 238.4 227.6 218.2 208.6 204.6 203.9 203 205.4 210.1
217.1 218 220.1 221.6 216.8 208 202.1 200.7 205 212.9 222.3 234.3 249.7 266.1 276.8 285.1 293.5 301.1 305.6 310.4 315.4 320.2 321.2 318.2 314.6 312.3 312.1 315.6 320.4 323.8 328 332.4 337.2 340.2 339.7 338.4 336.8 333.7 331.2 328.2 322.2 315.4 320 317.2 314.1 311.8 310.1 308.4 306.9 308 306.9 298.3 283 282.7 292.2 303.8 312.1 314.5 309.3 304.7 299.9 293 286 280.4 273.9 267.2 260.5 253.3 244.3 226.1 215.6 211.3 216.7 221.9 221.1 215.7 210 200
215.8 213.8 213.4 216 214.3 207.1 201.2 198.8 203.1 209.7 217.7 230 246.8 260.4 272.6 281.7 288.7 295.2 300.5 306.2 311.9 317.4 316.3 313.2 310.4 308.6 308.8 311.7 316.8 321.5 328.1 334.1 337.9 340.5 339 337.9 334.5 328.3 324 322.7 316.4 305.4 309.3 309.6 304.4 302.9 301.3 299.3 297.6 298.3 298.6 290 282.8 294.4 308.1 319.8 325.3 324.2 317.3 309.9 301.9 293.9 286.2 279.6 273 265.6 256.8 246.9 229.6 215.6 213.6 219.7 227.3 230.4 227.4 224.5 219.8 214.3
215.2 211.9 209 208.8 208.7 205 200.7 197.2 198.7 205.3 216.1 228.9 242.1 253.5 264.7 274.3 282 288.6 295.4 302 308.1 312.6 310.9 308.4 306.7 304.9 305.7 308.6 314.5 322.2 328.3 334 337.1 337.9 337.5 336.5 332.9 326.1 315.9 315.3 312 302 296.8 296 294.6 294.5 293.3 290.5 289 287.2 284.9 281.1 288.6 307.6 319.5 327.3 330 326.5 319.3 310.2 300.3 291.4 282.7 275 266.7 257.9 248 231.2 220.5 218.4 222.7 230.8 234.5 233.5 228.6 225.2 222.9 220.3
215.3 212 209.2 206.1 205 203.7 201.7 199.8 195.8 202.3 216.1 227.5 235.7 245.8 257.2 266.9 275.2 283.6 292 298.8 303.8 306.8 306.6 304.9 302.7 300.7 301.1 306.2 312.7 322.7 330.3 334 334.9 335.9 335.7 334.1 330.7 322.9 315 316.5 310.9 303.2 296.5 286.5 281 283.9 283.5 279.8 281 279.4 277.8 281.7 299.3 315.1 323.3 325.4 325.3 321.4 313.4 305.1 294.1 284.9 274.8 265.8 256.4 246.9 235.6 223 224.2 228.2 230.5 230.8 234.9 234.4 230 226.2 222 220.1
215.9 211.4 209 207.7 208.9 210.5 210.2 208.7 205.5 197.8 206.6 221.4 231.9 241.3 251.4 260.8 269.6 278.5 287.8 294.9 299.7 302.7 303.3 301.4 298.3 294.7 295.6 302.4 310.8 320.9 329.6 332.6 333.1 334.2 332.4 330.6 329.7 328.4 327.2 323.8 318.7 311.9 304.2 295.8 286.9 277.7 270.7 272.3 273.6 274 274.3 285.2 302.8 311.7 315.9 314.8 312.5 307 300 292.1 283.2 274.8 266.1 257.9 249.1 237.1 225.4 229.4 235.2 241.2 242.3 239.7 229.9 226.3 225 226.8 218.4 211.2
219.1 214.3 212.3 211.7 215.3 217.9 216.9 214.4 214.2 211 193.9 212.9 227.9 239.7 249 256.5 265 273.9 283.3 290.1 295.6 297.6 298.8 297.4 294.6 290.3 291.4 298.3 305.6 317.5 326.7 329.6 329.3 329 327.6 327.4 332.8 333.7 331.5 326.6 320.7 312.8 303.6 296.1 289.4 282.8 275.9 269.1 267.7 267.3 270.6 279.6 290.6 295.1 295 294.8 292.6 288.3 281.8 276.6 270.9 265.3 258.9 252.3 243 232.9 230.4 238.6 244.9 247.5 248 245.5 241 236.9 227.2 220.6 221.1 219.9
223.9 219.1 215.9 215.2 217.9 220.4 217.2 213.5 212.5 211.5 204 209 227.5 240.9 247.8 255 263.8 272.3 279.1 285.1 290.1 290.2 291.5 290.7 288.9 284.3 287 293 301.2 314.2 321.7 323 321.5 321.8 323.4 331.4 335.9 335.6 333.6 328.2 321.1 311.7 301.9 295.2 289 282.4 276.6 270.9 265.8 262.6 262.7 265.6 268.4 270 271 271.8 271.6 271.1 269.8 267 262.6 257.7 253.7 247.8 240.4 233.1 239.7 246.6 249.5 250.5 249.6 247 244.5 243 240.7 237.9 237.3 235.3
229.7 222.1 218.4 218 218.8 217.3 212.6 209.7 209 209 202.4 207.7 227.6 240 247.5 256.9 265.2 271 275.9 280.9 282.3 281.3 282.4 281.8 280.3 276.9 282.7 290.5 299.2 308.1 314.4 314.1 313.5 316.8 328.1 335.1 335.8 336.9 334.2 328.9 321.2 312.4 305.1 297.8 290.2 283.6 276.9 271.1 266.1 265.9 262.8 258.4 254.7 255.5 257 258.8 260.5 262.5 261.3 258.5 255.7 252.6 249.5 244.5 239 234.1 240.2 245.9 248.8 250.3 251.8 250.6 249.6 249.1 248.1 246.8 245.7 244
236.7 226.8 218.8 217.5 216.9 212.8 208.4 206.8 206.2 206 196.4 209.5 230.5 239.1 247.5 258.4 265.5 268.8 273.3 274.8 272.8 271.4 272.1 271.4 269.7 270.6 278 286.2 294.4 301.4 305.6 306.8 312.2 323.5 329.8 332.9 335.3 336.1 334.6 329 321.7 315.5 309.4 301.8 294 286.5 280 273.6 269.6 273 271.1 266.5 261.8 258.3 253.6 250.5 252.6 254.9 254.5 252.3 251.6 248.5 245.5 241.7 237.7 233.7 240 244.5 249.5 253.4 254.5 255.1 255 254.7 253.8 252.6 251.2 249.1
231.7 222.8 216.8 216 215.4 208.3 205.3 205 203.9 201.8 191.3 211.1 231.5 239.4 245 254.8 262.2 265.2 268.7 266.6 263.7 261.3 261.4 261.3 259.4 262.9 271.8 280.4 288.1 292.2 296.2 307.3 318 323.9 327.7 332 332.7 332.4 331.3 327.3 323 317.4 312 305.3 297.5 289.3 282.7 275.9 275 276.4 274.6 271.7 267.7 263.3 257.7 250.6 248.1 247.5 248.1 247 247.1 244.7 241.7 238.5 236.3 243 247.5 251.9 255.5 257.9 259.7 260.3 260.5 260.3 259.2 257.6 256.3 254.2
226.6 218.5 213.8 212.1 210.2 203.9 200.9 200.9 200.5 198.8 190.3 205.8 222 234 239.6 247.1 255.8 261.9 262.9 259.6 255.9 252.6 251.1 250.7 250.9 253.6 260.9 269.4 278.1 291.8 304.3 315 320.4 321.9 324.8 328 328.4 327.4 326.9 323.8 320.5 316.6 312.3 306.5 297.7 288.8 281.1 276.1 278.5 278.9 277.1 273 268.2 263.7 259.7 257.5 254.5 250.7 245.1 242.6 238.1 238.3 240.1 243.8 247.8 252.5 257.7 261.3 263.1 264.8 265.7 266.1 266 265.3 263.8 261.3 259.9 257.9
225.4 217.2 212.1 207.3 203.7 199.5 197.6 197.8 198.9 200.4 187.9 199.7 213.8 223.7 232.2 240.4 248.8 256.2 256.1 252.9 249.2 245.8 242.6 243.1 243.4 254.5 271.1 284.8 295.6 304.1 311 315.8 316.6 316 317.5 320.3 322 321.8 321.7 319.4 316.6 313.8 308.9 301 290.3 279.5 274.5 276.8 283.8 283.2 280.3 279 276.7 274.2 270.8 266.5 259.3 254.8 252 249.9 250.6 251.3 254.8 257.9 260.8 264.8 268.7 269.5 270.7 271 271.6 271.5 271.2 269.9 268.3 265.7 263.1 259.7
225 217.7 211.2 205.1 201.5 197.8 195.3 195.7 196.6 200.7 194.6 187.8 200.3 213.8 226.1 234.5 242.3 249.2 249.1 246.2 242.7 240.2 237.7 236.6 245.8 263.8 280.1 291.9 300.2 307.3 310.2 310.2 307.8 308.3 311.5 314.3 315.8 316.1 316.1 314.7 311.8 307.1 301.8 291.4 279.5 270.3 269 280 287.5 286.5 284.4 285.1 284.9 282.4 277.9 272.1 265.8 263 261.9 263 264.6 266.5 268.6 270.8 273.4 276.3 276.8 277.3 277.8 277.5 277.3 276.8 275.8 273.6 271 267.7 263.7 260.4
224.8 217.5 210.2 203.8 199.4 196.1 193.6 193.9 194.4 197.1 200.8 193 185.8 206.3 221.1 229 236.8 242.6 242.4 240.4 237.3 233.9 230.9 232.1 246.7 264.1 279.5 289.6 296.7 304.8 304.2 302.1 300.8 302.1 308.1 312.7 314 312.5 310.5 308.7 304.7 299 291.2 279.8 269 265.3 269.6 283.3 290 289.2 288.1 290.1 291.4 288.5 283.7 278.9 275.6 274.4 275 276.9 278.5 279.5 281.3 283.1 284.2 284.4 284.6 284.3 283.8 283 281.9 280.5 278.1 275.1 271.9 268 264.1 259.6
224.2 216.1 209.4 203.3 197.9 194.5 192 191.8 192 193.2 197.2 193.5 183.1 198 215.6 223.4 230.9 236.5 236.8 235.1 231.7 226.8 223.6 234 243.5 260.6 274.1 283 290 298.9 298 295.7 293.7 296.5 304.1 310.7 313 309.6 305.6 300.8 296.5 288.7 280.3 269.8 262.9 260.7 272.3 283.6 289 290.2 292 295.2 294.7 292.6 289.9 286.5 284.7 285.1 285.7 288.2 289.6 290.2 290.8 291.3 291.1 290.8 290.4 289.5 288.2 286.5 284.2 281.3 278.7 275.5 271.6 267.3 262.4 256.2
219.6 213.8 207.9 202.4 196.9 192.8 190.6 190.6 190.3 191.1 194.3 192.3 184 196.2 212 219 224.9 230 231.1 229.6 225.3 221 225.6 231.8 239.8 255 268.8 277.9 283.6 287.6 288.8 287.2 285.9 290 298.7 307.2 311.4 307.7 301.4 293.5 286.5 277.6 268.1 260.7 257.2 264.9 278 288.7 292.3 292.8 295.9 299.1 298.8 297.6 296 295 294.8 295.8 295.9 297.1 297.5 297.6 297.7 297.6 297.3 296.2 295.1 293.2 291.1 288.4 285 281.5 278 274.3 269.8 264.6 257.1 249.4
211.2 208.2 205.6 200.5 195.1 191.6 190.1 189.6 189.3 189.8 194.6 191.9 181.2 195.1 205.7 213.8 220 224.4 225.9 223.8 219.1 215.2 221.4 227.1 235.7 251.4 266 276.9 280 277.9 277.8 277.7 277.6 283.3 292.9 303.1 306.9 303.5 297.1 288.6 277.4 265.7 255 252.7 257.1 267.9 282.1 294 296.7 297.5 299.6 301.7 303.9 304.4 303.8 303.8 304.8 306 305.4 304.9 304.3 303.8 303.2 302.9 301.9 299.7 297.1 294.4 291.4 288.1 284.2 280.4 276 270.8 265.1 256.7 247.8 239.4
204.4 203 201.1 198.8 194.6 191.6 191.1 190.7 190.3 189.5 192.4 191.4 181.3 191.3 200.4 208.5 216.3 221.4 221.9 219.3 215.9 211.9 217.4 223.4 232.9 250.3 264.7 275.4 277.7 274.1 270.7 270 270 275.6 286.7 296.5 299.9 297.1 291.1 282.8 271 253.2 244.8 245.9 253.4 267.3 285.6 298.5 302.6 303.4 304.5 306.8 310 311.2 311.1 312 313 312.4 310.8 309 307.6 306.5 305.4 304.9 303 299.5 295.2 292.4 289.8 286 281.1 276.8 271.3 263.7 253.8 244.5 237.5 233.9
202.2 200 198 196.4 193.9 192.2 191.8 191.8 191.1 189.9 189.4 189.7 183.6 178.7 194.4 201.9 210.7 218.5 219.6 216.7 213.4 209.2 214.6 221.8 232.5 250.6 263.9 271.4 271.9 269.2 265.2 263.8 263.1 269 278.5 287.1 290.1 288.2 283.2 277 264.1 244.2 238.8 240.7 249.4 268.6 290.1 305.2 309.8 310.6 311.7 314.4 317.3 317.7 318.3 318.6 318.4 315 311.8 310.3 308.7 306.9 305.5 303.7 300 296.7 293.5 290.1 287 282.3 277.2 270.7 260.4 251.1 245.3 241.7 239.8 243.1
198.1 196.7 195.7 194.7 193.3 192.6 192.6 191.1 190.1 189 188.2 188.7 185.7 180.1 189.4 194.9 203.1 210.1 212 211.5 209.8 205.5 214.3 224.1 237.7 252.6 261.9 264.2 263.7 262.5 258.8 256.4 256.9 262.6 270.7 276.3 278.8 277.1 274.1 269.1 255.8 242.6 236.5 236.6 250.4 271.1 292.9 307.9 316.3 318.2 319.9 321.5 322.8 323.7 324.7 323.5 320.2 314.3 310 307.6 305.2 303.4 301.3 297.9 295.2 292.4 289.6 286.8 283.4 279.1 272.2 262 253.6 251.4 252 254.8 257.9 263.1
194.5 193.6 193.3 192.8 192.3 191.5 190.7 189.7 188.7 187.7 187.4 187.8 185.9 179.2 185.2 189.6 195.1 200.4 202.8 204.7 203.7 202.1 216.8 228.2 241.9 252 256.1 255.8 255 254.1 251.5 250 250.1 257 264.3 269 269.1 267.5 264.5 259.7 248.7 240.3 234.3 233.9 249 269.6 292.1 307.7 317.9 324.8 328.1 326 323.3 323.2 321.8 317.2 310.4 306 303 300.6 298.2 295.8 293.8 290.9 289.2 288.2 285.7 283.1 280.2 275.9 265.6 263.3 263.9 265.2 267.8 271.5 274.2 276.7
193 192 191.5 191.3 191.1 190.3 189.4 188.2 186.8 186.1 185.7 186.7 185.8 180.3 176.6 186.4 189.2 192.9 195.2 197.2 195.3 206.5 216.7 230 241.3 247 248.2 247.5 247.2 246.1 244.8 243.4 243.7 251 257.2 262.6 263.4 260.6 256.7 251.1 244.1 237.1 231.7 230.3 244.6 264.1 283.6 301.1 313.3 321.1 323.4 320.6 315.2 311.6 308.9 304.1 299.1 295.1 292.5 290.4 288.1 286.1 284.8 283.5 282.8 282.4 282.1 281.8 279.3 275 274.5 275.3 275.8 278.4 279.6 280.7 282.1 284.1
