app/static/ascii/SO37.asc
ncols 200
nrows 200
xllcorner 330000
yllcorner 270000
cellsize 50
[rows 70 to 104 of 200, columns 0 to 77 of 200]
239.9 238.9 234.2 235.3 236.2 240.6 245.6 249.6 254.3 257.3 262 260 253.9 247.6 238.9 232.3 225.2 216.7 209.1 203.5 202 200.9 200.6 200.9 202.2 200.6 199 197.5 197.7 196.3 196.1 195.8 199.1 204.1 211.4 218.6 225.9 233 240.1 244.9 248.9 251.9 252.9 253.8 256.3 259.1 260.2 260.1 259.9 260.4 264 269.9 275.3 279.8 287.8 292.2 293.5 292.8 291.3 289.2 284.5 280.4 275.2 267.3 257.8 247.1 227.6 216.1 208.7 201.7 210.1 227.5 239.3 254.3 273.5 288.2 296.6 302.3
251.6 248 242.4 242.3 241.2 248.1 255.7 262.6 266.7 270.8 274.1 272 269.2 264.7 259.3 252.2 243.9 230.3 222.8 217.1 213 209.9 209.7 207.8 205 202.3 200.3 199 198.5 197 195.1 193.4 194.1 195.5 200.5 206.7 213.2 220.1 228 233 236.9 239.8 242.2 246 248.6 251 253.8 253.6 254.5 256.5 260.4 264.1 269.3 274.3 280.8 287.5 290.5 292 292 290.8 287.4 282 274.4 265.7 254.5 239.3 224.4 214.4 207.2 199.1 206.7 216.1 230.4 248.6 266.5 282.9 297.6 303.6
261.6 253.1 251.7 251.9 253.2 255.1 266.5 273 276.6 280.7 281.8 283 280 277.2 270.9 267.9 261.3 251.2 243.3 235.7 224.5 220.2 215.7 212.2 207.9 204.3 201.5 199.9 198.9 197.8 198.4 196.3 193.9 193.4 193.4 195.8 203.6 210.1 217.9 222.6 227.6 232 235.9 239.6 243.1 245.1 247.5 249.7 250.8 254 257.1 260.8 264.5 268.6 273.5 280.4 286.6 291.2 293.4 291.8 288.2 280.7 274.3 265.5 256.1 241.9 228.3 215.1 208.1 199.9 201.4 208.5 218.4 237.4 256.6 273.7 291.4 302.1
269.4 257.1 260.3 262.2 263.8 267.3 274.1 284.3 288.4 289.7 291 292.2 290.9 290 286.3 281.1 274.9 269.4 262.8 253 239.7 230.8 224.1 218.9 212.8 207.7 203.8 201.5 199.8 198.5 197.2 196.2 195.6 192.3 192.2 191.7 196.2 202.4 207.8 213.9 219.8 224.8 229.7 233.2 237.5 240.2 242.7 245.8 248.4 252.2 254.8 257.5 260.2 263.8 268 273.1 278.4 283.8 285.2 284.2 281.5 277.8 272.8 265.6 258.3 251.9 241.3 226.3 216 201.6 196 199.6 206.3 222.5 240.6 260.6 280.9 297.4
275.9 265.1 270.4 273.9 277.1 280.2 281.9 290.2 295.3 297.8 299.3 300.2 301 300.2 299.1 296.1 292 287.5 280 269.3 258.4 245 237 228.8 220.6 213.3 208 204.4 202.4 200.6 198.8 197.1 195.6 194.8 192.3 191.4 191.2 193.8 198.4 203.4 208.7 214.5 219.6 224.6 229.4 232.4 236.1 237.7 242.8 247 250.4 253.8 256.2 258.9 262.1 265.8 269.6 272.8 274.6 276 274.4 272.2 269.5 266.1 260.9 256.6 250.4 241 231.4 213 199.4 193.7 197.9 213 232.5 254.1 275.4 293.4
283.5 278 282.8 286.1 289 290.3 290.9 295.9 301.3 304.7 307.7 309.7 311.2 312.2 313.1 311.3 309.6 303.8 297.1 287.3 276.6 265.5 255.4 246.3 236.1 224.4 214.8 209.3 207.3 205.5 203.3 200.3 198.6 195.6 193.8 192.6 191.9 191.5 192.6 196 200.5 204.4 207.6 212.1 216.6 219.6 222.7 226.6 232.5 236.9 240.9 244.5 246.8 250.1 252.4 254.5 257.7 260.9 263.9 265.8 265.9 264.6 264.7 262.9 259.4 256.7 253.4 248.3 242 226.6 206.2 196.6 192 206.6 227.6 251.2 272.6 287.9
291.4 291.2 294.3 297 297.2 298 299.7 303.4 307.7 312 316.4 318.5 320.5 322.2 322.8 323 322.3 319.8 314.7 306.6 296.5 285.8 275.1 265.5 254.2 242.1 229.9 219.3 213.7 209.6 206.7 203.4 200.9 198.8 197.7 195.2 193.2 190.6 190.1 190.7 191.8 195.2 198.1 201.4 205 206.8 209.8 214.9 220.1 224 227.5 231.4 233.6 236.5 238.5 240.7 243.4 246.5 249.8 252.3 253.8 255 256.2 256.3 255.5 252.2 249.6 246.9 242.5 234.7 211.4 197.6 190.6 200.8 223.9 250.7 271.8 282
300.3 301.3 303.2 304.9 306 306.5 307.7 311.3 315.1 319.4 323.7 326.2 328.3 330.5 331.6 332.1 332.3 330.9 329 323.2 314.1 304.4 295.7 288 275.5 263 249.6 235.8 226 217.3 212.1 208.3 206.4 204.8 201.6 199 197 193.5 189.9 189.6 189.4 189.6 191 193 196 198 200.5 204.3 209 211.5 214.3 217.3 219.2 221.6 224 226.5 228.4 231.1 233.9 236.5 239.5 241.6 243.9 245.8 245.7 242.6 240.5 238.7 235.3 230.8 209.6 196.1 189.2 197.4 221.5 249 269.5 278.4
306.2 308 310.5 312.4 313.9 314.9 315.6 319 323.3 327.3 331 333.9 336 338.3 340.4 341.1 341.8 341.5 340.8 336.6 330.9 322.8 314.7 306.1 297.8 283.2 270.1 255.6 241.4 229.2 219.7 216.6 214.7 213 209.8 206.1 202 196.5 194 190.9 189.7 188.7 188.2 187.3 188.3 189.9 193.2 196.4 198.8 201.1 203.7 205.7 208 209.8 210.9 212.4 213.9 216.2 218.7 221.4 223.8 225.7 228.7 231.5 232.4 232.7 230.6 229.1 226.7 222 203.9 192.8 188.2 195.9 220.8 247.5 267.4 273.6
312.5 313.8 316.1 317.8 319 320.1 322.1 326.9 331.6 335.3 338.2 341.7 343.8 346.5 349.3 350.3 351.9 352.2 351.7 350.5 346.4 338.8 331.4 324.2 316.2 303.9 289.4 272.8 257.8 241.9 231.5 227 224.5 222.1 218.6 215.1 210.6 203.5 196.5 193.9 192.7 190.4 188.7 187.2 186.2 185.4 186.2 186 188.7 191.8 195.4 197.8 199.4 200.4 200.8 201.3 202.9 202.7 204.6 205.6 206.9 207.3 209.7 213.2 216.7 219.7 220.8 219.5 218.4 213.3 200 189.6 186.1 196.6 222.9 245.8 260.9 264.3
320 319.4 320.3 322.6 324.5 325.5 330.1 335.1 339.7 342.9 346.1 349.2 352.1 355 357.9 359.5 360.7 362.5 362.2 361.3 358.4 351.7 345.1 340.2 334.1 324.3 307.6 292 274.8 257.1 246.2 240.7 238.5 235.1 230 225.6 219.2 211.6 205.2 197.8 196.3 193.8 190.8 188.9 186.8 186 185.8 184.5 184.6 184.5 185.5 188.1 190.1 191.6 193 193.8 193.3 192.5 192.6 191.4 190.6 192.1 194.8 196.2 199.8 204.3 206.8 207.7 208.7 208.7 198.4 189 185 198 224.3 242.3 250.9 245.9
325.4 324.6 325 327.4 329.4 331.3 337.1 342.3 346.6 350.5 353.7 356.9 360.5 363.5 366.5 368.6 369.4 371.3 372.6 371.8 370.1 366.1 361.2 352 344.8 338.6 324.2 308 291.9 276.2 261.5 253.7 249.2 246.6 239.3 233.3 227.2 220 212.9 207.2 203.3 200.9 198.9 195.3 190.5 187.4 185.9 185.9 184.2 183.7 183.4 182.9 183.1 183.4 185.9 187.3 186.3 185.4 184.3 183.3 182.5 180.1 180.7 183.1 187.2 189.5 193.1 195.8 199.9 202 197.4 187.9 182 197.7 221 235.2 236.9 228.8
329.7 330.3 331.1 332.5 334.5 338.4 344.1 349.3 353.6 358.1 361.3 364.8 368.6 371.8 374.7 376.7 378.1 380.1 382.1 382.4 382.5 380.1 377.5 370.1 356 346.5 333.1 314.9 296.6 281.3 267.5 258.1 254.2 246.1 238.7 233.9 229.8 223.1 215.4 209.4 205.5 203.8 202.2 196.5 191 189.8 190.5 190 186.9 184.7 183.6 183 182.6 181.8 181.6 181.2 180.4 179.7 179.7 179.3 178.8 178.2 177.6 177.8 177.9 179.7 182 186.2 190.8 194.9 193.4 187 180.4 194.1 217 230.1 229.3 221.9
335.3 336.1 336.9 338.1 341.8 346.4 351.1 356.5 360.6 365 368.9 372.6 376.4 379.5 381.8 383.3 385.5 387.8 392.7 390.6 390.9 389.5 383.4 374.4 358.3 341.5 322.6 306.2 290.3 274.6 263.1 252.6 245 240.7 235 229.8 226 221.7 214.6 208 204.8 198.6 194 195.1 195.7 196.9 196.7 196.6 194.1 191.5 188.9 188.3 186.8 182.8 180.6 180.2 180.3 179.2 178.3 178 177.5 177.4 176.8 175.9 176.4 176.2 175.9 178.8 182.1 186.6 188 184.7 178.9 189.3 210.8 219.9 221.7 216.2
341.7 342.2 343.5 346.1 350.2 354.5 359.2 363.7 367.6 372 375.8 379.1 382.5 385.5 388 389.3 391.8 396.2 396.4 397.1 395.6 389.5 377.4 361 344.6 326.3 308.8 293.6 278.2 264.5 254.2 244.5 236.5 232.9 227.9 223.6 216.4 211.1 205.5 200.4 197.1 199.6 201.7 202.8 204.8 206 206.2 205.4 202.9 199.8 196.4 193.2 191.4 190.3 189.2 188.6 185.9 180.2 180.3 179 180.6 180 178.6 176.8 175.3 174.8 174.6 175 175.5 177.3 179.8 179.3 177.2 188.5 204.7 210 211.5 208.3
347.7 349.1 350.9 354.5 358.5 362.3 366.3 370.7 373.9 377.4 380.8 384 387.3 390.2 392.4 393.9 395.5 396.4 397.4 392.7 385.2 374.2 360.1 344.6 327.9 310.1 293.6 277.3 264.4 253.4 245.4 235.7 228.5 223 218.4 211.7 205.5 200.8 203.9 206 206.9 208.5 210.2 212.8 214.7 214.8 213.7 213 211.9 209.3 205.8 202.4 200.5 198.7 198.6 197.8 197.6 197.2 197.9 195.1 192.1 189.3 187.1 183.8 180.5 176.7 174.6 173.9 173.6 173.7 175 175.2 176.5 188 196.5 202.1 200.5 197
353.4 355 357.6 360.9 364.8 368.5 371.6 374.8 378.3 381.3 383.9 387.2 390 392.4 393.1 394 391.8 391.5 388 380.5 369.9 356.5 342.1 324 307.3 290.5 275 262.5 250.5 241.6 235.1 226 219.7 214.1 208.8 205.1 208.2 211.3 214.3 217.5 219.4 221.5 223.2 224.5 226.1 225.6 225.1 223.5 221.6 219.5 217.5 215.5 213.9 212.7 212.8 212 211.9 212.2 211.2 207.4 204.2 200.2 195.7 191.4 187.7 184.5 181.7 178.6 172.9 172.5 173.1 173.5 176.3 183.6 189 193 192.7 190.7
348.2 352.8 359.3 362.1 366.8 370.6 373.9 376.7 380 382.6 384.8 386.6 388.1 389.8 389.7 389.1 386.6 381.2 373.5 363 350.9 337 321.8 303.2 286.3 271 257 247 238.7 230.7 223.2 217.5 212 207.7 211.3 214.5 218.9 222.9 224.7 228.2 229.7 232.1 234.9 235.9 237 237.1 236.4 235.2 234.1 232.7 232 231.3 229.5 228.4 228.1 227.7 226.4 226 225.7 222.1 218.3 213.4 206.9 201.4 195.6 191.5 188.3 184 178.5 173.2 172.4 172.4 173.8 176 180 183.6 183.7 185.2
338.7 344.6 351.2 359.5 365.5 370 374.2 376.6 378.5 379.7 381.7 382.1 383 383.1 382.2 379.8 373.9 366 355.8 343 329.8 313.7 296.3 280.1 265.4 250.8 240.7 233.8 225.2 220 215.2 210.6 213.9 216.2 220.3 225.7 230.6 234.4 234.9 237.6 240.2 242.4 245.5 246.4 247.5 249.1 249 247.7 246.8 247 246.5 246.8 245.7 246 244.7 244.1 242.6 242.4 240.5 237 236.3 230.4 222.1 212 205.5 200.6 195.3 190.8 185 177.2 172.6 171.5 172.1 173 172.3 175.1 178.2 179.7
336.2 342 347.5 354.8 362.5 367.5 370.7 372.8 373.4 374.9 375.3 374.8 373.9 371.3 367.4 362.7 355.8 346 334 319.7 303.3 286.6 269.4 254.8 242.3 234.6 227.1 222.3 216.7 213.6 216.7 218.3 221.3 225.8 231.3 235.1 238.5 242.1 244.2 247.9 251.7 253.2 256.2 257.1 258.1 259.6 259.4 259.8 259.5 259.7 260.6 260.9 260.2 259 260.3 257.4 255.1 254.9 254.1 251.1 247 240.5 232.5 225 216.3 211.2 205.3 199.4 191.7 183.4 173.7 171.2 171.6 171.8 171.5 171.8 173.9 174.7
339 342.4 346.8 352.1 357.3 361.4 365.9 368.3 368.7 368.1 365.9 362.7 359.1 354.5 349.1 340.2 332.1 321.2 308.5 292 275.8 260 247.3 237.8 230.6 225.9 221.5 218.1 219.8 223 224.8 226.5 230.7 237 241.8 246.3 249.4 250.7 255.4 258.6 263.1 264.8 267.8 269.7 270.1 271.2 272.1 272.3 272.3 272.3 273.5 274.3 273.4 272.6 272.1 270.6 268.7 267.5 264.7 261.1 257.1 252 245.1 236.6 230.4 224.8 216.8 209.9 202.9 192.5 181 170.9 170.9 170.4 170.6 170.8 170.9 170.8
344.8 346.4 349.3 353.6 358.1 362.9 366 366.2 364.3 359.8 355 349.6 341.9 334.4 324 314.6 304.2 292.8 279.3 264.1 251.7 242.4 235.8 229.8 225.6 221.3 223.1 225.7 227.2 230.3 234.2 237.9 244.4 250.8 255.3 258.3 261.9 266.4 269.1 271.9 273.2 275.4 278 280.7 282.1 283.5 284.8 286.4 287.3 286.8 285.9 285.9 286.4 285.8 284.4 282.5 280.8 279.3 274.9 270.9 267.9 265.6 261 253.9 246.7 240.6 231.1 224.6 217 204.5 190.7 176 170.3 169.8 169.7 169.6 169.5 169
350.1 352.2 355 359.8 362.9 365.4 365.7 363.4 359.2 353.2 345.1 332.4 317.9 304.8 293.5 285.9 275.9 265.3 253.4 246.3 239.3 234.5 229.7 226.9 227.8 229.3 230.9 234.1 237.6 240.9 246.9 252.3 254.3 263.9 269.2 274 277.3 279.7 281.3 283.7 284.9 289 291.1 293.7 294.8 296.8 297.8 299 300.5 300.6 299.7 299 297.8 297.2 295.1 293.1 291.3 288.4 284.1 280.5 278.2 276.1 273.9 269.6 262.5 255.8 246.3 237.6 227 212.7 199.9 187.8 171.1 170 169.5 168.9 168.2 168.2
352.1 355.5 358.9 360.3 361.2 360.5 360 357.4 354 349.6 342 328.8 302.1 279.7 269.2 262.6 254.4 247.3 241.7 237.5 235.8 234.2 234 233.6 236.2 238.5 242.2 245.9 249.6 253.9 259.7 264.3 267.2 273.3 279.2 283.5 286.5 289.5 293 295.7 295 300.7 303.3 305.7 306.7 308 308.8 309.5 310.8 310.5 309.5 308.6 307.1 305.8 303.5 300.9 299.1 296.4 293.6 290.5 288.2 286.9 284.6 280.2 274.4 266.8 258.9 249.9 237.5 222.6 210 200.2 187.7 173.5 171.3 168.9 168.2 167.6
352.5 355.4 356 355.8 355.1 352.4 351.3 351.3 348.9 344.6 338.4 327.2 295.9 269.9 258.4 251.7 247.9 246.8 245.2 244.4 244.3 244.3 245.1 246.5 248.9 253.1 257.3 261.1 264.8 269.1 272.8 276.8 279.8 283 289.4 293.8 297.2 300.6 304.5 307.8 308.9 312 314.7 317.1 317.9 319.1 319.6 320.1 319.7 319 318 317 315.3 313.7 311.7 309.3 306.9 304.5 302.9 301.5 299.9 299 296.7 294.5 291.8 285 273.9 261.2 248.9 236.5 223.3 212 204.4 195.7 182 172.1 169.1 167.7
347.5 346.4 346.8 347.1 346.7 344.5 342.6 343.1 342.1 338.2 331.3 320.4 286.1 275.4 271 265.5 262.3 258.9 255.4 253.6 254.2 257.7 260.2 262.5 265.3 268.9 273 276.7 280.3 284.3 290 293.1 297.2 299.8 302.5 306 309.4 313.2 316.5 320.5 321.8 325.2 326.9 327.8 327.9 328.8 328.8 328.9 327.8 327.3 326.3 325.3 323.6 321.8 319.7 317.6 315.9 314.6 313.5 313.3 313.2 312.2 307.7 304.8 302.3 299.1 295.2 284 264.7 252.5 239.1 228.1 218.3 211.4 207.3 194.4 178.7 173.3
339.7 338.1 337.2 337.3 336.9 335.8 333.8 333.3 331.3 328.7 323 311.3 281.9 286.7 284.9 283.3 277.4 271.7 269.5 269.8 271.4 274.8 277.6 279.3 281.9 285.6 290.5 295.3 300.1 304.8 309.9 314.4 316.8 319.2 321.8 324.3 327.2 331.9 335 337.4 338.1 338.8 340 339.7 339.7 339.4 338.7 338.9 337.9 337 336 335 333.7 332.5 330.5 328.7 327.9 327.6 329.8 331.2 331.3 329 323.6 319.3 315.2 311.5 306 299.9 289 273.3 259.4 246.3 236.6 227.9 220 212.2 204.2 196.4
335.2 332.9 331.4 326.5 326.2 324.7 323.1 321.7 319.5 314.7 309.1 296.3 282.6 296.1 298.3 298.6 294.2 290.2 288.7 289.5 291.2 293.2 295.4 298.2 301.8 306.1 311.1 315.9 320.7 325.5 330.3 334.2 336.5 339.8 343.4 347.8 350.8 352.6 353.9 354.5 353.8 351.8 352 351.7 351.5 350.2 349.5 349 348.4 347.9 347.6 347.3 345.7 344 342 341.9 341.2 343.2 345.6 347.8 347.8 344.7 339.9 336.3 332.4 327.8 320.6 310.7 303.5 294 280.2 267 253.9 243 234.4 223.5 208.9 199.9
342 340.8 339.2 335 328.2 317.7 309.6 307.8 304 297.7 290.6 289.4 298.1 308.3 312.2 310.9 309.7 308.2 306.6 307.6 310.5 312.5 315.5 318.6 322.7 326.9 331.7 336.5 341.4 346.2 351.3 355.9 358.5 361 365.4 367.5 368.3 368.7 368.8 366.8 362.4 364 363.1 362.5 361.6 361 361 361.2 362.6 363.5 362.6 359.9 357.1 355.6 354.9 355.7 356.1 356.4 356.5 357.7 356.8 353.6 351.4 349 347.6 344.5 336.6 325.2 315.5 306.4 296.5 284.5 270.6 254.5 242.8 232.4 210.8 197.2
348.5 347.1 344.9 340.4 335.4 324.5 311.7 314.4 313 309.8 309.3 313 316.9 322.3 325.1 323.2 324.2 324.5 324 326 328.9 331.9 335.1 339.2 343 346.8 351.6 356.4 361.2 365 372.6 377.8 380.1 380.3 381 381.1 380.5 379.7 378.7 376.6 371.4 374.1 373.2 372.3 371.4 370.9 371.5 372.8 372.9 373 371.4 369.1 367.5 368.3 368.5 369.5 370.2 370 369.1 368.5 367 365.4 362.7 358.9 356.3 352.2 347 337.8 326.6 315.7 304.6 292.2 280.9 261.3 242.7 227.8 204.6 195.6
355.7 353.6 348.8 341 332.1 331.8 331.6 331.3 331 329.8 331.1 335.5 337.7 337.7 338.3 338.3 338.5 339.2 341 344.1 347.2 350.5 353.2 356.7 361.4 365.8 370.5 375.4 379.1 383.5 387.9 390.4 392.6 392.7 391.8 391 390.8 389.8 388.1 386.3 383.8 382.9 382.2 380.9 378.1 376.7 377.6 377.2 378.1 379.5 379.1 378 377.8 378.2 379.5 380.1 379.6 379.6 379 378.6 377.6 375.2 371.9 368.5 363.9 359.2 352.3 343.8 333.8 320.1 309.9 295.5 280.2 263.5 243.3 215.4 200.1 192.3
363.3 361.5 356.8 350.2 348.7 347.7 347.8 347.7 348.4 349.4 350.3 353.5 355.1 352 352.2 352.7 353.2 352.8 353.6 356.4 359.8 362.4 365.4 370.3 377.2 382.3 385.8 389 392.3 396.7 399.9 400.3 401 401.2 401 400.8 399.8 398.4 396.1 394.3 392.2 390.8 387.9 385.2 381.9 378.6 378.3 377.3 376.4 378.7 381.9 385.8 387.3 386 386.4 386.3 386.1 385.6 384.9 384.3 381.9 378.7 376.3 373.9 368.9 362.4 353.5 343.8 335.2 323.2 310.1 296.9 281.1 263.8 242.2 216.8 196.7 186.9
371.8 370 366.4 360.1 363.8 363.5 363.5 363.5 363.9 364.6 366 367.9 367.1 365.9 366.4 365.4 364.9 364.7 365.6 367.2 370.7 374.4 377.7 383.4 389.4 394.3 397.5 400.8 403.1 404.6 406.8 407.6 408.1 408.5 408.5 408.2 407 406 400.5 399.1 398.6 396.8 394.8 392.1 388.8 384.5 370.8 358.6 361.4 369.3 375 381.2 385.4 388.3 391 390.9 390.4 389.9 389 386.6 383.6 380.7 375.4 370.7 365.9 358.9 350.2 340.6 331.3 320.3 307.4 293.2 277.3 261.6 243.6 222.6 200.6 189.9
379.7 378.2 376 375.6 375.4 374.7 374.6 375 375.3 375.7 377.1 377.8 377.5 377.9 378.4 377.4 376.7 377 378 379.4 382.4 386.8 390.4 396.4 401.7 406.6 408 408.5 410 411.1 412.9 413.9 415.2 414 413.8 412.1 412 410.3 407.9 406.5 405.4 403.5 400.9 398.3 394.7 390.7 385.5 367.3 347.6 348.4 359.4 369.8 377.5 382.9 389.8 392.2 391.7 390.7 388.5 385 380.3 376.1 370.7 364 357.6 349.5 343.2 333.7 324 313.7 299.6 284.4 269.8 255.2 238.3 222.6 205 192.6
385.8 385.4 384.6 384.4 384.2 384 384.1 384.1 384.1 384.7 385.3 385.9 385.9 387.2 388.2 388.4 388.9 390 391.1 392.7 395.4 399.5 403.2 408.7 412.5 413.8 414.5 415.3 415.9 416.4 417.7 418 418.1 418.2 416.9 417.7 416.4 414.8 413.1 412.9 412.2 409.8 407.1 404.1 400.5 396.6 391.1 381.4 359.8 324.5 339.6 348.3 357 366.6 372.6 377.4 383.1 387.8 386.2 382.3 376.7 371.9 365.4 357.6 349.7 342.1 333.9 324.1 313.3 301 286.9 272.5 252.8 237.1 224.4 212 200.9 193
