app/static/ascii/SO38.asc
ncols 200
nrows 200
xllcorner 330000
yllcorner 280000
cellsize 50
[rows 70 to 104 of 200, columns 78 to 155 of 200]
222.3 213.9 233.5 241.8 241.4 237.4 233.1 228.9 222.2 218.2 214.8 210.2 207.2 203.8 200.3 196.8 194 190.8 190.1 186.9 184.2 182.6 183.2 179.8 174.5 188.5 192.9 195.3 197.3 199.1 200.4 201.7 202.6 205.1 207.2 208.8 209.8 209.7 209 207.4 205.6 202.7 199.5 195.6 191.5 186.3 180.5 175 172 169.1 166.5 164.3 163.6 165.4 164.6 163.6 162.4 162.7 164.1 167 169.5 172.5 176 187.4 202.5 209.3 215.7 220.2 219.9 216.1 212.6 210.8 212.1 208.4 199.9 208.6 223.4 236.8
207.4 207.5 228.8 239.9 240.8 238.2 233.5 228.7 223.9 218.5 214 209.3 203.3 197.8 193.9 190.5 187.5 185.1 184.1 182.8 181.5 179.7 181.5 176.7 174.4 184.6 187.6 189.4 191.4 192.4 192.7 192.8 195 197.4 199.9 201.7 202.8 203.9 203.3 202.6 201.2 199.9 197.4 194.3 189.1 185.1 180.8 175.8 171.2 168.2 166.3 164.5 162.2 162.1 161.8 166.9 164 166.1 170.9 177.8 182.9 185.5 182 184 204.6 214.2 219.7 222.7 226.1 226.1 223.6 223.3 224 219.3 207.5 214.5 235.2 248.8
196.4 211.7 232.3 238.2 239.7 238.5 234.2 231.2 226.2 221.2 216.3 210.5 206.1 200.4 196.3 193.2 188.3 183 179.9 177.9 177.9 176.6 176 172.7 174.7 180.3 181.5 183.3 185.3 186.6 186.5 186.2 187.5 189.7 191.8 193.2 195.1 197.1 198.4 198.5 198.3 197.5 195.3 192.7 189.2 183.7 181.5 176.3 171.7 168.7 167.4 166.2 163.3 161.6 161 173.4 177.4 181.4 187.4 192 196.1 198.7 197.1 192.9 190.6 201.5 208.2 213.9 223 228.4 230 231.2 233.3 231.7 221.1 214.4 236.3 254.3
192.8 217.7 229.1 233.8 237.7 238 236.4 233.7 228.4 222.6 216.8 211.1 206.1 201.9 197.7 193.8 189.9 184.4 179.3 176.9 174.6 171.8 172.3 170.5 171.9 174.4 175.9 177.7 179.4 181.5 182.2 182.9 183.8 184.4 185.1 186.7 188.4 190.4 192 194 195.1 194.3 193 190.9 188.4 185.5 181.4 177.2 173 169.6 168.2 168.2 164.4 160.7 166.3 180 186.5 192.2 198 202.3 205.6 208.1 207.8 206.5 203.4 202.6 204.3 211.8 221.2 228.5 234.2 238.6 242.3 245.6 240.6 225.8 224 248.6
193.1 210.2 218.7 226.5 230.9 233.8 235.4 233.3 226.6 219.5 214.7 210.4 206 201.6 196.9 192.7 188.9 184.5 180.1 177.3 173.6 171.2 168.9 168.4 169.4 170.3 171.5 173 174.3 175.7 176.1 176.8 177.6 178.4 179.7 181.1 182.5 184 185.6 187.6 189.9 190.9 190.6 189.2 187.3 184.5 180.5 176.5 172.5 170.2 169.2 167.6 162.7 160.6 178.2 184.2 190.3 196.8 202.1 207.8 211.3 213.2 213.8 215.3 216.6 218.2 220.2 224.7 228.6 234.8 240.6 247.1 253.8 260 263.5 248.8 232.9 231.2
187.6 195.6 202 209.7 218.7 222 222.2 219.6 215.2 211.8 209.1 206.4 203 200.7 196.5 192.1 187.7 183.1 178 174.6 172.8 170.8 168.1 166.3 166.4 167.6 168.1 169 170.4 171.7 171.7 172.1 172.8 174 175.1 175.7 177.1 178.4 180.3 182.3 184.2 186.2 186.9 186.8 185.6 183.7 179.5 175.2 170.9 168.9 168.8 166.5 160.2 166.1 178.4 185.6 192.4 198.2 204.3 209.8 213.3 215.6 217.8 219.9 222.3 225.6 229 231.8 235.6 241.2 247.8 255.4 263.4 270 274.4 278.2 263.1 250.3
177.5 183 188.9 194.8 198.9 201.6 205.6 204.7 204.2 203.1 202.3 199.6 197.8 197.7 196.1 191.7 186.8 181.9 176.2 172.3 169.4 166.6 165.9 162.3 164.3 164.7 165.2 165.5 166.7 167.6 167.5 168 168.8 170.1 171.7 172.1 172.5 173.4 175.2 177.3 179.5 181.3 182.1 182.8 182.2 181.2 178.5 173.7 170.7 168.5 167.6 162.7 159.7 174.7 179.8 186.7 192.7 198.5 204.6 209.8 214.1 217.8 220.2 223.7 226.3 229.7 233.6 236.7 240.4 245.9 252.4 259.8 267 272.5 276.9 280.7 283.2 285.9
168.7 172.1 176.2 180.3 184.6 188.9 191.5 193.3 193.4 194 194 192.8 191.7 191.7 191.6 188.2 185.3 179.8 174.7 170.6 166.9 164.1 162.9 163.5 164.3 163.2 161.7 161.3 162.8 163.3 163.9 164.6 165.4 166.5 167.8 168.7 168.9 169.3 171.4 173.3 175.3 176.7 177.6 178.5 177.9 177.3 174.9 170.9 169.2 168.3 166.6 162.3 159.6 176.7 182.5 187.4 193.6 199.2 204.5 208.6 212.1 216.1 220.3 224.9 228.5 231.1 234.3 237.6 242 246.7 253.4 260 265.8 269.5 273.8 277.6 281.1 287
164.1 164.8 167.6 171.5 174.9 176.7 179.5 181.7 184.1 185.2 184.8 185.3 185.6 185.6 184 181.7 179.5 176 172.1 168.5 163.8 162.5 159.3 161.8 162.2 162 159.9 160.4 159.6 160.2 160.9 161.7 162.4 163.3 164.4 165.3 165.4 165.6 167.8 169.8 171.3 172.9 173.6 174.4 173.8 172.9 170 167.4 166.1 167.1 165.6 160.9 159.1 172.3 182.3 186.7 191 197.3 201.3 203.8 206.9 211.9 218.2 222.8 226.1 228.1 232.2 235.9 240.3 244.2 249.6 254.4 259.2 264.3 269.3 273.5 277.6 283.2
159.7 159.9 160.8 163.6 165.5 167.5 169.8 172.2 173.9 175.6 176.6 177.8 178.3 178.1 176.8 174.7 171.7 169.1 167.4 164.1 162.1 160.1 159.3 160.5 160.9 160.5 160.5 158.3 159.5 158.8 158.8 159.3 159.9 160.6 161.2 162 162.2 162.7 164.3 165.8 167.3 168.8 169.7 170.6 170.6 168.9 167.2 164.3 165.9 167 165.9 161 159.1 164.5 177.8 182.9 186.8 191.3 195.4 198.8 202.5 206 211.4 216 219.9 225.3 229.4 232.7 236.2 240.1 243.1 247.5 252.4 258.8 262.6 268.3 272.8 277.2
157.6 157 156.9 157.7 158.8 161.6 163.2 165.2 166.5 168.2 168.7 169.6 170.3 169.5 168.8 167.3 165.1 162.9 161.8 160.9 159.4 158.6 158.6 158.5 158.3 158.6 159.5 157.9 158.1 158 157.8 157.6 157.5 158.2 158.5 159.1 160.2 160.3 160.7 162.3 163.2 164.8 165.6 165.6 165 164.5 164.2 162.7 164.4 164.5 163.6 159.1 158.5 161.5 171.9 177.7 181.5 185.2 189.2 194 197 200 203.4 208 213.2 220.2 225 228.3 231.8 234.6 237 242.5 247.6 251.5 255.9 262.1 267.7 270.3
155.7 155.1 154.5 154.5 154.7 155.5 157.1 158.5 160.7 161.2 161.3 162.1 162.3 161.1 160.7 160.2 159.2 156.8 156.6 157.8 158 158 158 157.9 157.7 157.1 158.4 157.2 157.3 156.9 156.7 156.5 156.3 156.1 156.3 156.9 157.2 157.8 157.6 158.7 159 160.5 161.4 161.8 162 161.9 161.9 160.9 161.8 162.1 161.5 159.4 159.6 160.6 166.1 170.1 174.6 178.1 184 187.6 190.9 194.2 197.4 201.5 208.1 215.6 220.4 224 226.7 227.9 231.4 236.3 240.5 244.7 251.2 257.3 261.4 263.3
154 153.6 153.3 153.1 152.9 152.9 153.9 155.4 155.5 156.4 156.2 155.6 155.3 155.3 155.4 154.5 155 154.3 155 156.4 157.3 157.4 157.3 157.3 157 156.5 156.5 156.3 156.4 156.2 156 155.8 155.6 155.3 155.3 155.2 155.2 155.3 155 155.5 155.8 156.9 157.4 157.9 158.6 159.3 159.5 158.4 158.1 158.6 158.4 157.7 158 160.3 162.2 163.5 169.6 171.3 177.4 181.6 186.4 190.2 193.3 197.3 205.2 212.8 217.2 220.4 221.4 222.6 225.9 229.8 233 238.6 243.2 250 253.8 256.4
153.4 153.1 152.7 152.5 152.3 152.3 152.2 152.3 152.8 153.8 154.2 152.8 152.3 152.2 152 151.9 152.4 153.1 153.9 155 155.8 156.2 156.4 156.6 156.4 155.8 155.9 155.8 155.6 155.5 155.3 155 154.7 154.4 154.4 154.5 154.3 153.4 152.7 153.1 153.9 154.7 155 155.5 156 156.5 156.4 156.8 156.8 156.9 157.4 157.3 158.2 160.6 163.2 165.2 167.7 170.1 173.9 178 182.6 187.8 193.8 199.8 208.5 213.3 216.4 216.2 217.5 219.2 223.8 226.8 232.8 238.6 242.9 245.8 251.1 256.3
153.1 152.7 152.5 152.3 152 151.8 151.8 152 152.5 152.4 152.3 151.7 151.5 151.2 151.1 151.3 152 152.4 152.8 153.5 154.2 154.7 154.9 155 155.5 154.9 154.9 154.9 154.9 154.7 154.4 154.1 153.8 153.5 153.5 153.3 153.2 152.4 152.5 152.8 153.7 154 154.3 154.6 155 155.5 156 156.4 156.6 156.7 157.3 157.4 159.4 161.8 164.5 167.2 169.9 172.8 175.5 179.2 185.8 193.7 200.5 208.1 211.7 214.7 215.6 214.4 216.2 219.2 222.3 225.7 234 236.4 241.5 248.8 254.1 258.3
152.8 152.5 152.3 152.1 151.8 151.6 151.4 151.8 152.1 152 151.7 151.4 151.2 150.9 150.7 151 152 152.4 152.6 152.9 153.6 154.2 154.4 154.5 154.4 154.1 154.1 154.3 155.3 154.2 153.6 153.1 152.6 152.2 152.1 152 151.9 151.6 152.6 152.6 153.1 153.5 153.9 154.3 154.9 155.3 155.5 155.9 156.1 156.6 156.9 158.2 159.7 162.4 165.2 168.5 171.7 174 176.9 182.4 189.7 197.2 204 209.5 212.9 214.6 214.6 212 212 215.9 219.7 227.5 234.6 240.3 245.5 250.9 255.1 259.5
152.8 152.5 152.2 151.9 152 152 151.6 152 151.8 151.7 151.5 151.4 151.2 150.9 150.6 150.5 151.2 151.7 151.9 152.4 153.1 153.6 153.7 153.8 153.8 153.4 153.4 153.8 154.6 154.1 153.2 152.6 152.2 151.7 151.5 151.3 151.2 151.3 152.3 152.3 152.9 153.3 153.7 154.2 154.8 155.4 155.5 155.9 156.3 156.5 158.2 160.1 162.2 164.6 166.6 167.8 169.9 172.6 176.7 182.1 190.3 198.1 203.8 207.2 210.3 211.8 212.2 211.3 207.9 213.1 219.7 226.3 231.8 236.7 241.7 247.5 254 260.8
152.7 152.4 152.1 152 152.6 152.1 151.9 152.3 151.8 151.6 151.5 151.4 151.2 150.9 150.7 150.6 150.6 150.8 151.1 151.8 152.4 152.7 152.8 153.4 153.1 152.7 153.2 155.2 155.9 154.9 154.1 152.7 151.8 151.4 151 150.9 150.8 151.1 151.7 152 152.6 153.1 153.5 154 154.6 155.4 157.4 158 158.1 158.2 159.9 163.3 165.3 167.4 169.6 170.8 172.2 174.5 178.3 183.9 191.4 197.3 202.3 204.6 207.1 208.4 208.7 207.7 203.9 209 215.6 221 226.2 231.4 236.2 242.8 250.5 258.4
153.9 153.7 153.2 153.4 151.4 151.4 151.4 152.6 151.7 151.6 151.4 151.4 151.2 151 150.8 150.7 150.8 150.8 150.8 151.1 151.5 151.7 151.9 152.9 152.4 152 153 154.4 155.4 155.7 154.8 153.9 152.3 151.2 150.8 150.4 150.6 150.9 151.2 151.7 152.2 152.8 153.3 154.3 155.7 157.1 159.2 160.3 160.3 160.3 161.8 164.4 166.8 169.5 171.7 174 175.8 177.9 181.2 187.2 192.1 196.1 199.7 202 203.5 204.5 204.5 203.4 199.5 205.4 211.6 216.2 221 226.3 230.6 237.8 245.9 252.1
155.1 154.2 154 152.9 151.5 151.4 151.4 151.4 151.4 151.4 151.4 151.4 151.2 151 150.9 150.8 150.9 151.3 151.7 150.4 150.6 150.8 151 152 151.7 151.3 152.1 153.7 154.9 155.7 154.8 154.8 153.6 151.8 151.3 150.4 150.3 150.5 151 151.5 152 152.5 153.3 155 157.2 158.8 160.7 161.9 161.8 162.5 163.6 165.5 168.1 170.8 173.5 176 178.4 180.6 183.7 186.8 190.6 194.6 197.6 199.2 200 199.8 199.8 196.9 198.7 204.7 209 212.5 216.6 219.2 224.8 232.2 238.8 244.9
157.2 156.8 155.9 155.1 153.9 152.7 152.6 152.3 152.3 151.6 151.4 151.4 151.4 151.4 152 151 151.2 151.4 151.3 150.5 150.4 150.4 150.7 150.8 151 151.3 151.6 152.7 154 155 155 154.8 153.9 152.6 151.8 150.3 149.9 150.2 150.9 151.5 151.9 152.3 153.5 154.4 156.6 158.7 160.7 161.6 162.1 163 164.8 167 169.3 172 174.8 177.3 179.8 182.5 184.9 187.6 191.1 193.8 195.8 197.2 196.7 196.2 194.7 192.1 198.6 202.6 205 207.6 209.4 211.5 218.6 225.9 231.2 236.5
162.6 162.2 160.5 159.3 158.8 157.1 155.7 154.6 153.8 153.3 153 152.4 151.4 151.4 151.4 151.4 151.1 150.8 150.8 150.7 150.5 150.2 150.7 150.7 150.5 150.3 150.7 151 151.9 153.2 154 154.1 153.4 152.9 151.8 150.3 149.6 150 150.7 151.4 151.8 152.1 153.6 154.4 156 158.2 159.4 159.8 161.2 162.5 165.4 168.1 170.5 173 175.5 177.6 179.7 182.1 184.8 187.9 190.5 192.5 193.4 193.9 193.3 192.3 189.4 192 196.2 198.2 198.8 201.3 202 205.7 211.7 218.8 224.1 229.6
170.2 169.3 166.5 164.8 164.6 162.3 160.9 159.4 158.4 156.6 155.2 154.4 153.8 153.3 151.4 151.4 151.4 151.4 151.2 150.9 150.8 151 150.2 150.4 149.9 149.5 149.9 149.7 149.8 151.2 152.6 153.1 152 151.6 151.2 150.3 149.2 149.9 150.6 150.9 151.4 151.8 153.3 154.3 155.3 156.5 157.8 158.3 160 162 164.9 168 170.7 172.9 175.1 177 179 181.6 184.7 188.2 189.7 190.9 191.3 192 190.7 188 185.7 190.2 190.9 192.6 194.7 193.6 197.6 202 206.4 211.5 217.3 218.6
178.1 179.7 181.1 182.4 178.7 175.8 173.6 171.4 168.3 164.7 161.5 159 157.9 156.5 154 152.1 151.4 151.6 151.5 151.5 151.3 151.9 150.6 150.1 149.8 149.6 149.1 149.7 149.6 149.4 149.8 151.6 151.1 150.6 150.2 149.3 149.2 149.7 150.1 150.4 150.8 151.3 151.6 152.9 153.5 154.7 156 158.1 160.3 162.3 165.4 168 169.4 171.5 173.6 176.1 178.3 181.7 184.2 186.9 188.5 189.2 189.7 189.7 187.9 184.5 183.7 185.5 185.6 186.4 187.9 190.1 194.1 196.3 198.6 201.7 205.5 205.5
187.6 190.4 190.2 189.4 187.4 187.7 186.8 183.3 178.8 174.4 170.7 167.1 164.4 163 158.6 155.2 154 153.1 151.5 151.5 151.5 151.5 151.5 151.2 150.6 149.6 149.6 149.6 149.4 149.2 149.1 150.5 150.3 150.2 149.4 149.4 149.3 149.3 149.6 149.9 150.2 150.6 150.9 151.4 151.7 153.5 155.6 158.2 160.6 162.5 164.2 165.9 167.2 169.3 172.1 175.4 178.6 182 184.5 185.8 187.2 187.6 188 187 185.1 181.8 180.7 180.4 180.5 180.9 182 184.8 186.3 188.2 190 191.4 192.2 193
197.3 198.2 198.4 197.2 195.4 196.6 197 194.6 189.7 184.4 180.2 176 172.4 174.2 169.6 163.3 158.8 158.1 155.1 153 151.5 151.5 151.5 151.5 151.5 150.8 149.6 149.4 149.3 149.3 148.8 149.4 149.4 149.4 149 149 149 148.9 148.9 149.3 149.5 149.8 150.1 150.5 150.8 152.9 155.4 157.7 159.6 160.8 161.6 164.1 166.9 170.5 173.4 177.1 180.2 182.7 184.9 185.7 186.1 185.7 184.7 183.5 181.6 179.2 177.7 176.9 176.4 177 177.7 178.4 180.6 181.7 183.2 184.7 186.8 189
203.7 204.8 205.9 206 204.5 204.6 203.5 201.5 197.7 193 189.9 180.4 181.7 184 179.3 173 167.4 161.9 158.6 156 154.2 152.5 151.7 151.5 151.5 151.5 151.5 151.1 150.4 149.9 149.4 149.3 149 148.8 148.7 148.6 148.6 148.5 148.5 148.5 148.8 149 149.3 149.7 150 151.5 153.8 155.3 156.5 158.6 161.9 164.7 167.5 171.4 174.8 178.6 181.6 183.7 184.9 185.4 184.9 183.7 181 179.8 177.9 175.8 175.1 174.5 173.8 174.1 175.1 176.5 178.5 181.3 184.5 187.8 191.6 194.4
209.7 210.6 211.6 212.7 213.5 212.1 210.7 207.6 204.3 200.5 192.6 185.6 192.6 190.2 184.7 177.8 170.9 165.3 163.1 160.5 157.8 155.8 154.5 153.6 152.7 151.6 151.5 151.5 150.8 149.7 149.5 149.2 148.9 148.7 148.4 148.5 148.4 148.4 148.4 148.4 148.4 148.4 148.6 148.9 149.2 150 152.2 153 154.8 158.3 162.1 165.4 168.1 172 176.2 179.4 181.8 183.4 184.5 183.9 182.9 181.4 178.8 176.1 174.5 172.8 172.3 171.9 172 172.8 175.1 178.3 180.1 183.1 186.5 189.9 194.4 199.5
215.6 216.5 217 217.6 218 218 217.3 214.1 210.7 205.3 193.8 196.6 198 193.9 186.1 179.5 172.5 170.4 167.3 165.2 162.6 159.9 156.9 155.4 154.4 152.9 151.5 151.5 151.5 151.2 150.3 149.2 148.8 148.5 148.3 148.6 148.5 148.4 148.2 148.2 148.3 148.6 148.4 148.3 148.6 149.2 150.3 152.1 154.5 158.2 161.9 165.3 168.3 172.5 176.3 178.9 181.3 182.4 183.2 182.4 181.1 179.3 176.6 173.8 172.6 171 170.4 170 170.9 174.1 177.1 180.4 182.8 185.1 188.2 190.9 196.6 202.8
221.4 221.4 221.4 222 222.3 222.1 221.4 219.5 215.8 206.1 200.5 201.2 196.3 189.9 184.6 182.2 178.6 175.9 172.8 169.9 167 162.8 159 156.7 155 153.5 152.4 151.7 151.5 151.5 149.8 149.3 148.9 148.4 148.1 148.3 148.6 148.5 148.6 148.7 148.5 148.3 148.1 148 148.2 148.7 149.7 151.6 154.7 158 161.2 164.6 168.3 172.6 175.9 178.5 180.9 181.8 181.6 180.3 178.9 177.2 174.7 172.9 172.3 171.3 170.5 168.5 170.8 174.8 178.2 182.2 184.2 187.9 190.4 195.9 202.6 207.7
226.4 226.3 225.8 225.6 226.1 225.3 223.4 220.5 216.2 209.9 204.1 198 193.7 189.5 188.4 185.2 180.1 175.2 173.5 171.1 169 164.1 159.9 157.7 155.9 154.9 153.8 152.9 151.9 151.5 151.4 149.9 149.1 148.7 148.2 147.9 148.7 148.5 148.3 148.1 147.9 147.8 147.6 147.7 147.8 148.5 149.4 151.3 153.9 157 159.8 164.1 167.9 172.2 175.7 178.2 180.1 180.7 178.7 177.6 176.3 174.8 173.1 172 171.8 171.7 169.7 167.4 169.5 173 176.8 181 187.4 192.3 197.4 202 207.7 213.4
230.7 230 229.1 227.9 228.2 226.9 224.8 221.3 216.3 210.6 205.5 203.4 199.8 198 191.7 187.9 181.8 174 172.7 170.2 167.1 163.3 159.9 158.3 156.9 155.7 154.5 153.2 152.2 151.5 151.5 151.1 150.1 149 148.7 148.8 148.7 148.8 148.1 147.6 147.4 147.5 147.6 147.7 147.8 148.1 149.1 150.8 153 155.4 158.3 162.5 166.8 170.9 174.3 176.2 177.5 175.6 175.1 175 173.7 172.3 170.8 170.4 170.3 169.3 167.6 167 170.6 176.3 180.9 185.8 191.5 197.1 202.2 208.3 214.1 221.2
234.2 233.5 232.4 231.2 229.5 227.1 224 220.1 216 212.8 211 209.6 207.2 202.2 195.5 189.2 182.5 175.2 170.5 166.5 164 162.6 159.6 158.2 156.8 155.6 154.5 153.4 152.6 152.1 151.5 151.3 150.2 149 149.1 149.5 149.6 149.2 148.9 147.6 147.5 147.5 147.6 147.7 147.9 148 148.7 150.4 152.1 153.7 156.8 160.3 164.1 168.7 172.2 173.9 175.8 174.4 173.3 172.6 171.4 170.4 168.6 168.3 168.2 166.5 165.3 170.4 175.7 180.5 185.5 191.2 197.2 202.8 207.5 216.4 224.6 232.7
238.1 236.9 235.1 233.1 231 227.7 224.1 222.2 218.7 215.9 213.7 211.4 207.6 201.2 195.5 187.1 179.8 173 168.3 165 162.6 161.5 160 158.1 156.8 156 154.6 153.9 153.1 152.3 151.5 151.5 149.8 149.1 148.9 149.3 149.1 148.8 148.1 147.9 147.7 147.6 147.6 147.8 147.9 148.1 148.3 149.9 151.3 152.5 155 158.2 161.8 165.6 168.1 169.6 170.1 170.6 170.6 170.3 169.4 168.2 166.4 166.4 165.4 163.7 167.7 172.8 179.4 185.7 191.1 197.2 202.2 211.4 218.8 227.5 236.9 246.3
240.6 239 236.7 234.6 232.1 229.3 225.9 224.3 220.8 218.9 216.9 213.3 207.5 200.6 195.4 181.4 171.7 169.2 167.1 164.9 163.3 161.6 160.5 159.7 159.1 158.7 157.5 156.3 155.2 153.7 152.2 151.5 149.8 149.2 148.9 148.7 148.2 147.8 147.8 147.2 147 147.5 147.4 147.2 147.6 148 148.3 149.1 150.4 151.6 153.2 156 159.6 163.5 165 166.3 167 167.6 168 167.7 167 165.1 163.2 163 163.2 167.7 173.5 177 180.6 188.8 197.5 207 215.3 223.6 229.7 242 252.4 261.9
