app/static/ascii/SO39.asc
ncols 200
nrows 200
xllcorner 330000
yllcorner 290000
cellsize 50
[rows 0 to 34 of 200, columns 78 to 155 of 200]
346.1 348.4 350.1 347.5 339.5 331.7 317.6 300.1 289.3 275 270.4 267.5 264.9 266.6 269 269.6 269.6 270.3 271.1 270.3 270.9 273.2 273.5 275.7 277.9 280.6 287.3 300.3 325.8 346 343.2 326.7 309.4 298.2 291 284.8 280 278.5 274.9 280.5 288 311.9 322.1 323.1 320.8 301.1 283.8 278.7 277.6 284.9 308.3 334.6 356 365.6 367.1 369.6 370.8 367.8 360.5 370.4 386.2 406.6 418 431.4 444.4 456.3 468.5 478.3 483.5 487.9 488.3 484.2 474.3 465.5 460.2 454.3 447.4 441.8
353.5 353 349.7 345.1 336.7 316 305.4 299.8 288.8 274.9 270.3 269.7 268.3 270 271.8 272.2 271.9 273.5 273.6 271.6 273.5 275.5 275.4 276.9 278.9 281.6 287 301.3 327.8 349.2 337 320.9 309.9 302.1 295.2 290.8 284.6 282.5 280.2 287.4 301.3 324.6 337.4 342.6 340.3 319.2 298.4 295.6 284.8 282.9 297.1 319.5 334.9 339.5 340 341 339.6 342.2 352.2 372.6 394.9 409.1 422.8 438.7 452.9 461.8 470.5 478.6 482.4 482.3 481 475.7 468.2 459.9 456.3 448.1 442.5 436.8
361.7 356.3 350.7 342.3 327 307.9 297.3 291.5 283.1 275.4 271.4 272.9 272.7 273.9 274.9 275.2 274.5 276.1 276.2 275.5 276 277.6 278.1 278.5 279.8 282.5 287.9 299.6 324.3 341.8 328.9 318.6 312.2 307.3 302.9 297.7 289.8 289.6 293 297.9 318.1 336.5 349 357.7 358.7 339.3 328.2 315.8 301 288.1 289.8 295.8 301.4 308.6 315.4 323.9 332.4 344.9 364.1 379.4 397.9 419 438.5 453.9 460.3 467.1 473.3 485.8 483.8 480 475.7 471.9 462.6 455.5 450.3 443.4 437.6 431.6
370.6 363.5 355.8 342.2 328.1 311.7 294.9 284.4 280 273.9 271.8 275.1 275.9 276.8 277.8 278.4 277.5 279.2 278.4 277.7 278.2 280.1 281.2 280.9 281.3 282.5 288 297.5 314.2 323.5 318.7 317.2 314.4 312.7 310.6 306.5 297.6 301 306.5 319.7 333.4 348.4 360.6 370.2 372.2 366.6 354.2 340.7 323.4 306.9 296.4 296.8 300.4 306.5 318.9 333.1 341.8 360.4 382.1 402 407 429.1 451.3 462.8 468.8 474.6 487.4 488.8 483.6 479.1 472.9 461.6 453 450.6 444.6 438.3 431.8 426.6
382.7 373.1 358.2 339.3 322.7 314.1 298.5 284 278.6 274.1 275.8 277.6 278.7 279.6 280.1 281 282.2 284 283 282.5 284 283.4 283 285.3 285.8 288 288.1 290.4 296.1 301.9 306.6 309.7 314.2 317.7 322.1 317.9 309.2 309.9 320.2 339.4 351.5 358.5 371.1 380 383.7 387.1 383.6 367.7 344.8 326.4 313.4 306.2 309.8 326.2 339.4 353.7 368.8 381.3 403.7 423.2 433.8 444.8 461.3 469.4 475.3 483.1 491.4 487.9 483.2 477.2 470.7 463.6 455.3 444.9 434.9 429.8 426.3 422.6
387.6 377.8 359.1 336.1 316 304.7 294.1 284.4 278.8 277 279 280.2 281.4 282.2 284.1 284.4 288.7 292.2 293 295.1 300.1 292.4 286.9 290.2 293.4 301 303.1 301.5 299.2 299.1 300 305.9 312 320.1 331.3 332.9 319.8 316.1 327.9 347.6 359.3 369.3 380.8 389.5 395.6 398.9 401.9 391.3 368.5 347.8 332.1 322.9 316.9 335.8 359.4 378.2 397.1 412.8 425.5 443.1 457.3 465.3 469 475 480.3 490.8 491.5 486.1 480 473.9 467.3 461.3 455.3 448.2 439 432.3 426.8 420.8
387.2 376.3 356.7 334.3 312.8 297.3 289.8 283.1 278.7 279.3 280.5 281.3 282.5 285 289.3 298.9 304.1 308.7 313 320.6 319.2 305.3 297.5 297 305.2 317.5 322.9 317.9 308.4 305.3 302.1 304.7 311.2 320.7 330.7 335 333.1 332.3 337.5 356.7 372.9 382.1 391.1 398.7 406.2 410 412.9 413.2 392.3 370.1 352.8 341.1 334.1 335 352.1 378.5 411.2 441 454.4 466.2 472.6 474.7 476.5 479.9 484.2 492.1 489.3 481.6 475 470.8 464.6 459.6 454.7 448.5 441.6 433.9 428.6 422.1
385.7 372.9 353.3 328.9 306.8 294.3 285.8 282.4 282.4 281.8 282.3 283.1 285.4 296.6 311 318.2 325.2 335.2 340.5 338.8 333.1 323.2 300.6 306 315.6 327.7 330 327.5 322.1 316.4 307.3 306.9 315.9 328.9 336.1 340.4 343.8 346.3 349.1 369.1 387.6 394.1 402 409 414.9 419.2 422.1 423 418.7 395.8 376.9 364.6 355.8 352.6 358.2 379.9 413.9 448.2 471.7 475.8 478.2 479.7 481.1 484 487.6 489.3 485 476.2 471.2 467.7 462.7 459 454.1 448.8 442.5 436.4 430.6 423.8
382.8 371.5 351.7 323.4 303.5 292.8 285.1 285 285.5 284.9 286.6 291.1 299.7 317 337.9 346.1 353.8 355 353.9 349.1 343.5 330.4 314.3 311.1 328.3 335.5 337.2 335.2 330.6 323.1 313 311.8 318.5 334.9 341.4 346 352.9 357.6 365.5 383.5 396.3 402.5 409.3 416.1 420.8 424.7 427.1 429.5 430.9 425.7 410 394.1 381.6 376.8 378.3 402.5 425.2 455.8 475.6 479.1 481.7 483.9 485.7 488.2 489.4 485.7 479.6 471.2 466.9 462.9 460.6 456.8 452.2 446.7 441.7 437.5 430.9 423.8
382.1 370.4 348.5 321.8 303.3 290.8 286.8 288.6 289.1 291.3 299.5 313.3 313.9 332.5 349.1 358.3 361.2 363.4 363.4 357.9 351 341.7 327.6 328.6 330.2 343.5 345 341.4 335.6 328.4 322 317.5 319 322.5 330 343.1 355.5 364.4 378.3 393.6 401.8 406.8 412.9 418.1 422.7 426.8 430.3 433.1 437.1 440.8 441.7 430.6 416.3 413.1 406.4 426.1 446.9 464.3 477.9 482.2 485.2 487.3 489.6 490.9 488.4 480.7 472.3 465.7 462.2 459.8 456.9 453 449.1 444.7 440.2 435.7 429.2 421.2
377.9 366.6 341.3 317.9 303.1 290.6 289.5 292.3 297.2 307.9 323.3 339.6 334.5 343.9 355.5 363.4 365.6 367.8 368.4 364.5 356.7 351.6 342.7 345.4 348.8 351.1 351.4 347.3 342.5 336.1 329.3 323.5 320.9 328.5 337.2 334.6 343.4 348.1 378.3 398.4 404.4 409.1 413.2 418.7 423.2 427.8 432.8 437.7 442.4 447.2 449.5 450 449.1 446.2 443.6 438.8 457.6 475.7 481.4 485.2 488.9 491.1 492.7 492.4 485 475.7 467.4 461.9 457.8 454.9 450.8 447.9 444.3 440.1 436.3 431.4 425.3 417.8
373.3 362.1 340.6 317.6 302.9 293 292.7 298.9 310.6 323.3 339.7 352 345.6 352.1 359.7 364 366.2 368.5 368.6 367.1 361.9 359.2 356.4 356.6 359 359.6 358.9 353 348.2 343.3 335.9 334.6 332.8 345.7 357.2 352.8 344.1 347.4 356.6 372.5 391.2 390.6 399 417.6 425 430.5 436.3 441.7 446.7 450.4 453.4 454.8 457.4 461 463.5 464 471.5 480.2 486.1 489.9 493.3 495.2 496.4 492.4 482.5 471.2 463.7 459.3 454.6 450.6 446.8 443.2 439.4 435 430.7 425.3 419.5 413.7
368.9 357.3 339.4 322.1 307.7 299.7 297.8 308 322.2 334.8 348.9 356.3 353 357.3 361.8 364.1 366.3 367.3 367.4 368 366.3 364.6 362.5 363.4 365.7 364.9 361.4 356.1 353.2 348.4 342.2 344.6 342.8 356.3 366.2 373.2 376.2 368.7 359.4 364.1 376.3 393.4 410.6 419.6 427.8 434.2 440 445.5 449.8 453.3 456.8 460.3 463.3 466.6 470.5 474.4 479.4 484.9 490.1 494.5 497.8 499.4 497.6 492.8 482.4 469.7 459.7 455.1 450.2 446.1 442 438.3 434.4 429.3 424.4 418.1 412.7 407.8
368 356.4 342 328.5 317.6 311.8 320.6 317.7 328.2 338.1 350.6 355.2 358 360.4 361.4 363.5 364.3 364.7 365.8 368 373 368.7 366.1 366.6 368.3 364.6 361.1 356.2 354 351.5 350.6 351.3 352.8 361.8 371.5 377.1 385.4 390.9 388.1 384.6 389.8 403.6 414.3 422.7 430.6 437.3 443.2 448 451.2 455.2 458.7 462.7 467 471.6 476.3 480.4 484.9 489.7 495.1 500.1 502.9 502.6 498.5 492.8 482.1 468.3 457.1 451 446.6 441.5 437.5 433.4 428.8 423.7 418 412.2 406.9 401.7
366.3 357.2 345.3 337.3 331.2 329.7 336.2 335.7 333.7 342.8 351.2 356.8 359.3 361.3 361.7 362.7 362.3 361.8 363.2 366.7 369.2 369.9 367.6 366.1 363 360.3 356.8 355.7 353.5 354 355 357.4 360.3 366.9 374.1 382.2 390.3 395 396.9 401.1 397.8 407.9 416.1 423.9 430.8 437.4 442.9 447.8 451.6 455.5 459.4 464.6 470.1 475.3 480.4 485.4 490.5 495.1 500.4 505.7 506.8 504.2 499.3 491.7 479.6 466.3 455.1 446.6 442.9 437.6 433.8 429.2 424.2 418.4 412.7 407.1 401.4 396.6
364 357.1 350.9 346.7 342.9 343.8 341.3 338.7 339.6 350 354.7 357.5 359.5 360.9 361.2 360.3 359.7 358.3 360.1 363.9 366.2 369 367.4 363.9 359.6 356.2 354.1 354.1 353.8 356.3 357.9 361.1 367.6 373 378.2 385.3 393.5 399.4 403.2 407.3 410.3 412.1 418.7 425.2 430.2 436.3 441 445.7 450.1 454.4 459.2 465.8 472 477.8 483.2 489.2 495.5 500.5 507 510.6 508.5 505.1 498.9 489.3 477.4 464.2 453.7 445.4 439.3 434.1 430.1 425.1 420.3 414.7 408.8 403.9 398 392.4
363.4 358.2 354.2 350.5 348.6 348.5 343.2 340.9 345.5 355 355.8 357 358.9 359.5 358.8 357.6 356.7 355.7 356.6 360.7 363.8 367.2 366.7 361.2 355.7 352.8 352.4 352.5 354.6 357.7 360.5 365.8 371.5 377.1 382.9 390.9 398.3 403.7 408.7 412 415.7 418.5 422 426.6 431.3 435.8 440.6 445 449.7 454.4 459.7 466.3 473.1 479.6 485.9 494.1 500.5 506.5 518.6 514 510.2 505.3 498.8 487.2 475.4 462.4 453.1 445.3 437.4 431.5 426.4 421.5 416.8 411.3 406.2 401.3 395.4 390
362.5 357.2 354.9 351.7 351.4 348.4 343.5 343.3 351.4 354.8 354.9 356.6 357.7 357.1 355.8 354.3 351.9 351.9 353.3 357.7 361.1 364.4 361.1 355.7 353.6 350.7 351 352 355.4 358.9 363.4 368.1 374.2 381 389 396.3 403.3 407.7 413.5 415.9 419.7 423 426.4 428.8 432 435.7 440.2 444.8 449.6 454.4 460.2 467.1 473.9 481.7 490 498.2 505.3 511.2 520.5 515.7 510.5 504.5 496.7 485 472.7 461 452.8 445.4 437 430.1 423.6 418 413.4 408.5 403.4 398.4 392.9 388.2
358.3 353.9 353.3 352.2 351.8 346.8 340.5 347.1 354.5 353.3 353.4 354.9 355.2 353.3 351.2 349.3 347.8 347.9 350.6 354 356.2 356.9 353.2 349.8 349 348.7 350.2 352.8 356.2 360.4 365.8 370.6 377.5 385.2 392 400.8 407.2 413 416.9 420 423.9 425.6 426.8 428 431.5 435.3 439.5 444.3 449.5 454.4 461 468.1 475.2 484.1 493.5 501.5 509.2 515.2 521 516.1 510.4 503.3 494.2 482.9 471.5 460.6 453.1 445.6 436.7 428.6 422.4 416.3 409.7 404.7 399.8 395.1 389.9 385.4
350.7 349.6 349.8 350.5 349.6 345.1 338.2 349.4 351.3 350 351 352.1 351.8 350.3 347.8 345.3 344.6 345.8 348.7 351.1 352.7 349.1 347 346.8 346.6 346.7 349.6 353 356.9 361.2 367.3 372.8 379.7 387.3 395.9 403.8 410.3 415.2 417.4 421.2 423.6 424.3 425.4 426.1 430.2 433.9 438.3 443.5 448.9 454.6 462 469.1 476.9 485.5 495.9 503.9 511.1 518 522.6 515 509.7 502 493.1 481.8 470.5 460.4 453.1 445.8 436.8 428.4 421.1 414.2 406.9 401.2 395.5 391.1 386.4 382.4
344.7 344 346.2 347.7 346.9 344.1 338.8 347.2 348.3 347.4 348.3 349.2 348.9 347.5 345 342.3 341.5 343.4 347.2 349.4 347.7 345.4 344.8 344.3 345.6 346.5 348.9 352.5 356.7 361.4 368.8 375 382 389.5 398.1 405.3 412 414.5 416.5 419.4 420.4 421.3 422.1 424.2 428.6 432.5 437.2 442.9 448.3 455 462.4 469.9 478.6 488.9 497.4 505.3 512.2 518.5 523.2 515 508.7 501.7 493.7 481 470.1 460.7 453.9 445.3 436.8 428.1 420.1 412.6 405.1 398.9 392.5 386.7 382.3 378.5
335.7 339.3 344.4 345.9 343.5 340 337.7 346.6 345.6 344 344.3 345.3 346.2 344.1 341.7 339.4 339.6 342.3 346.7 346 344.4 343 342.8 342.5 344.2 346.3 348.6 351.5 355.3 362.4 369.6 376.8 383.7 390.7 399.1 404.8 407.7 409.6 412 413.8 414.9 416.7 418.6 422.3 426.3 431.1 436.6 442.3 448.5 455.5 463.3 471.6 483 491.2 498.5 506.6 512.9 518.9 522.3 517.1 511 502.8 494.6 479.9 469.4 461.3 454.5 446.4 438.1 428.7 419.6 411.3 403.5 396.6 389.3 383.6 379 375
331.5 338.6 343.5 342.8 338.9 333.9 337.6 343.5 342.3 340.8 341.3 342.3 343.3 341.2 338.9 336.6 338.4 342 345.5 343.5 341.6 340.8 341.2 341.9 344 346 348.4 351.1 354.3 358.3 367.3 375.2 381.8 388.8 394.5 398.5 401.7 403.8 405.6 407.1 408.9 412.5 416.4 420.3 425 430.2 435.8 441.7 448.3 456.2 464.8 475.2 485.7 492.6 499.9 507.9 515.3 520.8 522.2 518.9 512.3 504.2 494.6 482.6 469.9 462 456.1 446.9 438.2 429.4 420.5 411.2 402.7 394.3 386.1 380.3 375.1 371.5
330.3 337.9 341.9 339.7 334 328.4 338.4 340.5 339.4 338.3 338.5 338.9 339.6 338.6 336.4 335 338.9 342.3 343.1 342.5 341.4 340 340.8 341.8 343.8 345.8 348.2 350.9 354.2 356.9 361.7 370.4 376.9 383.7 388.1 390.4 391.9 394.7 397.6 402.3 406.7 410.6 414.9 419.5 424.6 430 435.5 441.7 448.8 457.2 466.3 474.6 484 492.4 500.8 508.9 516.6 522.8 523.8 519.2 512.5 505.7 496.3 486.2 473.4 464 456.6 449.8 440.9 432 422.8 411.7 401.5 390.4 380.5 375.4 371 367.9
329.7 337.3 339.4 336.2 326.1 329.2 336.9 336.9 334.1 332.8 331.6 334 335.2 334.3 332.1 335.5 338.5 339.6 337.1 338.7 339.7 339 339.5 341.5 343.6 345.7 347.9 350.4 353 356.4 359.6 364.2 368.1 371.5 376.1 380.1 384.7 390.4 396.2 400.8 404.8 409.8 414.9 420 425.2 431 436.6 442.3 449.4 456.3 463.6 471.8 481.8 491.7 500.5 508.5 518.3 524.4 524.9 519.9 513.5 507.3 497 486.5 474.1 466.1 459.3 451.9 443.7 433.8 422.6 409.7 399.7 388.3 376 370 366.9 364.4
328.4 336.2 336 327.8 323.8 330.3 334 332.1 329.2 327.7 328.6 331.6 330.4 328.2 327.7 332.9 335.9 333.6 334.8 336.7 338.1 337.4 338.4 340.6 342.7 344.9 347.6 350.5 353 356 359.4 362.8 367.6 369.4 375.2 380.1 384.6 389.8 395.6 400.3 405.1 409.8 414.9 420.3 425.6 431 436.4 442 448.8 455 461.8 470.2 480.2 489.1 498.1 508.5 519.3 526.6 525.5 521.4 515.7 508.1 497.1 485.8 475.6 468.2 461 453.3 443.5 432.6 419.8 407.2 395.8 384.1 372.9 364.8 362.7 360.8
324.4 333.2 332.2 324.5 322.7 326.6 329.7 326.2 322.2 322.8 325.3 325.5 325.2 324.4 324.5 329.8 332.2 333.5 334.1 335.3 335.8 336.7 338 339.7 341.9 344.2 347.1 350.2 353.2 356.2 359.5 362.7 366.4 371.1 375.8 380.3 384.3 389.1 395 399.9 405.3 409.8 415.3 420.7 426.1 431.4 436.6 441.8 447.6 453.8 460.4 468.6 477.8 487 496.6 506.8 520 528.7 526.1 521.2 516.3 506.1 495.3 485.1 477.1 469.6 461.6 452.3 441.4 428.7 415.8 403.9 391.4 379.3 368.5 362.1 359.5 357.5
321 327 329.2 327.1 319.6 323.9 326.1 321.3 319.7 321.1 322.5 321.8 320.8 323.1 329.9 333.2 333.9 333.2 333.7 333.6 335.7 336.8 336.7 338.5 340.6 343.1 346.4 349.5 352.6 356.1 359.5 362.6 366 370.4 375.1 380 384 388.4 394.4 399.9 405.2 410.9 415.8 420.6 425.9 431.1 436.3 441.6 447.1 453.3 459.6 467.3 476.2 485.8 495.6 505.7 520.1 525.7 524.3 518.9 512.9 501.6 493.3 484.8 476.5 467.2 459.8 449.2 437 424.7 411.8 399.4 386.8 374.2 363.7 359.2 356.3 354.3
320.6 325.9 327.4 324.3 320 318.6 320.3 317 316.7 320.1 319.4 319.3 323.9 330.8 336.7 338.3 336.2 333.6 331.8 331.7 333.2 335.1 335 337.1 339.1 341.3 345 348.1 351.2 354.5 358.6 362 365.4 369.6 373.7 379 383.3 387.9 393.6 399 404.2 410.8 416.6 421.5 426.3 431.1 436.1 441.3 447 453.5 459.8 467.2 475.7 485.7 495.7 505.8 517.9 523.1 521.2 516.4 507 497.5 489.7 481.9 473.4 464.4 454.1 443.9 431.9 419.8 407.2 394.4 381.6 370.2 361.8 356.5 353.7 351.4
323.3 328.6 328.8 322.2 319.2 315.5 315.8 314.4 314.8 316.2 318.8 325.2 330.9 334.9 339.2 339.3 336.9 333.3 330.4 330.3 331.2 332.4 333.9 335.9 338 340.3 343.3 346.5 349.5 352.7 357.4 360.6 364.1 368.3 372.7 376.8 381.6 386.7 392.6 397.7 404.3 411.2 417.3 422.1 426.9 431.8 436.6 441.5 447.1 453.7 460.5 467.8 476.4 486 495.9 506 518.4 523.3 519.4 512.6 502.7 493.8 486.2 477.6 469 457.6 447.4 436.5 425.2 412.8 400.6 387.4 374.8 365.7 359 354.9 351.5 349.3
325.2 329.6 330.1 325.6 320.9 316.4 311.9 312 312.2 315.7 320.9 326.1 330.7 334 337 337.6 335.9 332.9 329.2 328.1 330.5 331.6 332.9 334.7 336.8 339.2 341.8 344.9 347.9 351 355.4 359.3 362.9 367 371.2 375.1 379.3 384 390.3 397.2 404.2 410.1 416.2 422.1 427.5 432.3 437.3 442.6 448.1 454.8 461.9 468.9 477.9 486.1 494.8 504.6 526.2 520.7 514.4 506.8 498.5 489.9 481 472.1 461.3 451 439.9 428.8 417.5 405.7 393.9 381.2 370.8 363.6 358.3 354.1 351 348
326.9 332 329.5 324.1 321.6 319.7 311.9 310 310.9 314.1 319 325.7 329 332.2 335 335.6 334.5 332 327.4 328.4 329.9 331 332.1 333.5 335.7 338.2 340.7 343.4 346.5 349.6 353.4 357.5 361.6 365.5 369.5 373.4 377.6 382.6 389.8 397.6 404.5 411.5 418.4 422.4 428.9 433.5 439.9 445.7 450.9 456.7 464 471.1 479 486 495.2 504.6 514 515 510.4 502.6 493.5 484.4 475.6 465.4 455.1 444.6 434.1 423 412.1 399.5 389 378.6 369.6 363.4 358.2 353.8 350.5 347.5
328.5 332 326.5 320.3 316.1 314.8 310.6 309 311.1 312.6 317.2 321.6 326.2 329.8 331.7 332.6 332.5 329.7 324.3 328.4 329.1 330.3 331.4 332.6 334.7 337.4 340.1 342.7 345.7 349 352.4 356.5 360.3 363.5 367.8 371.8 375.9 383 391.2 398.7 405.8 412.8 420.1 425 430.3 436.1 442.7 449.3 456.3 461.8 467.4 473.7 480.3 488.6 497.4 505.7 510.7 510.1 504.9 496.6 488.4 478.7 468.8 458.2 448.2 439.2 427.8 417.5 406.5 395.8 386.3 376.7 368.4 362.6 358.3 354.4 351.1 347.9
332.4 330.4 322.1 312.8 309.1 308.6 308.2 308.5 311 311 312.8 316.9 321 324.4 327.1 328.5 328.6 324.7 326.9 328.6 329.4 331 330.5 331.6 333.6 336.7 339.4 342 344.8 348.4 351.7 355.3 358.7 361 365.3 369.9 375.9 384.1 391 398 405.8 414 421.6 427.4 433.6 440.1 447.1 454.2 462.5 467.9 472.9 479 483.9 491.9 500.1 505.8 507 503.7 498.5 491.4 482 471.7 460.3 449.1 440.7 432.7 422.9 412.5 402.1 392.1 383.8 375.7 368.6 362.9 359 355.1 351.7 348.6
333.7 327.9 317 308.4 307.1 306.8 306.6 306.3 308.6 308.4 309.8 314.9 317.7 320.7 322 323 320.8 325.2 327.5 328 329.2 330.5 333 329 332.1 335.5 338.8 341.4 344.1 346.8 349.2 352.2 357 360.2 365.1 369.7 376.1 382.6 387.9 394.3 403.8 413.5 422.4 430.5 437.8 444.8 451.8 458.9 466.3 472.3 477.4 482.2 487.6 495.1 502.1 504.1 501.7 497.6 492.1 483.5 473.8 462.5 449.5 440 433.1 425.9 417.8 407.7 397.9 390.2 382 374.9 368.6 363.6 359.7 355.8 352.5 349.7
