app/static/ascii/SO41.asc
ncols 200
nrows 200
xllcorner 340000
yllcorner 210000
cellsize 50
[rows 114 to 151 of 200, columns 0 to 85 of 200]
55.6 55.4 57.5 61.2 65.4 69.6 72.6 73.1 71 71.2 75.8 79.4 78 73.3 70 67.3 62.8 56.2 63.1 65 71.8 71.9 70.1 68.2 67.4 66.8 66.4 67.3 67.9 68.4 68.9 68.8 68.7 68.8 68.6 69.6 71.2 72.6 75.2 78.3 84 92.1 103.8 90.4 75 66.8 60 57.3 50.8 56.6 63.4 70.8 68.2 63.2 59.2 58.7 56.5 55.5 53.5 50.3 48.1 45.2 43.3 41 41.6 42.9 49.5 58.3 74 77.9 69.6 62.7 58.1 53.4 50.3 49.1 55.7 64.8 70.2 64.8 59.3 55.3 53.7 49.4 43.1 41
55.8 55.6 57.8 61 64.6 69.1 72.5 74 72.8 73.9 78.3 81.8 80.5 75.5 70.3 66.4 57.1 65.7 73.6 72.5 72.4 71 68.9 66.8 65.7 65.1 64.7 65.1 65.8 66.2 66.5 66.9 67.4 67.8 68.3 69.9 71.5 74.4 79.6 83.7 88.8 96 100.4 88.9 73.3 66.3 62.6 58.5 54.1 60.6 67.2 70.4 67.3 64.1 61.1 59.5 56.4 55.9 53.7 50.7 48.1 45.9 43.7 42.1 41.9 41.6 47.5 60.8 75.1 74.5 67.6 59.6 54.9 51.2 48.6 46.9 54.8 63.5 64.4 59.4 55.7 52.8 50.7 49.8 44.9 40.8
56.5 55.9 58 60.7 64 67.6 71.4 74.2 74.7 75.8 79.4 82.1 81.3 78 71.8 65.7 57.5 67.8 73.4 74.3 72.3 69.4 67.7 66 64.5 63.6 63.3 63.4 63.8 64.4 65 65.6 66.2 67 68.7 70.5 72.8 76.9 83.3 89.6 96.4 104.8 100 87.8 78.1 69.4 62.3 55.3 55.3 64.1 70.6 70.1 67 64.3 61.9 59.1 55.7 54.1 52.4 49.2 46.5 44.2 42.5 42.5 41.6 40.9 43.4 54.8 70.8 68.9 63.5 56.8 51.3 48.7 46.6 45.9 52.3 58.2 58.5 54.1 52.1 50.1 47.8 48 45 40.2
55.7 57.1 58.9 61.7 65 68.6 72.1 75.4 77.2 77.4 79.7 81.3 80.7 78.4 72.3 65.5 56.8 67 72.4 71.1 68.9 67.1 65.4 65.1 63.5 62 62.1 63.1 64.1 64.3 64.5 65.4 66.1 67.2 68.6 70.3 73 77 82.8 89 97.6 107.3 100.6 87.4 73.8 66.2 58.5 66.1 57.7 67.5 72.8 68 64.3 62 59.8 57.4 55 52.9 50.4 47.6 45 44 45.8 44.6 41.8 40.9 41.2 43.6 55.1 64.3 58.4 53.2 49 47.1 45 43.6 46.3 49.7 53.5 51.3 48.6 47.4 45.5 44.2 43.5 39.2
57 58.6 61 63.4 67.1 71.4 75 77.8 80.2 80.4 79.8 80 79.4 76.9 72.2 66.4 60.4 62.1 68.8 66.8 65 63.7 63.4 63.7 62.1 61.2 63 64 65.8 66.2 66.3 65.7 66.2 67.2 68.6 70 72.8 75.6 80.2 86.3 94.8 104.4 102.8 91.6 80.6 68.1 64.6 67.5 65.1 72.6 73.1 66.7 63.2 60.2 57.6 55.3 53.5 52.4 49.6 47.1 44.2 46.4 47.2 44.3 42.4 41.5 41 40.7 44 59 54 49.9 46.8 44.4 42.1 41.3 41.1 42.2 44 43.2 42.4 44.2 42 40.4 39.3 39.4
58.6 60.8 64.9 67.8 71.2 75.6 77.8 78.8 80.5 80.4 78.6 78 78.1 75.9 71.7 66.8 61.9 57.1 64.4 62.6 61.4 60.9 60.7 60.8 60.8 63.4 64.5 65.3 68 69.2 68.8 68 67.2 66.9 68.3 69.8 71.7 74.3 77.6 83.5 90.7 99.1 106.1 97.4 85.4 71.1 68 64 71.9 78.5 75.8 68.8 64.1 60.1 56.7 53.8 51.5 50.2 48.8 46.7 47.6 50.1 49.4 47.2 44.8 42 41 40.5 40.5 48 50.4 46.8 44.3 41.8 40.9 40.5 40 39.3 39.2 38.5 39.6 40.1 38.8 38.2 38.3 38.5
59.8 64.8 70 73 74.2 76.2 76.5 76 75.3 74.7 73.4 73.9 75.6 75.8 73.4 68.6 63.5 60 58 58.6 59.2 59.7 61 62.8 66.8 68.6 68.3 66.6 68.9 71.4 71.2 70.3 69 68.4 68 69.7 70.8 73.3 75.7 80.4 86.4 94.7 103.5 102.2 88.9 77.4 69.6 76.6 83.2 85.5 78.7 70.9 65.1 60.1 56.1 53.5 52.7 50.8 47.9 47.8 51.2 52.9 50.8 48.9 44.9 42.1 43.1 41.4 40.6 42.6 43.5 42.5 41.5 40.7 40.4 39.7 39.4 40 40.3 40 40.3 40.6 41.1 44.1 42.2 40
61.7 67.9 74 75.4 74.5 73.9 72.9 71.9 70.4 69.4 68.9 69.9 71.6 73.4 73 70.4 66.3 62.6 59.6 60.2 61 61.7 64 67.7 72.7 76 72.3 68.8 69.8 73.4 74.1 72.6 71.6 70.6 70.1 69.5 70.4 72.3 74.6 77.9 83.5 92.2 102.3 105.8 91.4 78.7 79.1 86.7 91.8 85.3 77 69.6 64 59.6 55.9 55.7 54.6 52.1 48.5 50 53.6 54.3 51.7 47.9 44.3 52.7 53.5 48.9 44.6 40.6 41.2 40.4 40.2 39.7 39.4 39.8 40.3 41.3 46.9 48.6 50.2 51.5 53.2 52.7 52 50.5
63.5 69.5 74.7 75.5 72.7 71.3 70.1 68.8 67.6 66.5 65.9 66.5 67.8 68.7 69.7 69 67.3 64.2 61.7 62.4 63.8 63.4 65.4 71.6 79 80 74.5 70.7 72.2 77.7 78.6 77.3 74.8 73.6 72.2 71.7 71.5 72.3 73.9 77 82.6 91.2 101.9 108.9 95.4 84.1 86.7 94.6 89.9 82.7 74.6 68 63.3 59.3 57.4 57.1 55.3 51.8 49.4 52.2 55.7 55.4 51.9 48.2 51.7 64.2 66.6 60.9 56.1 49 44 40.7 41.6 41.4 41.2 38.5 42.8 41.7 54.1 62.1 62.1 60.7 58.1 58.2 58.6 55.2
64.3 69.1 71 71.2 70.1 69 67.6 66.2 65.3 64.9 64.5 64.8 65.6 66.4 67 67.3 67 65.3 63.1 66.5 67.7 66.2 66.4 72.6 80.1 80.1 75 72.4 74.6 81.6 84.5 83 80.8 76.8 74.7 73.6 72.9 73.4 74.3 77.1 83.1 92.1 102.8 112.1 104.9 93.5 96.9 97.1 87.9 79.6 72.1 66.5 62.9 60.7 59.1 57.8 55.1 51.2 52.2 55 57.7 56 51.9 46.2 59.5 72.2 70.6 63.1 57 51.4 48.2 45.9 49.8 46.8 45 44 47.6 45.8 53 64.7 70.3 67.3 63.1 61.9 59.3 55.5
64.2 67.8 68.9 67.9 67.1 66.6 65.9 64.8 64.2 63.8 63.7 64.2 65.2 66.4 67.3 68.2 69.3 66.8 64.1 68 71.3 69.5 68 72.2 79 80.3 77.3 75.6 75.8 82.6 88.6 89.9 86.5 81.3 78.5 76.2 75.3 74.8 75 78.1 84.9 94.2 104.9 113.4 112.4 105.5 103.6 95.1 85.4 77.2 70.8 66.6 64.3 62 60.3 57.3 53.8 53 55.2 57.8 57.8 54.3 51 50.6 65.1 75.3 70.1 61.9 55.4 49.8 46.5 52.2 55.1 51.8 52.3 60.2 57.3 50 52.6 66 75.3 71.7 66.8 62.9 58.9 54.6
63.8 66.2 66.5 66 65.3 65.1 64.6 63.6 63.3 63.7 64.3 65 66.2 67.7 69 71.2 71.8 67.6 65.8 69.9 74.1 72.6 69.8 72.5 78.1 81.9 80.9 79.5 78.7 82.8 89.4 93.6 91 86.7 83 80.6 78.5 75.9 75.8 78.8 85.4 95.1 105.6 113.4 114.5 110.1 101 91.1 82.6 76 71 67.3 64.4 61.7 59.1 55.9 52.4 57.6 59.7 60.5 57.4 52.4 53.9 60.2 70.6 77 69.7 61 55 50.2 46 53.4 57.9 58 61 65.2 59.9 51.4 55.7 67.9 76.6 71.4 65.6 60.4 57.6 54.3
63 64.3 64 63.9 63.4 63.3 63.4 63.4 64 64.8 65.6 66 67.2 69.1 71.3 73.5 73.4 67 66.6 70.8 75.2 74.9 72.1 73.2 79 84.2 84.4 84.3 83.3 83.6 90.2 96.8 95.9 92.7 88.2 83.9 79.7 77.3 76.6 79.6 84.9 93.8 104.4 112.8 114.9 112.1 101.2 90.5 84.9 79.4 72.4 67.4 63.2 60.6 58.1 54.3 57.7 61.6 62 60.6 56.5 51.8 57.1 64.6 75.7 80 70.3 60.3 54.7 50.7 49.2 55 60.9 67 68.4 67.3 59 50.1 60.6 72.3 75.5 69.7 64.1 57.3 59.3 60.8
61.9 62.8 62.9 62.4 62.3 62.6 63.5 64.6 66.5 67.7 67.8 68.2 69.1 71.3 74.3 75.3 72.5 67.4 68 71.2 75.9 76.8 73.8 75.4 81.3 86.6 88.7 89.5 89.9 88.7 91.8 99.2 99.1 94.3 88.5 83.9 82.1 79.7 78.3 80.3 84.4 90.9 101.2 109.9 112.1 109.3 101.6 95.3 88.5 79.3 72.5 66.8 62 59.4 56.9 57.5 61.1 64.2 63.4 61 57.5 55.8 60.7 67.3 78.8 81.9 71.6 61.2 56 51.6 52.2 56.8 65.1 73.8 72.9 66.3 58.1 57.8 70.6 77.5 74.1 68.9 65 63.7 64.3 63.7
61.1 61.2 61.6 61.5 62.4 63.5 64.7 66.8 69.7 71.3 71 70 71 75.1 78 75.5 71.2 69 72.2 74.7 77.4 78.3 76.4 78.4 83.7 89.4 92.4 94.2 95.4 93 94.2 99.7 99.8 94.8 88.9 86.2 86.2 83.7 80.7 80.1 81.9 87.5 95.9 104.9 107.9 106.3 102.6 97.2 88.4 78.9 71.9 66.1 61.4 58.3 59.1 61.6 64.6 66.1 64.1 60.7 55.6 60.4 64.8 71.8 83.9 81.4 70.9 61.6 56.5 54.4 57.3 60.7 69.3 76.1 73.1 64.2 58.6 68.9 81.7 80.8 74.8 70.3 68.3 66.2 65.5 64
60.5 60.5 61.2 62.2 63.8 65.2 66.7 69.3 73.2 74.7 73.4 72.1 74.4 78 78.4 74.5 70.2 71.6 74.6 78.7 80.4 81.1 80 79.9 85.4 92.6 95.4 97.5 98.4 95.3 98.3 102.2 100.2 95.4 90.4 90.6 90.1 86 84.4 83 82.6 85.7 91.1 98.3 102.8 104 101.8 96.9 88.5 78.9 71 65.4 61.2 61.5 62.5 64.9 67.6 66.7 62.6 57.6 59.4 64.1 69 78.6 87.4 79.4 69.2 61.4 56.4 61 62.7 65.9 75.1 79.4 73.7 64.9 65 80.3 86.9 82.8 75.2 71.3 68.2 65 62.2 61.1
60.6 60.7 61.5 63.7 65.7 67.6 68.6 71.9 75.9 77.1 74.8 74.8 78.1 81.5 79.4 74.3 72 74.2 77.6 81.7 85.1 84.8 84.1 83.1 84.6 91 96.3 100.2 100.8 98.9 102.3 103.8 100.7 96.3 94.4 94.6 92.2 89.6 88.8 86.8 85.1 85.8 89.2 94 100.3 103.6 94.1 94.5 89.5 80.1 71.4 65 61.8 64.4 66.5 67.8 68.1 66 62.3 60.2 62.1 66.3 72.9 83.8 87.2 78.7 70.2 64.1 56.3 64.6 68.8 73.4 80.6 84 74.8 64 77.1 87 88.2 82.5 75 69.3 65.7 61.9 59.2 54.4
61 62 64 66.3 69.1 71.9 73 75.1 78.8 79 77 77.3 81.6 83.4 81 74.6 76.9 77.6 80.4 86 91.1 90 90.7 88.8 87.1 92.9 98.5 101.9 103.2 102.7 105 105.3 102.3 98.8 98.5 96.9 94.8 93.1 93 89.5 88.6 88.3 88.8 91.4 95.3 100.3 93.2 83.7 89.7 83.4 72.8 66.7 64.4 66.3 69.2 70.3 69.4 66.7 64.6 62.8 64.8 70.9 74.8 83.7 85.3 78 70.2 64.3 62.9 67.8 74.7 82.8 89.6 82.6 70.9 71.6 86.5 90.5 87.9 81 73.2 67.7 63.3 60 57 57.3
62.9 65.4 67.7 71.1 73.8 76.4 77 78.3 81.5 80.5 78.8 79.4 83.4 84.9 82.9 74.5 82.6 81.4 84.6 90.4 95 94.2 95.5 93.7 90.9 94.8 101.2 104.7 105.4 105.1 105 104.8 103.5 101.5 101.2 99.6 98.1 97.3 96.4 93.4 92 90.6 88.2 86.4 88.8 93 90.5 76.1 83.7 84.4 75.7 72.9 69.6 69.8 72 72.8 72.1 70.1 68.7 67.3 69.5 79.3 84.4 86.7 85.5 78.5 71.3 67.2 69.2 74.8 83.5 92.8 97.7 92.1 79.9 80.7 89.5 90.6 86.3 79.5 72.9 67.3 64 62.7 65.5 62.3
64.9 68.8 71.8 75.4 78.7 80.9 81.2 81.9 83.3 81.5 80.1 80.5 83.2 83.2 80.6 79.8 87 87.7 92.3 95.4 97.6 97.7 99.2 99 98.2 99.6 103.1 106.2 106.3 103.9 102.9 103.2 102.8 102.8 103.7 102.4 100.5 100.1 98.1 95.4 92 90.2 86.9 82.1 82 85.8 84.3 75 74.8 85.6 84 81.9 75.2 73.3 75.1 75 75.4 75.1 73.5 72.7 75.4 83.4 82.7 83.1 82.8 78.8 73.3 72 75.5 82.6 93.3 101.9 106.1 100.3 88.3 88.1 98.3 92.6 87 83.4 78.2 70.2 68.8 71.9 68.9 66.3
67.2 70.9 74.1 78.3 81.6 84.9 85.3 85.1 84.2 82.4 82.1 82.2 82.9 81.4 77.7 81.9 87.7 92.1 98.3 100.2 101.4 102.4 103.2 102.7 102.4 103.2 105 106.3 105.1 102.6 101 101.2 101.3 102.2 103.6 103.5 101.1 100.1 98.4 93.9 89.2 88.5 83.5 80.6 74.7 79.2 79.6 72.9 70.1 82.9 90.1 88.4 79.6 76.5 76.7 73.4 75.9 77.1 77.2 77.4 77.4 79.2 75 78 81.2 76.9 74.3 75.5 81 89.8 100.2 107.6 111.4 105.1 99.1 101.4 102.3 95.9 91.3 88.9 82.6 74.7 74.9 74.7 71 69.6
67 70 73.8 78.6 84.2 88.2 89 88.1 85.1 83.7 84 83.8 83.1 79.6 80.4 83 87.5 93 103.2 103.1 104.6 105.9 105.6 105.1 105.4 105.8 106.5 106.4 104.4 101.3 98.6 98.4 98.1 99.5 101.3 101.6 99.4 97.9 97.1 92.5 86.8 79.9 76.7 73.8 70 69.2 70.3 68.8 67.7 78.9 88.2 89.7 84.6 79.1 75.4 69.7 74.1 75.8 75.7 73.2 71.3 72.4 70.6 77.5 80.3 74.6 71.3 75 83.6 93.2 102.6 106.4 108.1 104 97.8 102.4 104.2 99.6 95.8 91.7 86.2 79.9 78.9 75.2 72.6 72.1
68.1 70.2 74 79.8 86.3 91 92.5 91.9 90.5 88.8 88.2 86.9 83.6 78.4 83.4 85.3 88.6 94.5 99.8 104.2 105 104.5 104.1 103.8 105.2 106.6 106.8 106.7 104.9 102.7 99.5 95.9 94.7 96.6 97.5 98 97.1 95.6 95.3 93.4 90.5 86.4 83 80 76.7 74.9 72.2 68.5 61.9 70.9 78.7 86.3 88.6 83.1 75.6 68.5 69.4 70.5 71.3 70.3 67.7 66.6 68.2 75 75.1 72 68.6 73.4 83.3 91.4 98.8 100.1 102 97.9 90.2 94.1 102.6 100.5 96.6 91.7 86.9 82.7 79.9 74.8 71.9 71.8
69.4 73.4 77.9 84.3 90.7 95 97.2 96.7 95.6 93.8 91 87.9 84.1 79.9 85.7 88.7 90.7 96.4 100.7 101.8 101.5 100.6 100.4 102.3 104 105.8 107.3 107.1 106.1 104.3 101.2 97.7 93 92.4 94.1 95.2 94.4 92.7 92.2 92.2 91.6 88.3 83.1 79.9 77.3 75.5 73.4 69.9 63.3 62.2 68.5 77.1 85.3 84.2 76.5 70.1 64.4 63.9 65.3 67.5 66.6 62.9 65.1 69.5 70.7 68.4 65.6 71.6 82 88.3 92.1 94.1 95.9 90.9 83.5 85.4 97.1 96 94.5 90 84.8 80.3 78.3 73.5 70.4 70.2
71.7 76.3 82.4 89.1 95.8 99.8 101.6 101.3 100.5 97.4 93.7 88.7 84.7 83.6 86 90.8 94.2 97.1 98.5 98.5 97.8 96.5 98.2 100.8 102.9 104.7 107.2 107.3 106.2 103.6 100.1 96.6 93.4 89.7 88.5 92.2 93.1 90 89.1 89.6 91.3 89 81.8 77.5 74.8 71.1 69.7 67.1 67.1 63.3 58.8 65.4 74.9 78.8 77.4 71.4 66 61.5 59.4 63.7 63.7 60.6 61.9 64.6 67.5 65.1 62.3 67.5 78.2 84 85.3 89.4 89.1 82.8 77.8 78.5 87.1 89.7 89.9 87.7 81.8 76.6 74.8 71.8 69.2 68.9
73.8 79.7 86 93.6 100.7 104.6 105.7 105.2 103.4 100.3 95.7 90.1 86.2 86.1 87.5 90.9 94.5 94.7 95.1 95 94.2 94.9 97.7 98.3 100.3 103.4 105.8 107 105.7 103.4 99.6 96.1 93 90.2 87.2 86.9 91.7 90 85.9 87.6 92.1 90.8 86 83.6 80.8 80.1 76.7 73.8 71.1 67.5 61.8 56 63.4 69.8 75.2 71.2 64.7 61.9 56.1 61.4 62.1 58.2 57.6 60.9 63.8 62.5 59.6 63.1 70.8 74.9 78.8 85.4 81 75.6 71.7 73.4 84 83.3 85.1 84.9 79 73.3 71 69.8 68 68.2
76.6 82.9 89 96.7 103.7 107.5 107.6 106.9 105.2 102.8 97.8 92 88.5 88.7 90.9 92.6 93.2 91.3 91.3 91.4 92.8 95.4 96.2 95.5 98.3 101.8 103.8 105.5 105.2 103.5 100.2 96.8 93.9 91.7 89.2 83.9 85.1 88.4 84 85.7 91.9 92 89.2 86.8 85.1 85 81.5 76.7 73.7 70 65.7 59.9 54 62.2 70.8 69.7 64.3 60 55.7 59.7 60.2 56.7 53.8 55.9 58.2 58.3 56.8 57.4 62.1 68.8 78.6 85 79.5 73.2 67.9 66.9 76.4 72.9 81.2 79.6 73.2 70.6 68.3 68.3 66.7 67.8
78.2 84.6 90.5 97.6 104.6 108.1 107.8 107.7 106.7 105 100.7 95.3 92.6 91.8 93 93.6 93.4 91.6 89.2 88.2 90.7 94 94.1 93.1 95.6 98.7 99.9 103.3 102.4 101.7 99.5 97.6 95.1 94 92.1 87.6 82.4 80.2 82.1 83.1 89.8 90.6 88.2 86.7 87.5 88.4 84 78.4 74.6 70.9 67.7 65 60.6 51.9 62.7 64.5 62.1 58.2 54.7 56 57.9 54.7 51.3 50.9 51.5 53 52.7 55.5 61.6 70.1 80.2 84.4 78.9 72.5 67.1 62.6 63.4 70.4 77.8 75.3 68.1 66.4 65.9 68.1 65.9 66.6
79.5 85.2 90.6 97.5 104.3 107.5 107.4 107.7 107.1 106 102.1 98.5 95.4 93.9 93.4 93.4 92.6 92.1 89.9 87.1 87.5 89.6 92.3 91.4 90.8 93.4 95.2 99.1 100.6 99.6 96.8 95.9 94.7 94.8 93.4 89.2 84.5 79.1 77.5 76.9 84.2 87 87.2 84.7 87.7 90.5 84.5 76.1 72.2 70.4 67.3 65.5 62.9 56.3 52.3 56.1 58.3 57.2 54.1 53.1 53 50.2 47.9 46.4 46.9 47 48.8 54.2 59.4 66.6 74.2 78.7 76.7 73 68.5 63.6 59.4 67.9 73.6 71.3 65.1 61.1 64 67.8 65.4 65.5
80.2 85.6 90.9 97.5 104.5 106.8 106.5 106 105.9 105.9 104.5 99.9 95.3 93.1 93.1 92.3 91.6 91.1 89.9 87.2 85.2 85.6 88.4 89.5 88.8 87.5 88.8 93.7 98.2 97.5 94.4 93 94.4 95.3 94.2 91.7 88.3 82.5 77.7 74.6 75 81.9 85.5 82.2 85.8 90.2 83.3 73.3 70.7 69.6 66 62.6 61 55.3 50.6 49.5 49.6 50.3 50.2 49.7 48.6 47.2 47.7 48.5 47.7 47.5 45.9 50.1 54.4 58.7 64.4 69.1 70.8 73 70.1 63.9 55.8 61.2 68.7 67.1 62.4 59.1 63.7 68.5 66 64.6
80.8 85.8 91 97.8 104.7 106 105.3 104.9 104.9 104.9 103.9 99.6 95.6 92.6 91.3 90.7 89.4 88.8 88.1 86.1 84.2 83.3 84.2 86.2 86.3 85.1 85.1 88.2 92.4 94.5 92 89.8 91.7 93.7 94.5 92.8 90.3 86.4 82.8 78.1 70.5 73.6 79.3 79.6 81.1 87.7 83.9 75.5 67.8 68.2 65.4 60.1 54.8 51.3 52.3 52.7 51.5 50.4 49.3 49 47.5 50.2 51.5 52 50.6 49 47.2 45.7 45.8 49.8 55.5 59.8 66.6 74 70.4 64 56.5 54.2 62 62.9 58.6 56.2 61.6 66.7 66.8 65.9
81.2 85.9 91.1 98 104.2 105.4 104.4 103.9 103.8 103.5 102.8 99.4 95.2 90.8 89.2 88.3 87.1 86.1 84.5 83.5 82.9 82.2 81.8 82.7 82.9 82.5 82.7 84.4 87.8 90.5 89.1 88 88.9 91 93.1 93.8 90.7 86.5 81.7 75.4 72.5 69.2 69.2 74.9 75.6 82.3 83.1 75.7 67.8 64.4 63 58.1 50.9 58.3 59.8 57.2 54.3 52 51.8 50.9 53 53.8 55.2 54.7 53.3 51.6 50 48.2 46.6 45.4 46.9 53.1 63 68.9 67.9 63.3 57.6 50.8 56.8 61.7 57.7 53.4 58.2 62.2 65 66.9
81.6 86.5 91.9 100.1 105.4 104.9 103.8 103.8 104 103.7 101.7 99 95.3 92.1 89.6 87.7 86.3 85.2 84.2 83.5 82.3 81.2 81.1 80.5 80.6 80.6 80.8 81.1 83.9 85.5 86 85.2 86.1 88 91.9 94.3 91.6 87.6 81.9 80.1 81.2 75.1 65.9 69.9 70.9 75.4 76 73.8 69 63.8 57.9 53.9 56.5 67.8 65.6 60.3 56.7 55.7 56.2 54.3 57.4 57.7 57 57.3 56.2 54.3 52.8 51.8 50.2 47.9 45.4 44.7 51.2 56.6 58.7 58.3 55.2 48.7 53.2 58.8 56.3 51.2 54.2 57.4 61.4 64.2
82.6 87.9 94.3 102.8 105.7 104.4 103 103.6 105 105.3 103.9 101.6 98.3 95.5 92.9 90.7 88.6 86.9 86.2 84.8 83.8 82.7 81.2 80 79.3 79.1 79 79.4 80.5 82.5 82.9 83.2 84 87 90.7 94.7 93.3 89.6 84.5 83.3 84.4 78.8 70.7 62.1 66.2 65.5 64.4 65.6 65.9 61.3 55.5 52.7 66.4 74.8 70.4 64.1 59.9 58.7 60.2 57.1 59.4 60.5 59.5 59.7 58.6 57.1 55.6 54.7 54.2 52.7 49.8 47 43.8 46 49.5 50.7 49.8 45.8 50.2 53.5 52.4 48.5 50.5 52.3 57.3 59.8
84.1 90.5 97.5 104.5 104.7 103 101.9 103.8 105.9 107.4 106.1 104.8 102.6 100.3 97.5 95.5 93.6 91.4 92 91.1 89.2 86.9 83.9 82.1 80.5 79.3 78.5 76.6 79.1 80 81.4 82.2 83.6 85.5 88.9 92.7 94.9 91.9 88.3 86.2 85.1 80 70.8 63.7 63.3 62.1 58.3 55.5 55 54.9 51.5 65.4 67.4 77.2 75.3 69.7 64.1 61.2 62 59.7 61.5 62.9 62.2 61.6 59.5 58.9 58.1 57.6 57.5 56 54.4 50.9 48.7 43.1 43.5 44.5 43.8 42.8 45 46.4 45.1 43.6 44.9 45.8 48.8 54.3
86.9 93.7 101.4 104.7 103.4 101.7 100.7 103.1 106.1 107.5 108.1 107.3 105.7 103.8 101.9 100 97.4 96.6 98.1 97.7 96.2 93.8 90.5 87 83.7 81.1 79.5 78.2 78.6 81.5 83.6 85.1 85.2 85.5 86.9 90.7 95.2 94.7 91.7 88.5 84.7 76.6 72.4 66.8 70.4 66.3 56.6 61.6 68 63.6 58.4 69.8 69.6 78.9 81.8 76.9 69.9 64.6 64.5 61.7 63.8 64.1 62.7 61.3 58.9 57.7 57.3 57.1 55.1 53.9 52.1 50.1 48.2 46 43.5 43.8 42.9 42.4 40.7 40.7 40.4 40 39.9 40.4 38.9 46.5
90 96.1 102.3 103.4 101.7 100 99.4 101 103.3 104.9 105.3 105.4 104 102.9 102.7 101.7 99.8 99.6 101.1 102.5 101.3 99.2 96.4 92.7 87.9 84.6 80.8 77.8 78.9 84.8 89 90.2 89.8 88.2 88.2 89.6 93.6 96.1 94.7 91.6 87.8 82.4 78.5 71.9 73 68.1 59.4 76.3 82.1 76.9 69.9 72.8 78.7 80 86.6 83.9 75.3 69.1 67.3 64.2 64.7 63.5 61.9 59.8 57 54.4 53.9 53 50.6 47.5 46.1 45.1 45.2 45.6 50.5 50 48.2 46.4 43.9 44.3 44.3 45.3 46.9 46 43.2 40.1
93.4 99 102.2 101.5 99.8 98.2 97.7 98.8 100.2 101.2 101.7 101.7 101.5 101.2 101.3 101.7 101.5 101 103.2 105.2 104.5 102.8 100 96.8 92.3 87.1 81.6 77.6 78 85.1 93.7 95 93.9 92.1 90.7 90.9 92.4 95.6 96.5 94.4 91.4 88.8 82.9 75.4 71.8 63.4 70.8 82.4 85.5 81 74.5 73.8 80.2 82.8 87.3 86.8 79.4 73.9 70.3 66.3 62.8 60.8 58.4 56.8 54.6 52 49.7 49 48.5 50.8 50 49.6 46.6 51.8 59.3 58.7 55.1 50.7 48.7 49.8 51.7 52.3 52.1 50.1 47 43
