app/static/ascii/SO47.asc
ncols 200
nrows 200
xllcorner 340000
yllcorner 270000
cellsize 50
[rows 105 to 139 of 200, columns 0 to 78 of 200]
155.2 154.7 153.5 152 149.4 146.4 143.5 140.4 138.2 136.3 135.6 134.6 133.9 135.5 136.9 139 140.7 142.3 141.9 140.7 139.9 142.1 144 147.2 150.5 159.1 171.8 180.5 188.8 197.7 206.4 215.6 224 229.7 235.8 242.4 250 257.3 264.7 269.5 276.1 278.4 278.1 279.2 279.6 279.6 279 277.4 275.8 272.7 269.1 265.4 259.8 252 239.4 220.9 212.8 207.3 200.7 203.4 205.2 213.6 217.2 225 225.5 221.8 217.2 212.4 207.6 202.5 197.9 192.8 187.2 181.7 176.1 170.8 165.8 161 157.5
156 154.8 153.4 151.9 149.7 146.9 143.9 141.1 139 137.2 135.3 134 132.9 133 134.6 135.4 135.9 136.9 136.5 136.3 137.7 140.1 144.1 148.7 151 156.3 165.6 175.4 184 193.4 203.8 216.9 227.1 233.4 239.1 244.5 248.8 254.1 257.9 263.1 270 271.6 273.5 274.9 275.6 275.2 274.8 273.7 272.2 269.7 266.1 262.2 257.2 247.3 239 232.7 228.9 220.7 208.3 198 193.6 200.7 209.5 222.9 223.8 219.4 214 209.5 204.7 200 195.3 190.2 184.7 179.4 173.9 168.5 163 159.1 155.9
156.9 154.9 152.2 150.5 148.3 145.6 142.9 141.8 140 138.2 136.4 134 133 132.1 132.7 132.9 133.5 133.5 133.4 133.8 135.7 138.1 141.6 146.5 149 151.7 157.5 164.9 172 179.1 190.9 205 219.4 229.3 235.6 240.5 243.8 244.4 249.1 253.1 260.8 265.9 268.7 270.3 271.3 270.9 270.5 269.5 268.4 266.3 262.8 258.9 255.4 250.5 246.5 242 237.7 231.2 220.5 209.3 195.1 190.1 204.3 218.1 219.5 215.5 211.2 206.4 201.5 197 192.5 187.3 182.2 177 172 166.9 161.6 157.6 154
156.9 154.9 152.2 149.3 146.9 144.3 142.3 141.8 140.6 139 137.5 134.5 133.1 132.5 131.6 131.6 131.4 131.5 131.5 132.4 134 136 139.3 142.5 145.3 148 151.4 155.9 161.2 167.5 177.3 189.4 202.6 214.8 222.2 225.6 223.3 225.5 228.1 231.8 248.5 258.8 263.1 265.7 266.8 267 266.5 266 264.6 262.5 259.6 256.3 252.8 249.1 245.4 241.7 236.9 231.1 224.3 214.1 197.2 183.7 201 214.6 217.1 213.7 209.7 204.9 199.7 193.9 189 183.8 178.8 174.6 170.9 165.9 160.5 155.9 152.7
157.1 154.9 152.2 149.3 145.7 143.3 141.9 140.9 140 138.4 138.2 136.6 134.6 133.3 132.2 130.9 130.4 129.8 129.8 130.9 132.6 134 136.9 140.2 143.2 146.2 149.3 152.8 156.6 161.2 169 178 188.5 201 208.9 209.5 207.1 209.5 220.3 232.7 242.8 253.3 259 261.8 263.6 263.7 263.9 263.6 261.7 259.8 257 253.7 250.3 246.6 242.9 238 233 226.7 218.7 206.9 191.2 183.3 199.8 213.7 216.3 212.8 208.5 203.8 198.9 193.9 189.1 184 178.9 174.6 170.8 165.4 159.9 155 152
157.2 154.9 152.2 149.7 146.2 143.5 141 140 139.2 138.6 138.1 137.2 136 134.7 133 131.1 129.7 128.7 129.2 130.4 131.8 134.3 137 140.3 143.6 146.3 148.9 151.9 155.1 159.3 164.6 171.6 181.2 192.7 198.7 198 205.1 219.5 234.3 242.5 248.5 253.6 257.6 260 262.2 263 263.1 261.8 260.5 257.8 254.4 251.2 247.5 243 238.8 233.6 227.6 220.9 212 198.5 183.9 187.9 202 214.8 216 212.1 208.3 204.6 199.5 194.9 190.3 185.3 179.9 174.4 170 164.9 159.2 154.1 151.7
155.7 153.7 151.9 150.2 146.8 143.7 141 139.5 138.8 137.9 137.3 136.6 135.3 134.5 132.8 131 128.8 128.6 128.9 130.1 131.6 135.4 139.3 142.5 145.6 148.6 152.1 155.2 158.8 161.6 165.3 170.1 175.7 183.1 188.9 197.5 214 229.2 240.3 245.8 250 254 257.4 259.8 262.1 262.4 262 260.8 259 256.1 252.5 248.6 243.9 239.1 233.4 227.4 221.3 214.2 206.3 193 178.5 188.1 202.5 214.7 216.3 213.2 209.4 205.7 201.6 196.3 190.9 184.7 178.9 174.1 169.2 164 159 155.4 152.3
153.5 152.6 151 149.2 146.2 143.4 141 138.9 138.4 137.7 136.6 135.9 134.3 133.9 132.2 129.8 127.6 127.4 127.8 128.7 132.3 137.9 141.7 144.8 147.5 151.4 155.2 159.4 163 165.9 168.9 172.1 176.6 181.9 190 206 222.3 233.7 240.7 245.9 250.4 254.5 257.5 259.8 261 261.7 260.9 259.4 257.3 253.8 249.6 245.3 240.6 234.9 227 217.2 210.2 202.2 194.6 186.8 173.2 187 201.2 214.2 216.8 213.5 209.3 205 201 195.5 190 184.3 178.5 173.7 168.8 163.9 160.2 156.6 153
150 149.8 148.1 146.5 144.5 142.1 140.3 138.4 137.5 137.2 136.4 135.2 133.3 132 130.6 128.4 126.5 126.2 127 128.5 132.2 137.7 143.7 147 149.4 153.6 158.2 162.2 165.8 169.5 174.5 179 184 190.1 200.7 214.9 227.6 234.4 240.1 245.8 250.6 255.1 257.1 259.1 260 260.5 258.9 257.3 254.3 250.4 246.2 242 237.2 231.5 222.8 215.4 207.7 200.6 193.3 183.5 174.3 184.2 198.2 213 214.6 210.3 206 202.1 197.7 193.1 187.9 183.4 178.7 173.4 168.7 164.2 161 157.5 152.9
146.2 146.3 145.4 143.9 142.5 140.8 138.9 137 136.6 136.4 136.1 134.9 133 131.3 129.7 127.3 125.6 124.9 125.8 127.6 131.1 136.6 143 146.1 149.1 153.1 157.9 161.8 164.9 169 176.2 184.5 193.1 201.8 211.7 220.7 226.9 233.5 239.3 245 250.6 254.9 256.7 258.4 259 258.6 256.7 254.2 250.9 246.8 242.7 238.5 233.7 228.4 222.8 215.7 208.9 202 194.2 183.3 173.1 179 193.4 209.1 210.1 206 202.1 198.2 194.2 189.8 185.2 180.1 175.5 171.3 167.5 164.4 161.4 157.7 152.7
141 142.3 142.3 141 139.8 138.8 137 135.3 135.3 135.7 135.3 134.7 133 131.4 130 127.1 124.8 123.8 124.2 126.3 130.2 136.7 142 144.2 146.7 150.6 154.5 156.9 159.4 164.5 174.4 184.4 195.2 209.2 215.9 220.5 226.3 232.3 238.5 244 249.4 253.2 255.9 257.6 257.2 256 253.6 251 247.1 243 239.1 234.9 229.9 224.9 219.2 213.6 207 200 192.3 182.5 171 172.1 188.5 202.8 204.9 201.7 197.9 194 190.3 186 181.2 175.7 170.8 166.5 163.6 160.8 158.7 153.7 150.4
135 137.5 138.4 137.8 137.1 136.1 135 134 134 134.2 134 133.8 133.2 131.8 130.1 127.1 123.9 122.6 121.9 124.2 128.9 135.1 139.1 141.1 143.4 146.3 149.3 151 153.2 157.7 166.7 176.7 187.7 202 211.7 218.3 224.5 230.9 236.8 242.2 247.3 251.6 254.4 255.3 254.6 253 251.1 248.2 243.9 239.1 235.1 231 225.8 220.9 216.2 210.8 205.4 198.7 190.3 182 170.9 165.2 181.4 192.9 198.4 196.6 193.1 189.5 185.7 181.5 176.7 170.9 165.7 160.3 153.8 149 146.8 145.1 142.3
129 131.8 133.7 133.9 133.6 132.8 132.5 132.3 132.2 132.6 132.6 132.5 132.3 131.4 129.5 126.5 123.3 121.9 120.9 123.2 127.8 133 135.8 137 139 141 143.1 144.7 147.6 151.9 159 167.4 176.5 197.1 209 216.3 223.3 229.4 234.8 240.2 244.7 248.7 251.7 251.6 251.5 250 248.1 245.3 241.8 237.7 233.3 228.3 221.6 216.3 213 209.5 204.6 199.4 193.5 186.8 174.8 161.7 169.7 182.3 189.6 190.6 187.8 184.6 181.8 176.8 172.3 166.3 162 156.8 149.9 147.3 146.7 144.9 138.9
123.2 126.4 128.6 129.8 130.4 130.5 130.3 130.2 130.3 130.4 130.6 130.7 130.6 130.5 128.4 125.6 122.7 121.3 120.8 122.6 125.8 129.3 132 133.5 134.1 136.4 138.8 140.5 143.3 148.2 155 161.6 175 195.4 206.9 214.5 221.5 227.3 232.6 238 241.7 245.6 248.3 248 247.7 246.8 244.8 242.2 239.6 235.9 232.1 227.4 222.3 215.2 206.2 203.2 204.2 199.8 195.1 188.9 179.2 165.2 158.5 168.7 177.9 181.4 181.2 181.2 178.2 173.7 168.9 163 158.6 153.5 147.4 145.1 144.1 140 131.8
117.2 120.8 123.4 124.7 126.2 126.4 127.9 128.2 128.1 128.1 128.4 128.5 128.7 128.6 127.5 124.7 121.7 120.8 120.6 121.9 124.6 127.1 129.6 131.6 133.2 134.7 137.3 140.7 143.5 146.2 151.5 159.2 173.7 194.7 207.4 212.8 219.7 225.4 230.5 235.5 238.9 242.4 244.7 244.5 244.4 243 241 239 236.7 233.7 230 226.2 221.2 215.3 208.7 199.9 193.5 197.6 196.1 191 183.2 172.9 160.8 155.3 162.5 170.5 174 176.1 174.3 170.9 166.8 161.2 156.9 152.5 146.6 144.3 141.6 135.7 121.3
118.4 117.4 117.3 119.8 121.4 122.3 123.8 124.8 125.7 125.9 126.1 126.3 126.4 126.6 126.3 123.5 120.8 120.2 120.4 121.4 124.7 128.7 132.1 134.2 136.8 139.9 143.1 146.8 150.8 152.4 152.5 156.1 169.6 189 205.5 211.5 216.9 222.5 227.6 232.3 236.2 239.8 241.5 241.2 240.9 239.1 237.1 235.1 233.2 230 226.6 222.6 217.2 211.5 205.7 199.7 188.6 187.8 195.6 193.6 187.4 178.8 170 161.6 148.7 153.8 162.4 168.5 169.8 167.7 163.7 159.5 155.9 151.3 145.5 144.1 139.7 130.8 116
118.5 118.5 117.7 117.3 115 118.5 119.5 121.5 123.3 123.6 123.9 124 124.2 124.4 124.8 122.5 119.7 119.7 119.9 120.3 124.9 131.9 138.6 142.2 147.5 152 157 160.9 164 164.6 161.8 159.5 166.4 181.1 199.2 207.6 212.9 219.4 224.9 230.6 234.5 238 238.4 237.9 237.2 235.2 233.2 231.3 228.5 225.6 221.9 217.1 212 206.8 201.3 195.4 188 178.5 190.3 194.7 188.7 182.5 175.8 168.8 161.3 151.2 148.4 157.4 162.7 163 161.5 157.5 154.1 150.7 146.4 143.4 138.4 125.2 110.2
118.6 118.3 117.6 117.3 117.2 117.2 116.8 118.4 119.7 121.1 121.6 121.8 122 122.3 122.8 121.1 119.4 119.3 119.4 120.3 126.9 137.4 148.3 155.8 162.4 169.4 175.1 179.9 182.5 182.6 175.9 167.4 167.1 176.7 188.3 196.9 203.1 218.4 225.6 231.3 234.9 236.2 236.5 235 233.3 231.4 229.4 227 223.8 220.3 216.4 211.6 206.5 201.3 196.2 191 184.6 176.1 184 192.8 187.7 182.4 177 172.1 166.6 160.2 150.5 144.1 152.1 156.4 157.2 154.4 151.8 149.6 146.2 143 135.7 120.2 105.3
118.7 118.1 117.5 117.5 117.2 117.2 117.2 114.8 114.7 117.8 119 119.5 119.7 119.9 119.8 119.5 119.3 119.1 119 121.5 129.7 143.1 155.3 166.5 174.2 179.3 183.1 187.3 190.3 192.9 190.2 181.4 174.1 178.3 184.3 194.8 212.5 223.3 228.5 233 235.8 236.7 235.1 233.2 229.9 227.6 225.5 222.1 218.7 215 210.5 205.8 201 195.5 190.2 185.5 180.6 172.7 180.1 189.9 185.7 181 176 170.9 166 160.9 154.9 144.8 144.5 149.6 152.1 151.6 149.8 148.1 145.5 140.3 129.7 115.6 103.3
118.5 117.9 117.6 115.9 115.5 117.3 117.4 117.5 117.5 117.4 114 117.1 117.8 118.4 118.5 118.5 118.5 118.3 117.9 121.6 133.3 145.6 157.3 168.8 175.9 179.2 182.4 187.2 191.8 196.8 201.2 198.8 196.2 200.2 206.1 212.3 220.3 226.9 232.3 236.1 238 238 235.5 231.9 227.6 224.1 221.1 217.4 213.5 209.1 204.6 199.9 195.1 189.4 184.1 179.9 176.3 167.2 177.9 185.4 181.8 177.6 173.5 169 164 158.9 153.8 148.4 142.5 148 150.5 150.8 149.2 146.4 143.3 133.9 121 108.9 110.4
118.3 117.7 117.8 117.7 117.5 117.6 117.6 117.7 117.8 117.8 117.5 117.3 113.6 117.1 117.4 117.4 117.5 117.5 117.5 121.4 133.7 144.2 154.1 163.7 169.1 171 176.7 184.3 191.4 197.8 203.5 207.7 209.2 213.7 218.4 222.5 227.2 231.7 235.8 238.9 239 238.6 236.4 233.5 229.5 223.4 217.4 212.4 207.9 202.9 198.5 193.8 188.7 183.9 178.3 173.6 170.6 161.8 173 179.9 176.7 173.5 169.8 166 162 156.9 152.1 147.5 137.1 148.2 149.6 150.4 150.1 147 142.3 125.8 111.6 103.3 119.4
117.9 117.3 117.4 117.6 117.8 117.8 117.9 118 118.1 118.2 117.9 117.7 117.4 113.6 116.8 116.9 117 117.1 117.1 120.6 130.8 137.6 143.8 149.8 153.2 157 166.7 181.6 190.8 197.8 203.6 208.3 213.4 218 223.1 227.9 232.5 236.5 239.8 240.3 239.8 239.2 236.9 234.3 230.7 225.3 220.1 211.2 201.9 196.7 192.2 189.7 185 179.3 173.4 168.1 167.9 162 160.1 172 170.7 167.4 164.9 161.9 158.8 155.6 151.6 145.1 130.4 146 148.7 149.4 149.1 142.9 131.1 114.6 103.3 119.1 129.2
117.2 117 116.5 117.2 117 118.3 118.3 118.4 118.5 118.4 118.2 117.9 117.5 117.2 116.7 116.8 116.9 116.9 116.9 117.6 124.2 130.1 135 139.9 144.3 150.7 166.1 181.7 191.5 198.9 204 208.8 216.4 223 229.2 234 238.2 240.9 241 240.8 240.6 238.8 236.1 232.9 229 225.1 220.2 214.2 204.7 196.4 186.6 179.1 180.6 176.7 170.2 163.9 166.4 163.7 155.6 159.2 162.3 160.4 158.1 156.8 155.2 152.3 149.3 139.9 122.2 131.9 131.7 130.2 127.5 126.1 116.3 103.3 117.3 131.8 138.5
118.4 117.5 117.6 117.8 118.3 118.6 118.5 118.4 118.4 118.3 118 117.8 117.5 117.3 113.6 113.6 116.8 116.8 116.8 116.8 117.5 123.8 128.7 133.5 139.4 150.4 165.7 180.1 191.3 198.9 204 209.4 219.8 228 234.7 239.3 242.2 243.1 242.3 241.2 239.5 236.7 233.6 230.5 226.7 222.6 218 212.7 207.3 200.5 193 183 173.6 166.3 161.6 157.9 162.5 161.5 155.2 145.5 151.1 151.3 149.8 150 149.6 148.5 144.3 129.9 108.5 108.6 107.1 104.7 103.3 106 103.3 115.1 129.5 138.8 146.9
118.1 117.7 117.9 118.3 118.6 118.5 118.4 118.3 118.2 118.1 117.9 117.6 117.4 117.2 116.6 116.4 116.1 116.8 116.8 116.7 116.9 118.6 123 128.5 135.6 144.3 157.4 173.4 187.3 197.6 202.6 208.3 221.6 231.1 236.9 240.2 241.4 240.9 240.1 238.5 236.7 234 230.9 227.7 224.7 220.9 216.1 211.1 205.4 198.9 192.2 186.1 179.6 173.8 167.8 160.7 152.1 149.4 147.3 139.6 138.1 136.9 139.1 142.1 142.6 141.1 132.7 109 104.3 110.6 111.6 111.3 112.3 114.7 120.5 127.9 138.4 147.5 157.3
117.8 117.9 118.2 118.5 118.5 118.4 118.3 118.2 118.1 117.9 117.7 117.5 117.2 116.7 116.6 116.4 116.3 116.7 116.9 116.7 116.5 117 119.8 123.9 130.7 138.6 149.4 166.7 183.1 194.6 202.5 207.1 217.5 227.8 233.2 235.9 236.9 236.9 236.3 234.8 233.1 231.3 228.2 225.3 222.4 218.8 214.2 208.9 203.2 196.9 190.2 183.9 178.3 173 167.4 162.7 159.1 155.8 153.3 150.3 144.2 137.2 130.9 131.4 136.8 132.2 113.9 106.3 117.1 118.3 120.8 123.5 129 135.6 138.6 141.8 149.2 158.5 167.9
118.6 118.2 118.4 118.5 118.5 118.3 118.1 118.1 118 117.8 117.5 117.3 116.8 116.7 116.6 116.5 116.3 116.2 116.7 115.4 116.5 116.7 117.4 120.6 126.6 134.7 143.7 160.4 178.5 191.1 199.7 204 210.2 220.6 226.7 230.6 231.7 232 231.9 231.1 229.4 228 226 223.3 220.1 215.9 211.2 206.3 200.9 194.9 188.2 181.6 175.2 169.7 164.5 162.9 162.1 160 156.1 149 144.1 138.2 131.5 124.7 132.8 120 104.9 116.5 125.9 129.2 130.9 134.3 140.3 147.1 151.8 156.2 162.4 170.8 179.9
119 118.3 118.4 118.4 118.4 118.2 118 117.9 117.8 117.6 117.4 117 116.9 116.7 116.6 116.5 116.3 116.2 116.6 113.6 116.7 116.8 117.9 119.3 122.8 131.5 140 153.5 173.3 185.7 194.3 200 205.6 212.4 220.2 224.4 226.1 227.2 227.8 227.9 227.2 225.7 223.8 221 217.4 212.8 208 203.1 197.5 191.4 185 179.3 172.3 166.6 161.4 160.4 159.9 159.9 155.5 146.5 140.7 136.5 128.1 119.7 124.1 110.2 105.3 125.4 134.4 135.9 137.6 144.4 150.5 156.9 163.2 169.4 176.8 184.2 193.6
119.1 118.7 118.3 118.4 118.3 118.1 117.9 117.8 117.7 117.5 117.1 117 116.9 116.7 116.6 116.4 116.3 116.1 116.6 116.8 117 116.8 116.6 116.5 119.8 130.4 137.1 147 164.5 178 187.9 195.2 200.7 206.1 213 218.2 220.8 223.2 224.9 224.9 224.9 223.6 221.6 218.7 214.5 209.7 204.5 199.2 193.4 187.6 181.4 175.2 169.6 163.4 157.1 149.5 150.5 151.7 152.6 144.5 135.1 117.3 107 104.4 104.7 103.2 124.4 132 135.6 138.2 142.7 155 162.4 169.3 176 183 190.8 199.6 208.8
119 118.8 118.4 118.3 118.2 118 117.8 117.7 117.6 117.3 117.1 117 116.9 116.7 116.6 116.4 116.3 116.1 116.5 116.7 116.8 117 116.6 116.4 118.9 128.8 134.9 142 155.1 169.8 180.5 188.7 195.4 201 205.3 210.9 216.9 220.3 222.5 222.6 222.3 221.6 219.1 216 211.9 206.8 201.6 196.3 190.4 184.3 178.4 171.7 165.8 163.5 161.7 155.8 148 139.4 145 143.1 120.2 102.4 107.9 108.5 115.8 131.2 137.8 138.5 141.4 144.8 150.8 162.5 171.8 180 188.3 197.4 206.7 215.3 220.9
119 118.7 118.5 118.3 118.1 117.9 117.7 117.6 117.4 117.3 117.1 117 116.8 116.7 116.5 116.4 116.2 116.1 116.4 116.5 116.7 116.9 116.7 116.7 119.9 127.1 132.5 138.4 148.7 161.8 172.1 180.3 186.6 192.6 193.9 203.4 213.1 218.3 220 220.6 219.9 218.7 216.4 213.1 209 204.2 199.1 193.8 188.3 182.5 176.7 172 169.7 167 162.9 157.2 150.5 144.5 126.6 129.5 113.2 105.9 111.3 123.5 136.6 140.1 143.1 145.4 151.1 155.7 162.4 171.6 181.6 192.3 203.7 212.3 218.1 220.4 221.1
118.9 118.7 118.4 118.2 118 117.9 117.7 117.6 117.4 117.2 117.1 116.9 116.8 116.6 116.5 116.3 116.2 116.1 116.2 116.4 116.4 116.5 116.5 115.9 117.7 124.2 130.8 136.5 144.6 155.5 162.1 166 167.6 171.4 181.6 201.4 210.6 215.7 217.5 217.9 217.2 215.8 213.4 210.4 206.2 201.7 196.5 191.3 186.5 182.2 178.3 175.8 172.4 167.6 163.4 159.2 153.7 148.7 137.3 121.4 108.8 107.8 123.2 139.8 147.1 150.2 153.2 155.3 160.6 165.1 171.2 181.1 193.6 206.1 213.9 218.4 219.4 218.9 217.1
118.9 118.6 118.4 118.2 118 117.9 117.7 117.6 117.3 117.2 117 116.9 116.8 116.6 116.5 116.3 116.2 115.9 115.8 115.8 115.9 115.7 113.6 115.9 115.6 121.6 129 135.4 142.6 148.5 151 152.5 157.7 170.1 186.6 201.6 207.3 212.8 214.9 215.5 215 213.3 210.1 207.7 203.8 199.2 194.3 189.8 185.2 183.1 180.3 176.8 172.8 168.6 164 159.1 153.6 147.7 137 125.4 108 112 133.2 145 153.9 158.9 163.3 166.9 171.1 176.1 182.5 193.9 205.6 213.1 217.6 218.3 217.5 215.8 211.4
118.8 118.6 118.4 118.2 118 117.9 117.8 117.6 117.3 117.1 117 116.9 116.7 116.6 116.4 116.3 116.1 115.7 115.6 115.5 115.5 113.6 116.4 115.9 115.4 116.3 121.1 131.6 137.1 139.9 143.2 152.9 168.8 183.4 194.6 201.2 204 209 212.8 213.5 212.9 210.9 206.7 203.8 200.1 194.9 189.8 181.2 172.5 164.9 165.3 171.7 172.1 168 162 156.5 150.3 136.3 117.7 106.4 104.5 126.9 141 152.2 160.8 167.2 172.6 176.4 182.1 189.8 197.1 206.4 211.9 215.8 216.3 214.1 210.1 204.5 196.7
118.8 118.6 118.3 118.2 118 117.9 117.8 117.5 117.2 117.1 116.9 116.8 116.7 116.5 116.4 116.1 115.7 115.4 115.4 116.5 116.4 116.4 116.2 116.1 115.8 115.6 117.6 127.8 133.6 138.1 149.5 160.8 176.5 188.2 193.3 197.6 201.3 205.1 210.8 211.4 210.8 208.4 203.7 195.2 187.2 180.6 175.8 170.7 167.3 165.6 157.9 146.9 153 162.2 156.8 151.6 142.5 110.4 105.1 111.5 121.2 137.7 152.1 163.1 170.8 177.2 183.1 187.8 193.2 198.4 199.6 200.8 206.3 205.2 200.9 195.3 193.7 187.4 178.6
