app/static/ascii/SO62.asc
ncols 200
nrows 200
xllcorner 360000
yllcorner 220000
cellsize 50
[rows 114 to 151 of 200, columns 85 to 169 of 200]
90 93.9 98.3 102.9 106.3 109.2 110.9 112.6 114.7 114.5 117.7 117.7 116.5 112.4 110.3 106.3 103.4 101.5 99.9 97.7 95.6 94.2 92.5 90.5 88.1 86.8 87.4 86.4 83.5 79.8 75 69.7 63.7 59.2 61.5 64.4 67.3 69.2 71.3 73.4 77.6 81.2 89.3 97 103.3 108.6 113 118 127.8 135 141.1 141.3 134.2 127.5 119.5 112 109.1 116 115.8 116 117.2 117.1 114.5 109.9 102.5 95.6 91 92 96.3 93.9 91.8 92.9 95.7 100 93.3 84.9 81.7 81.2 78.9 78 76.8 74.8 72.4 66.8 65.8
96.2 98 101.4 105.4 107.6 109.6 111.8 113.9 115.8 117.4 118.5 119.2 119.8 117.6 113.7 110 106.5 102.7 100.1 98.6 96.7 95.3 93.7 91.9 89.7 87.7 86.3 85 82.8 79.9 75.1 69.9 63.7 59.2 60.9 63.4 66.2 67.6 69.9 73.1 77.5 81.9 88.1 95.8 101.8 105 108.4 112.6 122 130.9 137.8 143.5 138.2 131.5 125.4 119.4 114.7 115.6 116 116.3 118.2 119.4 118.3 115.5 111 105.8 100.3 96.7 95.3 91.9 89.4 90.1 95.1 101.4 99.8 94.7 89.1 89.3 86.1 83 79.4 77.3 73.7 69.8 67.6
98.8 100.4 104 106.1 108 110.1 112.5 114.8 117 118 119.3 120.1 121 119.7 116.6 112.9 109.6 103.3 98.4 95.7 96 95.6 94.7 92.6 89.8 87.1 85 83.3 81 78.4 74.2 69.2 65 61.4 61.1 62.3 64.2 65.9 69.1 72.4 77.1 81.7 87.2 94.5 98.9 101.2 100.1 106.9 116.6 127 134.5 141 140.7 135.5 128.8 123.1 117.9 115.5 114.9 114.8 117.4 120.5 120.2 118 114.9 109.8 103.5 99.4 93.9 90.1 86.7 86.1 91.5 97.2 101.1 101.1 101 97.9 92.1 88.1 83.4 80.6 76.2 72.3 69.2
100.6 102.1 104.3 106.8 109 111.3 112.9 115.4 118 119.4 120.5 121.5 122.1 121.8 117.9 113.9 110.4 103.9 97.9 93.7 93.7 94.8 94.1 92.8 90.2 87 84.6 82 79.7 76.8 73.3 68.5 64.9 62.5 61.6 62 62.7 64.3 66.8 69.5 75.8 80.1 85.8 90.1 91.4 92.8 98.2 104.6 113.3 121.2 130.6 138 141.2 138.4 132.2 125.9 118.3 112.3 111.7 113.4 115.5 117.2 117.7 116.5 115.7 111.1 105.6 100.8 94 88 84.9 83.4 88.3 94.2 99.8 105.3 106.3 104.7 98.3 93.6 89.7 85 79.7 74.7 69.7
102.8 104.5 106 108.1 110.5 111.9 113.3 115.9 119 120.7 122.2 123.4 123 120.7 117.8 115 109.9 104.6 99.4 93.6 91.5 92.4 93.1 92.4 90.8 88.6 85.2 82.1 81 77.6 73.3 68.1 64 62.1 63.6 66.1 63.1 63.4 63.6 67 73.5 78.3 83.7 87.2 83.5 85.5 97.7 104.3 108.8 116.8 123.7 133.4 140.1 141.1 135.8 128.4 121.3 112.1 107 110.1 113.4 114.8 115 115.7 113.8 110.7 105.5 100.8 94.3 88.1 84.8 82.5 84.6 90.7 97.9 107.1 110.3 110.4 105.4 97.6 92 87.4 82.4 76.7 71.4
105.3 105.9 106.7 108.2 110.1 112.1 113.9 116.5 119.4 121.3 122.5 124.1 124.4 120.9 118.1 114.2 110.9 107.2 101.4 93.6 90.8 89.6 89.3 89.5 89.7 87.6 84.6 82.2 80.5 77.9 73.1 67.7 64.1 63.6 66.1 68.5 66.4 63.8 63.4 64.1 68.4 73.1 78.6 82.5 78.4 83.8 95.4 100.7 103.3 110.2 117.8 128.4 136.1 141.2 138.7 131.2 123.1 113.3 106.3 106.6 111.7 112.2 112 113.1 112.5 110.3 105.3 100.4 94.2 88.3 84.5 80.7 80.7 86.7 94.3 105 111 112.4 107 100.1 92.8 87.8 82.9 77.3 72.5
105.8 105.9 106.2 107.7 109.6 111.8 113.8 116.5 118.9 120.6 121.8 124.6 124.8 121.9 118.1 114.6 111.2 107.9 104.7 99.5 94.5 91.3 89.8 85.6 84.2 86.9 83.3 81 81 77.8 72.4 66.6 64.9 66.6 70.3 74.3 70.3 66.7 63.9 63.7 64.7 68.4 73.5 78 75.7 77.2 86.9 94.1 95.4 103.8 115 123.2 132.2 138.2 140.1 132.6 125.3 114.6 107.7 103.6 107.6 110.1 109.7 110.7 109.9 107.8 104.6 100.6 94.6 88.9 85.2 81.7 79.2 82 88.1 97 105.3 110.1 102.6 96 90.4 85.5 80.2 75 70
104.3 104.8 105.2 106.8 108.5 111.6 113.8 116.4 118 120 122.4 124.4 124.5 122.3 118.5 114.9 111.6 108.7 105.9 102.9 98.1 95.2 90.9 88.5 82.2 81.4 80.7 80.1 79.1 76.6 72 64.8 65 70 74.1 75.6 75 72 68.5 64.7 64.1 64.6 68.3 70 71.2 70.7 74.2 79.8 92 98 108.3 118.2 127.8 134.6 139.4 135.2 127.9 118 109 103.4 103.1 105.5 107.5 108.7 106.2 104.4 103.2 99.4 94.5 89.3 84.3 81 77.7 78.2 82.8 89.2 98 105.1 100.6 92 86.1 82.1 77.7 74.9 68.9
101.6 101.8 103 105.2 107.4 111.2 114.1 116.3 118.6 120.3 122.3 124.2 124 121.3 118.7 115.5 112.7 109.8 107 104.1 101.1 95.5 91.8 88.9 84 78.5 77.3 77.3 76.9 73.7 68.9 66 70.5 74.4 77.5 77.9 78.6 76.7 72.9 67.7 64.8 64.3 64.2 65.2 65.6 66.3 65.6 66.8 82.3 91.1 97.1 111.9 122.5 131.6 136.9 137.7 130 119.4 110.7 104.3 99.9 100.3 104.9 107.4 103.9 102.4 100.9 98.1 92.7 91.2 86.6 81.5 77.8 74.7 78.3 82.3 90.5 97.3 99.5 91 85.7 79.9 76.4 73.2 70.6
99.4 99.1 100.9 104.2 107.6 111.4 114 116.6 118.9 120.8 122.4 123.6 122.7 120.3 118.5 115.5 113.2 110.3 107.4 104.5 101.1 94.7 90.6 87.5 85.5 80.6 75.4 74.7 74.2 70.3 66 71.2 75.4 77.5 79.9 81.1 81.2 80.3 75.5 70.3 66.7 65.6 65 65.1 66 67.8 69.3 65.6 67.9 79.9 93.2 106 116.5 129.6 135.1 139.1 130.8 121.1 112.7 105.3 100.1 97 100.4 103 102.1 99.9 97.6 95.5 91.3 88.4 86.3 80.1 76.5 74.4 73.6 75.9 79.8 86.1 91.4 91.7 85.1 79.4 74.2 70.9 67.8
96.3 99 101.3 104.4 107.8 111 113.8 116.5 118.6 120.4 121.7 121.3 120.5 119.1 117.9 115.3 112.5 109.8 106.9 103.9 99.3 93.3 88.5 84.4 84 80.3 75.4 73.8 70.9 68.1 70.1 75.3 77.9 79.8 82.2 82.1 81.3 80.1 75.3 70 69 70.2 69.7 69.1 70.5 73.5 74.1 67.8 68.7 82.9 93.8 103 113.2 123.4 131.9 136.3 131.5 122.6 114.4 105.6 99.9 95.6 96.1 98 98.7 95.1 90.9 92.4 89.1 83.9 83.3 76.5 73.7 72.8 73.4 72.9 70.5 73.9 80.4 87.8 83.5 78.6 73 67.7 65.1
95.5 100.1 102.6 105.2 108.1 110.8 113.5 116.3 117.6 119.4 119.7 119.2 118.3 117.8 116.2 114.5 111.9 109.2 106.4 102.9 98.1 92.1 86.5 82.3 79.7 76.6 74.2 72.8 72.2 69.5 74 77.7 80.4 82.1 83.5 83.5 82.4 78.7 74 72.7 74.3 75.6 75 75 75.4 76.8 75.8 70.4 68.8 80.2 92.4 101.4 111.1 120.2 128.2 134.3 130.6 123.6 114.8 106 99.5 95.7 93.8 94.9 92.5 89.6 84.8 85.6 83 81 78.3 75.6 74.9 74 74.8 74 71.2 69.6 72.9 78 81.8 77.6 72.5 67.4 63.5
96.4 100.2 103.6 105.6 107.6 110.2 112.5 114 115.1 116 117 117.3 116.6 116.3 115.4 114.2 111.6 109.6 106.4 103 98 89.9 84.8 81.4 81.4 80.5 77.3 75.1 75.4 69.1 76.1 79.4 82.8 84.5 84.8 84.8 82.3 79.8 74.7 76.9 79.3 80.2 80 77.9 77.8 77.5 75.4 69 69.2 80.3 89.8 98.6 107.4 116 123.9 131.4 130.1 124 114.9 105.6 99 94.4 91.1 90.8 88.1 84.8 84.4 83.2 81 79.9 79.6 78.6 77.8 76.1 75.3 75.6 71.6 69 68.4 71.4 76.4 75.3 70.7 66.7 62.4
97.2 100.1 103.2 105.2 107.3 108.5 110.2 111.4 112.6 113.5 114.6 116.4 115.7 115 114.6 114.1 112 109.9 106.7 103.4 96 89.5 85.1 83.6 83.8 82.6 79.6 76.3 74 71.5 77 81.4 83.7 85.5 86.2 85.7 83.2 80.3 80.5 81.7 83.8 83.4 82.1 79.9 78.2 76.9 74.9 68.9 68.9 83.4 91.7 97.7 105.4 113.5 120 126.3 129 122.8 112.1 105.4 99.7 94.4 90 89 87.8 87.9 90.2 90 88.3 87 85.9 83.5 82.8 80 76.3 74 70.8 69.1 67.2 68 68.2 70.9 69 65.3 62.4
98 100.6 103.2 105.6 106.3 106.6 107.6 108.8 110 110 112.1 114.2 114.4 113.7 113.9 113.6 110.8 109.5 107.3 103.5 97.5 93 88.9 86 85.9 84.5 81.6 78 72.9 73.3 78.3 80.7 83.3 85 86.4 86.3 86.2 84.3 84.6 85 85.8 86.1 84 80.9 78.4 77.2 71.9 69 74.5 85.5 93.5 98.6 103.9 110.9 117 122.9 126.3 120.1 113.8 106.7 101.1 95.1 91.1 89 90.6 93.5 96.3 95.6 93.9 91.9 89.7 88.3 86.4 82.7 76.2 72 69.7 68.8 67.5 66.7 65.8 66.8 67.4 63.6 62.6
98.1 100.2 102.2 103.5 104.2 104.2 103.8 105.6 107.4 108.7 109.9 112 112.3 112.4 113.5 113.4 111.1 110.4 107.4 104.3 100.7 95.6 91.3 88.1 87.2 85.6 82.4 77.5 71.8 74.4 76.7 79.9 83.6 85 86.2 86.5 86.5 87.3 87.5 86.9 87.2 87.5 83.9 81.4 78.5 73.4 68.8 68.9 77.3 84.7 94.1 100.1 104 108.4 114 119.8 124.8 120.5 113.2 107.5 102.1 96.1 92.1 89 95.5 97.2 99.6 97.9 96.2 94.9 91.7 89.5 86.3 81.8 77.2 70.8 69 68.7 69.9 71.8 68 65.5 63.5 63.7 64.9
97.9 99.5 100.3 100.4 101.2 101.7 101.7 104.1 106 107.8 109 110.3 110.6 111.3 113.2 112.9 112.4 110.6 106.9 103.2 99.8 96.3 92.7 89.3 87 85.1 81.6 76.3 75.8 79.9 78.8 79.5 83.9 84.6 86.1 86.6 87.1 88.1 89.3 88.4 87.6 87.3 83.8 80.8 77.1 70.9 68.9 72.9 78.4 83.7 92.3 99.6 102.6 107.3 112.3 118.1 123.6 120 112.9 108.1 103 97.1 93.6 91 96 100.2 100.8 99.4 96.5 94 91.4 87.6 83.9 79.1 76.2 71 69.9 70.2 74 73.4 68.8 65 65 66 68.3
97.8 98.7 98.8 99 98.7 99 99.6 102.4 104.9 107 108 108.6 109.6 110.6 113.2 113.5 112.9 111.3 107.4 103.2 99 95.6 91.4 86.2 83 82.5 79 74.4 80.4 84.1 81.5 80.6 84.7 86.2 86.7 87.3 87.8 87.8 88.1 88.6 87.8 86 83.2 79.3 74.9 68.1 69.2 72 76.6 82 89.6 98.2 102.7 106.5 110.7 114.4 120.4 118.2 112.8 107.4 102.4 96.9 94 94 96.4 101.9 100.9 98.5 95.4 92.4 89.3 85 80.1 76.4 73.6 72 70.9 72.8 75.2 72.5 68.6 65.6 65.1 69.3 72.8
95.8 97.2 97.1 94.8 96 99 100.6 101 103.8 105.6 105.7 107.1 108.5 110.6 113.1 114.2 113.6 111.9 109.5 105.6 97.5 94.1 87.7 82.2 80.7 77.5 77.8 79.9 83.2 86.3 85.5 85.7 87 88.6 89.2 89.4 88.4 87.3 87.2 87 86 84.2 81.7 77.9 72.5 68 68.8 71.3 74.5 80.7 87.4 95.9 102.9 106.1 108.8 112.3 116.8 115.8 112.6 108.7 103.1 97.3 94.3 96.4 98.1 101.7 101.5 97.3 94.2 91.2 88 84.2 80.6 76.9 73.2 71.7 72.1 77.9 75.2 71.6 67.9 66 68 71.3 74.5
94.4 96 95.1 95.8 98.8 100.4 100.8 100.2 101.6 103.6 105 106.7 109.6 112.2 114.4 115.2 114.9 112.8 110.2 107.5 95 94.8 90 81.6 80.7 80.8 81.6 84.1 84.6 88.4 88.8 87.9 88.6 90.2 91.4 90.5 89.4 87.2 86.3 85.7 83.9 80.5 78 74.5 70.6 68.3 69 70.9 73.9 79.6 84.8 93.7 101 104.1 106.2 109 113 113.3 112.3 111.3 106.1 101.3 98.6 99.3 101.2 102.1 101.5 97.6 94.5 91.5 87.7 84.3 80.7 78.5 73.8 72.8 75.4 78.2 75.2 71.2 68.2 68.2 68.6 72.7 77.5
91.5 92 95 97 99.4 100.5 100.8 100.5 100.2 101.8 104.3 107 110.9 113.7 115.6 116.1 115.6 113.5 110.9 107.7 102.2 99.4 91.6 84.2 84.2 85.7 88.3 89.7 89.3 90.3 90.9 89.1 89.1 91.8 92.4 90.9 89.3 87.2 85.9 84.8 80.4 76.1 74.3 71.6 69.3 68.6 69.5 72 75.4 78.1 81.6 89.3 96.6 100.9 102.9 105.1 109.5 112.1 113.5 115.9 111.7 106.5 103.2 101.5 102.6 102.1 100.7 98.3 95.1 91.9 89.7 85.9 81 78.5 77.8 80.9 78.4 77.5 74.9 71.9 69.8 69 69.3 74.6 80.5
89.6 90.2 95.2 97.3 98.1 98.2 98.6 100.3 99 102 104.8 107.9 111.6 114.8 116.1 116.7 116 114.4 111.7 108.7 104.2 100.2 93.6 97.4 96.4 95.6 96.8 96.9 93.2 92.1 90.9 90.3 90.9 92 92 90.2 87.9 85.7 84.2 83.2 81.1 76.8 72.2 70.4 70.1 70.8 70 70.5 74.8 81 81.9 86.7 91.7 96 98.9 101 104.6 110.2 114 118.7 119.9 112 108.5 105.3 100.8 98 98.6 98.2 95.5 93.1 91.4 85.6 79.6 78.3 82.3 91 83.4 76.4 73.8 72.1 70.5 69.8 70.9 76.6 82.3
87.4 91.9 94.6 96.4 95.4 94.4 95 94.7 98.1 103.4 106.8 109.8 113 115.3 116.6 117.2 116.2 114.7 112.5 109.3 104.2 100.2 99.4 101.8 102 103 103.2 103 98.6 95.1 92.9 92.3 92.5 91.6 89.5 87.9 86.7 83.9 81.6 81.9 79.2 75.5 71.4 70.5 69.3 72.2 71.7 70.9 74.5 80.6 84.9 86.1 88.6 92.4 94.5 100.1 104.9 109.9 115.5 122 127.4 120.1 112.3 105.9 101 95.9 94.8 95.5 94.2 91.7 84.7 79.2 79.2 81.5 89.4 91.8 81.3 76.8 74.3 74.6 71 70.6 72.5 76.2 83.6
88.7 92.4 93.4 94 92.6 90.6 92.8 95.8 99.8 105.4 108.5 111.6 114.1 115.7 117 117.1 116.1 114.7 112.6 110 104.8 102.7 103.2 105.2 106.6 107.1 107.2 106.7 103.3 98 94.4 94.1 94.2 91.4 87.8 85.5 86.1 83.2 80.1 77.7 75.1 71.2 71.2 70.9 72.1 74.3 73.7 71.6 71.9 77.9 83.5 87.5 88 92.6 96.8 101.9 106.6 112.9 118.6 125.7 133.1 127.5 113.9 106.8 101 96 91.7 93.6 90.2 85 79.5 81.6 85.6 90.8 96.1 95.8 84.3 77.6 77 74.4 71.1 71.7 74.1 78.6 84.7
89 90.9 91.7 90.2 89.7 91.5 96.3 99.5 103 107.8 110.3 113 115.2 116.3 117.4 117.1 116 114.5 112.8 110.5 107.8 106.9 106.9 108.6 109.2 109.9 109.4 107.4 105.4 100.4 95.7 95.8 93.4 90.7 86.7 84 83.4 81 77.5 73.8 73.2 74.2 72.8 71.5 74.9 77.3 75.6 72.7 70.4 75.1 80.7 83.6 86.4 92.5 97.9 103.8 109.6 115.8 123.8 131.1 137.3 129.7 114.8 106.3 100.5 95.4 89.7 86.6 83.5 82.1 84.7 88.7 94.3 98.7 100.9 97.3 86.7 79.9 78.7 74.3 71.3 71.9 75.1 80.2 86.1
88.6 89.3 86 84.7 90 95 99.5 102 105.4 109.5 111.8 114.1 115.8 116.8 117 117.2 115.9 114.4 112.9 111.8 111.7 110.9 111.2 111.6 111.7 111.3 110.3 108.3 105.9 100.2 96.4 95.7 93.3 90.2 86.2 79.9 78.6 77.5 74.3 76.4 77.1 77.5 74 74.3 78.1 79.2 77.3 74.4 72.2 72.1 74.3 79.7 86 91.7 98.3 106 112.1 118.2 127.4 135.9 140.6 127.5 114 106.3 98.8 94.3 88.6 85 86.6 85.9 89.1 94.8 100.2 104.7 104.5 100.2 88.8 80.4 77.5 72.7 72.4 73.2 76 80.6 86.7
85 81.7 82 88 93.8 97.4 101.5 103.7 107.4 110.6 112.4 114.1 115.6 116.3 116.3 115.5 115 113.7 113.3 113.2 113 113.8 113.4 113.2 112.4 110.9 110.1 108.1 105.3 98.1 91.8 92.1 90.2 87.6 83.3 77.3 76.1 75.2 78.1 79.8 80 78.3 74.4 78.6 79.7 80.9 78.5 76.2 73.1 71.9 73 78.4 85.7 96.2 102 108.1 114.1 122.2 131.6 140.7 143.2 126.2 114.1 105.5 99.1 93.7 88.4 88.6 90.3 89.2 92.7 99.1 106 110.1 108.1 101.8 89.2 79.6 76.3 73.6 74 75.8 78.5 82.4 89
78.5 82.2 86.6 91.9 96 99.1 102.2 105.3 108.4 110.9 112.4 113.5 114.5 114.4 114.3 113.9 113.2 112.7 112.9 113.2 113.8 115 115 114.3 112.8 111 109.2 106.8 103.9 97.4 89.6 88.4 87 84.7 79 79.7 78.8 76.9 79.1 80.2 80.7 78.3 77.8 81.7 82 81.7 80.2 77.7 74.8 73.5 73.1 76.1 87.3 97.9 104.1 109.9 116 124.8 134.8 144.8 145.1 125 113.7 104.7 98.8 93.5 88.2 92.5 92.5 92.8 96 103.1 109.9 113.7 109.9 101.5 89.4 78.8 75.8 73.4 75.7 78.7 79.8 84.5 90
83.8 86.5 90.5 94.4 97.9 100.1 103.3 106.3 108.7 110.6 111.2 112.3 112.6 111.9 111.8 111.8 111.6 111.6 111.8 112.2 113.3 114.5 115.5 114.5 113.2 110.9 107.9 105 102.2 95.4 88.6 85.8 83.4 79.9 81.6 83.4 80.9 79 80.3 81.1 80.3 78 79.6 82.5 83.3 82.3 80.8 78.2 78.1 77 73.6 73.8 88 99.1 105.8 111.6 119 127.5 136.2 148 140.7 122.1 112.8 104.7 98.5 92.9 90 96 94 95.9 100.1 107.4 113.9 116.2 110.3 101.4 88.1 78.3 74.7 75.3 78.1 80.9 82.7 85.8 90.6
85 89.3 92.6 95.8 98.9 101 103.9 106.3 108.6 109.3 109.9 110.4 110.4 109.5 109.2 109.9 110 110.7 110.8 110.9 111.7 112.9 114.5 114.9 113.4 110.5 107.5 104.6 101.4 95.6 88.7 84.5 82 82.1 84.5 84.9 83.2 81.3 82.5 83.3 81.8 78.7 79.2 83.2 83.8 83.2 81.6 81.4 81.9 80.6 77.8 73.1 88.4 98.5 105.6 113 121 129.4 139.6 147.6 137.6 121.2 113 104.8 98.9 92.9 93.3 97.8 97.1 99.4 105.3 111.3 116.7 117.1 110.5 100 85.7 78 75.6 78.8 80.1 83.3 85.8 86.6 90.2
86.3 89.9 93.6 97.1 98.8 100.6 103.1 105.1 106 107 108.1 107.5 108.2 107.3 106.7 107.5 108.1 108.9 109.2 109.4 110.5 111.6 113 114.3 114 111 108.1 104.8 101.3 96.4 89.5 83.8 82.7 83.4 85.9 85.6 83.7 83.5 84.6 85 82.9 79.3 80.2 83 84.3 84.9 84.7 84.5 83.7 83 82.2 76 86.2 98.5 106 114.6 122.8 131 142.7 149.3 135.3 119.5 111.6 104.6 98.3 93.1 96.8 101.3 101.4 104 110.1 115.4 119.4 117.9 110.6 99 85 77.5 77.4 80.7 80.6 83.7 86.6 89.3 91.9
87.1 90.3 93.6 96.5 98.2 99.6 101.8 103.3 103.6 104.9 105.4 104.1 105 105.5 104.9 105.4 106 106.8 107.5 108.9 110.1 111.5 112.7 114 112.9 111.5 108.8 104.7 100.5 96 91.2 87.4 86.4 86.5 86.9 86.3 84.6 84.9 85.8 86.1 82.7 81.6 82.7 83.3 84.8 86.3 86.5 87 86.3 86.9 86.3 75.9 84.6 98.4 106.5 114.3 124.6 133.3 144.3 150 132.3 119 110.2 104.3 98.9 95.5 97.6 102.9 103.9 108.1 113.4 118.7 122 118.4 107.6 95 83.5 77.1 80 82.6 82.6 84.7 87.9 91.3 94.5
87.2 89.4 92.2 95.1 96.9 98.4 100.6 101.6 102.4 103.5 103.4 104.1 104.7 103.4 102.1 103.1 103.9 104.7 107.1 108.9 110.2 111.6 112.7 113.9 113.8 112 110 106.7 103.9 99.3 96.5 92.8 90.4 93.9 90.3 86.9 86.3 86.3 84.9 84.1 82.7 83.3 83.9 84.2 85.7 87.5 88 89.1 88.9 90.5 85.9 78.5 86.9 97.5 107.8 115.8 125.5 135.4 146.1 147.8 129.3 119.5 111.1 105 100.6 96.2 100.1 104.1 107 111.5 116.7 123 124.5 117 103.6 90.9 82.8 78.6 81.1 84.7 85.2 86.8 89.6 93.4 97.1
86.1 89.2 91.1 93.8 95.2 97 98.2 99.1 100.6 101.4 100.8 100.7 100.8 99.1 98.6 99.5 100.9 104.1 107.3 108.9 110.1 111.7 113.1 114.1 113.9 112.6 110.7 109.2 107.2 104.4 100.5 94.7 98.1 98.9 94 88.7 88.4 86.9 84.1 83 83.6 84.8 85.5 86 87.8 88.8 89.7 91 90.8 90.8 84.1 78.5 91.2 99.4 109.9 119.2 127.1 137.2 147.9 144.2 127.5 119.6 111.8 105.5 100.6 98 103.1 107.8 111.9 116.1 121.1 127.9 125.2 114.2 99.1 86.8 80.5 79.7 82.3 84.9 87.5 89 91.1 95.1 100.2
83.3 87.4 89 91 93 95.2 94.9 96.1 98.1 98.2 97.4 95.4 95.6 94.8 95.3 97.4 100.6 105 107.9 109.2 110.7 112.1 113.4 114.2 114.1 112.9 111.8 110.5 109.1 107.2 102.9 99.4 102 99.8 96.9 93.7 91.7 89.2 84.8 84.1 85.2 88.1 88.5 87.6 89.1 90.9 90.6 90.5 90.2 89.5 81.7 79.9 92.3 101.6 111.6 121.3 129.9 140.9 150.7 144.7 126.5 118.6 111.4 105.8 100.5 101.8 105.7 110.3 115.3 121.3 127 130.2 129.8 115.9 96.1 87.6 82.7 80.6 84.1 85.6 89.1 91.5 94.1 99.1 103.9
74.4 78 83.7 86.6 90.6 92.2 90.5 91.6 93.8 94.7 93.2 90.3 90.6 94.2 96.9 100.3 102.8 106.3 108.4 110.6 111.9 112.6 113.4 114.1 113.8 112.8 112.3 111.8 110 107.5 104.3 103.8 104.3 101.7 100.1 98.2 95.5 91 86.8 86.3 87.1 90 90.5 89.7 90.9 90.7 90.5 89.9 90 89.3 80.3 80.7 92.3 103.7 113.2 124 133.8 144.6 152.9 145.5 126.4 118.4 110.8 105.1 102.5 105.6 109 114.7 120.5 126.2 130.8 135.3 130 116.8 99.1 89.4 83.7 81.9 86 87.9 90.2 93.7 97.5 101.6 105.8
74.4 74.5 75.2 82.4 89.5 86 85.1 86.8 88.2 87.7 86 89.7 89.2 93 98 101.1 103.5 107.4 109.4 111.4 112.6 112.9 113.1 113.3 113 113.1 112.7 112.5 110.7 108.4 106.7 107.3 107.4 105.6 104.7 102.5 99.3 95.3 92.7 91.7 91.7 91.6 92.6 91.8 91.5 90.9 90.2 89.7 89.2 85.1 78.4 83.8 95.3 105.8 115.1 126.7 137.6 147.2 151 138.2 126.1 118 111.6 106.8 106.3 110.3 113.4 118.4 125.3 131.1 136.3 137.3 128.9 114.5 98.9 91.1 85.4 84.1 89.4 91 92.2 95.7 99.7 103.9 108.3
81.6 80.6 79.1 74.7 86.5 80.6 80.3 82.3 83.9 86.6 90.5 95.4 93.6 91.5 96.9 101.2 104.7 107.5 109.8 111 111.4 111.6 111.8 112.5 112.4 112.6 113.1 113.1 111.3 109.5 108.3 108.6 109.1 108.8 107.5 105.6 102.7 101.7 99.5 97.3 94.3 93.1 93.7 92.6 91.7 91.2 90.5 87.6 84.6 83.2 78 88.6 96.6 108.5 118.8 130.5 141 149.5 148.2 135.1 125.4 117.6 113 109.3 110.5 114.4 118.4 124.5 128.9 133.9 139.6 141.1 128.5 113.1 98.5 91.6 86.5 84.2 89.7 93.4 94.6 97.8 101.9 106 110.8
