app/static/ascii/SO73.asc
ncols 200
nrows 200
xllcorner 370000
yllcorner 230000
cellsize 50
[rows 0 to 37 of 200, columns 86 to 171 of 200]
135.3 136.1 135.7 136 136.1 137.5 138.6 139.8 141.7 143.9 145.9 147.8 150 151.6 153 154.9 156.3 158.7 162 166.5 171.5 177.2 182.7 194.2 203.6 204.9 212.5 227.2 243.1 254.4 272.1 298.7 320.6 323.2 317.3 309.5 296.7 279.5 257.8 235.2 220.6 207.4 208 208 207.8 203.3 204.5 201.8 190 172.8 155.3 142.8 133.4 126.2 120.5 114.4 110.9 107.9 103.9 99.7 96.5 93.8 93.2 92.2 90.3 89.6 88.3 86.5 85.9 85.1 83.8 82.4 80.9 78.5 76.2 74.2 72.5 71.9 71.8 72 73.1 69.2 64.9 61 59.3 56.7
138.7 136.7 135 134.4 135.4 137.3 138.4 139.5 141.2 143.3 145.3 146.9 148.7 149.6 151 153.1 155.4 157.7 160 163.3 167.5 172.7 178.4 187.6 192.6 197.7 207.9 222.5 237.7 251.8 268.6 295.7 316.1 308.1 298.9 289.3 277.7 263.1 244.5 225.7 213.4 208 208 208 208 193.4 191.6 198.2 191.1 175.9 157.6 144 133.9 126.7 121 115.7 111.7 108.3 104.6 101.1 97.7 94.3 90.8 89.6 87.9 86.6 85.9 85.3 86.6 86.1 84.4 83 81.2 78.8 76.9 75.3 74.2 73.7 73.3 74.3 73.9 67.4 61.9 60.1 58.3 56.1
141.5 136.9 134.3 133.4 135.2 137.1 138.4 139.3 140.9 142.7 144.7 146.3 147.8 149.4 152.6 155.1 158.3 160.2 162 163.7 166.5 170.3 175.2 180.7 187.1 196.3 205.3 219.2 234.5 249.8 264.8 291.7 311 302.5 286.2 269.6 257.7 243.8 229 217.3 205.2 208 208 208 205.5 184.2 179.3 188.1 188.2 174.1 156.8 143.8 134.6 127.3 121.7 117.2 112.9 109 105.6 102.2 98.8 94.1 90 87.9 84.1 83.5 82.8 82.8 85.1 87.4 85.4 83.7 81.8 79.8 78.7 77.4 76.3 75.8 75.5 76.3 73.1 64.3 59.2 57 55.4 54.4
140.9 136 132.9 133 134.7 136.5 138.2 139.1 140.7 142.4 144.1 145.8 148.5 151.7 155.3 158.6 162 164.6 166.6 166 167.5 169.7 174.4 180.1 186 195 204.1 216.6 232.1 248.1 259 287.4 306.8 305.5 288.7 268.9 250.6 239.5 232.3 221.9 208 208 207.6 206.8 190.8 183.3 174.6 174.1 179.2 168.1 154.1 142.5 134.7 127.7 122.3 117.6 113 109.3 106 102.3 97 91.9 89.1 87 84.1 80.6 79.7 80.3 81 83.2 84 84.5 82.6 80.8 80.2 79.5 78.3 77.8 77.3 75.2 66.4 59.3 57 55.4 55 54.4
136.6 132.9 131.7 132.7 134 135.8 137.7 138.9 140.6 142.2 144.8 147.3 150.9 154.8 158.7 162.2 166.9 171.7 171.6 170.7 170.1 171.5 174.5 180.2 187.5 195.1 203.5 215 230 241.9 258.4 282.6 304.9 312.3 294.2 273.6 262.4 255.8 238.3 221.4 214.3 217.5 220 210.6 201.7 192.6 180.9 164.4 160.2 156.2 147.4 135.6 129.3 123.8 119.6 115.6 113.2 109.5 105.4 100.2 95 90.4 88.3 86.1 83.2 80.3 79.1 78.1 77.5 78.8 79.3 79.9 80.6 80.9 81.5 80.1 77.4 75.2 70.9 65.7 59.8 56.8 55.6 55 55.2 54.4
132.3 130.4 131.2 132.5 133.8 135.3 137 139.3 141.9 144.5 147.1 150.4 154.1 158.6 167 174.6 179.7 179.6 180.8 176.9 175 175.2 176.6 181.3 188.8 196.2 203.9 216.2 230.8 246.2 262.6 284.2 308.2 318.1 304.6 289.2 276.9 256.8 237.4 226.8 230.1 232.9 224.4 221.2 221.4 213.7 199 185.1 170.9 157.9 140.9 128 122.6 118.2 114.1 109.9 108.3 106.5 101.7 96.6 92.3 88.8 86.5 84.7 82 80.2 78.9 77.5 76 75.6 76.3 77.1 77.8 76.5 75.8 71 65.8 64.2 62.5 61.7 58.4 56.6 55.3 55.3 55.2 54.3
129.3 129.7 131 132.2 133.5 135.5 138 140.9 144.4 147.1 149.7 153.4 162 170.5 172.4 170.7 169.3 169.8 173.9 179.2 182.1 181.6 180.2 182.8 189.5 196.7 205.6 218.9 234.5 249.8 265.3 284.3 309.7 324.9 316.8 304.1 280.3 257.7 242.6 237.9 246.7 238.6 234.7 238.5 243.4 234.3 219.1 208.7 194.4 174.5 148.4 130.9 120.6 114.7 110.5 106.4 102.9 100.4 97.8 94 90.4 88 85.9 83.5 81.3 79.8 78.2 76.7 75.2 74.1 74.5 75.2 76 72.6 68.5 65.5 63.4 61.3 60.1 59.2 59.3 58 57.4 55.9 55.1 54.3
128.2 129.8 131.1 132.4 133.8 136.6 139.4 142.3 145.8 149.4 153.1 163.5 167.9 165.2 161.8 158.8 158.1 161.1 165.4 172.7 180.8 185.1 185 186.2 190.8 198.5 208.8 221.5 237 249 259.8 277.6 301.6 320 321.6 312 287.6 264.4 249.5 255.4 262.6 250.5 252.3 256.8 261.4 253.6 239.8 226.6 203.4 176.5 153.3 135.5 124.5 115.6 110 106.4 102.7 99.4 96.6 94 91.2 89 87.4 84.9 80.7 79 77.4 75.9 74.5 73.3 72.6 73.4 72.5 69.8 67.5 64.8 63.8 62.6 61.3 60.5 61.1 61.2 58.5 56.5 55.1 54.4
127.9 129.5 131.3 132.6 134.6 137.1 140.6 144.3 148 152 162.8 164 158.9 154.4 151.9 150.2 151.5 156 160.7 167 175.1 182.1 185.9 188.7 193.9 200.8 211.9 224.3 236.3 239.4 249.3 266.2 286.7 307.1 319.3 315.5 293.7 274.2 264.5 276 277.3 272.1 272 271.9 267.4 257.7 245.3 227.3 203.8 177.5 157.6 144 132.8 124 115 109 104.7 102 98.7 95.4 92.3 90.2 88.8 85.9 80.8 78.3 76.6 75.1 73.8 72.6 71.5 71.5 69.6 68.1 66.9 65 65.2 65.1 64.1 64.1 64.3 62.1 59.8 57 55.3 55
128.3 129.8 131.3 132.9 135.2 139.1 142.8 146.3 151.7 162.4 160.1 155.1 150 147 144.9 145 147.9 151.5 156.4 162.1 169 176.6 182.8 189.5 196 204.1 217.1 226.8 230.5 227.6 237.1 252.5 270.4 289.5 308.4 316.9 295.5 283.9 280.8 291.5 283 273.6 270.1 265.3 258.2 248.2 235.1 216.9 194.6 171.2 156.5 145.6 136.8 127.9 119.2 113 108.1 104.5 100.9 97.4 94.1 91.5 90.2 86.8 81.6 78 75.9 74.3 73.1 71.9 70.7 69.6 68.5 67.4 66.3 65 65.2 65.3 65.5 64.8 62.6 60.5 58.9 57.8 55.4 55.5
128.9 130.5 132.1 134.3 137.2 140.9 144.7 150.7 162.1 156.9 152.3 148 144.8 141.9 140.5 142.3 145.6 148.8 153.3 157.9 164 171.4 178.6 187.4 196.6 207.2 217.2 223.8 223.7 219.4 224.6 236.8 252.2 271.5 291.2 305.1 289.3 284.5 286.1 289.9 279.4 267.3 259.8 255.9 248 236.7 222.2 204.3 182.6 165.8 154.2 144.9 137.4 129.7 120.8 114.6 112 108.8 105.2 101.4 98 95.1 90.6 86.7 81.4 77.8 75.6 73.5 72.4 71.2 70.2 69.2 68 66.8 65.6 65 64.9 64.8 64.7 63.1 60.9 59.5 58.4 57.3 56 55.8
129.6 131.3 132.9 135.8 139.2 142.9 149 160.3 153.9 149 145 142.1 139.5 138.3 138.1 140.2 143.3 146.3 150.1 154.9 159.6 166.4 173.9 182.8 192.2 202.7 212.3 218.2 218 213.3 212.8 224 236.2 254.7 274.8 285.8 274 273.8 281 286 272.6 262.1 253.8 244.8 236.8 226.1 210.5 192.1 170 158.2 150.6 143.4 136.6 129 121.5 117 115.4 112.8 108.9 104.7 99.9 95.3 90.5 85.7 81.2 77.9 75.8 73.6 71.8 70.9 70 68.9 67.7 66.5 65.4 64.5 64.2 64 63.7 61.6 60.1 59 57.8 56.8 56.2 55.8
129.9 131.9 133.9 137.5 141.1 146.2 158.3 151.3 146.1 141.5 138 136.4 136.7 135.6 136 138.4 141.4 144.4 147.6 151.4 156.5 162.1 169.4 178.3 186.2 195.2 204.3 210.6 211.7 203.7 202.7 214.6 224.1 237.4 254.2 266.7 257.7 254.3 271.5 281 267.6 253.9 247.7 237.7 225.3 209.2 195.2 179.7 162.6 154.9 148.3 141 134.6 128.2 125.6 124.3 120.3 115.5 110.9 105.3 99.6 95.1 90.4 85.6 80.9 78.1 76 74 72.5 71 69.7 68.6 67.5 66.4 65.3 64.4 63.9 63.5 62.7 60.7 59.4 58.4 57.5 56.9 56.4 56
131 132.8 136.1 139.9 143 156.4 151.1 144.2 137.7 134.2 132 132.7 133.3 133.5 134.7 137.2 139.6 142.4 145.5 148.9 153.3 158.7 164.6 172 178.2 182.7 191.1 198.2 198.9 195.7 195.7 204.9 212.1 218.5 229.1 239.9 239.2 242.6 260.9 278.2 266.4 247.9 238.2 228.6 215.9 201.6 188 171.9 160.8 154.1 147.2 141.4 136.3 132.6 131.3 126.8 121.3 115.8 110.5 104.4 98.9 94.4 89.8 85.8 81.3 79.1 76.8 75.4 73.9 72.5 70.4 68.9 67.5 66.3 65.2 64.3 63.7 63.2 61.9 60.6 59.6 58.9 58.1 57.3 56.8 56.4
132.5 134.6 138.4 142.5 152.1 149 142.3 135.2 130.2 128.5 128.7 129.8 131.1 132.5 133.7 135.3 137.7 140.1 143.8 146.9 150.2 155.4 160.8 166.8 173.1 177.5 182.3 189.4 187.6 187 189 193.4 197.2 203.2 207.7 215.8 224 236.1 260.6 275.8 266.2 246.3 232.3 223.8 214.7 209.9 203.6 182.1 162.1 156 153.1 150.8 145.8 140.5 133.6 127.7 121.2 115.4 109.8 103.6 98.2 93.4 88.6 85.4 83.1 81.3 79 77.4 75.7 73.5 71.4 69.8 68.4 67 65.6 64.6 64.3 63.4 62 60.6 60 59.4 58.6 57.8 57.2 56.8
134.7 137.8 141.3 149.3 147.4 141.4 132.6 126.2 126.2 128 128.9 129.4 130.2 131.5 132.8 134 136.1 139.2 141.8 144.9 148 151.9 156.8 162.3 167.8 172.3 175.4 177.8 179.9 180 182 185.2 188.2 192.9 201.8 213.1 229.3 246.2 263.2 271.1 264.4 248.3 243.4 238.8 232.4 224.2 210.2 186.8 163.8 157.5 154.2 151.4 149.4 141 132.3 126.2 120.1 115.2 111.1 104.3 97.4 92.3 88.2 85.7 83.5 82.5 80.8 78.6 76.7 74.5 72.5 70.5 68.9 67.3 66.2 65.4 64.9 63.5 62.1 60.7 60 59.5 58.9 58.3 57.6 57.2
137.2 141.4 146 146.9 136.2 130.6 123.7 125 126.6 128 129.3 130.2 130.8 131.4 132.6 133.9 135.7 137.8 140 142.7 146.5 150 153.9 158.1 163.1 165.9 168.4 170.9 171.4 173.2 176 179.9 184.7 195.2 205.3 216.5 233.4 250.4 269.9 272.3 266.5 259.6 256.7 246.5 235.7 223.4 206.7 184.4 163.4 155.6 149.9 140.7 138.9 136.8 130 122.8 116.4 113.9 109.4 103.9 97 91 88.8 86.2 83.9 82 79.7 77.6 75.6 73.8 72 70.1 69 67.7 66.4 65.2 64.3 63.3 62.1 60.7 60 59.5 58.9 58.4 58.1 58
141.9 147.6 149.4 137.5 127.1 122.4 123.9 126.1 128.2 129.5 131.4 133 133.1 133.2 134.5 135.9 136.3 138 140.1 141.9 145 148.4 151.9 156 158.8 162 163.5 165 166 169.3 172.6 177.3 186.3 197.2 207.8 217.4 229.9 245.5 267.7 271.8 271 263.3 258.4 246.5 232.3 218.4 201.3 180.4 162.1 153.3 147.5 136.7 124.1 129.6 126.3 118.9 109 106.6 103.6 99.2 94.3 88.7 86.5 86.1 82.2 79.1 76.9 74.9 73.2 71.7 70 69.4 68.2 67.1 65.8 64.6 63.6 62.6 61.6 60.8 60.2 59.8 59.4 59 59.1 59.6
147.8 150.1 140.4 129.8 123.2 121.8 123.8 125.8 128.4 130.5 132.7 134.4 134.9 135.1 136.6 137.8 138.3 138.7 140.3 142 143.5 146.8 150.2 152 154.8 158.2 160 161.3 164.3 167.8 172.2 180.4 189.3 198.2 209.3 218.2 227.4 240.3 256.4 265.4 263.9 256.6 247 238.5 227.3 209.5 187.9 170.2 158.1 151.4 145.7 135.7 123.8 114 110.4 108.8 110.7 105.3 98.7 94.5 92.8 90.7 86.1 82 80.5 77.6 75.7 74 72.2 70.3 69.2 68.6 67.4 66.3 65.2 64.4 63.6 62.9 62.1 61.7 61.3 60.5 59.9 59.7 60.2 60.7
153.8 145.4 133.3 125.6 119.9 121.5 123.3 124.6 126.6 128.7 131.2 133.6 134.6 136.8 139 139.8 140.2 140.7 141.1 142 143.6 145.4 148.3 150.9 153.6 156.1 157.8 161.4 165.1 168.5 175 183.1 191.7 200.3 210.9 219.8 228.6 240.6 247.2 254.8 255.8 248.9 237 222.5 209.4 196.9 180.7 162.8 154.4 148.6 144.5 138.8 128.2 115.5 106.4 100.4 102.7 105.4 102.4 98.2 95.2 91.8 88 84.7 79.9 76.4 74.6 73.2 71.3 70.1 69.1 68.4 67.7 66.9 66.1 64.9 64.2 63.4 62.7 62.8 62.4 61.6 60.9 61.5 61.8 62.2
150.1 137.7 127.8 120.4 119.6 121.1 122.8 124.5 126.2 128.3 130.1 132.5 135 138.9 141.3 141.7 142.1 142.6 143.5 143.6 145.5 146.7 148.2 150.2 152.8 155.5 158.6 162.3 165.9 169.6 176.5 185.1 193.7 203 212.8 220.8 229.6 244 235.3 233.1 240.9 241.5 230.9 217 192.4 177.8 171.2 157.2 149.2 145.1 142 138.3 131.2 118.7 108.4 99.2 94.2 94.4 95.8 97.8 96.1 93 88.1 83.3 79.2 75.9 74.2 72.3 71.2 70.3 69.4 69.1 68.6 67.8 66.8 65.5 64.8 64 63.6 63.9 63.5 62.9 63.3 63.9 64.5 64.7
141.6 130.4 122.2 119 120.3 121.9 123.5 125.1 126.7 128.5 130.1 133.4 137.9 142.2 143.8 143.6 144.1 145 146 146.5 149.8 150.9 150.7 150.9 153.3 156 159.2 162.7 166.4 170.3 177.3 186.3 195.5 205.6 214.8 222.2 232.3 245.3 230.2 222 223.8 232.3 223.9 215.9 203.2 181.4 162.4 151.6 143.5 139.7 136.3 130.9 125 118.7 109.9 100 94.9 90.4 86.8 89.2 90.4 88 85 80.6 77.5 75.8 74 73 71.9 70.7 69.8 69.4 69.4 68.7 67.6 66.3 65.1 64.6 64.7 65 64.9 65.2 65.7 65.9 65.7 65.6
133.5 125.4 117.9 118.6 120.5 122.3 124.2 125.8 127.6 129.6 132.4 136.6 141 144.1 146.1 147.1 148.3 149.8 150.2 149.5 154.2 155.2 156.3 155.8 155.5 156.4 159.7 163.2 167.1 171.2 177.7 186.8 195.9 207.6 217 224.3 234.4 248.2 230.9 219 211.3 215.1 212.4 211.6 200.9 180 161.4 146.9 137.6 133.9 129.9 124.5 118.6 115.8 108.2 101 95.4 91.3 88.3 84.6 81.8 81.1 79.6 78.6 77.2 75.6 74.6 73.8 72.9 71.7 70.7 70.2 69.8 69.6 68.4 67 65.9 66.5 67.2 67.8 68.2 67.3 66.4 66.2 66 65.9
127.1 121.9 117.6 119.5 121.4 123.2 125.4 127.6 129.5 131.6 134.4 138 142.2 145.4 147.9 150.3 151.3 152.7 153.6 153.4 158 159 160.1 162 163.4 162 161.4 163.6 167.9 173.1 179.1 186.6 196.7 209.8 219.1 227.4 237.7 252.1 239.2 219.8 206.5 194.3 191.4 187.5 185.4 172.5 153.7 141.5 132.5 128.5 124.6 119.6 114.4 111.7 105.7 100.6 96.2 93.1 90.1 87.4 86 83.4 80.7 78.9 77.4 76.4 75.6 74.7 73.9 73.2 72.5 71.9 71.4 70.6 69.5 68.3 68.2 69 70 70.3 70.1 67.9 67 66.5 66.3 66.2
123.1 119.3 117.7 119.9 122.5 125 127.4 129.7 131.6 133.5 135.6 138.1 142 145.6 148.7 151.4 154 155.6 157.3 158.1 159.9 161.9 165.2 167.7 170.7 171 168.2 165.3 170.1 176.2 184.7 191 199.8 212.7 222 230.3 240.8 258.1 243.7 221.4 208.2 197.5 182.1 171.2 160.7 160 148.1 136.2 128.9 124.5 120.5 115.4 113.2 110.3 105.5 101 97.1 94 91.9 90.1 86.8 83.8 81.8 79.6 78.2 77.3 76.5 76.3 76 74.9 74.3 73.7 72.8 71.6 70.6 70.1 70.5 71.2 70.6 68.7 66 65 66 66.2 66.5 66
120 117.4 117.7 120 122.3 125.6 129.1 131.8 134.9 137.7 139.4 139.3 138.9 142.1 146.3 151.4 154.7 156.5 159.5 162.7 164.3 166.5 171.3 173.7 175.9 177.1 174.3 170.9 172.7 179.8 188.7 197.2 206.3 216.2 224.7 233.6 243.8 261.3 248 223.5 207.3 194.2 183 175.2 165.7 151.7 140.1 132.9 126.6 121.1 116.4 112.9 111 108.9 105.6 101.8 98.1 94.8 92.1 90.1 87.1 84 82.2 80.2 79.2 78.4 78.1 78.4 78.2 77 76.1 75 73.8 73 72.6 72.3 72.5 72.4 68.3 60.5 57.6 58.5 62.5 64.9 63.4 62.6
115.2 115.1 116.8 119.4 121.8 125 128.6 132.5 136.8 140.6 142.8 144 144.1 142.1 144.9 148.1 152.6 157.5 160.7 165 167 169.9 174.2 178.9 182 184.8 182.8 179.9 173.3 182.2 191 200.5 210.9 219.9 228.2 236.5 246.9 264.1 250 226.1 206 194 183.9 176.9 169.8 160.1 144.2 132.3 125.3 119.8 115 111.2 107.9 105.4 102.7 100.3 97.7 94.9 92.2 89.7 86.6 84.2 82.3 81.3 80.4 79.6 79.7 79.7 79.3 75.8 71.4 70.1 73.4 75.2 74.6 72.4 70 64.4 57.5 53.6 52.4 53.4 57.7 60.5 59.5 58.8
112.5 114.8 117.4 119.7 121.7 124.4 127.9 132.8 139.5 143 145.8 148.6 148.6 146.9 145 151.5 153.6 156.1 159.5 165.2 170.4 173.4 178.1 183.4 188.1 191.4 190.2 187.9 179.2 185.8 194.2 203.2 213.7 222.7 230.9 240.5 252.2 266.5 252.7 224.9 203.8 191 181.8 174.9 165.6 156.2 145.1 133.8 126.3 119.9 114.9 110.5 106.7 103.2 100.9 98.7 96.2 93.6 91.5 89.2 86.3 84.3 83.2 82.7 82.1 81.1 81.3 79.9 75.9 69.9 64.5 62.2 66.6 69.4 68.4 63.5 60.4 55.9 53.2 51.4 49.9 50.6 53.2 56.2 55.4 54.6
113 115.9 118.6 121.3 123.6 125.9 129.3 136.7 143 145.6 149.3 152.7 152.7 151.3 149.5 152.1 157.3 160.8 162.3 166.6 171.3 176.2 182 187.4 192.4 195.4 195.2 193.2 182.9 190.5 198.9 207.4 216.3 224.8 233 242.7 253 268.4 256.7 229.4 200.7 185.5 175.9 170.7 161.9 152.3 142.7 134 127.6 121.1 115.2 110.6 106.7 103 99.2 96.7 94.5 92.3 90.6 88.6 85.8 85 84.6 84.1 83.6 81.5 79.8 77.5 71.3 64.6 61.8 59.1 58.2 56.7 55.8 55.7 55.8 55.2 54.3 52.5 50.5 49.2 50.8 52.1 51.3 50.5
113.6 116.4 119.2 122.1 125 127.6 134.4 141 145.5 149.2 152.9 156.6 157.7 156.7 155.3 154.1 159.9 165.8 167 168.5 174.2 179.2 185.2 191 196.2 199.4 200.6 198.1 191.4 194.9 203.3 211.8 221 227.4 234.8 243.3 253.2 265.3 254.1 229 202.7 183.2 174.4 167.8 160.3 153 143 133.2 126.6 121.3 115.7 110.7 106.9 103 99.1 95.6 93.4 91.7 90 87.9 86.5 86 85.6 85.4 82 77 74.9 72.4 65.9 62.2 60.3 58.9 57 55.9 54.8 54.9 54.6 53.8 53 51.8 49.8 48.6 48.7 49.3 48.4 47.4
114.1 116.9 119.7 122.6 125.5 128.5 136.6 142.2 147.1 150.9 154.7 159.2 162.3 162.6 161.6 159.8 156.8 168 173.4 174.7 174.8 182.5 188.4 194.3 199.6 203.8 205.1 202.8 199.8 198.6 207.6 216.2 225.1 230.5 235.5 242.5 252.6 261.4 244.7 221.1 199 183 172.8 164.4 158.9 152.1 142.8 132.2 125.8 120.6 115.3 110.6 106.8 102.9 99 95.2 93.1 91.7 90.2 89 87.7 87 86.4 84 78.8 74.3 71.6 69.5 67.3 64.6 62 59.6 57.6 56.8 55.4 54.2 53 51.8 51.4 50.7 49.1 48.1 47.6 46.7 46 45.3
114.7 117.5 120.3 123.1 126 129.1 136.2 142.7 147.9 152.3 157.2 162.1 165.4 165.4 168 167.6 165.1 163.3 174.2 178 180.3 185.7 191.6 197.5 203.2 208.4 208.6 207.5 206.7 208.1 213.1 220.4 226.8 230.7 236 242.3 249.8 255.9 238.7 214.3 192.7 180.9 170 161.2 155.9 147.9 137.1 130.2 125 119.8 114.5 109.9 106.3 102.8 98.9 95.2 94.5 93 91.8 90.6 89.2 87.7 85.3 82.1 79.7 77.9 77.3 74.9 72.7 68.6 64.2 60.4 59.6 60.2 58.9 56.6 53.8 51.1 50 49.3 48.2 47.2 46.8 46.2 45.3 44.7
115.3 118.4 121.4 124.4 130.2 136.7 135.4 139.5 143.7 149.3 157.8 164.9 167.6 169.5 172.7 174 171.7 170 171 178.7 183.3 188.7 194.5 200.2 206 211.4 213.2 213.5 213 215.6 218.7 223.3 227 229.3 231.6 236.3 243.1 249.6 232.3 209 188.8 177.2 167.2 159.7 152.4 144.3 136.1 130 124.4 119 113.8 109.3 105.6 102.1 99 96.2 95.3 94.3 92.4 90.4 88.7 86.4 83.8 81.2 79.9 78.5 77.2 74.8 72.9 67.7 63.8 62 61.7 64.2 62.5 58.9 55.6 52.2 50.6 49.6 48.6 47.3 46.7 45.8 44.7 44.3
115.8 118.8 122.8 128 134.7 140 141.7 145.2 150.6 156.3 160.6 163.1 171 174 176.8 179.7 178.7 176.5 173.4 179.2 185.3 191.1 196.9 202.8 208.6 213.2 216.2 217.8 219.9 222.2 223.9 225 224.1 221.9 222.8 226.4 234.6 243 229.5 205.9 185.7 173.6 163.7 156.6 149.2 140.5 133.8 128.7 123.4 118.1 113.4 109 104.9 101.7 99.6 97.6 97.2 95 92.7 90.4 88.2 85.3 82.3 80.8 80 78 75.4 72.5 70.1 67.2 65.8 64.5 64.3 65.6 64.1 59.9 56 52.9 51.5 50.4 49.3 48.1 46.6 45.9 45.3 44.4
116.5 120.3 124 129.6 135.8 141.2 145.4 150.6 156.4 161.7 166.9 170.2 171.7 177.5 180.4 184.1 186.1 183.4 179.9 180.5 187.6 193.7 199.8 205.6 210.2 214.9 218.1 220.9 223.8 225.2 225.7 224.6 219.3 214.6 209.4 213.5 224.2 233.7 225.4 200.1 182.5 169.5 159.4 151.8 144.4 137.1 131.6 126.6 121.4 116.1 112.2 108.2 104.2 102.2 100.3 99.5 98.1 95.9 93.6 91.3 87.7 83.2 80.8 81 81.3 80.8 78.2 76.3 70.8 67.3 65.8 64.5 65.3 65.4 64.1 60.4 56.6 54 52.5 51.3 50.1 48.8 48 47.3 46.6 45.9
118.7 122.6 127.7 134.3 139.2 144.1 150.6 156.7 162.2 167 171.8 176.3 179.4 179.8 184.9 188.8 191.3 189.4 186.1 185.2 191.6 196.6 202.7 207.3 211.9 216.5 219.8 221.2 222.9 224.5 226.7 222.3 216 208.4 195.2 199.3 208.1 220.3 217.7 195.3 177.4 165.7 154.7 147.7 140.9 134.9 130.1 124.8 119.4 114.3 110.4 107.5 105.1 103.2 101.3 100.4 98.8 96.8 94.5 91.7 86.9 81.9 78.9 80.8 81.6 79.4 75.4 72.4 69.5 66 65.6 64.9 66.1 67 65.5 62 58.4 55.4 53.9 52.7 51.9 50.8 49.7 48.7 48.1 47.5
120.3 124.5 131.4 138.5 142.9 148.5 155.3 161.7 166.8 171.8 176.6 181.4 185 186.6 189.2 193.3 197.2 195.2 192.9 190.2 195.4 199.9 206.2 211.5 216.2 220.2 219.9 218 216.6 218.6 219.7 215.7 209.8 195.3 189.1 184.9 187.4 178.9 209.3 187.4 170.4 158.7 149.4 142.7 137.7 133.2 128.3 123.5 118.7 114.8 111.2 107.5 106.1 104.1 102.1 100.7 99.3 97.8 95.3 91.2 84.5 76.9 73.1 74.7 73.4 69 67 65.7 64.8 64.6 64.2 65.6 66.8 67.6 66.3 63.4 60.5 58.9 56.8 55.7 54.9 53.7 52.6 51 50 49.4
122 126.1 133.1 139 144.2 151.2 158.8 164.5 170.4 175.6 180.7 185.8 191.2 193.3 193.8 198.5 203.1 201.9 200.5 198.4 201.9 205.9 210.3 215.8 220.7 221.5 217.4 209.1 206 209.1 202.8 202.3 195.5 185.8 179.7 171.2 173.9 169.4 198.9 176.7 161.7 151.3 143.5 137.6 133.1 130.3 127.2 123.3 119.3 115.8 111.8 106.2 105.8 104.1 100.4 97.5 93.4 94.7 93 87.2 79.6 72.9 69.8 67.7 65 62.6 61.9 61.9 61.6 63.1 65.3 67.3 67.3 66.1 64.3 62.9 62 61.2 60.2 58.9 57.8 56.7 55.4 53.4 52 51.4
