app/static/ascii/SO91.asc
ncols 200
nrows 200
xllcorner 390000
yllcorner 210000
cellsize 50
[rows 0 to 34 of 200, columns 0 to 78 of 200]
37.6 37.8 37.3 37.1 36.6 36.5 37 37.4 37.1 37.1 38.4 39 39.1 41 43.4 43.8 45.2 45 43.9 43 44.3 45 44.1 44.4 45.5 49.1 48.7 48.7 50.6 51 50.7 50.1 50.2 50.5 51.2 52.3 52.9 52.8 52.4 53.1 55.9 55.8 55.9 56.4 56.5 56.2 56.8 57.7 58.2 59.4 60.3 60.5 61.2 61.7 62.5 63.2 62.8 64.1 65.6 65.5 64 63.7 65.2 65.2 64.5 63.6 64.1 66.3 68.7 73.9 75.8 75.4 75.1 75.5 75.8 74.4 74.8 76.2 77.3
39 38.4 38.1 38.2 38.4 38.7 38.9 39.2 38.6 38.4 39 39 39.2 40.7 42.9 44.1 45 45.8 45.1 43.9 44.6 44.2 45.1 45.4 44.7 45.6 49.2 49.1 51.1 51 51.1 50.7 50.2 50.5 51.4 51.7 52.3 52.6 52.3 52.9 54.3 55.7 55.7 56.5 56.8 56.7 57.4 58.1 59.1 59.8 60.5 60.7 61.2 62.7 63.3 64.1 64.7 65.6 66.1 65.9 64.8 64.7 65.2 66 66 65.7 65.3 67 69.6 74.3 75.7 75.3 75.6 76.1 76.4 74.5 74.4 76.1 77.9
39.6 39.1 39.3 39.6 39.9 39.6 39.9 40.2 40.2 38.9 38.9 39.2 40.4 41.3 42.3 44.1 44.2 45.3 46.5 46.9 45.5 46.1 48.4 49.7 50.4 50.4 49.5 49.1 49.1 50.6 49.9 49.1 50 50.5 50.8 51.1 51.6 52.2 52.2 53.2 54.2 56.1 56.5 56.5 57 57.3 58 58.6 59.3 60.2 60.7 61 61.3 62.7 63.6 64.9 65.9 65.3 66.2 66 65.5 65.6 65.8 65.6 65.6 66 66.3 68.2 70 73.8 75.6 75.6 76.1 76.6 77.1 76.1 75.5 77.2 78.8
39.5 39.9 41.2 41.1 41.2 40.7 40.9 41.3 41.2 38.9 38.9 40.2 40.9 41.9 43 44.2 44.2 45.6 46.8 47.1 46.4 48.1 50.3 51 51.1 51.3 51.1 49.5 49.3 49.5 49.1 50.5 50.5 50.1 50.3 50.5 51 51.6 52.5 53.6 54.5 56 56.4 56.7 57.1 57.7 58.3 58.9 59.5 59.5 60.3 61.2 61.4 61.6 61.9 62.7 65.5 65.7 66 66.4 66.2 66 65.8 66.2 66.7 67.2 67.5 68.1 69.7 73.2 75.9 76.2 76.9 77.5 78.1 78.2 77.8 78.7 80.2
39.5 41 41.6 41.8 41.9 41.3 41.6 41.6 40.1 39.1 39.3 39.9 41.6 43.1 44.1 44.9 45.5 46.3 47 47.7 47.5 49 49.9 51.1 51.3 51.5 51.3 50.4 50.1 49.6 49.1 49.1 50.8 50.2 50.2 50.2 51.1 52 52.9 53.9 54.8 55.9 56.2 56.5 57.1 58 58.6 59.1 59.2 59.8 60.7 61.6 61.8 62.5 62.7 62.8 64.5 65.5 66.5 67.1 67 66.8 66.8 67.1 67.9 68.4 68.8 69.3 69.6 72.7 75.9 76.5 77.3 78.3 79.1 79.7 79.2 79.4 80.9
38.9 40.2 41.2 41.8 41.7 41.8 41.9 41.2 40.5 39.7 39 39.2 41.2 43.8 45.8 45.1 47.5 49.1 48.2 48.9 49.2 49.2 49.7 50.9 50.9 51.7 51.7 52.2 51.9 50.9 49.9 49.1 49.1 51.1 50 50.4 51.3 52.2 52.8 54.2 55.1 55.7 55.9 56.2 57.1 58.1 59 59.9 60.3 60.9 61.6 62.5 61.7 62.7 64.2 64.9 65.7 66 67 67.9 67.8 67.6 67.7 67.9 69 69.5 69.3 69.2 70.1 73.3 76 77.4 78.4 79.4 79.1 80.9 79.1 79.1 80.9
36.4 38.7 40.6 41.4 42 42 43.1 42.3 41.5 40.9 40 38.9 40 42.8 45.2 45.4 47.8 50.4 51.1 51 50.9 50.5 50.5 50.4 50.9 52 53.1 53.8 53.2 52.3 51.3 50.4 50.3 49.8 49.6 50.6 51.4 52 52.7 53.3 54.5 55.3 55.5 56.3 57.2 58.2 59.2 60.2 61.2 62 62.8 63.1 61.5 63 65 66 66.6 67.2 67.5 68.6 68.5 68.6 68.7 68.9 69.1 70.2 69.5 70.3 71 73.7 75.8 78.6 79.5 80.1 80 80.9 79.6 79.3 80.2
34.2 38.3 40.5 41.2 41.9 43.3 44.3 43.5 43.6 43 42.4 39.7 38.9 40.6 44 44.1 45.6 49.2 51 51.1 51.1 51.1 51.3 50.9 51.2 51.9 53.1 53.7 54 53.8 52.8 51.9 51.6 51 50.8 51.2 51.8 52.4 52.9 53.5 54.1 54.8 55.4 56.4 57.4 58.4 59.4 60.5 61.3 62.1 62.9 64.7 62.8 64.2 65.4 66.5 67.3 67.9 68.6 69.1 69.4 69.6 69.8 70 70.2 70.5 70.3 71 72.3 74 75.7 78.5 80.8 81.3 81.6 81.8 81.3 79.2 79.8
36.7 35.3 40 40.3 41.1 44.7 45.8 45.2 45.5 45.9 44.7 42.5 42.6 43 44 43.9 44.2 44.7 47.4 50.8 51 51 52.3 51.2 50.4 51.5 52.5 53.7 53.9 54.2 54.3 53.3 52.9 52.5 52.3 52 52.6 53 53.5 54.1 54.7 54.5 55.6 56.4 57.3 58.4 59.5 60.4 61.4 62.3 63.4 65 65 66 65.7 66.9 68 68.6 69.2 69.9 70.5 70.7 71 71.2 71.4 71.6 71.7 72.3 73 74.7 76.4 80.3 81.2 82.1 82.5 82.9 82.3 80.6 79.3
40.4 39.1 38.9 39.3 40.3 45.2 45.9 45.9 45.9 45.9 45.9 43.9 45.9 45.9 45.6 44.3 45 44.8 44.2 44 45.1 47.9 49.5 49.9 50.2 50.5 51.1 52.1 53.3 54.3 54.6 55.4 54.2 54 53.7 53.4 53 53.5 54.1 54.6 55.3 55.4 56.2 56.9 57.6 58.4 59.1 59.9 60.7 61.9 62.8 63.9 66 66 65.8 67 68.3 69.3 69.9 70.6 71.3 71.9 72.1 72.4 72.6 72.8 73.1 73.4 73.7 75.5 78.1 80.2 81.5 82.8 83.4 83.8 83.1 81.7 80.5
41.9 39.9 39 39.3 39.1 43.6 45.9 45.9 45.8 45.8 45.8 45.5 44.2 45.9 46.9 47.2 48.1 48.1 47.4 47 46.4 46 44 45.6 49.6 50.5 50.7 50.7 52.1 53.6 54.6 55.8 55.2 55.1 55 54.8 53.9 53.6 53.9 54.3 55.5 55.9 56.4 57.2 57.9 58.7 59.4 60 59.9 60.7 61.1 62 63.9 65.5 65.9 67.2 68.4 69.7 70.6 71.3 72 72.6 73.7 73.5 73.7 73.7 73.7 74 74.3 75.4 78.3 80.7 82.4 83.9 84 85.3 84.6 83.4 82.3
43.5 42.1 41 39.9 38.9 41.3 45.9 46 46.2 45.7 45.8 45.9 44.4 46.7 47.7 49 50.9 50.8 50.9 50.9 50.9 50.7 48.2 47 48.8 49.7 50.2 50.9 52.1 53.3 54.7 56.1 56.1 56.1 56.1 55.2 55.1 54.9 54.6 55.2 55.8 56.6 56.9 57.4 58.1 58.9 59.6 59.7 60.1 60.2 60.4 61.2 62.8 64.9 66.7 67.4 68.7 69.5 70.6 71.7 72.7 73.3 74.3 75.7 75.4 74.9 74.7 74.3 74 77.2 80.2 82.7 83.1 85.6 84.5 86 84.8 84.1 83.6
44.9 45.3 43.9 42.8 39.2 39.3 45.3 46.1 46.3 46.4 46.8 46.5 46 47 48.6 49.7 50.7 50.5 50.8 51.1 51.5 50.6 50.2 49.8 50.5 49.1 49.3 49.8 51 52.7 55.1 56.1 56.1 56.1 56.1 56.1 56.9 57.1 56.6 56.8 57 57.2 57.6 57.9 58.4 59.1 59.4 59.3 60.1 60.8 61.4 62.2 63 65.2 67 69.4 69.7 69.5 70.6 71.7 72.8 73.9 74.8 75.4 75.8 76.4 75.9 75.3 76.1 78.7 82.2 84.6 83.9 85.3 86.4 87.6 85.3 83.9 83.9
45.4 45.5 45.2 45.5 43.6 39.1 41.5 45.6 47.1 48.1 48.6 48.4 47.9 48.1 49.9 50.8 50.8 50.9 51.5 51.8 52.1 51.7 50.8 49.7 50.8 51.2 51.7 49.4 49.4 50.9 53.6 55.9 56.1 56.1 56.1 56.5 58.9 59.5 58.2 58.5 58.5 58.1 58.8 58.9 59 59.4 60.2 60.5 61.2 61.9 62.9 63.6 64.1 65.4 68.2 71 70.6 70.9 71.7 72.7 73.6 74.5 75.4 76.3 77.3 77.8 78 77.5 77.4 79.4 82.8 85.9 83.9 85.5 87.6 87.7 85.4 83.9 83.9
46.4 47.3 47.2 46.9 45.4 40.1 41.6 46.3 47.9 50.4 50.6 49.9 49.6 49.3 49.9 50.5 51 51.5 52.2 52.6 52.9 52.8 51.8 51.1 51.9 53.1 54.6 54.9 51.5 50.9 49.9 54.2 54.4 56.1 56 56.8 58.9 60.7 59.9 59.1 59.3 59.3 59.2 60.6 61 60.4 60.7 61.2 61.9 62.6 63.1 65 65.2 66.7 68.4 71 71.2 71.3 72.4 73.2 74.1 75.1 76 76.9 77.9 79.1 79.7 79.4 79.1 79.3 82.4 86.9 86.7 86.8 87.8 86.6 85.2 83.9 83.9
47.5 49 48.9 48.7 46.4 41.3 41.7 45.1 48.2 51.1 51.1 51.1 49.8 49.3 49.7 51.2 51.5 52.1 52.8 53.3 53.7 54.2 53.1 53 53.2 54.3 55.1 55.7 55.4 53.6 52.3 54.1 54.1 54.1 55.1 55.2 57.1 59.1 58.6 59 59.2 59.5 59.8 60.7 60.7 61 61.5 62 62.6 63.3 64 64.4 65.9 67.8 69.8 70.3 70.5 71.8 72.9 73.8 74.7 75.6 76.5 77.4 78.4 79.6 81 79.7 79 80.1 83.4 86.2 89.4 88.5 88.9 87.7 86.5 85.2 84.3
48.7 51.7 51.6 50.5 48.1 44.7 43.9 44 46.3 50.5 51 51 51.1 50.8 50.5 51.2 52 52.8 53.4 54 54.6 55.4 54.9 55 54 55 55.7 55.6 55.4 54.9 54.6 54.6 54.1 54.1 54.6 54.6 54.6 56 56.5 57.7 58.5 58.7 59.1 59.8 60.6 61.4 62.2 62.8 63.3 64 64.7 65.2 66.8 68 69.5 70 71 72.2 73.4 74.3 75.3 76.2 77.1 78 78.9 79.4 81.1 81.7 81.8 82 83.3 85.6 88.1 89.8 90 88.8 87.5 86.1 85.9
50.2 55.9 55.2 53.1 50.5 47.4 44.1 44 44.3 47.8 50.8 50.9 51.1 50.1 50.9 51.6 52.4 53.2 53.9 54.8 55.7 56 56 55.5 54.1 55.8 55.3 55.8 56.4 56.3 56 55.6 55.3 55.1 54.8 54.5 54.1 54.2 55.1 56.6 57.4 58.6 59.8 61.1 60.6 61.5 62.3 63.1 63.9 64.5 65.1 66.6 67.7 68.9 70.1 71.9 72.6 72.9 74 74.9 75.8 76.7 77.7 78.6 79.5 79.5 81.1 82.5 82.8 83.2 84.4 85.1 87.9 90.4 90.9 89.4 88.1 87.4 87.5
50.7 55.8 55.7 55.3 52.9 49.1 44.8 43.9 43.9 46.4 49.4 51.1 50.9 50.5 51.3 52.1 52.9 53.6 54.4 55.9 55.9 55.7 55.4 55.8 55.1 55.5 56 56.5 57.1 57.1 56.7 56.3 56 55.7 55.6 55.5 55.5 54.3 55.1 56.2 57.3 58.3 59.4 61 60.7 61.7 62.8 63.9 65.1 65.9 66.1 67.7 69.4 70.8 71 72.4 73.7 75.1 74.9 75.9 76.8 77.8 78.7 79.7 80.6 80.7 81.7 83.1 84 84.3 85.2 86.6 88.3 90.4 90.6 90.9 88.6 88.3 88.9
50.3 55.8 56.2 56.6 54.2 50.8 44.6 45.6 44.7 44.4 47.1 50.9 50.3 50.5 51.4 52.3 53.1 53.9 54.7 56.1 55.8 55.7 55.5 55.6 55.6 55.9 56.8 57.3 57.9 58.2 57.5 57.1 56.7 56.3 56.2 56.9 55.7 54.4 55.3 56.2 57.3 58.2 59.1 60.9 60.4 61.3 62.5 63.9 65.3 65.7 66 67.8 69.4 70.1 71.9 73.3 74.7 75.6 75.8 76.8 77.7 78.7 79.7 80.8 81.6 82.4 82.7 84.1 84.8 85.9 86.6 88 89.3 90.1 90.1 90.4 89.8 89.8 90.5
49 55.2 57.5 57.7 55.1 53 43.9 48 47.9 45.5 44.3 50.5 50.3 50.5 51.5 52.4 53.3 54.1 54.9 56.2 56.2 56.1 56 56.3 56.1 56.3 57.4 58.1 58.7 59 58.3 57.9 57.5 57 57.3 58.2 57.6 56.1 56.3 57.2 58.1 58.9 59.5 59.5 60.1 61.2 62.6 64.1 64.7 65.3 65.7 67.7 68.8 69.9 71.2 74 75.3 76.2 76.8 77.4 78.3 79.3 80.2 81.7 82.5 83.3 84.2 85 85.6 86.9 87.9 89.2 90.4 91.3 91.2 91 91 91.3 92.3
48.9 53.2 57.5 59.7 56.6 52 44.4 51.1 51.1 49.5 43.9 49.8 50.4 50.6 51.5 52.4 53.3 54.2 55.1 56 56.6 56.5 56.8 57.1 56.8 56.8 57.8 58.9 59.4 59.8 59.3 58.7 58.3 57.8 58.1 59.2 59 58.4 58.2 58.7 59.6 60 59.9 60.5 61.2 62.1 63.3 63.9 64.7 64 65.8 68.2 69.3 69.2 69.5 72.7 75.1 76 76.8 78.1 78.9 79.8 81 82.5 83.5 84.3 85.1 85.3 86.6 87.9 89.2 90.3 91.2 92.1 92.7 92.5 91.9 92.1 93.1
49.6 51.9 56.3 57.1 55.7 52.2 43.9 50.4 50.4 50.5 48.2 48.8 50 50.6 51.5 52.4 53.5 54.5 55.9 56.4 56.9 57.2 57.6 57.9 57.6 57.3 58.2 59.3 60.2 60.5 60.7 59.5 59 58.5 58.8 60 60.7 61.1 59.7 60.9 60.3 60.4 60.8 61.6 63.1 64.1 63.9 65 64.7 64.8 66.1 69 70.9 70.7 70 72 74.8 75.5 76.1 77.6 79.3 80.5 81.9 83.3 84.5 85.3 85.4 86.4 87.8 89.1 90.3 91.2 92.1 93 93.9 94 93.6 93.5 94.3
50.7 53 56.1 56.5 55.8 51.4 48.9 50.7 51.6 51.7 49.5 49.1 49.3 50.7 52 53 53.9 54.3 55.9 55.7 56.7 57.7 58.2 58.6 58.4 58 58.6 59.7 60.9 61.1 61.1 60.5 59.8 59.3 59.6 60.5 60.8 60.6 59.7 60.3 60.6 60.9 61.3 63.9 65.7 65.4 65.4 66.1 66.7 66.7 66.2 68.7 70.9 70.2 71.3 72.6 73.9 74.1 75.6 75.4 77.9 80.4 81.8 83.3 85.2 85.5 86.5 87.6 88.9 89.5 90.3 91.5 92.8 93.8 94.7 95.6 95.4 95.4 96
53 54.3 54.5 55.1 52.4 49.2 49.9 52.4 54.9 53.8 51.3 49.1 49.1 50.6 52.5 54 55.1 56.1 56.1 55.4 56.7 57.9 58.4 59.1 59.4 58.9 58.8 59.2 60.9 60.6 60.5 60.3 60.1 60.1 60 60.8 60.8 60.5 60.8 61.2 61.4 61.3 62.4 65.8 65.7 65.8 67.3 68.3 68.8 69.1 68.6 68.4 71 70.8 72.8 73.2 73.8 73.2 73.8 74.5 75.7 78.2 79.7 80.7 83.4 84.3 86.1 87.6 88.8 89.4 90.2 91.5 92.8 94 95.5 96.5 97.4 98 98.3
55.3 55.1 55.1 53.1 50.6 49.2 50.8 54.1 56 56.1 52.8 50.2 49.1 50.6 52.5 55 56.1 56.1 56.1 55.2 56.6 57.9 58.8 60.2 60.4 59.5 59.6 59.7 60.4 60.5 60.7 60.8 60.9 60.9 61 61 61.2 61.4 61.8 62.5 63.7 63.3 63.8 65.5 65.6 66 68.2 70 70.3 70.6 70.5 70.2 70.1 72 74.5 75.4 75.6 75.8 76.7 77.5 77.3 79.2 79 79 82.3 84 84.8 85.5 87.6 89.3 90.2 91.5 92.9 94.3 96.3 98.1 99.1 100 100.7
55.7 55.8 55.6 52.8 50.2 49.4 52 55.5 56.1 56.1 54.7 52.2 50 50.6 52.8 55.2 56 55.9 55.7 55.6 56.9 58.4 59.8 61.1 60.9 60.4 60.6 60.7 61.2 61.5 61.7 61.8 61.8 61.9 61.9 62.1 62.2 62.7 63.1 63.7 65.1 65.7 65.7 65 65.7 66.5 68.4 70.1 70.9 71.4 71.9 71.9 72.1 73.4 74.9 76.4 77.5 77.9 79 80.2 79.7 80.3 80.5 82 84.1 85 86 87.1 88.6 88.9 90 91.8 93.2 94.6 97 99.3 100.8 102.1 103.4
55.9 55.9 55.8 52.5 49.9 49.8 52.8 55.9 55.8 56.1 56.1 54.7 52.6 52.7 53.9 54.6 56.1 55.7 55.3 56.2 57.7 59 59.3 60.4 60.5 60.9 61.4 61.8 62.1 62.4 62.6 62.8 62.8 62.9 63.1 63.3 63.1 63.7 64.2 64 64.6 65.4 66.1 66.1 66.5 67.6 71 70.7 71.7 72.3 72.9 74 74.5 75.1 76.2 77.5 79.5 80.8 81.8 82.4 82.2 83.5 84.2 85.2 87 88.9 89.9 91.6 92.3 91.8 90.2 91.8 93.7 95.5 97.5 99.5 101.8 104.1 105.2
56 56.1 56 52.9 49.5 50.3 54.8 55.4 55.7 56.4 56.5 55.7 54.3 54.1 54.1 54.1 55.2 55.9 55.6 57 58.6 59.5 60.7 60.6 60.6 61.1 61.7 62.5 63.1 63.4 63.6 63.6 64 64.2 64.4 64.5 63.9 64.5 65 65.2 65.2 66.1 66.9 67.1 68.4 69.3 70.8 72 72.3 73.2 74.2 75.2 77.4 77.4 77.9 79.6 82 84.8 87.2 88.1 87 86.8 87.6 89.6 91.4 93 93.9 95.3 96.2 95.4 94.2 93.9 95.5 97.7 99.7 101.7 103.7 105.6 107.2
56.2 56.1 56.1 52.5 50.2 50.6 55.5 56.4 57 57.5 57.3 56.5 55.4 54.1 54.1 54.1 54.6 56 55.8 57.2 59.2 61 60.9 60.5 60.6 61.9 62.7 63.5 63.7 64.5 64.8 64.8 64.3 64.2 65.3 66.3 64.8 65.2 65.7 66.4 66.3 66.9 67.6 68 69.9 70 72.2 73.3 74.4 74.5 75.3 76.4 79 80.2 81 82.5 84.4 90.2 93.5 94.8 94.6 93 91.8 94.3 97.3 99.3 100.8 100.7 99.4 96.2 94.6 94.1 97.2 101.2 103.4 104.7 106.7 108.7 109.5
56.2 56.1 55.5 53.2 51.5 54.7 56.2 57.3 58.3 59.1 59 58.3 56.7 54.9 54.2 54.5 55.5 56 55.2 57 59.1 60.3 60.4 60.4 60.9 62.1 63.6 64.4 65.5 64.8 65.7 65.6 65.7 65.4 65.9 66.9 65.9 65.9 66.4 66.9 67.7 67.9 68.5 69.2 70.2 71.8 73.5 74.7 75.7 76.8 77.4 79 80.8 83.5 85.1 88.8 92.9 95.1 98.3 100.8 101 100.5 101.4 105.2 107.3 107.5 106.8 105.4 101.4 98.5 99.6 98.1 99.3 103.7 107.3 109.1 112.3 114.7 114.7
56 56.1 54.4 54.4 54.9 55.3 56.7 58.1 59.3 60.6 60.6 59.7 57.9 56.1 54.1 55.1 55.5 56 54.3 56 58.4 60.4 60.2 60.3 61.2 62.3 63.5 65.3 65.6 65.3 65.9 66.3 66.3 66.6 66.9 67.6 66.9 66.9 67.1 67.6 68.5 69 69.5 70.2 71.2 72.9 74.7 76 77 78.8 80.8 83.5 85 88.4 91.9 95.1 97.3 99.8 103.4 105.7 106.6 109.6 111.8 115.3 115.7 114.9 112.9 109.6 103.9 102.9 104.5 102.4 99.6 105.2 111.5 115.3 119.1 121.4 121.8
56.1 56.1 54.1 54.2 54.2 55.6 56.9 58.4 60.2 61.1 61.1 60.9 59.1 57.1 55.5 55.3 55.5 56.1 54.1 54.8 57.6 60.6 60.2 60.4 61.5 62.6 63.7 65.2 65.7 65.3 65.8 66.4 67.4 67.6 67.8 68.3 68 67.9 68 68.4 68.9 70.1 70.9 71.6 72.3 73.7 75.5 76.6 78.7 82.5 86.1 89.1 91.4 93.4 96.5 99.7 102.8 105.2 108.9 110.1 113 116.3 120 123.1 125.3 123.8 120 112.3 105.8 107.3 110.9 107.4 103.7 106.1 112.4 120.3 126.6 129.2 129.6
56.1 56.1 54.1 54.1 54.1 55.2 57 58.6 60.2 61 61.3 61.4 59.5 57.4 56.3 56.4 56.6 55.6 54.8 55.4 57.5 59.8 60.4 60.6 62 63.1 64.3 64.1 65.6 65.5 65.7 67.5 68.6 68.9 69 69.1 69 69 68.9 69.2 69.7 71.4 72.7 73.4 74.1 74.5 75.9 78.4 83.1 87.3 90.5 93.5 97.5 100.4 101.9 104.8 108.8 111.5 114.7 118.3 121.2 125.1 132.9 135.1 135.3 133.5 127.3 116.8 110 112.6 115 114.1 109.8 107 111.4 121.8 130.4 136 137.2
56.1 56.1 55.3 54.1 54.9 54.7 56.5 58.3 59.8 61.4 63.2 61.8 59.8 57.3 57.4 57.5 57.4 56.9 56.6 57.2 58.3 59.6 60.1 60.7 62.3 63.8 64.9 65.4 65.5 65.5 66.5 68.6 69.5 69.8 70.3 69.4 69.1 69.1 69.8 70.4 71.5 72.8 74.5 75.2 75.8 76.2 78.1 84 88 91.4 94.4 97.4 100.5 103.9 107.4 111.5 116.7 117.4 120.8 126 127.1 133.8 140.4 142.7 145.9 141.6 130.5 122.7 114.3 118.4 122.6 122.6 116.6 111.7 116.1 121.6 130.9 138.4 146.3
