app/static/ascii/SO93.asc
ncols 200
nrows 200
xllcorner 390000
yllcorner 230000
cellsize 50
[rows 38 to 75 of 200, columns 86 to 171 of 200]
89.6 94.6 101.2 104.2 107.4 108.5 109.9 113.5 115.1 115.8 113.4 106.3 100.7 106.1 107.7 104.6 110.5 118 126.9 130.5 134.7 135.6 132.7 132.5 131.5 132.4 138.5 143.8 144.1 143.8 139.8 133.1 124.4 118.2 110.5 109.2 117.8 125.4 132.9 137.6 141.1 144.1 145.9 150 153.3 156.1 158.1 160.9 162.8 162.4 161.6 160.7 155.9 150.5 154.2 162.8 173.1 178.1 181.3 183.6 186.9 189.6 191.5 192.9 194.3 195.8 197.6 200.7 201.7 203.1 203.2 205.1 206.4 206.1 204.7 203.1 202.6 202.4 197.7 190.9 186.6 185 181 174.4 169.1 164.8
85 90.8 95.2 98.4 100.7 100.5 103.5 107.4 108 108.7 108.9 103.9 97.3 99 101.9 101.3 108.2 114.7 121.7 125.2 127.3 125.9 124.6 123.8 123.9 128.3 135.7 136.2 136.9 137.2 135.2 128 120.8 112.9 105.8 106.1 113.8 121.1 126.2 130 132 136.8 142.8 147.3 150.5 153 155.2 156.9 157.9 157.7 156.4 153.2 146.3 146.3 153.2 162.2 171.8 175.7 178 178.8 180.8 183.2 184.9 187.1 188.8 189.2 190.2 192.1 192.4 195 195.4 199.9 203.1 204 202.5 198.9 195.5 195 190.2 185 179.6 177.1 173.1 166.7 164.3 159.7
83 87.8 90.1 92.3 94.4 94 99.1 102.3 103.4 104 104.2 100.3 93.9 92.7 96.3 98.3 106 111.4 115.3 117.8 118.4 117.4 116.4 116.4 120.7 126 129.5 131.8 133.5 131.5 128.4 123.9 114.9 106.7 103 103.4 108.5 114.7 120.1 123.8 126.9 133 138.6 141.4 144.9 147.4 150.3 151.6 153 152.9 150.2 144.9 139.9 146.8 156 163.9 166.8 170.6 173.2 173.9 175.1 176.7 179.1 181.5 184.3 185.3 184.4 184.4 185.4 186.2 187.3 190.9 192.9 194.7 194.1 189.7 184.2 186.5 183.9 178.8 174 171.3 166.3 160.6 156.9 152.9
80.5 84.1 86.4 87 88.9 89.4 95.7 97.5 96 97.6 98.3 94.7 89.9 87.4 89.1 95.6 101.6 105.6 109 111.2 111 109.3 108.9 112.1 116.9 121.2 122.8 125 125.5 124.8 122.5 116.8 109.6 102.6 98.8 99.7 105.5 111.2 117.5 122.3 127.7 130 133.6 136.2 138.7 139.1 141.7 144.1 147 146.2 141.2 135.2 138.1 145.6 155.8 158.8 162.4 166.4 168.8 170.4 171.6 173.6 175.5 177.7 180.5 181.1 180.1 180.1 180.2 181.5 180.5 182.3 184 185.3 182.8 179.3 175.2 176.2 177.2 172.6 166.8 165.5 160.8 154.7 150.1 145
78.1 79.3 81 80.5 81.6 86.4 90 89 88.9 90.1 90.1 88.5 85.2 84.2 86.3 90.7 94.5 97.9 102.3 104.9 104.7 102.5 103 106.6 111.1 114.5 116.5 118.8 119 118.2 116.1 108.6 103.2 98.3 94.9 97.8 105.8 111.3 116.1 121 124.4 126 127.7 130.3 132.7 133.4 134.6 137.4 139.2 138.4 134.2 131.7 137.3 146.1 152.1 155.2 159 162.7 165.3 166.9 168.4 170.8 172.4 173.2 175.7 176.5 175.2 174.3 174.9 175.3 174.2 174.5 176.2 177.6 174.2 169.6 167.8 167.1 167.7 164.1 158.5 158 154.1 150.4 144.4 138.1
74.7 74.7 75.2 74.5 76.7 80.7 82.7 82.6 81.9 83 82.9 81.7 80.9 80.5 82.6 85.1 88.7 92.2 93.9 96.1 96.4 95.4 97.7 101.5 103.5 105.8 109.2 111.7 112.7 111 107.6 101.5 97.3 92.9 91.1 99.3 107.1 111.2 113.7 118.4 121.5 123.3 123.7 124.2 126 129.4 129.3 131.4 132.5 131.8 124.7 129.9 137.9 143.3 148.4 152.1 156.9 160.1 161.7 162.5 165.5 167.7 168.5 169.2 171.4 171.7 170.7 169.5 169.2 168.9 168 168.6 169.8 171.1 166.5 162.1 157.4 157.4 156.8 154.8 152.7 150.3 146.4 144.9 139 131.8
70.4 70.3 70 70.2 71.6 74.2 75.3 75.3 75.3 75.3 75.6 77.8 77.8 77.3 79.4 79.9 82.4 85.5 88.1 89.4 89.3 87.5 91.6 95.2 97.3 99.1 101.1 103.6 104.1 103.5 100.1 96.1 92.7 88.2 90.5 99.6 106 109.1 111.6 115.4 119.4 120.8 121.5 121.1 122 121.7 122.4 125.8 128.5 126.5 122 129.6 135.6 141 145 149.8 153.1 154.8 156 160.3 162.7 163.3 164.8 165.1 167.8 168 167.1 165.6 165.2 165.7 164.3 164.3 165.5 165.3 158 154.1 150 148.5 147.7 145.5 143.6 140.9 138 136.2 133.3 127.2
64.5 65.7 65.6 67 66.8 68 69 69.9 70.5 71.5 72.8 74.6 75 75.2 76.5 75.8 76.7 79.8 80.6 81.5 80.1 81.5 86.3 88.8 91 93.4 94.8 96.5 97.9 97.5 94.9 89.7 86.1 84.8 90.4 97.7 102.8 106.4 109.9 112.4 115.4 117.5 118.9 118.9 118.6 118.4 119.1 120.4 121.5 119 120.9 129.1 132.3 135.5 141 144.4 146.3 146.1 152.1 157.4 159.2 158.6 159.5 162.2 163.8 164.2 164.3 161.8 161.4 162.9 160.9 159.9 160.7 158.8 150.8 145.3 142.3 142.4 140.3 137.5 135.8 132.9 130.4 128.2 124.5 123.1
60.4 62.3 62.9 63.4 63.8 64.4 65.4 66.5 67.4 69.1 70.8 72.1 72.5 72.4 73.4 73 72.4 72.4 73.4 74 73.4 76.2 78.8 80.6 83.2 85.6 88.9 91.9 92.9 91.8 88.6 83.8 82.3 83.6 87.8 94 100.1 104.8 107.7 109.9 112 113.7 115.5 116.1 115.7 115.4 116.2 117 115.9 115.3 121.1 124.6 126.7 129.7 134.7 137.9 136.4 143.4 149 151.9 154 152.3 154.3 158.1 159.9 161.4 161.6 157.6 152.8 154.5 151.6 151.8 153.7 152.2 144.9 137.8 137 136.1 133.7 132.5 128.4 128.5 125.1 121.2 117.1 115.7
59.4 60.3 60.6 60.9 61.5 62.1 63.2 64.6 65.5 67.3 68.3 69.6 69.8 69.9 70 70.1 69.7 68.5 68.1 69 69 69.7 72.2 74.4 75.9 78.1 81.1 83.9 85.5 84.2 81.4 79.3 79.2 82.2 87.4 93.4 98.5 102.8 105.6 107 109.1 110.2 112.1 113.7 113.1 114.2 114.9 114.5 112.2 114.4 117.8 120.9 122.8 124.1 124.9 127.9 131.1 138.6 143.4 146.1 147.6 144.4 150.5 154.2 155.5 157.4 156.3 149.8 144.7 145.3 141.9 145.1 146.7 144.9 138.6 132.6 129.3 128.6 127.7 126.9 123.7 121.1 120 115 110.6 107.4
57.4 58.4 58.4 58.6 59.5 60.6 62.1 63.2 64 65.4 66.1 67.3 67.8 67.8 67.6 67.8 68.1 66.3 65.3 65.7 65.7 65.8 65.9 67.1 69.2 71.7 74.4 77.1 78.4 76.7 76.1 76.8 78.7 81.1 86.5 92 96.8 99.5 101.9 104.7 106.9 107.6 108.3 109.3 110.5 112.1 112.8 110.2 107.8 111.2 115.9 118.2 119.8 120.7 120 121.6 127.1 130.7 134.6 138.3 139.3 138.8 145.8 148.2 150.7 152.1 150.3 144.7 138.3 135.9 135.7 137 141 139.8 134.3 128.1 123.2 122.1 121.5 119.7 118.1 115.9 112.9 110.6 105.3 101.1
55.1 56.2 56.4 57 58.2 59.4 60.8 61.7 61.8 63.4 64.5 65 65.4 65.5 65.3 66.3 66.4 64.4 62.8 62.5 62.5 62.9 63.2 64.5 66.1 68.5 70 71.6 74 73.7 73.6 75 77.1 79.6 82.8 86.5 90.7 93.7 98.1 102.5 104.5 105 105.5 105.1 106.1 108.9 109 104.1 105.4 112.3 115.1 116.9 118.1 116.8 115.6 118.1 122.3 124.9 128.4 131.6 131.4 133.7 139.5 141.9 145 146.3 144.5 138.7 133.7 130.9 131.4 133.2 133.5 135.7 138.2 125.5 118.4 115 114.9 113.3 111.8 110.8 106.3 104.4 102.9 97.3
53.6 54.8 55.1 56.1 57.3 58.5 59.3 59.5 60.5 62.3 63.4 63.9 63.1 63 63 65.5 65 61.7 60.3 60.7 60.6 60.9 62 63.4 64.6 67.6 68.7 70.9 70.9 71.3 72.4 73.7 75.6 77.9 79.7 81.1 84.2 89.3 92.6 97.6 100.8 102.3 101.9 100.9 102.4 104.1 100.3 98.5 105.7 110.6 112.4 114.4 115.1 112.1 112.9 115.7 118.4 120.5 124 127 124.9 129.2 133.2 135.5 138.3 139.8 138.8 135.8 131.1 123.5 122.8 125.1 128.4 131.8 134.5 126.3 118.7 112.3 108.6 106.8 104.3 103.4 100.9 98.1 96.5 93.1
52.3 52.7 54.1 55.2 55.7 57.1 57.4 57.7 58.9 60.9 61.5 62.1 61.3 61.3 61.3 62.6 61.9 59.2 58.2 58.3 58.9 59.1 60.2 62.2 63.7 65.6 67.4 68.4 68.6 70 70.8 72.3 74.5 75.7 76.4 77.1 79.3 82.9 86.3 90.5 95.1 95.3 95.3 93.8 95.1 96.2 95.2 99.6 104.5 106.9 108.9 110.4 109.9 106.8 109.2 113.9 115.2 116.6 118.3 118.9 120.2 123.7 126.9 127.5 130.7 131.6 132.2 130.8 126.7 119.4 116.4 118.6 123.8 128.1 126.9 121.6 113.1 108.9 103.6 99.7 97.6 95.6 93.3 90.8 87.3 85.2
50.7 51.3 52.6 53.6 54.7 56.1 56.2 56.4 57.9 59.4 60.2 60.5 59.9 59.4 59.8 59.6 58.7 56.9 55.8 56.6 57.2 57.6 59.2 61.1 62.4 63.5 65.1 65.5 67 68.5 70.1 72.5 73.5 73.3 73.7 73.6 74.2 76.5 80 84.1 88.3 88.7 88.1 87.9 89.5 90.8 93.3 98 101.5 104.6 106.7 107.6 107.2 103.9 107.4 108.4 111.4 113 114 112.5 116.1 118.7 120 120.3 123.6 124.3 124.7 123.9 120.3 113.9 109 115 121.2 122.7 120.9 118.3 114.6 108.5 100.8 95.3 90.9 89 85 82.3 80.7 78.3
49.4 50.7 51.9 53 53.8 54.9 55.1 55.4 56 57.3 58.5 58.9 58 58.3 57.8 57 56.3 55.3 55.1 55 55.5 56.6 58.1 59.9 61.5 62.7 64.3 64.1 65.5 67.9 71 72 71.1 71.4 71.3 71 70.7 73 74.9 79 81.1 82.4 82.5 82.9 85.3 88 92.1 95.9 99 102.1 104.2 104 103.5 100.3 102.4 103.9 108.3 109.1 108 109 113.6 114.9 115.7 115.1 117 118.5 119.1 118 114.4 108.2 107.8 113.5 116.7 115.3 113.3 110.9 107.9 103.7 97.3 91.6 88.8 86.4 80.2 75.5 74.2 72.3
48.7 49.9 51.1 52 53.1 53.6 53.9 54.1 56.3 58.1 59.3 59.2 57.7 56.2 56.5 55.9 54.9 54.7 53.8 53.9 54.5 56.3 57.6 58.9 60.4 61.8 62.3 63.8 66.2 68.3 69.6 68.9 69.1 68.9 68.9 68.5 68.4 70.4 72.7 74.9 76.5 78.2 79.4 81.4 84 87.5 89.9 94 97 99.6 100.2 99.1 97.4 95.5 97 103.1 106 104.1 103.8 107.6 110.7 111.4 111.4 110.8 112.3 112.6 113 112.3 107.7 100.9 104.7 109.5 110.7 108.5 107.9 105.5 101.9 96.9 91 88.3 85 83 78 71.6 69.6 69.3
48.4 49.6 50.6 50.8 52.2 52.8 52.9 53.9 55.8 57.1 58.3 57.7 56.3 54.7 54.4 54.2 53.5 53 52.6 53.6 54.1 55.6 56.9 58.2 59.6 60.6 61 64.6 66.8 68.1 68.1 68 67 66.4 66.9 66.2 66.9 69.1 70.6 72.3 74 76.2 78.1 79.5 82.5 84.6 88 91.5 93.7 96.7 95.8 93.9 91.9 90.6 94.5 99.9 99.8 99 102.5 105.7 107 107.8 106.7 107.3 107.9 108.6 106.9 105.6 100.3 95.3 100.4 104.6 104.8 102.5 101.1 98 93.1 89.6 85.5 81.1 79.5 79 74 69.4 68 66.5
47.1 48.1 49.2 49.8 51.1 52.1 52.4 53.7 55.2 56.3 56.6 55.6 54.3 53.1 52.9 52.7 52.7 52.2 52 52.8 53.6 54.6 55.9 57.2 58.6 60.1 62.7 65.1 66.5 66.4 66.5 66 65.4 64.5 64.4 64.9 66.2 67.6 69.4 71.2 73 75.1 76 78.5 78.5 82.7 86.3 87.7 89.9 92.9 91.3 89.2 88.2 87.6 90.7 92.4 93.3 95.7 99.6 100.4 101.9 103.1 101.6 102 102.3 103.1 100.9 98.4 94.5 91.3 97.5 99.9 97.8 95.9 93.9 91.1 86 82.4 78.9 74 70.8 71.8 68.6 65.4 63.3 62.2
46.5 47.9 48.9 49.9 50.7 51.2 51.9 52.7 53.7 54.7 54.9 53.6 52.2 51.2 51.7 51.5 51.3 50.5 51.6 52.5 53.4 54.1 55.1 56.1 58.4 60.5 63.1 63.8 64.6 64.8 65.4 64.6 63.6 62.8 62.8 63.5 64.9 66.1 67.8 69.4 71.1 72.6 73.9 74.7 77.5 79.7 81.7 83.6 85.9 87 86 85.9 88.5 84.7 83.2 85.4 90 95.6 96.9 96.9 97.4 98.6 97.8 96.5 96 98.4 97 91.9 88.5 91 96.3 96.4 91.6 89.2 86.4 83.6 80 75.5 71.2 66.3 63.8 63.1 62.1 60.5 60.3 59.7
46.7 47.6 48.3 48.9 48.9 49.7 51 51.8 52.6 53.2 52.8 51.4 50.5 49.7 50.1 50.3 49.5 49.7 50.8 51.8 52.7 53 53.5 56.1 58.6 60.4 61.9 62.5 63.2 63.4 63.7 63.5 62.2 61.6 61.5 63.1 64 65 66.7 68.7 70.9 71.3 72.3 73.2 75.3 76.7 77.2 78.5 80.4 82.2 81.8 83.4 87.5 84.1 78.7 83.2 90.6 93.7 94.7 94.1 94.9 95.1 93.9 91.1 92.2 94.3 92.9 89.7 87.2 91.9 95.3 95.1 90.9 84.2 79.8 76.9 72.9 69.1 65.5 60.2 59.2 57.7 58 57.8 58 57.9
45.5 46.5 47.4 48 48.7 48.8 49.5 50.8 51.1 51.4 50.1 49.1 48.5 48.2 49.1 48.7 47.9 48.9 50 51 51.9 52.1 53.3 55.7 58.1 59.7 60.9 61.5 62.2 62.1 61.9 61.9 61 60.4 60.6 61.8 62.9 63.9 65.2 67.7 70.3 71.6 70.5 71.8 73 73.6 73.8 74.7 76.9 79 78.4 79.7 82.7 79.8 77 83.7 89.2 90.7 91.6 90.8 93 92 89.6 86.3 88.2 90.6 89.3 86.4 85.6 88.9 91.4 91.9 90.2 84.7 78.4 73.7 68.6 64.9 60.6 57.2 56.2 54.8 54.8 54.8 55.6 55.4
44.9 45.7 46.4 47.1 47.6 48.2 49 50.1 49.8 49.2 47.9 47.3 46.8 46.8 47.5 47.2 47.3 48.3 49.4 50.2 51 51.3 52.6 54.5 57.7 59.5 59.3 60.3 60.6 61.1 60.3 60.5 59.3 58.7 59.4 60.7 62.1 63.3 64.6 66.7 70.2 70.6 69.9 69.9 70.6 71.3 71.3 72.6 74.9 75.8 75 78.1 78.4 74.4 74.6 81.9 86.1 87.1 87.4 88 89.5 88.3 87.4 83.6 84.3 85.3 83.2 79.9 83.6 86.3 87.5 88 86 81.2 75.9 73.4 69.7 63.3 58.6 55.7 53.9 53.4 52.5 52.8 53.7 53.5
44.1 44.9 45.7 46 46.5 47.4 48.3 47.8 47.7 46.5 45.7 45.7 45.2 45.4 45.2 46 46.9 47.9 48.5 49.2 50 50.9 52.4 54.6 57.4 58.5 57.8 58.7 58.9 58.8 59 58.9 57.8 57.9 58.8 59.3 60.5 61.8 63.1 65.6 69 69.5 67.9 68.2 68.3 69.3 69.7 71.4 72.4 70.8 74.1 76.9 75 70.4 71.8 79 83.1 83.7 84.1 84.5 85.1 84.2 83.7 80.7 79.2 79.2 75.5 78.2 82.2 83.1 83.2 83.5 83 80.4 74.7 70.2 70.1 63 58.2 54.7 53.3 52.3 51.1 51 51.8 52.2
43.6 44.4 44.9 45.2 46 46.4 47.2 46.2 45.5 44.2 44.1 44.6 43.7 44.1 44.5 45.3 46.5 47.2 47.8 48.4 48.1 50.2 51.9 54.2 56 57.2 56.8 57.4 57.3 57.4 57.4 57.3 56.2 56.5 57.1 58.7 59.1 60.5 61.9 64.5 67.4 67.6 66.9 66.3 66.7 66.4 67.9 69.3 69.1 68.1 72.2 73 70.5 67.1 70.2 76.6 80.6 80.8 81.2 82.1 82 81.8 81.2 78.3 74.8 75.1 72.2 76.6 79.7 79 78.3 77.5 78 76.4 71.8 65.7 63.3 61.1 59.3 55.5 52.4 51.1 49.5 50 50 50.5
43.1 43.8 44.1 44.5 45.5 46 45.9 44.5 43.3 43.6 43.8 43.6 43.2 43.3 43.9 44.6 45.9 46.6 47.1 47.7 48.1 49.9 51.7 54.2 54.6 55.7 56.4 56.6 56.2 55.8 55.7 55.6 55 55.1 56.3 57.8 58.2 59.1 60.6 62.9 65.2 65.8 65.3 64.7 64 64.6 66.2 67.2 65.7 64.8 67.4 67.4 65.5 64.4 68.9 74 76.8 78.1 77.9 78.9 79 79.1 78.6 75.3 72.6 72.5 71.5 76.2 78 75.5 72.4 71.3 73.5 73.2 68.3 62.1 58.6 60.1 62.1 57.8 53.2 50.1 48.7 48.6 48.3 48.6
42.1 42.7 43.4 43.8 44.6 44.6 44 42.4 41.7 41.7 41.8 42.2 42.5 42.3 43.7 44.1 45.2 45.8 46.1 46.1 48 49.7 51.4 52.8 53.6 55 55.6 55.8 55.2 54.4 54.1 54 53.5 54.4 55.3 56.2 57.1 58.1 59.6 61.4 63 64.2 63.7 63 62.5 64 65.8 66.3 64.6 61.8 62.5 63 61.3 62.9 67.8 71.6 73.5 74 72.6 73.8 75.3 76.4 76 73.5 69 69.4 69.7 73.3 75.3 74.2 70.9 67.8 70.9 70.9 67.3 61.2 56.7 60.7 63.5 59.2 52.9 48.5 47 46.9 46.8 46.9
41.8 42.4 42.4 42.2 43.4 43 40.8 41.7 41.7 42.7 43.1 43.1 42.3 43 43.7 43.9 44.4 44.8 45.4 46.4 47.8 49 50.9 52.2 52.7 53.9 54.3 54.3 54 53.1 52.6 52.4 52.3 53.7 54.2 55.2 56.1 57.1 58.9 60.7 62 62.8 62.5 62 61.8 62.6 64 64.5 62.6 60.8 59.8 60 59.3 62.6 67 69.3 69 68.1 67.7 70.6 72.8 73.3 73.3 72.4 68 65.2 67.2 70.7 71.7 71.1 67.8 64.9 68.4 68.6 66.2 60.7 55.4 58.4 60.3 56.2 51 47.2 45.6 45.5 45.5 45.7
40.9 41 41.2 41.5 42.1 40.3 38.3 40.9 42.4 43.7 45.6 45.5 44.6 44.9 46.1 46.6 46.3 46.3 46.4 47.1 48.3 49.1 49.7 50.7 51.4 52.6 52.9 52.9 51.9 51.7 51.6 51.6 51.5 52.6 53.5 54.3 55.8 57.2 58.7 59.8 60.8 61.2 61.2 60.6 60.3 61.4 62.9 63.2 61.9 59.4 57.9 57.6 57.7 61.7 64.9 66.3 65.1 63.6 65.6 68.4 69.7 70.1 70.5 70.5 67.7 62.8 64.5 64.1 66.1 67.6 64 62.3 65.9 65.3 63.1 59.5 53.6 52.8 53.8 51 48.4 45.7 44.3 44.3 44.4 44.2
40 39.7 40 41.1 40.6 39.9 39.2 40.6 43.4 44.4 45.6 46.8 46.5 47.3 48 48.3 47.9 47.5 47.2 47.7 48.4 48.8 49.1 49.9 50.1 51.5 51.4 51.7 50.7 50.4 50.4 50.3 50.5 51.5 52.4 53.7 55.5 56.9 57.7 58.9 59.7 60.1 59.6 58.7 58.4 59.5 61.4 61.5 60.1 58.9 56.8 55 55.8 59.8 62.6 63.5 61.8 60.7 62.6 64.5 65.6 66.3 67.5 67.1 63.7 60.8 63.7 65.2 65.2 64.2 61 59.5 62.5 61.9 59.4 56.3 51.8 48.8 49 47.7 46.1 44.7 43.5 43 42.4 42.3
39.1 38.7 39.7 39.7 38.6 40.3 41.3 41.9 43.5 44.7 45.5 46.8 47.2 48.1 48.8 49.1 48.7 48.3 48.3 48.4 48.5 48.5 48.5 48.9 49.9 50 50.2 50.2 49.5 49 49.2 49 49.8 50.8 51.8 53.8 54.7 55.8 56.7 57.3 57.8 58.1 57.9 57.5 56.8 57.7 58.6 59.4 59.6 57.4 55.2 54.4 54.4 57.7 60.1 60.8 59 58.5 60.6 60.9 61.4 62.7 64.5 61 60.4 58.8 60.7 63.3 62.7 60.2 57.7 56.4 58.7 57.4 55.5 52.5 49.6 47.1 46.2 46.1 44.6 43.3 42.6 41.7 41.6 40.9
37.9 37.9 39.3 37.7 37.2 38.2 40.8 41.9 43.5 44.1 45 45.8 47 47.8 48.4 48.5 48.3 48.2 48.1 47.8 47.8 47.2 47.4 48 48.4 48.5 48.6 48.7 48.3 48 48.6 47.9 48.9 50.4 51.3 52.2 53.5 54.7 55.6 56.5 56.9 56.8 56.8 56.4 55.5 56 57 57.7 58.1 57.1 55.2 54.4 54.4 53.6 56.4 57.2 56.2 56.7 58.6 58.2 58.6 60.6 61.3 58.9 59 56.9 58.3 60 58.8 57 54.2 53 54.8 54.9 52.7 50.6 47.7 45.5 45.2 44.8 43.8 42.1 41.4 40.7 40.3 40
37.3 37.8 37.3 35.4 36.8 38.5 40.3 41.5 42.5 43.2 43.9 45.3 46.1 46.9 47.5 47.2 47.3 47.8 47.5 47.2 46.7 46.6 46.8 47 47.2 47.1 47.2 47.2 47.3 47.3 47.2 47.8 48.8 49.8 50.6 51.5 52.5 53.2 54 54.8 55.3 55.6 55.5 55.4 54.4 54.4 55.6 56.4 56.6 56.4 55 52.6 50.8 50.5 52.9 53.7 53.2 54.5 56.3 56.3 56.7 58.6 58.9 56.8 56 54.9 55.8 56.9 56 54.8 51.9 49.8 51.8 52.4 50.9 49.2 46.6 44.2 43.1 42.8 42 40.9 40.3 40.2 39.8 39.3
37.5 36.2 35.1 34 36.4 38.8 40.1 40.7 41.4 42.5 43.2 44 45.3 46 46.5 46.4 46.8 46.9 46.8 46 46.3 46.2 46 46.1 46.2 46.7 46.4 46.4 46.1 46 46.7 47.2 48 48.5 49.8 51 51.9 52.4 53.1 53.5 53.8 54.2 54.2 53.9 53 52.9 54.5 55.2 55.2 55.1 54 51.9 49.9 48.9 50.3 50.7 51 52.1 53 53.7 54.1 55.4 55.5 54.6 53.4 53 53.4 53.9 53.1 52.1 49.5 47.6 49.6 49.8 49.2 47.6 45.2 42.7 41.4 41.4 40.6 40.2 40 39.8 39.3 38.9
36.5 35.4 34.2 35.6 37.4 38.6 39.5 40 41.1 41.6 42.6 43.2 44.3 44.5 45.5 45.6 45.3 45.7 45.5 45.2 44.7 45 44.5 45.1 45.7 45.6 45.9 45.7 44.9 45.3 46.4 46.8 46.9 48.3 49.2 50.5 50.8 51.8 52.3 52.6 52.9 53.4 53.2 52.3 51.8 52.2 53.2 54 54 53.8 53.3 51.5 49.6 47.9 46.8 48.4 49.4 49.8 50.6 50.8 52.2 53 53 52.9 50.7 51.3 51.5 51.5 50.4 48.8 46.5 46.2 46.3 46.5 46.3 45.1 43.4 41.6 40.8 40.6 39.7 39 38.5 38.4 38.3 38
35 33.6 34.1 36 37.8 38 38.4 38.8 39.6 40.7 41.8 43 43.2 44.1 44.2 44.7 44.8 44.7 44.5 43.9 44.1 44.5 44.3 43.9 44.5 44.4 45 44.4 43.9 45 45.8 45.8 46.9 48.2 48.5 49.3 50.8 51.3 51.5 51.7 52.2 52.7 52 51.2 50.5 51.3 52.3 52.4 52.4 52 51.5 50.5 49.1 47.2 45.5 46.7 47.8 48.3 48.8 48.8 49.9 49.9 50.5 50.6 50.3 49.1 49.1 49 48 46.3 44.8 43.4 43.8 43.6 43.3 42.4 41.2 40.5 39.9 38.4 37.8 37 38.1 37.9 37.5 37
33.6 33.3 34.3 35.2 36.5 36.8 37.3 38.1 39 39.7 40.8 41.6 42.4 43.5 43.9 44 44 43.9 43.9 43.2 43.4 43.1 43.1 43 43.4 43.8 43.6 43.5 43.7 44.4 45.1 45.7 46.5 47.6 47.8 48.7 49.8 50.2 50.7 51.1 51.6 51.5 51.2 50.3 49.5 50.5 51.4 52 51.9 51.4 50.4 49.6 48.1 46.6 44.7 45 45.8 46.4 46.8 47.1 47.8 47.8 48.5 47.8 47.8 47.7 47.7 46.6 45.8 44.5 43.3 42 42.4 42.3 41.3 40.5 39.9 39.1 37.5 34.5 34.9 36.5 36.5 37.6 37 36.1
32.5 33.8 34.8 34.9 36 35.9 36.4 37.3 38.3 38.7 40.2 40.8 41.7 42.7 43 43.1 43.2 43.4 43 43 42.8 42.6 42.1 42.2 42.5 42.7 42.6 43 43.3 44.3 45 45.4 46.3 46.7 47.2 48.2 48.6 49 49.4 49.8 51.3 50.6 49.7 48.9 48.4 49.2 50.1 50.8 50.6 50.3 49.3 48 47 45.6 44.7 43.5 44.6 45.1 44.7 45.2 45.9 46 46 46 46.1 46.2 46.3 45.2 43.9 42.3 39.8 39.7 40 39.8 39.4 39.3 38.3 37.2 35.3 34.9 35.1 35.9 36.6 36.6 35.7 35.1
