app/static/ascii/SO94.asc
ncols 200
nrows 200
xllcorner 390000
yllcorner 240000
cellsize 50
[rows 114 to 151 of 200, columns 0 to 85 of 200]
19.6 20.3 19.9 19.8 19.7 19.6 18.9 18.5 19 19.4 19.2 20.3 20.8 21.7 22.3 22.3 22.2 23.3 24.8 26.1 26.9 28.1 29.2 30.3 31.6 33.2 34.4 35.8 37.8 42.1 46.8 49.4 52.4 52 49.7 46 42.4 38.1 34.1 30.1 27.4 23.2 15.9 13 13.6 13.5 16 20.1 20.7 20.9 21.7 22.1 22.9 23.8 25 26.5 28.3 30.8 32.5 23.9 12.9 15.8 14.7 15.1 14.7 15.8 16 16.1 16 16.2 15.6 15.8 15.9 16 15.9 15.1 15 15.6 16.9 18.8 19.9 19.7 20 20 20.8 21
19.5 19.5 19.8 19.5 19.4 19.2 18.6 18.2 18.8 19.1 19.2 20.5 20.6 20.9 21.2 21.6 22.7 23.4 24.6 25.6 26.5 27.9 28.8 29.9 31.4 32 33.5 34.2 36.1 38.5 41.6 44.7 49.6 51 48.2 43.2 38.1 33.8 30.5 27.4 25.2 22.6 15.5 13.8 13.6 13.6 16 18.6 19.2 20.5 21.8 22.8 23.5 24.5 25.9 27.4 29.1 32.3 31.4 22.1 13.4 15.9 14.8 14.6 15.6 16 15.9 16.1 16 15.7 14.9 14.7 15 15.3 15.3 15.3 14.9 15.4 16.9 18.7 19.3 19.2 20.3 20.2 20.2 20.2
18.7 19 19.2 19.2 18.9 18.5 18.5 18.3 18.9 19.1 19.4 19.4 20.7 21 21.3 21.6 22.9 24.7 24.9 24.3 24.6 25.6 27.7 28.7 29.9 30.8 31.9 32.3 33.7 35.7 37.5 41.7 45.4 46.8 44.2 39.4 36.4 32.7 29.4 26.7 24.6 21.3 16.4 13.5 13.1 13.2 15.1 17.1 19.8 21.4 22.5 23.7 24.6 25.5 26.8 28.3 30.9 33.9 30.4 20.8 12.4 15.6 15.3 14.6 15 15.3 15.9 15.7 15.7 15.6 15.2 15 15.2 15.5 15.1 14.9 14.9 15.7 17 18.3 19.2 18.7 20 20.5 20.3 21
17.9 18.5 18.7 19.2 19.3 19.4 19.3 19.2 19 18.8 19.2 19.6 19.8 21.2 21.7 22.2 22.5 23.4 24.1 24.3 25.7 26.2 27.4 28.4 29.3 30 30.3 31.2 32.3 34.2 35 38.5 39.5 40 38.4 36.2 33.4 31.3 30 27.9 25.7 23.5 19.4 16.2 13 13.5 13.7 17.6 20.6 22.5 23.6 24.6 26 26.9 27.9 29.6 32.6 35.4 30.9 20.3 13.3 16 15.1 14.4 15.5 15.8 16.1 15.8 16 15.7 15.2 15.2 15.5 15.4 15.4 15.3 15.3 15.7 16.7 17.6 18.5 18.3 20.5 20.5 20.3 20.5
17.2 18 18.3 18.7 19.1 19 19.1 19.2 19.2 19 18.9 19.5 19.6 20.5 21.1 21.8 21.9 23.1 24.3 25.1 25 25.8 26.4 27.9 28.6 29.4 28.9 30.5 31.5 32.5 34 35.5 34.9 35.4 34.6 32.4 31 30.2 29.2 27.5 25.6 23.4 21.8 18.4 13.6 12.8 13.7 18.4 21.6 23.8 25.4 27 28.6 29.3 29.8 31.9 33.7 36.7 33 20.7 12.5 16 15.1 14.4 15.5 15.7 15.3 15.1 15.3 15.9 15.9 16.1 15.7 16.2 16.3 15.5 15.2 15.2 15.8 17.8 18.6 19.1 19.8 20.3 20.4 20.1
16.5 17.1 17.7 17.9 18.4 18.6 18.7 18.8 18.9 19.1 18 18.4 18.9 19.5 20 20.5 21.6 22.5 23.7 24.6 24.5 25 26 27.3 28.1 28.7 28.7 29.7 30.8 30.8 30 31.5 32.1 32.4 31.3 30.2 29.1 28.4 27.4 26.3 24.6 22.9 21 18.6 14.4 13 13.4 17.7 21.7 24.4 27.7 30 31.8 32.6 33 33.5 35.5 37.6 35.7 24.7 13.5 15.7 15.2 14.2 14.1 15.4 15.6 16.4 16.7 17.2 17.1 16.5 15.6 15.8 16.1 16.1 15.1 14.9 15.2 16.6 18.2 18.3 19.3 20.6 20.5 20.3
16.1 16.6 17.4 17.1 17.4 18 18.4 18.6 18.3 18.6 18.9 18.9 19 19.4 20.2 20.3 21.1 21.7 23.2 24 24.6 24.2 26.1 26.8 27.6 27.6 27.9 28.9 29.7 29.8 28.9 29.9 30.1 30.3 30.2 28.8 28 27.3 25.9 24.2 22.5 20.9 19.5 17.8 15.6 13.3 12.8 16.3 22.6 27.5 30.6 32.7 34.4 34.7 35.5 35.8 36.6 38 37.1 27.9 16.3 14.6 15.4 14 13.6 14.9 15.1 16.6 17.1 17.3 17.5 17.2 15.2 14.8 16 16.1 15.1 14.7 15 15.8 17.6 18.1 18.6 20.4 20.7 20.7
15.4 15.8 16.8 17 17.3 17.1 17.7 18.2 18.2 18.9 18.7 18.8 18.5 19.1 18.9 19.2 20.7 21.5 22.7 23.5 23.9 24 25.8 26.3 26.7 26.6 26.7 28.3 28.6 28.1 28.3 28.6 28.3 29.2 29 27.7 26.8 26.1 24.9 23.5 22.1 21.9 20.8 19.4 17 13.9 13.1 14.8 23.6 28.1 31.5 34.2 36.1 36.9 37.4 37.7 38.2 39.7 38.1 32.3 22.4 12.2 15 14.6 13.9 14.5 15.6 16.5 16.3 16.7 16.5 17.1 16.7 16.1 16.7 16.6 15.7 15.5 14.8 14.8 16.5 18 18.5 20.3 21 20.9
15.2 15.4 14.8 15.7 15.5 16 16.8 17.1 18.6 18.8 18.3 17.7 17.6 17.7 18.1 18.8 19.7 21.2 22.2 22.7 23.9 23.8 23.9 25.3 25.3 25.2 25.9 26.9 27.2 26.5 26.3 26.9 26.6 28.2 28.5 27.9 27.3 26.4 26.3 25.2 24.5 23.8 22.3 19.7 17.2 14.2 12.7 14.2 23.9 28.4 32.4 35.8 37.6 38.5 38.6 38.8 39.4 39.9 39.9 35.9 27.3 15.6 13.7 15.2 14.8 14.2 14.4 14.8 15 16.1 17 17.7 16.8 16.2 16.2 16.4 16.6 15.4 14.6 14.7 15.7 17.2 18.8 19.9 20.8 20.4
15.3 14.9 14.8 15.2 15.1 15.3 15.9 17 17.1 18.1 18.3 17.8 16.7 16.9 17.5 19.2 20.2 21 21.3 21.6 22.8 23.5 23.4 24.3 24.3 24.3 24 25.2 25.5 25.3 25.4 25.6 26.1 26.7 27.8 28.1 27.7 28.2 28.2 27.7 26.9 26.2 24.1 21.1 17.3 14.2 12.5 13.6 22.4 27.8 32.4 35.7 38.1 39.1 39.6 39.7 39.6 39.6 40.2 39.2 30.8 21.5 14.2 13.3 15.2 15 14.8 14 13.9 14.2 15 15.9 16.2 16.1 15.9 16.6 16.2 15.2 14.7 14.6 15.6 16.5 17.4 18.8 20.2 20.1
15 15.2 14.8 15.8 15.5 15.7 16 15.9 16 17.2 17.2 16.8 17.3 16.9 17.8 18.5 19.2 20 20.3 20.6 21.4 22.1 22.2 23.1 23.5 23.6 23.1 24.2 24.3 24.8 24.9 25.2 26 26.4 28.6 29.6 30.4 31.3 31.7 31.4 30.6 28.8 25.5 21.8 17.6 14.9 12.8 13.4 20 27.7 31.3 34.2 36.9 38.3 38.9 39.2 38.6 39.6 39.6 39.5 36 28.7 20.6 14.2 12 15.2 15.1 14.4 14.2 14.3 14.2 13.7 13.7 14.5 14.5 14.7 14.9 14.7 14.2 14.2 14.9 15.4 15.3 17 18.6 18.5
14.9 15.6 15.9 16.3 16.1 16.2 15.6 15.7 15.6 16.3 16.2 16 16.9 17.1 17.8 18.4 19 19 19.2 19.6 20 20.5 21 21.5 22.4 22.4 22.2 23.1 23.8 24.3 24.5 25.1 25.7 27.1 29.9 31.7 34 35.4 36.1 35.7 33.4 30.2 26.6 22.6 17.9 14.5 13.3 13.1 16.5 24.4 29.1 32.8 35 36.8 37.5 38 38 38.8 39 39 39 34.6 27.5 17.5 14.3 12.2 14.9 14.9 15 15.1 15 14.8 14.4 14 13.9 13.8 13.8 13.9 14.1 14 14.2 14.5 14.5 14.6 15.7 16
15.4 15.6 16.2 15.9 14.8 15.6 15.6 15.5 15.8 16.1 16 16 16.6 16.9 18.1 18.5 18.6 18.4 18.4 18.6 19.2 20 20.4 20.5 23 21.4 21.8 22.6 23.4 24.1 24.8 25.4 26.7 28.8 31 33.9 36 37.2 38.2 37.4 35.1 30.1 25.9 22.6 18.3 14.6 14.5 12.9 14.5 21.4 27.1 29.9 32.6 34.1 35 35.6 35.9 37.1 37.5 37.7 37.9 37.3 33.4 27.7 19.8 14.7 11.9 14.7 14.9 14.1 13.4 12.1 13.6 14.5 14.7 14.7 14.5 14 14.5 14.3 14.6 14.7 14.5 14.3 14.3 15.5
15.3 15 15.1 15 15 14.7 15.2 15.4 15.8 16.4 16.5 16.7 16.3 17.2 17.8 18.2 17.9 18.2 18.6 18.7 19.1 19.5 19.9 20.4 21.6 21.4 22.1 23 24 25 25.7 26.5 27.6 29.7 32.3 34.4 36.8 38.4 38.5 36.9 33.4 29.4 25.6 22.3 18.7 15.7 14.3 13.5 15.2 21.5 25.6 27.8 29.5 31 32.3 32.9 33.6 35.1 36 36.7 35.8 35.9 35.8 33.2 29.8 25 19.6 16.4 14.4 14.7 17.2 14.7 14.6 13.1 11.6 12.3 13.7 13.3 14.1 15.1 14.8 14.7 14.5 14.6 14.6 14
14.4 14.5 14.7 14.4 14.5 14.5 15 15.3 16.1 16.9 16.7 16.3 16.6 17.4 17.4 17.8 18.2 18.5 18.6 19 19.4 19.8 20.1 20.8 21.3 22.4 22.5 23.3 24.4 25.4 26.2 27.1 28.5 31 33.7 36.2 37.5 38.9 38.2 36.3 32.2 29.2 26.2 23.3 20.4 16.9 14.1 12.9 13.8 17.9 23.6 26 27.2 27.9 29.4 30.3 31.9 33.4 34.2 34.4 34.8 34.1 34.2 35.7 35 36.3 31.9 28.8 28.1 27.8 26.8 25 22.6 19.5 17 15.9 14.5 13.2 13.6 12.4 11.6 13.2 14.7 14.7 14.1 14.3
13.7 13.8 14.4 14.4 14.5 14.8 15.4 15 16 16.4 17.1 15.7 16.2 17 17.7 18.2 18.5 18.7 18.8 19 19 19.2 19.6 20.3 20.9 21.3 22 23.3 24.3 25.3 26.6 27.5 29.1 31.6 34.3 36.6 38.3 38.6 37.6 33.8 29.6 28.1 25.9 23.5 21.4 18.3 15.7 13.4 12.7 16.3 21.2 24.3 26.2 26.5 27.4 28.9 30.3 31.6 32.3 32.9 32.5 33.4 33.5 34.2 34.6 35.2 36 35 35.3 35 34.1 32.4 31.4 29.5 27.6 24.5 20.9 16.8 14.2 14.4 14.1 14.4 12.4 13.7 14.7 14.6
13.8 14.4 14.7 14.8 15.3 15.5 15.2 15.3 16 16 15.9 16.1 15.9 16.1 17 18.3 17.9 18.1 18.5 18.8 18.4 18.8 19.3 19.8 20.4 20.9 22.6 23.2 24.2 25.4 26.7 28 29.8 32.5 35.1 37 38.8 38.8 35.7 32.9 28.2 27 25.4 23.5 21.9 20.7 17.4 13.7 12.3 15.2 19.8 22.5 24.9 25.5 26.2 27.6 28.4 29.4 30.4 31.3 31.6 31.7 32.2 32.9 33.5 33.9 34.9 35 34.3 33.6 33.1 33.1 33.9 34.3 33.8 31.7 26.5 20.8 17.3 15.1 14.5 14.6 14.8 13.6 12.4 12.7
14.3 14 14.7 14.5 14.5 15.3 15.2 14.9 15 15.2 15.9 15.4 15.5 16.1 16.4 17.3 17.4 17.4 17.4 17.8 18.2 18.6 19 19.5 20.3 21.3 22 23.5 24.4 26 27.2 28.7 30.9 33.3 35.5 37.3 37.8 37.5 35.6 32.3 28.2 27.9 26.2 24.6 22.6 21.1 17.7 13.9 13.2 14.7 18.5 21.3 23.3 24.9 25.5 26.6 27.1 27.8 28.7 29.4 30.7 30.4 30.3 30.7 32 32.2 33.1 32.7 32.6 31.5 31.1 32.2 33.1 33.8 33.7 32 25.9 21.3 18.7 16.5 15.1 14.5 14.7 14.7 14.8 14.8
14.4 15.4 15.4 14.7 14.7 15.3 14.7 14.7 15 15.2 15.7 16 16.5 17 17.1 17.5 17.4 17.5 17.1 17.6 18 18.4 18.8 19.2 20.2 21.3 22.3 22.3 24.8 26.3 28.1 29.7 32.1 34.6 36.6 37.1 37.8 37 35.7 31.7 28.4 27.6 26 24.4 23 21.5 17.9 14.2 13 14.8 17.1 20.7 22.2 23.9 24.6 25.4 26.3 26.8 27.4 28.3 29.6 28.9 28.4 28.6 29.8 29.8 29.5 30 30.1 29.5 29.9 31.2 32.1 32.7 32.4 29 23.5 20.9 19.6 17.7 15.8 15 14.4 14.7 14.9 14.6
13.8 14.7 14.8 15 15.7 15.8 14.5 14.9 15.8 16.4 16.8 16 16.7 17.4 18 18.3 18.2 17.8 17.3 17.4 17.9 18.4 18.9 19.2 20.1 21.2 21.9 23.3 24.8 26.4 28.6 31.4 34.2 35.8 36.8 37.6 37.8 36.8 34.8 31.5 28.9 26.8 25.4 23.8 22.9 21.7 19.6 15.8 14.4 15.2 16.2 19.7 21.6 23.1 23.7 24.7 25.4 25.9 26.6 27.1 28.2 28.3 27.7 27.2 27.5 27.8 27.2 27.5 27.4 27.6 29.4 29.8 30.6 30.4 28.6 25.2 22.1 20.8 19.7 18.6 16.9 15.6 14.7 14.8 14.8 14.5
13.5 14.1 14.2 14.3 15 14.8 14.9 16.1 16.5 17 17.6 16.9 16.9 17.6 18.4 18.8 18.7 18.5 18.4 18.3 18.8 19.3 19.4 19.6 20.4 21 21.8 22.9 22.7 26.6 29 31.7 35 36.5 37.1 38.2 37.8 36.3 33.6 30.3 28.4 26.4 24.7 23.7 22.6 22 20.1 16.1 13.5 14.5 17.9 21.3 22.4 23.1 23.8 24.5 24.7 25.4 26 25.9 26.5 26.9 26.4 25.9 25.4 25.5 25.7 25.6 25.6 26.5 27.5 27.3 27.7 26.3 24 22 21 20.5 19.8 18.8 18 16.6 15.6 16 14.8 14.4
13.2 13.4 13.5 13.7 14 14.5 14.6 15.8 16.8 16.9 17.2 17.2 17.3 18 18.7 19.4 19.3 19.5 19.4 19.2 19.4 19.4 19.4 19.6 20.1 20.8 21.8 23 24.2 24.8 28.3 32 35 36.5 36.6 37.8 36.6 33.9 31 28.3 25.8 25.2 23.8 22.3 22.2 21.2 19.1 14.4 12.9 13.6 18.1 21.5 22.7 23.5 23.9 24.3 24.4 24.5 25.8 25.8 25.8 26.2 26.1 25.2 24.3 24.4 24.8 24.4 24 24.9 25.5 25.2 24.8 23 21.3 20.9 20.4 20.3 19.8 18.9 18.9 18.5 16.8 16.3 15 14.6
13.7 13.8 13.6 13.8 13.9 14.4 14.7 16.1 16.9 17 17.4 17.8 17.7 18.4 19 19.7 19.9 20.4 20.4 20.2 20 19.8 19.5 19.7 20.2 21 21.9 22.9 24.3 22.7 26.9 30.9 33.4 35.5 36.8 37.4 36 34.3 31.4 28 25.3 22.8 22.1 20.9 19.3 17.7 15.1 13.6 12.6 14.4 20.1 22.3 23.1 23.5 24.1 24.4 24.3 24.3 25.5 25.2 25.1 24.8 24.8 24.3 23.8 23.6 23.6 22.7 22.5 23 23.4 22.9 22.3 21.4 20.6 20.4 19.9 19.5 19.8 19.4 19 18.7 17.5 16.6 15.6 14.9
13.5 13.8 13.9 14 14 14.1 14.8 16.1 17.1 17.2 17.8 18 18 18.5 19.2 19.9 19.7 20.3 20.3 20.6 20.9 20.6 19.9 19.9 20.2 20.9 22 22.8 23.6 24.4 25 28.7 31.8 34.1 35.9 37.1 36.1 33.3 29.3 25 21.2 19.4 16.7 15.7 14.6 13.2 12.9 13.5 12.7 16.3 20.9 22.7 23 23.5 24 24.5 24.4 24.6 24.9 24.5 24.4 24.2 23.9 22.8 22.6 21.8 22.3 22.4 21.6 22 20.9 20.8 20.6 20.2 20 20.3 19.8 19.5 19.7 19.4 19 18.8 18.1 17.2 16.3 15.4
13.7 13.8 14.6 14.5 14.3 14.4 14.9 15.9 16.9 17.3 17.8 18.3 18.4 18.8 19.3 20 20 19.6 19.8 20.1 20.3 20.5 20.3 20.2 20.7 21.4 21.6 22.5 22.9 23.6 21.2 26.5 28.8 30.5 33.1 34.6 33.2 29.8 25.1 20.5 16.1 13.2 12.7 11.9 12.3 12.7 12.1 12.7 15.2 19 21.5 22.8 22.9 23.4 23.8 24.1 23.9 24.1 24.1 23.5 23.2 22.9 22.1 21.7 21.3 21.1 21.1 21 20.9 20.4 20.2 19.9 19.7 19.5 19.7 19.8 19.4 19.5 19.5 19.5 19 18.5 18.3 17.7 16.8 16.5
13.6 13.6 14.5 15.2 15.2 14.8 15 15.9 17 17.2 18.2 18.9 18.8 19.4 20 19.8 19.8 19.7 19.8 20 20.2 20.4 20.5 20.3 20.4 20.7 21 21.5 21.9 22.8 22.3 24.8 26 27.6 29 30.4 29.7 26.1 21.2 16.2 13 12.1 12.2 12.7 13.4 14.4 15.2 16.9 19.8 20.5 21.3 22.2 22.8 23.2 23.6 23.7 23.4 23.6 23.2 22.6 22.3 22 21.1 20.6 20.4 20.4 20.6 20.8 19.8 19.4 19.9 19.9 19.3 19.4 19.6 19.5 19.5 19.5 19.4 19.4 19.3 19.1 18.4 17.9 17.8 16.9
13.5 13.4 13.6 15.1 15.7 15.8 15.9 16.1 16.9 17.3 17.7 18.9 19.5 19.8 20.1 20.4 20.1 19.8 19.9 20 20 20.2 20.3 20.4 20.4 20.3 20.7 21.3 21.4 22.5 23.2 23.6 24.9 25.6 26 26.5 25.9 23.1 17.2 13.6 12 12 14.6 16.8 18.3 19.3 19.4 19.6 21.1 21.2 21.5 22 22.3 22.5 22.6 22.9 22.4 22.5 22.4 22 21.6 21.2 20.5 20 20.3 20.4 20.5 20.5 20 19.6 19.2 19.4 19.7 19 19.6 19.7 19.8 19.9 19.5 20.1 19.8 19.2 19 18 17.7 17.4
12.5 13.3 13.3 13.8 15 15 15.4 16.6 16.7 16.3 17.2 18.5 19.3 19.4 19.8 20.2 19.8 19.7 19.6 19.4 20 19.9 20 20.3 20.3 20.2 20.4 21.1 21.7 22.2 22.3 21.2 23.1 23.2 23.6 23.8 23.2 20.8 15.2 12.2 12 14.4 17.9 19.5 20 20.3 20.5 20.9 21.2 21.3 21 21.2 21.5 21.6 21.7 21.9 21.9 21.8 21.1 21.1 20.7 20 19.8 19.5 19.7 20.1 19.7 19.9 19.6 19.4 19.1 19.5 19.6 19.8 19.6 19.6 19.6 19.8 20.2 20.1 19.9 19.3 19 18.7 17.5 17.6
12.6 12.9 13.4 13 13.8 14.4 15 15.9 16.4 16.4 17.2 17.4 18.4 18.5 18.8 18.4 18.5 18.6 19 19.4 19.6 19.7 20 20.1 20.2 20.2 20.3 20.8 21.5 21.6 21.7 21.5 22.2 22.1 21.9 21.8 21.3 19.7 14.6 11.8 12.2 15.7 19 19.9 20.3 20.5 20.6 20.7 20.5 21 20.5 20.7 20.9 21.4 21.4 22.3 21.7 21.5 20.5 19.9 19.4 19.8 19.1 19.2 19.3 19.2 19.2 19.4 19.2 19.1 18.8 19.9 20.1 19.1 19.3 19.4 19.4 19.3 19.9 19.6 19.4 19.3 19 18.3 17.8 17.8
12.6 12.9 12.8 12.7 13.3 13.9 14.6 15.7 16.2 17.1 17.2 17.5 17.8 18.1 17.8 18.8 18.8 19.2 19.7 20.4 20.2 20.1 21 20.5 20.4 21 20.9 20.9 21.2 21 21.1 21.6 21 22.8 22.7 21.2 20.3 18 14.2 11.6 12.1 17 19.8 19.8 19.9 19.5 19.6 19.1 19.9 20.3 20.1 20.3 20.6 20.8 21.6 21.4 21.5 20.4 19.4 19 19.1 19.4 19.2 19.2 19.1 18.8 18.8 19.1 19 18.7 19.5 19.7 19.3 19 19 19 20 20.1 19.5 19.4 19.4 19.3 19 17.8 17 16.9
12.4 12.7 12.9 12.7 13.3 13.8 14.3 15.3 16.1 16.8 17 17.5 18.4 18.7 18.7 19.3 19.8 20.1 20.2 20.5 20.8 21.3 21 20.8 20.7 21 20.6 20.7 21 21.5 22.1 25 21.6 21.4 20.9 20.6 20.1 18.8 15.8 11.8 12.1 16.7 18.9 17.7 16.7 16 15.5 15.9 17.4 18 18.1 19.4 20.2 20.4 21.1 20.8 20.4 19.6 18.3 18 18.6 18.9 18.4 18.4 18.4 18.6 18.6 18.9 18.7 18.4 18.5 19.4 19.6 20 20 20 19.9 19.6 19.5 19.6 19.5 19.4 18 17.6 17.2 17.3
12.3 13.1 13 12.7 13.2 13.7 14.2 14.7 15.7 16.4 17 17.9 19 19.3 19.6 20.2 20.5 20.8 21 20.7 21.3 21.1 21 21.1 21 21.1 21 20.7 20.9 22.6 22.6 21.4 21.4 21.1 20.9 20.6 20.3 19 15.7 12.1 11.9 14.5 13.9 13 12.5 12.5 12.4 13.6 13.5 13.7 13.8 15.3 17.6 19.3 20.2 20 19.2 18.3 16.9 17.3 18.3 18.3 17.6 17.7 18.2 18.5 18.9 19.2 19.3 19.1 18.3 19 19.4 19.9 19.7 19.7 19.6 19.5 19.6 19.1 18.9 18.5 17.9 17.5 17.6 17.6
13 13.3 12.9 12.7 13.2 13.7 14.5 15.6 16.2 16.6 17.4 18.6 19.4 19.7 19.7 20.4 20.6 20.9 21.5 21.8 21.3 21.7 21.5 21.4 21.3 21.1 20.8 20.6 20.5 20.8 21.1 21.1 21.2 20.8 20.2 20.2 19.4 18.3 15.5 12.3 12.8 12.3 12.2 12.1 12.2 12.6 12.3 12.1 12 12.5 12.8 13.2 13.2 14.9 15.9 17.2 17.8 16.9 14.9 16.1 16.9 17.1 16.6 17.5 18.1 18.5 18.5 18.3 17.8 17.6 18.5 18.7 19.2 19.7 19.5 19.4 19.3 19.2 19.5 18.8 18.3 18.2 17.5 17.2 17.3 17.5
12.7 13.5 13 13.1 13.5 14.1 15.1 15.9 16.8 17.7 18.3 19.5 19.8 20.1 19.8 20.4 21 21.6 21.4 21.5 22.4 22.6 22.5 21.5 20.8 20.4 20.5 19.9 20.2 20.8 21 21 20.8 20.3 19.4 18.1 16.4 14.9 12.8 11.7 11.6 12.4 12.3 12.6 12.1 12.1 11.9 11.8 11.9 11.9 12.1 12.2 12.8 12.3 12.9 13.2 14.1 13.8 13.6 13.8 14.4 14.7 14.9 16.4 17.6 18.3 17.8 17 17.4 18.2 18.5 18.1 19.2 19.5 19.4 19.2 19.8 19.5 18.7 18.3 18.2 17.8 17 17 17 16.9
13.6 13.3 14.3 14.8 14.3 14.7 15.1 15.9 16.9 17.9 18.7 19.5 19.8 20.1 20.8 21 21 21.4 21.7 22.1 22.2 22.9 22.6 21.8 20.8 20.5 19.5 19.7 19.9 20.2 20.3 20.6 20 18.2 17.2 13.5 12.9 12.7 12.2 11.7 11.9 12.3 12.1 12.1 12.2 12.4 12.2 11.9 11.9 11.9 12 12.1 12.2 12.2 12.3 12.4 13.2 13 13.6 13.4 13.4 13.7 14.8 15.3 15.6 15.9 15.8 16.4 17.7 18.1 18.2 18.1 19.1 19.1 19.1 18.9 19 19 18.8 18.4 17.6 17.1 17 17 16.9 16.9
13.7 13 13.4 13.9 14.3 15.2 16.4 16.8 17.9 18.5 18.9 19.4 19.5 20.1 20.9 21.5 21.6 21.9 22 22.4 22 21.9 21.9 21.1 20.3 19.8 19 19.8 19.7 19.6 19 16.3 13 13.4 20.1 13.4 12.4 12.5 11.1 12.2 12.4 12.1 12.1 12.2 12.1 12.5 12 12.1 12.1 12.2 12.2 12.3 12.1 12.1 12.4 12.8 12.8 12.5 13.2 13.1 13.2 13.8 13.7 13.7 14.3 14.4 13.9 15.2 16.5 16.6 17.2 17.5 17.9 18.1 18.5 18.7 18.8 18.7 18.6 17.8 17.5 16.9 17.4 17.6 17.5 16.6
12.8 12.7 13.2 13.6 14.2 15 15.7 16.6 18.3 18.7 19.2 19.5 19.6 20.3 21.2 21.9 21.2 21.6 21.8 21.8 21.3 21.2 21.1 20.8 20.4 19.3 18.7 19.2 19.1 17.4 13.1 12.9 13.4 12 11.3 11.3 12.3 12.3 11.9 12.7 12.6 12.2 12.2 12.2 12.2 12.5 12.3 12 12.1 12.2 12.3 12.3 12.2 12.2 12.5 12.9 13 12.7 12.9 13 13 13.9 13.9 13.8 13.4 13.1 13.5 13.5 13.3 13.6 14.5 15.5 15.9 17.1 17.7 18.3 18.5 18.6 17.9 17.6 17.4 16.9 17.3 17.2 17.2 16.6
13.1 13.4 13.8 13.7 14.3 15 15.6 16.5 16.8 17.5 18.2 18.5 19.7 20.5 21.4 21.2 21.1 21.1 21.3 21 20.9 20.8 20.6 20.1 19.4 18.5 17.6 17.1 14.9 12.1 10.9 10.4 10.9 12.2 12.7 14.7 12.5 12.4 12.3 12.3 11.6 11.6 12.7 12.5 12.4 12.6 12.4 12.2 12 12.1 12.2 12.3 12.2 12.3 12.6 12.8 12.9 12.6 12.9 11.6 11.2 13.2 13.5 13.5 13.4 13.6 13.7 13.7 13.7 13.6 13.6 13.6 14.4 14.5 15.3 16.4 16.9 17.4 17.3 16.9 16.8 16.8 16.9 16.9 15.9 15.3
