app/static/ascii/SO96.asc
ncols 200
nrows 200
xllcorner 390000
yllcorner 260000
cellsize 50
[rows 114 to 151 of 200, columns 0 to 84 of 200]
56.6 54.8 54.6 55.3 55.7 53.8 49.7 43.2 40.3 39.4 38.5 37.7 36.6 34.4 36.1 38.4 38.6 39 39.4 41.8 45.3 51.4 58.4 61.1 62.8 63.8 63.8 61.5 59.7 57.9 56.5 55.2 53.8 53.1 51.6 48.6 50.6 44.4 44 43 42.1 41 40.1 39.7 39.8 39.9 39.4 39.4 39.7 40 40.4 40.7 41 41.8 42.8 44 45 44.8 43.7 42.7 41.7 42.2 43.7 44.4 45.5 45.8 46.3 46.4 46.3 45.2 44.4 44.8 45.5 46.4 46.6 47.2 47.8 48.4 48.8 49.5 51 52.2 53.5 54.8 56.1
56 53.9 53 54.4 53.8 50.8 46.5 43 41.4 40.6 40.3 40 36.4 34.8 35.8 36.4 37.1 37.2 38.5 42.3 47.9 53.4 56.9 59.9 62.4 63 62.9 60 57.5 56 54.7 53.4 52.4 51.5 51 48.5 49.8 44.8 43.8 42.9 41.9 41 39.9 39 39.2 39.3 38.9 39.2 39.6 39.9 40.3 40.7 41.9 42.2 43.2 44.1 44.2 44 42.9 41.9 40.9 40.6 42.1 50.6 45.6 44.9 45.3 47.2 45.1 44.8 44.9 45.2 45.7 46.2 46.9 47.4 48 48.6 49.2 49.9 51.6 52.9 54.2 55.5 56.8
54.7 51.8 52.3 54.6 53.5 49.4 45.2 43.6 42.4 41.5 41.2 41.1 38.8 34.9 35.5 35.6 35.6 36.1 38.2 42.9 48.4 51.9 55.2 58.2 61.3 62 61.9 59 55.9 54.1 52.8 51.6 50.4 49.3 48.8 48.8 46.4 44.8 43.9 42.8 41.7 41 40.1 39.4 38.6 38.6 38.8 39.1 39.6 40 40.4 41.6 42.6 42.6 43.6 43.8 43.6 43.1 42 40.7 40.1 41.5 42.7 43.5 44.8 45 44.8 45.9 44.7 45.4 45.5 45.7 46.2 46.6 47.1 47.7 48.3 48.9 49.7 50.9 51.8 53 54.4 55.7 57.1
52.2 50.6 52.2 54.3 52.3 48 44.6 44.2 43.5 42.4 42.1 42.6 42.3 33.7 35.3 35.6 35.4 35.3 39 43.7 48 50.4 53.9 56.8 59.9 61 60.7 57.6 54.6 52.5 50.8 49.3 48 47.3 46.6 48.1 46.4 45.2 44 43 42.2 41.3 40.6 39.8 39.1 38.4 38.8 39.2 39.7 40.1 41.4 42.8 43.2 43 43.3 43.1 42.9 42.3 41.2 40.5 43.2 44.3 48.8 43.6 43.9 44.5 46.6 45.1 45.4 45.9 46.1 46.2 47.2 48.4 49.5 48.8 48.8 49.3 50.2 51.1 51.9 52.9 54.3 55.6 56.7
50 49.8 52 52.1 49.4 47.2 44.8 44.8 44.1 43.3 43.2 42.6 42.6 39.3 35.6 33.7 34.9 35.3 38.5 44.5 47.1 48.9 52.4 55.8 58.7 59.1 59 56.3 53.2 51.1 49.3 47.6 46.3 44.8 41.8 47.5 45.2 46.1 44.9 44.2 43.4 42.2 41.5 40.8 39.8 38.4 38.9 39.3 39.8 41.2 42.6 43.9 43.7 42.8 42 41.7 41.5 40.9 40 43.1 44.5 44.7 48.6 44.1 44.4 44.9 45.7 45.7 46 46.4 46.8 49 50.4 51.5 50.9 50.2 50.1 50 50.5 51.3 52.2 52.9 53.9 55.3 55.2
50.2 49.8 50.7 50 47.5 45.8 44.1 44.7 44 43.4 42.9 42.5 41.3 37 35.9 34.8 34.2 35 39.5 44.5 46.4 49.2 53.5 56.5 55 56.6 55.6 53.6 51.7 49.6 47.9 46.5 45.3 44 43.6 46.8 43.7 44.2 45 45.1 44.4 44.1 42.5 41.7 40.1 38.5 39 39.6 41 42.3 43.7 44.6 43.7 42.5 41.1 40.1 39.8 41.3 42.4 44 44.4 44.8 44.3 44.9 44.8 46.7 46.3 46.6 46.8 47.5 49.1 51.8 52.2 51.9 51.3 51.3 50.9 50.5 50.8 51.5 52.2 52.9 52.5 54.2 53.6
50.1 49 46.8 45.3 44.4 44.4 44.1 44.1 43.3 42.6 42 39 37.4 36.8 35.7 35.1 34.4 35.1 40.8 44.1 48.3 49.2 52 54.1 52.4 52.5 52.2 51.5 49.6 47.9 46.2 44.4 45.7 43 42.6 44.4 42.3 42.8 43.9 44.5 45.3 44.8 43.4 42.2 40.7 39 38.5 40.7 42.3 43.8 44.6 44.4 43.5 42.1 40.6 40.4 41.2 42.6 43.3 44.2 44.5 51.1 44.9 46 46.3 46.6 46.9 47.2 47.9 49.4 51.8 52.1 52.3 52.4 52.3 52.4 52.1 51.8 51.7 52.4 52.7 53 53.5 54 54.3
50.3 48.8 45.3 43.5 43 43 43.7 43 39.3 38 37.8 37.1 37.2 36.3 35.1 34.3 33.8 35.1 41.1 43.7 46.2 48.6 48.9 49.6 48.7 47.8 48 48.4 47.4 45.9 44.1 46.3 41.9 41.9 44 40.9 41.6 42.3 43.2 43.9 44.3 43.8 43.1 42.7 41.5 39.6 38 41.1 43.2 43.8 44 43.6 42.9 41.8 40.6 41.6 42.8 43.4 43.9 44.2 44.6 47.7 46 47.1 46.9 47.1 47.6 48 49.5 51.1 53.2 54.1 54.1 54.6 54 53.4 53.3 53.2 53.1 53.1 54.1 54.4 55.3 56.4 56.2
43.2 42.5 41.7 40.8 40 39.2 40.5 42.8 41.2 40.4 38.2 37.1 38.6 36.2 34.7 33.4 33.1 34.4 39.7 42.3 43.4 43.9 44.4 46.1 45.2 44.7 44.4 45 44.1 43.7 45.8 40.7 41.4 41.3 44.1 39.9 40.5 41.5 42.7 43.5 43.9 43.8 43.7 43.2 42.4 38.5 38.8 41.8 43.4 43.6 43.3 42.6 42 41 40.5 41 42.3 43 43.7 44.1 44.5 45.2 46.5 47.2 47.3 47.8 48.6 49.9 51.5 52.8 54.6 56.6 56.7 57.6 57 56.6 54.4 54.3 54.3 54.3 54.9 57.2 58.9 61.2 59.4
44.3 49 47.7 46.9 46.5 46.8 44.9 42.6 41.3 40.8 44.3 44.9 45.2 43.1 35.5 33.5 33.4 34.7 37.4 40.3 40.9 41.4 42.7 43.7 43.6 42.6 42.1 42 42.2 45.3 41.1 41.5 44.7 41.4 39.4 38.8 39.4 40.6 42.1 43.3 43.8 44.3 43.7 42.7 41.5 37.4 39.7 42.1 43.5 43.4 42.6 41.7 41 40.2 40.7 41.2 41.7 42.6 43.3 44.1 48.6 45.6 46.5 47.7 48.6 49.4 50.2 52 53.9 55.3 57.5 58.7 60.4 60.7 60.4 59.2 56.9 55.2 55.2 55.2 56.2 59.2 63.7 65.5 64.4
47.8 52.1 51.4 49.1 47.4 46.9 44.8 42.2 40.7 42.8 47.5 48 50.4 50.4 46.6 33.4 33.1 33.7 35.9 37.2 37.4 37.2 37.6 39.3 41.9 40.8 40.4 40.3 42.9 42.2 43 44.1 42 41.8 38.9 39 39.4 39.9 41.7 43 43.7 43.9 42.8 41.5 39.1 37.5 39.1 40.9 42.4 42.5 41.8 40.9 40.1 40.2 40.8 41.3 41.8 42.5 43.4 44 51.2 45.3 46.3 49.4 49.9 50.9 51.8 54 56.3 58.9 62.7 67.4 67.7 66.9 63.9 61.7 59.5 57.3 56.1 58 58.9 60.9 65.1 67.3 67.7
47.2 53.3 52.9 50.4 47.4 47 42.5 41.8 38.4 46.1 47.8 50.8 56.1 63.7 56.2 44.8 33.2 32.4 33.4 34.2 33.6 31.9 33.1 35.2 39.6 39.2 39.2 38.5 41.3 42.5 43.4 44.1 40.3 38.9 40 39.5 38.7 39.7 41.5 42.7 43 43.4 42.4 39.7 37.5 37.1 38.4 39.8 41 41.2 40.4 39.9 39.4 40.1 40.7 41.3 41.9 42.8 44 45 45.7 47.6 46.1 50.9 51.3 52.4 53.9 56.9 62.2 67.6 73.1 72.9 71 68.5 65.2 63.1 61 58.8 57 60.3 62.3 64.2 66.6 68.4 68.6
38.9 48.9 54.3 51.7 48 46.7 39.8 38.5 39.6 45.8 46.5 49.9 55.6 59.6 55.3 50.3 46.7 39.8 32.6 31 30.9 29.8 32.7 33.5 37.6 38.1 37.9 39.1 40.5 41.1 42.7 39 37.6 38.9 38.4 37.8 37.3 39.1 41 41.4 41.5 41.7 41.1 37.8 37.4 37.1 38.3 38.9 39.7 39.6 39.2 39.2 39.3 40.1 40.7 41.3 42 43.3 44.6 47 48.8 51.4 53 52.7 52.6 54 56.8 62.3 70.9 76.7 76.7 75.1 72.1 69.3 66.1 63.7 61.7 60.3 59.1 61.6 63.6 65.7 67.8 68.9 68.8
35 35.7 50.2 49.3 46.7 41.6 36.2 36.4 38.8 42 43.5 45.9 47.9 50.3 50.7 48.9 42.4 38.2 37.5 36.7 34.7 31 32.3 33.9 37.7 38.3 38 38.1 38.7 39.8 38.1 37.7 35.1 34.3 34.1 34.7 35 35.7 37.6 38.1 38.3 38.4 36.6 36.2 36.7 37.1 37.3 37.5 39.4 39.5 39.6 39.7 39.8 40 40.7 41.5 43.1 45.7 47.4 51.1 52.6 55 54.7 53.8 54.1 55.7 58.1 65.8 75.4 78.2 77.9 76.6 74.4 70.4 66.4 63.7 61.8 60.8 61.4 62.9 64.2 66.1 68.8 69.4 69
30.5 30.1 30.4 32.4 36.1 34.1 32.8 34.3 35.6 38.3 40.4 41.9 43.3 43.7 43.2 39.9 35.1 34.5 34.2 33.6 33.4 36.3 31.3 31.9 39.7 38.6 37 36.9 37.2 37.9 37.2 34.3 35.9 37 37.2 36.9 35.8 34.9 35.2 35.6 35.7 36.5 35.5 35.9 36.3 37 36.8 37.8 39.6 39.8 39.9 40 40.2 40.5 41.3 43 45.8 46.8 49.6 52.1 53.8 54.9 55.3 54.9 55.5 56.7 59.7 68.7 75.2 78.4 78.3 76.9 74 70.4 66.1 63.4 61.7 60.3 60.9 62.9 64.8 66.2 68.4 68.9 69
29.5 29.5 29.7 29 29.6 30 31.1 32.8 36.4 36.3 37.7 39.9 40.5 39.9 38.1 35.5 36 34.8 33.5 33 33.2 31.9 31.7 35.1 41.3 40.6 38.9 36.7 38.1 35.5 34.8 37.4 38.7 39.7 39.7 40.4 39.2 38.1 37.7 35.5 36.8 37.4 37 36.6 38.1 38.7 38.4 39.4 39.8 39.9 40.2 40.3 40.5 41.8 43 44.7 48 48.8 49.9 53.7 53.2 54 54.8 56.4 58.2 62.7 64.2 66.8 73.7 76.5 77 74.8 72.5 69.4 65.8 62.5 61.4 58.8 60.4 63.1 65.5 67.2 68.1 67.5 67.2
30.5 29.3 29.5 29.6 29.7 29.7 30.7 31.6 31.5 32.1 33 35.2 37.6 34.4 33 33 32.5 32 30.7 31.4 31.3 30.6 36.5 41.1 41.8 41.2 37.3 37.9 34.8 34.8 37 38.7 40.1 40.8 41.1 41.1 41.1 41.2 41.5 40.5 40.3 40.4 39.6 38.9 39.7 40.3 41.5 41.5 40 40.1 40.3 40.7 41.7 43 44.4 46.4 49.4 50.3 52.5 52.2 52.2 53.2 54.9 57.4 61.5 68.4 71.6 71.1 72.8 73.6 74.1 72.4 70.6 67.1 64.3 62.2 60.4 58.3 60 63.2 65.4 66.5 65.8 66.4 65.4
29.7 29.2 28.8 29.4 29.7 29.5 29.9 30.1 29.7 30.6 31.5 31.9 31.6 32 31.9 32.2 32 31.7 31.2 32.9 38.4 40.4 41.5 41.4 37.8 37.3 38 34.3 35.5 37.2 38.9 40.2 40.8 41.2 41.6 41.5 42.1 42.4 43 42.9 42.3 42.3 42.1 41.5 41.4 41.8 43.2 42.8 40.9 40.6 40.5 41.2 42.7 44.3 45.3 46.3 47.5 48.5 50.5 50 50.9 52.4 54.4 57.4 65.9 73.3 74.4 71.4 71.8 72 71.3 69.7 68 65.1 62.2 61.1 59.8 57.7 59.8 62.8 64.8 65.2 65.3 64.5 63.4
29.6 28.8 28.4 29.3 32.1 32.4 30.9 31.2 31.6 31.6 29.1 30.6 31.3 30.5 31.1 31.3 31.2 30.7 32.8 38.9 40.2 40.6 39.4 37.2 37.7 37.6 34.5 35.6 37.9 39.1 39.6 40.1 40.6 41.1 41.6 41.5 41.8 41.8 42.7 42.8 42.6 42.4 42.6 43 43.3 43.1 43 43.4 42.9 42.4 41.5 41.8 43.4 43.9 45 46.2 46 46.9 47.9 48.9 50.3 51.7 53.2 56.3 64.6 71 72.8 70.6 70.6 69.5 69.2 67.6 64.9 62 60.2 59.7 58.7 57.2 59.7 62.3 63.7 63.8 63.7 62.9 61.8
31.7 29 30.2 32.1 33.7 34.3 33.1 33.5 34 33.6 32.9 32.3 32.2 31.4 30.2 29.3 29.4 30.3 33.5 37.4 38.9 37.7 37.1 38.3 37.3 34.6 32.3 34.3 36.7 38.8 39.5 40 40.4 40.8 41.2 41.3 41.3 41.2 41.3 41.6 41.5 41.9 42.1 42.6 43.2 43.4 43.3 43.7 44 43.4 42.6 42.4 43 43.5 44.2 45.3 44.6 46.2 47.1 48.3 49.8 51.1 52.2 54.2 60.1 66.5 68.9 68.9 68.1 66.5 66.7 64.9 61.7 59.3 57.9 56.6 56.3 56.9 59.2 61.5 62.3 62.4 62 61.2 62.4
34.5 32.1 32.7 34.7 35.9 38 35.5 36.9 38.2 37.7 38.3 36.9 36.6 34.5 33.3 34.7 33.4 31.4 29.9 35.8 38 37.1 36.1 35.4 34.2 31.7 34.5 36.8 35.2 36.7 39.3 39.6 39.5 40 40.2 40 39.8 39.6 39.2 39.3 39.7 40.4 41.1 41.8 42.4 42.8 43 43.1 43.2 42.7 42.9 43.3 43.7 43.9 43.7 44.8 44.6 49.5 46.7 47.9 49.3 50.5 51.7 52.6 55.7 59.3 63.4 64.2 64.3 62.9 61.2 59.8 58.2 57.3 55.9 54.8 55.4 56.4 58.6 60.3 60.9 61 60.4 60.7 62.9
35.6 33.8 35.2 34 38.5 39.1 38.4 38 39.4 41.1 42.4 42.7 43.2 43.4 43.7 44.9 41.3 36.2 33.5 38.4 33 32 32.3 32.8 32.4 33.7 35.5 38.2 37.5 35.6 37.1 40.2 38.8 38.9 39.3 39 38.7 38.3 37.8 38.1 38.7 39.3 39.6 40 40.4 40.8 41.4 42.2 42.8 43.3 43.8 44.3 44.7 44.7 44.7 46.7 45 48.5 46.6 47.7 48.8 49.6 50.1 51.3 52.8 55.9 58.1 59.7 60.2 59.3 57.3 56.5 55.9 55.4 54.2 54.3 54.8 55.8 57.4 58.1 59.3 59.1 59.9 60.5 62
36.5 36.3 37.4 33.2 38.4 39.8 39.8 39.2 41.2 43.5 45.2 46.4 48.3 48.5 47.5 45.7 39.6 36.8 37.4 33.2 32.3 32.6 32.8 32.9 32.9 34.6 36.1 37.6 38.4 37.5 35.8 36.4 36.9 37.3 37.7 37.9 37.6 37.4 37.6 38.2 38.9 39.5 39.2 39.6 41 42.1 42.7 43 43.2 43.5 44.7 45.2 45.6 45.7 46.7 46.3 46.2 46.6 47.5 47.6 47.3 47.7 48.8 50 51.2 53 55 56.1 56 55.7 54.7 54.9 54.2 53.5 54.4 56.1 57.2 58.1 59.1 60.3 61 61.2 60.6 60.7 60.3
37.9 38.5 38.6 36.2 37.3 39.5 40.5 40.9 43 45.6 48.2 50.1 51.8 51.3 49.1 44.3 40.8 40.3 37 33.9 35.3 35.8 35.8 35.3 33.8 35.3 35.9 37.1 38.6 38.1 37.2 36.9 36.8 37.2 37.6 37.8 37.9 37.6 38.4 39.1 40.2 40.4 41 42 43.4 44 43.1 43.4 43.7 43.6 44.7 45.8 46.5 47.2 48.8 47.7 48.2 47.2 47.4 47.3 47.2 47.6 48.2 49.3 50.5 52.1 54.3 55 54.1 53.4 53.5 53.7 53.2 53.2 55.9 58.3 61.3 62.9 63.6 63.7 62.8 63 62.2 60.4 59
40.1 40.3 39.5 38.2 35.3 39.2 41.4 43.6 44.3 48.1 51.1 52.6 54.3 53.5 49.9 46 42.1 40.4 32.9 36 40.8 40.9 39.8 38.4 38 38.2 38.9 39 39.8 39.4 38.7 38 37.8 37.9 38.1 38.2 38.4 39 39.9 41.9 43.5 44 44.9 45.2 46.5 47.4 47.1 46.2 45.4 45.6 46.1 47.6 50.1 51 50.9 49.8 49.6 47.4 47.3 47.1 47 47.7 47.9 48.7 49.8 51.5 53.7 54.3 53.3 52.9 52.5 52.5 52.1 54.5 58 61.7 64.2 66.3 66.7 66.1 64.6 64.2 62.6 60.3 57.7
42.4 42.2 42.1 39.8 35.2 38.6 41.2 43.8 47 51 54.1 55.3 56.6 55.6 52 47.8 41.7 38.3 33.5 36.6 44.5 48.5 45.4 43.3 42 40.5 40.8 40.7 41 40.4 39.3 38.8 38.7 38.7 38.7 38.7 38.9 39.8 41.2 44 44.3 47 47.3 48.2 48.8 48.3 47.7 47.9 48.2 48.5 48.7 50.3 52 52.8 51.9 50.6 48.4 47.5 47.1 46.9 46.9 47.7 48.3 48.2 49.2 50.8 52.7 53.1 52.6 52.3 52 51.6 52.7 55.4 59.8 63.3 65.9 66.6 66.8 66.3 65.7 64.1 62.9 60.1 57.3
44.7 43.4 43.5 39.6 35.3 36 39.5 43.6 47.2 53.4 56.9 57.9 58.3 56.5 52.6 47.2 42 39.3 34.9 36.7 44.6 48.8 48.2 48.3 46.5 44.8 43 42.4 41.8 41.2 40.4 40 40 39.7 39.2 38.8 39.1 39.9 40.9 42.1 43.7 44.7 46.8 47.1 49.6 47.5 49.1 50 50.7 51 51.7 51.7 52.6 53.4 52.4 50.4 49.5 48.2 47.1 46.8 47 47.8 48.5 48.6 48.5 50.2 51.4 51.6 51.7 51.4 51.1 51.3 53.3 56.5 60.2 63.4 65.4 65.5 65.5 65.4 64.6 63.8 62.5 59.7 56.8
48.1 45.3 43.1 38.6 35.9 34.4 39 45.5 47.5 54.8 58.1 59.4 58.5 56.6 52.4 43.5 44.5 41 36.8 37 42.4 47.5 49.1 50.7 49 46.7 45.6 44.7 43.6 42.4 41.8 41.6 41.4 40.5 39.8 39.5 39.4 39.5 40.6 41.8 43.1 44.8 47.2 47.5 48.5 50.9 50.2 51.3 52.6 53.4 53.7 52.7 53 53.9 52.3 49.9 50.3 49 47.9 46.8 47.1 47.8 48.6 49 48.8 49.1 50.2 50.5 50.7 50.4 50.2 52.3 55 57.5 60.4 63.2 64 64.4 63.6 64 63.5 62.8 61.3 58.5 55.5
51.6 46.9 41.9 38.4 36.5 36.3 39.9 47.9 49 55 57.6 59.5 59.5 55.7 52 44.5 45.1 42.1 37.8 36.5 40.3 44.6 48 52.6 51.3 48.8 48 47.2 45.5 43.4 43.2 42.9 42.5 41.7 40.8 40.2 40 40.3 41 41.9 42.7 44.8 47.3 48.7 50.3 51.9 51.7 52.6 54.1 54.4 54.8 54.6 54 53.7 51.8 49.9 51.3 49.6 48.5 47.7 47.1 47.5 48.4 49 48.4 49 49.4 49.4 49.6 49.4 50.8 54.1 56.9 58.7 60.6 62.4 62.5 63 62.2 61.5 61.9 61 59 56.9 54.3
49.8 44.4 41.7 38.3 36.5 38.4 41.9 45.9 51 55.9 57.7 59.7 58.2 55.7 49.3 45.5 44.1 41 37.9 36.2 39.4 43.6 46.6 52 56.6 53.7 50.6 49.5 47.6 45.3 44.5 44.2 43.7 42.9 41.7 41 40.8 41.2 41.6 42.5 43.6 46.5 48.2 50.7 51.7 52.7 51.3 53.9 54.5 55.4 55.6 55.8 55.5 55.6 55.7 54.5 52.1 50.2 49.6 48.8 48 47.8 47.6 48.1 48 48.5 48.5 48.6 48.8 50.3 52 55.1 57.5 59.1 60.4 60.8 60.7 61.3 62.5 61.8 60.7 59.3 57.2 55.1 53.8
45.4 41.9 39.5 39.5 38 43.7 47.2 48 52.1 55.7 57.6 60.1 58.9 56.8 46.9 47.2 42.9 41.1 40.1 37.5 38.6 42.8 45.8 49.5 56.1 60.1 56.2 51.7 49.8 47.1 45.4 45.5 44.9 44.2 42.4 41.8 41.6 42 42.5 43.1 44.9 47.6 50.5 51.9 52.7 53.5 54.5 54 53.3 54.3 54.9 55.2 56.1 56.7 53.6 54.7 52.4 50.5 50.7 49.9 49.1 48.6 48.3 48 47.7 47.9 48.1 48.3 48.4 49 52.2 54.3 57.1 58.6 58.4 56.7 58.3 61.3 61.6 60.5 58.9 57.5 55.8 53.7 53.4
44.4 43.2 40.6 39 40 45.8 50.8 52.1 53.5 56.8 58.7 60.6 59.5 57.6 47.2 48.7 45.5 44.3 44 40.8 38.1 41.9 45.1 48.1 51 56.9 61.7 57.9 51.8 49 46.9 50.3 46.4 45.2 43.2 42.9 42.9 42.9 43.4 43.9 46.1 48.4 51.2 52 52.8 53.6 54.1 53.7 52 52.4 53 53.6 54.3 55 49.8 54.2 52.3 50.7 51.1 50.8 50.4 49.4 48.7 47.8 47 47.6 47.8 47.9 48 48 50.3 51.1 53.8 55.5 55.6 56.1 58 59.6 59.3 58.9 57.3 55.8 54.3 53.1 53
45.9 45.3 43 40.8 41.6 47 51.5 53.5 54.8 57.4 59.2 61.1 60.2 57.8 47.7 51.2 49.2 48.6 46 42.8 40.4 40.7 43.1 45.6 48.2 52.3 63.3 65 58 50.9 51.1 49.9 49.6 46.1 44.4 44.2 44.1 44.1 44.3 44.8 47.1 49.5 51.2 51.7 51.9 52 52.1 51.8 51.4 50.9 51.1 51.8 52.4 53.1 53 54.3 52.8 51.7 51.1 50.8 50.3 49.6 48.6 47.6 46.6 47.3 47.4 47.5 47.6 47.6 48.2 49.5 50.7 52 53 54 55.5 56.7 57 56.6 55.7 54.1 53.3 52.7 52.4
48.8 48.1 46.1 43.5 42.2 47.8 51.7 54.2 55.7 58 59.7 61.4 60.1 57.8 48.4 52.7 50.9 48.3 45.6 43.7 41.7 40.5 43.2 43.9 45.3 50.7 59.7 64.6 61.3 60.7 57.4 52.1 52.6 48.1 46.2 45.9 45.6 45.3 45.3 45.7 48.1 49.1 49.6 49.5 49.8 50.1 50.2 49.8 49.5 49.9 50.4 51 51.7 52.4 53.3 52.8 52.5 51.1 50.5 49.9 49.4 48.9 48.4 47.5 47.3 47.2 47.3 47.4 47.5 47.5 48.5 49.6 50.7 51.3 51.9 52.8 53.7 54.6 55 54.5 54.2 53.5 52.8 52 52
50.7 50.3 48.9 46.9 45 49.4 52.7 54.8 56.3 58 61 62.5 59.9 57.8 49 53.3 52.1 48.7 46.1 44.1 41.9 42.3 43.6 44.7 44.2 47 51.3 59.6 63.5 65.2 64.9 62.4 59.3 51.1 47.9 47.6 47.4 47.1 46.7 46.8 48.1 49.2 49 48.9 48.7 48.5 48.4 48.9 49.4 49.8 50.3 50.8 51.2 49.7 52.3 51.5 51 49.7 49.1 48.6 48.1 47.6 47.1 47.2 47.3 47.3 47.2 47.3 47.4 47.9 49 49.9 50.4 50.9 51.3 52 52.9 53.8 54.1 53.3 53 52.9 52.1 51.5 51.6
50.9 50.6 50.4 50.4 48.9 49.3 53.2 54.1 56.8 60.5 62.6 61.5 59.3 56.7 49.7 52.6 52 48.8 46.3 43.4 41.7 42.9 44.4 46.3 46.9 46.5 48.2 54.8 59.9 64.2 66.4 65.2 60.9 54 50.5 48.1 47.9 47.6 47.7 48 48.6 48.6 48.5 48.4 48.4 48.3 48.1 48.6 49.4 49.8 50.6 51.8 52.4 49.8 51.9 50.2 49.3 48.4 47.8 47.3 46.8 46.8 46.9 47 47.1 47.2 47.3 47.3 47.4 48.4 48.9 49.4 49.9 50.4 50.9 51.4 52.2 53.1 53.2 52.5 52.3 52.2 51.5 51.1 51.2
50.6 50.4 50.2 50.9 51.8 53 53.9 55.5 57.3 61.3 61.9 60.9 58.8 56.2 50.5 52 51.1 48.2 45 42.4 42 43.2 44.5 46.4 49.2 50.3 53.9 54.4 58 63.7 63.8 61.9 58.9 53.9 51.7 49.6 48.7 49 49.3 48.2 49.1 48.4 48.4 48.3 48.2 48.1 47.8 47.9 48.8 49.9 50.6 52.2 53 52.4 50.9 48.9 47.9 47 46.5 46.4 46.5 46.6 46.7 46.8 46.9 47 47.1 47.2 47.5 48 48.5 48.9 49.4 49.9 50.4 50.9 51.5 52.4 52 51.8 51.6 51.6 50.9 50.7 50.8
50.3 50.1 50.3 50.9 51.7 53.2 54.3 56.8 59.4 60.7 61.9 60.1 57.7 55.2 51 52.1 50.5 46.6 44.8 41.4 43.3 45.1 45.9 46.8 50.3 55 58.8 61 64.7 64.1 62.4 60.8 58.1 56.9 52.5 50.7 49.5 49.8 50.5 50.7 50 48.4 48.2 48.1 48.1 47.8 47.6 47.6 47.6 48.9 50.1 50.9 51.3 50.4 49.4 48.3 47.2 46.1 46.1 46.2 46.3 46.4 46.5 46.6 46.7 46.8 46.9 47.2 47.6 47.9 48.3 48.6 49 49.4 49.9 50.4 50.9 51.7 51.3 51.1 50.9 50.9 50.2 50.3 50.5
