app/static/ascii/SP02.asc
ncols 200
nrows 200
xllcorner 400000
yllcorner 220000
cellsize 50
[rows 140 to 174 of 200, columns 0 to 77 of 200]
298.1 296.9 294.3 290.9 287.6 284.6 281.2 279.4 276.3 268.6 258.6 246.2 233.2 227.1 226.6 236.3 244.4 251.9 257.5 260.1 264.3 270.6 275.8 280.3 280.8 281.5 281.2 280 278.5 277 275.5 273.9 272.1 270.4 268.7 265.4 263.5 259.8 253.8 243.9 235.1 230.4 231.6 233.7 236.6 239.7 242.3 244.2 247.3 249.7 252.5 252.7 250.8 247.8 244.1 241 236.3 228.6 220.8 215.1 209.7 205.1 201.6 198.4 195.7 193.1 189.7 189.9 190.7 190.8 191.6 192.1 192.9 194.3 196.4 198.3 201 203.9
297.2 296.9 295.3 292.2 289 286.4 283.9 281.2 278.1 274.6 267.4 258.3 248.1 238 229.2 222.9 228.6 238.4 248.8 257.9 262.5 267.5 273 278.9 280 280.9 281.2 280.3 279 277.8 277.2 276 274.7 273.3 271.2 268.8 265.5 261.8 256.2 250.5 242.5 236.4 231.4 224.8 221.4 225.6 226.7 228.1 231.7 235.4 239.1 242.1 242.8 242.9 241.5 238.9 232.8 226.1 218.8 213.3 208.3 203.7 200.1 196.1 194.3 192.1 189.8 192.4 192.2 191.3 192.7 193.8 195.2 196.5 197.2 198 198.9 200.1
293.2 293.4 293.1 291.8 290 287.3 284.5 281.9 278.6 275 271.5 266.1 258.7 251.5 243 234.7 226 221.7 240.5 253.5 259.1 265.2 271.4 277.7 279.3 280.2 280.7 280.3 279.4 278.3 277.9 276.6 275.6 274 272.6 270.1 267.2 262.7 256.9 250.7 245.9 240.7 235.9 230.9 224.2 219.2 217.1 216.6 215.1 218.2 223.9 229.3 233.2 234.3 233.4 231.2 227 222.6 217 211.9 207.4 203.2 199.3 195.8 193.5 190.7 188.7 192.6 193.2 192.4 193.3 194.9 196.6 198.5 199.7 200.3 201.2 200.9
289 289.7 289.5 288.7 287.5 286.2 283.3 280.8 277.7 274.5 271.2 268.3 264.6 258.8 251.2 243.1 235 228.7 237.9 251.2 257.7 264.1 269.7 275.6 279.1 278.4 279.2 278.9 277.9 278.1 277.2 275.9 275.2 273.8 272.6 270.6 267.6 263.5 258.5 251.6 245.9 241.3 235.9 230.7 225.6 222.9 218.1 219.5 217.6 214.2 211.5 214.9 222 225.5 225.8 224.4 221.7 218 213.3 209.3 205.4 201.3 198.2 195.6 193.3 189.6 188.4 190.4 192.7 192.8 195.6 197.6 198.8 200.4 201.9 203.4 204.9 205.8
282.9 283.8 284.5 284.6 283.9 282.9 281.1 278.6 275.4 272.5 269.4 265.6 263 259.5 253.5 245.9 237.9 231.1 237.3 248.6 256.1 262 267 272.9 277.1 277.1 277.2 276.9 276.4 276.4 275.5 275 274.6 273.6 272.3 270.9 267.6 264.2 258.5 251.6 246.9 239.4 233 229.4 224.1 221.7 224.2 225.2 222.4 218.7 214.6 207.4 209 217.3 218.2 217.8 215.3 213.1 210.1 206.4 203.3 199.8 196.9 194.7 192.4 189.7 187.5 189.9 191.8 193.9 196.3 198.3 200.1 201.4 203 204.7 206.8 208.3
274.2 274.6 275.3 277 277.6 277.9 276.9 274.7 271.8 269.2 265.9 262.2 259.4 256.7 250.8 242.8 234.5 222.3 231.9 245.8 254.3 259.6 266.5 273.1 275.7 276.6 275.8 274.7 274.4 273.8 273.2 272.3 272.2 272 271.5 270.2 267.9 265.2 259.7 254.6 249.6 243 235.5 232.4 226.9 226.2 228.8 229.7 229 224.7 219.5 213.9 205 208.6 211.3 211.1 210.1 208.1 206.5 203.6 200.8 197.8 194.9 193 191.1 189 186.3 187.6 190.9 193.6 196.1 198.1 199.9 201.3 203.6 205.2 207.9 209.8
266.3 262.8 263.7 265.5 267 267.9 268 266.7 264 262.1 261.2 258.5 255.6 252.4 245.4 236.9 230.5 219.7 230.7 244.8 252.3 260.8 269.1 273.5 275.1 275.5 275 273.9 272.6 271.8 271.6 270.6 270.6 270.5 270.5 269.7 268.4 267.5 262.4 256.7 252.6 248.3 241.7 236.2 231 230.4 235 234.5 233.3 230.4 225 216.8 207.5 202.8 200.8 202.8 203 202.3 201.2 199.3 197.8 194.6 192.1 191.5 190.4 188.8 187.2 186.7 189.4 192.7 195.3 197.3 199.1 201.2 203.9 206.1 208.3 210.5
258.8 255.2 253.6 253.4 253.1 254.7 256.4 256.9 256.1 255.4 254 251.8 249.5 246.7 240.6 233.7 226 218 231.1 244.6 254.5 263.4 270.6 274 273.7 274 273.7 272.9 271.9 270.7 268.9 267.9 269.4 269.4 269.6 269.8 269.8 268.2 265.8 259.8 255.2 252 247.3 240.7 236.1 235.3 237.8 238.2 235.1 230.9 225.2 218 215.8 209.9 204.2 201.2 199.6 197.5 195.7 194.8 193.7 192.9 192.2 191.9 191.4 189.7 187.5 186.1 187.8 190.9 193.3 195.8 198.6 200.9 203.5 205.9 208.5 211
253.6 249.9 246.4 245.7 244.7 245.4 245.9 246.3 247 247.3 246.2 244.2 242.4 241 237.3 232.6 226.9 223.9 231.4 244.9 256.1 265.3 271.6 273.4 272.9 272.7 272.3 271.3 270.6 268.5 264.1 262 264.4 267.2 268.7 269.2 269.5 268.5 267.4 264.8 259.1 255.3 252.2 247.1 242.7 239.8 238.8 237.6 234.4 229.5 228.6 225.9 222.3 216.9 215 211.8 211.7 207.7 202.2 197.5 197.1 196.3 194.9 194 192.6 190.5 188.7 186.5 186.4 190.4 192.6 195 197.6 200 202.7 205.4 208.3 211.4
249.5 245.9 242.7 240 239 238.9 238.8 238.8 238.9 239.1 237.8 235.6 233.2 233.6 232 229.2 226 226.1 233.2 244.8 256.6 265.6 271 272.1 272.2 272.6 271.6 269.6 268.7 266.8 260.9 255.5 257.1 262.8 266.7 267.5 268.4 269.3 268.2 267.2 265 260 254.6 251.3 249.2 243.9 240 237.2 235.7 235.5 232.7 229.1 225.5 223.2 221.6 220.2 218.8 212.6 205.1 202.2 201.7 200.2 198.7 196.4 194.8 191.9 190.5 186.4 187.2 191.3 194.1 196.1 198.1 200.4 202.7 206.1 209.1 212.4
244.7 242.7 240.2 236.5 234.4 233.9 233.5 233.3 233.1 231.3 229.4 226.6 223.7 223.5 223.7 223.8 224.5 227.2 237.5 247.6 257.7 265.5 269.6 270.9 272.4 272.1 270.7 268.9 267.5 264.9 258.7 252.4 252.2 256.1 261.6 266.1 267.9 268.9 269 268.4 267.2 264.5 259.6 254.8 252.4 246.5 242.2 240 239.4 238.8 235.4 231.9 230.3 228.7 226.5 225.2 221.9 215.7 208.1 207.2 206.2 204 201.5 199.1 196 193.4 190.6 186.1 185.7 188.9 191.9 194.4 197.4 200.9 203.4 206.7 209.9 213.3
242.2 238.5 238 234.8 231.4 229.4 229.5 229.9 228.8 226 223.2 219.2 215.6 216.2 218.9 222.3 226.1 232.9 241 249.9 258.6 263.6 267.1 271 272.8 271.8 269.4 267 266.2 263.1 256 250.8 246.9 251.3 256.6 265 268 268.7 268.9 268.6 267.9 265.8 264.1 259.1 254.2 248.4 244.4 242.7 241.6 240.3 238.4 235.5 232.8 231.4 229.9 228.4 224 217.2 212.1 211.8 209.5 207.1 205 202.4 199.2 195.6 192 188 185.6 189.2 192.3 195.6 199.6 202.4 204.6 207.3 210.3 213.6
239.1 235.7 234.8 232.4 229.4 226.1 225.7 226.4 225.5 223.1 218.7 213.3 210.3 219.3 225.7 229.1 232.7 239.9 246.4 252.6 257.5 261.7 267.9 271.8 272.8 270.8 268.2 266 263.9 260.3 254.4 248.5 244.8 249.5 254.5 264.5 267.6 268.5 268.6 268.4 267.9 266.1 263.6 260.7 255.8 250.4 245.5 243.9 242.9 242.6 241.4 238.5 235.3 233.2 232.6 230.4 224.8 218.7 214.7 214.3 211.8 209 204.9 203.5 200.4 197.3 193.7 189.3 186 188.9 192.6 196 199.2 203.4 206.1 209.1 212 215.3
236.3 233.4 230.3 228.9 226.3 223.6 223.1 224.5 222.9 219.6 212.6 211.7 222.8 231 236.8 239.2 240.2 245 249.3 252.8 257.7 264.1 268.6 271.1 271.5 269.8 266.9 264.3 261.6 257.1 251.7 244.4 239.6 249.1 254.3 263.4 266.9 268.3 268.2 268.4 267.3 265.5 263.8 261.4 256.4 251.3 246 244.3 244.1 244.1 243.4 240.5 237.2 235 233.6 231.2 225.8 220 216.4 215.6 213.3 210.4 208 205.2 201.5 197.8 194.7 191.4 184.7 188 193.3 196.6 200 202.7 205.3 208.8 212.8 216.6
233.6 230.1 227 224.4 223.2 220.9 220.8 222.2 220.6 213.8 210.2 224.5 235.1 242.4 245.4 249.5 251.3 254.1 253.3 252.5 258 263.3 265.9 268.2 268.2 267.2 264.4 260.2 256.7 252.6 248.5 239.9 238.6 248.3 253.9 262.6 266 268 268.5 268.2 267.5 265.6 263.7 261.1 256.2 250 245 243.5 244.2 243.9 243.4 240.8 238.6 236.9 235.1 230.7 225.4 220.5 218.2 215.2 213.8 210.9 208.2 204.9 201.2 197.4 194.8 191.8 184.6 186.4 192.9 196 199.5 202.8 205.8 208.7 212.5 215.5
231.1 228.6 224.3 220.5 220.4 219.1 217 219.7 214.5 207.8 221.6 234.7 244.8 252.2 257.2 260.6 262.2 263.4 263.4 262.5 262.1 263.2 263 263.1 262.6 261.6 259.1 254 250 248.5 244.1 236 238.4 247.6 253.2 262.6 265.8 268.2 268.5 267.8 267.2 265.2 263.1 260.1 254.2 249 243.7 242 243.4 242.7 241.6 239.3 237.2 236.8 235.7 230.7 225.2 220.7 218.1 214.7 212.4 209.7 207.3 204 199.7 196.3 193.6 191.2 184.5 187.5 193.5 196.8 199.6 202.2 205.7 208.6 211.5 215
228 226.4 222.4 218.1 217.6 218.9 213.3 214.6 208.7 214.5 229.4 242.2 252.3 259.9 265.5 268 268.7 269.4 270.5 270.4 268 265.4 262.4 259.6 257.3 254.7 252.2 249.2 245.5 241.7 238.7 232.3 237.7 247.4 254.3 261.7 265.6 269 269 267.5 266 264.4 262.5 259 251.7 247.1 241.8 240.6 241.8 239.5 237.9 236.6 234.7 235 233.6 228.2 222.9 219 215.8 213.5 210.9 208.5 205.8 203 198.9 195.3 192.2 189.3 182.8 189.2 193.9 196.5 199.2 202.1 205.5 208.3 210.9 213.4
225.7 222.6 220.1 216.4 215.5 217.8 210.1 205.4 209.9 224.5 238.2 251.5 260.9 268.4 271.9 271.8 272.9 273.3 272.4 270.8 269 267.8 265.2 261 256.9 252.2 247.6 241.8 237.6 233.3 230.5 228.3 238.8 248 252.5 261.7 266 268.3 268.4 267.1 265 263.1 261.5 258.2 251.3 246.8 238.7 236.8 237.9 235.5 234.1 232.2 229.8 228.7 224.6 219.3 214.4 213.6 212.4 211.5 209.1 206.1 203.4 201.1 197.5 194.2 190.9 186.2 183.1 191 194.1 196 198 199.8 204.1 206.4 208.7 210.6
224.3 220.9 217.8 215.4 211.2 207.9 203.3 210.6 220.6 231.8 246.4 260.3 269 273.6 275 274.7 274.1 272.9 271.6 270 268.4 266.7 264.9 262.8 260.7 256.2 247.1 237.2 229.4 225.6 224.7 228.6 238.2 247.2 252.5 260.9 264.7 267 267.5 266.7 264.9 262.4 260.9 258.4 252.9 249.4 244.2 237.3 232.1 230.5 228.4 224.4 219.3 215.9 213.5 209 206.4 204.7 206.5 206.9 206.4 204.1 201.5 199 195.7 192.7 189.2 183.1 185.4 191.3 193.1 194.4 195.9 198.6 200.6 202.2 203.2 204.2
221.5 219 217 216.1 208.9 203.4 208.8 215.2 222.3 234.2 250.2 265.6 272.6 274.5 274.1 273.1 272.3 271.3 270 268.7 267.1 265.5 263.8 261.9 259.9 256.2 245.7 234.2 223.3 220.2 224.5 231 237.6 246.3 254.2 260.1 263.2 264.7 265.6 265.3 263.8 262.2 260.5 259.3 255.8 251.2 247.3 242.9 235.8 230.1 225.4 224.6 222.8 221 218.7 217.5 212.3 205.1 200.5 199.4 201.7 201.5 199.1 197.1 193.9 190.7 187.2 181.7 184.4 187.4 187.6 189.3 192.6 193.5 194.9 196.4 198.3 200.8
214.3 211.6 209.9 207.8 205 201.6 209.8 214.4 220.8 233.1 247.3 261 268.4 270 269.9 269.6 268.9 268.9 268.1 266.6 265.2 263.6 262.1 260.3 257.7 250.4 240.2 227.8 217 222.7 230.6 238.7 244.5 250.1 255.8 259.4 261.4 262.2 263.3 262.8 262.5 260.8 260 259.8 257.5 253.9 250.2 245.2 238.9 232.5 232.5 231.8 230 228.5 225.7 222.4 217.7 212.6 206.4 199.3 195.3 196.4 196.8 195 192 188.7 184.4 182.5 185.3 187.2 189.4 191 193.3 195.7 198.2 201.4 203.5 206.2
218.6 216.6 214.8 213.2 209.8 202.6 204.3 211.6 219.7 232.4 247.3 256.7 260.8 263.9 265 265.8 266.3 265.7 265.8 264.5 263.1 261.7 260 257.4 251.6 243.4 232 220.4 216.2 226 238.3 249.5 254.8 256.5 259 260.3 260.7 261.1 261.2 260.5 260.4 260.6 260.2 260.5 259.1 256.5 252.5 247.5 240.1 238.9 239.4 237.4 235.2 232.7 229.6 227.6 225 220.4 213.9 206.1 198.1 193.6 192.2 191.3 189.7 186.7 183.7 183.5 187.1 189.4 191.9 195.1 197.9 201 203.6 206 208.4 211.1
218.8 217.2 216.1 213.9 211.1 204.8 201 211.4 220.1 233 249.8 261.8 266.3 266.7 266.2 265.2 264.6 265.2 263.8 262.4 261 259.7 257.1 251.6 244.5 235.2 224.7 215.2 217.8 228.9 243.5 254.6 258.4 260 261.3 261.6 261.7 261.5 260.3 259.5 258.6 259 259.5 260.6 259.2 257 254.7 249.5 246.2 245.5 244.1 241.9 239.3 236 233.9 232.2 230 225.4 218.6 211.6 203.3 195.8 190.8 188 186.2 183 181.1 182.1 187.7 191.1 193.8 197.5 200.9 203.7 206.3 209.1 211.7 215.6
219.4 215.4 212.8 211.2 209.2 204.9 199.7 208.2 218.3 228.1 244.8 256 260.2 260.2 259.9 259.8 260.5 260.9 260.9 260.1 259 257.2 251.7 244.8 235.1 226.1 216.9 210.5 220.2 233.1 246.7 256.5 258.7 260.3 261.9 261.9 261.8 261.8 261.2 259.8 258.2 258 258.3 259.1 258.7 257.6 256 254 250.7 249.7 247.7 244.7 241.9 238.5 236.6 234.3 232.2 227.7 220 210.5 202.8 198.2 194.2 191 188.7 187.2 183.8 180.7 186.6 191.1 194.8 198.6 201.9 204.7 208.2 211.4 215.2 219.4
219.3 215 207.1 204.5 203.5 200.9 198.7 203.6 214.9 226.1 239.6 251.3 254.3 254.5 257.3 260.4 259.7 258.7 258.9 258.2 256.8 252.9 244.7 233.8 224.7 215.6 209.6 212.7 223 236.7 248.6 255.2 258 259.7 261.5 261.5 261.2 261.1 260.7 259.9 258.6 258.4 258.4 257.7 257.9 258 257.1 255.3 252.8 251.6 249.4 246.2 242.9 238.5 236.2 233.1 230.7 223.3 216.7 211.9 208.7 205.2 200.4 196.8 194.4 191.3 186.9 181.1 181.9 188 192.3 197.7 201.7 205.2 209 213 217.3 222.2
214.8 208.1 209.2 208.7 206.4 204.4 200.9 198.9 211.8 222.4 230.9 239.4 244 249.5 254.1 257.3 258.1 255.7 256.1 255.5 253.3 247.7 235.8 225.1 215.9 207.8 207.3 215.9 227.2 241.3 251 254.4 256.5 258.7 260 260.5 260.2 259.5 259.5 258.8 258.5 259.2 259.3 258.6 258.3 258.4 257.9 256.5 253.9 251.5 249.3 246.2 242.2 237.8 236.3 233.6 230.9 229 224.6 220.1 216.4 211.6 206.9 201.8 198.2 194.7 190 184 181.1 187.9 192.4 197.6 201.3 205 208.8 214.1 219 224.9
214.4 215.1 214.3 210.7 207.1 203.5 199.6 196.8 208.6 216.8 218.2 222.7 234.1 242.6 249.2 253.8 255.4 253.5 252.6 251.6 248.6 240.7 226.7 217.2 207.6 204 211.3 219.7 233 245.9 253 255.1 256.3 257.5 258.8 258.9 258.5 257.9 257 257.2 258.1 259 259.5 259 258.9 258.7 258.1 256.1 253.6 250.5 247.5 244.5 242.5 241 240.2 237.6 235.9 233 228.4 223.7 219.9 215.3 210.5 205.1 200.9 196.7 193.3 184.4 183.5 191.8 197.4 201.2 204.3 207 210.3 214.6 220.6 226.8
219.9 218.4 215.3 212 207.6 204.9 202.4 197 204.6 209.4 209.9 212.9 221.4 231.2 241.1 247.5 250 248.6 249.5 249.4 244.4 232.4 220.8 209.6 201.1 206.9 213.7 223.8 237.2 248.5 252.5 253.6 254.7 255 256.6 257.2 257.4 257.5 255.6 255.9 257.1 258.8 258.6 257.9 258.9 258.9 258.3 257.1 255 252 248.2 247.9 247.1 244.5 242.7 240.7 238.5 235 230.7 225.2 221.4 215.6 211.1 205.6 201.7 197.6 194 181.5 185.4 194 199.1 203 207.2 210.5 213.5 216.9 221.9 229
222.5 220 216.4 213.5 209.7 206.7 202.7 198.5 195.6 199.1 199.1 201.8 204.1 217.2 229.6 238.3 242.5 243.3 243.7 245.7 240.1 227 215.4 203 202.8 209.6 217.1 229 241.4 246.6 251.3 252.3 253.8 252.8 254.7 254.6 255 255.4 254.7 255 256.1 256.8 257.2 256.5 258.5 259 258.5 257 255.8 252.5 250 249.2 247.9 245.8 243.6 241.4 239 235.1 231.6 225.2 220.5 214.9 209.5 204.8 200.2 195.9 190.6 180.5 188 195 199.1 203.2 207.4 211.3 215 219.2 224.9 232.2
223.9 221.2 218.2 215.7 213.3 210.3 205.6 201.3 197.8 196.1 199.2 200.6 200.1 201.3 216.6 226.8 232.2 233.1 234 238.8 234 221.2 209.5 198.2 203.7 211.1 219.7 233 243.4 247.4 247.8 250.8 251.6 252.8 252.1 253.1 252.1 253 251.9 255 256.4 254.8 254.3 255.8 257.8 258.9 258.2 256.1 255.3 252.9 251.2 249.7 247.7 246.4 243.6 240.4 236.7 233.4 229.2 223.2 218.1 212.6 207 201.5 197.6 193.3 185.6 180.6 190 194.7 197.6 200.9 205 210.9 215.9 222 229.5 237.9
224.8 222 219.9 217.5 216 213.7 210.2 205.5 201.2 200.9 204.2 206.6 205.4 197.2 204.1 213.7 219.2 220.1 222.9 228.7 226.8 217.2 206.2 197.9 203.9 211.9 222.3 234.7 242.8 246.7 248.1 247.1 250.6 249.5 250.2 251 250.4 248.1 251.7 254.4 255.4 253.6 252.9 255.5 256.9 258.3 257.2 255.2 254.2 252.3 250.6 249.4 247.4 247.1 244.2 241.1 237.2 232.7 228.4 221.7 214.9 208.7 202.4 197.8 193.7 191.1 182.7 181.5 188.5 192.1 195 198.4 204.2 210.4 216.6 224.1 232.9 242.4
225 223.1 221.5 219.6 218.1 215.9 214.4 209.7 208.4 208.9 208.3 209 206.6 204.1 198.1 198.9 204.5 208.4 213.4 219.1 217.9 212.9 201.5 196.4 204 211.8 222.4 233.5 239.7 244 246.9 247.8 247.5 249.8 246.5 247.5 245.5 246.3 252 253.2 253.5 250.6 252.2 255.1 256.5 257.9 256 255.1 253.5 250.8 249.8 249.3 248.3 246.7 242.4 241.1 238.3 236.8 232.1 226.5 219.8 212.6 205.2 197.4 191 186.3 180.2 181.2 186 190.4 193.7 199.1 204.9 211.1 217.8 225.6 234.8 245.6
225.5 224.2 222.2 220.3 219.2 218.2 216.5 214 212.8 212.4 211 209.3 209.3 208.8 203.7 195.8 190.5 196.6 204.2 209.9 208.3 203.8 193.9 196.3 203.1 211 221.3 230.7 237 240.8 244 245.9 245.4 246.8 246.4 241.5 237.1 243.5 250 252.6 251.2 248.6 251.9 255.6 256.8 255.6 254 255.1 252.6 248.7 248.6 249 246.7 243.8 244 241.7 239.8 237.7 233.6 228.7 222.3 215.2 207.8 199.9 193.5 187.3 178.4 182.4 186.5 190.2 194.7 199.8 205.9 212.3 218.9 227.9 238.8 249.6
225.5 224.8 222.8 221 219.4 218.1 216.5 214.9 214.3 213.4 212.2 210.9 210.3 210 207.3 202 196.7 190.1 193.9 197.6 197.2 195.6 193.5 197.5 200.4 209.4 218.3 226.1 234.4 239 240.2 243 243.4 241.5 242.3 237.6 234.4 244.1 247 249.7 248.5 247.1 249.7 255.1 255.9 253.9 252.1 253.9 250.8 246.3 246.4 247 244.5 244.7 243 240.3 237.7 235.6 232.1 228 222 215.6 209.8 203.7 197.5 189.6 178.4 179.4 186.7 191.3 194.9 200.6 206.7 214.6 222.1 231.7 243.3 253.2
225.5 224.4 222.7 220.9 219.5 218 216.1 214.8 214.2 213.1 212.4 211.2 209.9 208.9 208 206.4 201 194.8 189 188.1 190.4 190.9 190 195.6 198.8 203.8 212.9 222.2 231.7 237.2 239.7 239.6 239.7 236.9 233.4 228.4 236.4 243.2 245.3 245.3 244.7 246.5 247.9 251.6 253.5 251.7 250.8 251.6 249.6 245.4 243 243.9 244.2 242.9 240.3 237.4 234.9 232.9 230 225.4 218.8 214.1 210.1 204.6 200 194.3 184.6 178.4 184.5 190.6 196.5 202.5 209 217 225.8 235.7 247.2 256.9
