app/static/ascii/SP11.asc
ncols 200
nrows 200
xllcorner 410000
yllcorner 210000
cellsize 50
[rows 140 to 174 of 200, columns 0 to 77 of 200]
176 174.7 175.1 176 176.9 177.8 178.7 179.6 180.1 180.5 179.4 178.9 178.4 178.5 178.3 177.5 176.7 175.8 174.9 173.1 171.8 170.6 168.7 168.2 170.2 172.4 174.4 176.2 178.3 180.1 181.7 182.5 182.7 182 181.3 180.6 179.9 179.2 178.3 177.4 176.5 175.8 175.8 175.7 176.2 177.4 178.8 178.7 177.6 176.5 175.8 174.7 173.4 172.2 170.8 167.9 164.6 162 159.1 158.5 159.9 163.7 164 162.7 160.6 160.9 161.4 161.4 160.5 158.6 156.5 153.5 150.5 149.2 144.4 141.7 138.3 146
175.7 174.6 174.1 175 176 177 178 179.1 179.9 180.6 180 178.9 178.3 178.3 178.3 177.6 176.7 175.8 174.9 173.3 171.4 170.3 168.3 168.9 170.9 173 174.9 176.5 178.3 180 181.5 182.1 182.3 181.7 180.9 180.2 179.5 178.8 177.9 177 176 175.5 175.5 175.5 175.5 176.8 178 178.6 178.2 177.1 176.2 175.6 174.5 173.1 171.1 168.5 165.8 164 162.8 162.5 162.3 165 164.3 163.2 162.8 162.7 162.7 161.9 161.5 160.2 158 156.4 154.6 152.2 147.8 143.1 138.1 146.8
173.9 173.4 173.9 174.2 175.2 176.2 177.5 178.6 179.2 179.9 179.4 178.1 178.1 178.1 178 177.4 176.7 175.8 174.9 173.5 171.3 169.3 167.7 169.5 171.6 173.7 175.3 176.9 178.5 179.9 181.3 181.8 181.9 181.3 180.6 179.9 179.2 178.4 177.5 176.5 175.6 175.5 175.6 175.7 175.4 175.7 176.7 177.2 177.5 177.7 176.6 175.9 175.6 174.1 171.7 169.4 168.3 167 165.7 166.3 164.7 165.9 165.1 164.7 164.4 164.1 163.8 163.5 163.2 162.1 160.3 158.5 157 154.4 150.5 143.4 138.4 149.5
172.5 172 172.5 173.5 174.4 175.8 177.4 178.7 179.7 179.6 178.6 177.9 177.7 177.3 176.9 176.4 175.8 175.1 174.5 172.5 169.3 166.8 168.2 170.2 172.2 174.3 175.5 176.9 178.5 179.7 181 181.5 181.6 181 180.2 179.5 178.8 178 177.1 176.1 175.1 175.3 175.8 175.8 175.5 175.1 175.2 175.8 176.3 176.5 176.6 176.4 175.5 175 172.6 170.4 169.3 168.3 167.3 166.9 167.1 167 166.6 166.3 166 165.7 165.4 165.1 164.8 164.1 162.3 160.5 158.8 156.5 150.8 142.7 135.2 149.9
170.7 170.5 171.4 172.9 174.5 176.1 177.7 179.4 179.8 178.8 177.9 177.4 176.9 176.3 175.8 175.3 174.5 173 171.5 169.7 167.7 168.2 170.7 171.8 172.9 174.6 175.8 177 178.4 179.6 180.7 181.3 181.3 180.8 180.2 179.4 178.7 177.6 176.6 175.6 174.7 175.1 175.7 175.9 175.4 174.9 174.7 174.7 174.8 175.3 175.3 175.4 174.5 174.6 173.4 171.4 170.3 169.4 168.4 167.6 168.1 168.2 168.2 167.9 167.6 167.3 167 166.7 166.5 166.1 163.5 162.2 160.2 157.4 153 143.9 135.3 142.1
168.6 169.3 171.6 173.2 174.8 176.4 177.9 179.4 179.1 178.2 177.5 177.1 176.7 176.1 175.6 174.5 172.1 170.2 168.5 166.6 167.8 171.1 171.9 172.9 173.9 175 176.2 177.3 178.2 179.3 180.3 180.9 180.9 180.4 180 179.3 178.4 177.2 176.2 175.2 174.3 174.9 174.9 175 175.3 174.8 174.5 174.4 174.6 174.5 174 173.9 173.6 173.7 173.9 172.4 171.6 170.9 169.8 168.7 168.7 168.8 169.4 169 168.3 167.8 167.4 166.9 166.4 166.1 164.2 163 162.4 159 154.5 146.7 137 133.4
166.9 169.5 171.6 172.9 174.3 175.9 177.5 178.5 177.8 177.4 177.1 176.8 176.4 175.9 175.2 172.3 170.1 168.2 167.7 168.2 170.7 170.9 172.3 173.2 174.2 175.3 176.1 176.8 177.7 178.9 179.8 180.3 180.2 179.9 179.5 179.2 178.3 177.1 175.9 174.9 173.6 173.4 173.4 173.4 174.1 174.7 174.4 174.1 174.1 174 173.7 173.3 172.7 172.7 172.9 173.3 172.7 172.2 171.6 170.7 170.3 170.6 170.3 170.5 168.2 167.8 167.3 166.6 166 166 164.4 163.2 162.1 158.8 154.8 150.1 140 134.9
167.4 169.5 171.8 172.9 173.8 175.2 177.2 177.4 176.7 176.1 176 175.9 175.8 175.7 173.6 171.3 168.8 166.5 167.1 168.7 169.3 169.8 171.3 172.8 174.2 174.9 175.6 176.3 177.3 178.3 179.1 179.6 179.4 179.3 179.1 179 178.5 177.3 175.9 174.7 173.2 171.1 171.6 171.9 172.2 173.2 173.1 173.3 173.4 173.5 173.4 172.6 171.7 171.2 171.5 172.3 172.9 172.3 171.7 171.3 171.3 171.4 171.2 171.5 171.3 167.7 167 166.4 165.7 165.4 164.3 162.7 161 158 154.2 150.3 143.6 137.2
167.4 169.7 172 173.1 173.8 174.7 176.9 176.3 175.8 175.7 176 176 176 175.2 172.8 170.2 167.7 165.6 164.9 165.9 167.4 169.6 171.5 173.4 174.2 174.2 174.9 175.8 176.6 177.4 178.2 179 179.2 178.9 178.9 178.9 178.7 177.4 176.1 174.7 172.8 170.4 169.1 169.6 170.4 170.6 171.1 171.3 171.4 171.6 172.4 171.7 170.8 169.8 170.3 171.1 172 172.5 171.9 171.5 171.6 171.7 171.8 170.4 169.2 167.1 165.9 165.3 164.5 164 162.8 161.2 159.2 156.6 152.8 149 144.9 138.9
168 170 172.2 173.4 174 174.7 174.8 175.9 175.4 175.7 176.3 176.4 176.4 174.6 172.1 170.9 169.7 166.4 163.3 163.5 166.6 169.1 171.6 174 174.2 174.2 174.2 174.8 175.7 176.7 177.5 178.4 178.6 178.6 178.5 178.6 178.6 177.6 176.1 174.6 172.8 170.2 167.7 168.1 168.8 169.2 169 169.3 169.6 170.6 171.2 170.8 169.8 168.9 169 169.9 170.8 171.7 172 171.7 171.9 171.3 170.6 169.2 167.6 166 164.8 164 163.3 162.5 161.4 159.5 157.4 154.9 151.4 147.7 143.9 138.1
168.9 170.5 172.1 172.9 173.6 174.5 174.2 174.7 175.3 175.7 176.3 176.7 176.4 174.1 172.7 171.6 170.5 168 164.4 162.4 166.4 169 171.7 172.1 172.1 172.6 173.1 173.7 174.7 175.7 176.7 177.2 177.4 177.6 177.9 178.2 178.3 177.3 175.8 174.3 172.8 170.6 168.2 167.2 167.5 167.9 167.5 167.5 168.5 169.5 170 169.8 168.9 168.2 167.9 168.5 169.5 170.4 171.4 171.3 170.6 170 169.3 168.2 166.6 165.4 165 163.6 162.1 161.3 159.8 157.7 155.6 153 150 146.5 142.9 137.8
168.9 170.1 171.2 171.7 172.4 173.5 174.6 174.7 175.4 176.2 176.6 176.9 176.4 174.9 173.4 172.3 170.7 168.4 165.3 162.8 165 169.3 170.4 171.8 171.6 171.5 172 173 173.9 175 176.1 176.4 176.4 176.5 177.1 177.7 178 177 175.5 174.4 172.6 170.2 167.8 166.4 166.7 166 165 166.4 167.4 168.4 168.8 168.6 168 167.6 167.2 167.1 168 169 169.9 169.7 169.2 168.6 168.1 167.2 165.6 165.3 165 164.1 162.6 161.1 158.9 156.6 154.5 153.2 151.3 149 144.6 140.3
168.3 169.1 170.2 170.9 171.7 172.7 173.7 174.7 175.5 176.3 177.1 177.4 176.4 175.4 174.2 172.9 170.8 168.5 166.1 160.8 161.8 168.1 169 170 170.1 170.4 171.8 172.9 173.2 174.1 175.3 175.5 175.5 175.7 176.4 177 177.6 177 175.8 174.7 172.4 169.8 167.4 165.7 165 163.5 162.4 165.1 166.3 167.1 167.6 167.4 167.2 166.7 166.2 166.1 166.7 167.6 168.5 168.2 167.7 167.2 166.7 166.1 165.7 165.5 165.1 164.6 163.1 161.4 159.3 157 155.4 155.2 155 151.1 146.5 142.5
168.2 168.6 169.2 169.2 171.3 172.3 173.4 174.6 175.7 176.5 177.2 177.1 175.5 174.2 173.2 172.1 169.1 166.7 164.3 160.7 160.2 166.3 167.2 168.2 169.5 170.6 171.9 172.8 173.1 173.4 174.4 174.4 175.4 176 176.3 176.5 176.7 176.2 175.6 174.7 173.4 170.6 167.7 165.4 163.9 162.3 161 163.7 164.7 165.6 166.3 166.2 166 165.6 165.4 165.3 165.3 166.2 166.9 166.6 166.2 165.7 165.2 166.1 165.8 165.5 165.1 164.6 163.6 161.7 159.7 157.4 156.4 156.1 154.6 151.5 147.8 144
167.8 168.3 169.4 171.2 171.8 172.4 173.3 174.4 175.6 176.7 177.5 176.3 174.8 173.3 172.1 170.8 168.7 166.2 163.6 160.9 159.6 163.7 164.8 166 169.5 170.9 172.1 172.8 173 173.3 173.9 175.2 176.4 176.6 176 176.1 176.1 175.7 175.1 174.7 174.4 171.7 169.6 167.5 166 163.4 160.7 161.1 161.7 162.9 164.6 165 164.8 164.6 164.2 163.5 163.8 164.8 165.2 164.9 164.6 164.1 164.3 164.9 164.6 164.5 164.2 163.9 163.2 162 160.1 158.4 157.4 156.2 153.8 149.6 144 138.6
167.5 168.4 169.3 170.5 171.2 172.1 173.2 174.6 175.6 176.7 177.1 176 174.9 173.6 172.4 171.1 169.4 166.7 163.8 160.8 159.2 159.8 162.8 166.5 169.8 170.4 170 171.5 173 173.5 174.2 175.9 176.6 176.1 175.7 175.5 175.3 175.3 175 174.7 174.8 173.1 171.1 169.2 167.2 165.2 162.9 161.3 159.5 161.2 162.8 163.8 163.6 162.5 161.8 161.4 162.4 163.4 163.6 163.2 162.9 162.6 163 163.5 163.5 163.5 163.2 163.1 163.7 161.2 160.4 159.5 158.3 156.1 154 149.3 141.8 135.3
166 167 168.1 170.4 170.9 171.9 173.1 174.4 176 177.1 176.3 175.1 174 172.9 171.8 170.8 169.6 166.7 163.7 160.8 159 158.7 162.5 166.6 168.7 168.4 167.9 169.8 171.9 173.2 174.3 175.2 176 176 175.7 175.5 175.2 175 174.8 174.8 174.9 173.4 171.5 169.9 168 166 165.6 163.1 158.8 159.4 161.1 162.6 161.7 160.3 159.5 160 161 161.8 162.6 162.3 162 161.3 161.6 162.2 162.4 162.5 162.2 162.6 163.2 160.8 160.6 159.8 158.3 156.4 153.9 148.5 140.4 135.3
164.8 165.7 168.2 170.7 171.6 172 173 174.2 175.8 176.7 175.5 174.1 173 172 171.1 170.2 168.7 166.7 163.7 160.9 159.1 158.1 162.6 165.2 166.3 165.6 166.4 168.3 171.2 174 174.5 174.8 175.3 175.8 175.7 175.4 175.2 175 174.7 174.8 174.9 173.9 172.2 170.6 169 167.6 166.2 163.8 159.7 158.6 160.1 159.8 158.9 158.1 157.6 158.3 159 160.2 161.4 161.6 160.9 160 159.5 160.6 161.2 161.5 161.4 161.8 161.6 161.5 160.5 159.5 157.8 156.1 154.4 150.6 146.6 140
163.6 166.3 168.5 171 172.4 173 174 174.6 174.6 174.2 173.8 173.4 172.4 171.5 170.6 169.4 167.9 166.6 163.7 161.7 159.9 157.8 159.5 160.9 162.3 164.1 167.1 169.1 172 174.8 175 175.1 175.4 175.9 175.6 175.4 175.2 174.9 174.8 174.9 175 174.2 172.5 171.1 169.7 168.1 166.5 164.4 160.4 157.8 156.9 156 155.2 153.8 152.3 152.5 155 157.5 159 160.1 159.4 158.6 157.8 159.1 160.6 160.6 160.2 160 159.8 159.8 160.3 159.1 158.1 157.1 155.4 153 148.9 142.2
164.2 167.1 169.2 171.4 173.2 173.9 174.3 174.6 174.6 174.2 173.8 173.4 173.2 172.3 170.9 169.9 167.7 166 163.8 161.3 158.8 156.6 160 163.2 165.6 167.4 169.1 170.6 172.9 175.5 175.5 175.6 175.6 175.8 175.6 175.4 175.1 174.9 174.8 174.9 175.1 174.4 173 171.7 170.4 168.3 166.5 164.6 162.5 160.2 158.6 156.9 155.2 153.1 151.7 153.4 150.3 152.6 155.3 156.8 156.9 156.6 155.9 158 160.1 159.7 159.1 158.2 158.4 158.4 159 159.1 158.4 157.6 156.3 154.2 149.8 144.7
168 168.7 170.6 172.6 173.7 173.9 174.2 174.5 174.5 174.2 173.8 173.5 173.3 173 172 169.9 167.6 166 164.3 160.6 157.5 156 160.5 163.6 166.6 168.7 170.4 172 174.3 176 176 175.9 175.9 175.8 175.6 175.3 175.1 174.9 174.8 175 175.2 174.9 173.7 172.4 171.1 169.5 167.9 166.4 164.8 162.7 162.2 160.6 159 157.2 156.6 155.6 152.5 149.4 150.2 152.9 154 153.7 154.4 157 158.6 157.9 157.5 156.3 155.8 156.4 157.4 158.5 157.6 156.8 155.4 154.6 151.4 146.5
170.3 170.6 172.1 174.2 174.2 174 174.2 174.5 174.4 174.1 173.8 173.3 172.6 172.3 171.7 169.9 167.5 166 164.3 161.7 157 155.9 159.7 163.1 166.6 169.9 171.7 173.2 175 175.1 175.7 175.9 175.9 175.8 175.5 175.3 175.1 174.8 174.9 175.1 175.2 175.1 174 172.9 171.7 170.2 168.7 167.8 166.7 164.7 164.2 162.7 162.3 160.9 159.7 157.2 153.9 150.9 148.3 147.9 150.9 148.9 152.4 156.1 157.2 156.4 155.8 154.4 154.2 155.3 156.5 157.2 157 155.9 155.1 154.5 151.5 147.9
172.2 172.4 172.6 175.1 174.7 174.3 174.4 174.5 174.3 173.6 172.9 172.3 171.5 170.9 170.6 168.8 167.2 167.3 163.3 160.4 156.2 155.7 159.5 163.3 167.1 171 172.6 174.1 175.2 175.3 175.5 175.6 175.8 175.7 175.5 175.3 175 174.8 174.9 175.1 175.3 175.3 174.1 172.8 171.5 170.2 168.8 167.6 166.3 165.1 163.9 162.7 162.1 160.9 160 158.3 155.1 152.5 149.9 147.1 145.2 146.4 150.4 154.4 155.7 154.9 153.9 154.5 154.8 155 155.5 155.9 156.3 155.5 154.8 154.2 151.5 148.1
173.3 173.7 173.9 174.7 174.6 174.5 174.3 174.1 173.4 172.7 172 171.3 170.5 169.7 168.9 167.8 166.4 165.7 162.4 158.6 155 157.3 161.7 165.2 168.8 172.6 173.7 175 175.5 175.5 175.7 175.9 175.9 175.7 175.5 175.2 175 174.8 174.9 175.2 175.4 175.5 174.3 173 171 169.3 168.2 167.3 166 164.9 163.7 162.6 161.8 160.9 159.9 159.1 156 153 150.5 148 143.9 144.5 148.4 152 154.1 153.3 151.9 151 153.1 153.4 153.8 154.3 155 154.9 154.2 153.2 151.2 147.7
173.9 174.2 174.5 174.6 174.6 174.2 173.7 173.2 172.5 171.4 170.5 169.5 169 168.1 167.7 167.1 165.6 163.4 160.1 156.8 153.5 160.1 164.1 167.5 170.6 173.5 174.8 175.9 175.8 175.8 175.9 175.9 175.9 175.6 175.4 175.2 175 174.7 175 175.2 175.4 175.6 174.5 172.3 170.1 168.5 167.9 166.8 165.7 164.7 163.6 162.6 161.7 160.8 160 158.6 156.4 153.9 151.3 148.8 144.3 142.5 146.3 148.9 151.1 151.6 150 148.3 149.3 151.7 152.3 153 153.6 154.2 153.1 151.8 150.5 147.3
173.9 174.3 174.6 174.7 174.5 173.8 173.1 172 171.2 170.1 168.4 167.4 166.9 166.6 166.1 166 164.4 161.9 159.1 156.1 153.1 162.2 165.2 167.8 170.9 173.5 175 176 176 176 175.9 175.8 175.7 175.4 175.2 174.9 174.7 174.6 174.8 175 173.7 172.4 171.1 169.8 168.6 168 167.4 165.7 164 163.2 162.7 161.9 161.4 160.9 160.3 159 157.6 154.7 152.2 149.3 144.7 141 143.4 145.7 147.9 149.9 148.2 146.6 146.2 150.5 151.7 152.3 152.9 153 150.9 149.6 148.1 145.8
174 174.4 174.7 174.5 173.7 173 172.2 171 169.9 168.9 167.2 165.6 164.8 164.5 164.3 163.9 162.3 160 157.6 155.1 154 163.9 167.5 169.7 171.8 173.5 175 175.6 175.5 175.4 175.2 175.2 175 174.4 174.2 174 173.8 174 173.5 173 172.2 171.2 170 168.7 167.5 166.5 165.1 163.7 162.5 162.2 161.2 160.2 159.5 159 159 158.9 158 156.4 153.2 149.8 146.6 143.6 139.9 142.1 144 146.4 147 145.2 145.8 148.7 150.9 151.8 153.1 151.3 148.4 146.5 144.6 142.6
173.9 174.4 174.6 173.8 173 172.3 171.3 170.1 169 167.7 165.1 163.6 162.6 162.7 163.4 162.2 160.4 158 155.7 153.3 157.4 167.1 168.3 170.1 171.9 173.5 174.4 174.7 174.8 174.8 174.6 174.5 174.3 173.7 173.3 173.1 173.4 173.8 173.3 172.3 171.2 170.2 169.1 167.8 166.5 165.1 164 162.8 161.7 160.7 159.7 158.7 157.7 157.2 157.2 157.1 157 157 154.9 153 150.1 147.1 142.9 139.5 139.8 142.4 145.7 142.5 144.8 147 149.5 151.9 152.7 149.7 146.8 144.1 141.8 138.9
173.4 174 173.3 172.5 172.1 171.6 170.2 168.3 167.4 166 162.9 161.6 160.4 161.1 161.8 159.5 157.1 154.9 152.6 154 162 168.1 169.3 170.6 172 173 173.4 173.7 173.8 174 174 173.9 173.6 173 172.3 172.2 172.5 172.7 172.7 171.8 170.7 169.7 168.1 166.8 165.5 164 162.8 161.7 160.8 159.7 158.6 157.5 156.4 155.5 155.6 155.6 155.6 155.7 156 155.4 153.7 150.6 146 141.7 138.8 137.6 140.6 140.3 143.6 147 150.3 152.6 151.7 149 145.6 142.2 139.1 136
172.9 173.1 171.9 170.8 169.6 168.2 166.7 165.3 164.8 164.2 162.7 159.9 158.4 157.2 156.8 154.9 152.5 150.2 153.6 161.8 167.2 168.7 169.8 171 172.1 172.1 172.5 172.8 172.9 173 173.1 173.3 172.7 171.9 171.2 170.9 171.2 171.1 171.1 171 170.6 169.2 167.1 165.8 164.4 163 161.7 160.8 159.9 158.9 157.9 156.8 155.7 154.9 154.9 155 155.2 155.6 156.1 155.9 154.4 152.2 148.1 144 141 137.3 135.8 138.8 144.8 147.5 150.2 151.5 150.3 148.7 145.4 141.2 137.5 134.7
172.4 171.9 171.1 169.9 168.7 167.5 166.6 165.7 164.3 162.5 160.8 158.5 157.1 155.2 153.9 150.3 150.8 156.3 161.8 166.1 168.6 169.3 170.1 170.9 172 171.8 171.6 171.9 172 172.1 172.4 172.6 171.8 170.8 170 169.6 169.5 169.5 169.4 169.5 169.6 168.3 166.3 164.8 163.4 162.1 161.2 160.3 159.5 158.8 157.5 156.1 155.1 154.3 154.4 154.8 155.2 155.7 156.1 155.6 153.9 152.1 149.7 146.2 143.2 139.6 135.4 135.3 141.1 147.1 149.3 149.6 149.5 148 144.5 139.8 135.3 131.7
171.5 170.8 170 169 167.7 166.3 165.4 164.6 164 162.3 160.8 158.4 154.5 150.5 147.1 153.7 159.6 163.4 165.2 166.6 168.7 169.6 170.4 171.3 171.3 171.5 170.8 171 171.2 171.6 171.8 171.9 171 169.9 168.9 168.1 168.4 168.4 168.4 168.6 167.9 166.9 165.5 163.8 162.6 161.7 160.7 159.9 159.4 158.8 157.5 156.1 154.7 153.7 154.3 154.8 155.2 155.7 156.1 155.3 154.1 153 150.6 147.9 145.2 142.2 138.7 135.5 135.4 145 146.5 147.7 148.9 146.4 140.9 135.9 131.4 132.3
170.4 170.1 169.4 167.9 166.6 165.4 164.1 163.6 163.2 162.2 160.8 157.8 153 148.1 151.9 162.4 164 165.6 166.3 167.3 168.2 168.9 169.6 169.6 169.3 169.6 170 170.5 170.8 171.1 171.4 171 169.7 168.5 167.5 166.4 166.9 167.3 167.6 167.1 166.1 165.2 164.2 163.1 162.1 161.1 160.2 159.6 159 158.6 157 155.5 154 152.9 153 153.7 154.3 155 155.5 155.5 154.4 153.3 151.9 149.2 146.6 144.6 142.2 138.4 133.2 137.5 144.9 146.1 147.3 143 137.7 132.3 130.9 137
169.2 169 168.4 166.9 165.4 164.2 163 162.5 162 161.7 160.4 154.8 150 145.2 156.7 163 164.8 165.3 165.9 166.8 167 167.6 168 167.6 167.2 167.9 168.9 169.9 170.5 170.8 170.6 170 168.9 167.5 166.1 165 165.2 165.8 166.5 166.2 165.3 164.4 163.2 162.1 161.1 160.3 159.7 159.1 158.6 158.4 157.2 155.2 153.3 152.3 151.9 152.4 153 153.4 154.1 154.5 154.6 153.6 152.5 150.4 148.4 146.4 144.2 140.6 135 132.7 139.6 144.9 142.6 137.6 132.6 129.5 135 140.9
168.3 168.1 167.2 166.1 164.5 163 162 161.2 160.9 160.6 159.2 152.5 146.2 148.4 159.9 163.3 164.9 165.3 165.7 165.7 165.8 166.3 166.1 165.6 166.1 166.8 167.8 169 170.1 170.1 169.6 169 168.2 166.8 165.4 164 164.2 164.9 165.6 165.7 164.5 163.4 162.2 161.1 160.3 159.7 159.1 158.6 158.4 158.2 157.3 155.3 153.3 151.5 151.1 151.1 151.2 152 152.7 153.1 153.3 153.4 152.7 151.4 148.6 145.5 143 138.9 134 131.2 136 141 137.5 132.5 128.3 133.5 139.3 144.8
