app/static/ascii/SP12.asc
ncols 200
nrows 200
xllcorner 410000
yllcorner 220000
cellsize 50
[rows 35 to 69 of 200, columns 78 to 155 of 200]
182.8 186.4 188.4 189.8 190.7 190.3 190.7 192.4 193.6 194.4 195.2 196.1 196 196 196.1 197.4 199 200 200.1 199.4 198.1 197.1 194.7 192.9 191.4 190.8 189.5 188.7 188.6 190.9 192.2 192.2 191.9 190.7 190 189.2 188.3 187.1 185.4 182.4 176.1 175.4 181.3 183.2 184.1 183.6 183 181.6 178.8 172 164.8 160.8 162.4 178.5 181.9 176.1 183.9 190.1 191.8 193.3 193.9 193.4 196.2 198.6 201.5 203.9 206.1 207.9 209.5 210.3 210.2 206.5 204.7 202.9 203.4 204.3 201.5 199.4
177.9 180.7 183.5 185.4 187.1 187.2 190.2 191.3 192.1 193.7 194.4 195.1 195 194.9 195.5 196.4 197.6 198.9 199 199.2 198.4 197.2 195.6 194.4 193.9 193.2 191.9 190.2 189.5 190.1 191.6 192.4 192.3 191.5 190.2 189.1 187.7 186.1 184.2 179.6 177.9 183.9 185.8 185.9 185.3 184.7 183.8 182.6 180.2 175.1 165.6 160.1 159.4 171.5 174.5 177.9 185.2 189.8 190.7 191.5 189.8 193.4 196.4 198.9 201.5 204.2 206.2 208.3 210 211.6 211.3 205.9 204.1 205.2 205.4 205.6 204.3 203.1
175 175.3 176.9 179.7 181.8 184.3 187.8 189.4 190.5 192.3 193.5 194.1 193.8 193.7 194.9 196.1 196.5 197.4 198.1 198.1 198 198.1 197.1 196.8 195.8 194.6 193.5 191.9 191.2 190.3 190.9 192.2 192.7 192.2 190.9 189.4 188 186.1 182.6 179.2 184.9 187.2 188 187.2 186.3 184.7 183.9 182.9 181.6 177.2 168 159.7 159.4 165.9 171 178.7 184.5 187.8 188.9 186.2 187.9 193.1 195.9 198 200.8 203.2 205.4 207.3 209.1 210.2 211.3 205.5 205.7 205.6 204.2 203.7 204.1 203.4
176.2 174.8 174.4 175.3 177.2 179.4 182.4 185.8 188.5 190.8 192.5 192.9 192.5 193.4 194.9 195.7 196 195.8 196.5 196.9 196.9 197.3 198.1 197.8 196.7 195.6 194.5 193.2 192.3 191.4 191.4 192.6 192.7 192.8 191.5 189.8 188.2 186.1 181.5 184.7 187.6 188.8 188.5 187.6 186.1 184.9 183.8 182.9 181.8 179.4 171.8 160.8 159.4 161.9 170.4 176.7 181.2 185.5 184.7 180 187.7 191.5 193.9 196.3 198.3 199.8 200.8 202.3 203.5 206.1 207.7 208 205.1 202.2 201.2 201.3 201.8 202
177.5 175.2 174.4 173.9 174.9 176.7 178.4 181 184.1 187 189.8 190.9 190.8 192.7 194.3 195 195.3 195 194.7 195.3 195.8 197.3 197.6 197.9 197.4 196.4 195.3 194.1 193 192.3 192.4 193.2 193.3 193.1 191.8 190.3 188.2 184.6 183.8 186.5 188.5 189.2 188.1 187.1 185.2 183.7 182.4 181.5 182 179.8 176.8 166.9 159.1 159.1 165.2 169.8 174.8 178.2 177.4 179.3 187.3 189.1 191.2 192 192.4 193.5 194.1 194.9 196.6 198.8 200 200.4 199.6 199 198 198.5 199 199.6
176.7 174.4 173.3 172.9 174 175.2 176.4 178 179.8 181.9 184.8 186.8 189 191.6 193.5 194.5 194.6 194 194.6 195.1 195.5 197.2 198 197.8 197.1 196.7 196.2 195 193.8 193.2 193.5 194.1 194.1 193.6 192.2 190.8 188.3 185.5 186.8 187.5 188.7 189.7 188.5 187.3 185.2 183.5 181.6 180.6 178.2 178.1 175.8 169.6 161.1 158.6 159.5 162 166 169.6 169.1 179.2 184.6 184.8 185.4 186.7 187.1 186.8 187.2 188.4 190.1 192.1 193.7 194.3 194.9 194.4 194.3 194.7 195.1 196.1
175.7 174.1 173.4 172.7 174 176.1 178.4 179.4 180.4 181.4 181.2 182.7 185.7 189.5 192.2 193.1 193 193.9 195.1 196.2 196.1 197.2 198.1 198.1 197.7 197.7 197 196 195.1 194.3 194.4 195.1 195.4 194.8 193.4 191.8 188.8 187.5 189.6 188.7 189.7 190.8 190.2 189 187.7 185.9 183.5 181.8 178.4 174 170.7 169.1 167 161.4 157.9 157.2 158.2 161.3 168.9 177.3 178.4 177.7 178.4 180.1 182.6 183.3 183 183.3 184.5 186.5 188.1 189.3 189.5 189.1 188.1 188.4 189.9 192.1
175.1 174.7 173.4 172.4 173.3 177.5 179.8 181.6 183.2 184.4 185 184.1 183.6 184.7 188 189.4 192.8 194.8 195.5 196.1 196.6 196.9 197.9 199.1 198.8 198.7 197.8 196.8 196.5 195.9 196.4 196.6 196.8 196.1 194.4 192.7 189.6 189.3 191.6 191 191.3 192.4 192 191.3 189.7 188.3 186.2 184.4 181.4 179.3 178 177.1 174.4 168.8 161.1 157.8 157.2 157.6 162.9 168.3 170 170.7 170.4 171.6 175.4 176.5 179.1 178.9 179.9 181.9 184 186 186.2 184.9 182.5 181 182.8 186.6
176.9 176.7 175.1 172.5 172 178.4 181.7 183.5 185.3 186.7 187.1 186.4 185.5 185.6 186.1 187 191.6 194.1 194.9 195.1 196.1 196.8 197.5 198.8 199.8 199.6 198.8 198.1 198.1 197.9 197.8 198.2 198 197.1 195.6 194 190.9 191 193.5 193.5 193.5 194.4 194.3 193.6 192.3 190.9 189.4 187.5 185.6 184.6 183.4 183.4 181.5 175.8 167.7 161.4 158.2 156.9 156.7 159.9 163.4 164.1 162.7 163 160.7 161.5 165.8 170.7 175.9 177.3 180.4 182.2 182.4 181.1 177.7 175.3 178 181.4
178.4 178.6 177.5 172.5 171.8 178.2 183.7 185.6 186.6 188 188.7 188.2 188.1 188.5 188.3 187.9 188.1 189.2 190.8 193 195.5 196.9 197.8 199 200.3 200.7 200.3 199.9 199.7 199.5 199.4 199.8 199.5 197.7 196.2 194.1 191.5 194.1 195.5 196.1 196.3 196.8 196.7 196 195.4 194.1 192.7 190.9 190.2 189.8 189.1 188.9 187.9 184.1 178.5 171.7 165.8 162.8 158.9 156.5 154.9 156.6 156.6 156.6 156.6 156.6 156.6 157.2 169.8 173.2 176.5 178 178.1 175.7 173.8 171 174.1 176.5
180.3 180.1 178.5 172.9 170.7 180.1 185.5 187.4 187.4 188.8 190 190.3 190.4 190.9 191.5 191.8 192.6 193 192.6 192.5 194.3 197.2 198.8 199.1 199.8 200.7 201.5 201.6 201.7 201.7 201.5 201.7 200.7 199 197 195 193.5 194.6 197.5 198.4 198.9 199.3 199.1 198.5 198.2 197.2 195.8 194.8 194.9 194.9 194 194.1 193.3 190.7 187.4 182.3 177.9 173.1 169.7 165 163.7 160.2 160.3 161.8 162.4 159.5 154.6 154.5 162 169 172.1 174.6 173.6 170.7 169.1 167.3 169.5 173.1
181.9 181.4 178.3 172.7 170.7 182.5 187 188.1 188.8 189.9 190.9 191.1 191.5 192.3 193.5 194.9 196.7 196.2 196.6 196.2 195.1 197.6 199.4 200 200.5 201.2 202.2 203 203.4 203.8 203.5 203 201.9 200.3 198.7 197.6 196.3 195.3 196.1 199.3 200.9 201.4 201.4 201.1 200.6 199.9 198.8 198.3 198.8 199.1 198.9 198.3 197.7 195.8 193.8 191.2 189.2 185.5 182.3 179.7 176.6 172.4 171.2 168.5 164.8 161.5 157.3 153 160.7 165.7 167.6 169.9 168.7 166.4 164.6 165.6 169.7 174.8
182.3 180.7 176.1 170.8 172.3 183.4 187.9 189.4 190 189.6 190.5 191 191.9 193 193.6 195.6 197.4 198.8 199.1 199 197.6 198.2 200.9 201.3 202.2 203.2 204.5 205.6 206.3 206.5 206.2 205.3 204.7 203.1 201.8 201 199.8 199.1 198.3 198.1 200 201.8 202.1 203.2 202.7 202.4 201.6 201.9 202.4 202.8 203 202.7 201.7 200 198.3 196.7 194.7 193.4 190.9 188.3 184.8 180.6 176.6 172.5 170.1 167.1 163.6 155.2 154.5 161.5 165.5 166.9 163.4 161.2 163 166 170.5 175.6
181.8 178.7 172.9 170.2 177.5 184.8 188.3 188.7 189 188.5 189.5 190.7 192.7 194 195.7 197.6 198.9 199.5 200.7 200.9 200.6 199 202.5 203.4 204.2 205.2 206.4 208.1 208.8 209.2 209 208.5 207.9 206.8 206 204.8 203.6 203.1 202.1 200.8 200.3 200.7 201.5 202.8 203.4 203.6 203.9 204.4 205 205.1 205.4 204.8 204.2 203.5 202.2 201.3 199.4 197.3 194.8 193.1 190.3 187 182.2 178.7 175.7 172.7 169 163.5 154 154.3 160.9 164.3 159.8 161.9 165.5 169.2 173.3 177.1
179.8 175.3 170.6 171 181.2 185.4 186.2 186.5 186.8 188 189.7 192.1 194.2 196.2 198.4 199.9 200.9 201.1 201.9 202.1 202.2 200.6 203.1 205.5 206.2 207.3 208.9 210.2 210.7 211.1 211.3 210.9 210.9 210.5 209.7 208.6 207.7 206.4 205.3 204.3 203.4 202.5 202.4 202.5 203.4 204.1 204.5 204.9 205.3 206.1 206.9 206.8 205.9 205.6 204.6 203.9 202.5 200.5 199.1 197.4 195.2 190.9 187.2 183 179.5 175.4 171.6 167.5 158.6 153.5 154.5 157.2 160 164.6 167.5 170.4 173.9 177.4
176.3 171.9 169.2 176.9 181.3 184 183.1 183.7 185.6 188.5 191.2 193.5 195.6 197.6 199.9 201 201.6 202.3 202.5 203.1 203.3 202.8 201.9 205 207.7 209 210.4 211.7 212.4 212.9 213.3 213.5 213.6 213.5 213 212.1 211.2 210.2 208.4 207.4 206.4 205.3 204.7 204.5 204.3 204.4 205 205.6 206.2 206.7 207.2 206.9 206.5 205.7 205 204.1 203.1 202.1 200.3 198.7 196.9 192.5 189.3 184.8 180.5 176.1 172 167.7 164.1 155.1 152.9 153.8 158 164.5 167.7 169.8 172.7 176.1
175 170.1 170.2 178.4 180.3 179.9 179.9 183.2 186.4 189.5 192.6 194.9 197 198.9 200.1 200.8 201.3 202.1 203.2 204.1 204.7 204.3 202.9 203.8 206.6 208.7 210.7 211.9 213.3 214.2 214.8 215.3 215.7 215.7 215.7 215.2 214.1 212.9 211.8 210.6 209.4 208.1 207.1 206.8 206.8 206.2 206.2 206 205.7 205.9 206.2 206 205.9 205.1 204.7 203.9 203 202.3 201.3 200 197.5 193.1 189.7 185.8 181 177.2 173.7 170.8 167.5 163.7 156.9 153.2 152.6 159.3 164.4 168.2 172.2 174.2
174.7 169.8 169.6 176.4 175.5 177 180.9 184.5 187.9 190.9 193.9 195.7 197.8 199.1 199.8 200.4 201.4 202.8 204 205.1 206.1 206 205 205.1 206 207.1 209.5 212.2 213.1 214.5 215.5 216.3 217.1 217.4 217.3 217.2 216.6 215.5 214.3 213.2 212 210.8 209.4 209 208.1 207.2 207 206.7 206.3 205.3 204.7 203.9 203.4 202.6 201.9 201.6 201.1 201.3 200.7 199.9 197.4 195 191.8 188.9 184.3 179.5 176.2 172.7 168.9 165.9 162.5 155 153 153.2 159.4 165.6 170.2 172.5
177.4 172.1 168.3 169.8 172.7 177.7 182.6 186.2 189.6 192.4 194.6 196.4 198.1 198 199.1 201.1 202.7 204 205.2 206.2 206.9 207.4 206.8 207.2 208.2 208.1 208.6 210.4 212.9 214.4 215.3 216.1 217.2 218.1 218.3 218.2 218.1 217.8 216.8 215.5 214.2 212.9 211.6 210.3 209.5 208 207.2 207 206.8 205.9 204.6 203.2 201.7 199.7 198.8 197.5 196.5 197 197.3 197.4 196 194.5 192.2 188.7 185.2 180.3 176.2 172.9 169.3 166.5 163.6 156.9 152.5 152.6 156.6 162.3 167.9 170.4
179.5 175.8 169.6 167.7 170.3 176.6 183 187.5 190.8 193.7 195.3 196.5 196.2 198.4 200.4 202.4 204.1 205.5 206.5 207.2 208 208.7 208.5 209.2 210.8 211.3 211.2 211.3 211.8 213.4 215.1 215.8 217.3 218.4 219.1 219.1 218.9 218.7 218.1 217.1 215.8 214.3 213 211.6 209.8 208.2 207.2 206.9 206 204.9 203.1 201.6 199.8 196.2 194.7 192.8 190.9 189.2 188.7 189.5 189.7 189 187.4 185.5 182.7 179 175.4 172.3 169.3 166.2 161.5 154.2 151.9 153.1 155.8 161.4 164.1 165
179.6 177.6 172.9 167.9 168.6 177.5 183.5 188.7 192 193.5 194.8 194.3 196.6 199.4 201.6 203.7 205.2 206.4 207.3 208.4 209.3 209.8 210.6 211.2 212.8 214.1 214.8 215.1 214.6 214.5 214.9 215.9 217.1 218.1 219.5 219.9 219.6 219 218.2 217.9 216.7 215.4 213.9 212.4 210.5 208.4 207.2 206.1 204.1 203.2 201.3 198.9 197 193.5 189.4 184.9 182.2 180.4 177.9 175.2 175.7 178.6 179.3 178.6 176.5 173.6 169.7 165.9 163.5 160.4 155.8 152.4 152.3 157.5 163.6 162.2 161 160.7
177.9 177.2 174.3 169.2 168.5 179.4 185.6 189 191.5 192.6 192.1 194.6 197.5 200.3 202.8 204.6 206.2 207.4 208.6 209.1 210.3 211.3 212.6 213.8 215.1 216.7 217.8 218.1 218.1 217.9 217.8 218.3 218.4 218.7 219.7 220 219.6 219.1 218.4 217.2 216.4 215.3 213.3 211.8 209.5 208.2 207.6 206.8 204.8 202 199.4 196.7 193.3 189.5 187.6 188 190.6 190 187.2 183.5 176.9 172.2 170.8 167.8 166.2 163.9 162.5 160.7 159.8 158.7 155.3 152.7 154.2 162.3 166.5 162.3 158.3 157.5
172.3 172.1 171.1 167.7 170.6 180.8 187 189.1 189.9 189.1 191.2 195.2 198.3 201.2 203.6 205.3 206.9 208.4 209.6 210.7 212 213.1 213.8 215.3 216.8 218.6 220.1 220.8 221.1 221.2 220.8 220.5 220.5 220.3 219.7 220.1 219 218.4 217.3 216.4 214.9 213.4 211.9 211 209.9 208.3 205.8 204.1 205.4 202.4 197.4 194.1 193.2 193.8 193.8 193 193.8 192.6 190 184.4 177.7 178.1 177.7 173.7 169.2 171 169.5 167.8 166.4 164.5 157.6 155.2 156.1 159.9 162.8 161 156.2 155.6
174.6 172 168.5 166.6 174.2 183.2 187.6 188.7 186.2 187.3 191.9 195.6 199 201.9 203.9 205.9 207.5 208.7 210.3 211.4 212.5 214.1 215.6 217.1 219.1 220.6 222 223.6 224.2 224 223.6 223.1 222.4 222.3 221.3 220.9 219.7 218.7 217.3 216 215.3 214.4 213.8 212.7 211.1 209 206.3 203 200.4 199 198.8 200.3 200.7 200.1 198.7 196.7 196.4 194.9 191.1 183.2 184.7 184.8 182.2 178 174.1 175.4 173.5 171.2 167.7 163.7 158.3 153.7 152.1 154.9 158.5 158.7 154.3 157.2
179 176.4 169.4 167 176.7 183.9 186.6 185.7 182.9 189.5 193.2 196.5 199.8 202 204.3 206.1 207.5 208.7 210.4 211.9 213.9 215.7 217.4 219 221.2 222.9 224.3 225.7 226.7 226.8 226.4 225.9 225 224.6 223.7 222.8 221.4 220.2 219.3 217.9 216.8 216.1 215.1 213.8 211.8 209.5 206.9 204.5 204.5 204.5 204.2 204.4 204.9 202.6 200.9 199.9 198.4 196 190.9 188.4 191.3 189.8 187 181.7 177.9 179.7 177.2 174.3 171.7 167.8 163.9 154.1 152.3 152.6 153 155.7 154.9 160.2
179.1 173.5 168.1 169.4 179 183.8 184.8 180.4 183.7 190.4 194.3 197.5 199.8 202 204.4 206.1 206.4 204.4 206.3 212.7 214.8 216.7 218.8 221 223.2 225.1 226.4 227.7 228.5 229.3 229 228.1 227.9 227.8 226.2 224.9 223.5 222.3 220.8 219.8 218.6 217.4 216.2 214.6 212.3 210 208 208.2 208 207.8 207.1 206.5 206.3 204.3 203.1 201.8 199.9 196.5 190.6 193 194.6 193.4 191.1 185.1 181.5 183.6 182.7 179.7 176.4 171.9 168.4 163.2 158.6 152.6 153 152.3 152.5 156.7
179 173.5 166.8 169.9 178 182.7 180.8 178 183.5 190.4 194.4 197.2 199.6 202.1 204.2 205.4 203.7 202.4 202.6 207.8 215 218 220.2 222.4 224.5 226.8 228.4 229.5 230.4 231.2 231.4 230.6 229.6 229.1 228.5 226.8 225.7 224.4 223.5 221.3 220 218.8 217.5 215.9 213.6 211.8 209.9 210.3 210.1 209.7 209 208.3 207.3 206 204.6 202.8 200.1 196.1 194.3 196.3 197.2 195.9 193.9 190.2 185.4 184.9 185.6 182.9 178.8 174.2 169 165.3 161.9 157.6 153.9 153.2 153.2 153.2
180.1 174.3 165.8 167.2 176.4 181.1 176.7 179.3 185.1 189.1 192.6 195.9 200.3 201.9 202.2 203.2 204 204 205 207.2 211.2 219.7 222 223.6 225.5 227.6 229.8 231.2 231.9 232.5 233.2 232.4 231.7 230.4 229.8 228.7 227.4 226.3 224.9 223.5 221.8 219.9 218.6 217.1 215.1 213.1 212 212.1 211.9 211.3 210.5 209.8 208.4 207.4 205.4 202.9 200.1 197.5 198.4 199.1 199 198.3 196.9 194.4 192.1 188.5 185.2 183.1 178.5 174.6 169 164.8 162.2 160.5 158.7 156.3 153.3 153.2
180.2 175.2 167.8 165.6 174.2 178.1 173.7 178.5 184.4 186.4 189.6 195.4 199.5 199.6 202.4 204.3 204.9 205.5 206.9 208.3 206.9 218.2 222.6 224.1 225.7 228 230.2 232.5 233.2 233.9 233.9 233.8 233.6 232.5 231.1 229.9 228.8 227.3 226.5 225 223.4 221.7 219.9 218.4 216.6 214.7 214.6 213.9 213.5 212.5 211.6 210.8 209.7 208.2 206.2 203.6 202 200.9 201.4 201.9 201.5 200.1 199.3 197.5 195.7 192.9 189.1 183.1 177.8 172.9 168.6 167.5 164.9 162.7 159.9 157.5 153.7 152.3
179.9 175.2 168.7 164.7 171.8 174.9 172.1 178.1 182.3 182 186.3 193.3 197.3 199.5 203 204.8 206.3 208.4 208 210.4 210.9 217.6 222.3 224.3 226 228 230.1 232.2 233.9 234.6 234.8 234.6 234.2 233.2 232.5 230.9 229.8 228.6 227.3 226 224.3 222.7 221.1 219.5 217.9 216.9 216.5 215.7 214.8 213.7 212.7 211.8 210.7 209.3 207.5 206.1 204.9 204.1 204.2 204.2 203.8 202.8 201.9 200.6 199.1 196.9 194.3 188.9 183.1 177.4 173.6 170.6 167.3 163.9 160.8 158.1 156.7 151
178.1 174.2 168.7 164.8 167.8 170.8 171.2 175.3 177.3 178.7 183.7 189.9 196.5 200.3 203.5 206 208.5 213.3 211.2 211.2 212.1 218.6 222.1 223.3 225.3 227.5 229.6 231.5 233.2 234.4 234.7 234.5 234.5 233.7 233 232.2 230.3 228.6 227.4 226.1 224.9 223.5 222 220.6 219.7 218.8 217.9 216.9 216 215.1 214 212.8 211.7 209.7 208.2 207.2 207.8 209.3 210 209.1 206.9 205 204.2 202.8 202.5 198.4 197.9 193 188.7 184.5 180.4 174.7 170.7 167.6 163.6 160.5 158.4 151.4
174.1 172.1 167.9 165 165.5 167.9 169.5 173.1 175.7 179.6 184.3 189.2 194.7 200.2 203.5 205.8 207.8 210.1 211.7 212 215.3 219.1 221.5 222.5 224.8 226.9 229 230.6 232.1 233 234.1 234.8 234 233.4 232.6 231.9 231 228.9 227.4 226 224.8 223.6 222.4 221 220.3 220 219.1 218.1 217.2 216.3 215.4 214.1 212.5 211.1 209.9 209 211.5 215.1 214.3 213 208.6 207.4 206.5 205.5 204.1 200.7 201.1 196.2 193.4 189.5 184.7 179.1 174.6 169.9 165.2 161.8 158.2 151.1
169.1 167 165.2 164.6 164.2 166.7 171.4 177.6 179.8 182.4 186 189.9 193.7 199.2 202.5 204.7 206.8 208.9 210.9 212.9 215.2 217.9 219.6 221.6 223.9 226.1 228.1 229.6 230.9 231.6 232.8 233 233 232.5 232.1 231.1 230.2 229.3 227.3 225.9 224.7 223.5 222 221.2 220.3 220.4 219.6 218.7 217.9 217 216.2 215 213.8 212.9 211.7 210.9 215.7 218.3 217.1 215 210.9 208.5 209.2 209 207.2 205.6 203.6 198 195.5 190.1 185.4 180.6 175.5 170.4 165 160.4 155.3 149.7
166.7 167.2 167.3 166.3 163.9 163.7 172.1 179.5 182.3 183.8 187.3 189.8 192.3 197.1 200.4 202.5 204.8 207 208.7 211 213.9 216.6 218.2 220.4 222.7 225.1 226.7 228.4 229.4 229.9 231.1 231.1 230.9 230.5 229.8 228.8 228.2 227.9 226.7 225.6 224.4 222.5 221.4 220.8 220.4 220.2 219.9 219.3 218.5 217.7 217 216.1 214.9 214.5 213.8 212.9 218.7 221.7 220.6 219.1 215.8 212.9 213.3 213.5 211.5 208 203.7 198.3 194.3 189.3 185.7 180.8 175.6 170.3 164.9 159.2 154.2 148.9
173.2 173.9 172.6 170.3 166.7 163.4 170.5 178.5 182.3 184.4 186.1 188.4 191.2 194.3 197.5 200.2 201.3 202.4 204.7 208.7 212.3 215 217.4 219.7 222.1 223.6 225 226.4 227.3 228.3 228.2 228.6 228.7 228.1 227.4 226.5 226.2 226 225.2 224.4 223.2 221.8 220.5 219.9 219.6 219.7 219.1 219.4 219 218.4 217.9 216.9 216.6 215.8 215.3 214.9 220.1 223.5 223.8 222 219.3 216.7 215.5 213.3 209.8 205.7 201.4 196.1 191.7 186.7 183 178.5 173.4 168.9 164.2 158.8 153.3 148.6
