app/static/ascii/SP13.asc
ncols 200
nrows 200
xllcorner 410000
yllcorner 230000
cellsize 50
[rows 0 to 34 of 200, columns 0 to 77 of 200]
65.3 65.5 65.7 66 66.6 66.2 67.7 68.7 69.2 69.9 70.5 71.4 71.8 72.2 72 72.4 72.7 72.9 73 73.7 74.1 74.4 74.7 75.5 77.2 77.7 77.8 78.4 80.9 85.1 82.3 82.6 84.8 84.5 86.9 88 89.9 90.1 91.3 92.4 93.5 94.4 95.4 96.3 96.9 96.5 96.1 95.9 96.9 96.7 97.2 97.1 96.1 98.1 103.4 110.9 115.1 118.4 122.8 130.9 140.6 152.3 160.6 159.6 155.9 155.3 160.5 165.3 170.5 172 173.6 176.7 179.4 180.7 183.1 187 191.9 197.3
66 66.3 66.9 67.3 67.7 67.7 68.6 69.7 70.6 70.9 71.8 72.7 73.1 73.2 73.3 73 73.2 73.5 74.2 75 75.5 75.7 76.5 78.1 78.6 78.9 79.3 80 82.2 84 84.3 86.2 88.2 89.4 92.2 93.4 94.7 95.4 95.7 96.3 97.5 97.8 98.6 99.8 99.8 98.9 99 99 98.4 99.1 99.1 98.2 96.8 100.1 103.5 109.5 114.9 119.9 126.4 134.5 144.4 156.5 164.9 165.6 164.7 166.2 170.2 174.4 178.4 182.2 185.7 187.2 186.6 185.9 189.8 192.7 196.9 203.1
66.8 67 67.6 67.9 68.5 68.8 68.3 70 71.4 72.2 73.2 73.9 74.7 74.9 74.7 73.9 74.1 74.7 75.4 76.5 77 78.1 78.6 79.2 80.3 80.9 81.3 81.5 83.5 85.7 87.8 90 92.9 94.9 97 97.6 99.4 100 99.5 101.9 102.7 103 102.4 102.7 102.1 102 102 102.2 100.7 100.3 100.6 99.7 98.3 101 105.4 111.9 118.1 122.5 130.1 139.3 150.6 159.8 165.1 166.6 168.3 171 177.3 181.9 185.7 190.6 194 194.4 191.7 192.9 196.3 199.5 203.9 208.2
67.7 67.8 68.1 68.3 68.6 69.7 70 70.4 72.1 73.3 73.8 74.4 76 76.4 76.5 75.6 75.3 76 76.8 78 79.1 79.7 81.9 80.2 82.2 83 83.1 83.3 84.9 87.8 91.3 94.9 97.9 97.7 100 103.6 103.8 103.6 107.8 109.7 110.3 109.4 106.3 105 105.3 106.2 106.1 106.1 104.7 104.3 103.3 101.7 100.9 101.8 107.8 114.6 124 129.7 135.6 147.6 159.4 163.4 165.1 166.9 172.3 178 183.3 187.8 190.2 195.7 199.3 199 199 200.1 202.1 206.6 210.4 213.5
68.2 68.6 69 69.4 69.3 70.2 70.7 71.8 72.7 73.9 74.7 75.7 77.4 78.1 78.1 77.2 76.5 76.6 77.7 79.2 79.8 80.5 81.9 82 83.7 84.5 85 85.7 88.2 92.7 96.3 99.1 101.8 101.2 103.1 107.3 109.7 110.8 113.8 116.3 115.8 113.3 109.4 109.3 111.2 113.4 112.5 112.6 111 109.7 106.7 102.8 104.2 102.8 107 115.6 125.6 134 140 146 155.3 162 165 169.2 176.4 182.8 188.6 194.3 196.9 200 204 205.9 208.4 207.7 211.1 213.4 215 221
68.9 69.1 69.5 70.2 69.8 70.6 71.4 72.7 72.9 75 75.8 77.1 78.7 79.9 80 78.8 77.5 77.2 78 79.6 80.4 81.7 83.3 83.6 86.8 86.9 87.5 89.6 93.4 98.1 101.3 101.2 104.7 107.1 108.6 111.8 115.9 116.7 120.6 122 120.2 116.2 112.4 115 118.8 120.6 118.2 119.3 119.3 115.6 109.2 105.5 107.4 106 106.1 112.1 119.3 125.3 131.5 137.7 144.9 153.6 165.2 171.5 179.6 186.5 192 198.5 202.6 205.3 208.3 211 211.8 215.2 217 218.8 226.8 226.4
70 69.9 70.4 71 70.8 71.1 71.5 73.5 74.5 74.9 76.9 78.5 79.6 81.6 82.3 80.6 78.5 78.1 79 79.9 81.1 83 84.8 85.7 87.9 89.1 90.1 93.3 98.1 101.8 105.7 106.1 109 112.8 114.2 116.2 121 123.3 125.2 127.2 123.7 119.7 118.2 122.6 128.2 128.7 127.1 128.7 125.8 119.5 110.9 108.8 110.9 108.8 106.6 111.1 115.4 122.2 130.2 139.2 146.8 154.1 163.2 171.7 180.5 188.8 194.9 200.3 204.4 209.2 211.8 216.9 220.8 221.6 225.1 226.4 226.4 225
70.5 70.9 71.4 71.8 71.7 72.5 73.1 74.2 75.6 76.2 77.3 79 80.8 82.7 82.5 82.2 80.2 80 80.7 81.9 82.9 84.2 86.4 87.9 88.8 90.4 93.8 97.3 100 104.9 110.1 112.5 115.3 117.8 119.7 121.3 124.8 125.9 128.8 131.1 128.8 126.5 124.2 129.5 136.8 136.7 136.8 136.7 129.7 122.4 116.7 115.6 116.7 115.3 114.4 115.2 117.4 125.8 135 148.3 158.1 164.8 167 171.2 179.7 187.3 194 198.5 202.6 206.2 209.2 216.1 224.7 229.3 227.5 226.6 225.2 223.8
71.6 71.9 72.1 72.2 72.7 73.6 74.2 74.8 76.2 77.3 77.4 79.7 82.1 83.6 84.2 83.1 81.7 81.7 83.1 84.1 85 86.3 88.3 90.3 91.8 93.4 97.7 102 103.4 107.4 112.7 117.4 119.6 123 125.5 126.4 127.7 129.7 134 139.5 139 134.5 131.8 138.7 144.9 144.8 143.8 139.5 132.3 125.1 124.6 125.6 123.6 120.9 118 117.9 122.1 128.1 137.4 150.2 161.5 165 166.7 168.8 175.3 183.9 191.1 194.7 196 200.3 206.6 214.3 224.4 228.1 226.5 226 224 221.9
72.5 72.3 72.7 73.4 73.7 74.5 75.1 75.9 75.7 77.7 79.5 80.7 82.5 84.5 85.7 84.7 83.1 83.3 84.7 85.9 86.9 88.4 90.5 92.6 95.1 97.5 98.3 104.1 108.2 112.3 116.5 121.3 125.9 128.4 132.4 133.5 133.4 140.3 148.2 152.1 150.2 143.3 140.2 147.4 154.3 152.4 147 139.6 131.2 121.9 129.6 133.2 131.3 121 122.1 117.9 122.7 126.3 136.3 148.5 159.9 164.7 166.4 167.8 172 180.5 188.1 193.2 195.4 199 203.9 213.3 222.1 225.4 225.4 223.7 221.9 219.9
73.4 73.1 73.7 74.6 74.5 75.1 75.7 76.7 76.6 77.5 79.9 81.6 83 84.7 87 86.1 84.8 84.9 86.1 87.7 89.2 90.8 93.9 96.9 98.3 100.3 102.9 107.9 113.2 116.5 121.6 126.2 132.2 134.5 138.1 139.7 145.7 154.1 160.4 164.8 161.4 153.4 151.4 159.5 161 155.1 145.9 133.8 129.4 127.3 135.5 139.9 138.9 133.7 128.3 126.1 126.6 123.5 133.1 144.2 154.3 161.1 164.1 165.2 165.4 175.2 186.3 194 197.5 199.1 205.1 214.6 222 223.6 223.6 221.8 219.6 217.7
74.1 74.6 74.4 75 75.6 75.8 76.4 76.9 77.8 78.3 79.1 81.3 83.3 85.2 87.1 86.8 86.6 86.9 88.1 90.2 91.7 94.1 98 101 102 103.4 106.9 110.1 116.8 122.2 127.2 131.2 136.1 140.4 145 152.4 159.8 164.8 169.8 172.2 170.5 166.6 165.5 170.7 164.6 155.6 142.4 125.9 128.7 134.1 141.7 145.8 144.8 139 126.5 133.9 135.6 132.9 121.9 135.8 146.3 153.9 157.2 152.8 169 177.6 185.4 194 199.5 201.1 206.9 217.3 224.4 223.5 221.8 219.4 217.1 212.1
75.3 75.3 76 76.2 76.4 77.2 77.5 78.3 78.8 79.9 80 80.5 83 85 85.2 86.6 86.8 88.6 89.8 91.2 94.1 96.2 101.1 105.4 107.4 108.5 111.8 114 117.5 125 131.3 136.3 140.6 150.8 160 165.5 169.8 172.9 174.6 176 176 175.4 174.8 174.3 165 152.1 137.5 127.2 130.2 140.3 147.6 151.2 149.5 142.9 132.3 141.2 144.5 142.9 136.2 131.6 134.4 145.5 148.6 157.9 174 184.2 188.9 193.3 200.2 203.3 209.3 216.2 222.8 221.3 219.7 217.3 213.4 207.9
75.8 76.4 76.6 77 77.5 78.2 78.2 78.5 79.6 80.3 81.4 81.9 82.2 83.8 84.3 85.8 88.4 90.4 92 94.1 96.3 98.4 102.4 107.9 111.7 114.6 116.1 119.5 123.4 126.8 134.8 143.7 154.3 166 171 174.8 176.8 178.9 179.7 179.8 179.7 178.8 178.6 176 161.5 142.6 133.6 130.8 141.9 150.6 154.6 156.3 153.7 146.8 138.5 146.4 150.8 150.4 145.3 136 134.6 143.9 156.1 168.4 181.1 189.8 193.9 194.8 202.4 206.3 211.5 218.9 220.6 218.9 217.2 215.2 210.2 204.6
76.5 77.1 77.3 78 78.6 79.5 79.6 79.6 80.6 81.7 82.5 82.9 83 84 84.1 86.1 88.8 91.8 93.6 96.1 97.6 101.6 105 109.1 113.6 118.8 120.8 123.2 128.1 131.9 135.7 148 162.4 175.2 178.8 181.1 182.4 183 183.1 182.2 181.4 179.9 179.2 171.7 154.5 139.6 136.9 144.4 154.4 161.8 162 161.1 156.4 148.3 145.3 152.9 157 156.7 151.5 142.5 139.1 151 163.5 175.4 186.4 194.4 199.5 203.1 205.4 209.3 215.5 220.6 218.7 217 214.9 212.1 206.8 201.8
77.2 77.9 78.7 78.9 80.1 80.2 80.4 81.1 81.8 82.5 83.2 83.5 84.3 85 86.1 87.1 89.5 93 94.6 97.8 100.1 104.9 109.2 114.1 117.7 123.7 127 127.2 130.8 134.4 138.7 146.2 161.4 173.9 181.9 182.5 185 187.6 189.3 186.5 182.9 180.5 179.7 167.9 150.4 144.9 148.8 157.1 164.8 166.8 164.4 162.4 159.2 152.3 152.5 159.2 163 161.1 154.5 146.8 142 150 164.8 176.3 188.5 196 201.8 206.4 207.9 212.8 220.1 218.9 216.2 214 211.4 209 204.4 198.3
77.4 78.1 78.9 79.7 80.7 81.3 81.8 81.7 82.2 83 83.8 84.8 85.7 86.6 87.8 89.3 91 93 95.5 99 102 106 112.3 118.5 123.5 129.2 132.6 133.6 135.9 139.1 144.5 148.8 157.8 168.7 175.1 181.5 188.9 194.2 193.7 188.9 183.2 180.3 177.3 162.1 150.1 150.1 156.4 164.4 170.7 168.1 165.9 164.1 162.5 156.8 159.5 165.3 168.1 165.3 159.6 153.7 161.2 165.1 173.5 182.7 189.2 195.3 201.7 206.9 211 212.7 218.4 216.5 214.3 211.4 206.3 203.4 200.4 195.9
78.3 79.1 79.8 80.8 81.9 82.8 82.6 82.9 83.3 84.2 85.2 86.3 87.4 89.1 89.8 91.6 93.2 95.3 97.9 101.4 105.4 111.8 115.3 120.9 127 134.2 139.1 139.3 143.1 145.5 150 156.7 162 168.1 175.4 183.6 191 197.2 194.2 189.9 181.4 174.8 168.4 157.5 154 153.1 157.3 165.8 169.7 172.5 174 171.7 166.1 162.3 163.8 168.1 173.2 170.8 171.5 174.9 177.2 180.5 185.2 189.7 193.1 188.6 197.3 204.4 212.2 214.5 216.1 214.5 212.1 208.2 202.5 197.8 194.2 190.9
79.1 80 80.6 81.4 82.4 83.2 83.8 84.4 84.7 85.4 86.6 87.7 88.9 91.1 92.6 94.3 95.6 97.3 101.3 105 110 115.9 121.4 125 130.3 140.3 145.6 146.8 148.9 152.8 157.7 162.9 168.9 172.6 178.6 184.9 193.6 201.5 196.1 189.6 180.9 175.2 167.7 162.2 159.6 159.4 162.4 167.1 173.6 178.1 181.6 177.2 168.3 163.4 170.3 177.1 180 181.4 184.7 188.7 188.5 189.1 189.6 190.9 196.6 198.7 200.4 206.2 213 215.3 214.4 212.9 208.1 203.5 199.1 195.3 190.1 188.8
80.4 81.2 82 82.6 83.2 84 84.7 85.4 86.2 86.9 88.1 89.3 90.8 92.6 95 96.7 98.3 100.2 104.6 110.8 114.6 119.7 127.2 131.3 134.3 144.3 152 154.5 158.7 159.9 163.5 169.3 175.5 178.9 184.5 190.8 197.5 203 198.7 190 184.2 177.5 170.9 168.3 166 166.9 168.3 171.5 177.1 183.3 184.3 180.9 173.4 171.8 178.5 185.5 189.3 189.9 195.1 198.4 198.9 196.5 192.5 191 197.3 202.3 205.6 210.5 214.5 215.6 213.6 210.6 204.3 199.8 196.1 191.8 185.5 181.7
82.1 82.9 84.3 85 84.4 84.8 85.6 86.6 87.4 88.1 89.7 90.9 92.6 95.2 97.3 99.5 101.3 104.9 109.7 114.6 119.3 124.5 131.2 136.8 141.4 147.5 156.5 163.5 168.1 169.4 171.5 177.8 181 185.8 190.8 195.5 201.5 204.5 200.8 194 187.6 181.2 177.4 175.4 174.2 174.7 176.7 180.6 184.4 189.4 188.9 181.9 180.9 182.8 186 191.9 196.7 199.1 202 204.4 205 201.9 198 198.9 200.6 206 209.6 211.6 214.7 214 210.8 204.7 200 197.4 191.8 185.3 180 177.1
82.6 84 84.3 85.5 85.9 85.8 86.8 88.1 88.7 89.6 91 92.6 94.6 96.7 99.5 102.3 105.2 109.7 114.4 119 125 131.3 138 143 148.1 152.9 160.9 169.6 175.3 177.8 179.4 183.9 187 191.5 197.3 202.2 205.8 209.1 204.5 198.5 192.2 187.4 185.1 184.4 183.9 183.8 185.3 186.8 191.8 194.8 192.5 188.4 187 187.3 189.5 195.9 199.8 200.2 202.1 206.9 207.6 205.8 203.1 205.9 210.2 213.1 215.4 212.8 214.4 212.4 207.3 201.7 197.5 193.8 185 179.3 174.5 173.1
83.6 84.2 85.1 86.1 86.9 87.6 87.9 89.2 89.9 91.1 92.4 94.1 96.1 98.2 101.7 105.2 107.8 112.7 118.1 124.2 131.3 138.3 145.9 152.6 157.4 162.2 167.3 173.5 180.6 184 188.4 190.2 193.4 198 202.8 207.2 211.6 213.1 209.4 204.1 198.3 195.3 192.5 191.2 191.7 192 193.2 193.1 196.3 199.5 196.7 194.3 193.6 194.9 197.3 203.1 204.7 206.4 206.1 208.9 210.1 209.8 209.6 209.7 215.2 218.6 219.1 216.8 214 210 204.4 201.8 198.8 191.3 180.7 175.6 169.8 169
83.8 84.7 85.2 86.3 87.8 88 88.8 89.8 90.7 92 93.6 95.5 97.5 99.7 103 106.4 110.1 114.6 119.2 127.3 135.4 143.8 152.6 162 165.7 169.6 174.9 180.1 184.8 191.2 193.7 198.2 201.2 204.9 208.5 214.1 218.2 219.1 214.9 209.8 206.1 203.7 200.6 198.5 200.2 200.1 200.1 201.7 203.9 205.1 203.2 201.2 201.7 203.3 209.1 210.7 212.4 215.3 215.3 213.4 214.8 213.9 213.8 213 218.5 219.9 219.5 216.9 214 211.1 204 202.3 198.5 190.7 183.6 175.6 167.8 166.1
83.7 85.1 85.7 86.9 88 88.3 89.6 90.9 91.7 93 94.8 96.7 99.2 101.4 103.8 107 110.4 116 122.7 130.3 139.8 147.8 155.5 164.2 170.5 176.6 182.3 187.1 190.2 197.8 201.8 206 207.6 211.2 215 220.4 223.6 224.3 219.4 214.7 213.5 210.3 208.4 206.7 206.6 208.7 208.6 209.5 212.9 214.2 212.6 211.9 211.1 210.9 218.7 220.4 221.7 223.5 223.6 222.6 223.3 222.6 221.7 221.3 221.2 219.5 217.4 215.6 212.9 209.5 206.1 202.3 197.1 188.1 183.5 175.1 169.1 165.7
84 85.4 86.2 88.4 88.1 89.5 89.9 91.5 93.1 94.1 95.9 97.9 100.5 102.8 105.3 108.1 111.7 119.3 125.4 131.8 143.5 151.8 158.5 166.3 174.2 182 188.4 193.1 198.1 202.9 208.5 211.6 216.2 218.4 222.2 226.3 233 232.3 227.6 221 219.3 218.8 216.2 213.6 213.3 213.5 215.5 218.7 220.9 222.3 221.9 221.3 222.1 223.6 227.1 227.3 227.8 228.6 229 228.2 227.7 225.7 225.1 223.7 221.3 218.8 216.4 213.9 211.4 208.6 206.4 202.2 196.6 189.7 183.6 174.4 170.7 165.4
84.7 85.7 87.1 88 89.2 90.1 92 92.3 93.8 95 96.8 98.9 101.5 104.2 107.1 110.5 114.2 120.3 125.7 135.2 146.5 155.6 162.8 169.8 177 185.5 192.4 198.7 203.4 207.9 213.9 218.7 224.2 227.4 232 236.2 237.9 237.4 234.7 231 228.5 228.4 226.5 222 222.9 223.6 223.9 225.3 225.6 225.8 226.3 227.7 229 230.8 231.6 232 231.1 230.7 230.1 227.9 227.5 227.3 225.1 222.7 220 217.4 214.6 212.6 210.3 207.4 203.3 200.4 195.7 190.4 183 175.5 170.2 162.9
85.6 86.2 88.8 88.4 89.8 90.8 92.1 93.3 94.4 96.3 98.4 100.3 102.7 105.6 109.5 112.9 116.9 121.2 126.5 135.5 148.5 158.9 166.7 174.6 181.4 190.4 198.1 204.2 208.2 211.9 217.6 225.1 231.5 235.5 237.5 239.4 239.7 238.6 239.1 236.4 235.9 234.7 231.7 232 230.9 228.8 229.3 229.8 229.1 226.2 224.1 227.8 231.4 232.6 232.1 231.5 229.3 229.9 229.2 229.1 227.9 226.4 224.2 221.5 218.8 215.5 212.9 209.6 205.5 201.2 197.3 195 192.8 188.6 182.7 176 168.9 162
86.6 87.1 87.7 89.3 90.8 92.4 92.8 94.5 95.7 97.8 99.4 100.9 103.9 106.8 110.7 115.1 120 125.5 130.1 136.8 149.1 161.8 172.1 180 187.8 195.1 203.2 209.4 214.5 218.2 223.7 231 237.1 239.7 240.7 242.5 242.1 239.8 243.5 243.7 241 238.6 236 235.8 234.2 233.1 233.5 233.3 232 227.8 229.2 233.1 235.3 234.6 234.3 233.7 231.4 230.7 229.8 228.8 226.9 224.6 222.7 220.2 217.1 213.4 207.3 202 199.3 194.3 191.9 189.6 187.8 184.5 180.1 173.5 165.9 162.7
87.2 88.5 89.7 89.3 92.3 93.1 94.3 95.7 97.1 99 100.5 102.3 104.6 107.7 111.4 116.9 121.9 129.2 136.9 141.4 151.4 164.7 176.2 185.2 191.4 200.5 207.9 212.6 219.1 226.6 230.3 236.1 240.5 242.5 243 244.3 242.5 242.9 246.7 248 245.1 241.7 240.5 239.7 237.9 236.8 237.4 235.7 232.9 232.3 235.2 237.2 239.4 239.4 238.2 237.1 234 231.7 229.6 227.6 225.7 223.4 221.3 218.2 215.2 208.6 202.9 198.4 195.2 191.8 187.1 182.8 181.8 179.5 174.9 168 163.7 163.3
88.4 89.2 90.8 91.8 93.2 93.3 95.2 96.9 98 100 101.6 104 106.2 108.7 112.9 119.7 126.3 135.7 141.3 147.5 154.4 164.6 177.3 187.7 195.3 204.8 210.9 215 224.3 231.8 237.4 238.8 241.3 245.2 245.7 245.5 245 247.1 249.7 250.9 248.5 244.5 244.4 242.9 240.5 240.6 239.7 237.3 236.4 239.3 240.9 242.3 242.1 241.1 239.4 237.2 234.1 231.5 229.2 227.2 224.9 221.8 219.8 217 213.3 206.4 199.7 194.5 188.5 185.7 181.3 176.6 174.9 172.6 167.3 163.4 162.6 161.4
88.9 90.5 92.1 93 91.7 95 95.4 97 98.9 100.8 102.6 105.4 107.7 110.3 114.6 121.1 130.3 139.7 147.8 154.3 158.9 164.2 174.8 187.5 198 206.7 214.2 219.5 228.4 236.4 239.4 241.4 245.7 247.3 248.3 248 248.7 251.1 252.3 252.2 250.3 248.3 247.9 247.1 243.3 245 243.5 242.7 242.5 243.5 244.1 244 242.4 241.2 239 236.1 233.7 231.3 228.9 226 223.6 220.8 218.1 215.8 212.2 206.4 198.6 192.9 185.5 179.1 175.6 172.3 170.2 167.3 164.4 162.4 161.2 157.5
89.3 91.2 92.9 94.4 95.4 93.5 96.6 97.8 99.6 101.8 103.6 106 108.6 111.8 116 120.4 129.4 139.2 149 157.6 165.6 173.7 179.9 188.9 197.5 206.1 216.1 224.6 233.3 240.1 243.3 246.7 249.5 249.6 251.3 252.8 253.9 253.9 255.2 253.6 252.2 251.7 250.4 249.2 247.8 247.3 246.4 245.7 245.5 245.3 246.5 244.7 242.3 240.2 237.8 234.6 233 230.8 228.3 225 222.5 220.1 217.1 214.2 211.4 207.1 199.2 192.4 185.3 178.2 171.3 167.8 167.6 164.7 163.5 161.8 158.7 155.6
90.4 91.9 93.3 95.5 97.1 96.4 98.5 99.6 101.2 102.6 104.5 106.8 109.2 113.2 119.1 124.2 128.4 133.2 144.2 154.2 164.9 180.1 183.6 191.2 197.5 205.5 214.5 224.7 235.3 244.8 247.9 250.1 251.7 253.5 255.5 256.8 257.4 257.8 257.7 256 254.7 254.1 253.4 252.5 251.7 250.3 249.2 247.8 247.4 246.9 246.2 244.9 241.6 240 237.8 235.3 232.4 230.2 226.9 224.6 222.3 219.4 216.4 213.1 208.8 204.5 197.3 190.2 184.3 177.5 171 164.3 162.7 160.7 159.1 157.8 156.9 159.3
91.3 92.1 93.9 95.8 98 100.1 95.7 101.6 101.7 103.5 105.6 107.7 110.1 114.6 121.6 126.8 132.2 136.9 142.9 148.6 157.3 169.3 177.7 185.9 192.1 200.6 209.5 218.8 231.2 243.4 250.9 252.9 254.7 257 258.7 262.4 261.2 260.6 259.3 258.8 257.7 256.3 255.4 254.6 253.2 252 250.5 249.6 247.8 247.7 246.2 244.2 241.1 239.4 237.4 235 231.8 229.5 226.6 224.4 221.8 218.7 215.8 212.1 209.2 201.4 193.2 187.1 180.8 175 168 163 160.7 160.7 161 160.6 158.6 161.2
