app/static/ascii/SP14.asc
ncols 200
nrows 200
xllcorner 410000
yllcorner 240000
cellsize 50
[rows 114 to 151 of 200, columns 0 to 84 of 200]
40.8 41 41.1 41.7 41.6 41.9 42.3 42.5 42.8 43.1 43.3 43.5 43.7 43.9 43.9 43.9 44 44 44.1 44.1 44 44 44.1 44.3 44.6 45.2 46.1 46.7 47.4 47.4 46.9 45.8 47.4 48.4 49.2 49.9 50.4 50.8 50.4 49.7 49.2 49.2 49.6 50 50.4 50.9 51.4 51.8 52.2 52.8 53.5 54.3 54.8 56.8 62.2 63.1 63.4 57.9 59.5 61.1 63 66.2 70.7 78 85.6 87.4 86 84.5 82.9 81.5 80.3 78 76.1 79 79.4 75.5 69.1 65.1 63.9 63.9 63.6 62.2 60.9 60.1 59.6
40.8 40.7 41.4 41.4 41.7 42 42.3 42.6 42.8 43.1 43.5 44.2 44.3 44.2 44.1 44.1 44.1 44.3 44.5 44.6 44.4 44.3 44.2 44.2 44.4 44.8 45.6 46.5 47.1 46.9 46.3 46.4 47.3 48.1 48.9 49.9 49.9 49.8 49.3 48.4 48.4 49 49.8 50.4 50.6 50.9 51.3 51.7 52.1 52.8 53.5 54.3 55 55.6 56 60.2 63.8 63.2 59.9 61.4 63.2 66.2 70.4 79.2 86.7 88.8 87.2 85.6 84 82.6 80.6 78.2 79.4 81.1 81.2 77.3 70.9 69.3 66.6 65 64 62.7 61.5 60.7 60.2
40.7 41.2 41.1 41.2 41.5 41.8 42.2 42.6 42.9 43.1 43.4 44.1 44.7 44.6 44.5 44.2 44.5 44.7 44.9 45 45.1 45 44.8 43.7 44.4 44.6 45.4 46.2 45.9 45.8 45.8 46.1 46.8 48 48.6 48.7 48.5 48 47.4 48.7 49.2 49.5 50.2 50.4 50.5 50.8 51.2 51.6 52.2 52.9 53.6 54.3 55 56 56.6 57.2 57.6 63.2 63.3 61.7 63.4 65.7 70.6 79.3 86.9 89.6 88.3 86.8 85.1 83 80.9 80.3 81.5 82.8 81.9 78.7 77.3 73.9 69.5 67 65.5 63.3 62 61.2 60.7
40.9 41.2 41.1 41.1 41.3 41.7 42.1 42.5 42.8 43.2 43.5 43.7 44 44.4 44.4 44.3 44.7 45.1 45.3 45.4 45.5 45.6 45.1 44.7 44.2 44.5 44.7 44.9 44.5 44.7 45 45.2 46.3 46.3 47.4 47.2 47.2 46.9 47.5 48.3 48.8 49.4 49.9 50.3 50.5 50.8 51.1 51.6 52.2 52.9 53.6 54.4 55.2 56 56.7 57.7 58.4 60.1 63.4 65.1 63.5 65.7 70.1 79 87.3 90.2 89.2 87.5 85.4 83.4 81.2 81.9 83.2 83.9 82.6 81.4 81 77.7 73.1 69.5 67.5 65.5 63.4 61.8 61.1
41.3 41.4 41.3 41.1 41.3 41.6 41.9 42.3 42.7 43.2 43.5 43.7 44 44.2 44.4 44.5 44.9 45.4 45.7 45.8 45.9 46.3 46 45.6 45.3 44.7 44.2 44.4 45.2 45.3 45.3 45.4 45.4 45.8 46.2 46.1 46.3 46.6 47.8 48.5 48.6 49.3 49.7 50 50.4 50.8 51.1 51.6 52.2 52.9 53.8 54.5 55.5 55.7 56.7 57.8 59.1 60 60.9 62.2 63.9 65.5 69.5 77.1 85 89.9 89.8 87.8 85.6 83.8 82.9 83.5 84.4 84.9 84 83.3 82.2 80 76.1 73.7 71.5 68.7 65.1 63 62
41.3 41.4 41.4 41.4 41.6 41.8 42 42.4 43 43.3 43.5 43.7 44 44.2 44.5 44.7 45.1 45.7 46.1 46.3 46.7 47 46.7 46.3 46.1 45.3 45.2 45.3 45.6 45.8 45.9 45.6 45.4 45.9 45.7 45.5 46 46.3 47.1 47.7 48.2 48.8 49.3 49.7 50.2 50.3 51.1 51.5 52.2 52.8 53.2 54.1 54.7 60.4 56.5 58 59.2 60.4 61.5 62.8 64.1 65.7 67.7 73.6 80.7 87.8 89.5 88.1 86.1 84.6 84.1 84.7 85.6 85.9 85.3 84.4 83.3 81.8 78.9 77.9 76 71.4 67.2 64.6 63
41.4 41.5 41.6 41.6 41.7 41.9 42.2 42.7 43.1 43.3 43.6 43.8 44 44.3 44.5 44.9 45.4 46 46.5 47.1 47.5 47.7 47.4 47 46.5 45.3 45.4 45.9 46.1 46.3 46.4 46.2 46 46.2 46.3 46.1 46.4 46.6 46.8 47.1 47.6 48.3 48.9 49.4 49.8 50.2 51 51.3 52 52.7 53.3 54 54.6 55.1 56.4 58.2 59.3 60.5 61.7 62.8 64 65.1 66.7 68.2 73.8 82.3 88.5 88.6 87 85.8 85.2 86 86.6 86.8 86.1 85.3 84.3 83.1 81.8 81.6 78.1 73.2 68.9 66.1 65
41.4 41.8 41.7 41.8 41.9 42 42.5 42.9 43.2 43.4 43.6 43.8 44.1 44.4 44.9 45.3 45.9 46.4 47.1 47.7 48.3 48.4 48.1 48 47.5 46.6 46.3 46.5 46.7 46.9 47 46.7 47 47.1 46.9 46.6 46.8 46.9 47 47 47.2 47.7 48.3 48.9 49.6 50.3 50.7 51.1 51.8 52.4 52.9 53.4 53.9 55.2 56.8 58 59.4 60.6 61.5 62.2 63.1 63.9 65 67.4 71 72.8 79.6 87 87.9 86.9 86.6 87 87.4 87.4 86.8 86.1 84.9 83.9 83.1 81.9 79.1 75.8 71.8 69.3 67.5
41.7 41.4 41.9 42 42.1 42.1 42.6 43.2 43.5 43.7 43.9 44.2 44.4 44.9 45.3 45.8 46.3 47 47.6 48.3 48.9 49.4 49.5 49.4 48.7 48 47.1 47.1 47.4 47.6 47.3 47.2 47.8 47.4 47 47 47.1 47.2 47.3 47.1 47.3 47.5 47.8 48.3 49 50.1 50.6 50.8 51.2 51.9 52.4 52.9 54.2 54.8 55.9 57.2 58.8 59.9 60.5 61.3 62 62.9 64 65.8 68.6 71.2 70.3 77.5 84.5 86.8 86.8 86.7 86.9 87.4 87.1 86.2 85.2 84.1 83.2 83.1 81.9 79.6 76.4 73.2 70.5
42 41.7 42.2 42.3 42.4 42.5 42.9 43.6 43.9 44.2 44.4 44.6 45 45.5 45.9 46.3 46.9 47.6 48.3 48.9 49.5 50.1 50.5 50 49.8 49.2 48.7 48.6 48.3 47.9 48.1 48.3 48.3 47.8 47.4 47.5 47.5 47.6 47.4 47.1 47.3 47.4 48 48 48.8 49.7 50.4 50.8 51.2 51.5 51.6 52.5 54.5 54.1 55.1 56.3 57.7 58.8 59.5 60.1 61.1 62.4 63.6 64.6 66.2 67.7 71 74.6 73.2 80.3 84.2 84.4 84.1 85.8 86.3 86.2 85.3 84.1 83.7 83.4 83.8 82.6 80.6 77.3 74
42.2 42.2 42.5 42.7 42.7 43.1 43.4 44 44.3 44.6 44.9 45.2 45.6 46 46.4 46.9 47.5 48.2 48.9 49.5 50.2 50.8 51.3 51.1 51 50.6 50.5 50.3 49.4 49.2 49.3 49.2 48.7 48.2 47.8 48 48 48.1 48 47.9 47.7 47.9 48.3 48.4 49 49.1 49.8 50.4 50.8 50.8 51.3 52.3 54.1 53.7 54.8 55.7 56.7 57.9 58.3 59.2 60.6 61.8 62.5 63.2 64.3 65.2 66.8 69.7 73 72.9 75.8 79.1 79.8 83.1 84.3 84.7 84.4 84.1 83.8 83.5 83.4 84.3 83.8 80.6 77.1
42.6 42.7 42.7 42.9 43.2 43.6 44 44.4 44.7 45 45.4 45.7 46.2 46.6 47 47.4 48 48.7 49.4 50.1 51 51.9 52.5 52.3 52.1 51.7 51.9 51.2 50.1 50.6 50.2 49.8 49.2 48.7 48.8 48.6 48.6 48.6 48.6 48.5 48.4 48.5 48.4 48.4 48.7 49.1 49.7 50 50.5 50.8 50.8 51.3 53.6 52.9 54.5 55.4 56.3 56.9 57.5 58.7 59.8 60.5 61.2 62 62.5 62.9 64.5 65.9 67.6 69.6 71.6 73 76.3 80.2 82 82.6 82.8 82.8 82.7 81.6 81.4 83.1 84.8 83.1 80.6
42.6 42.6 43 43.3 43.6 44 44.3 44.5 45.2 45.6 45.9 46.3 46.7 47.1 47.5 48 48.5 49.3 50.1 51 51.9 52.8 53.3 53.4 53.4 53.6 52.8 52.1 51.8 51.2 50.7 50.3 49.7 49.3 49.3 49.2 49.2 49.2 49.2 49.1 49 48.9 49 49 49.2 49.5 49.6 49.7 50.5 51.1 50.6 51.1 53.7 52.9 53.6 54.6 55.2 55.7 56.4 58.1 59.1 59.7 60.4 60.9 61.1 61.3 62.1 63.4 64.7 66 67.8 69.5 75.1 74.7 76.7 79.5 80.9 81 80.4 78.8 78.3 81.2 84.3 84.5 83.4
42.5 42.9 43.2 43.6 43.9 44.3 44.5 44.7 45.4 46 46.5 46.9 47.3 47.7 48.1 48.4 49.1 49.9 50.7 51.6 52.1 53 53.6 54.1 54.4 54.3 54.2 53.9 52.9 51.7 51.3 50.7 50.1 50 49.7 49.8 49.8 49.8 49.7 49.6 49.5 49.4 49.3 49.6 49.7 49.9 49.7 50 50.7 51 51.3 50.7 53.4 52 52.3 53.2 53.5 54.7 56 57.3 58.1 59 59.7 59.9 59.9 59.7 60.8 61.9 62.8 63.8 65.2 66.6 70 72.8 74.4 75.9 75.6 78.9 77.9 76.3 75.2 78.8 82.3 84.8 85.6
42.6 43.1 43.5 43.9 44.2 44.4 44.6 44.8 45.5 46.2 46.8 47.3 47.6 48 48.4 48.8 49.4 50.2 51 51.7 52.2 52.9 53.4 53.9 54.2 54.5 54.4 54 53.5 52.1 51.6 51 50.8 50.7 50.5 50.4 50.4 50.4 50.3 50.1 49.9 49.8 49.7 49.7 50.2 50.2 50.2 50.3 50.7 51 51.2 51.1 51.4 51.9 52.1 52.3 52.6 53.6 55.1 56.2 57 57.7 58.6 59 58.2 58.4 59.6 60.7 61.4 62.4 63.3 64.6 66.2 68.6 70.4 72.2 74.8 75.9 76.9 74.2 72.6 76.1 79.9 84.3 86.5
42.7 43 43.3 43.7 44.1 44.4 44.7 44.9 45.6 46.3 47 47.8 48 48.3 48.7 48.9 49.2 49.5 50.1 50.7 51.2 51.9 52.3 52.8 53.2 53.3 53.2 53.1 53 52 51.3 51.2 51.1 51 50.9 51 51.1 50.9 50.8 50.6 50.5 50.4 50.3 50.2 50.8 50.7 50.6 50.4 50.8 51 51.1 52.7 51.8 52 52.1 52.3 52.6 52.8 53.7 55 55.6 56.4 57.4 57.7 57.5 57.7 58.7 59.2 59.9 60.9 61.7 63.2 64.6 66 67.3 69.3 71.3 72 72 71.1 76.9 73.5 79.1 84.5 87.1
42.2 42.7 43 43.4 43.9 44.2 44.6 45 45.5 46 47.1 48.1 48.4 48.3 48.2 48.5 48.7 48.9 49.3 49.8 50.1 50.9 51.4 51.7 51.8 51.9 52 51.9 51.9 51.9 51.5 51.2 51.4 51.6 51.7 51.8 51.6 51.5 51.3 51.1 51.1 51 51 50.9 51 50.9 50.9 50.9 50.8 50.9 51.1 52.9 51.4 52.3 52.3 52.5 52.9 52.9 52.9 53.9 54.5 55.2 56 56.1 56 56.7 57.5 58.2 58.8 59.4 60.2 61.5 62.7 64.1 65.1 66.6 68 68.2 68.4 68.6 74.1 76.5 78.6 83.3 85.5
42.9 42.8 43.1 43.2 43.7 44 44.5 45.2 45.8 46.8 47.6 47.9 48.2 48 47.8 48.1 48.2 48.4 48.8 49.1 49.4 49.9 50.5 50.7 50.9 51.1 51.2 51.1 51.2 51.3 51.4 51.4 51.3 51.5 51.8 52 52.1 52 51.8 51.7 51.7 51.6 51.4 51.4 51.2 51.2 51.1 51.1 50.9 51 51 53.3 51.9 52.6 52.9 53.1 53.4 53.3 52.7 53.1 53.1 53.5 54.7 54.9 55.1 55.6 56.6 57.3 58 58.6 59.1 60.1 61.1 62 63.1 64.3 65.5 65.9 66.1 66.3 67.6 70.2 75.9 80.9 82.5
43.3 43.2 43.2 43.4 43.5 44.1 44.8 45.6 46.2 46.8 47.5 47.4 47.4 47.4 47.4 47.6 47.7 48 48.2 48.5 48.8 49.2 49.5 49.8 50 50.2 50.4 50.6 50.4 50.8 50.9 50.9 51.2 51.6 51.9 52.1 52.2 52.3 52.3 52.1 51.9 51.8 51.8 51.8 51.5 51.4 51.4 51.1 50.9 51.2 51.4 53.4 52.5 53 53.4 53.8 54 54 53.8 53.5 53.4 53.6 54.3 54.5 54.8 55.4 56 56.2 57.3 57.8 58.1 59.2 60 61 61.7 62.6 63.2 63.7 64.2 64.9 66.8 69.5 74 77.4 77.9
43.4 43.3 43.5 43.2 43.4 44.1 45.2 46.3 46.8 47.4 47.3 47 46.7 46.7 46.9 47.1 47.3 47.6 47.9 48.1 48.4 48.7 49.2 49.5 49.7 49.9 50.1 50.3 50.3 50.3 50.5 50.8 51 51.4 51.7 52.4 52.2 52.3 52.4 52.3 52.2 52.2 52.2 52.2 51.9 51.6 51.3 51.1 50.8 51.5 51.7 53.8 52.9 53.4 53.9 54.3 54.4 54.4 54.3 54 53.9 53.8 54.4 55 55.4 55.8 56.1 56.4 56.5 56.8 57.6 58.4 58.4 58.8 60.4 60.5 61.8 62.6 63.4 64.3 65.8 67.9 70.5 72.7 74.1
43.3 43.5 43.7 43.9 43.4 44.1 45.5 47.2 47.8 47.5 46.7 46.4 46.3 46.6 46.9 47.1 47.1 47.3 47.5 47.7 48.2 48.3 49 49.1 49.4 49.6 49.9 49.9 49.9 50.2 50.4 50.7 50.9 51.2 51.6 52.3 52.7 52.8 52.6 52.7 52.7 52.6 52.6 52.6 52.1 51.9 51.8 51.8 51.4 51.8 52.2 52.5 53.4 53.9 54.3 54.8 54.9 54.9 54.8 54.6 54.5 54.2 54.6 55.4 55.7 56 56.3 56.6 56.8 56.7 57.4 58.6 59.2 60.1 60.8 61.6 62.8 63.2 63.4 64.3 64.7 66.8 67.8 69.9 72.1
43.5 43.7 43.9 44 44.3 44.3 45.9 47.2 47.2 46.8 46.1 45.9 46.2 46.5 46.9 47.2 47.5 47.5 47.3 47.2 48 48.1 48.7 48.9 49.1 49.4 49.6 49.6 49.9 50.2 50.4 50.6 50.8 51 51.4 51.8 52.3 52.3 52.6 52.9 53.2 53.2 53.1 52.7 52.4 52.2 52.1 52.1 52 51.8 53.7 53.1 53.9 54.3 54.8 55.2 55.3 55.3 55.3 55.1 55.1 54.9 54.7 55.1 56.1 56.3 56.5 56.8 57 57.1 56.6 58.1 59.3 60 61.6 61.9 62.4 63.3 64.1 64.8 66 67.9 69 71 74.3
43.9 43.9 44 43.9 44 44.2 44.5 45.4 45.2 46.1 45.5 45.8 46.1 46.4 46.8 47.1 47.3 47.6 47.8 48 48.3 48.5 48.7 48.7 49 49.2 49.4 49.7 50 50.2 50.4 50.7 52.8 51.2 51.5 51.7 52.1 52.4 52.7 53 53.4 53.6 53.5 53.4 52.9 52.6 52.4 52.7 52.5 52.6 54.3 53.8 54.3 54.8 55.3 55.7 55.7 55.8 55.8 55.7 55.6 55.4 55.2 55.4 56.1 56.7 56.9 57.1 57.4 57.7 57.5 57.5 59.4 60.5 61.2 61.6 62.6 63.1 64.5 65.8 67.5 69.7 71.9 75.6 79.8
44.6 44.4 44.4 44.3 44.2 44.5 44.7 44.9 44.9 45.2 45.5 45.8 46.1 46.3 46.6 46.9 47.3 47.6 47.9 48 48.1 48.3 48.5 48.7 48.9 49.2 49.4 49.7 50 50.3 50.5 50.6 50.7 51.1 51.7 51.3 52.2 52.4 52.9 53.2 53.5 53.7 53.9 53.9 53.9 53.1 52.9 52.5 52.1 52.8 53.3 54.2 54.7 55.2 55.7 56.1 56.1 56.2 56.3 56.2 56.1 55.8 55.6 55.7 56.4 57.1 57.4 57.6 57.8 58.2 58.5 57.5 58.2 61 62 61.5 63.4 63.3 64.6 66.2 68.8 72.3 77.9 83.1 85.2
45.6 45.3 45.2 45 44.5 44.6 44.8 45.1 45.1 45.5 45.7 45.9 46.2 46.4 46.7 46.9 47.2 47.6 47.9 48 48.2 48.4 48.6 48.8 49.1 49.4 49.6 49.8 50.1 50.3 50.5 50.8 51 51.3 51.6 51.6 52.7 52.6 53 53.3 53.5 53.8 54.1 54.1 54.1 53.7 53.5 53.3 53.3 53.2 53.3 54.3 54.8 55.4 56 56.5 56.6 56.7 56.8 56.7 56.6 56.3 56.1 56.1 56.9 57.5 57.8 58.1 58.3 58.6 58.8 60.5 58.3 59.9 61.1 62.8 62.8 63.6 64.9 66.7 69.7 75.6 82.8 87.9 86.7
46.2 46.1 46.1 45.6 45.1 44.9 45 45.2 45.4 45.7 45.9 46.2 46.4 46.9 47.2 47.3 47.5 47.6 47.9 48.1 48.3 48.6 48.8 49 49.2 49.5 49.8 50.1 50.3 50.5 50.8 51 51.3 51.5 51.7 51.9 52.6 52.8 53.2 53.4 53.6 53.9 54.3 54.4 54.3 54.2 54.1 53.9 53.7 54.7 53.8 54.4 55 55.4 55.8 56.3 56.6 57 57.3 57.2 57 56.9 56.6 56.3 57.2 57.9 58.2 58.5 58.8 59 59.2 59.1 60.4 59.8 61.2 62.7 63.3 64 64.8 67 69.1 74.7 82.4 82.9 83
46.9 47 46.8 46.3 45.8 45.3 45.3 45.7 45.9 46 46.1 46.4 46.8 47.4 47.7 47.7 47.9 48 48.1 48.3 48.5 48.7 49 49.2 49.4 49.6 49.9 50.2 50.1 50.7 51 51.2 51.5 51.7 51.9 52.4 52.8 53.3 53.2 53.5 53.7 54 54.3 54.6 54.6 54.3 54.2 54.1 53.8 53.7 53.9 54.3 54.8 55.3 55.7 56.1 56.7 57.1 57.4 57.5 57.4 57.4 57.1 56.7 57.5 58.2 58.7 59 59.3 59.5 59.7 59.9 60 60.2 59.9 62.2 63 63.8 64.7 66.2 68.4 71.4 75.6 77.8 79.8
47.9 47.7 47.5 47 46.5 46 45.9 46.3 46.4 46.6 46.9 47.1 47.5 48 48.3 48.1 48.1 48.3 48.4 48.6 48.8 49 49.2 49.4 49.7 49.8 50 50.2 50.3 50.8 51.2 51.4 51.6 51.9 52.1 52.5 53 53.2 53.3 53.5 53.8 54.1 54.4 54.8 54.9 54.6 54.6 54.3 54.3 54.3 54.4 54.5 54.9 55.3 55.7 55.8 56.5 57.1 57.5 57.5 57.6 57.6 57.7 57.2 57.6 58.3 58.9 59.5 59.8 60 60.3 60.5 60.5 60.7 60.5 61.5 62.5 63.6 64.5 66 67.4 69.3 72 75.5 80.3
48.9 49.1 48.2 47.6 47.1 46.6 46.6 46.9 47.1 47.3 47.7 48 48.2 48.6 48.8 48.7 48.5 48.6 48.7 48.9 49 49.3 49.5 49.7 49.9 50.1 50.2 50.3 50.6 50.9 51.4 51.6 51.8 52 52.3 52.6 53.1 53.4 53.3 53.6 53.9 54.3 54.7 55.1 55.2 54.9 54.9 54.9 54.8 54.9 55 55 55.4 55.7 55.5 55.7 56.4 57.2 57.5 57.6 57.8 58 58.2 58 57.7 58.4 59 59.7 60.3 60.5 60.8 61.1 61.1 61.2 61.3 61 62.1 63.2 64.3 65.6 66.6 67.9 70.1 73.9 78.2
49 49.7 49.2 48.2 47.7 47.3 47.3 47.6 47.8 48.1 48.6 48.8 49 49.3 49.4 49.2 49.1 48.9 49 49.2 49.4 49.6 49.8 50 50.2 50.4 50.5 50.6 50.9 51.2 51.5 51.8 52 52.2 52.4 52.7 53.2 53.7 53.4 53.7 54.1 54.5 54.9 55.3 55.5 55.3 55.3 55.7 55.9 55.6 55.5 55.6 55.9 56 55.9 56.1 56.5 57.2 57.6 57.8 58 58.4 58.6 58.5 58.4 58.6 59.3 59.9 60.6 61 61.3 61.6 61.7 61.7 61.7 61.8 62.1 62 63.5 64.8 65.9 66.9 68.8 69.8 76
48.9 49.6 49.8 48.9 48.5 48.1 48 48.5 48.7 48.9 49.3 49.5 49.7 49.9 50 49.8 49.6 49.5 49.3 49.5 49.7 49.9 50.2 50.4 50.6 50.8 51 51 51.3 51.6 51.8 52 52.3 52.5 52.8 53 53.4 54 53.5 53.9 54.3 54.7 55.1 55.6 55.8 55.6 55.8 55.9 56.3 56.3 56.2 56.1 56.3 56.3 56.4 56.6 56.9 57.2 57.7 58 58.4 58.8 59.1 59 58.8 58.9 59.5 60.1 60.8 61.4 61.7 61.9 62.2 62.2 62.2 62.3 62.3 62.3 63 63.7 65.1 66.1 68.2 69.2 71.8
48.6 49.4 49.8 49.5 49.1 48.9 48.7 49.5 49.6 49.7 50 50.2 50.4 50.7 50.7 50.5 50.3 50.1 49.7 49.8 50.1 50.3 50.5 50.7 51 51.2 51.4 51.4 51.7 52 52.1 52.3 52.6 52.9 53.1 53.3 53.5 54.1 54 54.2 54.5 54.8 55.3 55.8 56.1 56.2 56.2 56.2 56.6 56.6 56.6 56.7 56.7 56.8 56.9 57.1 57.4 57.7 57.9 58.3 58.7 59.1 59.5 59.4 59.3 59.4 60 60.4 60.9 61.6 62 62.3 62.6 62.8 62.8 62.8 62.9 63.2 63.5 63.8 64.1 65.5 66.6 68.1 69.8
48 48.9 49.9 49.8 49.4 49.3 49.1 49.8 50.2 50.5 50.6 50.8 51.1 51.4 51.6 51.3 51.1 50.6 50.3 50.2 50.4 50.7 50.9 51.1 51.3 51.5 51.8 51.9 52.1 52.3 52.4 52.6 52.9 53.2 53.4 53.6 53.9 54.2 54.3 54.5 54.8 55 55.5 56 56.5 56.8 56.4 56.6 57.2 57.2 57.2 57.2 57.3 57.3 57.4 57.7 57.9 58.2 58.4 58.7 59.1 59.5 60 60.3 60.3 60.5 60.8 61 61.2 61.8 62.3 62.6 62.9 63.2 63.3 63.4 63.5 63.7 64.2 64.6 64.8 64.6 65.4 66.7 68.3
47.4 48.3 49.4 49.9 49.8 49.5 49.7 50.1 50.5 50.8 51.2 51.4 51.6 51.9 51.9 51.8 51.5 51 50.7 50.4 50.7 51 51.3 51.5 51.7 51.9 52.1 52.3 52.6 52.7 52.7 52.9 53.2 53.4 53.6 54.1 54.2 54.8 54.8 55 55.4 55.4 55.7 56.2 56.7 57.2 56.5 57.1 57.8 57.8 57.8 57.8 57.8 57.9 57.9 58.2 58.4 58.7 58.9 59.1 59.4 59.9 60.4 60.9 61.1 61.1 61.3 61.5 61.8 62 62.7 63 63.2 63.5 63.8 64 64.7 64.7 64.7 65.2 65.8 66.5 66.5 66.7 67.7
48.2 48.4 48.6 49.2 49.6 49.8 50.2 50.6 50.8 51.2 51.6 51.7 52 52.2 52.1 52.1 51.8 51.3 51 50.9 51.1 51.4 51.7 51.9 52.1 52.3 52.5 52.7 52.9 53 53.1 53.3 53.5 53.7 54 54.1 54.5 56.9 55.5 55.7 55.7 55.8 56.1 56.5 57 57.1 57 57.7 58.3 58.4 58.4 58.4 58.4 58.5 58.4 58.7 58.9 59.2 59.4 59.6 59.8 60.3 60.9 61.5 61.8 61.6 61.8 62.1 62.3 62.6 62.9 63.3 63.6 63.9 64.2 64.6 65.1 65.2 65.3 65.8 66.4 67 67.4 68 67.9
48.7 48.8 49 48.4 49.4 49.7 50.1 50.6 51.2 51.8 51.9 52.1 52.3 52.4 52.4 52.3 52 51.6 51.4 51.5 51.5 51.8 52.1 52.4 52.5 52.7 52.9 53.1 53.3 53.5 53.7 53.9 54.1 54.2 54.8 54.9 55.2 55.3 55.5 55.7 56 56.2 56.5 56.9 57.8 57.5 57.6 58.2 58.7 59 59 59 59 59 59 59.2 59.5 59.8 60.1 60.2 60.4 60.8 61.2 61.7 62 62.3 62.4 62.6 62.8 63.1 63.4 63.7 64 64.4 64.8 65.1 65.5 65.7 66.1 66.5 67 67.6 68.1 68.8 69.4
49.2 49.3 49.3 49.3 49.4 49.6 50 50.5 51 52.6 52.3 52.6 52.8 52.7 52.6 52.6 52.2 52 52.1 52.1 52.1 52.2 52.5 52.8 53 53.1 53.3 53.6 53.8 54 54.2 54.4 54.6 55.2 55.3 55.6 55.6 55.7 55.9 55.9 55.9 56.8 57.7 56.8 57.6 57.7 58.1 58.7 59.2 59.5 59.6 59.7 59.6 59.6 59.6 59.8 60.2 60.5 60.7 60.8 61 61.3 61.8 62.2 62.7 62.7 62.9 63.1 63.4 63.6 63.9 64.3 64.6 64.9 65.3 65.7 66 66.4 66.8 67.3 67.7 68.2 68.8 69.5 70
49.9 49.8 49.6 49.5 49.7 49.4 49.9 50.3 50.9 51.5 52.2 53.4 53.4 53.3 53.1 52.8 52.6 52.4 52.7 52.7 52.8 52.8 52.9 53.2 53.4 53.6 53.8 54.1 54.2 54.4 54.6 54.9 55.1 55.1 55.6 55.6 55.7 55.9 56.3 56.2 57.4 57.2 57.3 57.3 57.8 57.9 58.6 59.1 59.7 60.2 60.3 60.3 60.2 60.2 60.2 60.4 60.8 61.2 61.3 61.5 61.7 61.9 62.3 62.7 63.2 64.2 63.9 64 64.4 64.1 64.4 64.9 65.3 65.6 65.9 66.3 66.7 67.2 67.5 68 68.4 68.9 69.5 70 70.6
