app/static/ascii/SP23.asc
ncols 200
nrows 200
xllcorner 420000
yllcorner 230000
cellsize 50
[rows 0 to 34 of 200, columns 0 to 78 of 200]
163.5 164.9 167.4 169.9 169.9 168.8 168.2 165.2 159.1 150.1 143.7 137.5 130.3 124 118.9 115.5 113.9 111.3 111.9 112.8 111.1 111.2 112.5 114 111.4 110.7 108.1 109.1 110.3 109.2 108.4 110.3 110.9 106.8 104.1 108.7 110.3 107 102.8 100.1 98.1 96.6 95.6 94.7 93.8 93.3 94.3 95.1 96.9 99.9 102 103.9 106.2 108.2 109.1 108.1 106.9 106.5 106.1 105.7 104.5 103.4 102.5 100.8 98.9 98.3 97.3 95.6 94.8 97.8 99.9 101.2 101.5 101.1 101.6 102.4 102.6 102.6 101.1
165 167 170 171.2 171.2 169.9 168.6 164.7 159.8 153 145 133.9 128.1 119.7 116.9 115.4 117.1 116.8 116.7 115 113.9 115.8 117.6 118.1 114.4 112 111.9 113.7 116.1 114.7 112.4 115.1 116.2 109.8 108.5 112.8 115.5 110.8 104.9 99.4 98.3 98.2 98 97.1 96.3 95.8 97.5 99 100.4 102.7 104.7 106.9 108.5 109.5 110.3 109.2 108 107.6 107.2 106.8 106.3 104.5 102.7 101.5 100.2 99.2 98.4 97.2 99.5 102 103.1 103.2 103.7 103 102.6 102.1 101.5 101.1 100.6
166 168.2 170.3 172.5 173.3 171.5 168.8 165.1 160.3 154.2 143.4 135.1 126.4 121.4 119.7 119.8 122.7 121.5 119.5 115.9 116.1 118.9 121.1 120.4 116.5 113.2 115.1 119.2 121.9 119.9 116.7 119.2 117.7 109.7 111.4 116.1 113.4 110.3 106.2 102.2 100.3 101.1 100.3 99.4 98.6 98.1 99.7 101.4 102.4 104.4 106.4 108.3 109.2 110.3 110.7 110.2 109.1 108.7 108.2 107.5 106.8 105.4 104.6 103.1 101.8 100.5 99.5 100.4 103.2 104.2 104.8 105.1 105.6 104.2 102.6 101.5 100.5 99.9 98.7
166.1 167.4 168.6 171.3 173.8 172.3 169.8 166 161.4 150.8 140.9 137.6 131.2 128.5 124.6 125.7 126.1 124.1 119.7 118.9 120.3 122.2 120.9 120.9 117.6 118 121.2 125.5 125.3 122.4 119.6 121 115.6 114.6 116.6 117.1 114.5 111.4 108.4 105.1 104.2 103.6 102.7 101.8 100.9 100.7 101.9 103.6 104.8 106 108 109.1 110 110.9 111 110.6 110.1 109.4 108.6 107.9 106.6 106.3 105.7 104.7 103.2 101.8 101.5 102.9 103.6 104.3 105 105.2 104.4 103.1 102 100.6 99.3 97.8 95.9
166.4 165.8 165.9 170.1 172 171.7 170.4 167.5 163.1 155.5 148.9 144.3 137.9 133.5 130.1 130.4 128.3 125.8 122.9 124.8 125.3 124.7 123.9 122 120.6 122.7 126.7 130.2 128.1 125.4 123.2 120.7 119.6 120.3 120.5 118 115.4 112.3 109.4 107.2 106.2 105.4 105.2 104.1 103.2 103.2 104.1 106.1 107.9 109.8 109.8 109.5 109.9 110.5 111 110.4 110.4 109.6 108.5 107.1 106.4 106.3 105.7 105.7 104.9 103.8 102.4 103.2 104.1 104.5 105 105.3 104.6 103 101.5 99.7 98 96.7 95.4
164.2 160.4 160.4 164.4 167.9 169.8 169.3 166.7 166 161.1 155.8 149.8 144.6 139 135.2 132.8 129.9 128.4 128 128.2 127.6 127 126.4 125.1 125.5 127.3 131 132.9 131.1 129.1 126.7 124.7 123 122.1 121.1 118.8 115.9 113 110 108 107.1 106.4 105.7 105.5 105.2 105.7 106.3 107.6 108.9 109.7 109.6 108.4 108.3 109 109.7 110.4 110.3 109 107.7 106.3 106.2 106.3 105.7 105.8 106.2 105.4 104.2 104 104.8 105.1 105.8 106.1 104.7 103.2 101.6 100.6 99.2 97.3 95.8
160.1 156.6 154.2 157.6 161.5 162.4 162.3 166 166.2 165 160.6 154.6 148.3 142.5 137.7 135 132.3 130.7 131.2 130.2 129.8 129.3 128.6 128 129.6 132 135.4 136.8 134.6 132.5 130.3 127.9 125.9 122.7 120.3 118 115.9 113.3 110.5 108.9 108.1 107.4 106.4 105.6 105.2 105.6 106.7 107.8 108.9 109.5 108.7 107.3 106.8 107.5 108.5 109.9 109.1 108.2 106.9 105.8 106 106.2 105.7 105.9 106.3 106.2 105.2 105.4 106.2 107.2 108.4 107.7 105.6 103.9 102.1 99.9 98.5 97.2 95.7
151.9 149.8 149.5 151.4 153.4 155.3 158.2 163.5 166.2 166.5 163.4 157.4 149.3 143.3 138.3 136.1 133.5 132.3 132.6 132.4 131.7 131.3 131.3 131.7 132.8 136.4 138.9 139.2 137 134.7 130.5 127.6 124.3 122 119.4 116.9 114.5 112.6 111 109.7 108.3 106.9 105.6 104.7 104.9 104.7 105.7 106.5 107.6 107.7 107.2 106.1 105.3 106.3 107.4 107.7 107.8 106.9 106 105.6 105.8 106 105.7 106.1 106.7 106.5 107 107.4 109.9 109.9 110.9 108.8 106.6 104.4 101.8 99.7 98.2 96.6 95.7
143 142.6 142.4 143.6 145 148.8 156.6 162.4 164.7 166.1 163.3 158 149 142.3 138.4 135.4 133.2 132.8 133.1 133 132.6 132.2 132.9 134.5 136.3 139.2 141.4 140.3 138.4 134.9 130.1 126.2 122.9 119.6 117.5 115.2 113.1 111.1 110 108.8 107.4 106.1 104.7 104.5 104.6 104.1 104.4 105.1 105.1 105.2 104.7 104 103.8 105.1 105.6 106.1 106.1 105.3 104.6 105.5 105.7 105.5 106.9 107.1 107.6 108.6 109.8 110.5 113.7 113.6 112.2 109.3 105.8 104.1 101.5 99.6 98 96.5 94.4
138.4 138.3 138.9 139.3 141.7 149.6 157.8 161.2 161.7 162.3 158.8 151.7 143.2 139.7 137.2 135.2 133 133.2 133 132.7 131.7 131.5 132.6 135.1 137.1 140.7 142.7 140.9 137.4 133.8 128.8 124.3 121.1 117.8 115.6 114 111.7 109.4 109.2 108.1 106.7 105.4 104.1 104.8 104.4 103.8 103.4 102.8 102.7 102.8 102.3 102.3 102.4 102.9 104.2 104.6 104.4 103.6 103.9 104.7 104.8 104.5 106.3 108 108.2 111.3 113.6 115.5 116.2 114.7 111.5 107.8 104.7 103.1 101.2 99.4 97.6 95.8 94
135.1 135.7 135.5 136 137.9 143.2 152.1 155 155.4 153.6 151.7 144.5 139.2 136.7 134.8 133.7 132.9 132.6 132.2 131.2 130.6 130.9 131.6 133.1 136.2 139.9 140.9 140.1 136 131.3 126.4 122.9 119.2 115.9 114 113.9 111.4 109.1 109.5 108.2 106.9 105.9 104.9 104.8 104.5 103.8 102.9 102 101.3 100.8 100.7 100.9 101 101.3 102 103 102.6 102.4 103 103.4 103.4 104.3 106.7 108.4 110.9 114.1 116.9 119.3 117.4 113.5 109.8 106.1 103.2 101.6 100.5 99.4 97.9 96.4 95.7
132.7 132.1 131.6 131.6 133 136.9 141.7 145.1 145.7 144 142.5 138.3 136 134.2 132.4 131.5 131.8 131.4 130.6 129.2 129.1 129 129.7 132.8 136.6 140 140.9 138.7 133.5 128.2 123.6 121.1 118.8 116.3 116.2 115 113 110.6 109.7 108.6 107.6 106.6 105.7 104.9 104.7 104 103.1 101.9 100.6 99.5 99.2 99.4 99.6 99.8 101.7 102.3 101.4 101.4 101.9 102.1 103.1 104.8 107.2 109.7 114.2 118.3 121 119.2 114.9 110.8 107.1 103.9 100.9 99.5 99.1 98.7 97.9 96.4 95.7
130.4 129.6 128.6 129.2 130.8 133 134 135.2 137 135.9 135 134.5 133.1 131.6 130 130.2 130.6 130 128.7 127.3 127 128.5 130.7 133.1 137.8 139.2 139.8 137 131.1 125.1 121.7 119.5 120 119.2 117.8 116 114.2 112.3 110.7 109.6 108.6 107.5 106.5 105.5 104.8 104 103.9 102.7 101.4 100 101 100.5 99.4 99 100.1 101.4 100.2 99.9 100.7 101.9 103.6 105.3 107.5 113 117.7 121.3 121.4 116.8 112.6 108.3 105 102.1 99.3 98.1 97.8 97.4 97 96.5 95.6
128.1 127.2 126.8 127.1 128.8 129.8 130.9 131.8 132.7 131.7 131.2 130.6 130.1 129 128.9 129.1 129.4 128.2 126.8 125.5 125.4 127 130.4 134 138 139.7 137.6 133.1 127.7 124.3 124.2 122.2 120.7 120.7 118.8 116.7 114.9 113.7 112 110.8 109.7 108.6 107.4 106.2 104.8 103.9 104.4 103.4 102.1 101.9 101.9 100.5 99 98.8 98.7 99.8 99.1 99.1 100 101.7 103.7 105.9 109.4 114.8 120.1 122.6 119.8 114.2 109.9 106.1 103.2 100.4 98.5 97.1 96.9 96.4 95.9 95.5 94.9
126.5 124.9 124.3 125.4 126.5 127 128 129.1 128.9 129.5 129.1 128.8 128.4 128 128.1 127.6 127.7 127.8 126.2 124.6 124.6 127 130.4 134 138 139.1 137 133.3 129.8 126.5 125.9 124.7 121.1 119 117.4 116.1 115.9 114.7 113.1 111.7 110.5 109.4 108.1 106.6 105.2 104 104.6 104.3 103.3 103.2 102.9 101.4 99.7 98.8 98.4 98.2 98.5 99.1 100.3 101.2 103.9 106.3 110.3 115.4 120.8 121.1 116.4 111.7 107.4 104.1 101.4 99.6 97.8 96.5 96.4 96.1 95.2 94.8 94.1
125.7 125.1 124.8 125.2 124.4 124.5 125 126 125.7 126.9 127.9 127.6 127.2 126.6 125.8 125.3 125.2 126 125.8 124.2 125.4 127.4 130.3 134.3 139.3 140.6 139.6 136.1 132.1 128.1 125.6 122.4 119.6 117.2 115.6 114.8 115.4 113.8 112.4 112.1 111.6 110.3 108.2 107.1 105.7 104.1 104 105.8 104.4 103.7 103.9 102.1 100.4 98.9 98.6 98.3 98.7 99.1 99.6 101.3 103.9 106.7 110.2 115.3 119 119 114 109 105.5 102.3 100.6 99.1 97.3 96 95.9 95.8 94.9 94 93.3
128.4 127.5 126.4 126 125.5 124.2 122.3 123 124.5 125.5 126.4 125.9 125.3 124.6 123.7 123 122.8 123.6 124.4 124.5 126.2 128 130.4 135 139.9 141 140.6 136.6 132 127.1 122.7 119.6 117.6 115.6 114.3 114.4 113.6 112.8 111.6 111.1 111.1 110.5 108.8 106.9 105.3 104.1 104 104.8 105.2 105.5 105.2 103.3 101.2 99.5 98.7 98.9 98.9 98.9 99 101.3 103.8 107.1 110.6 114 117 115.9 111.8 106.4 103.4 101.5 100 98.5 96.9 95.7 95.3 95.3 94.8 93.8 92.6
129.8 129 128.3 127.5 126.2 124.5 121.6 121.3 123.2 124.4 124.7 123.9 123.3 122.6 121.7 120.7 120.4 121.2 122.6 124.2 126.1 127.9 130.7 134.3 139.7 141 140 135.7 130.2 124.9 121.1 117.9 115.3 113.9 112.9 112.2 111.8 111.4 110.6 109.7 110.1 110 108.7 107.1 105.8 105.5 105.2 105.9 105.8 105.8 105.9 104.7 102.6 100.5 99 99 99 99 99.7 101.2 104 107.2 109.3 111.5 112.8 112 108.9 105.2 102.5 100.8 99.4 97.9 96.6 95.4 94.7 94.7 94.7 93.7 92.8
131.2 129.6 128 126.4 125.5 124.7 121.5 120.5 119.4 122.9 123 122.1 121.4 120.5 119.6 118.9 119.6 120.8 122.1 123.5 125.5 127.8 130.5 135.4 140.3 141 138.9 134 127.9 122.4 117.8 114.4 113.2 112.1 111.1 110.1 109.8 109.5 108.8 108.7 108.8 108.9 108.8 107.6 106.3 105 105.3 105.7 106 106 106 104.3 102.1 100.3 99 99 99.2 100.9 101.7 102.4 105.9 107.1 108.5 109 109 108.2 107 104.5 101.5 100.2 98.7 97.7 96.7 94.8 94.1 94.1 94.2 93.3 92.5
131.6 130 128.4 126.5 125.4 124.9 122.5 120.7 119.7 120.2 121.3 120.4 119.4 118.7 118.9 119.4 120.4 121.4 122.7 124.2 127.1 129.5 132 137.6 141 139.8 135.2 130 125 119.8 114.9 112.1 111.2 110.5 109.5 108.3 107.8 107.5 107.4 107.8 108 108.2 108.8 107.7 106.6 105.4 104.4 104.9 105.7 106 106 104.1 102.1 100.4 99 99.6 101.7 103.4 103.6 104.4 105.3 106.1 107.4 107.8 107.1 106.1 104.8 103.4 100.8 99.5 98.7 97.7 96.7 95.7 94.2 93.7 93.3 92.4 91.5
132.2 130.8 128.9 126 125.5 124.1 122.5 120.8 119.1 120.1 119.7 118.9 118.5 119 119.3 120.1 121.1 122.3 123.4 125.1 127.3 131.8 134 139.1 140.1 137.3 132.8 126.8 122.1 117.1 113.9 111.9 109.3 109.4 108 106.3 105.5 105 106.1 106.8 107.2 107.9 108.7 107.7 106.6 105.4 104.5 104.8 104.9 104.9 104.7 102.4 100.5 99.9 99.5 104.2 106.1 106.3 105.6 106 106 105.9 106.7 106 105.1 103.9 102.5 101.1 99.8 99.1 98.4 97.6 96.6 95.6 94.4 93.2 92.3 91.3 90.6
132.2 130.9 128.4 125.4 124.6 123.3 121.7 120.2 119.3 118.7 118.1 117.6 118.4 119.2 120.7 121.2 122.5 123.8 124.7 126 128.3 132.3 135.7 136.8 137.4 134.8 131.1 124.7 119.1 115.7 112.6 110.1 108 106.5 105.4 104.2 104 104 104.7 106.3 106.7 107.6 108.4 107.6 106.7 105.7 103.6 102 101.7 101.5 100.5 99.7 98.5 99.1 106.2 109.8 111.2 109.9 108.3 107.9 106.4 106.3 105.9 105.2 103.7 102.3 100.9 99.6 98.9 98.3 97.8 97.3 96.6 95.6 94.9 92.8 91.2 90.2 89.9
131.2 130 127.8 125.1 123.8 122.5 121 119 118.8 118.3 117.5 117.4 118.3 119.9 121.5 122.9 124 125.3 126.4 127.1 128.9 134.3 136 136.6 135.9 130.8 126.2 121.5 116.5 113.2 111.5 108.7 106.6 104.7 104.4 104.1 104 104 106 106.3 106.4 106.6 107.7 107.6 105.9 103.8 101.9 100.3 98.8 98.1 97.2 95.4 97.8 105.3 113 116.3 115.6 113.3 110.7 108.7 107.4 106.5 105 104.4 101.8 100.3 99.3 98.6 98 97.4 96.9 96.4 95.9 95.4 95.1 93 90.9 89.3 89.2
130.2 129 126.9 124.8 123.3 121.8 120.7 119.9 119.4 118.7 117.4 116.9 118.6 120.5 122 124.3 125.5 126.9 128.3 128.9 130 135.5 135.9 136 134.2 128.4 122.6 118.9 114.8 110.7 110.3 109.5 107.8 105.3 104.8 104.2 104.1 104 106 106.1 106.1 106.1 106.5 106.2 104.7 102.4 100.2 98.7 97.3 96 95.1 94.2 101.3 109.2 115.4 117.9 118.4 115.7 111.5 110.4 109.2 107.5 105 102.6 99.9 99.3 98.4 97.8 97.1 96.5 95.9 95.4 95 95.4 95 92.9 90.8 89.1 89.5
129.2 127.9 125.9 124.3 122.9 121.5 120.5 119.8 119.5 118.8 117.1 116.3 119.3 121 123 125.6 125.7 127.6 129.9 132.3 135 138.4 138.4 137.3 133.9 127.7 122.1 117.7 114.5 110.9 111 110.5 108.8 106 105.4 104.5 104 103.9 103.3 104.2 105.3 105.4 105.2 105.2 103.6 101.2 99.1 97.5 96.1 94.7 94 94.9 100.5 106.8 113.3 117.5 117.1 117.2 112.4 112.2 110.9 109 105.2 102.5 99.2 99.1 97.7 96.7 96.2 95.6 95 94.6 95.6 95.5 94.4 92.8 91 90.5 90.3
128.7 127.2 125.4 123.9 122.6 121.4 120.5 119.4 118.5 116.8 115.6 115.1 118.9 120.6 122.4 125 126 128.9 131.4 136.8 140.2 141.7 139.6 137.2 132.3 125.8 120.6 116.4 113.6 111.5 110.4 109.3 107.6 106.2 105.9 103.9 102.7 101.2 100.3 102.3 104.3 105.1 103.9 103.1 101.7 100 98.1 96.3 94.9 94.8 94.1 94 97.3 103.3 109.2 113.8 114.9 115 113.1 111.6 109.8 109.4 105.1 102.1 98.9 98.4 96.8 95.7 95.1 94.6 94.5 95.6 95.8 95.7 94.7 93.5 92.3 91.3 90.6
130.5 127.9 125.7 123.9 122.7 121.7 120.7 119.5 119 117.7 115.4 114 117.4 119.4 120.5 123.1 126.5 130.6 136.7 141.1 142.4 141 138.7 134.9 130.3 124.5 119.4 115.6 113.2 111.1 109.2 108.5 106.6 104.7 104.4 105.4 104.6 102.5 99.9 99.1 100.9 102.2 102 100.9 99.5 98.5 96.9 95.2 94.6 96.2 95.4 93.4 95.3 99.8 104.4 108.4 110.6 108.5 111.3 109.2 107.8 107.8 104.7 101.2 98.7 97.7 96.1 94.8 94.2 94.7 95.3 96 95.6 95.9 95.6 94.4 93.1 91.9 90.9
132.4 129.2 126.4 124.2 123.4 122.5 121.9 121.1 120.7 117.7 115.4 114.1 115.9 118.4 121.4 124.4 127.5 134.7 141.5 143.6 143.7 140.3 136.2 132.1 128.6 124.1 119.6 115.7 113.4 111.3 109.9 108.6 107.3 106 105.2 105.2 105.5 103.7 101.5 100.8 99.8 98.9 98.6 97.6 97.2 97.2 97 96.5 96.7 97.9 96.3 94.2 94.2 96.2 99.1 102.2 105.6 108 107.6 105.4 104.8 106.1 103.8 100.1 98.7 97 95.4 94.1 94.3 94.7 95.3 95.5 95.5 96.1 96.5 95.2 94.2 93.2 92.6
134 129.9 126.9 125 124.1 122.8 121.6 120.7 119.5 117 115 114 117.1 120.6 123.6 129 132.7 137.7 143.3 144.4 142.3 138.5 134.7 129.4 126.4 123.4 119.9 115.9 113.6 112.4 111.2 110.7 109.2 108 107.2 106.9 106.7 105.8 104.2 103.1 101.6 100.8 99.8 99.6 101.1 100 100 99.5 99.2 98.3 96.4 94.7 94.4 93.5 94.6 97 100.1 101.8 101.9 101.6 102.2 103.5 102.5 100 97.6 96.1 94.4 93.8 94.4 94.6 95 95.2 96.1 97.2 97.3 96.9 96.3 95.7 95
134.8 131.5 129.5 127.9 125.6 123.6 122 119.4 117.9 115.9 114.1 115.2 118.9 122.7 128 134.1 139.5 141.1 142.2 143.9 140.9 137 133 128.8 124.9 122.5 119 116 114.3 113.8 113.1 112.6 111.5 109.9 109.2 109.5 109.9 109 107.3 105.2 103.4 102.7 102.5 103.1 104.7 103.5 102.8 102.7 102.2 100.8 97.9 95.6 94 93.4 93.7 95.2 96.8 97.3 98.1 99.1 100.9 102.5 100.9 98.4 96.1 94.6 93 91.8 92.5 93.5 94.5 95.7 96.7 98.1 98.8 98.3 97.9 97.5 97.3
137.1 133.6 132.1 130.1 127.6 125.3 121.9 119.2 116.7 114.8 113.4 116.3 119.3 123.2 128.8 137.3 140.7 140.5 141.8 142.1 139.4 135.6 130.9 127.8 123.9 121.4 119.2 117.2 116.4 116.2 115.1 114.5 114 112.2 112.1 112.7 113.2 112 109.9 106.9 105.5 105.5 106 106.1 107.5 106.9 106.4 107.1 106.4 104.1 100.4 96.4 95.1 93.1 92.4 94.6 94.1 94.9 95.2 96.4 99.6 101.1 99.3 97 94.7 92.8 91.2 90.3 91.5 92.9 94.6 95.8 97.4 98.7 100.4 99.8 99.8 99.8 99.5
139.8 136.5 134.8 132.1 129.6 125.2 122.2 120 117.3 114.8 113.4 115.6 118.9 124.3 129.8 135.8 137.7 136.3 138.8 140 137.6 134.1 129.3 126.3 123.2 120.1 119.3 119.3 119.9 119.7 119.1 117.8 116.4 115.1 114.2 115.4 116.3 114.2 112 108.7 109.1 109.5 109.5 109.2 111.6 109.8 111.5 111.3 109.8 106.1 101.1 98.7 96.8 94.9 92.9 91.9 90.8 91.3 90.7 91.6 95.4 97 96.5 95 93.2 91.4 89.5 89.4 92 93.9 96 97.4 98.2 99.5 100.8 103.2 104.9 105.1 103.2
142.4 139.8 136.6 133.3 130.6 125.9 123.2 120.9 117.8 114.7 113.7 115.8 121.9 126.5 130.8 133.1 134.1 132.9 135.1 136.4 135.5 132.6 129.9 125.7 124.1 122.5 121.7 122.3 122.8 123.2 122.6 121.8 120.7 118.9 118 119.4 119.9 117.5 113.8 112.1 112.3 112.7 112.8 113.7 117.6 115.8 115.3 113.5 110.9 107.6 103.2 100.8 98.3 95.9 93.4 91.7 93 92.2 90.2 89.6 92.5 94 93.2 92.4 90.7 89 89.1 91.4 93.8 96.2 98.3 99.7 100.7 101.5 102.5 104.8 108.3 110.2 108.4
143.4 140.5 137 134.3 131.5 128.7 125.1 120.6 116.9 114.2 114.2 117.9 125 129.5 130.8 130.1 129.8 130.2 131.2 132.7 131.7 129.2 126.7 125.3 125.5 124.9 124.4 124.9 124.9 125.5 125.9 125.2 122.9 121.2 120.6 121.1 120.7 118.6 115.8 115.9 116 116.1 116.5 116.5 119.6 119.1 117.1 115 113.1 109.6 106.1 101.6 98.3 95.7 94.8 93.6 94.8 95.1 93.1 91.3 89.7 90.4 90.8 89.9 89 89.1 90.1 94.6 98.1 100.4 103.3 105.5 106 106 106 109.1 113.8 116.4 115.2
143.1 140.7 137.7 134.5 131 129.6 124.2 119.3 116.9 114.7 114.1 118.3 126.1 131.2 130.7 128.2 124.6 125.1 126.2 127.8 128.1 125.6 123.6 123 125.2 125.9 125 123.5 123.6 125.1 124.7 124.4 122.7 121.7 121.5 121.3 122.8 122.4 120.4 120.7 120.8 119.9 119.8 120.5 120.7 121.1 119.1 117.1 114.8 109.4 104.3 100.7 99.2 97.2 94.5 95.2 96.1 96.8 95.3 93.1 90.4 89.3 89.7 89 89 89 92.6 97.7 101.8 107 109.7 111.9 112.2 112.1 112.3 114.5 118 119.5 120
