app/static/ascii/SP50.asc
ncols 200
nrows 200
xllcorner 450000
yllcorner 200000
cellsize 50
[rows 152 to 189 of 200, columns 0 to 83 of 200]
126.6 125 123.6 122 121 121.1 120.1 119 118.1 116.2 115.3 115.3 115.2 112.9 111.3 107.5 103.5 99.9 95.6 93.7 93.1 94.4 93.6 92.7 91.5 90 88.7 90 90.7 93.9 95.8 95.7 86.2 94.5 93 90.9 87.3 82.9 79.7 78.2 76.9 75.7 73.4 72.5 70.6 66.1 62.6 60.8 57.9 55.1 54.8 54.7 54.5 54.2 53.7 53.2 53.4 54.7 57.4 59.1 59.7 59.2 61.5 64.7 63.4 68.6 68.5 68.7 68.2 67.9 68.3 68.2 67.8 66.4 65.5 64.9 62.4 60.3 62.1 63.8 63.6 61.4 59 58.9
127.9 126.7 124.6 124.2 123.4 122.2 121.1 120.8 118.3 116.4 115.8 116 115.5 112.7 111.5 106.1 101.2 95.7 94 95 99 98.8 98.2 96.4 94.6 93.1 91.6 90.5 91.2 93.5 94.8 97.9 87.1 95.4 93.3 91.6 89 84.9 82.1 79.9 78 76.1 73.8 72.4 68.7 65.5 63.3 61.1 58.3 55.2 55 54.8 54.5 54.1 53.7 53.3 53.2 54 55.4 56.2 58.3 60.8 61.7 64.2 65.1 61.3 68.3 68 66.9 67.8 68.3 68.2 66.5 65.2 64.1 64.3 60.3 58 58 58.2 58.9 58.2 58.2 58.2
128.5 128 126.3 125.3 124.9 123.6 122.3 121 117.4 114.5 112.1 110.9 110.8 108.7 107.3 103.8 99.1 97 98 99.3 103.7 102.8 98.8 96.8 96 94.9 92.6 89.8 89.9 92 93.3 94.8 88 92.9 91.7 91 89.3 86.2 83.6 81.1 78.3 75.9 74.2 72.1 69.1 65 63.2 59.1 58.4 56.2 55 54.9 54.4 54 53.6 53 53.3 54 54.7 56.1 58.8 60 61.7 62.8 63.7 64.8 59.6 65.8 65.6 65.1 65.2 65.9 64.6 63.3 62.1 59.9 58.9 57.4 57.3 57.5 59.3 58.8 58.7 59.2
128.7 128.1 127 126.6 125.6 123.5 121.6 119.7 117.2 112.9 109 104.9 104.3 103.9 102.4 101.7 99.1 101.9 102.9 104 106.6 104.6 101.4 98.7 97.7 96 94.1 90.8 89.1 89.9 89.1 88.8 88.7 88.5 89.2 89.8 88.8 86.2 84 80.8 79.1 77.3 75.9 71.3 68.9 66.7 64.5 63.2 58.7 58.2 55.1 54.8 54.4 53.8 53.3 53.2 53.4 53.9 54.7 56 56.7 57.9 59.2 60.2 62 63 63.7 58.4 64.4 64 63.6 63 62.1 61.3 59.6 58.4 57.5 57.9 59 59.6 60.2 60.1 60.2 60.5
127.3 126.4 126.8 126 123.5 123 120.7 118.5 116.3 114.6 110.8 105.3 104 104.7 106.3 106.3 105.7 107.3 108.9 107.8 107.9 104.6 102 100.3 98.7 97 95.4 93.2 90.7 88.7 84.6 85 89.1 84.7 85.7 85.9 85.7 85.1 83.8 82.2 81.1 79.4 75.2 73.3 69.1 67.5 65 62.5 58.9 58.7 55.2 54.6 54.1 53.5 53 53.3 53.6 53.9 54.7 55.6 55 55.6 57 58.2 60.2 61.6 62.4 62.7 58.2 62.7 62 61 60 59.2 58.4 57.1 58.2 59.3 60.3 60.7 61.1 61.5 61.6 62
125.5 125.1 125.5 124.3 121.4 122.4 120.2 118 116 113.5 109.1 107 108.7 109.9 110.4 109.4 108.3 110.1 110.2 109.2 108.3 105.3 102.8 101.3 99.7 98 96.5 94.5 92.2 88.7 86.4 84.3 89.3 82.3 82.3 83.2 83.1 83 82.1 82.9 81.1 78.3 75.5 72.3 69.7 68.6 66.6 64.2 62.5 59.2 55.8 54.3 53.7 53.2 53.2 53.5 53.8 54.1 54.7 54.8 54.8 55.1 55.7 57 59.1 60.3 61.3 61.5 61.2 58.2 60.6 59.5 58.5 57.9 57.1 58.1 59.9 60.8 61 61 61.1 62.2 63.1 63.3
121.6 118.1 122 121.3 119.5 120.5 119.6 117.4 116.6 112.8 109.6 111 112.8 112.8 112.5 112.9 110.7 110.2 110.6 109.4 107.8 104.5 103.6 102.1 100.3 99 97.1 95.2 93.5 91.2 87.8 86.2 89.6 81.1 79.2 80.4 80.8 80.6 81.1 82.2 79.8 78.1 75.7 72.9 71.9 70.4 68.1 65.7 63.3 60.7 58.5 54.7 53.4 53.1 53.4 53.7 54 54.2 54.6 54.7 55 55.1 55.3 56.7 58.3 59 59.7 59.8 59.7 59.3 58.7 58.5 57.7 57.1 59 60.5 61.2 61 61.1 61.2 61.2 61.5 64 63.8
115.8 113.5 119.3 121 117.6 118.4 119.1 116.9 114.1 111.2 112.6 113.8 114.8 114.5 113.6 113.4 112.4 111.7 110.8 108.5 106.9 105.3 104.5 102.3 100.7 99.8 98.8 97.3 95.3 93.6 89.6 87.8 89.5 82.6 80.1 79.2 79.4 79 81.1 80.7 80.4 79.3 77 74.8 73.3 71.8 69.1 66.3 63.8 61.9 59.3 55.6 53.8 53.2 53.5 53.7 54 54.3 54.5 54.8 55 55.1 55.1 56.4 57.4 57.8 58.3 58.2 58.3 57.9 56.9 59.9 57.1 58.9 59.5 60.5 61.6 61.4 61.4 61.4 61.4 61.5 64.7 64.1
111.8 111.6 115.6 117.6 116.6 116.1 117.2 116.1 115.6 115.6 115.9 115.6 115.8 115.6 115 114.2 113.5 112.2 110.7 109 107.3 105.5 104.4 103 102.1 101.2 99.8 98.1 96.4 94.5 91.6 89.3 88.3 83.5 81 79 78.2 78.6 79.8 80.5 80.6 79.6 77 75.7 74.3 72.7 69.8 66.8 64.2 62.3 60.3 56.5 54.8 53.3 53.5 53.7 54 54.3 54.5 54.7 54.9 55 55 55.6 56.5 56.8 57.3 57.6 57.6 56.4 55.9 57.8 60.8 58.9 60 61.5 61.9 62.1 61.7 61.7 61.5 63.9 65.7 64.8
109.2 108.9 111.5 113.9 113 112.6 114.7 116.1 116.8 117.3 116.4 115.9 115.6 115.2 114.8 114.3 113.2 112 110.5 108.8 107.2 105.4 104.1 103.2 102.3 102 100.6 98.9 96.9 95.1 92.9 90.4 87.6 85.1 82.1 78.8 76.4 77.4 79.6 80.7 80.8 78.7 76.8 76.3 74.8 73.2 71 68.3 65.1 63 60.7 57.8 55.9 54.4 53.5 53.8 54 54.3 54.6 54.7 54.8 54.9 54.9 55.1 55.5 55.8 56.2 56.9 56.4 55.8 55.9 57 61.8 60.4 62.6 62.7 62.8 62.7 62 64.2 65.7 66.2 66.6 65.5
107.6 105.8 106.9 108.6 108.2 110.2 114.6 116.2 116.3 116.4 116.1 115.7 115.3 114.6 114.1 114.1 112.9 111.8 110.4 108.1 106.5 104.9 103.3 102.2 101.6 101.7 101.3 99.7 97.7 95.5 94 90.6 88.2 85.6 82.9 79.5 76.1 77 79.7 80.7 79.5 77.4 75.6 74.2 73.4 72.7 71.2 69.9 66.2 63.5 61 59.2 55.5 54.8 53.9 53.9 54.3 54.7 54.7 54.5 54.6 54.7 54.8 55.4 55.6 55.9 56.1 56.7 56.5 56.7 56.9 57.2 58.2 62.9 60.9 62.7 62.8 62.9 69.5 67.3 66.5 67 67.7 66.4
104 103 103 103.9 105.7 111.1 115.4 116 116 116 115.7 114.4 113.7 113 112.5 112.8 112.1 111.5 110.1 107.3 105.6 104.2 102.7 101.2 101.2 101.3 101.1 100 96.9 94.1 90.5 89.1 86.2 83.1 81.4 78.5 75.8 75.7 78.3 79.6 78 75 72.5 71.9 71.5 70.9 70.2 69.9 67.1 64 61.1 59.4 55.1 54.6 54.3 54.1 53.9 54.3 54.5 54.5 54.5 54.5 55.1 55.9 56.1 56.4 57.7 57.7 57.6 57 57.1 57.5 58.4 59.4 63.3 61.4 65.8 63.5 64.2 65.7 67 68 68.3 68.1
101.8 101.2 101.7 103.9 106.8 109.4 112.9 116 116 116 115.4 114 112.6 111.3 110.9 111.5 111.4 111.2 109.4 107 104.9 102.8 100.9 99.5 100.2 101 101 100.2 97.3 94.4 90.1 88.8 84.7 81.4 78.4 76.2 75 73.4 74.6 76.3 73.3 70.9 69.5 68.9 68.7 68.3 68.1 68.1 66.5 64.2 61.2 59.6 56.1 55.1 55 54.8 54.1 53.9 54.1 54.3 54.4 54.2 54.9 55.6 56.6 58.8 60.3 60 59.3 58.7 58 59.5 59.6 60.2 63.3 63.9 62.8 63.4 64 66.8 67.5 68.2 68.4 68.8
99.9 100 100.9 103.4 106 108.2 109.4 113.5 116 115.4 114.3 112.9 111.5 110.2 108.8 110.8 110.6 110.6 108.6 107 104.8 102.7 100.6 98.5 96 97.8 100 99.3 96.7 93.7 90 88.5 85.2 83.2 81.4 78.3 76.7 74.5 72.9 72.2 71.8 70.9 70.3 69.7 68.6 67.1 66 65.1 65 63.7 61.3 59.5 56.4 55.8 55 54.3 53.8 53.7 53.8 54 54.2 54.1 54.5 55.5 56.8 59.9 61.4 62 62.2 61.9 60.9 60.7 61.8 61.3 61.5 64.6 65.3 64 66 66.6 67.3 68.3 68.2 68.2
98.6 99.3 101 101.6 104.4 105.4 105.8 109.1 112.2 113.7 113 111.5 110 107.6 105.2 106.7 107.8 108.9 107.5 106.3 105.1 102.8 100 99.3 95.5 94.5 97.3 98.8 97 93.8 91.3 87.9 87.4 87 84.9 82 78.5 76.4 74.7 75.1 74.9 75.7 75.2 74.1 72.1 69.9 67.7 65.6 64.2 62 61.1 59.5 56.7 55.1 54.5 53.9 53.7 53.6 53.6 53.7 53.9 54.1 54.2 55.7 57.1 59.5 62 63.3 62.8 62.6 63.1 62.4 62.9 63.2 63 63.4 66.1 61.5 66.2 66.6 67 68.5 68.3 68.1
98 98.2 99.3 100 101.4 102.5 103.7 107.7 110.6 111.5 111.4 110.1 108.6 106 103.7 103.5 105.8 107.5 106.9 106.2 104.7 102.4 99.9 98.5 94.9 91.5 94.8 97.1 96.7 95 90.3 90.4 89.8 89.2 86.8 84.9 81.8 80 80 78.7 78.8 78.6 77.6 76.8 75.7 74.3 70.9 67.6 64.3 61.9 61 59.7 59.8 54.7 54 53.6 53.5 53.4 53.4 53.5 53.7 54 54 55.6 57.8 60.7 62.8 64.5 63.9 64.1 64.3 64.1 63.8 64.2 64.2 61.4 64.7 62.7 65.7 66.2 66.7 67.5 67.8 68.2
97.7 98 97.9 98 99 99.2 102.3 105.7 108.5 109.5 109.2 108.6 107.2 104.6 102 101 103.9 106.2 105.7 104.6 103.6 101.7 99.3 98.2 96.9 94.7 94.4 95.7 95.5 94.7 87.2 93.6 91.6 90.9 88.4 86.9 85.1 83.4 82.2 80.5 80.1 80.1 78.9 78 77.2 75.5 72.6 69.3 65.5 63 61.4 60.3 60.3 56.1 53.6 53.4 53.3 53.3 53.2 53.3 53.6 53.9 54.1 55 57.1 60.5 63.2 65 65.6 65.4 65.6 66 65.9 65.2 63.8 64.3 63.7 64.8 65.3 65.8 66.5 67.2 67.8 68.3
97.9 97.2 96.8 96.8 97.5 99.4 101.9 104.1 106.5 107.3 107.1 106.8 105.8 103.2 101.1 99.8 102.8 104.6 104.2 103.2 101.9 100.1 97.6 96.4 95.7 94.9 94.6 94.9 94.2 93.5 86.9 93.6 92.2 91 89.7 87.8 86.1 83.9 82.2 80.5 80.6 80.8 79.3 78.5 77.5 76 73.6 70.6 67 65.2 63.6 61.9 60.5 57.8 54.2 53.2 53.1 53 53.1 53.3 53.6 53.8 54.1 54.4 56 60 63.2 65.1 65.5 65.7 66.4 67.1 67.8 66.9 66.1 65.5 64.6 65.1 64.9 65.6 66.3 67 68.9 68.9
95.4 95.7 95.7 95.9 97.4 100.2 102.8 105.1 105.8 105.7 105.2 104.7 103.9 101.7 99.9 100.4 101.6 102.8 102.9 101.7 100.1 98.5 95.9 94.8 94.4 94 93.1 93.1 93.2 91 88 92.8 92.1 90.9 89.6 87.8 85.8 83.7 82 80.3 80.6 79.8 79.3 78.5 77.6 76.1 74.7 72.2 69.2 67.1 65.2 63.2 61.3 59.1 55.2 52.9 52.9 52.9 53.1 53.2 53.6 53.9 54.1 54.6 55.6 59.6 62.8 64.8 65.7 65.9 66.5 67.9 69.4 68.9 68.2 67.2 66.2 65 65 65.5 66.2 66.8 70 69.6
92.3 93.7 94.2 96 97.1 98.9 101.7 104.4 104.8 105.1 104.5 103.7 102.3 99.5 98.5 100 100.4 101.5 101.4 99.8 98.2 96.6 94.7 94 93.7 93 91.9 91.2 91.3 87.1 91.4 92.1 91.4 90.6 89.1 87.3 85.4 82.8 80.8 79.3 78.8 78 78.3 78.1 77.9 76.7 75.4 73.9 71.1 68.4 65.9 63.8 61.8 60.5 56.3 52.7 52.7 52.9 53.1 53.3 53.4 54 54.2 54.4 55.3 58.6 62.1 64.3 65.2 65.9 66.8 68.5 69.5 69.5 68.8 67.9 66.6 65.7 65.2 65.4 66.2 67 69.9 69.6
90.8 91.8 93.4 95.4 96.6 98.2 100.4 102.6 103 103.2 103.2 102.4 101.2 97.7 98 98.8 99.4 99.3 99 97.7 96.1 94.6 93.5 93.4 92.9 91.9 90.8 89.8 89.5 85.3 89.5 89.2 90.4 88.8 87.6 86.1 85.5 82.6 80.3 78.3 76.3 76 76.7 76.5 77.9 77 75.8 73.9 71.6 68.7 66.2 64 61.9 60.8 57.4 53.6 52.7 52.9 53.1 53.3 53.5 53.8 54.2 54.3 54.5 57.2 61.9 63.7 64.3 65.5 66.6 68.7 69.4 69.7 69.5 68.3 66.8 65.3 65.2 65.6 66.6 67.6 69.3 69.9
90.3 90.9 93 94.8 95.7 96.9 100.1 100.9 101.1 101.3 101.3 101.2 99.9 96.2 96.8 97.1 97.1 96.4 96 95.2 94.1 92.8 92 91.4 91.7 91.4 90.3 88 87.5 85.9 87.4 86.3 86.5 86.8 85.8 83.1 81.5 79.7 78.5 76.6 75.2 72.2 74 75.1 75.2 75.3 74.2 72.6 70.5 68.9 66.5 64.9 63.1 61 58.3 54.9 52.7 52.9 53 53.2 53.3 53.6 54.3 54.4 54.1 54.2 61.7 62.4 63.2 65.7 67.7 69.2 70.2 70.4 69.9 68.2 66.5 64.9 64.6 65.5 66.1 66.8 68.4 69.9
90.1 90.2 92.4 94.6 96.2 98.2 98.8 99.4 100 100.5 100.1 99.9 99 96.8 96.5 95.5 95.1 94.4 93.7 92.5 92.1 91.4 90.9 90.4 90.3 90.2 87.3 84.9 85.2 86.2 83.7 82.4 82.1 82 80.5 78 76 75.6 74.1 72.8 70.3 68.9 68.2 68.5 70.9 71.4 71.5 69.9 69.7 68.8 67.1 66.1 64.7 61.3 59.1 56.1 52.9 52.9 53 53.2 53.1 53.4 54.5 54.3 53.8 53.7 59.8 60.6 63.3 66.6 69.5 72.6 71.6 70.4 69.4 67.7 66.1 64 64.6 65 65.1 66 67.4 68.8
91.2 91.7 93.1 95 96.4 97.2 97.8 98.5 99.1 99.2 99.2 98.8 98.3 97.3 96.1 94.8 94.1 93.2 92.2 89.6 89.6 89.5 89.6 87.2 86.1 84.4 82.4 82.3 84.9 82.3 79.7 77.3 74.9 76.6 74 74 73.4 70.4 69.1 69 69.8 71.7 70.7 67.8 65.7 65.7 66.2 68 68.4 68.1 67.6 67 65.7 62.8 60.1 57.2 54.5 53.3 52.9 52.7 52.8 53.5 54.1 53.9 53.5 53.3 55.7 61.4 64.3 66.8 71.7 76.9 74.1 70.4 68.8 67.1 65.3 64.9 64.9 64.9 64.8 65.4 66.4 67.2
91 92.3 95.4 95.6 95.6 96.4 97.2 97.9 98.5 98.4 98.3 98 97.4 96.7 95.9 94.4 93.5 92.4 91 89.5 87.5 86.7 84.8 84.5 88 87.5 83.7 82 83.3 79.9 79.5 79.2 78.7 77.8 75.1 74.9 74.9 72.1 72.8 74.8 74.9 74.8 74.8 72.9 70 66.4 64.2 64.1 66.5 67.6 67.4 67 65.9 63.5 60.2 58.3 55.8 53.6 53.2 52.9 52.9 53.4 53.8 53.6 53.3 53.2 53.9 61.7 64.4 66.9 72.9 76.2 74.5 70.5 66.8 65.6 65.7 64.3 64.3 64.4 64.6 65 65.9 66.8
90.4 93 96 95.8 95.8 95.8 96.4 97.2 97.6 97.3 97.1 97.1 96.7 96.1 95.4 94.5 93.5 93 91.7 90.1 88.3 87.2 87.1 87 90 90.2 88.6 85.4 86.7 88.3 88.3 87.3 86.3 85.3 79.2 77.8 77.4 77.3 77.9 78 77.2 76.9 75.4 75.8 73.2 69.9 67.6 63.7 64.6 65.7 66.4 66 64.6 62.9 59.6 57.1 55.3 54.4 53.6 53.3 53.1 53.1 53.4 53.3 53.1 53.1 53.4 59.2 62.9 65.8 70.5 72.7 70.9 68 65.2 65 64.8 64.5 63.5 63.6 64.1 65.4 65.4 66.3
91.3 93.7 95.9 96 95.9 95.9 95.7 96.4 96.9 96.4 95.9 96.5 96.2 95.5 94.8 94.1 93.6 93.2 91.9 90.5 89.6 88.6 89.2 89.4 91 91.1 88.7 85.8 90.2 91.2 90.6 89.6 88.1 86.6 81.5 80.5 80.9 81 81 79.9 79 77.1 75.4 76.3 74.9 72.4 69.6 66.4 63.7 62.9 64.1 63.8 62.8 60.9 61.7 57.5 58.3 57.7 54.9 53.4 53.1 53 53 53 53.1 53.1 53.5 56.3 61.8 64.5 67.9 69.1 68.1 65.7 64.2 63.7 63.5 63.3 63.1 62.9 63.5 64.1 64.9 65.8
92.4 94.4 95.5 95.8 94.2 94.6 95 95.5 95.9 95.8 95.8 96.1 96.1 95.1 94.5 93.9 93.6 93.4 92.7 91.6 90.6 90.3 90.2 91 91.3 91.2 86.8 89.8 92.7 92.7 91.1 89.4 87.4 85.2 83.4 82.5 81.5 80.6 80.7 80.3 79 77.2 75.4 76.3 74.1 71.7 69.2 66.6 64.4 61.4 60.8 60.7 59.6 57.7 58.7 59.5 59 58.9 57 53.4 53.2 53 53 53 53 53.1 53.5 54.2 60.7 63.3 64.7 65.9 64.7 64.1 63.3 62.4 62.2 62 62.1 62.3 62.9 63.5 64.4 65.3
92.5 94.5 95.3 94.6 94.6 93.4 93.3 94.3 95 95.2 95.8 94.7 95.5 94.9 94.3 94 93.7 93.4 93.1 92.4 91.3 91.5 92 92.1 91.9 91.7 86.7 92.1 92 91.7 90.2 88.9 87 84.4 83.7 82.2 81.2 80.3 80.3 79.3 77.8 75.4 75 74.9 72.6 69.8 67.9 66 64.4 61.6 59.8 59.8 60.8 60.9 61 60.2 59.6 58.8 58 53.8 53.2 53.1 53 53 53 53 53.6 54 57.3 61.4 62.7 63.8 63.5 62.8 62 61.6 61.4 61.4 61.5 61.8 62.4 62.8 63.5 64.5
92.1 93.7 94.9 94 93.7 92.5 91.3 92.2 93.2 94.5 94.4 94.3 94.5 94.6 94.2 93.9 93.6 93.3 92.9 92.6 92.1 92.3 92.4 92.6 92.7 90.5 89.1 91.6 91.5 91.4 90.9 89.2 87.1 85.7 84.5 82.8 81.1 80 79.4 78.2 77 75 69.9 70.1 69.9 68.5 67 64.8 64.4 64.6 64.2 62.9 63.7 63.1 62.5 61 60 59.1 58.3 57.2 53.1 53.1 53.1 53.1 53 53.1 53.4 53.8 54.3 60.3 61.7 61.9 62.4 61.7 61.4 61.1 60.9 60.9 60.9 61.2 61.4 61.7 62.4 63.4
92.6 93.2 94.3 93.5 92.8 91.5 89.8 90.1 91.6 93.3 93.3 93.3 93.5 93.8 93.9 93.6 93.3 93.1 93 92.8 92.5 92.6 92.6 92.9 93.2 86.8 91.7 91.3 91.3 91.2 89.8 88.5 86.3 83.8 83.7 82.3 80.9 79.6 78.7 77.4 76.1 74.9 72.9 70.4 69.5 69.1 68.5 68.5 67.7 67.4 66.4 65.4 65.4 64.2 62.9 61.3 60.4 59.5 58.5 57.4 53.2 53.1 53.1 53.1 53.1 53 53.3 53.7 54 57.5 60.3 61.3 61.4 61 60.9 60.6 60.5 60.4 60 60.4 60.6 60.8 61.3 62.1
92.4 93.1 93.6 93.1 91.5 89.9 88.9 88.9 90.3 92 92.2 92.3 92.8 93 93.1 93.2 93 92.9 92.8 92.7 92.6 92.6 92.6 92.9 93.4 86.7 91.6 91 90.5 90 87.9 86.7 85.5 85.3 82.1 81.1 80 79 78.1 77.3 76.4 75 73.4 71.9 70.8 70.7 70.2 70.3 70.1 69.3 68.3 67 65.3 63.7 62.9 61.6 60.9 60.5 59.8 58.1 53.2 53.2 53.3 53.2 53.1 52.9 53.2 53.6 53.8 54.6 59.6 60.9 60.8 60.4 60.2 60.1 60 59.4 59.1 59.7 60 60.3 60.8 61.4
92.4 93 93.2 92.4 91.6 90.5 90.1 89.4 90.2 91.1 91.6 91.6 91.9 92.1 92.3 92.4 92.7 92.8 92.7 92.6 92.5 92.5 92.6 93 87.9 93.3 92 90.8 90.3 89.2 87.4 85.5 84.4 83.4 81.5 80.3 79.3 78.4 77.6 76.9 76.5 74.9 73.2 71.7 69.7 69.9 70.2 70.6 70.4 69.6 68.5 67.4 65.9 63.8 62.9 61.3 61.4 60.6 59.5 58.2 54.8 53.4 53.3 53.2 53 52.9 53.1 53.5 53.7 53.6 57.2 59.9 59.9 59.7 59.5 59.8 59.8 59.6 59.2 59 59.3 59.8 60.4 60.8
92.2 92.5 92.7 92 90.4 90.2 88.3 87.3 88.6 89.8 90.8 91 91.6 91.8 92 92.2 92.3 92.5 92.6 92.6 92.5 92.5 92.8 93 86 91.5 91.7 90.8 89.7 88.4 87 85.3 83.7 82.4 80.3 79.3 78.9 78 77.6 77.2 76.8 75 73.2 71.6 70.7 69.2 68.5 69.5 69.8 69.5 68 67.3 66.4 63.9 62.3 60.2 59 58.3 57.8 57 55.2 53.4 53.3 53.1 53 52.9 53 53.4 53.6 53.6 55.1 58 58.5 58.9 58.9 59.4 59.4 59.5 59.4 59.4 59.4 59.7 60.3 60.9
92 92.2 92.3 91.6 90.1 89.3 86.9 84.4 86.1 89 89.9 90.7 91.2 91.7 92.2 92.5 92.2 92 92.1 92.3 92.3 92.2 92.4 89.5 90.2 91 90.8 89.7 89.3 86.9 85.6 84.6 84.2 82.4 80.5 80.5 79.9 77.7 77.6 77.5 76.8 75.3 73.9 72.5 71.2 69.9 68.4 66.8 68 68 66.5 65.5 65.1 61.6 60.5 59.2 57.8 57.6 56.7 55.6 54.6 53.6 53.4 53.2 53 52.9 53 53.2 53.5 53.7 54 55.7 56.9 58 58.6 58.9 59 58.9 59.2 59.7 60.2 60.2 60.6 61.1
91.8 91.8 91.7 91.1 90.6 88.4 85.8 84.1 86.4 89.5 91 90.4 90.9 91.4 92 91.4 91.1 91.3 91.5 91.8 92 91.9 91.7 85.5 91.7 91.3 88.9 89.9 87.3 85.8 84.7 84.8 84.1 82.6 80.8 81 79.6 77.6 78 78.2 77 76.2 74.8 73 71.3 70.1 68.6 66.8 65 64.7 65 63.9 62.4 60 59.4 57.9 58.6 57.8 56.9 55.9 54.9 54.3 54 53.6 53.3 53 52.8 53.1 53.4 53.7 53.9 55.3 56.5 57.4 58.3 58.3 58 58.4 58.8 59.1 59.5 60.2 60.9 59.9
90.6 91 91.1 90.5 89.1 86.9 84.5 83.4 84.4 86.3 88.1 88.9 90.6 91.1 91.7 90.3 90.5 90.8 91 91.4 91.7 91.6 84.8 89.7 91.3 91.1 91 89.8 87.4 84.5 84.3 83.7 83.1 82.3 81 79.8 79.6 79.6 79.7 78.2 77 75.5 75.3 72.6 70.9 69.7 68.4 67.2 65.8 63.7 62.9 61.2 60.7 60.5 59.7 59.3 58.8 57.9 57.1 56.2 55.2 54.3 54 53.7 53.3 52.9 53 53.2 53.4 53.6 53.9 54.8 56.3 57.5 57.6 57.1 57.5 57.9 58.3 58.6 59 59.3 60 59.1
88.9 91 91 90.4 88.1 85.4 84.2 82 81.1 82.9 84.9 86.6 88.3 90 91 89.5 89.7 90.2 90.5 90.9 91.3 87.4 86.1 91 91.1 91 91 89 86.7 85 83.9 83 82 81.4 80.4 81 80.4 80.8 79.9 78.5 77 76 74.4 72 70.5 69.3 68.1 66.4 65.1 63.6 62.3 63.1 63.1 62.8 61.5 60.8 59.3 58.3 57.3 56.4 55.5 54.5 53.9 53.5 53.1 52.8 53 53.2 53.4 53.6 53.8 54.3 55.8 57.5 57 56.6 57 57.4 57.8 58.1 58.5 58.8 59.2 59.2
