app/static/ascii/SP51.asc
ncols 200
nrows 200
xllcorner 450000
yllcorner 210000
cellsize 50
[rows 0 to 37 of 200, columns 0 to 85 of 200]
100.8 101.1 101.8 101.1 99.4 96.9 97.6 99.3 99.1 97.6 97.5 96.9 97.2 97.4 98.7 97.6 96.3 95.2 94.2 92.5 90.7 89.4 88.9 88.4 87.8 87.4 87.2 86.9 86.4 85.6 84.8 83.3 82 82.2 83.3 83.5 83.2 83.3 83.3 83.3 83.1 82.8 82.4 81.9 81.4 80.1 78.7 77.3 76.8 76.7 79.2 80 79.9 79.5 79 78.6 78.8 79.3 79.5 79.6 79.7 79.5 78.9 78.1 77.5 76.9 76.7 76.5 76.4 76.1 75.7 75.4 75.1 74.8 74.6 74.3 74 73.7 73.4 73.2 72.9 72.6 72.4 72.2 71.9 71.7
100.1 100.9 101.3 101.7 99.4 97.1 95.3 97 96.4 95.9 95.3 95.8 97 98.2 99.5 99.7 99.3 97.9 95.5 93.8 91.6 89.7 88.8 88.2 87.7 87.2 86.9 86.6 86 85.4 84.8 83.6 82.4 81.1 81.4 81.9 82.4 82.6 82.6 82.6 82.4 82 81.5 80.7 80 78.7 77.6 77.2 76.9 78.5 79.3 79.6 79.4 79 78.6 78.1 78.4 79 79.2 79.1 78.9 78.8 78.6 77.7 77.2 76.7 76.6 76.4 76 75.6 75.3 74.9 74.6 74.3 74.1 73.9 73.6 73.3 73 72.8 72.5 72.2 72 71.7 71.5 71.3
99.9 100.3 100.6 100.8 100.1 98.2 95.8 94.7 94.1 93.9 93.6 94.1 95.4 97.3 99.5 100.8 100.9 99.7 97.2 94.6 92 89.9 88.7 88.1 87.6 87.1 86.7 86.1 85.5 84.8 84.2 83.9 83.1 81.6 80.4 80.9 81.5 82 82 82 81.7 81.2 80.3 79.6 78.2 77.3 76.8 76.3 78 79.4 78.9 79 78.9 78.5 78.1 77.6 78.2 78.7 78.6 78.4 78.2 78.1 77.9 77.5 76.8 76.6 76.4 75.9 75.5 75.2 74.8 74.5 74.3 74.1 73.7 73.4 73.2 72.9 72.7 72.4 72.1 71.8 71.6 71.3 71.1 70.9
99.6 97.2 99.4 99.7 99.4 98.3 96.8 93.3 92.7 92.4 92.2 92.7 93.9 96.5 98.4 100.2 100.9 100.5 98.1 95 91.9 89.8 88.5 87.8 87.3 86.7 86.1 85.4 84.8 84.1 83.6 83.3 83.1 81.9 80.6 79.9 80.7 81.4 81.3 81.3 81.1 80.6 79.2 78.5 75.4 75.7 75.8 78 77.9 77.5 77.8 78.3 78.4 78 77.6 77.4 78 78.2 78.2 78 77.9 77.7 77.6 77.1 76.6 76.3 75.9 75.4 75.1 74.7 74.5 74.3 74.1 73.8 73.5 73.2 72.9 72.5 72.2 72 71.7 71.4 71.2 70.9 70.7 70.6
99.5 99.1 95.8 97.7 96.8 96 95 92 91.3 91.1 90.8 91.8 92.3 94.5 97 99.6 100.4 98.9 96.9 94.2 91 89.2 87.7 87.1 86.7 86.2 85.6 84.7 84 83.4 83.1 82.8 82.6 81.8 80.7 79.6 79.8 80.5 80.7 80.6 80.5 80.1 78.6 76.4 74.6 75.1 76.6 78.3 77.9 77.4 77.8 77.9 77.7 77.4 77.1 77.2 77.5 77.7 77.9 77.7 77.6 77.3 77 76.7 76.3 75.8 75.4 75 74.6 74.4 74.2 74 73.8 73.6 73.3 72.9 72.6 72.3 71.8 71.5 71.3 71 70.7 70.5 70.4 70.2
99.9 99.5 98.6 94.6 94.4 93.6 92.5 90.9 90 89.2 90 90.4 91 91.8 94.7 97.6 99.5 97.7 95.5 92.6 89.8 88.5 87 86.6 86.2 85.7 85.1 84.1 83.3 82.9 82.6 82.4 82.1 81.6 80.5 79.5 78.7 79.7 80.4 80.2 79.9 79.5 78.8 77.6 74.7 75.1 76.4 77.4 77.4 77.4 77.4 77.2 77 76.8 76.5 76.7 77 77.2 77.5 77.2 76.9 76.6 76.4 76.2 75.7 75.3 74.9 74.6 74.4 74.2 74 73.8 73.6 73.3 73 72.7 72.4 72 71.5 71.1 70.8 70.6 70.3 70.1 70 69.8
100.4 100.1 98.8 97 95.9 94.3 92 90.9 90.1 88.4 88.7 89.1 89.8 90.1 92 95 96.3 96.3 93.9 90.8 88.5 87.5 86.2 86 85.7 85.1 84.5 83.7 82.6 82.4 82.1 81.9 81.6 81.4 80.3 79.2 78.4 79 79.9 80.1 79.6 79.3 79.4 78.8 76.4 74.2 74.8 76.2 76.8 77 76.7 76.5 76.3 76.1 76 76.3 76.6 76.8 77 76.6 76.3 76 75.9 75.7 75.3 74.8 74.5 74.3 74.1 73.9 73.7 73.5 73.3 73.1 72.8 72.5 72.2 71.8 71.3 70.7 70.4 70.2 69.9 69.8 69.6 69.4
100.8 100.5 99.4 98.5 97.2 95.8 94.2 92.6 91 89.1 87.1 87.3 88.5 88.6 89.8 91.5 92.5 92.6 91.3 88.5 87.1 86 85.8 85.6 85.1 84.4 83.8 83 82 81.6 81.4 81.2 81 80.8 80 78.8 78.1 79 80 79.8 79.3 79.3 79.3 79.4 77.7 76 74.5 74.1 74 74.8 75.7 75.9 75.6 75.4 75.5 75.9 76.2 76.5 76.5 76.1 75.8 75.7 75.5 75.2 74.9 74.5 74.3 74.1 73.9 73.7 73.5 73.3 73.1 72.9 72.5 72.2 72 71.6 71 70.5 70 69.7 69.6 69.4 69.2 69.1
101.3 100.7 100.5 99.8 98.4 96.9 95 92.8 90.9 89 87.2 86 86.7 87.6 88.3 88.8 89.4 88.8 87.8 86.7 85.9 85.6 85.3 84.8 84.3 83.7 83.1 82.3 81.5 80.9 80.5 80.3 80.1 80.4 79.3 77.8 78.1 79.3 79.6 79.3 79.2 79 78.9 78.6 78.3 77.1 75.9 75 74.3 73.7 74.3 75 75 74.7 75.2 75.5 75.8 76.1 75.9 75.6 75.5 75.4 75.2 75 74.7 74.3 74 73.8 73.6 73.4 73.3 73.1 72.9 72.6 72.3 72 71.8 71.3 70.8 70.3 69.7 69.3 69.2 69 68.9 68.7
101.4 101 100.4 99.8 98.5 96.5 94.5 92.2 90.2 88.4 86.6 85.2 86 86.6 87.1 87.5 87.4 86.9 86.1 85.2 85.3 84.9 84.5 84 83.5 82.9 82.3 81.6 80.9 80.4 79.9 79.4 79.8 80.1 78.7 77.3 78 79.2 79 78.8 78.6 78.5 78.2 77.9 77.7 77.4 76.3 75.2 74.8 74 73.5 73.7 74 74.1 75 75.2 75.5 75.6 75.4 75.2 75.2 75.2 74.9 74.6 74.5 74.1 73.7 73.6 73.4 73.2 73 72.8 72.6 72.4 72.1 71.8 71.5 71.1 70.6 70 69.6 69.3 68.8 68.7 68.5 68.4
101.1 100.9 100.3 99.6 97.9 96 94 91.7 89.5 87.8 86.2 84.6 84.9 85.4 85.8 86.2 85.8 85.3 84.7 84.3 84.6 84.2 83.7 83.2 82.6 82.1 81.6 80.9 80.3 79.8 79.3 79.1 79.5 79.7 78.1 77 77.9 78.7 78.4 78.2 78 77.8 77.6 77.3 77.1 76.8 76.6 75.5 74.8 74.1 73.7 73.4 73.5 74.3 74.6 74.9 75.2 75.1 74.9 74.9 74.9 74.8 74.6 74.3 74.1 73.9 73.5 73.3 73.1 73 72.8 72.6 72.4 72.1 71.8 71.6 71.3 70.8 70.3 69.9 69.8 69.4 68.9 68.4 68.2 68
100.7 100.6 100.1 99.1 97.2 95.4 93.4 91.1 88.9 87.4 85.8 84.1 83.3 84 84.5 84.7 84.1 83.8 83.6 83.7 83.9 83.5 83 82.4 81.9 81.3 80.8 80.2 79.7 79.2 78.7 78.8 79.2 79.1 77.7 76.4 77 77.6 77.8 77.6 77.4 77.2 76.9 76.7 76.4 76.2 75.9 75.7 74.9 74.2 73.9 73.5 73.8 74.3 74.5 74.8 74.9 74.7 74.6 74.6 74.5 74.5 74.3 73.9 73.8 73.7 73.3 73 72.9 72.7 72.5 72.3 72.2 71.9 71.6 71.4 71.1 70.6 70.2 70.1 69.9 69.5 69 68.5 68 67.7
100.4 100.2 100 98.4 96.6 94.9 92.5 90.1 88.5 86.9 85.4 84 82.4 82.9 83.5 83.6 83.4 83.1 83 83.2 83.1 82.9 82.4 81.9 81.4 80.8 79.9 79.8 79.2 78.7 78.2 78.5 78.7 78.4 77.4 76.2 75.8 76.8 77 76.9 76.8 76.6 76.3 76.1 75.8 75.5 75.5 75.4 74.9 74.2 73.9 73.6 74 74.2 74.4 74.6 74.4 74.4 74.3 74.2 74.2 74.4 74.1 73.7 73.6 73.6 73.1 72.8 72.6 72.4 72.3 72.1 71.9 71.7 71.4 71.2 70.9 70.5 70.4 70.3 70 69.5 69.1 68.6 68.1 67.6
100 99.7 99.3 98.1 96.2 93.8 91.5 89.6 87.8 86.1 85 83.7 82.1 82.1 82.5 82.8 82.6 82.4 82.4 82.5 82.3 82.1 81.9 81.4 80.7 79.6 78.8 79.4 79 78.2 77.8 78 78.5 77.6 76.6 75.8 74.9 75.9 76.2 76.1 76 75.9 75.7 75.3 75.3 75.2 75.1 75 74.9 74.1 73.9 73.7 73.9 73.8 74.2 74.2 74.2 74.1 74 73.9 74 74.2 73.9 73.5 73.4 73.3 72.9 72.6 72.4 72.2 72 71.8 71.7 71.4 71.2 70.9 70.7 70.6 70.5 70.4 70.1 69.6 69.1 68.6 68.1 67.6
99.4 99 98.5 97.1 94.8 92.4 90.2 88.8 87.1 85.6 84.7 83.5 82.2 81.5 81.5 81.9 81.9 81.7 81.8 81.7 81.6 81.3 81.1 80.4 79.4 78.5 77.7 78.9 78.8 78 78.3 78 77.9 76.9 76.1 75.7 74.6 75 75.1 75 74.9 75.2 75.1 75 74.9 74.8 74.8 74.7 74.6 74.1 73.7 73.4 73.4 73.6 73.4 73.9 73.9 73.7 73.6 73.7 74.1 74 73.8 73.3 73.3 73 72.6 72.3 72.4 72.2 72 71.8 71.6 71.3 71.1 70.9 70.7 70.8 70.7 70.6 70.2 69.7 69.2 68.7 68.2 67.6
98.8 98.4 97.8 95.6 93.3 90.8 89.3 87.8 86.4 85.3 84.4 83.2 82.2 81.5 81.2 80.9 81.1 81.1 81 81 80.8 80.6 80.2 79.3 78.3 77.4 76.6 78.3 78.5 78.2 75 75.1 75.1 76.2 76 75.5 74.6 73.9 74.1 74.1 74.9 74.9 74.7 74.6 74.6 74.5 74.4 74.3 74.3 74 73.6 73.1 72.9 73 72.8 73.7 73.5 73.4 73.4 73.7 74 73.9 73.6 73.1 73.1 72.7 72.2 72.1 72.3 72.2 72 71.8 71.2 71.2 71.1 70.8 70.6 70.7 70.9 70.8 70.3 69.8 69.3 68.7 68.2 67.7
98 97.9 96.7 94.5 92.5 89.5 88 86.8 85.7 84.9 83.9 83 81.9 81.4 81.1 80.9 80.6 80.3 80.3 80.2 80 79.5 79.1 78.5 77.5 76.1 75.1 75 75.1 75.1 75.1 75.1 75.1 75.8 75.7 75.4 74.3 73.5 73.5 74.4 74.7 74.6 74.3 74.3 74.2 74.1 74.1 74 73.9 73.8 73.5 72.8 72.4 72.3 72.2 73.2 73.2 73.1 73.4 73.8 73.8 73.7 73.4 72.9 72.8 72.4 71.9 71.9 72.1 72.1 71.9 71.6 71 71 71 70.8 70.5 70.7 70.8 70.7 70.3 69.8 69.3 68.8 68.3 67.7
97.4 97.3 95.3 93.2 90.9 88.4 87.3 86.1 85.2 84.3 83.5 82.5 81.8 81.3 81 80.8 80.4 80 79.6 79.3 78.9 78.5 78.1 77.7 77.3 77.2 77.2 75.1 75.1 75 75 76.1 75.3 75 74.9 74.5 73.8 73.2 73.1 73.7 74.4 74.3 74 73.9 73.9 73.8 73.7 73.6 73.5 73.5 73.3 72.6 71.9 71.9 71.9 72.8 73.2 73 73.4 73.8 73.7 73.5 73.3 72.7 72.5 72 71.6 71.7 71.9 72.1 71.9 71.2 70.8 70.8 70.8 70.7 70.5 70.6 70.7 70.2 70 70 69.6 69 68.5 68
96.7 96 93.5 91 88.9 87.7 86.5 85.4 84.6 83.8 82.9 82.2 81.7 81.3 80.9 80.6 80.2 79.8 79.5 78.9 78.4 77.9 77.8 77.9 77.8 77.9 78 78.2 76.3 76.8 76.1 75.7 75.1 74.3 74.1 73.9 73.4 73.1 72.9 73.1 73.4 74 73.8 73.5 73.5 73.4 73.4 73.3 73.3 73.3 73.2 72.7 72.2 71.6 71.8 72.1 73.3 73.4 73.4 73.6 73.5 73.3 73.1 72.5 72.2 71.7 71.3 71.4 71.6 71.9 71.6 70.8 70.6 70.6 70.6 70.6 70.4 70.5 70.2 69.7 69.5 69.5 70 69.5 68.9 68.2
96.2 94 91.4 88.7 87.5 86.6 85.8 84.9 84 83.2 82.3 82 81.6 81.2 80.8 80.4 80.2 79.9 79.4 78.9 78.3 78.8 78.8 78.5 78.4 78.5 78.6 78.5 77.8 77.5 76.8 76.3 75.5 74.3 73.6 73.1 73.3 73.1 72.9 73 73.2 73.4 73.6 73.1 73.1 73.1 73.1 73.1 73.2 73.2 73 72.5 72 71.6 71.4 71.4 73.4 73.5 73.4 73.5 73.3 73.2 72.9 72.3 71.8 71.4 71 71.2 71.3 71.3 70.9 70.5 70.4 70.4 70.4 70.5 70.3 70.4 69.6 69.3 69 69.1 69.6 69.7 69 68.2
92.5 91.1 88.9 87.3 86.4 85.5 84.7 84.1 83.3 82.5 81.8 81.6 81.3 81 80.8 80.6 80.3 80 79.4 78.8 79.4 79.8 79.6 79.3 79.1 79.2 79.2 78.5 78 77.5 76.8 76.1 75 74 73.4 72.9 72.8 72.6 72.8 73 73.2 73.1 72.9 72.8 72.8 72.9 73 73 73.1 73.1 72.9 72.4 71.9 71.4 70.2 71 73.3 72.9 73.1 73.4 73.2 73.1 72.5 72.2 71.7 71.2 70.9 70.9 70.9 70.7 70.5 70.3 70.1 70.2 70.2 70.3 70.3 69.9 69 68.8 68.5 68.7 69.3 69.7 69 68.3
88.3 87.7 87 86.1 85.2 84.4 83.7 83.1 82.5 81.7 81.4 81.2 80.9 80.8 80.8 80.6 80.5 79.9 79.4 79.8 80.1 80.1 80.1 80 79.8 79.8 79.2 78.2 77.3 76.5 75.8 75.3 74.4 73.7 73.1 72.7 72.6 72.7 72.7 72.5 72.6 72.6 72.4 72.4 72.4 72.5 72.9 72.9 73 73 72.8 72.3 71.8 71.3 70.8 71 72.2 72.7 72.9 73.1 73.1 72.7 72.4 72 71.6 71.1 71 71 70.9 70.7 70.5 70.3 69.9 69.8 69.8 69.9 70 69.3 68.5 68.3 68.1 68.3 69 69.5 69.1 68.3
86.6 86.2 85.8 85 84.1 83.2 82.7 82.1 81.6 81.3 81.1 80.9 80.8 80.8 80.8 80.7 80.3 79.9 80 80.3 80.6 80.4 80.4 80.5 79.9 78.9 78.1 77.1 76.3 75.5 74.9 74.3 73.7 73.4 72.9 72.4 72.3 72.1 71.7 72 72.3 72.1 72.1 72.1 72.1 72.2 72.5 72.8 72.9 72.9 72.7 72.2 71.7 71.2 70.8 70.9 71.3 73.2 73.1 73.1 73 72.6 72.3 71.9 71.4 71.1 71.1 71 70.9 70.8 70.5 70.4 70 69.4 69.4 69.5 69.2 68.5 68.3 68.1 67.9 68.1 68.7 69.3 69 68.4
84.9 84.8 84.7 83.8 83 82.3 81.7 81.1 81 81.3 81.1 80.9 80.9 80.8 80.8 80.7 80.3 80.3 80.5 80.7 80.8 80.6 80 79.2 78.4 77.5 76.9 76.1 75.2 74.5 73.9 73.3 72.8 72.7 72.6 72.3 71.8 71.4 71.5 71.8 71.8 71.7 71.7 71.7 71.7 71.9 72.2 72.5 72.8 72.8 72.5 72 71.6 71.3 71 70.8 71.1 72.3 73.2 73.2 72.9 72.5 72.2 71.8 71.3 71.3 71.2 71.1 71 70.9 70.6 70.4 70.1 69.5 69 69.1 68.5 68.3 68 67.8 67.6 67.9 68.5 68.8 68.7 68.5
83.1 83.4 83.5 82.2 81.3 81.2 80.7 80.6 81.1 81.3 81 81.2 81.2 81 80.9 80.9 80.8 80.8 81 81 80.3 79.8 78.7 77.7 76.9 76.1 75.5 74.9 74.2 73.6 73.1 72.4 72.1 72 71.8 71.7 70.8 71.7 71.2 71.4 71.4 71.4 71.4 71.4 71.4 71.6 71.9 72.2 72.5 72.7 72.4 72 71.7 71.4 70.8 68.6 70.8 72.4 73.2 73.1 72.8 72.4 72.1 71.6 71.4 71.3 71.2 71.1 71 70.9 70.7 70.4 70.2 69.6 68.9 68.4 68.2 68 67.8 67.6 67.4 67.7 68.2 68.1 68.3 68.2
81.4 81.9 82.1 81.3 79.5 80.5 80.2 80.7 81.2 81.3 81.2 81.4 81.4 81.3 81.3 81.4 81.3 81.3 81.3 80.6 79.7 78.5 77.4 76.3 75.3 74.6 74.2 73.8 73.5 73.1 72.6 71.9 71.9 71.8 71.6 71.4 71.3 71.1 71 71.1 71.1 71.1 71 71 71 71.2 71.6 71.9 72.2 72.5 72.4 72.1 71.8 71.3 70.7 70.2 70.7 72.2 71.6 73 72.6 72.3 71.9 71.5 71.5 71.4 71.2 71.1 71 70.9 70.8 70.6 70.2 69.6 69 68.6 68.2 67.8 67.6 67.4 67.2 67.5 67.5 67.8 68.1 68
79.9 80.5 80.3 79 78.8 80 80.4 80.8 81.3 81.3 81.5 81.7 81.7 81.6 81.9 81.9 81.8 81.6 80.7 79.9 78.6 77 75.9 74.9 74.2 73.7 73.3 73.2 73 72.5 72 71.7 71.7 71.6 71.5 71.3 71.1 71.1 71.2 70.9 70.7 70.7 70.7 70.7 70.7 70.9 71.2 71.6 71.9 72.3 72.1 72 71.8 71.3 70.8 70.3 70.5 71.5 72.9 73 72.6 72.2 71.8 71.6 71.5 71.4 71.3 71.2 71.1 71 70.9 70.7 70.3 69.8 69.3 68.9 68.5 68.1 67.7 67.3 67 67.1 67.4 67.7 68 67.8
78.5 79.2 79.1 78.5 78.9 79.6 80.5 80.9 81.4 81.5 81.7 81.9 82 82.1 82.4 82.3 82.3 81.8 80.3 79.2 77.5 75.6 74.9 74.3 73.6 72.9 72.7 72.6 72.4 72 71.5 71.4 71.4 71.3 71.3 71.2 70.9 70.9 70.8 70.7 70.6 70.4 70.3 70.3 70.3 70.6 70.9 71.3 71.7 71.9 71.8 71.7 71.6 71.1 70.6 70.2 70.1 69.7 71.2 71.8 71.6 71.5 71 71.2 71.2 71.2 71.1 71.1 71.1 71 70.9 70.8 70.4 70 69.6 69.2 68.7 68.3 67.8 67.4 66.9 67 67.2 67.5 67.8 67.5
75.4 78 78.9 79.2 79.9 80.5 81 81.3 81.7 81.5 81.9 82.2 82.3 82.6 82.9 82.8 82.7 81.9 80.7 79.6 78.1 76.3 74.9 74.2 73.6 72.8 72 71.9 71.8 71.5 71.1 71.2 71.2 71.1 71 70.8 70.8 70.7 70.6 70.7 70.3 70.2 70.1 70 70 70.3 70.7 71.1 71.5 71.6 71.4 71.5 71.5 70.9 70.4 70 69.8 70.1 70.4 71.2 71.3 71.8 71.5 70.8 70.9 70.9 70.8 70.8 70.8 70.7 70.7 70.5 70.1 70 69.5 69.1 68.6 68.1 67.7 67.2 66.8 66.8 67.1 67.4 67.7 67.3
77.6 78.3 79.3 80.3 81 81.5 81.6 81.9 82.1 81.8 81.6 82.1 82.9 83.1 83.3 83.6 83.9 83.4 82.4 81.2 79.8 77.4 75.7 74.3 73.7 72.8 71.7 71.2 71.3 71 70.9 71 71 70.9 70.8 70.9 70.8 70.7 70.5 70.9 70.2 69.9 69.8 69.8 69.7 70.1 70.5 70.9 71.4 71.2 71.2 71.3 71.3 70.8 70.3 69.8 69.4 69.4 69.9 70.8 71.2 71.6 70.4 70.5 70.5 70.6 70.6 70.6 70.5 70.5 70.4 70.1 70 69.8 69.4 68.9 68.5 68 67.5 67.1 66.6 66.7 67 67.2 67.5 67.1
78.3 79 79.9 81.3 82.1 82.2 82.3 82.4 82.4 82.3 82.5 83.1 83.8 84.9 85.9 85.6 85.8 85.1 84.1 82.8 81.4 78.9 76.5 74.4 73.7 72.8 71.9 71.5 71.4 71 70.9 70.8 70.7 70.6 70.5 70.4 70.3 70.2 70.1 69.8 70.1 69.7 69.7 69.7 69.5 69.9 70.3 70.8 71 70.9 71 71.1 71.2 70.7 70.1 69.6 69.2 69.1 69.7 70.8 71 71.2 71.4 70.9 70 70.2 70.3 70.3 70.3 70.3 70 69.9 69.8 69.7 69.2 68.8 68.3 67.9 67.4 66.9 66.5 66.6 66.8 67.1 67.3 67
79.3 79.8 80.8 82.3 83 83 83.1 83.1 83.1 83.2 83.8 85.2 86.4 87.5 88.4 88.5 87.6 86.8 85.2 83.9 81.9 79.4 77.3 75.2 73.8 72.9 72.3 71.8 71.6 71.6 71.5 72 71.3 70.9 70.5 69.6 69.6 69.8 69.9 69.3 69.9 69.7 69.7 69.7 69.3 69.7 70.2 70.6 70.7 70.8 70.9 71 71.1 70.5 70 69.4 68.5 69 69.9 70.6 70.9 71 71.1 71.5 69.9 69.9 69.8 70 70.1 69.9 69.9 69.8 69.7 69.6 69.1 68.6 68.2 67.7 67.3 66.8 66.3 66.5 66.7 67 67.1 67.5
80.4 81.5 82.7 84 84.6 84.6 84.5 84.1 84 84.7 85.7 87.7 89.6 91.5 92 91.1 89.5 88.3 86.4 84.6 82 79.6 77.5 75.5 73.9 73.4 72.9 72.4 72.2 72.2 72.1 71.9 71.4 70.8 70.5 69.9 69.5 69.6 69.8 70.2 70 69.8 69.7 69.5 69.1 69.5 70 70.4 70.5 70.6 70.7 70.8 70.9 70.4 69.8 69.3 68.9 68.9 69.7 70.4 70.6 70.6 70.7 70.6 70.3 70.4 70.5 70.2 69.9 69.8 69.7 69.7 69.6 69.4 69 68.5 68 67.6 67.1 66.7 66.2 66.3 66.6 66.7 66.8 67.2
82.9 83.5 84.6 85.7 86.3 86.6 85.5 86.5 84 85.9 88.3 91 93.3 95.3 94.8 93.5 91.8 89.8 87.7 84.8 82.2 79.6 77.4 75.3 74.4 74.3 73.8 73.3 73.2 73 72.6 72 71.5 70.9 70.4 70.4 70.1 69.6 69.6 70.1 70.1 69.9 69.7 69.2 68.9 69.3 69.8 70.1 70.3 70.4 70.5 70.6 70.8 70.2 69.8 69.5 68.9 68.7 69.2 69.6 70 70.3 70.3 70.2 70.3 70.3 70.2 70.1 69.8 69.6 69.6 69.5 69.4 69.3 68.8 68.4 67.9 67.4 67 66.5 66.1 66.2 66.4 66.5 66.5 66.8
86.4 86.8 87.7 88.8 89 88 86.4 86 86.6 87.8 90.7 93.6 96 97 96.3 95.1 93.3 91.2 88.6 85.4 81.8 78.7 77 75.3 75.2 75.2 74.7 74.4 74.2 73.4 72.3 71.9 71.3 70.7 70.2 70.3 69.9 69.5 69.6 69.9 70.3 70.1 69.6 69 68.6 69 69.3 69.7 69.9 70.1 70.2 70.4 70.6 70.3 70 69.6 68.8 68.4 68.7 69 69.4 69.7 70.1 70.1 70.1 70 69.9 69.8 69.7 69.4 69.4 69.4 69.3 69.1 68.7 68.2 67.8 67.3 66.8 66.4 65.9 66 66.1 66.2 66.3 66.4
90.8 90.9 91.1 91.5 91 89.2 87.9 87 88.8 89.9 92.5 94.9 97.3 97.9 97.7 96.4 94.5 92.5 89.4 85.3 81.3 79.1 77.8 76.5 76.5 76.2 75.6 75.1 74.2 73.2 72 71.6 71.1 70.6 70 69.8 69.3 69 69.3 69.6 69.8 70 69.3 68.9 68.6 68.5 68.9 69.3 69.5 69.6 69.8 70 70.2 70.5 70.2 69.5 68.8 68.2 68.3 68.6 69 69.3 69.7 69.9 69.8 69.7 69.6 69.6 69.5 69.3 69.2 69.2 69.2 69 68.5 68.1 67.6 67.2 66.7 66.2 65.8 65.7 65.8 65.9 66 66.1
94.4 95.1 94.9 93.4 91.5 89.8 88.8 90 90.9 91.9 93.9 96.3 98.1 98.8 98.9 97.6 95.6 93.3 89.4 85.3 83.1 81.3 79.9 78.5 77.7 76.9 76.1 75.2 74.2 73 71.7 71.3 70.8 70.2 69.6 69 68.7 68.8 69 69.4 69.5 69.6 69.2 68.9 68.6 68.5 68.5 68.8 69 69.2 69.4 69.5 69.8 70 70.1 69.2 68.6 67.9 68.1 68.2 68.6 68.9 69.4 69.7 69.5 69.3 69.3 69.3 69.2 69.1 69 69 69 68.9 68.5 68.1 67.7 67.3 66.8 66.4 66.2 66.1 65.8 65.6 65.3 66.1
96.6 96.2 95.8 94.6 92.7 90 91.2 92.2 93.2 94.2 95.9 97.3 98.6 99.4 99.5 98.5 96.7 93.8 90.8 88.4 86.9 84.7 82.4 79.9 78 77.2 76.1 74.8 73.4 72.3 71.4 71 70.4 69.7 68.9 69.1 68.9 69 69 68.6 69.5 69.6 69.3 68.9 68.7 68.5 68.3 68.4 68.6 68.7 68.8 69.1 69.3 69.9 70.1 69.2 68.5 66.6 67.8 67.9 68.2 68.6 69.1 69.3 68.9 69.1 69 69 68.9 68.8 68.8 68.8 68.8 68.7 68.6 68.3 67.9 67.4 67 66.6 66.6 66.6 66.3 66.1 66.4 65.5
