app/static/ascii/SS21.asc
ncols 200
nrows 200
xllcorner 220000
yllcorner 110000
cellsize 50
[rows 70 to 104 of 200, columns 79 to 157 of 200]
126.5 131.9 138.3 143.5 145.4 152.5 160.8 170.1 175.9 178.5 178.2 176.4 173.1 170.7 168.4 167.4 169.1 171.9 175.3 178.7 180.1 180 179.5 179 180.4 181.2 183.4 184.9 186.4 188.9 190.8 192.4 196.1 201.6 205.8 209.2 211 212.3 212.9 212.3 211.9 211.6 211.1 210.6 210.6 210.8 210.7 210.6 210.6 210.5 210.3 210.3 210.4 209.5 208.4 207.1 205.8 204.7 203.6 202.5 201.5 200 199.6 199.3 199.9 200.3 201.4 202 203.5 205.2 206.6 207.4 208.7 209.8 210.4 210.9 211.3 211.4 211.7
112.6 118.1 124 129.4 135.6 144 155.3 165.7 171 173.3 172.1 168.6 164.8 160.6 155 153.8 159.2 164.4 168.4 171.9 174.6 175.6 173.7 171.4 175.8 178.1 179.8 181.7 181.8 185 186.1 191.8 196.1 201.4 205.8 209.4 211.2 212.3 212 211.2 210.9 210.4 209.8 209.3 209.1 209.4 209.3 209.2 209.1 209 208.8 209 209.2 208.1 207 205.8 204.6 203.3 202.1 200.8 199.6 198.9 198.5 198.2 198.4 200 200.4 201.1 202.5 203.8 205.5 207.2 208.6 209.9 211.2 211.8 211.9 212 211.9
105 107 113.7 119.2 128.5 137.6 150.9 161.3 166.4 166.9 161.7 154.9 147.6 144.3 145.5 156.4 153.4 153.6 160.1 164.7 167.8 163.6 170.8 177.2 181.1 183.8 185.9 187.6 188.6 190 190.6 192.8 196.9 201.6 206.1 209.5 211.3 211.7 210.9 210.2 209.6 209.1 208.5 208 207.8 208.1 207.9 207.8 207.6 207.5 207.5 207.8 207.8 206.6 205.5 204.4 203.3 202.1 200.9 199.7 198.6 197.8 196.9 196.8 196.7 198 199.1 200.5 201.9 203 203.8 205.6 207.8 209.2 210.5 211.5 212.1 212.5 212.2
104.3 106.8 109.6 111.8 120.7 130.2 144 156.2 159.5 150 142 136.9 142.1 157.4 166.2 167.6 168.7 168.1 165.9 165 161.7 170.7 176.4 179.5 183.2 185.7 188.2 190.1 191.6 192.9 193.8 196 199 202.8 207.2 209.2 211.4 211.4 210.9 210.2 209.2 208.3 207.7 207.2 206.8 206.5 206.6 206.4 206.2 206 206.3 206.6 206.3 205.3 204.2 203.1 201.6 200.1 198.9 197.8 196.7 196.3 195.7 194.9 195.6 196.9 197.5 199.3 201.1 203.4 204.9 205.8 206.9 209 210.7 211.7 212.3 212.5 212.6
110.6 109.4 110.8 112.1 113.6 122.6 138.3 149 137.9 131.8 143.7 155.9 162.5 167.7 172.1 175.3 176.6 177 175.7 173.9 170.3 166.6 176.3 180.8 184.6 187.3 189.9 192.2 194 195.4 197 199.3 201.7 205.6 208.3 210.7 211.9 211.8 211.2 210.3 209.2 208.2 207.2 206.7 206.2 205.7 205.2 205.1 204.7 204.5 205.1 205.1 204.7 203.9 202.9 201.7 199.6 198 196.8 195.7 194.9 194.5 194.2 194.2 195.3 196.6 197.7 199.2 201 203.5 205.8 206.7 207.3 209.1 210.9 212.1 212.2 212.3 212.4
121.1 113.2 117.3 116.9 115.2 118 127.4 129.2 130.3 145.7 159.2 164.5 168.9 172.9 176.9 179.7 181 180.5 180 180.4 179.1 175 175.5 181.7 185.7 188.1 190.7 193.9 196.3 198.1 200.1 202 204.3 207.6 209.8 211.2 212.4 212.3 211.6 210.5 209.5 208.5 207.5 206.5 205.8 205.3 204.8 203.9 203.5 203.1 203.8 203.2 202.6 201.7 200.2 198.7 197.2 196 195.1 194 193.6 193.2 193.1 194.4 195.5 196.8 198.9 201.3 202.6 204 206 207.8 208.8 210.3 211.9 212.9 212.7 212.6 212.1
130.4 118.5 128 134.1 132.3 118.6 121.2 130.3 146.9 156.2 162.4 167.4 171.4 175.5 179.7 183.3 185 185 184.3 185.2 184.7 181.9 175.6 176.4 182 185.9 189.5 192.7 195.9 198.1 200.5 202.7 205 207.6 210 211.7 212.8 213.1 212.2 211.1 210 209 208 207.1 206.3 205.3 204.6 203.5 202.2 201.9 201.3 200.5 199.8 199.1 197.5 196.5 195.4 194.5 193.5 192.3 192.3 192 193 194.5 195.8 197.3 200.3 203 204.5 206 207.4 208.9 210.5 212.2 213.7 214 214 213.3 212.4
140.7 128.7 134.3 142.1 144.7 137.4 124.9 131.2 150.3 157.6 163 167.5 171.4 175.1 180 184.3 186.8 187.9 188.9 189.4 188.6 186.8 184.8 181.7 181 181.4 185.2 189.4 192.6 195.4 198 200.5 203.2 205.9 208.4 210.8 212.6 213.2 212.9 211.7 210.6 209.5 208.5 207.7 206.9 206.1 205 203.5 201.9 200.3 199.5 198.6 198 197.2 196.7 195.3 194 192.1 191.2 191 191.1 191.3 192.9 194.4 195.9 198.1 201.6 204.2 206.4 208.6 210.1 211.7 213.6 214.9 215.5 215.3 214.5 213.8 212.7
145.4 137.4 133.6 144.5 148.7 148.1 137.2 133.6 152.1 157.3 162.4 166.6 170.6 174.7 179.4 184.3 187.7 190.2 191.5 192.1 191.2 190.4 188.5 187.8 188.1 187.9 186.4 189.4 191.3 191.9 194.9 197.9 201.2 204.4 206.9 209.9 212.1 213 213.1 212.4 211.3 210.2 209 208.2 207.5 206.9 205.7 204.4 203.1 201.8 199.9 198.6 198 197.1 196.1 195.6 194.1 192.8 191.9 190.4 190.1 191.4 193 194.5 196.1 198.5 201.6 204.4 207.1 209.4 211.6 214.1 215.8 216.5 216.7 215.8 214.8 213.5 212.3
150.2 144.7 136.9 149.1 152.8 153.5 142.3 134.4 154.5 160.5 164.4 168 171.3 174.6 179.3 183.9 188.2 190.9 193.4 194.2 193.5 192.8 192.9 192.3 192.4 191.8 190.7 192.9 194.7 196.3 198.9 200 203.2 206 207.7 210.2 212.7 214 213.6 213 212 211 210.2 209.2 208.5 208 206.9 205.7 204.4 203.1 201.5 200.5 199.2 197.7 196.6 195.5 194.5 193.4 192.2 190.5 191 192.2 193.3 194.9 196.5 198.8 201.3 203.8 207.5 210 212.2 214.1 215.8 216.5 216.6 215.4 214.1 212.8 211.7
155.1 150.4 140.2 152.3 155.7 156.2 151.7 130.5 151.7 160.9 165.7 168.8 172.1 175.6 179.2 183.9 188.6 191.7 194.5 195.8 196.2 197.2 196.4 195.6 195.9 195.6 195.2 196.4 199.1 200.4 202.4 203.2 206 208.6 210.9 212.7 214.3 215.3 215.4 214.2 213.1 212.2 211.4 210.4 209.6 209.1 208.1 206.9 205.7 203.9 201.5 199.7 198.8 197.4 195.6 194.5 193.4 192.7 191.2 189.3 190 192.5 194.3 195.9 197.6 199.8 201.7 203.4 206.4 209.5 211.8 213.6 215 215 215 214 212.9 212 210.8
152.6 148.6 142.6 151.7 155.4 157.8 157.2 137.2 149.5 160.8 166.2 169.6 172.5 175.6 179.2 183.9 188.6 193 196 197.5 198.8 199.6 198.9 198.7 199 199.1 199.2 200.4 202.4 204 205.2 206.7 209.3 211.8 214.1 215.6 216.7 217.5 217.2 216.3 215 214.1 213.4 212.6 211.4 210.4 209.1 207.6 206.5 204.2 201.6 199.1 197.1 196.2 194.7 193.6 192.4 191.1 189.9 187.9 190.4 193.1 195.8 198.3 200.3 201.9 203.4 205.1 207 209.5 211.4 213.2 213.9 213.7 213.3 212.4 211.4 210.5 209.5
155.8 151.3 147.3 151.3 155.5 159.1 160 148 141.7 157.8 163.9 167.1 170.3 174.1 178.9 184 188.8 193.7 197 199.4 200.5 201.3 201.5 200.7 200.9 201.7 202.6 203.7 205.4 206.9 209.3 210.5 212.4 214.4 216.2 217.7 218.4 219 218.5 218 217.5 216.5 215.1 213.5 212 210.2 208.7 207.3 205.7 203.5 200.3 198.1 198.7 197 196.1 194.9 193.8 191.5 189.4 187.7 190.5 194.3 198.3 201.1 203.2 205 206.5 208.1 209.1 210.3 212.1 212.6 212.7 212.7 211.7 210.8 209.9 209 208
161.2 157.3 152 152.3 156.4 160.3 161.8 158 142.5 147.8 156.9 161.5 166.9 171.5 177.2 181.9 187.9 191.8 196.5 198.6 200.5 201.5 202 202.4 203.4 203.3 204.8 206.5 208.2 210 211.6 213.3 214.7 216.3 217.8 219 219.8 220.3 219.7 219.2 218.6 216.5 215.1 213.7 211.3 209.2 207.3 205.6 204.5 203 202.7 201.6 200.9 199.7 198.6 197.2 195.9 193.5 190.9 187.4 192 197.3 201.1 203.7 205.8 207.6 209.1 210.6 211.4 212.1 212.7 212.5 212 211.1 210.1 209.3 208.4 207.4 206.5
165.9 162.2 157.9 154 158.8 163.6 165.9 165.8 155.6 142.9 146.7 150.9 158.7 167.4 173.2 178.5 184.3 188.6 193.6 196.7 197.8 198.5 199.4 199.9 200.8 202.1 204.5 206.3 208.4 210.3 212 213.7 215.8 217.2 218.7 220 221 220.9 220.5 220.1 219.6 217.4 216 213.9 212 210.3 208.2 207.2 206.6 206.1 205.6 205.4 205.3 203.8 201.4 200.5 198.8 196.2 192.7 186.7 192.6 199 202.7 204.8 206.8 208.8 210.6 211.5 212.1 212.5 212.4 211.8 210.6 209.5 208.6 207.6 206.4 205.6 204.7
170.2 167.4 163.7 158.4 163 167.7 170.1 170.7 169 152.1 153.7 166 166.5 166.8 165.7 169.6 176.3 182.5 188.1 190.3 191.8 190.5 194.9 198.4 200.4 203.5 204.7 206.7 208.7 210.9 212.8 214.7 216.5 218.2 219.6 221.2 221.9 221.5 221.1 221.1 220.8 219 217.9 215.8 213.6 211.5 210.5 209.6 209.3 209.7 210.9 211.4 210.6 209.9 208.6 206.7 205.1 201.9 197.4 188.3 190.4 198.9 202.8 205.2 207.4 208.9 209.9 210.8 211.4 211.8 211.7 210.5 208.9 207.7 206 204 204 203.9 203.6
174.6 172.2 168.3 164.6 168.4 172.4 174.6 175.7 172.4 149.6 161.5 172.1 174.6 175.3 176.2 178.3 181.8 183.6 186.3 189.9 193.4 196.3 199.2 200.8 202.6 205.5 206.7 208.7 210.5 212.8 215.3 217.1 218.8 220.3 221.2 222.4 222.5 222.4 222.4 222.2 222 221.1 219.9 218.1 215.8 214.1 214 214.2 214.7 215.3 217 217.4 217.2 217.2 216.1 214.3 211.3 207.9 203.2 195.6 187.1 197.8 202 204.8 206.7 207.4 208 208.1 208.5 208.7 207.8 205.9 205.6 205 203.1 202 202.2 202.4 202.5
180.9 178 174.6 170.6 173.2 176.9 179.1 179.1 172.7 151 167 173.2 175.7 178.5 179.2 183.3 186.7 188.7 190.7 193.6 196.7 198.9 200.9 202.5 205 207 209 211.1 213 215.2 217.7 219.7 221.4 222.7 223.6 223.7 223.8 223.8 223.6 223.3 223.1 222.2 221.5 220.4 218.1 218 218.5 219.6 220.6 221.3 221.9 222.1 222.3 222 220.4 218.4 215.6 212 206.1 195.7 185.8 193.8 200.9 204.1 205.3 205.5 205.3 205.1 204.4 203.6 202.9 202.9 201.9 202 201 200.1 200.2 200.5 200.8
185.4 182.4 179.4 177.3 177.5 181.2 183 181 172.9 155 158.6 165.8 170.1 174.3 178.4 180.7 183.7 186.1 189.7 193.3 196.1 198.6 200.1 202 204.7 207.2 209.8 212.4 214.9 217.2 219.3 221.1 222.6 223.9 224.5 224.8 225 224.8 224.1 223.5 223.7 223.4 222.7 222 221.6 221.7 221.9 223.1 224.4 225.2 225.6 225.5 225.3 224.3 222.8 220.4 217.9 213.8 206.8 196.4 184.5 193.4 199.5 202 202.3 201.3 200.6 200.3 199.5 199.7 200 199.9 198.1 197.6 196.7 198.3 199 199.4 199.9
188.5 185.6 184.8 183.7 181.7 184.7 183.7 180.3 170.8 161.1 172.5 172.1 173.7 178 181.7 183.7 184.9 188.1 188.2 188.4 193.1 196.3 198.6 201.6 204.3 207 210.3 213.8 215.7 217.7 219.6 221.8 223.3 224.2 224.8 224.9 224.9 224.3 224.1 223.9 223.9 223.7 223.1 222.4 222.1 222.6 223.9 225.1 225.3 226.7 227.1 226.9 226.2 225.1 223.3 221.4 218.3 214 207.4 198 187 187 192.8 195.9 196.6 196.7 196.1 195.6 195.1 194 193.2 193.9 196.3 198 199.1 199.4 199.8 200.3 201.1
191.6 190.2 188 187.3 186.3 185.1 183 180.5 170.8 166.4 176.3 178.9 180.9 183.5 186.2 188.4 190.5 191.4 192.3 192.5 193.7 195.8 199 201.3 204.9 208.5 211.7 214.6 216.5 218.4 220.3 222.1 223 223.6 223.6 223.4 223.3 223.2 223.1 223 222.9 222.5 222.2 222 222.2 223.3 224.2 225 225.1 225.8 226.7 226.4 225 224.2 222.6 220.2 216.9 213.6 208.6 203.7 194.7 182.4 186.4 189.6 190.8 190.4 190.4 190.4 190.6 192.1 196.2 198.4 199.9 200.7 201.4 201 201.2 202 202.7
191.4 190.4 190.2 189.5 188.6 186.7 184.7 179.4 169.9 169.9 180.1 183.2 184.9 187.4 189.6 191.3 193.2 194.2 195.5 196.5 197 199.8 202 204.3 208.1 210.6 213.4 215.6 217.4 219.1 220.7 221.6 221.8 222 221.3 220.9 220.7 220.4 220.2 220.7 220.5 219.9 220 220.2 220.4 221.4 222.5 223.3 224.1 224.9 225 225.1 224.4 222.7 219.6 218 215 212.3 208.9 204.8 196.8 188.1 181 184.1 185.9 186.5 186.7 189.4 192.7 195.8 198.8 200.6 201.9 202.8 203.6 203.2 203.3 203.6 203.9
190.9 191.1 191.2 190.9 190 188.5 185.7 180 168.7 174.2 183 186.1 188.2 190 191.6 193.8 195.7 197 198.3 199.6 200.8 202.4 205.3 208.1 210.3 212.5 215 217 218.6 220 219.9 218.6 218.9 219.1 218.4 217.7 217.4 217.1 217 217.6 217.7 217.3 216.8 217.1 217.7 218.9 220.2 221.6 222.4 223.2 223.2 223.1 222.5 219.9 217.8 214.9 213.2 210.2 206.3 202.6 198.2 191.2 181.6 182 183.7 184.6 188.5 192.7 195.8 198.1 200.1 202.1 203.4 204.2 204.9 205 205.2 204.9 204.9
190.6 191 191.3 192 191.4 190.2 188.3 186.3 179.7 169.2 183.9 187.1 189.8 191.8 193.3 194.7 196.1 197.1 199.2 200.9 202.8 204.2 207.1 210.1 212.4 214.4 216.5 217.8 219.5 219.5 219.6 218.7 217.5 216.3 215.5 214.8 214.1 213.8 214 214.5 214.8 214.4 213.7 213.9 214.4 215.8 217.5 219.3 220.2 220.9 221.1 220.7 220.2 218.8 216.3 212 210.9 207.6 204.2 200.4 196 189.7 183.2 180 181.6 185.1 189.4 192.2 195.1 197.7 199.9 202.1 203.5 204.1 204.3 204.4 204.4 204.5 204.6
189.5 190.9 191.6 192.5 192.6 191.8 191.1 190 186.2 173.1 180.6 186.6 188.8 190.7 192.8 194 194.9 196.6 198.7 201.1 203.6 205.8 208.9 211.8 214.2 215.6 217 218.3 219.2 218.7 217.6 216.4 215.2 213.5 212.3 211.7 211.1 210.5 210.9 211.6 211.8 211.3 210.4 210.3 211 212.2 213.8 216.1 217.3 218.1 218.8 218.7 217.7 215.9 213.8 210.6 208.1 205 201.4 198.5 194 189.4 184.5 179.1 181.3 185.5 188.2 190.8 193.7 196.4 198.3 199.9 201 201.1 202 202.4 202.5 202.7 203.1
188.8 190.3 191.9 193.1 193.7 193.8 193 191.8 188.5 181.6 175.4 183.2 184.6 187.3 189 190.9 193.2 195.5 197.8 201.1 204.2 206.7 209.9 212.4 214 215.3 216.8 217 217.1 216.3 215.3 214.1 212.4 210.8 209.2 208.5 207.9 207.1 207.7 207.5 208.3 208.2 207.2 207 208 209 212.1 213.2 214.9 215.6 215.7 215.7 214.4 212.5 210.5 207.6 203.1 201.2 198.6 196.1 192.6 188.1 185.7 180.7 178.9 183.4 186.7 188.3 190.8 193.1 194.9 196.4 197.7 197.9 198.9 199.8 200.6 200.9 201.3
188.8 190.2 192 193.1 193.4 193.2 192.3 191.1 189 184.3 178.6 178 182.1 184.2 186.1 188.9 191.7 194.5 197.8 201.2 204.3 207.2 209.3 210.9 212.5 214.2 215 215.1 214.8 214 212.9 211.3 209.7 208 206.4 205.3 204.7 203 203.3 203.5 203.8 204.1 204.9 204.1 205.2 206.8 208.5 209.6 211.2 212.5 212.6 212.4 211.1 209.2 207.3 204.1 200.3 199.1 196.2 193.5 190.8 187.6 184.6 181.9 177 180.5 182.8 184.7 186.8 188.8 190.6 192.2 193.4 194.6 195.8 197 198.5 199.1 199.6
186.6 188.3 189.5 190.6 191.2 191.6 190.6 189.6 187.9 185.5 181.8 176.7 181.2 183.2 185.4 188.2 191.4 194.8 198 201.3 203.8 206.1 207.7 209 210.2 211.8 212.5 212.5 212.4 211.6 210.4 208.8 207 205.3 203.7 202.1 200.7 199.4 199.4 201.3 200.1 206.5 199.8 201.4 203 204.2 205.6 207.2 208.3 209.3 209.4 209.1 207.9 206.2 203.8 200.8 198.2 195.9 193.1 190 187.5 185.3 182.3 179.2 177 177.5 179.7 181.6 183.3 185.3 187.3 188.7 190.1 191.6 193.2 194.4 196 197.2 197.5
183.3 185.3 186.3 187.7 188.8 189.5 189.5 188.4 186.8 184.1 181.7 179.6 180.9 182.3 184.8 188 191.3 194.5 197.3 200.2 202.1 203.8 203.7 205.2 207.1 208.4 209.5 209.8 209.8 209 207.9 206.6 205 203.3 201.6 199.8 198.4 197.9 198 197.8 198.4 198.6 198.6 200 201.1 202.1 203 204.3 205.9 206.6 206.1 205.9 204.6 202.4 199.9 197.6 194.6 191.7 189.4 186.9 184.8 182.5 180.3 178.6 176.5 175.9 177.5 179.4 181.6 183.2 185.2 185.5 186.2 187.8 189.5 191.4 193.5 195.1 195.4
180.4 182.5 183.5 184.6 186.4 187.7 188.6 187.8 186 183.7 181.5 180.4 181.2 182.8 184.5 187.9 191 193.8 196.3 198.6 200 200.9 200.6 200.7 202.7 204.4 206.1 207.3 207.2 206.5 205.3 204.1 202.7 201.2 199.2 197.8 196.7 195.6 195.7 196.1 195.6 196.5 197.1 198.2 199.3 200.3 201.4 202.5 202.9 203.7 203.1 202.6 200.9 198.4 196.3 193.9 190.8 188.5 187.1 184.7 183.1 181 179.4 177.8 176.4 174.9 176.4 178.4 179.7 180.2 180.9 181.9 182.6 184.1 185.8 188.2 190.1 191.6 191.4
177.6 179.5 180.7 182.8 185.2 186.5 187.4 187.3 186.3 184.2 182.1 181.8 182.2 183.6 185.8 188.5 191.1 192.4 194.8 196 196.3 196 196.1 195.9 198.1 200.3 201.9 203.5 204.2 203.6 202.8 201.6 200.2 198.2 196.6 195.6 194.6 193.4 193.6 194 193.7 194.4 195.8 196.8 197.8 199 200.1 201.1 201.2 201 200.5 199.7 197.9 195.9 194 191.5 188.6 186.2 184.7 182.9 181.3 179.5 178.1 177.1 175.7 174.9 175.7 174.9 175.1 175.6 177 178.2 179.6 180.1 181.1 184.6 186.8 188.1 187.2
174.5 176.8 180 182.6 184.6 186.4 187.2 187.3 186.7 185.6 183.5 183 183.6 184.8 186 188.7 190.5 191.9 193 193.5 192.6 191.4 190.6 190.5 193 195.3 197.3 198.8 199.9 200.6 200.5 199.4 198 196.4 194.9 193.6 192.8 192.2 191.9 192.2 192.7 193.5 194.5 195.5 196.4 197.5 198.7 199.6 199.7 199.4 198.3 197.3 195.4 193.5 191.6 189.4 186.8 184.6 182.9 181.4 179.9 178.5 176.1 176 175.2 175 174.6 173.1 172.8 172.7 173.6 175.3 176 176.5 177 179.1 179.9 180.6 179.3
174.9 178.4 181.6 184.1 185.9 188 188.5 188.2 187.8 187.2 185.2 184.6 185 185.5 187.2 188.4 190 191.5 191.7 192.3 190.9 189.2 188.3 187.4 189.2 190.8 192.5 195.4 196.8 198.2 198.8 197.6 196.7 195.4 194.1 192.7 191.4 190.5 190.5 190.8 191.5 192.7 193.1 194.2 195 195.9 197.2 198 197.8 197.6 197 195.6 194 191.9 189.8 187.6 185.4 183.3 182.7 181.9 181 180.1 179.3 177.9 176.2 174.5 173.3 172.1 171.7 171.2 171.2 171.8 172.4 172.9 173.5 173 172.1 172.1 171.4
176 179.5 183 186.1 188 189.9 190.6 190.8 190 189.3 188.5 187.8 187 187.4 188.4 188.6 189.9 190 189.7 189.8 188.8 186 185.1 185.1 187.1 188.5 190 192.4 194.9 196.8 197.4 196.7 195.9 194.6 193.1 191.7 190.3 188 189.1 189.3 190.4 191.2 191.9 192.8 193.7 194.5 195.3 196.1 196.4 195.9 195.5 194.3 193.5 191.3 189.1 187 187.3 187.2 186.2 184.6 182.9 182.1 181.3 180.6 179.2 176.8 175.1 174 173 171.9 169.6 170.4 170.3 170.3 170.3 169.8 169.1 169 168.3
177.9 181 184.5 187.6 190.4 192.2 193.5 194.4 193.5 191.8 191.7 190.4 189.4 188.9 189.4 189.2 188.9 188.3 188 187.3 184.7 183.7 183.4 183.6 184.8 186.1 188.7 191.3 194.6 196.2 196.6 195.9 194.7 193.4 191.7 189.7 188.3 187.3 187.5 188.1 188.8 189.6 190.5 191.3 192.2 193.1 194 194.7 195.4 195.3 195.2 194.2 194.1 193.3 191.2 190.7 191.3 191.1 190.1 188.7 187.2 185.5 183.9 183 182 180.8 178.8 177.3 175.8 174 172.4 170.3 168.7 168.8 168.4 168.3 168.1 167.5 167.5
