app/static/ascii/SS22.asc
ncols 200
nrows 200
xllcorner 220000
yllcorner 120000
cellsize 50
[rows 37 to 73 of 200, columns 83 to 165 of 200]
-2.5 -2.5 -2.5 -2.5 -2.5 -2.5 -2.5 -2.5 -2.5 -2.5 -2.5 -2.5 -2.5 -2.5 -2.5 -2.5 -2.5 -2.5 -2.5 -2.5 -2.5 -2.5 -2.5 -2.5 -2.5 -2.5 -2.5 -2.5 -2.5 -2.5 -2.5 -2.5 -2.5 -2.5 -2.5 -2.5 -2.5 -2.5 -2.5 -2.5 -2.5 -2.5 -2.5 -2.5 -2.5 -2.5 -2.5 -2.5 -2.5 -2.5 -2.5 -2.5 -2.5 -2.5 -2.5 -2.5 -2.5 -2.5 -2.5 -2.5 -2.5 -2.5 -2.5 -2.5 -2.5 -2.5 -2.5 -2.5 -2.5 -2.5 -2.5 -2.5 -2.5 -2.5 -2.5 -2.5 -2.5 -2.5 -2.5 -2.5 -2.5 -2.5 -2.5
-2.5 -2.5 -2.5 -2.5 -2.5 -2.5 -2.5 -2.5 -2.5 -2.5 -2.5 -2.5 -2.5 -2.5 -2.5 -2.5 -2.5 -2.5 -2.5 -2.5 -2.5 -2.5 -2.5 -2.5 -2.5 -2.5 -2.5 -2.5 -2.5 -2.5 -2.5 -2.5 -2.5 -2.5 -2.5 -2.5 -2.5 -2.5 -2.5 -2.5 -2.5 -2.5 -2.5 -2.5 -2.5 -2.5 -2.5 -2.5 -2.5 -2.5 -2.5 -2.5 -2.5 -2.5 -2.5 -2.5 -2.5 -2.5 -2.5 -2.5 -2.5 -2.5 -2.5 -2.5 -2.5 -2.5 -2.5 -2.5 -2.5 -2.5 -2.5 -2.5 -2.5 -2.5 -2.5 -2.5 -2.5 -2.5 -2.5 -2.5 -2.5 -2.5 -2.5
-2.5 -2.5 -2.5 -2.5 -2.5 -2.5 -2.5 -2.5 -2.5 -2.5 -2.5 -2.5 -2.5 -2.5 -2.5 -2.5 -2.5 -2.5 -2.5 -2.5 -2.5 -2.5 -2.5 -2.5 -2.5 -2.5 -2.5 -2.5 -2.5 -2.5 -2.5 -2.5 -2.5 -2.5 -2.5 -2.5 -2.5 -2.5 -2.5 -2.5 -2.5 -2.5 -2.5 -2.5 -2.5 -2.5 -2.5 -2.5 -2.5 -2.5 -2.5 -2.5 -2.5 -2.5 -2.5 -2.5 -2.5 -2.5 -2.5 -2.5 -2.5 -2.5 -2.5 -2.5 -2.5 -2.5 -2.5 -2.5 -2.5 -2.5 -2.5 -2.5 -2.5 -2.5 -2.5 -2.5 -2.5 -2.5 -2.5 -2.5 -2.5 -2.5 -2.5
-2.5 -2.5 -2.5 -2.5 -2.5 -2.5 -2.5 -2.5 -2.5 -2.5 -2.5 -2.5 -2.5 -2.5 -2.5 -2.5 -2.5 -2.5 -2.5 -2.5 -2.5 -2.5 -2.5 -2.5 -2.5 -2.5 -2.5 -2.5 -2.5 -2.5 -2.5 -2.5 -2.5 -2.5 -2.5 -2.5 -2.5 -2.5 -2.5 -2.5 -2.5 -2.5 -2.5 -2.5 -2.5 -2.5 -2.5 -2.5 -2.5 -2.5 -2.5 -2.5 -2.5 -2.5 -2.5 -2.5 -2.5 -2.5 -2.5 -2.5 -2.5 -2.5 -2.5 -2.5 -2.5 -2.5 -2.5 -2.5 -2.5 -2.5 -2.5 -2.5 -2.5 -2.5 -2.5 -2.5 -2.5 -2.5 -2.5 -2.5 -2.5 -2.5 -2.5
-2.5 -2.5 -2.5 -2.5 -2.5 -2.5 -2.5 -2.5 -2.5 -2.5 -2.5 -2.5 -2.5 -2.5 -2.5 -2.5 -2.5 -2.5 -2.5 -2.5 -2.5 -2.5 -2.5 -2.5 -2.5 -2.5 -2.5 -2.5 -2.5 -2.5 -2.5 -2.5 -2.5 -2.5 -2.5 -2.5 -2.5 -2.5 -2.5 -2.5 -2.5 -2.5 -2.5 -2.5 -2.5 -2.5 -2.5 -2.5 -2.5 -2.5 -2.5 -2.5 -2.5 -2.5 -2.5 -2.5 -2.5 -2.5 -2.5 -2.5 -2.5 -2.5 -2.5 -2.5 -2.5 -2.5 -2.5 -2.5 -2.5 -2.5 -2.5 -2.5 -2.5 -2.5 -2.5 -2.5 -2.5 -2.5 -2.5 -2.5 -2.5 -2.5 -2.5
-2.5 -2.5 -2.5 -2.5 -2.5 -2.5 -2.5 -2.5 -2.5 -2.5 -2.5 -2.5 -2.5 -2.5 -2.5 -2.5 -2.5 -2.5 -2.5 -2.5 -2.5 -2.5 -2.5 -2.5 -2.5 -2.5 -2.5 -2.5 -2.5 -2.5 -2.5 -2.5 -2.5 -2.5 -2.5 -2.5 -2.5 -2.5 -2.5 -2.5 -2.5 -2.5 -2.5 -2.5 -2.5 -2.5 -2.5 -2.5 -2.5 -2.5 -2.5 -2.5 -2.5 -2.5 -2.5 -2.5 -2.5 -2.5 -2.5 -2.5 -2.5 -2.5 -2.5 -2.5 -2.5 -2.5 -2.5 -2.5 -2.5 -2.5 -2.5 -2.5 -2.5 -2.5 -2.5 -2.5 -2.5 -2.5 -2.5 -2.5 -2.5 -2.5 -2.5
-2.5 -2.5 -2.5 -2.5 -2.5 -2.5 -2.5 -2.5 -2.5 -2.5 -2.5 -2.5 -2.5 -2.5 -2.5 -2.5 -2.5 -2.5 -2.5 -2.5 -2.5 -2.5 -2.5 -2.5 -2.5 -2.5 -2.5 -2.5 -2.5 -2.5 -2.5 -2.5 -2.5 -2.5 -2.5 -2.5 -2.5 -2.5 -2.5 -2.5 -2.5 -2.5 -2.5 -2.5 -2.5 -2.5 -2.5 -2.5 -2.5 -2.5 -2.5 -2.5 -2.5 -2.5 -2.5 -2.5 -2.5 -2.5 -2.5 -2.5 -2.5 -2.5 -2.5 -2.5 -2.5 -2.5 -2.5 -2.5 -2.5 -2.5 -2.5 -2.5 -2.5 -2.5 -2.5 -2.5 -2.5 -2.5 -2.5 -2.5 -2.5 -2.5 -2.5
-2.5 -2.5 -2.5 -2.5 -2.5 -2.5 -2.5 -2.5 -2.5 -2.5 -2.5 -2.5 -2.5 -2.5 -2.5 -2.5 -2.5 -2.5 -2.5 -2.5 -2.5 -2.5 -2.5 -2.5 -2.5 -2.5 -2.5 -2.5 -2.5 -2.5 -2.5 -2.5 -2.5 -2.5 -2.5 -2.5 -2.5 -2.5 -2.5 -2.5 -2.5 -2.5 -2.5 -2.5 -2.5 -2.5 -2.5 -2.5 -2.5 -2.5 -2.5 -2.5 -2.5 -2.5 -2.5 -2.5 -2.5 -2.5 -2.5 -2.5 -2.5 -2.5 -2.5 -2.5 -2.5 -2.5 -2.5 -2.5 -2.5 -2.5 -2.5 -2.5 -2.5 -2.5 -2.5 -2.5 -2.5 -2.5 -2.5 -2.5 -2.5 -2.5 -2.5
-2.5 -2.5 -2.5 -2.5 -2.5 -2.5 -2.5 -2.5 -2.5 -2.5 -2.5 -2.5 -2.5 -2.5 -2.5 -2.5 -2.5 -2.5 -2.5 -2.5 -2.5 -2.5 -2.5 -2.5 -2.5 -2.5 -2.5 -2.5 -2.5 -2.5 -2.5 -2.5 -2.5 -2.5 -2.3 -2.5 -2.5 -2.5 -2.5 -2.5 -2.5 -2.5 -2.5 -2.5 -2.5 -2.5 -2.5 -2.5 -2.5 -2.5 -2.5 -2.5 -2.5 -2.5 -2.5 -2.5 -2.5 -2.5 -2.5 -2.5 -2.5 -2.5 -2.5 -2.5 -2.5 -2.5 -2.5 -2.5 -2.5 -2.5 -2.5 -2.5 -2.5 -2.5 -2.5 -2.5 -2.5 -2.5 -2.5 -2.5 -2.5 -2.5 -2.5
-2.5 -2.5 -2.5 -2.5 -2.5 -2.5 -2.5 -2.5 -2.5 -2.5 -2.5 -2.5 -2.5 -2.5 -2.5 -2.5 -2.5 -2.5 -2.5 -2.5 -2.5 -2.5 -2.5 -2.5 -2.5 -2.5 -2.5 -2.5 -2.5 -2.5 -2.5 -2.5 -2.5 -0.8 0.1 0 0.2 0.2 0.2 -0.4 -2.5 -2.5 -2.5 -2.5 -2.5 -2.5 -2.5 -2.5 -2.5 -2.5 -2.5 -2 -2.5 -2.5 -2.5 -2.5 -2.5 -2.5 -2.5 -2.5 -2.5 -2.5 -2.5 -2.5 -2.5 -2.5 -2.5 -2.5 -2.5 -2.5 -2.5 -2.5 -2.5 -2.5 -2.5 -2.5 -2.5 -2.5 -2.5 -2.5 -2.5 -2.5 -2.5
1.2 -2.5 -2.5 -2.5 -2.5 -2.5 -2.5 -2.5 -2.5 -2.5 -2.5 -2.5 -2.5 1.6 18.9 19.2 2.8 -2.5 -2.5 -2.5 -2.5 -2.5 -2.5 -2.5 -2.5 -2.5 0.2 1 1.5 1.5 1.5 1.9 1.6 2.1 2.5 2.8 11.6 8.2 6.9 2.6 2 1.3 0.5 0.1 -0.3 -0.2 -0.3 -0.5 -2.5 0.1 -0.1 0.6 0.3 0.4 -0.1 -2.5 -2.5 -2.5 -2.5 -2.5 -2.5 -2.5 -2.5 -2.5 -2.5 -2.5 -2.5 -2.5 -2.5 -2.5 -2.5 -2.5 -2.5 -2.5 -2.5 -2.5 -2.5 -2.5 -2.5 -2.5 -2.5 -2.5 -2.5
23.8 2.5 0.7 -2.5 -2.5 -2.5 -2.5 -2.5 -2.5 -2.5 -2.5 -2.5 -2.5 2.4 49.9 77.5 50.5 3.6 2.8 1.7 1.4 1.4 1.6 1.8 1.8 2.3 7.2 29.3 44 40.4 34.3 26.5 31.5 46 43.6 57.4 67.4 67.7 65 45.8 40.5 12.2 4.8 2.8 2.5 2.5 2.8 2.6 20.5 2.7 2.4 9.4 16.6 25.4 22 2.8 1.7 -0.2 -2.5 -2.5 -2.5 -2.5 -2.5 -2.5 -2.5 -2.5 -2.5 -2.5 -2.5 -2.5 -2.5 -2.5 -2.5 -2.5 -2.5 -2.5 -2.5 -2.5 -2.5 -2.5 -2.5 -2.5 -2.5
77.6 44.6 21.4 0.9 -0.8 -2.5 -2.5 -2.5 -2.5 -2.5 -2.5 -2.5 -0.6 1.9 45.3 85.5 107.7 77.2 56.2 40.8 24.9 24.3 30.7 32.8 48.5 55.4 41.5 61.1 100 88.5 60.9 56.3 75.5 93.8 85.2 120.3 116.8 123.9 135.7 106.4 89.7 77.8 78.9 67.1 41.6 41.9 38.8 49.4 58.2 64.2 48.6 53.4 83.7 90.3 76.3 74.7 26.5 2.7 2 1.4 0.5 -2.5 -2.5 -2.5 -2.5 -2.5 -2.5 -2.5 -2.5 -2.5 -2.5 -2.5 -2.5 -2.5 -2.5 -2.5 -2.5 -2.5 -2.5 -2.5 -2.5 -2.5 -2.5
100.6 85.5 42.2 3.2 1.3 0.6 -0.1 -2.5 -2.5 -2.5 -1.4 -0.7 0.4 2.4 36 80.1 113.2 113.2 109.2 92.7 80.1 78.3 76.4 81.3 90.5 108.2 86 96.5 119.1 127.6 103.6 98 106.1 110.2 117.1 134.4 144 145.4 145.7 140.4 123.7 108 110.2 109.9 73.5 56.9 60.4 76.7 91.5 101.8 101.7 104.3 124 130.9 137.4 131.9 102.3 77.5 52.3 52.8 32.5 2.6 1.8 -0.2 -2.5 -2.5 -2.5 -2.5 -2.5 -2.5 -2.5 -2.5 -2.5 -2.5 -2.5 -2.5 -2.5 -2.5 -2.5 -2.5 -2.5 -2.5 -2.5
105.1 100.8 77.1 43.1 16.9 2.7 1.9 1.1 0.5 0.3 0.2 0.6 1.6 3.5 40.3 79.1 108.9 113.5 114.9 115.7 114.7 115.7 117.6 118.3 118.3 116.5 112.3 117.4 130.2 134.1 132.8 127.6 130.9 135.9 144.5 145.4 146.3 147.3 148.9 148.9 147 137.4 138.4 137.2 102.5 95 98.3 104.9 110.3 113.8 119.2 123.5 138 143.3 149 145.8 131 122.2 97.8 95.8 68.3 55.3 38.9 2.9 1.9 -0.5 -2.5 -2.5 -2.5 -2.5 -2.5 -2.5 -2.5 -2.5 -2.5 -2.5 -2.5 -2.5 -2.5 -2.5 -2.5 -2.5 -2.5
103.8 106 108.7 85.4 75.3 56.5 43.1 22.7 2.8 2.2 1.9 2.1 2.8 19.2 47.1 81.2 100.4 113.9 115.7 117.6 119.3 121.9 122.6 123.2 123.1 122.9 128.4 130.7 135.5 138.1 140.1 141.1 139.9 141.3 143.3 144.3 145.3 146.3 148 149.6 150.4 151.2 150.6 150 144.7 146.3 146.2 147.7 150.8 151.2 146.1 149.6 152.1 152.3 150.9 148.4 145.7 137.6 139.1 139.1 136.1 128.5 85.7 50.4 18.8 2.2 1.1 -2.5 -2.5 -2.5 -2.5 -2.5 -2.5 -2.5 -2.5 -2.5 -2.5 -2.5 -2.5 -2.5 -2.5 -2.5 -2.5
102.2 103.9 106 107.7 98.8 89.5 90.3 71.9 50.1 30.8 17.7 27.9 32 54.9 70.4 89.4 109.3 117.5 121.3 123.8 125.7 126.9 128 128.9 131.1 133.2 135 136.2 137.6 139.6 140.7 141.4 141.6 142 142.2 143 144.1 145.3 146.6 148 148.9 149.6 149.7 149.8 149.8 149.7 149.4 149.2 149.7 150.1 150.5 151 151.2 150.6 150.1 148.4 146.4 143.4 145.1 145.1 144.3 141.6 141.5 127.2 99.2 72.9 60.9 2.2 -2.5 -2.5 -2.5 -2.5 -2.5 -2.5 -2.5 -2.5 -2.5 -2.5 -2.5 -2.5 -2.5 -2.5 -2.5
100.2 100.5 101.2 101.9 101.6 98.3 90.2 79.8 76.7 87.6 69.2 67.4 73.5 90.5 104 108.5 116.3 120.3 123.4 125.9 127.8 129.2 130.1 129.7 130.8 133 134.5 135.5 136.6 137.9 139.2 140.3 140.7 141 141.2 141.8 142.9 144 145.1 146.1 146.8 147.6 148 148 148.2 148.3 148.6 148.1 148.7 149.1 149.5 150 150.5 150 149.9 149.1 147.5 147 147.7 147.8 146.7 145.5 144.6 140.7 137.3 115 80.7 24.8 0.8 -2.5 -2.5 -2.5 -2.5 -2.5 -2.5 -2.5 -2.5 -2.5 -2.5 -2.5 -2.5 -2.5 -2.5
94.6 95.3 95.8 96.2 96.4 96.5 95.6 92.4 94.7 98.1 100.3 102.2 103.7 108 110.5 113.3 116.4 120.6 124.1 126.2 128 128.8 129 129.2 130.1 131.7 133.1 134.5 135.9 137.3 138.6 139.1 139.5 139.8 140.2 140.7 141.3 142 143.1 144.1 144.7 145.4 146.4 146.8 146.9 146.9 147.1 147.2 147.6 148 148.5 149.1 150 150.8 150.7 150 149.7 149.7 150.3 150.3 149.3 149.1 148.9 147.2 148.2 149.4 122.6 63.7 2.8 1.8 -2.5 -2.5 -2.5 -2.5 -2.5 -2.5 -2.5 -2.5 -2.5 -2.5 -2.5 -2.5 -2.5
88.1 88.5 88.5 88.5 89.1 89.7 89.3 91.1 94.8 98.3 100.7 104 107.2 109.9 112.7 115.4 117.5 121.1 124.3 125.7 126.5 127.3 127.6 128 128.9 130.3 131.8 133.5 135.4 136.7 137.4 137.9 138.3 138.8 139.3 139.8 140.4 140.9 141.4 142 142.5 143.6 145.1 146 146.2 146.2 145.8 146.1 146.6 147 147.5 148.8 150.2 151.1 151.8 151.6 151.5 151.8 152.4 152.5 152.1 151.9 151.3 151.2 150.8 149.9 146.8 91 82.7 74.9 54.7 37.5 -2.5 -2.5 -2.5 -2.5 -2.5 -2.5 -2.5 -2.5 -2.5 -2.5 -2.5
84.2 81.5 80.8 82.2 84.7 85.5 87.5 92 96.7 99 101.4 104.8 108 111.1 113.8 116.4 118.8 121.8 123.6 124.1 124.4 124 123.8 124.2 126.8 128.5 130.5 132.4 134.4 135.8 136 136.5 136.4 136.9 137.3 137.8 138.3 138.9 139.4 139.9 140.4 141.5 142.7 143.8 144.3 144.4 144.1 144.4 145.1 145.7 147.4 148.8 150.2 150.7 151.8 152 152.4 152.9 153.7 154.5 154.9 154.3 153.6 153.3 152.9 152.5 151.1 134.3 123 116.8 101.9 64.5 2.5 -2.5 -2.5 -2.5 -2.5 -2.5 -2.5 -2.5 -2.5 -2.5 -2.5
81.7 77 78.1 82.3 84.1 85.7 90.6 94.6 98.5 100.4 103.1 106.2 108.7 111.7 114.6 117.1 119.2 121.3 122.1 122.4 120.7 119.9 119.6 120.6 122.5 125.5 128.6 130.9 132.9 134.3 134.7 134.8 134.6 134.9 135.1 135.5 136.3 136.9 137.4 137.8 138.2 139.2 140.5 141.6 141.8 142.3 142.5 142.8 143.3 144 145.5 147.3 148.9 150.4 151.5 152.4 153 153.5 154.1 154.8 154.8 154.2 154.4 154.2 154 153.9 153.9 152.7 149.3 144.6 128.8 105 24.6 0.9 -2.5 -2.5 -2.5 -2.5 -2.5 -2.5 -2.5 -2.5 -2.5
74.9 76.4 82.8 85.9 86.8 88.9 92.6 98.3 100.5 102.6 105.4 107.6 110 112.5 115.1 117.2 118.5 119.8 120 119 117.5 115.5 115.6 116.3 120.6 124 126.9 129.1 131.3 132.6 132.9 132.6 132.5 132.4 132.8 133.2 133.8 134.4 135.1 135.6 136.2 137.6 138.6 139.9 139.9 139.7 140.7 141 140.6 142.3 143.9 145.8 148.2 150.2 151.3 152.3 152.6 153.1 153.4 153.5 153.4 153.9 154.6 154.6 154.9 155.5 155.7 155.2 153.9 150.6 147.7 112.9 66.4 16.5 1.4 -0.1 -2.5 -2.5 -2.5 -2.5 -2.5 -2.5 -2.5
70.8 78.2 84.3 88.1 89.7 92 95.2 98.4 101.5 104.1 106.1 107.6 110.1 112 113.7 114.3 115.9 116.5 116.4 115.8 113.7 110.2 108.1 114.6 119.1 122.1 125.7 128 129.9 130.8 130.7 130.2 128.7 128.6 129.5 130.4 131.1 131.9 131.9 131.3 134.3 136.1 137.1 137.9 137.9 137.6 137.3 137.5 139.1 141.3 143.5 145.6 147.5 149.9 151.2 152.1 152.2 152.2 152.2 152.3 153 153.9 154.7 155.6 156.5 157.1 157.2 156.6 155.1 153.7 151.6 137.4 97.4 60.4 6.4 2.3 0.6 -2.5 -2.5 -2.5 -2.5 -2.5 -2.5
71.5 77.9 83.8 88 90.6 92.3 95.1 97.5 99.7 101 102.3 103.6 105.4 107 107 108.3 109.1 110.5 111.2 111 108.3 100.5 110.9 114.8 117 119.8 121.7 124.9 127.4 127.9 128.3 126.8 125 125 125.9 125.5 128.5 129.1 128.5 125.5 131.6 133.4 134.2 135.1 134.9 134.6 134.5 134.7 136.7 139.4 142.8 144.8 146.9 149.1 150.5 150.7 150.7 150.7 151.1 151.3 151.9 153.2 154.5 155.2 156.3 157.3 158 157.5 156.7 155.8 155.1 152.6 121.7 87.3 53.6 31.3 4.9 1.7 0.1 -2.5 -2.5 -2.5 -2.5
68.1 74.6 80.8 85.2 87.6 89.6 91.9 93.8 95.5 96.2 95.8 96.7 93.5 91 89.5 98.5 99 101.7 103.8 103.6 94.4 104.2 109.8 112.5 113.9 115 115.8 118.4 120.8 122.2 122.6 121.4 119.2 119.1 119.6 120.1 123.2 123.3 122.1 120.6 125.5 127.6 128.9 129.8 129.3 129.9 131.6 131.5 134.9 138.7 142.7 142.8 146.5 147.9 149.3 149.2 149.2 149.3 149.6 149.9 150.3 152.2 153.8 155 156 156.9 157 156.8 156.3 156.8 157.2 156.7 147.6 118.4 85.1 66 47.6 20.9 3.4 0.7 -0.5 -2.5 -2.5
60.7 64.2 74.3 79.9 81 82.4 84.4 87.6 88.4 87.4 77.8 73.9 74 75.1 76.5 76.9 80.8 87.5 94.8 94.9 94.7 103.7 106.8 109 110 109.8 107.5 107.6 108.5 111.8 114 114 111.9 112.6 112.7 111.2 109.9 110.8 114.9 116.8 115.9 117.2 118.9 121.5 123.7 125.4 127.2 129.8 133.1 136.9 141 144.4 145.4 146.8 147.8 147.7 147.6 147.8 148 148.4 150.1 151.6 153.1 154.3 155.5 156 156.1 156 156.3 156.6 156.9 157 155.6 152.3 147.1 131.1 92.9 66.5 42.5 6.4 2.2 1.4 0.1
67 61.9 61.4 64.4 65.7 67.1 68.4 70.1 69.8 72.1 72.8 77.6 81.6 85.6 86.7 85.7 81.4 79.4 80.9 85.1 91.9 98 102.4 105.3 106.5 104.8 100.2 97.2 97.7 97.7 99.2 102.3 102.8 105.9 111.7 111.5 116.3 118.3 122.4 123.4 124.6 126 125.4 123.6 121.6 122.5 124.2 127.3 131.2 136.1 140.3 143 144.5 145.7 146.2 145.8 145.4 145.5 146.9 146.9 148.7 150.3 152.2 153.6 154.8 155.5 155.8 155.4 155.5 155.9 156.2 156.4 155.9 153.9 150.8 147.5 144.3 139.8 99.1 61.5 24.7 10.8 3.7
74.3 72.7 72.4 68.7 69.6 70.6 70.8 71.7 73.8 73.7 80.3 85.5 89.7 91.7 93.1 93 91.5 87.3 84.2 80.7 84.3 90.1 95.4 99.5 100 96.3 94.2 100 103.7 107.4 108.6 109.4 109.5 112.8 113.8 116.3 118.8 123.7 126 127.9 129.2 130 130.6 130 129.1 127.4 125.5 124.4 129.2 134.4 139.1 141.1 142.6 143.8 143.7 143.4 143.2 143.8 145.7 146.6 147.7 149.3 151.2 152.9 154 154.9 155.5 154.8 154.8 155.1 155.5 155.7 155.6 154.7 153.1 151.1 148.5 145.6 141.9 84.2 50.1 46.9 39
79.5 77.6 80.8 80.1 78.8 79.5 79.2 81.3 82.9 83.5 82.8 89.6 92.8 95.4 96.7 97.5 97 95.9 92.4 89.3 84.7 84.6 88.4 91.9 90.1 92.9 99.7 103.2 107.1 111.3 113.7 114.9 116.2 117.1 119 120.4 124 127.2 128.9 130.9 132.2 133 133.2 132.9 133 132.8 131 129.1 127.5 128.7 133.8 137.7 139.2 140.3 141 140.8 141.2 142.4 144.3 146.4 148 149.2 150.4 151.5 152.6 153.5 154.3 154.1 154 154.4 154.8 154.9 154.8 154.2 153.1 151 148.7 145.3 137.8 118.3 88.1 77.9 80.7
83.5 81.3 87.4 89.5 89.5 88.9 87.5 88.6 89.7 89.7 85.7 93.1 96.5 99.1 100.8 101.9 102.6 101.9 99.8 98 92.1 87.2 85.1 87.7 89.1 93.9 100.1 104.6 108.7 111.8 114.9 117.8 119.4 120.7 122.1 124.9 128.6 130.9 132.6 134.6 135.2 135.5 135.4 135.3 135.4 135.1 134.6 132.6 130.7 129.8 129.5 132.6 135.1 136.1 136.7 138 139.6 140.8 141.9 145 146.4 147.6 148.8 149.9 151 151.8 152.6 153.4 153.3 153.7 154.1 154.2 153.9 153.1 151.8 149.6 145.4 139.9 130.3 122 129.8 128.9 116.9
87.3 86.4 91.8 94.3 94.8 94.3 94.7 94.2 93.7 93 91.7 93.2 96.7 99.5 101.8 104.4 105.8 105.4 103.1 100.4 97.2 94.6 91.4 89.1 91.7 91.8 94.7 102 107.1 110.6 114.5 118.7 121.4 123.6 125.6 127.9 131.1 132.9 134.9 136.4 137.5 137.5 137.6 137.3 136.7 136.1 135.8 135.3 134.5 133.5 133.7 133.3 132.7 135 138.1 138.3 138 140 141.9 143.6 144.9 146.1 147.2 148.4 149.4 150.2 151.3 152.1 153 153.4 153.8 153.4 153.2 150.7 146.1 145.3 142.7 139.9 136.2 135.7 141 140.2 138.4
90.8 90.5 95.3 98 99.3 99.1 98.3 97 96.4 95.4 94.7 95.1 97 99.2 101.5 103.8 106 106.3 104.4 100.8 97.2 94.5 92.1 90.4 92.2 94.7 97 95.3 100.1 106.5 111.2 115.9 120.3 122.7 125.6 128.4 130.7 132.9 135.2 137.3 138.2 138.6 138.4 138.2 137.7 137.1 136.8 136.8 136.4 135.9 136.9 137.5 137.2 137.6 139 140 140.5 140.4 141.3 142.4 143.7 144.8 146.1 147.9 148.6 149.2 150.6 151.9 153.1 153.7 153.4 153 151.9 151 151.4 150.5 148.9 145.9 140.5 143.8 146.5 146.9 145.9
95.2 94.7 98.3 101.5 102.3 103.1 101.9 100.5 99.2 98.4 97.7 98.1 98.6 100.8 104 106.6 108.1 107.5 105.6 102.9 99.4 96.3 94.1 92.2 92.8 95.2 98.1 101.8 100.2 99.4 102.2 110.1 115.6 119.7 122.9 126.5 129.1 131.7 134 135.8 137.3 137.8 137.8 137.7 137.8 138 137.5 137.1 137.1 137.2 137.5 138.2 138.1 138.4 139.4 140.4 141.3 141.4 141.5 141.8 143.6 144.8 146 147.4 148.5 150.2 151.1 152.1 153.3 154.3 154.1 153.9 153.4 153.1 153 152.1 150.5 147.8 147 147.8 148.2 148.2 145.9
98.5 99.9 103 105.1 106.1 106.8 107 104.9 103.1 102.3 101.4 102.5 103.5 106.1 107.5 109.6 111.2 110.3 107.8 105.3 101.8 98.6 96.5 94.5 94.1 96.1 98.8 102.8 104.6 105.8 106.4 102.3 108.2 113.6 117.5 122.5 126.5 129.5 132.5 134.2 135.8 136.2 136.3 136.5 136.8 137 137.6 137.4 137.4 137.6 137.9 138.2 138.9 139.3 140.3 141.3 142.1 142.5 142.6 143 144.1 145.4 146.5 147.8 149.5 151.3 152.2 153.1 154.2 155.2 155.6 155.6 155.3 155 154.8 153.9 152.9 150.9 150.6 150.2 149.9 149.2 147.3
102.7 102.7 106.5 108.4 109.3 110.1 110.7 111.4 110.4 109.3 108.7 109.7 110.6 111.7 111.9 114.1 114.6 113.2 111.1 108.7 105.6 102.7 100.1 97.1 96.1 98.8 101.1 105.9 109.2 108.6 110.3 109.1 103.3 110.8 116.2 120.8 124.9 127.1 129.9 131.2 131.8 131.9 132 133 134.2 135.4 136.8 136.9 136.8 136.9 137.6 138 138.9 140 141.1 142.2 143.2 143.6 144 144.4 144.9 146.1 147.4 149 150.6 152.3 153.3 154.2 155.2 156.1 156.6 157.1 157.1 156.8 156.4 156 157.7 152.9 152.5 151.9 151.6 150.9 148.8
107.2 106.4 109.6 111.7 113 113.9 114.8 115.4 115.2 114.4 114.5 115.5 116.1 116.5 117.3 118 118 116.4 114.5 112.1 109.4 106.9 104.5 101.1 98.9 102.9 105 108.5 111.9 113.5 114.2 114.1 111.2 107.2 112.5 118.4 123.6 125.8 127.4 127.9 128.1 126.3 126.7 128 129.4 131.3 132.6 134.3 135.2 136 137.1 138.2 139.3 140.3 141.5 142.9 144.2 144.9 145.4 145.8 146.2 146.9 148.6 150.1 151.7 153.3 154.4 155.3 156.3 157.2 157.9 158.6 158.5 158.2 157.4 158.1 156 153.9 153.6 153.1 152.3 150.9 148.5
