app/static/ascii/SS30.asc
ncols 200
nrows 200
xllcorner 230000
yllcorner 100000
cellsize 50
[rows 0 to 34 of 200, columns 78 to 155 of 200]
176.1 178.7 179.5 178.6 176.8 171.9 166.5 161.3 156.1 158.5 161.2 161.5 160.9 160.6 159.4 157.5 155.7 154.8 154.6 153.8 152.6 151.2 149.2 147.6 146 145.1 146 145.6 143.7 140 140.3 143.3 144.5 146.4 147.9 148.7 149.1 149.3 149.9 149.4 148.2 144.3 139.9 135.5 129.5 125.8 125.2 124.8 123.3 124.4 128.1 130 131.9 133.5 135.8 136.4 138.6 141.6 142.7 142.3 142.1 140.8 138 137.3 135.7 134.4 136.3 136.1 134.2 126.1 116.6 128.6 134.5 136.4 136.4 135.8 134.5 132.2
177.2 180.6 182.7 182.5 180.6 176.7 168.5 165.1 160 164.9 167.2 167.2 166.3 164.3 162.4 160.7 157.9 157.6 157.2 155.2 153.5 151.8 149.9 148.3 147 145.7 144 142.3 143.3 146.6 147.6 147.9 148.3 149.4 150.2 150.9 151.5 150.8 149.6 147.9 143.1 138.4 134.6 130.4 129.2 130.5 130.6 128.5 123.9 128.7 133.7 135.7 136.8 138.1 140 141.9 145.1 148 147.8 148.1 149.4 149.5 147.1 145.5 143 140.8 140.6 140.3 135.4 126.6 117.5 132.5 139.5 142 141.9 140.2 139.5 138.1
178.3 180.9 182.9 183.8 182.1 178.6 174.1 171.3 164.2 170.2 172.4 172.7 173.3 171.1 167.8 163.7 162.4 161.8 159.8 157.2 154.8 152.1 151.1 150 148.9 148 148.1 147.5 147.4 149.2 150 150.3 150.5 150.6 150.3 150.6 149.7 147.4 143.4 141.5 136.1 132 131.8 133.2 134.8 136 135.5 129.6 125.6 134.7 138.7 140 141.5 143.3 145.6 149 151.4 153.2 154.9 155.8 155.9 155.6 154.2 151.9 149.4 146.6 145.4 144 139.5 128.9 119.4 134 143.3 146.5 146.7 145.1 144.8 144.3
181 183.3 184.8 185.5 184 182.1 179.7 176.3 167.7 174.5 177.6 178.1 177.8 176.2 171.8 168.9 167.4 166.3 162 159 156.3 154 153.4 152 150.9 150.6 150.1 149.6 149.9 150.5 150.6 150.5 149.8 150.4 148.4 145.6 142.9 140 137.3 134.6 136.2 136.5 137.8 138.1 139 140.1 138.6 128.3 129.5 138.5 141.9 144.3 146.2 148.1 151.2 154.5 156.3 158.4 160.5 161.7 161.5 161.3 159.4 157.2 154.7 152.1 150.4 147.2 141 129.5 119.2 134.5 144.6 148.3 149.3 150.7 150.5 149.4
183.6 185.9 187 187.7 186.7 185.1 183 179.7 170.6 176.2 180.1 180.5 180.6 178.3 176.1 174.3 172.6 169.5 165.3 161.3 159.1 156 155.7 153.9 152.8 152.5 152.1 151.8 151.1 150.5 149.5 147.9 147 144.4 142.2 140.4 140.2 140 140.8 140.9 141.9 142.6 142.6 142.5 143.2 142.9 139.2 128.6 132.4 142.6 145.8 148.1 150.5 154.2 156.9 159.4 161.5 162.8 164.7 165.7 165.7 165.9 163.2 160.7 158.3 155.4 151.7 149.1 142.5 127.4 122.2 134.1 140.6 147.7 152.4 154.4 154 153.1
185.5 187.7 188.2 188.4 188 186.2 183.9 179.7 179.2 181.6 181.8 181.8 181.6 181.3 180.1 179 175.8 173.4 169.5 165.8 162.7 159.7 157.4 155.4 154 153.7 153.4 153 149.9 147.8 146.2 144.8 144.9 144.1 145.1 143 144.8 145.4 146.3 146.8 146.7 146.6 146.6 146.4 145.9 143.3 131.8 130.6 136.3 143.3 148.6 151.6 154.4 157.8 160.8 162.2 163.4 164.6 167.4 168.4 168.3 167.2 165.3 161.9 159.4 156.9 153.6 149.1 141.7 126 124.9 137.6 145.6 150.3 153.9 156.6 157.2 157.2
186.6 188.6 188.7 188.9 188.3 185.8 183.1 184 183.9 183.7 183.5 183.4 183.3 184.2 184.4 182.5 178.7 176 173.3 169.3 164.3 161.9 159.1 157.8 157.4 154.2 152.3 150.6 148.9 149.6 150.3 149.3 149.6 149 149.7 149.1 149.7 150.4 151.1 151.1 150.6 150 148.3 147.6 144.3 133.1 130.4 138 144.7 139.3 147.2 151.7 155.8 159.1 161 162.7 164.2 165.4 167.2 168.8 168.5 167.1 165 160.3 159 156.1 152.6 148.5 137.2 122.8 129.1 140.8 146.8 151.5 155.1 158.2 159.9 160
188.2 189.2 189.4 189.6 188.5 185.8 185.7 185.5 185.6 184.8 184.5 184.2 184 184.8 185.5 184.1 180.9 178.8 175.2 170.4 167.2 164.6 161.5 158.7 156.6 154.2 153.1 151.8 152.3 152.9 153.4 153.1 153.9 154 154 154.2 154.6 155 155.4 155 153.7 152.3 148.7 144 135 135.9 143.2 148.9 151.3 148.5 145.3 146.6 152.1 156.3 159 161 163.1 164.6 166.3 166.9 167.5 165.3 163.1 160.5 157.2 151.8 147.9 144.4 133.2 124.6 135.4 141.9 146.5 152.1 155.6 159.3 161.6 162.8
188.5 189.4 189.7 190.3 188.7 188.1 187.8 187.6 186.6 185.1 184.1 183.8 183.2 184 185.3 184.6 183 180.3 177.4 173.9 170 167 162.2 159.7 157.5 156 155.5 155.2 155.6 156.3 156.1 157 157.6 157.5 157.3 157.2 157.5 157.2 157.3 155.8 153.5 148.6 140.7 134.9 136.5 144.6 149.6 153.1 154.8 154.8 154 153.3 152.3 154.4 157.4 160.1 161.7 163.8 164.6 165.3 166 165.3 163.8 160.8 157.5 152.6 145.2 135.6 125.2 127.2 138.2 144 148.7 153 156.9 160.6 163.1 164.6
188.3 189.1 189.3 189.4 189.5 189.3 188.9 187.9 186.5 185 183.8 183.2 182.7 183.2 184.5 184.8 182.8 181.5 179.1 176.1 173 168.3 164.4 161.6 159.4 158.3 157.8 157.9 158.4 159.1 158.5 159.9 160.2 159.4 158.4 157.7 156 155.3 153.8 150.5 142.3 135.8 138.5 141.4 143.4 149.2 152.8 155.7 156.9 157.1 156.7 156.4 156.3 157.3 158.7 160.9 162 162 163 163.7 164.3 163.7 162.1 159.8 157.1 153.5 147.8 136.9 126.7 131.7 142.2 147 150.6 154.5 158.1 160.9 162.7 163.9
188 188.9 189.3 190.2 190.5 190.2 189.1 187.7 186.3 184.4 182.4 181.7 181.4 181.1 181.4 182 182.4 181.3 178.8 175.7 172.6 170.1 166.3 162.1 159.1 158.4 158.6 159.6 160.6 160.1 159.1 160.1 158.9 158.5 157.7 155.3 152.8 149.8 144.9 137.3 138.4 143.7 147.6 147.7 145.9 150.6 154.7 157.7 159 159.3 159.3 159.1 159.1 159.8 161 161.5 161.8 161.2 161.5 162.2 162.4 161.7 160.1 157.9 155.2 152.1 147.4 141.2 128.8 135.3 145.2 149.7 152.7 155.2 157.4 159.2 160.5 161
187.2 188 189.5 190.5 190.9 190.7 189.1 187.3 185.8 183.6 181.7 180.1 179.3 178.6 179.1 180.1 180.6 179.8 178.5 175.4 172.4 169.3 166.9 161.8 159.3 157.4 158.1 158.5 159 158.4 157.5 156.1 155.3 154.5 153.5 150.7 148.2 141.7 139.9 143.1 147.5 150 151.5 152.2 151.6 152.4 157 159.5 160.9 161.2 161.1 161 160.9 160.9 161.6 162.1 161.4 160.9 160.6 160.4 160.2 159.8 158.6 156.4 154 151.3 147.4 141.1 128.4 133.5 144.3 147.7 150.2 152.1 154.6 156.6 157.5 157.5
185.7 186.4 188.5 189.4 189.4 189.6 188.6 187.7 186.5 184.3 181.5 179 177 176.3 176.4 177.2 178 177.4 176.2 173.9 171.1 167.8 165.4 160.6 158.1 155.8 153.9 154.2 154.8 154.1 152.8 151.2 151.1 148.9 148.4 145.2 140.1 142.9 147.4 150.1 152.2 153.9 155.1 155.9 156.6 158.6 159.6 160.7 162 162.2 161.9 161.5 161.4 161.4 161.9 161.3 160.4 159.3 158 157.9 157.5 157.1 156.4 154.5 151.9 149.4 146.1 140.7 128.9 131 140.3 144.3 146 147.8 150.2 153.1 153.7 154.6
183.9 184.9 186.2 187.5 188.9 189.7 189.7 189.9 189.4 187.2 183.2 179.6 177.2 175.4 173.8 172.1 171.7 172.2 172.4 170.2 167.9 165.4 162 158.9 156.2 154.7 154.4 151.5 150.6 149 148.4 146.1 147.5 146.2 143.1 141.8 146.5 148.8 152.3 154.1 156.2 157.1 158.4 161.1 160.1 160.4 161 162 162.5 162.5 162.1 161.7 161.6 161.5 161.1 160.1 158.2 155.9 153.5 153.1 153 151.9 151.4 150.1 148.6 145.4 141.4 134.5 129 128.8 135.2 138.9 141.1 142.8 144.8 146.1 147.2 149.4
182.6 184.3 186.6 188.8 189.9 189.9 189.5 189.3 189.7 188.2 186.3 183.5 179.7 179.2 178.6 175.4 172.6 168.6 164.7 162.5 162.5 160 159.3 158.4 158 158.2 157.2 154.4 152 151 150.1 148.6 147.7 147.8 146.6 145.1 149.5 151.5 153.8 155.6 158.2 159.2 160.2 159.4 161.3 162.1 162.3 162.4 162.3 161 160.2 159.6 158.9 158.4 157.7 155.7 154.1 150.8 147.7 145.7 145.8 145.2 143.8 141.9 139.4 136.1 133.6 130.4 129.4 129.4 133.1 133.1 134.4 135.6 136.7 139.6 142.3 145.6
183 185.4 187.1 188.4 188.6 188.5 188.7 189 189.5 189.4 189.1 186.1 185.5 185.3 183.8 179.3 175.7 171.7 168.6 166.1 165.2 165.6 164.7 164.2 162.3 162.1 159.2 156.4 154.9 154.1 152.1 150.4 149.8 149.3 147.4 146.4 148.7 150.6 152.8 154.5 157 157.9 160.1 160.7 161.3 161.6 161.8 161.1 159.3 157.6 156.4 155.5 155.1 153.7 151.7 149.6 147 143.8 141 138.5 137 136.8 134.8 133.5 131.7 131.6 133.1 135.1 135.6 134.9 132.9 132.9 135.8 136.8 140.6 143.4 146.8 152.1
184.6 185.8 186.1 186.2 186.5 186.6 187.4 188.7 189.3 189.8 189.2 187.8 188.9 188.6 187.7 184.6 180.7 176.7 172.8 169.6 170.7 172.9 172.7 171.4 169.3 165.1 161.4 159.3 157.9 156.1 154.2 152.3 151.5 150.2 149.1 147.2 146.3 148.6 151.6 153.4 155.3 157.5 158.7 160 158.9 160.4 160.1 159.1 157 154.9 152.8 151.4 150.2 148.3 146.6 144.5 141.8 139.5 140.1 139.5 138.5 136.8 137.7 138.5 140.1 140.9 143.8 144.8 144.9 141.3 136.6 134.3 139.4 145.1 149.6 152.8 156.7 161.2
184.1 184.2 184.2 184.3 184.5 185.2 186.8 188.4 189.1 189.6 188.8 189.7 189.5 189.9 189.5 187.4 184.9 181.2 177.3 175.7 176.9 177 176.2 174.5 171.6 168 165.3 161.6 159.9 158 156.1 154.6 153 151.9 150.9 149 148.4 149.6 150.2 152.3 154.3 155.6 156.3 158.1 159 159.3 158.9 157.1 155.1 152.9 151.2 149.9 148.5 147.5 146.6 145.4 143.2 141.8 142.6 144.2 146.4 148.3 148.6 148.5 151.2 152.7 153.3 153.8 153.4 151.2 145.3 135.5 146.9 153.1 157.7 161.1 163.8 166.7
182.8 182.7 182.7 182.6 182.5 183.9 186.1 187.6 188.2 189 189.2 189 188.8 189.6 189.3 188.4 186 183.8 181.1 180.1 179.8 180.1 179.2 177.3 174.9 172.1 170.3 167.7 162.1 160 158.9 158.1 156.2 153.9 152.6 151.9 151.2 151 152.3 153.3 154 155.7 156.2 157.7 158.9 159.6 158.5 157.6 155.9 156 156 156.1 155.6 155.1 153.9 151.3 144.9 144.3 154.4 155.4 156.1 157.8 157.6 156.1 157.9 160.5 161.4 161.6 159.5 156.3 149.3 138.2 151.4 155.6 159.1 162.6 165.7 167.8
181.4 181.2 181.2 180.5 180.1 182.1 183.9 185.5 185.8 185.7 186 186.9 187.8 187.8 188.1 187.3 186 184.3 183.2 182 181.5 181.4 180.8 179.8 177.2 175 173.7 171.2 165.9 164.8 163.5 162.1 159.6 157.1 155.9 154.5 153.2 153 156.4 154.8 154.5 155.5 156.4 158.7 158.4 162 161.4 160.5 160.2 162.1 162.9 162.1 161.4 160.1 157.8 154.2 145.6 153.3 160 162.6 163.4 163.4 162.4 160.8 162.1 163.8 164.5 164.4 162.4 157.4 147.8 138.1 149.3 155.2 157.6 160.5 164 166.7
179.9 179.7 179.3 177.8 176.4 177.5 178.6 180 181 181.5 182.6 183.5 185.1 185.7 186.2 185.6 185.1 183.4 183 182.4 182 181.6 180.9 180 178.4 177.5 176.6 173.7 173.6 172.7 169.3 167.3 164.5 161.7 159.2 156.2 154.9 157.4 159.4 159.3 158.3 158.6 159.1 162.1 162.5 164.3 165.6 165 164.3 165.4 165.2 164.6 163.7 161.1 158.5 153.4 149.3 158.4 162.4 164.8 166.2 166.4 166.4 165.6 164.7 165.9 166.7 164.6 160.2 155 144.7 142.2 146.4 150.1 154.4 159.7 164.4 167.1
176.7 176.4 175.6 174.1 171.8 173.1 174.9 175.9 176.8 178 179.2 181.4 183.3 183.9 184.3 183.5 183.2 182.6 182.4 182.1 181.8 181.3 180.9 180.6 179.8 178.8 177.9 177.9 177.1 176.1 174.1 171.1 168.6 166.7 164 159 157 161.4 163.3 162.5 161.7 161.8 163.7 166.4 167.9 168.7 169.3 168.8 168 167.5 166.6 166.2 163.4 160.6 156.8 151.3 156.9 161.9 164.9 166.8 168.6 169.3 169.5 168.9 167.6 167.9 166.1 163 157.6 151.6 144.3 145.3 152.7 155.5 157.9 162 166.3 168
173.5 173.2 172.4 171.6 170.1 170.1 171.6 173.1 174.1 175.3 177.9 179.8 180.5 181.7 181.8 181.6 181.4 181.2 181.1 181.1 181 180.6 180.8 181.2 181 180.6 180.2 180 179.3 178.1 176.5 174.8 172.7 170.6 167.8 163.7 159.5 165 167 167.2 165.1 166.3 168.2 170.1 171.8 172.7 172.4 171.9 171.1 170.1 168.9 167.8 165.4 163 159.7 151.6 159.4 164.7 167.2 169.1 170.8 171.5 172 171.6 170.8 169.4 166.6 163.7 159.9 153.9 143.2 151 157.8 161.6 164.4 166.4 168 169.5
171.7 171.2 170.3 169.1 167.1 167.4 168.2 169.3 169.6 170.9 175.3 176.2 177 178.5 178.7 179.3 179.7 179.6 179.5 179.5 179.5 180.1 180.9 181.5 181.6 181.9 182.2 182.2 181.5 180.8 179.2 177.5 175.7 173.3 170.5 165.8 160 166.1 169.8 171.3 171.5 172 173 174.1 174.7 174.4 173.9 173.4 173 172.5 171.2 169.6 167.6 165.8 161.3 153 162.1 166.3 169.3 171 172.3 173 173.4 172.8 171.7 169.5 166.6 164.1 160.1 150.6 147.3 157 161.9 164.8 166.8 168.3 168.9 169.1
169.6 169 167.9 166.5 164.6 164.5 165.3 166.1 166.2 169.7 171.5 173 174.2 175.3 176 176.5 177.5 177.9 177.9 177.9 178.5 179.4 180.2 180.8 181.7 182.5 182.9 183.4 183.2 182 180.3 178.8 176.8 174.5 171.5 166.5 164.9 170.1 173.4 175.7 176 176.4 177.3 177.7 176.8 176.3 175.4 174.8 174.4 173.7 172.1 170.5 168.5 165.7 159.8 156.4 163.6 167 169.6 171.3 172.5 173.2 172.7 172.2 171.3 168.2 165.1 161.8 157.8 149.8 151.9 158.6 161.9 164.1 166.4 167.6 168.9 169.4
167.1 166.4 165.4 163.4 161.9 161.6 162.3 163.2 164 166.9 169.1 170.3 170.8 173.3 174.3 175.1 175.9 176.1 176.1 176.4 177.4 178.6 179.3 179.8 180.6 181.8 182.8 183.2 183.5 182.6 181.3 179.8 177.6 175.3 172.3 166.2 169.3 174 176.7 179 179.9 180.7 180.9 180.2 179.4 178 177.4 176.4 175.7 174.3 171.8 169.4 166.7 162.9 157.4 159 164 167.1 169.4 171.3 172.5 172.9 172.3 170.8 167.9 164.4 162.8 159.9 154.7 149.6 155.7 158.7 161.5 164.3 165.8 167.3 168.6 169.7
164.9 164.1 162.7 161.2 160.1 159.1 159.7 160.5 161.9 164.1 166.7 167.6 170.6 172.8 174.2 174.4 174.7 174.3 174.4 175.2 176.2 177.4 178.2 178.7 179.4 180.5 182.1 182.6 182.8 182.7 181.5 179.5 177 173.5 169.8 170.9 174.4 177.9 180.7 182.3 183.5 184.3 183.9 182.9 182 180.6 179.3 177.1 174.9 171.1 166.9 163 160 157.2 158.9 159.4 162.2 165.6 168.5 170.5 172 172.9 172 170 167.5 164.5 162 159 155.7 151 155.9 158.4 162.5 165.6 167.9 169.7 170.3 169.6
162.7 162 160.6 159.2 157.9 157 157.3 158.3 159.9 161.9 164.4 167.4 170.7 173 174 173.8 173.3 172.7 173.1 174 175 176.2 176.8 177.2 178.4 180.1 181.8 182.4 182.6 182.8 182 180.2 177.3 176.4 173.9 175.9 178.7 182.4 184.4 185.7 186.8 187 186.9 186 184.7 182.4 179.3 173.2 173.7 171.2 168.7 166.9 159.5 161.9 166.2 166.6 167.6 168.3 170.6 171.6 172.6 173.1 172 170.5 168.2 165.3 162.3 159.2 155.8 153.6 155.6 159 161 165.6 168.8 170.2 170.4 170
159.8 160.1 158.8 157.4 156 155.3 155.7 156.7 158.1 160.4 163.1 165.8 168.5 170.9 171.6 171.5 171.2 170.7 171.6 172.6 173.2 173.4 174.3 176.1 177.9 179.7 181.5 182.4 183.2 183.7 183 181.9 180.9 179.3 178.1 179.6 182.7 185.6 187.9 189 189.8 189.7 189.5 188.7 187 184.1 181.6 178.7 176.2 173.3 170.4 167.8 161.5 167 171.5 173 173.9 174.4 174.5 174.8 174.5 174.2 173 171.3 168.1 164 160.4 156.2 157.6 158.2 160.3 165.6 165.5 167.1 169.7 170 171.2 170.6
157.1 158.3 157.5 156.1 154.8 154.1 154.8 156.2 156.9 158.4 160.9 163.8 166.7 168.8 169.4 169.2 168.9 169 170.3 171.4 171.1 171.2 172.7 174.7 176.5 179.3 181.5 182.7 183.8 184.4 183.7 183.5 182.7 182.2 181.8 184.1 186.7 188.7 190.1 191.2 191.8 191.7 190.5 189.6 189.2 187.6 184.7 184.4 180.1 176.3 174.1 171.7 163.5 170.3 173.9 175.4 176.2 176.1 176.2 176.5 175.8 174.7 172.7 170.6 168.1 162.3 159.6 161.4 163 163 164.3 165.7 166.9 169.3 171.4 171.6 172.5 172.5
155.6 156.4 156 155 153.8 154 156 157.7 158 158.5 159.6 162.4 164.9 167 167.3 166.7 167.5 168.4 169.2 169.5 169.1 169.5 171.3 173.3 175.9 178.7 180.7 182.1 183.2 183.4 183.2 183.7 184.2 185 185.8 186.3 188.4 191.1 192 193.1 193.3 192.5 191.7 190.5 189.7 188.7 185.4 184.7 183.5 178.6 176.7 174.3 165.1 172.7 176.2 177.6 178 177.8 177.6 177.1 175.5 173.6 171.5 167.9 163.2 164.3 166.7 166.5 167.1 167.2 168.8 171.7 172.7 173.9 175.4 175.6 175.3 175.3
155.5 155.4 155.4 154 152.2 154.9 157.4 159.5 160.1 160.8 161.5 161.9 163.2 164.6 164.7 166.7 167.6 168.4 168 167.5 167.2 168.4 170.2 172.3 175.1 177.8 179.6 181.2 181.7 181.9 181.9 183.8 185 186.1 187 187.5 190 192 193.8 194.6 194.8 193.2 191.9 191 190.3 189.1 185.6 185.5 184 181.5 179.5 175.8 167 174.8 178.4 178.9 178.5 178 177.5 176.2 174.5 172.4 169.5 166.1 169 171.4 172.2 172.8 173.4 174.4 175.7 177.7 178.5 179 178.7 178.4 177.8 176.4
156.5 156.4 154.9 153.3 150.7 154.1 157.4 159.2 160.8 162.1 163.3 164.9 165.4 165.3 165.8 167.4 167.7 167.4 166.4 165.8 165.5 167.4 169.1 170.4 172.6 175.6 178.7 180 179.6 178.5 179.8 183.5 185.7 187.3 189 189 191.5 193.7 194.6 194.7 194.5 193.6 191.8 190.4 189.6 188.8 186.2 185.5 183.6 180.6 177.9 173.6 171.4 176.9 179.2 179.2 179.2 177.9 177.1 175.1 172.4 169.9 168.7 171.2 173.6 175.5 176.5 176.8 178.2 178.9 179.6 180.5 180.8 180.5 179.9 178.9 178.1 177.5
157.9 157.4 155.1 152.5 149.1 151.5 155.5 158.5 160.9 162.6 164.3 168 165.9 166 166.8 166.5 166.1 165.6 164.8 164.2 164.6 166.5 167.9 169.1 170.4 173.3 175.7 176.8 176.2 176.1 179.6 183.7 186.1 187.9 190 192.2 193.4 194.3 194.5 194.5 193.9 193.3 191.1 189.1 188.1 186.1 184.6 183.5 182.1 179.9 176.4 171.1 176.3 179.5 179.9 179.8 179.8 178.7 177.6 175.8 174.3 174.3 175.1 176 177.6 178.4 178.2 178.7 179 179.3 179.6 180.3 180 179.4 178.9 177.3 176.1 175
159.6 158.6 156.7 154 149.2 150 154.8 158.4 161 163.1 164.9 166.4 166.4 166.5 166.4 165.9 164.7 163.6 162.5 161.2 163.5 165.7 166.7 167.5 168.3 169.5 171.4 172.7 173 176 179.8 183.2 186.1 188.4 190.8 193.2 194.5 194.6 194.3 193.5 192.6 192 189 187 185.1 183.6 182.2 180.3 178.7 175.3 174.9 176.9 179.9 181 181.7 181.3 180.8 179.7 178.6 178.1 178.2 178.5 178.5 178.4 178.6 178.8 178.3 178 177.9 178 178.3 178.7 178.4 178.2 176.2 174.3 173.3 172.9
