app/static/ascii/SS32.asc
ncols 200
nrows 200
xllcorner 230000
yllcorner 120000
cellsize 50
[rows 148 to 184 of 200, columns 84 to 167 of 200]
191.7 194.3 196.7 198.7 200.5 202.1 203.2 204.1 205.5 206.1 206.3 205.9 205.7 203.9 202.1 199.9 197.6 195.2 192.8 191.6 190.9 189.8 187.8 186 185 184 183.3 184.1 184.8 185.7 186.2 186.2 185.6 185.6 186.5 187.3 187.4 186.9 187 186.9 186.7 185.7 184.4 182.9 184.6 186.8 191.3 193.9 196.6 197.7 196.3 195.5 193.4 190.8 190.8 189.2 187.7 187 186.6 186.2 185.8 185.5 185.2 184.8 184.2 183.1 181.5 179.5 176.4 173.8 169.7 165.5 161.2 155.3 149.3 140.2 128.5 117.1 109.7 120.6 130.7 138.5 146.2 151.4
191.7 194.4 197 199 200.7 202.2 203.7 205.1 206.3 206.8 207.4 206.7 206.6 205.4 204 201.8 199.5 197.2 195.4 194.5 193.7 192.8 190.8 188.3 187.3 186.4 186.3 186.5 187 188.2 188.2 188.5 188 188.1 189 189.7 190.1 189.5 189.4 189.6 189.7 188.6 187.2 186.8 188.4 190.8 193.3 196.7 199.8 201.4 201.8 200.8 198.9 196.4 194.8 192.8 190.2 188.2 187.1 185.7 185.4 185.2 185.6 185.5 185.1 184 183.1 182.2 179.6 177 172.5 167.7 163.2 157.7 151.3 141.2 132.2 121.8 114 112.7 121.3 130.4 138.9 145.8
192.6 194.6 197.2 199.2 201.2 203.4 204.8 206.1 207 207.5 207.8 207.4 207.3 206.8 205.2 203.2 201.3 199.2 198.2 197.2 195.9 194.8 192.7 189.7 190.5 188.2 188.7 189.4 189.6 189.7 189.6 189.7 188.8 188.6 189.5 190.5 191.8 191.5 191.8 192 191.8 191 189.7 189.1 189.8 191.8 193.2 196.1 198.8 201.9 202.7 200.9 199.2 197.8 196.1 194 191.8 187.7 185.5 183.2 182.7 183.4 183.7 184 183.7 183.5 182.1 181.3 180.3 177.1 173.6 169.3 164.1 159.1 155.5 149.6 142.2 131.3 118.4 107.4 111.9 121.3 132.6 141.7
195 196 198.2 200.1 202.3 204.4 205.8 207 207.6 208 208.3 208.1 207.9 207.1 205.7 203.8 201.9 200.7 199.7 198.3 197 195.1 193 190.4 188.8 188.9 188.9 189.5 189.9 190.2 190.6 190.1 188.8 188.2 189.3 190.9 192.3 192.6 192.9 193.9 193.3 192 190.7 189.9 189.9 191 191.6 192.7 195.3 196.8 198.1 197 196.2 195 193.3 191.9 189.8 186.7 183.5 181 179.5 179.6 180.2 181 181.2 180.6 180.2 179.8 179.6 177 173.6 169.7 164.6 160.8 156.2 150.7 144 136.2 124.7 112 105.3 112.8 122 131.5
197.4 197.7 199.2 200.9 203.2 204.9 206 207 207.7 208.1 208 208.1 207.9 207.1 206.3 204.4 203.1 201.8 200.6 199 197.2 195.2 193.1 191 188.6 188.2 187.5 187 186.4 187.1 187.4 187 186.1 186.4 187.6 190.2 192.4 193.4 193.6 194.2 193.6 192.2 190.8 190.2 189.1 188.8 189.3 189.6 190.7 191.8 193.1 192.4 191.9 191.1 189.7 188.1 186.3 184.2 181.7 178.9 176.9 176.4 176.5 176.8 177.1 176.6 176.3 176.2 176.1 174.2 171.3 167.9 163 158.7 154.1 148.5 142.8 135.5 127.1 120.6 108.6 103 102.4 109
198.6 199 200.2 201.9 203.4 205.1 206 206.9 207.8 207.9 207.9 207.9 207.8 207.1 206.3 205.2 203.3 201.4 199.8 198.2 196 193.8 191.5 189.2 187.1 185.6 184.9 183.8 183.2 183.2 182.9 183 183.5 184.4 186.8 189.4 192.1 193.8 194.5 194 193 191.9 190.6 189.4 188.1 186.9 186.4 186.6 186.8 187.8 188.7 188.3 187.6 187 186 184.7 182.4 181.5 179.2 176.6 174.2 173.1 173.1 172.7 171.6 170.9 171.7 171.7 171.1 169 166.3 162.8 157.9 153.2 148.8 143 137.2 131.4 124.4 113.8 103.2 102.4 102.3 98.8
200 200.3 200.6 201.6 202.9 204.9 206 206.9 207.6 207.8 207.8 207.7 206.6 206 205 203.8 202.5 200.6 198.1 195.9 193.6 191.1 188.8 187.2 185.4 183.5 182.1 181.9 180.9 180.5 180.7 181.7 182.2 184 186.2 188.6 191.2 194.1 195.3 194.7 193.7 192 190.4 188.8 187.4 185.9 184.2 183.3 183.3 184.1 184.7 183.3 182.5 181.6 181.6 181 178.7 178.1 177.3 175.3 173 171 168.4 166.9 165.8 165.1 164.1 164 165.4 163.2 160.1 156.7 152.1 142.2 132.2 124 119.4 113.8 111.2 104.9 105.9 108.6 108.1 103.5
199.3 199.9 198.9 199.9 202.4 204.6 205.9 206.7 207.4 207.8 207.8 207.4 206 204.5 203.5 202.5 201.4 199.8 195.5 194.1 192.3 191.4 190.3 188.6 186.6 184.8 183.5 182.1 180.4 179 178.1 180.5 181.9 183.7 185.6 187.9 190.6 194.1 195.5 195.3 194.5 192.1 189.8 188.2 186.7 185.3 183.4 178.2 179 180.2 180 178.2 176.9 175.3 176.5 177.3 176.3 175.8 175.5 174.4 173 170.9 167.7 164.1 161.1 158.3 157.3 156.5 155.5 152.4 148 140.5 133.1 129.4 130.3 129.4 125.7 116.4 108.2 109.1 114.6 119.5 117.6 111.4
196.3 196.5 195.7 198.1 201.6 203.9 205.8 206.5 207.2 207.8 207.5 207.1 205.7 204.7 202.7 201.3 200.1 199 196.6 195 193.8 192.7 191.5 190.2 188.7 186.9 185.5 184 182.4 180.1 176.4 179.8 181.9 183.2 185 187.1 188.2 192.5 193.7 193.1 192 190.3 187.9 187.1 185.4 183.6 181.5 179.4 175.7 175 174.8 173.6 170.6 169.5 173 173.4 173.5 174.1 174.4 174.1 173 171.8 168.7 165.4 162.6 159.2 154.9 152.4 150.2 149.9 147.2 143.2 141.9 140.7 140 137.8 129.2 112.2 109.8 117.8 124.6 125.8 124 120.2
192.6 191.9 192.5 194.2 197.7 201.1 203.4 205.5 206.2 207.6 207.1 206.7 205.6 204 202.8 201.3 199.9 198.6 197.3 196 194.6 193.2 192 190.8 189.6 188.5 187.1 185.5 184 181.8 176.3 178.4 181.7 182.9 183.8 184.3 186 189.4 191 190.7 187.7 186.1 185.3 184.2 182.5 181.8 181.2 180.1 176.5 172.3 167.1 166 164.6 161.8 167 168.1 169.2 172 173.5 173.8 173 172.3 169.8 166.6 164.1 160.6 159 157.5 156.3 155.3 153.6 151.8 150.2 149.3 146.5 140.1 123.3 110.8 115.8 127 129.5 129.6 128.6 126.7
188.1 188.8 189.7 191.9 194.9 197.8 201.2 204.4 205.9 207 206.5 205.5 204 202.3 202 200.9 199.5 198.2 196.5 195.3 194 192.5 191.5 190.5 189.4 188.3 186.9 185.3 182.2 179.8 175.1 173.3 177 178.9 179.5 180.6 182.9 186.8 188.6 188.2 186.4 183.2 180.5 179.1 179.5 178.6 178.3 177.6 175.7 174.1 168.4 166.6 163.1 156.6 159.5 162.2 168.3 171.8 173.5 173.6 172.9 172.3 171 169.1 165.8 162.2 161 158.9 158.1 157.2 156.3 155.7 154.7 154.1 150.5 129.8 112.7 113.9 124.4 133.3 134.5 133.7 132.9 132.3
183.8 185.4 186.4 188.6 191.5 196 200.2 203.5 206.6 206 205.6 204 201.8 200.7 199.1 198.5 197.3 195.8 194.5 193.2 192 191.2 190.6 189.7 188.9 188.3 186.9 185.3 183.1 181.6 178.8 173.2 175.4 176.2 176.2 176.2 179 184.9 187.2 186.3 183.8 180.3 176.3 172.9 171.6 169.7 169.8 170.8 170 167 165.7 165.3 164.3 162.3 151.1 161.6 169.5 172.1 173.6 173.3 172.5 171.9 170.7 168.9 167 164.6 162.6 160.9 158.6 157.5 156.7 156.3 156.5 156.6 152.6 127.8 113.3 117.9 132.7 139.6 140.9 140 139.8 139.1
179.8 181.9 183.4 186 190.2 194.8 199.7 202.4 204.2 205.3 204.8 203.3 200 197.3 195.5 195.9 194.9 193.8 192.5 191.1 189.5 188.6 187.8 188.1 187.7 187.1 185.8 184.8 183.4 181.6 178.6 172.2 169.4 169.9 168.9 166.9 169.5 175.5 178 179.7 178.5 174 169.1 164 162.3 161.7 161.8 162.3 162.2 158.9 151.4 152.6 154.3 154.2 147.7 150.9 162.5 167 169.9 169.9 169.3 167.8 166.1 164.4 162.1 159.7 158 155.9 155.7 154.9 154.6 156.6 158 157.4 151.7 131 114.3 122.3 137.3 144.5 147.9 147.9 147.8 147.9
174.8 177.6 181.7 184.9 188.9 194.2 199.4 201.2 203.3 205.5 202 201.8 198.1 196.7 193.7 192.5 191.9 191.1 189.9 187.5 186.4 185.2 184.2 184.6 183.5 181.8 180 177.6 174.9 172.8 169.6 168.2 166.9 166.4 165.3 165.9 162.7 161.6 163.7 166.5 165.6 161.9 159 157.4 156.6 156.2 156.7 157 153.8 150 153 152.9 150.1 149.5 146.6 141.9 148.9 160.7 164 163 161.3 160.9 159.7 157.7 153.3 151.8 148.8 148.4 149.6 150.2 151.3 151.6 152.6 155.3 152.3 136.2 115.4 123.5 138.8 146.4 151.3 154.1 155.2 153.6
178.5 181.5 184.2 187.5 191.2 195.3 199.3 201.9 204.1 205.9 203.4 201.5 199.9 195.1 193.7 190.1 188.6 186.3 185.4 184.5 183.4 182.2 181 179.2 177.5 175.7 173.3 172.3 172.7 174 173.3 172.2 172.1 172.1 172.9 173.9 172.2 167.8 163.3 160 159.3 159.9 157 156.8 154.6 151.9 151.8 152.9 150.9 156.3 160.5 161.3 160.4 158.1 153.6 149.2 141.3 149.3 151.5 149.2 150 150.6 151.2 147.3 138 132.5 131.7 134.3 139.3 143.6 145.6 146.6 145.1 144.7 135.7 124.2 117.4 118.7 133.1 143.9 150.5 154.8 156.8 157.5
180.7 183.8 185.9 190.3 192.5 196.8 199.9 202.2 203.7 206.2 205.4 202.4 200.3 197.1 194.1 190.2 187.5 185.6 183.7 182.1 180.3 178.9 176.7 176.4 175.5 173.8 174.3 176.6 178.5 179.7 180.3 179.5 178.7 179.6 180.3 179.2 177.8 175.4 168.8 164.7 163.4 163 161.2 161.1 160.5 159.1 155.7 153.5 157 161.3 163.7 165.8 164.9 161.5 156.7 151.2 143.7 140.4 140.2 140.9 140.3 138.6 135.4 133.5 133.2 134 133.4 130.9 127.5 129.4 136.3 137.9 129.6 121.4 118.9 119.5 126.2 125.7 122.2 134.5 143.7 149.3 154.7 157.9
180.1 184 187.2 190.9 192.7 196.3 199.6 201.6 203.4 204.3 204.5 203 200.9 197.7 194.6 192.1 189.6 187 184.5 182.4 180.3 179.1 178.9 178.7 178.1 176.9 175.5 180.2 182.3 183.8 184.8 185.2 185.6 186.5 186.5 184.7 182.3 179.2 174.9 170.9 169.6 167.8 165.8 164.5 163.8 161.7 156.9 156.8 159.9 163.7 166.5 168.2 167.6 164.3 159 153.2 149.1 144.5 140 137.9 136.6 137 139.5 143.5 144 143.6 143.6 141.9 137.8 128.9 124.8 123.2 123.3 124 127.4 135.2 141.8 141.6 127.6 125 132 141.3 147.7 152.3
178 183.4 187.3 190.8 193.9 197.5 200.3 202 202.7 203.2 203.5 202 200 198.2 196.5 194.4 192 189.1 186.3 183.8 181.9 181.6 181.4 181.3 180.1 179.2 176.9 181.6 184.1 186.3 187 188.7 189.2 189.6 188.6 187.2 184.4 181.1 177.7 174.5 174.3 172.1 169.8 167.7 166.2 163.2 157.7 160.7 161.9 164.7 168.6 170.8 169.9 165.7 161 155.6 151 147.5 142.9 139.6 139.6 141.6 146.5 148.6 149.3 149.2 148.4 148.3 145.5 141.4 135.8 136.3 136.9 141.2 143.2 148.6 151.8 150.1 143.2 136.3 132.2 131 140.8 146
178.8 183.6 187.9 192 195.1 197.5 200.2 201.4 202.2 202.4 202.2 201.8 201 199.8 197.7 196.3 194.2 191.1 188.2 185.8 184.9 184.3 184 183.7 183.3 182.4 179.4 180.7 184.2 186.5 188.8 190.4 191.3 191.6 190.8 189.3 186.7 183.8 179.8 177.7 176.8 174.2 171.8 168.9 166.4 162.6 161.7 165.5 165.9 167.3 170.5 172.3 171.8 167.8 161.8 156 150.8 146.4 142.2 142.9 142.4 143.3 148.8 151.7 153.6 154 154.2 153.7 152.7 150.8 148.6 143.4 146.2 151 153.6 158 156.7 156 150.9 144 137.4 130.5 133.6 139.5
178.7 183.7 188.3 192.4 195.7 198.2 200.2 201.5 201.6 200.9 199.6 199.8 200.1 199.3 198.9 197.3 194.6 192.9 191.3 188.8 188.5 187.2 186.6 185.9 184.6 183.2 182.3 181.3 183.5 186.6 188.4 190.4 191.7 192.7 192.2 191 188.8 186 182 180.9 179.3 176.2 172 168.1 164.2 163.7 166 169.6 171 176 179.5 179 174 169.6 162.3 156.2 151.6 146.6 146.6 146 144.4 145.8 151.2 155.1 157.5 159.1 160.2 160.5 160.1 159.4 156.8 154.3 155.2 158.8 160.8 160.6 161.4 159.2 155.2 143.9 137.4 134.8 135.3 136
178.2 183.5 187.9 191.9 195.3 198 199.8 200.7 198.9 198.4 197.2 197.8 198.4 198.4 198.1 198 197.2 195.6 193.9 192.3 191.7 190.6 189.3 187.9 186.7 185.5 184.4 183.4 183.4 186.2 188.3 190.3 191.6 192.6 193.2 192.1 190.7 187.8 185.3 184.2 181.9 178.3 174.4 168.8 168.3 168.8 171.5 175.2 177.9 178.7 177.1 180.2 177.2 172.6 166.1 159.3 154.2 150.3 150.3 149.9 148.4 148.3 153.9 159 161.8 164.5 166.1 167.1 166.9 166.4 166.4 165 164.7 165.6 166.4 164.8 163.1 159.7 154.3 142.9 136.9 139.7 139.8 135.7
179.3 184.3 187.1 191.3 194.3 196.7 198.1 198.1 196.3 195.5 195.1 195.7 196.4 196.9 197.5 197.9 198.3 197.6 197 195.5 194.3 193.7 192.3 190.8 189.2 187.7 186.6 185.4 185.2 186.1 188.2 190.2 191.5 192.6 193.7 193 192.2 189.7 188.8 187.6 185.8 183.7 180.3 176.9 174.4 177.8 180.3 182.4 183.7 184.9 184.6 185.7 183.1 177.6 171.2 164.5 157.8 155.3 155.1 154 152.4 150.8 156.6 162.6 165.5 168.3 170.4 172.1 172.9 173.6 173.4 173.2 172.2 171.2 170.7 169.2 165.6 159.7 151.8 142.9 142.4 144.1 142.6 140.1
180.5 184.3 187.3 190 191.6 193.7 194.9 195 195.4 194.1 192 192.9 194 195.7 196.4 197.8 198.4 198.9 198.5 198.7 198 196.9 195.7 194 191 189.4 188.4 187.4 186.5 186.4 188.1 190.1 191.4 192.8 193.9 193.5 192.8 192.4 191.5 190.9 189.6 187.8 185.9 184.1 180.7 182.9 185.5 187 188.3 188.6 185.9 185.6 183.9 181.3 175.4 173.2 162.2 161.4 160.5 159.1 157.8 155.2 160.7 166.6 169.3 172 174.9 176.8 177.9 178.6 178.5 178 177.3 176 174.4 172.2 168.5 160.7 148.1 147.8 149.8 147.9 145 142.3
179.3 182.9 185.2 187.8 189.4 191.4 192.9 193.8 193.2 191.3 189.8 190.6 193.2 194.5 195.4 196.7 198.3 199.8 199.9 200.1 200.1 199.4 198.4 196.6 194.2 192.1 191.1 189.4 188.2 187.4 188.4 190 191.6 192.9 194 194.2 194.4 193.6 192.8 192.7 192.1 190.9 189.5 188.8 188.5 187.6 189.8 190.9 192 192.4 187.8 186.6 185.5 185.6 182.6 177.1 167.6 167.9 167.4 167.5 165.8 162.4 165.1 170.8 173.7 177 179.3 181.2 182.7 183.2 182.8 182.3 181.1 179.7 177.9 175.1 171.4 163.9 150.2 155.3 153.8 150.6 147.4 143.7
177.2 179.8 182.2 184 185.4 187.1 188.7 189.6 189.3 188.9 186.4 190 191.7 193.2 194.5 195.7 197.6 199.3 201 201.3 201.4 200.9 200.3 198.6 196.7 194.8 193.1 191.5 190.4 188.6 188.5 189.9 191.6 192.8 194 194.5 194.7 194.6 194.2 194.2 193.6 192.7 191.7 191 191.3 192 192.9 193.9 194.8 194.6 193.8 192.1 186.3 185.7 181.2 177.2 177.5 176.7 174.6 174.7 173.6 170.2 166.2 174.3 177.7 180.7 183.2 185.5 187.5 187.5 187.4 186.8 185 183 180.8 177.8 173.4 165 153.9 161.5 159.1 153.4 149.2 146.1
174.2 176.1 178 179.4 180 181.9 183.5 184.5 184.8 184.3 184.6 187.4 189.6 190.5 191.8 194.3 196.1 198.1 200.2 201.2 201.8 201.5 201.1 199.5 198 195.6 194 192.1 190.1 188 187.5 188.9 190.4 191.7 192.5 193.1 193.7 194 193.4 192.9 193.2 193.5 193 192.9 193 193.4 194.2 195 195.9 195.8 195.4 194.1 190.9 187.1 184.6 184.3 184.3 182.7 180.8 179.6 178 175.4 167.9 176.7 180.5 184.2 187.3 189.8 191 191.4 190.4 189.2 187.4 184.7 182.2 178.6 174.1 165.5 159 164.2 161.5 156.2 151 148.2
170.8 172.3 172.5 173.2 174.6 176.6 178.3 179.3 179.6 179.7 181.5 184.1 186.4 188.1 188.5 189.8 192.8 196.6 199.2 200.4 201.1 200.7 200.5 199.1 197.5 195.6 193.5 191.5 189.4 187.4 186.5 187.7 188.8 190 190.2 190.4 191.2 192.1 191.5 191.1 191.4 191.7 192.9 193.3 193.7 194.1 195.1 195.8 196.6 197 196.2 195.7 193 190.9 189.2 188.8 188.5 186.2 184.7 183.3 181.3 177.5 174.6 179.3 183.1 187 190.1 191.9 192.6 192.6 191.6 190.1 187.6 184.7 181.3 176.8 172.3 162.8 163.8 166.6 164.3 159.6 154.3 150.3
165.8 165.9 167.1 168.7 169.1 171.3 173 174.1 174.3 174.7 178 179.9 182.3 184.7 185.4 188 192.5 195.1 197.7 199.1 199.7 199.5 198.4 197.1 194.9 192.9 190.5 188.5 186.4 184.8 182.8 183.7 185.3 186 186.6 187.3 188.1 189 189 189.3 189.6 190.1 191.3 191.9 192.4 192.7 195.3 196 197.2 198.4 198.1 197.6 196.7 195.8 194 193.1 191.9 189.7 187.9 185.6 181.8 177.2 180.1 182.4 184.5 187.3 189.7 191.1 191.7 191.8 190.8 189.5 186.9 183.5 180.3 173.9 167.2 164 168.5 169.4 167.1 163 158.1 153.9
161.9 164.2 166 167 168.2 168.7 170 171.9 173.7 174.2 174.5 176.8 179 181.6 183.8 186.4 189.8 193.2 196.4 197.7 198.4 197 196 194.5 192.3 189.9 187.3 185.2 183.1 181.4 180.6 180.7 182 182.9 183.5 184.2 184.9 185.7 186 186.7 187.3 187.9 188.9 189.9 190.5 191.6 194.2 196.2 197.7 199.1 200 200.3 199.8 199.5 198.7 197.4 195.2 193.1 190.4 187.4 183.7 182.8 183.6 185.3 187 188.1 189.7 190.7 191.2 190.8 190.3 188.9 187.1 184.2 180 174.5 165.7 170.4 173 172.1 169 166.2 162.6 157.9
166.3 169.4 171.4 173 173.4 173.9 174.6 176.8 179.1 179.8 179.3 178.6 178.9 179.3 182.9 186.8 188.8 192 195.1 196.3 196.1 195.5 193.2 191.5 189.3 187 184.1 181.9 180.1 178.8 178.2 178.4 179.3 179.8 180.5 181.5 182.1 182.6 183.2 184 184.9 185.5 187.1 187.7 188.7 191.5 194 195.1 197.1 199.7 201.5 202.3 202.6 202.5 202 200.8 198.9 196.3 193.1 190 185.9 187.4 188.2 188.5 189.6 189.9 190 190.6 190.2 189.8 189.3 188.4 186.9 184.3 180.7 174.1 170.6 176.2 176.8 175.7 173.7 170.2 166.5 162.3
170.5 173 174.7 176.7 178.6 179.1 179.8 181.5 183.3 184.3 184.2 183.6 183.1 182.7 182.3 186.3 189.1 191.2 193.5 195.1 194.6 192.9 190.9 189 186.3 183.1 180.6 178.6 176.9 176.2 175.9 175.9 176.5 176.8 178 178.7 179.4 180.2 181.2 181.5 183.4 184.1 185.5 187.4 189.8 192.3 194.8 197.4 199.6 201.6 203.4 204.3 205 205.1 204.6 203.2 201 198.3 195.1 192.4 191 191.5 191.3 191.4 191.5 191.8 191.4 190.2 189.3 188.4 187.5 186.5 185.6 183 179.5 171.7 175.1 178.8 179.6 178.4 176.5 173.4 170.2 166.4
172.3 175.2 177.7 179.6 181.2 182.9 184.7 185.7 187.1 187.8 188 187.4 187 186.1 186.1 187.7 190 192.5 193.6 194.4 193.8 191.5 189.5 187.2 182.3 178.7 176.7 175.1 174.2 174.1 174.2 174.7 175.8 176.6 176.2 177.1 178.4 178.9 179.5 181.2 183.4 184.2 185.4 187.5 189.8 192.3 194.7 197.6 200.1 202.4 204.4 205.9 206.7 206.8 206.2 204.7 202.8 200.6 197.8 195.4 194.7 194 193.9 194 193.8 193 191.9 190.3 188.2 186.9 185.7 184.7 183.9 181.7 179 171.2 178.7 180.6 181.9 181.1 179.2 176.6 173.1 172.1
173.4 177 179.6 181.9 183.6 185.2 187.2 189 190 190.7 191.2 190.7 190.4 190 190 190.6 192.3 193.2 193.9 194.6 193.6 191.7 189.7 186.5 182.2 176.1 173.9 172.6 172.4 173.1 174.2 177.1 179.1 179.7 180.2 180.2 180.1 180.6 181.2 182 183.5 184.4 185.8 187.6 189.9 192.2 195.2 197.8 200.1 202.3 204.8 206.5 207.6 207.8 207.4 206.2 204.2 202.2 200.1 197.9 196.9 196 195.4 195.1 194.6 193.5 192.2 190.3 188.1 185.9 184.2 183 182.1 180.3 177.9 175.4 181.7 183.6 184.2 182.8 182.2 179.6 176.2 174.9
172.8 177.2 181.1 183.6 185.9 188.6 190.9 192 192.7 193.1 193.3 193 192.2 191.7 192 192.3 192.6 193.2 194 194.7 193.7 191.7 189.1 185.8 181.1 175.9 171.2 170.8 172.2 174.7 177.7 180 181.6 182.3 182.2 182.2 182.2 182.5 183.1 183.7 183.6 184.7 186.1 187.3 190.4 192.2 195.5 197.7 199.9 202.4 204.8 206.8 207.9 208.2 207.4 206 204.8 202.7 200.6 198.7 197.1 195.3 194.2 193.8 193.8 193.1 191.6 190 187.8 185.8 183.6 181.4 179.9 178.5 175.6 180.4 183.7 185.1 184.7 184.3 183.5 180.8 178.5 176.4
171 175.8 180.8 184.2 187.7 190.5 192.2 193.6 194.2 194.8 194.7 194.1 193.1 192 191.8 191.9 192 192.7 193.4 194 193.1 190.6 188.2 184.1 178.7 172.3 170.4 172.6 176.7 179.4 181.2 182.6 183.5 184.1 184.3 184.2 184.2 184.5 185 185.1 184.9 185 186.4 187.6 189.5 191.6 194 196.1 197.5 200.3 203.2 205.4 207 207.3 206.4 204.9 203.4 201.5 198.4 196.2 195.1 193.7 192.7 192.4 192.3 191.8 190.7 189.5 187.6 185.6 183.5 181.4 179.4 179.4 181.2 182.9 185 186.4 187 186.3 184.5 182 179.4 176.7
168.4 173.4 179.4 183.5 186.7 190.2 192.2 193.5 194.3 194.3 194.1 192.9 191.8 190.6 189.6 189.2 189.6 190.5 191.2 191.6 190.9 189.3 184.7 182.2 175.1 168.4 171.8 176.3 180.8 182.4 183.4 184.3 185.1 185.6 185.9 186.3 186.2 186.4 186.5 186.4 186.2 186 186.7 187.9 188.8 189.6 192.2 193 195.2 198.1 201.1 203.2 204.6 204.7 203.6 201.9 201.2 198.2 196 193.9 192.9 191.2 189.7 190.4 190.3 189.9 188.4 187.7 187.1 185.5 183.8 182.8 181.6 182.7 184.2 185.9 186.9 187.8 186.9 186.2 184.2 181.8 179.1 176.3
165.7 170.1 176.8 180.8 184.5 187.6 190.1 191.6 192.3 192.6 192.1 191.4 190.1 188.5 187.2 186.6 187.1 187.8 188 188 186 185 184.9 180.4 172.7 168.3 175.7 180.2 183.1 184.3 185 185.4 185.8 186.3 187.2 187.4 187.5 187.6 187.5 187.4 187.4 187.3 187.1 187.9 186.8 187.6 187.5 189.6 191.2 193.8 196.6 199.8 200.8 201 200.2 198.9 197.2 194.9 193.7 191.7 188.7 187.2 186.6 187.2 187.5 187.5 187.1 186.7 186.3 185.8 185.2 184.6 183.8 185 185.8 186.7 187.7 188.3 187.4 186.4 184 181.5 178.7 175.9
