app/static/ascii/SS43.asc
ncols 200
nrows 200
xllcorner 240000
yllcorner 130000
cellsize 50
[rows 0 to 39 of 200, columns 90 to 179 of 200]
69.2 64.8 59 50.5 45.1 48.3 51.7 56.7 61.5 67.9 74.2 79.7 85.2 90.5 94.4 98.1 101.4 102.6 103.1 102.3 101.4 99.4 97 94.8 93.1 92.4 92.6 92.8 91.5 91.6 91.8 92.3 92.9 94.4 95.6 96.6 98.2 98.2 95.9 86.7 85.1 88.6 93.9 96.6 98.6 100.2 100.9 101.9 103.2 104.7 104.3 102.9 101.4 105.3 108.9 112 114.3 116.4 117.9 120.6 121.5 121 118.6 115.8 112.5 108.7 107.4 105.7 104 102.5 99.6 96.6 93.9 90.2 86.1 82 78.5 75.5 74.1 78.3 84.4 90.6 97.1 103.5 109.2 113.4 117.4 120.5 121.9 122.1
70.4 67.8 62.2 55.7 47 45.3 51.4 57.1 63.2 69.5 76.1 82.2 87 91 94.6 98.2 100.8 102.3 103.7 103.7 102.4 99.8 97.2 95.3 93.5 91.7 88.8 88.4 86.8 85.9 86.1 86.6 87.7 89.4 90.6 91.6 92.6 92.1 89.3 82.1 85.9 90.8 95.4 97.6 99 100.3 100.7 101.3 104.1 102.4 100.2 100.1 103.6 107.2 111.2 113.7 116.1 117.9 119.6 121.3 122.6 122.4 120.5 117.9 115.9 113.2 111.5 109.9 108.1 106.6 104.8 101.8 98.2 92.5 88.4 84.3 80.3 76.1 70.2 77.3 85 92.3 98.6 104.9 109.3 113.4 117.1 119.2 119.9 120
75.1 73.1 67.7 62.3 52.6 43.5 46.6 52.3 60.3 68.3 75.6 81.1 86.2 90.6 94.4 97.8 100.2 102.1 103.9 104 102.7 100.1 97.5 96.1 94.5 92.8 90.5 87.1 83.4 80.9 80.4 81 82.7 84.4 85.8 86.6 87.2 86.2 78.5 82.2 87.5 92.2 95 97.4 98.9 100 99.5 99.6 99.2 99.6 98.6 103 107 110.8 113.5 115.7 117.8 119.4 120.5 121.6 122.7 124 122.3 120.3 118.4 117 115.7 114 112.3 110.8 109.2 106.8 103.2 96.2 90.7 86.6 81.8 76.3 70.1 75.4 83.1 92.7 99.2 105 109.4 113.6 116.1 117.6 117.9 117.6
78 78.3 74.7 70.3 61.4 49 42.9 45.5 54.5 62.9 70.7 78.5 85.1 90.1 94 96.7 99.1 100.8 102.2 102 101.1 99.7 97.6 97.1 95.6 94.2 92.1 88.4 84.3 79.7 76.6 76 77.7 79.4 81.1 81.1 81 80.1 77.6 82.1 88.5 92.2 94.5 96.2 98.2 98 97.5 96.8 95.8 96.4 100.4 104.5 107.7 111.5 114.1 115.9 117.3 118.6 119.7 120.9 122.2 123.2 124.7 122.8 121.2 119.8 118.5 117.2 117 116.1 114.9 112.6 109.3 102.8 94.4 88.2 82.4 76.8 69.9 73.6 82.2 92.5 99 104.5 108.9 113 114.6 115.7 115.8 114.9
81.2 81.8 79.9 75.3 68.4 55.5 45.7 40.7 47.1 55 65.9 75.4 83.3 89.2 93.2 95.5 97.8 99.2 100.1 100.1 99.4 99 97.6 96.9 96.7 95.7 93.8 89.6 85.5 80.2 74 71.3 73.1 75.1 73.8 74 72.2 75.8 80.2 85.8 89 91.9 94.4 96 97.4 96.1 95.5 94.8 94.3 98.2 101.7 104.8 108.1 111.3 112.7 114.1 115.5 117 118.5 120 120.8 122.2 122.9 123.5 124.1 122.6 121.6 121.5 121.9 121.8 120.5 118.5 115.5 110.6 100 89.7 82.6 75.9 66.8 73.2 81.4 92 98.8 104 108.8 111.9 113.3 113.6 113.6 112.3
81.8 84.9 84.8 80.6 73.9 65.3 52.5 40.9 40.1 48.1 60 73.5 82 88 91.6 94.2 96.4 97.6 98 98 97.8 96.5 95.3 94.9 94.7 95.2 94.7 90.8 86.2 80.7 74.4 67.1 66 67.4 71.5 73.2 74.4 78.4 85.1 88.8 90.7 91.6 94.3 96.2 96.5 94.9 93.1 91.7 95.2 98.6 101.9 105 107.7 110.1 111.3 112.6 113.8 115.2 116.6 118.1 119.3 119.9 120.4 121 121.7 122.8 124 124.5 125 125.2 125.5 123.7 120 116 105.2 91.8 83.3 73.5 65.9 74 83.7 92.8 99.3 104.2 107.7 110.6 110.8 110.5 109.6 109.4
80 86.4 90.1 87.3 81 73.5 62.4 48.5 38.9 41.2 53.2 69.1 78.9 85.2 89.2 92.4 94.9 95.9 95.8 95.7 94.7 93 92 91.6 92 91.9 90.9 89.9 85.5 80.1 70.8 63.7 67.4 71.8 75.7 80.9 84.3 87 89.6 92.3 94.9 95.7 96.5 97 95.9 92.4 90.4 92.5 95.8 99.1 102.2 104.1 106.8 108.8 110 111.3 112.5 113.8 115 116.3 116.9 117.2 117.9 118.5 119.4 120.8 122.2 123.3 123.8 124.3 124.1 122 120 115 106.1 94.4 81.4 70.2 67.7 75.9 85.5 93 99.1 104.5 108.3 109.5 108.4 106.2 105.6 105.4
77.5 86.9 92.9 90.6 87.2 81.6 71.8 58.1 42.9 35.5 43.9 58.6 71.6 81.2 86.8 91.2 94 94.7 94.3 92.8 91.1 89.6 87.7 85.8 84.1 84.4 83.3 82.3 81.6 78.8 68 65.1 71 79 83.3 86 88.6 91.1 94.8 97.1 99.1 99.7 99.7 98.3 96.4 91.7 87.5 93.2 96.2 99.5 101.7 103.5 105.8 107.5 108.7 110 111.2 112.5 113.4 114.2 114.5 114.7 115.4 116.1 117.4 118.8 120.3 121.4 122.1 122.9 122.1 120.2 116.7 113.1 106.4 95.1 79 66.5 67.7 77.1 86 92.3 98.5 103.9 108.1 108.8 105.4 102.1 101.2 100.9
76.4 85.2 90.6 91.5 88.5 83.3 79 68.1 49.8 37.3 38.4 48.2 63.2 76.9 85.7 90.9 93.2 93.6 91.4 89.5 86 82.9 80.9 79.2 76.9 73.6 72.3 71.2 70.4 67.6 59.2 69.2 80.1 84.4 88.5 91 94.1 97.2 99.4 101.5 102.8 102.7 102.4 100.5 97.7 87.4 89.2 93.9 96.6 99.3 101.2 103.1 104.6 106.2 107.4 108.6 109.6 110.4 111.3 112.1 112.5 112.8 113 114 115.4 116.9 117.5 118 118.1 119 118.4 117.8 114.6 111.4 106.3 98.8 81.3 64.3 66.6 76.4 84.7 91.3 97.8 103 105.9 105.3 101.6 98.4 95.4 94.8
74.5 82.1 87.6 88.6 88.7 84.7 78.1 69.5 54.7 39.5 34.4 43 58.8 75.9 85.9 91.6 93.7 93.5 91.9 89.5 84.6 79 74.3 71.8 69.2 64.9 61.8 60.2 59.9 58.1 64.3 77.1 84 88.8 93.7 96.6 99.3 101.3 102.9 103.9 104.9 105.2 105.1 103.9 98.2 84.8 91.1 95 97.6 99.4 101.6 102.9 103.8 104.8 105.8 106.6 107.5 108.3 109.1 110 110.5 110.5 110.8 112.1 113 113.6 114.1 114.6 114.6 115 114.6 114.3 113 110.1 106.9 101 88.5 67.1 63.3 71.4 80.3 88.8 94.9 100.3 102.8 101.7 96.6 92.8 89.8 89.1
67.7 74.8 80.9 83.6 82.8 80.2 76.1 68 48.5 36.5 32 41.7 56.7 75.9 86.5 92.5 94.5 93.5 92.1 87.9 82.8 78.6 70.5 64.2 61.5 56.8 53.9 52.7 57.3 62.2 71.3 80.1 86.2 91.2 95.5 99.9 103.7 105.1 105.8 106.5 107 107.3 107.5 105 90.9 83.2 94.3 98 100.8 100.9 101.4 102.3 102.7 103.3 104 104.7 105.3 106.1 107 107.9 108.6 109 109.3 109.6 109.7 110.2 110.7 111.2 111.1 111.1 111 110.5 109.8 109.1 106.8 102.1 95 76.8 62 65.1 72.3 82.6 91.8 97.1 99.4 97.1 91.2 86.3 83.5 85.8
56.4 62.9 69.9 72.4 72.3 69.7 66.5 60.5 42.2 33.8 31.6 43.6 60 76.8 86.9 93.5 94.3 92.8 91 88.3 84 77.6 68.8 58.1 50.7 49.5 54.4 66.7 71.7 75.6 79.4 83.7 87.7 92.4 97.2 101.6 105.3 106.9 107.7 107.9 108.8 109.3 108.9 106.5 95.9 83.2 90.6 97.8 100.3 100.3 101.1 101.4 101.2 101.8 102.5 103.1 103.4 104.3 106.3 107.7 109 109 109 107.7 107.6 107.7 107.8 106.8 105.9 105.3 104.6 103.7 103.9 104.2 103 101.5 96.9 86.5 70.4 58.7 62.6 70.7 82.1 90 95.2 92.5 87.3 81.2 77.7 82.1
42.8 50 55.4 57.5 57 55.1 52 48 37.6 29.4 35 49.2 65.3 79 87 88.7 87.6 85.6 86.5 86 84.8 78.4 66.3 51.5 47.7 54.3 66.7 73.6 78.4 81.5 85.1 88 89.5 93.6 97.2 100.8 103.4 104.5 106.2 107.4 107.1 108.1 108.7 105.9 100.4 86 86.5 96 98 98.1 98.2 98.9 98.8 99.3 99.7 100 102.2 104.5 106.1 107.6 109.1 109.4 108.5 106.9 105.2 104 103.4 102 100.3 98.5 97.6 97.9 98.1 98.3 97.4 95.3 93.7 89.9 79.7 63.6 56.7 60.5 69.9 79.9 86.1 86.9 81.3 72.4 72.6 75.3
33.1 36.6 39.3 40.2 40.4 39.9 38.6 34.9 28 28.8 42.2 56.3 70.1 76.8 77.7 75.1 73.3 72.6 74 75.1 76.4 76.6 65.1 48.7 50.1 61.6 71 78.2 84.3 87.4 90.2 92.2 93.6 95.4 97.4 99.4 100.9 102 102.9 103.4 104.7 104.7 104 100.1 90.9 79.8 86.8 95.1 95.1 94.3 93.9 94.1 94.8 96.2 97.9 100.2 102.4 104.5 106 107.4 108.9 109.3 108.1 106.8 105.3 103.5 102.1 100.1 98.2 96.4 93.5 91.5 91.6 89.4 89.3 88.4 86.8 83.1 78.7 65.9 57.5 55.8 58.3 68.2 74.7 75.9 72.8 65.2 66 67.4
24.3 25.4 27.2 27.6 26.8 28 27.4 27.1 27.4 33.6 42.6 52.7 56.8 60.3 60.9 58 56 53.6 54.4 57 60.2 60.3 53.9 46 53.1 63.7 72.6 80.2 85 89.2 94.5 96.5 97.8 97.8 97.9 97.6 97.9 98.1 98.8 99.3 100.1 98.3 95.7 90.4 81.3 75.1 86.3 91.2 90.9 90.3 86.2 90.6 92.7 96.2 98.7 100.8 102.6 104.3 105.3 106.2 107.5 108.9 108 106.8 105.3 104 102.2 99.5 99.3 97.6 94.8 86.5 86.8 83.2 80.3 78.3 75.8 72.9 65.3 63.9 66.3 59.7 54.8 57.3 64.7 66.8 63.8 58.9 57.8 58.6
19.8 20.2 20.9 20.9 22.2 22.9 23.3 24 24.4 27.6 32.8 36.6 42.5 41.8 42.8 39.8 36.8 33.1 37.1 39.7 40.9 41.7 41.6 47.4 56.8 63.7 72.3 78.4 82 85.6 89.9 92.4 93.1 92.5 91.5 90.9 91.7 92.8 94.1 95.2 95 92.2 88 80.5 73 74.6 77.4 80.9 83.5 83.3 84.9 89.8 91.9 95.6 98.8 100 101.2 102.2 103.5 104.5 105.9 106.8 107.4 106.6 105.4 104.7 104.3 103.9 103.6 102.5 102.1 99.1 94.8 88.9 80.2 73.7 71.8 73.8 76.4 78.9 79.5 70.8 62 53.6 55.3 57.4 55.5 52.6 51.2 45.7
17.7 18.1 20.2 20.1 21.6 23.7 24.2 25 26.9 27.6 27.7 27.6 29 30.5 30.9 33.9 37.1 40.2 40.6 40.9 41 41.8 41.9 44.8 52 57.2 62.6 66.5 70.2 75.4 80 81.4 80.1 76.1 77.8 79 81.8 83.7 86 86.4 87.1 86.5 78.3 71.4 72.5 75.3 76.9 79.5 80.2 81.2 83.7 86.7 88.7 91.6 95.9 98.2 98.6 99.9 101.3 102.7 103.9 104.8 105.7 106.4 106.6 107.7 108.2 108 107.7 107.6 107.1 106.2 102.8 96.7 86.8 86.6 90.2 92.5 93.7 94 91.2 86.7 73.3 62 52.6 50.1 48.8 49.3 49.4 48.9
21.4 23 23.8 27.2 30.7 33.2 34.9 36.5 36.7 35.4 33.4 29.9 30.6 32.7 36.6 41.6 45.9 49.2 50.9 52.6 54.4 56.3 53.6 46.8 44.8 47 51 51.9 55.4 60.4 64.4 63.7 61.3 57.6 58 62.5 68.1 71.1 74.8 75.7 76.8 75.3 68.6 73.4 78.8 81.2 83.3 85.7 86.2 86.6 86 85.5 87 90.3 93.7 94.9 96.9 97.9 99.3 101.3 102.7 104.3 106.3 107.4 108.2 109.5 111.1 111.2 111.6 112.2 111.9 110.7 108.5 102.9 94 94.3 99.6 104.9 105.2 103.3 99.2 95.1 87.4 75.8 63.8 57.2 54.5 56.6 57.6 61.8
22.4 24.7 26.5 32.9 38.3 43.5 48 49.4 48.7 47.7 47.5 45.2 38.3 40 46.3 52.9 57.5 61.2 62.4 63.7 65.1 65.6 63.7 58.7 48.4 49.5 50.4 50.4 51.6 51.3 53.1 56.3 59.6 63.4 65.8 65.8 63.2 62.7 62.3 65.8 65.9 67.6 72.9 78.5 84.3 87.5 89.7 91.1 91.2 91.6 92.9 94.2 94 95.9 95.8 98.5 99.1 99.7 102.1 103 104.3 105.7 107.4 109.1 110.6 112.2 113.8 114.8 115.5 116.1 116.5 115.1 112.4 108.7 98.1 101.8 105.6 107.9 109 108.2 106.5 102.3 97.3 90.3 83.3 75.9 73.5 73.7 73.6 76.2
25.9 26.3 32.5 38.5 44.9 52 58.3 58.6 59.8 60.7 60.3 54.8 42.2 44.6 53.4 62.8 68.8 72.6 74.8 76.6 77.8 79.2 78.3 69.6 52.3 55.7 61.1 62.6 62.5 62.4 64.3 67.7 72.7 76.2 77.6 77.2 74.7 71.6 69 69.6 70.9 75.8 81.6 85.8 90.3 93.6 95.9 95.9 95.8 96.6 98.1 99.5 100.5 101.5 99.7 102.2 102.7 103.8 104.6 107.3 107.8 109.4 110.9 112.3 113.9 115.4 117 117.1 117.6 118.3 117.8 116.5 113.9 109.9 107.2 109.5 111.6 112.4 113.6 113.2 111.4 109.6 105.5 99.7 96 94.5 93.3 90.9 87.9 85.3
28.5 31.3 36.1 41 47.7 54.9 59.9 64.6 64.9 66.8 67.8 57.3 44.2 50 59.7 70.9 78.2 83.3 87.2 89 89 90.2 86 69.9 56.3 62.4 75.7 80.4 81.2 81.5 82.5 84.7 86.3 87.9 88.5 88.7 87.6 86 83.5 80.3 78.3 84.8 90 93.6 96.1 99.1 99.5 100.5 100.7 101.8 103.2 103.5 104.7 106.1 106.3 106.4 107.6 108.5 109.3 110.1 111.3 112.7 114.2 115.7 117.1 118.7 119.4 119.5 119.7 119.9 118.6 117.4 115.9 112.1 113 115.2 117.2 117.4 118.2 117.8 117 115.5 113.4 109.9 105.9 102.2 102 100.6 97.3 90.9
30.1 34.5 37.8 43.1 49 56.5 62.6 67 69.4 71.8 68.6 57.1 45.1 54.4 61.6 73.7 85.3 93.2 98.6 100.6 99.8 98.8 91.6 73.5 60 67.5 83.9 92.1 96.5 97.8 98.2 99.4 99 98.7 99.7 99.9 99.4 98 96.6 93.6 88.9 93.1 96.6 98.9 101.2 103.6 104.9 104.9 105.6 106.9 106.8 107.6 108.9 110.2 111.2 111.3 112.3 113.1 114.1 115.2 116.3 117.4 118.4 119.5 120.5 121.6 121.9 122.2 122.3 121.3 120 118.8 117.8 117.5 117.9 119.3 120.2 121.4 121.5 122.2 122.3 121 117.3 114.4 111.2 108.3 106.3 104.3 101 91.5
34 35.8 40 45 51.9 59.4 65.5 71.9 74.7 75.3 70.5 61.5 53.3 56.3 63.7 73.6 84.4 94.8 103.7 110.3 109.4 104.4 91.1 75.3 64.5 73.7 87.2 96 101.3 103.8 106.3 107.3 107.2 108.4 108.6 108.1 106.6 105.2 103 100.8 99.1 100.1 101.3 103.5 105.9 107.7 108.6 110.3 110.9 110.5 111 111.8 113.1 113.9 114.2 116.1 117.3 118.4 119.4 120.5 121.7 122.8 123.8 124.9 125.3 125.1 125.2 125.1 124.4 123.2 122 120.9 120.3 120.4 120.6 121.6 122.5 122.5 123.3 123.3 122.4 121.2 119.3 116.7 114.4 110.6 107 104.8 101 83.1
38.1 39.9 42.9 47.1 54.7 62.2 69 76.9 80.7 81.3 78.9 71.9 61 64 69 74.3 85.2 96.2 105.7 112.1 111.8 106.7 95.4 78.9 70 77 86.3 94 101.1 105.8 108.9 111.1 112.3 112.6 113.5 113.1 111.6 109.8 108 105.8 105.2 106 107 108.2 110.1 111 112.1 113.4 113.1 112.7 113.2 113.7 114.8 116.9 118 119.8 121.8 123.2 124.5 125.8 127 128.2 129 129.2 129.5 129 128.2 127.6 126.4 125.1 124.1 123.4 122.5 122.2 122.4 123.3 123.5 123.6 122.9 122.2 121.9 119.9 117.4 114.8 111.6 108.1 103.7 98.9 96.2 81.2
42.1 44.4 46.7 52 59 68 76.2 82.4 86.9 87.4 84.8 78.4 69.5 72.2 76.1 82.6 91.9 101.2 107.9 113.2 111.8 107.9 95.6 84.2 76.6 76.5 82 91.2 98.1 104 109 112.5 116.1 117.2 118 118 116.3 114.5 112.7 110.8 111.5 112.3 112.9 113.4 113.6 114.4 115.5 115.5 115.2 114.9 114.9 114.5 115.5 117.6 119 123 125.7 127.8 129 130 131 132.4 133.1 133.4 133.2 131.4 129.7 127.1 125.9 124.2 123.5 122.6 122.4 123.1 123.7 124 124.2 122.9 121.2 120.1 118.2 116.1 114.4 112.1 108.8 104.5 97.3 90.9 87.1 77.3
46.8 49.2 52.7 58.2 67.6 77.3 86.1 91.3 93.8 94.5 92.9 89.1 86.8 85.3 84.6 91.8 99.3 107.4 113 116.5 114.6 109.3 100.8 91.4 86.3 84 86.2 90.4 96.1 102.5 107.5 112 117.2 120.5 121.5 121.7 120.3 118.8 117 116.1 117 117.7 117.8 117.6 117.8 118.1 117.3 117.2 116.5 115.2 114.7 114.5 115.4 116.6 119.7 122.6 125.7 127.9 129.2 130.5 132 133.6 132.8 132 131.3 130.4 127.2 125.1 122.9 122.3 122.3 121.8 122 121.8 122.8 123.8 123.5 121.3 118.8 115.1 112.6 112.1 110.2 108.3 105.8 99.9 92.7 84.9 77.5 70.9
51.7 55.1 60.5 68.7 80.2 90.5 98 101.7 104.2 105.1 103 99.9 97.5 96.1 97.5 102.3 109.8 114.8 119.8 122.5 121.6 115.5 110.6 106.3 98.9 96.2 98.1 100.4 103 106.2 109.4 114.2 119.4 122.2 124.6 124.5 123.6 122.1 120.6 120.2 120.5 120.9 121.3 120.6 118.8 117.8 116.8 115.1 113.5 112.1 111.1 111 112 113.9 117.2 120.7 124.3 126.4 127.9 129.3 130.5 131.8 130.8 129.6 128.4 124.8 122.9 120.8 118 116.9 117.4 118.4 120.4 120.6 121.7 121.5 121.8 118.6 113 109.6 107 105.4 106.8 106.9 105.2 99.5 92 85 77.7 66.1
60.4 66.4 74.5 84.8 96.4 107.3 113.9 118.2 120.9 122.9 119.7 118.6 116 115.5 116.6 119.2 122.8 125.4 127.6 130.5 128.7 123.7 118.8 114.9 112.5 109.6 110.6 112.3 113.8 115.3 116.8 119.5 123.8 126.1 127.5 127.4 126.6 125.1 123.6 122.8 124 124.1 123.2 121.1 119.2 116 113.1 112 110.5 108.4 106.1 106.2 107.5 109.9 113.9 118.1 122 125.2 126.7 127.9 129 129.8 129 127.8 126.3 123.1 118.6 115 112 111.2 111.4 112.8 115.1 116.1 115 115.1 113.1 108 102.6 98.6 95.7 96.8 100.1 102.7 104.4 100.5 94.8 87.6 78.6 70.2
73.1 81.7 91.2 102.8 113.9 125 131.1 134.3 136.4 138.4 139.1 139.7 139.4 139.5 138.4 136 136.4 136.3 137.8 138 135.9 131.9 126.9 124.2 120.2 118.6 118.2 119.2 121 122.6 123.2 125.9 128.1 129.7 130.2 130.5 129.5 128 126.7 125.5 126.5 125.4 123.6 120.1 116.6 112.8 109 107.2 104.2 101.5 99.8 99.9 100.8 105 109.3 114.3 118.6 122.3 125 126.4 127.6 127.8 127.2 126 124.1 121.7 117.6 112.6 106.3 105.8 104 106 107.2 108.1 105.2 101.1 95.1 89 84.1 81.2 79.4 85.2 90.7 97.1 100.6 103.1 98.3 91.2 82.4 72.5
91.5 100.3 109.8 119.4 129.1 138.1 145.1 149.3 151 151.4 151.8 151.9 151.7 150.9 149.6 148.3 146.6 144.3 143.9 143.5 140.7 137.1 132.7 126.4 125.1 124 122.9 123.3 125.2 127.1 129.3 131.5 132.6 133.5 133.2 132.6 132.4 131 129.8 128.6 128.4 125.1 121.1 117 112.7 108.5 104.8 99.3 94.3 88.5 85.9 86.8 90.1 94.7 100.4 107.3 113.8 117.8 122.2 124.3 125.7 126.4 126.3 125.2 123.3 121 117.6 112.6 105.7 100.1 96.8 97.3 97.1 96.2 90.2 81.8 76.2 71.4 67 65 64.9 67.5 73.5 82.8 92 97.7 98 91.4 83.5 75.8
109.1 116.2 122.5 129.6 136.1 142.5 148.5 152.5 154.4 155.4 155.6 155.9 156.4 155.4 154.1 152.1 149.5 146.7 143.5 140.4 137.2 134.7 132.5 129.6 127.2 124.6 124.4 124.9 126.9 129.3 131.6 133 133.7 133.5 131.5 129.4 127.8 126.7 126 125.4 124 121.1 116.1 111.3 107.5 103.7 99.5 94 88.3 81.9 77.5 78.7 82.6 87.3 93.8 100.4 107.1 112.8 118.1 122.1 123.8 125.6 126.2 127.3 125.9 124.1 120.5 116.9 110 102.9 96.1 89.4 86.5 84.2 77 72.2 68.4 65.5 65.2 62 56.7 53 58.9 66 77.9 89.5 93.5 90.7 83 74.8
116.2 122 127.8 132.7 139 142.7 147.4 149.6 151.4 152.3 153 153.2 154.2 153.4 152.1 150.3 146.8 143.1 139.2 136.2 133.2 130.6 127.7 124.4 120.9 118.1 117.3 121.3 125 127.2 129.7 130.9 130.5 129.4 126.1 123.4 122.1 120.6 119.9 118 115 111.1 106.6 100.1 93.3 90 88.1 87 83.2 77 71.7 69.6 75.3 81.3 88.2 94.2 100.9 107.7 114.1 118.9 123.2 125.7 126.6 128.1 129 127.2 123.7 120.2 114.6 107.6 100.6 92.6 86.2 81.8 79.6 79.5 80 81.8 78.4 73.8 65.9 57.4 50.1 56 67 83.4 91.9 90 82.5 73.6
120.9 125.7 130.4 134.4 139.3 142.4 145.3 146.8 148.2 149.2 150.1 150.9 151.3 150.5 148.9 146 142.5 138.8 135.1 131.9 128.7 125.7 122.5 119 115 108.6 103.2 112.2 120.8 124.1 126.6 127.8 127.3 124 120.7 117.4 115.3 111.2 109.3 107.2 103.4 95.2 88.3 82.3 77.4 76.3 75.2 74.5 72.9 69.4 63.8 63.2 68.4 75.5 82.3 87.6 96 104.7 113.1 118.1 122.8 125.7 127.2 128.9 130.1 130.1 126.8 123.5 118.4 111.9 105 98.7 92.8 89 87.1 87.2 88.7 90.8 90.6 85.7 76.9 64.7 53.8 50.1 59.4 75.8 90.5 91.6 84.7 73.9
122.9 128.1 131.7 135.9 138 141.8 142.4 144 144.6 145.1 145.6 147.2 147.3 146.2 144.4 141.7 138.2 134.5 130.8 126.2 122.9 119.9 116.5 112.5 108.5 94.7 90.6 103.8 117.5 120.4 122.9 124.3 123.3 120.7 117.2 111.9 107.3 101 96.6 94.2 85.3 77.8 71.9 67.2 65.3 63.2 61.4 59.1 57.7 57.9 56.4 57.9 64.1 73.4 83.5 90.8 99.6 106.8 113 117.8 121.3 124.4 127.2 129.4 130.8 131.2 128.3 125.8 121.6 116.9 110.7 104.6 99.9 97.3 95.3 95.2 96.1 96.7 95.3 92.2 86.1 72.5 53.9 46.7 56.7 70.7 87.5 94.6 87.9 77.4
125 129.2 132 133.3 135 138.1 138.9 138.7 139.2 139.7 140.2 142.2 142.6 141.6 139.6 137.2 133.9 130 123.6 117.7 114.3 112 109.6 105.8 100 84.2 82.3 97.8 113.4 116.6 119.1 120.6 119.3 117 112 106.1 97.9 91 85.5 78.2 68.8 62.4 59.3 56.5 54.8 53.6 51.8 51.5 50.1 50.6 52.1 54.2 63.5 72.4 80.3 88.3 96.9 104.5 109.8 114.8 119.1 122.9 126.4 128.9 131.2 131.7 129.8 127.9 125.1 120.7 115.6 111.9 108 105.2 103.5 103.4 103.3 102.7 100.3 96.1 91.5 76 54.9 43.5 53.5 68.3 83.2 94.2 87.9 75.1
127 128.8 130.7 131.8 132.4 133.9 133.4 133.3 133.8 134.4 135 137.1 137.3 137 134.7 132.4 129.3 124 116 110.1 105.1 102.6 102.2 99 86.7 75.8 73.8 90.5 106.5 112.5 114.9 114.5 112.2 109.7 103.7 96.4 88.1 80 71.3 63.9 57.1 54.1 52 50.7 49.4 47.3 46 44.9 46 46.9 49.6 52.7 58.6 67.2 74.4 82.9 90.6 97.9 104 109.2 114.8 118.8 124.8 128.7 131.1 132.7 132.5 130.7 129.2 125.6 122.2 118.9 116.3 113.9 112 111.2 110.1 107.6 103.2 97.6 91.4 79.5 58.5 44.8 47.5 61.8 76.3 90.7 81.7 64.8
126.6 127.9 129.3 129.7 129.2 128.6 127.9 127.9 128.4 129 130 131.8 132 131.9 129.8 127.5 124.6 119.1 110.6 98 92 94.6 94.7 90.8 77.9 64.3 63.9 79.8 98.4 103 103.8 102.4 99.8 95.9 90 83.3 76.4 69.4 61.4 55 50.9 48.2 46.7 45.7 44.6 42.8 42.1 41.3 41.8 43.8 46.8 49.9 54.1 59.9 68.2 74.7 82.7 89.4 96.7 103.5 110 116.2 122.4 128 131.6 134.9 135.6 134.2 133.1 131.4 130.2 127.8 125.2 122.7 120.8 118.8 116.3 113.2 108.1 100.7 92 79.1 61.2 48.1 41.8 56 69.9 78.7 70.3 54.5
125.8 126.3 126.9 126.9 124.7 124 122.4 120.8 120.6 120.8 123.2 126 126.2 125.5 124.6 122 119.7 114.6 106.3 93.8 81.1 92 92.2 84.2 71.6 58 58.8 71.4 89.8 91.8 90.5 88.6 85.7 80.7 75 69.6 62.8 56 52 48.3 45.6 43.6 42.4 41 39.6 38.6 37.9 38.1 38.8 41.6 44.6 47.8 51 55 61.8 66.6 74.7 80.9 89 97.8 106.7 113 120 126.2 130.2 133.5 134.4 133.9 133.2 133 133.9 133.2 131.9 129.8 127.4 124.8 122 117.6 111.5 103.8 95.8 82.8 67.3 49.9 37.8 50 63.8 72.1 62.4 47
117.4 120.3 121.9 121.5 120.6 117.2 114.1 111.2 111.1 112.8 116.8 119.5 120.1 118.5 116.6 114.5 113 108.7 99.9 83.8 74.8 87.2 86.7 79.3 66.9 51.6 53.1 70.1 82.1 81.5 79 76.3 71 65.8 60.6 56 50.1 46.9 44.3 42.9 40.5 39.3 38.1 36.8 34.8 35.4 35 35.7 36.9 40 43 46.1 49.2 52.6 57.3 60.1 66.2 75.2 84.1 95 105 111.7 118.8 124.3 127.7 130.7 131.7 131.6 131.4 131.1 130.7 130 128.3 126.1 123.3 119.9 116 110.8 104.2 96.7 88.4 79.4 65.5 49.3 36 45.7 55.8 57.6 48.4 35
104.2 110.1 114.3 113.5 111.9 107.8 101.9 99.9 99.6 105.3 110.1 113.6 115.1 112.2 108.3 104.4 100.9 98 90.7 77.4 69.3 78.9 77.1 70.4 61.2 46.9 50.7 67.9 74.2 71.9 67.2 61.6 56.2 50.9 46.2 43.7 41 39.7 38.4 37.1 36.4 35.2 33.9 32.5 32 32.3 32.9 34 35.2 38.2 41.3 44.4 46.7 49.7 55.1 56.9 65.2 74.6 85.7 96.7 105.9 112.5 118.4 123.5 127.6 129.5 130.4 130.3 129.4 128.2 127.6 126.2 124.6 121.6 118.7 114.7 109.4 103.6 97.1 90.2 81.4 72.4 57 43.2 31.1 40.3 43.1 43 32.3 32.7
