app/static/ascii/SS49.asc
ncols 200
nrows 200
xllcorner 240000
yllcorner 190000
cellsize 50
[rows 120 to 159 of 200, columns 90 to 179 of 200]
3.8 3.8 3.9 4 4 4 3.7 3.5 -2.7 -2.7 2.9 3.4 3.8 3.9 3.8 4.1 4 3.7 3.3 3.2 3.6 3.6 3.5 3.8 3.7 3.2 3.2 3.1 3.1 3.1 3.1 -2.7 3.1 3.1 3.1 3.1 3.1 3.1 3.2 3.3 -2.7 3.1 3.1 3.1 -2.7 -2.7 3 -2.7 3.1 -2.7 3.1 3.2 3.4 3.5 3.6 3.7 4 4.2 4.2 4.7 4.5 4.3 4.2 4.2 4.2 4.2 4.2 4.2 4.2 4.2 4.1 4.1 4 3.9 3.7 -2.7 -2.7 3.1 -2.7 -2.7 -2.5 2.4 -2.7 -2.7 3.3 3.4 3.5 3.6 3.7 3.7
3.7 4.1 4.3 4.3 4.3 4.3 4 -2.7 -2.7 -2.7 3.4 4 4.5 5.2 4.4 5 4.6 3.9 3.5 3.8 3.8 4 4 4.1 3.9 3.8 3.8 3.8 3.8 3.2 3.1 -2.7 -2.7 3.1 3.1 3.1 3.5 3.1 3.1 3.1 -2.7 -2.7 3.1 -2.7 -2.7 -2.7 -2.7 -2.7 -2.7 3.1 3.1 3.3 3.5 3.7 3.8 3.9 4.2 4.2 4.2 4.4 4.2 4.2 4.2 4.2 4.2 4.2 4.2 4.2 4.2 4.2 4.1 3.9 3.7 3.5 3.4 -2.7 -2.7 -2.7 3.1 3.1 3.4 3.5 3.6 3.1 3.5 3.6 3.7 3.8 3.9 3.9
3.9 4.6 4.6 4.5 4.5 4.4 4 4.3 -2.7 -2.7 -2.7 4.2 5.6 9.4 21.7 22.7 17.7 9.4 4.2 4.5 4.4 4.8 4.7 4.7 4.9 4.4 4.3 4.3 4.1 3.6 3.1 3.1 -2.7 3.1 3.1 3.1 3.1 3.1 3.2 3.1 3.1 -2.7 2 -2.7 3.1 3.2 3.1 3.1 -2.7 -2.7 3.2 3.4 3.6 3.8 4 4.1 4.2 4.2 4.2 4.2 4.2 4.2 4.2 4.2 4.2 4.2 4.2 4.2 4.1 3.9 3.8 3.5 3.3 -2.7 -2.7 -2.7 -2.7 -2.7 3.1 3.1 3.4 3.9 3.8 3.1 3.7 3.8 3.9 4.1 4.2 4.2
26.3 23 13.5 4.6 4.4 4.3 4 -2.7 3.9 4 -2.7 4.5 5.7 10.1 28.3 59.3 47 30.7 20.7 15.5 11.7 11.1 10.6 6.9 6.1 5.8 5.1 4.8 4.4 3.9 3.5 3.2 -2.7 3.1 3.1 3.1 3.2 3.4 3.5 3.4 3.1 3.1 3.1 3.1 3.1 3.1 3.2 3.2 3.1 -2.7 3.2 3.4 3.6 3.8 4 4.2 4.2 4.2 4.2 4.2 4.2 4.2 4.2 4.2 4.2 4.2 4.2 3.8 3.6 3.5 3.4 3.2 -2.7 3.2 3.3 3.4 3.4 -2.7 3.1 3.1 3.3 4 3.8 3.1 3.9 4.1 4.2 4.3 4.4 4.4
42.5 41.8 30.6 4.6 4.4 4.2 -2.7 -2.7 -2.7 -2.7 -2.7 4 5.9 11 31.1 46.3 49 44 39.1 44.7 47.8 45.9 45.3 37.9 26 17.3 11.5 6 5.3 4.8 4.4 4 -2.7 -2.7 3.1 3.1 3.5 3.7 3.8 3.9 3.1 3.1 3.1 3.1 3.3 3.5 3.4 3.4 -2.7 -2.7 3.1 3.3 3.5 3.8 4 4.3 4.2 4.2 4.2 4.2 4.2 4.2 4.2 4.2 4.2 4.2 4.2 4.2 3.6 3.1 -2.7 3.1 -2.7 3.6 3.7 3.7 3.7 -2.7 -2.7 3.1 -2.7 3.4 3.5 -2.7 3.7 4.3 4.4 4.6 4.7 4.6
40.9 38.7 27.6 4.7 4.6 4.2 -2.7 -2.7 -2.7 -2.7 -2.7 4.3 6.7 15.6 36.2 42.5 43.4 44.9 44.3 47.5 52.6 57.1 62.4 66.9 69.5 58.2 48.5 31 16.9 6.9 5.3 4.6 3.9 -2.7 -2.7 3.3 3.8 3.9 4 4.1 3.2 3.1 3.1 3.4 3.7 3.8 3.7 3.3 3.1 -2.7 3.2 3.5 3.8 4.1 4.1 4.2 4.2 4.2 4.2 4.2 4.2 4.2 4.2 4.2 4.2 4.2 4.2 4.2 3.8 3.2 3.4 3.6 3.8 4 4 4 4 3.7 -2.7 -2.7 -2.7 -2.7 -2.7 -2.7 -2.7 4 4.6 4.7 4.7 4.8
39.5 36.8 29.9 7.1 5 4.2 -2.7 -2.7 -2.7 -2.7 -2.7 4.9 11.5 25.2 34.9 37.9 40.9 43.4 45 46.6 50.3 53.7 57.6 61.4 65.4 68.6 71.3 71.9 46.3 28.6 19.9 10 5 -2.7 -2.7 -2.7 3.9 4.1 4.2 4.3 3.5 3.3 3.1 3.5 4.1 3.7 3.4 -2.7 -2.7 -2.7 3.5 3.9 4.1 3.9 3.7 4.1 4.2 4.2 4.2 4.3 4.3 4.3 4.3 4.3 4.2 4.2 4.2 4.2 4 3.4 3.6 3.9 4.2 4.2 4.2 4.1 4.1 3.8 3.2 3.1 3.1 3.1 3.1 3.1 -2.7 3.7 4.6 4.1 4.6 4.7
39.4 37.4 32.9 12.2 4.9 -2.7 -2.7 -2.7 -2.7 -2.7 18.2 25.6 27.4 33 35.5 38.3 40.9 43 44.5 45.8 47.6 50.3 53.3 56.2 60.5 64.9 69 70.8 71.8 62.7 41 34.3 25 15.8 8.5 -2.7 -2.7 4.7 4.4 4.4 3.7 3.6 3.7 4 3.8 3.6 3.4 -2.7 3.1 3.1 3.1 3.4 3.7 3.5 3.4 4.1 4.1 4.1 4.2 4.3 4.3 4.3 4.3 4.3 4.2 4.2 4.2 4.2 4.2 3.6 3.8 4.1 4.2 4.3 4.2 4.2 4.2 4 3.2 3.1 3.1 3.1 3.1 3.1 -2.7 3.8 4.5 4 4.4 4.7
39.1 37.2 29.2 12.8 -2.7 -2.7 6 6.9 8.2 8.2 22.2 28.8 33.1 34.6 36.4 38.9 41.4 44.1 45.7 46.2 46.9 48.7 51.1 53.6 56 60.2 64.2 67.5 69.4 70.9 72.8 74.3 62.5 50 36.6 23.7 9.7 5.5 5.1 4.5 4 4.1 4.2 4.1 3.8 3.6 3.4 -2.7 -2.7 3.1 3.1 3.1 3.2 3.1 3.3 3.9 4 4.1 4.1 4.2 4.3 4.3 4.3 4.3 4.2 4.2 4.2 4.2 4.2 3.7 4 4.2 4.2 4.3 4.3 4.3 4.1 3.7 3.1 3.1 3.1 3.1 3.1 3.1 -2.7 3.8 4.4 4.7 4.3 4.7
38.1 32.2 13.7 -2.7 -2.7 6.5 10.5 16.3 19.2 24.6 26.1 22.5 29.2 33 34.7 38.3 41.4 44.3 45.5 45.8 46.9 47.6 49.5 50.8 53 56.2 59.5 63 65.4 67.5 69.9 72.8 75.9 76.9 70.9 49.4 29.9 12.6 5.7 5.2 4.8 4.4 4.4 4.3 4.1 3.9 3.7 3.3 -2.7 -2.7 -2.7 -2.7 3.1 3.1 3.2 3.5 3.5 3.7 4 4.2 4.3 4.3 4.3 4.3 4.2 4.2 4.2 4.2 4.2 3.9 4.2 4.2 4.2 4.3 4.1 3.6 3.1 3.1 3.1 3.1 3.1 3.1 3.1 3.1 -2.7 3.5 4.1 4.7 4.7 4.6
37.1 22.6 -2.7 -2.7 4.6 7.7 13.2 19.1 31 33.6 34.7 35 32.3 28.4 28.4 35.4 39 41.8 43.3 44.5 45.2 46.5 47.7 49 50.6 52.9 55.7 58.9 61.2 63.7 66.2 68.8 71.7 74.3 76 73.6 52.8 28.9 13.8 5.6 5.7 5 4.6 4.5 4.3 4.2 3.9 3.2 3.1 3.1 3.1 3.1 -2.7 -2.7 -2.7 -2.7 3.2 3.1 3.7 4.2 4.3 4.3 4.3 4.2 4.2 4.2 4.2 4.2 4.2 4.1 4.2 4.2 4.2 4.3 4 3.5 3.1 3.1 3.1 3.1 3.1 3.1 3.1 -2.7 -2.7 3.9 3.9 4.5 4.8 4.5
37.4 13.5 -2.7 4.5 4.8 9 16.9 29.4 35.9 37.4 38.3 37.4 36.3 33.9 28.9 30.6 34.3 37.1 39.4 41.9 43.5 44.6 45.9 47.3 48.9 51.3 53.5 55.2 57.7 60.2 62.8 65.3 67.7 70.6 72 71.3 69.2 44.9 28.5 23.2 11.6 6.3 5.6 4.8 4.6 4.3 4.2 3.1 3.1 3.1 3.1 3.1 -2.7 -2.7 -2.7 -2.7 -2.7 -2.7 3.5 4.2 4.3 4.2 4.2 4.2 4.2 4.2 4.2 4.2 4.2 4.2 4.2 4.2 4.2 4.3 4 3.4 3.1 3.2 3.4 3.5 3.3 3.1 -2.7 -2.7 3.8 3.9 4.1 4.7 4.6 4.2
38.4 14.7 6.2 3.5 4.8 10.5 19.2 31.7 37.6 39.7 40.4 39.3 37.7 35.7 27.1 28.1 31.3 33.8 39.2 40.2 41.5 42.8 44.1 45.5 47.2 48.7 50.2 51.9 54.5 57 59.6 62.2 64.8 66.8 67.6 67.1 66 52.9 38.8 46.3 27.4 10.2 6.2 5.1 4.6 4.3 4.3 4.1 3.4 3.6 3.6 3.5 3.4 3.5 3.6 3.5 3.4 -2.7 -2.7 3.9 4.2 4.2 4.2 4.2 4.2 4.2 4.3 4.3 4.3 4.2 4.3 4.3 4.3 4.3 4.1 4 3.9 3.6 3.7 3.9 3.8 3.6 -2.7 -2.7 3.5 4 4.6 4.7 4.4 4
39.7 22.4 10.5 6.2 4.5 6.6 13.4 27 36.9 38.1 38.7 37.5 35.3 29.7 26 30.7 34.7 37.4 39.6 39.8 40.4 41.9 43.6 45 45.7 46.7 48.2 49.2 51.3 53.8 56.4 59.1 61.5 62.9 63.7 63.6 62.3 60.1 52.1 43.1 24.9 12.4 7.5 4.9 4.4 4.4 4.4 4.4 4.3 4.1 4.1 4.1 4.1 4.1 4.2 4 4 -2.7 -2.7 4.2 4.4 4.4 4.3 4.3 4.3 4.3 4.3 4.5 4.4 4.2 4.5 4.5 4.4 4.4 4.3 4.3 4.4 4.4 4.3 4.2 4.2 4 -2.7 3.5 3.9 4.4 4.2 4.1 4.2 4.5
34.7 22.2 15.2 10.7 6.9 4.7 5 4.3 11.5 18.9 25.2 21.4 22.9 24.2 31 36.1 39.3 41.1 42 42.5 42.3 42.7 43.7 44.7 45.4 45.5 45.9 46.9 48.7 50.8 53.4 56.4 57.8 59.2 59.9 59.8 58.6 56.8 50.6 32.7 19.5 12.7 8.6 5.4 4.5 4.6 4.6 4.5 4.5 4.6 4.6 4.6 4.6 4.6 4.7 4.6 4.2 -2.7 4.2 4.4 4.5 4.5 4.5 4.5 4.4 4.4 4.4 4.5 4.4 4.2 4.7 4.6 4.6 4.5 4.2 4.4 4.5 4.5 4.6 4.6 4.6 3.6 -2.7 3.7 4.3 4.6 4.5 4.4 4.3 4.4
37 28 20.8 15.3 11.9 8.8 6.1 5.7 5.2 6.1 9.3 12.7 20.9 29.7 35.6 40 41.4 43 44.2 44.1 43.8 44.2 44.7 44.8 45.2 45.5 45.6 45.3 47 48.8 50.8 52.6 54 55.5 55.9 55.7 54.8 53.3 48.4 31 18 11.8 7.9 5.9 5.2 4.5 4.4 4 4.3 4.6 4.6 4.6 4.6 4.6 4.5 4.5 3.8 -2.7 4.5 4.6 4.7 4.7 4.7 4.7 4.7 4.7 4.7 4.7 4.7 4.4 4.8 4.8 4.7 4.7 3.9 4.6 4.6 4.5 4.4 4.5 4.6 3.6 -2.7 4 4.6 4.6 4.6 4.6 4.5 4.4
44.3 32.2 27.3 21.7 17.9 15.3 12.9 12 8.4 6.3 5.6 8.2 15 21.8 35.9 41.4 42.4 43.4 44.4 44.5 44.3 45 45.6 45.4 45.2 45.4 45.8 45.2 45.8 47.5 49 49.9 50.7 51.6 52.5 52.2 51.3 50.4 48 36.3 17.1 11 8.3 7 6 5 4.7 4.2 4.5 4.2 4.7 4.6 4.6 4.6 4.4 4.2 3.6 -2.7 4.6 4.7 4.8 4.7 4.7 4.7 4.6 4.7 4.7 4.7 4.7 4.5 4.2 4.4 4.6 4.8 4.8 4.3 4.2 4.3 4.4 4.5 4.6 3.7 -2.7 4.1 4.1 4.6 4.6 4.6 4.6 4.5
55.3 44.7 36.1 32.8 29 27.1 21.3 18.4 15.3 11.5 7.6 5.3 5.9 12.4 19.5 32.8 40.5 40.8 43 44.2 44.3 45.7 45.9 45.7 45.5 45.3 45.1 45.2 45.2 46.1 47.5 48.5 49.1 49.4 49.7 49 48 47 45.8 35.5 17.6 12.1 10.1 8.8 7.4 6.3 5.3 4.6 4.5 4.5 4.5 4.6 4.6 4.4 4.3 4.1 3.6 4.2 4.4 3.8 4.8 4.5 4.5 4.4 4.3 4.6 4.6 4.6 4.6 4.3 4.2 4.4 4.6 4.7 4.2 4.2 4.2 4.2 4.2 4.1 4.1 4.2 3.7 4.4 4.7 4.6 4.6 4.6 4.7 4.6
70 63.6 56.6 49.4 45.4 43.7 41.8 33.3 24.2 14.7 12.2 9.7 7.1 5.4 7.6 16.7 28.7 33.6 38.4 41.9 43.9 45.4 45.8 45.6 45.3 45.5 45.5 44.7 44.6 45.8 46.8 48 48.4 48.4 47.7 46.4 44.9 42.1 41.3 30.6 18.1 14.1 11.9 10.7 9.3 8 7 6.2 5.2 5.3 5 4.7 4.7 4.6 4.5 4.3 4.5 4.8 5.5 5.8 5.2 4.7 4.7 4.3 4.1 4.5 4.6 4.6 4.5 4.2 4.2 4.4 4.7 4.7 4.6 4.3 4.5 4.5 4.5 4.5 4.5 4.5 4.4 4.8 4.6 4.5 4.6 4.7 4.7 4.7
85.7 78.7 75.6 69.3 65.1 61.9 60.2 50.7 40.2 30.3 20.6 15.8 13.2 9.1 6.9 6 12.2 19.7 25.2 31 37 43.5 44.7 45.2 45.8 46.2 46.1 45.3 44.4 45.2 46.2 47.4 47.9 48.3 47.3 45.9 42.5 38.4 32.7 26.5 20.5 18 16.3 14.6 12.5 10.8 8.9 8.2 7.2 6.1 5.7 6.1 6.1 5.9 5.6 5.6 5.3 5.7 6.5 6.2 5.2 5 4.8 5 4.6 4.7 4.5 4.5 4.3 4.1 4.2 4.4 4.7 4.5 4.5 4.6 4.4 4.6 4.6 4.6 4.6 4.6 4.7 4.8 4.6 4.5 4.6 4.6 4.7 4.7
102.4 99.1 91.8 87 84.1 79.6 72.8 63.2 53.2 41 28.2 21.8 19.1 15.9 13.7 11.7 8.8 9.6 15.9 21.3 26.9 35.8 42.6 44.5 46.5 46.6 46.2 44.8 44.6 45.1 45.6 46.8 47.7 48.2 47.5 46.8 44.8 41.2 36.2 31.5 28.5 24.7 21.9 18.9 15.8 13.3 12 12 11.3 11.3 15.7 22.2 26.7 30.4 19.8 15.1 8 6.8 7.6 7.1 5.4 5.1 5.9 6.2 5.2 4.8 4.5 4.4 4.2 4.1 4.1 4.6 4.5 4.4 4.5 4.5 4.5 4.5 4.5 4.6 4.6 4.7 4.7 4.6 4.6 4.5 4.5 4.6 4.7 4.1
118.6 114.8 110.1 104.9 97.5 90.6 82.7 74.3 64.8 52.4 40.4 28.6 25.2 22 20.4 17.4 13.6 10.5 6.3 13.2 18.4 24.6 30.6 37.8 43.8 46.1 45.5 44.7 44.4 44.8 43.9 45.4 47.3 48.2 47.9 47.5 46.6 43.7 39.9 37.5 34.9 29.7 26.8 24.3 21.6 18.2 16.6 18.7 21.5 33.6 38.5 46.7 50.1 52.4 44.1 36 28.7 17 11.5 10.4 8.7 8.4 7.4 7.4 6 5.4 5.1 4.8 4.4 4.1 4.3 4.6 4.3 4.3 4.4 4.6 4.9 4.5 4.6 4.6 4.6 4.6 4.5 4.5 4.5 4.5 4.4 4.6 4.7 4.3
127.4 123.8 118.7 112.4 104.4 96.7 88.7 80.4 72.5 63.6 52.1 41 31.9 29.1 27.3 23.3 20.1 16.6 12.8 6.9 10.8 15.9 21.2 28.6 38.1 42.8 43 42.7 43.4 43.7 41.9 43.9 47 48.5 49.6 49 48.3 45.6 43.6 40.9 38.4 34.8 33.2 31 28.9 26 26.5 30.1 31.6 42.2 45.6 48.3 50.7 52.2 53 53.3 52 37.9 23.9 18.2 13.5 12.1 10.9 9.7 8.9 7.6 6.8 6.4 5.7 5.1 4.7 4.4 4.4 4.7 4.9 5.2 5.2 4.7 4.6 4.6 4.8 4.5 4.4 4.3 4.3 4.3 4.3 4.3 4.8 4.6
136.5 130.7 124.5 117.3 109.7 101.6 94.2 85.7 78 71.2 61.7 51.5 42.1 35.5 32.5 29 25.7 21.4 18 13.7 7.7 8.9 13.6 19.9 26.5 37.6 38.9 38.6 40 41.9 39.1 44.3 47 49 49.8 49.8 49.7 48.8 47.9 44.2 41.6 39.4 38.3 36.6 35.2 36.1 37.6 40.8 41.1 44 47.6 49.5 50.9 52.3 53.3 54.7 53.8 51.8 45.6 42.3 30.1 22 17.1 13.8 15.8 19.6 14 9 7.7 6.6 5.6 5.2 5.2 5.4 5.6 5.7 5.6 5.3 5 5.1 5.3 4.8 4.5 4.6 4.7 4.9 5 4.9 5.4 5.1
142.8 136.1 127.5 118.9 112.4 106.1 99.4 91.6 83.9 77.3 69.7 61.4 53.5 44.2 37.5 34.1 30.8 27 23.3 19.2 15.2 10.9 8.6 10.9 14.4 18.7 24.5 26.5 28.2 31.5 40.7 44.4 46.8 48.8 49.1 50.2 51.5 52.2 51.5 48.5 44.8 43 42 41.7 41.5 43.9 45.3 45.4 45.2 44.1 47.1 48.6 50.4 52 54.4 56.6 57 56.2 53.7 50.7 47.6 41.9 34.4 18.2 24.6 43.1 36 24.7 14.6 9.4 7.8 6.3 6.4 6.8 7.1 7.4 7.3 7 6.8 6.8 6.2 6.6 6.2 5.7 5.8 5.7 5.9 5.9 6.1 5.7
140.9 133.8 127 119.8 112.5 106.1 101.7 95.7 88.4 82 75.7 69.6 63.1 56.5 49.8 44 37.9 33.3 29.3 25.2 21.8 17.8 13.6 10.1 8.3 11 14.1 16.1 18.6 24.3 30.4 42.1 46.4 48.3 50.1 52 53.4 54.6 54.7 53.1 50.3 49 47.5 47.9 50 50.6 50.9 49.2 47.2 45.7 46 47.1 50 53.2 55.8 58.2 59.5 59.5 57.2 54.1 50.9 49.5 43.6 26.1 30.3 49.9 48.7 43.8 33.8 25.9 19.3 11.1 8.9 9.1 10.2 11 11.1 13.4 15.8 15.5 19.8 22.9 18.2 12.7 6.4 6.5 6.5 6.9 7.2 6.9
136.3 128 120.6 114.1 108.3 103 99 95 90.6 86 81.8 77.9 72.3 68.5 63.8 58.8 54.1 48.4 41.2 32.9 29.2 25 21.1 17.5 15.1 12.9 11.4 9.3 13.7 19.5 25.3 33.5 44.4 47.3 49.3 51.1 52.9 54.7 58.5 61.8 59.9 55.7 55.2 55.4 55.7 55.3 54 51.9 49.6 47.8 47 47.7 50.8 54.3 56.8 59.1 61 61.3 59.5 57.2 54.6 52.6 44.2 29.5 36.8 49.5 50.6 51.5 50.6 46.8 39.1 28.8 22.4 17.2 14.9 24.9 36.9 39.4 39.4 39.1 43.8 44 34.5 29.4 24.6 19 13.2 7.9 9 8.5
127.3 119.6 113.7 108 103.6 99.1 96 93.1 90.3 86.9 83.3 80.4 78.4 76 74.4 72.9 69.9 66.3 59.7 50.7 42 33.5 28.5 25 20.8 16.8 13.5 10.3 10.1 15.5 22.1 27.2 39.4 45.3 48.4 50.1 51.8 53.7 56 58.5 60.3 59.1 59 58.5 57.8 57.6 56.4 54.2 51.8 50.5 50.4 50.5 52.7 55.5 57.6 59.8 61.8 62.7 61.5 59.2 56.6 54 41.5 37.2 44.3 50.1 53.2 53.9 54.2 53.4 52 48.8 43.4 39.9 32.3 36.4 56.1 60.4 62.4 63.2 62 55.9 47.4 39.4 39.5 38.5 30.4 17.1 11.7 10.4
117.9 112.8 108.1 103.3 99 95.6 93 90 87.8 85.8 83.2 80.3 78.3 77 75.6 74.1 74.1 74.4 74 68.3 60.5 52.7 44.1 35.2 27.7 27.4 25.3 16.5 10 12.2 20.8 27 30.8 40.8 46.3 48.7 50.6 52.7 55 56.4 57.1 57.5 57.7 57.5 57.2 57.4 57.3 55.6 54.4 54.1 53.7 54 54.4 55.5 58 60.4 62.7 64.2 63.4 60.4 57.3 53 47.3 45.1 49.9 52.8 54.8 56.6 56.9 57.4 57.9 57.7 56.9 53.2 52.5 44.6 60.2 65.1 66.3 65.9 66.3 64 52.4 48 49.4 49.8 39.5 26.3 15.3 13.5
112.7 108.3 103.6 99.1 95.4 91.9 89.8 87.3 85.3 83.3 81.3 78.9 77.4 76.2 75.5 74.9 74.9 74.8 75.5 76.5 77.4 73.4 64.3 55.4 45.6 40.7 37.3 31.5 14.1 10 15 22.4 26.4 30.6 42.7 48.4 50.7 52.7 55 56.1 56.3 56.5 56.7 56.6 56.5 57.2 57.4 57.7 58.4 58.4 56.3 55.8 56.6 57.2 58.7 60.8 62.9 64.5 64.8 62.2 60.5 55.4 52.9 52 53.6 55.2 57.2 59.2 60 61.1 61.9 61.8 61 59.1 55.6 55.8 62.5 65.9 66.7 66.7 65.5 62.1 58.1 57.8 58.2 55.4 44.3 35.9 21.7 16.3
107.6 103.1 98.7 95.3 91.9 88.4 86.3 85.1 83.1 81.1 79.1 77.8 76.6 75.4 75.2 75.3 75.3 75.5 76.6 78.4 81 83.6 82.4 73.2 62.4 54.5 46.5 35.7 20.1 14.8 10.9 16.7 20.2 25.8 36.4 46.9 50.4 52.7 54.7 55.4 55.6 55.8 56 56.2 56 56 56 56.8 58 59.5 58.7 58.6 58.5 58.8 60.2 62.5 64.1 65 66 64.1 63.1 62.4 58.8 56.5 57.6 58.8 60.7 62.2 63.2 64.3 65 64.9 63.6 61.5 59 59.8 62.8 65.3 66.5 66 64.7 62.8 61.3 61.6 61.3 58.3 51.7 47.4 32 18.8
104 99.5 95.9 92.1 89 86 83.8 82.9 81.1 79.1 77.7 77.1 76.3 75.1 75.3 75.5 75.9 76.5 77.7 79.4 82.5 87 87.7 85.3 77.5 69.2 56.6 41.3 27.3 19.7 14 12.5 15.7 19.9 26.7 39.8 48.7 51.3 53.8 55 55.2 55.3 55.4 55.9 55.9 55.6 54.8 56 57.6 59 59.4 59.1 59.3 59.9 61.8 63.6 65 66.3 66.9 66.2 65.6 66.3 65 64.4 63.8 63.5 64.7 65 65.4 66.4 67.5 67.6 65.4 63.7 62.2 61.7 63.9 65.2 65.8 65.6 65.1 63.9 63.4 62.6 61.2 58.7 56.9 57 45.6 27.4
100.5 96.5 92.9 89.5 86.7 83.7 81.7 80.4 79.1 77.7 77.1 76.4 75.7 75 75.3 75.7 76.7 77.5 78.9 81 84.7 89.7 93.3 93.1 89.7 81.7 70.1 52.5 35.2 24.7 19 15.1 12.2 15.5 22.3 30.7 40.5 47.5 52 54.4 54.7 54.7 54.8 55.3 55.7 55.4 55.6 56.3 58 58 58.1 57.5 58.3 59.1 60.7 62.7 64.5 66.2 67.1 67.4 68.8 69.3 68.4 67.1 66 65.6 66.8 67.3 67.3 67.6 69.3 68.9 66.5 64.7 63.9 63.6 63.7 64.2 64.8 65.2 65.6 65.9 65.8 64.1 61.9 59.6 59.4 59.1 55 47.8
96.8 94.1 90.7 87.4 84.3 81.8 79.9 78.4 77.1 76.6 75.9 75.2 74.6 74.8 75.7 76.2 77.6 78.7 80.9 83.2 86.6 95.5 99 99.3 95 88.4 81.3 65.5 49.7 36.7 24.2 20 14.9 12.6 16.1 22.6 31.8 38.8 46.9 52.7 53.4 54.1 54.3 54.9 55.8 56.6 57.3 58.1 58.9 58 56.8 55.3 55.7 58.3 59.1 60.5 62.8 65.2 66.2 67 68.2 70 70.7 70.5 69.7 68.5 68.6 69.3 68.3 68.4 69.3 69.3 67.7 65.5 64.4 63.4 63.4 63.3 64 64.9 66.3 67.2 67 65.5 63.3 60.8 60.4 60.2 59 56.7
93.9 91.5 88.8 85.7 82.5 80.2 78.3 76.6 75.1 74.5 74.1 73.7 73.6 73.9 74.9 76.7 78.6 80.9 83.2 85.6 91.6 99.8 104.3 104.3 101.7 97 88.6 77.6 60.1 45.9 34.2 26.4 21.6 16.4 14.1 14 22.6 31.2 39.5 48.1 51.1 51.3 53.4 54.7 55.9 56.6 57.8 59.1 59.5 58.5 56.4 53.3 56.2 57.3 58.5 59.2 61.2 63.6 65.7 67.2 68.2 69.1 69.5 69.8 70 70.3 71 71.1 70.2 70.2 68.8 68.5 67.9 66.4 64.7 63.7 63.9 64.3 64.7 65.3 66.4 66.4 66.3 66.2 64.2 61.9 61.1 60.4 59.5 58.1
91.1 89.4 87 83.9 81 78.7 76.8 75 73.1 72.4 72.4 72.1 72.5 73.9 75.1 77 79.2 81.5 84.7 88 94.3 103 108.1 109.1 106.9 103.3 95.4 90.3 77.8 58.6 43.5 32.5 26.8 22.2 18.5 15.3 13.8 21 28.7 36.8 45 46.9 51.9 53.8 55 56.1 57 58.3 59.1 58.4 57.4 55.8 57 57.9 58.9 59.3 60.7 62.3 65.1 66 66.7 67.8 68.5 68.8 69.1 69.4 69.5 69.8 70.1 70.7 70.5 68.9 69 67.7 66.3 65.4 65.1 65.4 65.4 66 66 65.6 65.1 64.9 64.5 62.7 61.9 60.8 59.5 58
88.3 86.9 85.1 82.2 79.5 77.1 75.3 73.6 71.6 70.3 70.3 70.6 72.3 73.7 75 77.3 79.8 82.9 86.2 90.1 95.9 104.4 111 113.1 112.3 110.9 104.4 98.8 92.3 75.2 56.7 43.3 33.2 27.7 24 21.3 15.3 15.3 18.6 24.2 30.8 38.6 45.8 51.1 53.6 55.4 56.3 57.6 58.8 58 57.2 56.6 57.6 59.3 60.3 60.5 61.8 63.5 64.2 64.5 65.2 66.3 67.4 67.8 68.1 68.4 68 68 67.6 67.7 69 70 71.4 70 68.1 67.3 66.7 66.2 66.1 65.6 65.5 65 63.9 63.1 62.9 63.1 62.1 60.9 59.4 58.3
85.6 84.1 82.6 80.5 78 75.6 73.9 72 70.1 68.1 68.2 70 71.9 73.4 74.8 77.2 80.1 83.1 86.4 90.2 95.4 101.7 106.9 111.1 113.1 113.8 111 106.4 101.4 92.4 72.6 57.5 44.8 35 29.5 25.9 22.8 19.4 15.3 16 21.9 27.6 33.1 46.2 51.1 54 55.7 57.2 58.2 58.3 58.2 57.8 58.1 59.3 60.2 61.5 62.6 63.8 63.3 63.3 63.9 64.8 65.9 66.8 67.1 66.9 66.5 66 65.7 65.8 67 68.3 69.6 68.2 66.8 66.8 66.7 66.5 66.3 65.1 64.9 63.9 62.6 61.3 61.9 62.5 62.2 61.3 60.5 59.7
83.2 81.7 80.2 78.3 75.9 73.9 72.2 69.7 67.5 66.5 66.9 69.4 71.3 72.9 74.5 77 79.7 82.6 85.3 89.5 93.9 98 102.1 105.5 107.9 109.8 109.3 109.8 107.8 104.2 91 76.5 60.7 47.9 38.2 31.9 27.7 25.1 20.8 15.4 15.7 19.4 23.9 32.1 47.8 52.1 54.5 56.1 57.3 57.8 58.3 58.4 57.8 58.6 59.6 60.9 62.6 63.2 62.6 62.3 63.1 64 65 66 66.3 66 65.4 64.9 64.4 64.4 64.8 65.4 65.4 65 64.6 64.5 64.8 64.5 64.8 64.9 63.9 63.1 62.2 61.3 61.4 62 62 61.7 61.6 61.1
80.9 79.4 78 76 73.9 72.2 70.5 68.7 65.9 64.7 66.4 68.6 70.1 71.8 73.5 75.5 77.6 80.7 83.9 86.8 90.9 94.8 98.2 100.8 102.8 104.2 105.3 106 107.3 107.3 102.9 94.7 80.3 65.1 51.6 41.6 35 31.2 27.6 20.5 16.6 16.5 18.6 23.8 38.6 49.6 52.8 54.7 55.9 57.2 58.1 58.5 57.7 57.9 59 60.5 61.8 62.4 62.4 62.4 62.5 63.3 64.2 65.2 65.6 65.3 64.5 64 63.5 63 62.2 61.5 61.6 62.1 62.2 62 62.1 62.6 63.2 63.6 63.7 63.4 62.2 61.5 61.3 61.2 61.1 61.2 61.9 62.2
