app/static/ascii/SS50.asc
ncols 200
nrows 200
xllcorner 250000
yllcorner 100000
cellsize 50
[rows 0 to 35 of 200, columns 0 to 81 of 200]
114.4 111 107.9 104.7 99.6 95.7 91.7 89.2 87.1 92.1 97.3 99.9 101.4 101.6 102.6 103.1 102.1 99.3 96.1 92.1 88.6 81.9 79.3 77.5 76.2 75 77.6 76.7 74.8 72.5 69.1 67.5 66.8 65.9 64.9 63.8 63 62.3 61.6 61.3 60.9 61.2 62.6 66.2 66.8 66.9 66.4 66.5 65.1 65 66.2 66.3 65.7 66.2 66.1 65.8 65.7 65 61.2 53.5 55.5 57 58.8 60.4 63.2 63.6 65.8 69 73.1 78.4 83.9 91.1 96.7 101 105.9 110.2 112.8 113.8 113.3 112.1 110.8 108.7
116.5 113 109.5 104.7 99.6 94.6 90.6 89.6 92.8 97.7 101.9 104.9 106 106.9 108 107.9 107.5 105.4 101.9 96 89.7 83 81 79.6 79.4 78.2 77.2 75.6 75 73.2 69.8 67.6 66.9 65.9 64.8 63.7 63 62.3 61.5 60.7 60.7 60.4 60.2 59.5 63.8 65.7 64.9 63.5 62 62.5 65.3 66.3 66.5 66.3 66.4 65.9 65.7 64.8 61.3 54.1 55.8 57 58.7 60.1 60.6 62.4 64.5 67.2 70.8 75.5 81.8 89 94 98.9 103.5 107.9 111.5 114.4 115.1 114.4 112.4 110.4
115.1 110.9 106.6 100.4 94.4 93.2 93.3 92.1 96.3 100.9 105.8 108.6 110.4 111.5 111.6 111.1 109.5 106.9 103 94.9 88.5 87.7 85.8 82.4 79.9 77.1 74.9 73 72.3 71.3 70.2 67.8 66.9 65.9 64.8 63.7 62.9 62.1 61.2 60.3 59.9 59.4 59 58.9 60.1 61.6 57.8 56.6 56.4 57.6 63 65.7 66.6 65.4 64.6 63.8 63.4 63.4 61.6 54.9 55.9 57 58.5 58.2 59.4 61.1 63.1 65.8 69.3 73.8 79.7 85.8 91 95.8 100.4 105.1 109.5 112.8 115.1 115.9 114.8 112.7
110.5 106.4 100.4 95.7 98.8 100 96.9 96.2 99.9 104.4 109.7 112.9 115 114.8 114.4 112.5 109.3 105.2 97.7 95.8 95.2 92.4 89.4 85.8 81.6 78.4 75.7 73.3 71.6 69.8 68.3 67.6 66.9 65.8 64.7 63.6 62.8 62 61.1 60.2 59.5 58.7 58 57.6 58.2 57.2 56.2 55.8 55.5 55.8 58.8 63.4 65.8 64.8 63.8 63.6 63.4 63.5 62.8 58.6 55.7 55.5 56.2 57.4 58.6 60 62.4 64.8 69.2 74.1 77.8 83 88 92.6 97.2 102 107 111 114.7 116.8 116.3 115.1
105.7 103.4 102.5 102.4 104 104.7 98.7 100.2 105 109.4 114.7 117.8 118.8 117.5 115.5 113.1 108.3 101.3 101.8 101.5 99.4 95.2 93.4 88.9 84.1 80.2 77.3 75 72.6 70.5 68.8 67.8 66.7 65.4 64.3 63.7 62.6 61.9 61.2 60.5 59.7 58.9 58.1 57.6 57.3 57 56.7 56.2 57.2 56.1 56.1 62.2 65.9 64.9 64 63.5 63.6 63.6 63.3 59 54.3 54.4 55.4 56.5 57.7 59.5 61.3 63.4 67.5 71.5 74.6 80.4 85.1 89.9 95 99.8 105.1 109.4 113.9 116.4 116.8 116.5
108.5 107.9 105.6 107.4 108.8 105.6 104.3 106.1 111.4 114.7 118.3 120.3 119.9 117.7 114.6 109.6 104.9 107.4 109.9 107.6 103.6 100.1 97.2 91.5 88.4 85 81.2 77.8 74.5 71.9 70.5 69.1 67.9 66.3 65.1 63.8 62.8 61.9 61.2 60.7 59.9 59.1 58.3 57.9 57.4 57.5 57.6 57.4 57.4 56.6 57.2 63.3 64.9 64.8 64.2 63.3 63.7 63.8 63.5 58.8 53.4 54.1 54.9 55.9 58.5 59.6 60.6 62.8 65.8 68.5 71.7 76.3 80.3 86.1 92.5 98.1 104 108.5 112.1 115.7 116.9 118
114.3 112.4 112.4 113.5 113.5 105.6 113 114.3 116 118.8 121 122.5 121.3 117.3 112.2 110.7 113.7 116.1 115.2 112.5 108.1 104.5 100.3 97.3 94.6 90.9 85.7 80.6 76.4 73.7 72.2 70.7 69.2 67.8 66.3 65.2 63.6 62.7 61.8 61 60.1 59.3 58.5 58.2 57.8 57.4 57.1 57.5 57.1 56.5 57.8 63.6 63.8 64.2 63.7 63.3 62.8 62.6 62.9 60.6 54.4 53.9 55.8 58.8 60.7 60 60.4 62.5 64.9 67.3 70.6 73.3 77.8 83.6 89.6 96.3 102.6 107.6 110.9 114.2 116.1 118.5
118.4 120.2 120.6 119.7 116.6 111.7 118.1 119.1 119.4 122.3 125.2 126.8 122.8 117.7 117.1 118.4 121.3 121.9 120 116.2 114.3 108.8 105.7 103 101.1 96.3 90 83.8 79.2 77.4 75.3 73.8 72.2 70.2 67.6 66.5 64.6 63.5 62.5 61.3 60.3 59.5 59 58.6 58.1 57.7 57.2 56.8 58.8 60 62.9 62.8 62.8 63.5 63.1 62 59.8 58.9 60.2 60.4 58.2 57.4 59.3 60.4 60.5 58.1 58.1 61.8 64.2 66.4 69 72.2 76 80.5 86.1 93.5 99.9 105 109 112.4 114.8 117.4
126 125.9 124.3 121.9 115.8 116.7 121.8 122.8 122.5 124.6 127.4 127.1 125 119.4 124.8 129.6 128.1 128.4 125.1 122.9 118.7 116 112.5 108.5 105.2 99.5 94.6 88.8 84.1 80.3 78.5 76.9 74.5 71.7 69.1 67.7 65.9 64.8 64 62.9 60.7 59.8 59.3 58.9 58.4 58 57.5 57.2 60.4 61.5 63.2 63.4 63.5 63.6 62.1 60 57.2 58.1 59.2 60.4 61 60.1 60.4 61.7 60.8 59.4 59.5 61.4 63.4 65.4 69.3 72.5 74.6 77.3 82.6 89.2 95.3 100.9 105.3 109.8 114.1 116.5
131.6 130.5 126.8 117.9 119.3 122.6 125.3 125.7 126.3 127.3 129.9 129.2 125.6 129.1 133.6 136.2 135.7 133.6 131.5 127.4 124.4 122.9 120.4 115.7 109.6 103.8 97.9 92.4 88.2 85.2 82.1 79.3 76.4 73.2 70.6 68.8 67.4 66 63.9 62.2 61.2 60.1 59.5 59.1 58.7 58.2 57.8 58.3 62.5 62.9 63.2 63.2 63.2 63.1 62.3 61.4 58.2 58.7 59.3 59.9 61 61.1 60.4 61.5 60.7 60 61.2 62.7 63.8 65.6 67.5 69.6 72.3 75.4 79.8 84.9 91.2 96.6 102.4 107.3 111.3 114.1
134.9 132.3 124.3 123.4 125.2 126.5 128.4 130.3 131.2 132.8 133.5 129.9 133.2 137.1 139.8 139.8 138.5 137.7 135 132.3 130.6 129 125.5 120 114.5 108.3 102.8 96.7 92.6 89.3 85 81.3 77.5 74.4 71.9 70.2 68.4 66.3 64.2 62.6 61.4 60.6 59.8 59.4 58.9 58.4 58.2 61.3 62.9 62.5 62.6 62.8 62.7 62.6 61.8 60.1 58.2 57.9 58.5 58.9 60.3 61.9 60.2 60.8 60 58.3 60.7 61.3 63.2 64.5 64.9 67.6 70.9 74.2 78.4 83.1 88.4 93.6 99.3 103.2 107.1 110.5
137.4 133.2 125.2 130.2 132.8 134.3 136.9 137.1 137.4 137.7 135.2 137.6 140.7 142.2 142.2 141.9 140.8 140.1 139.1 137.6 136.4 133.6 129 123.9 117.9 112.2 106.4 102.2 97.2 91.6 87.2 82.9 78.8 75.6 73 71.1 68.7 66.7 64.7 63 61.7 60.9 60.1 59.6 59.1 58.5 60.1 61.9 62.4 61.6 61.8 62.1 62.2 62.2 61.2 58.9 57.5 57.2 57.7 58.3 59.6 61.6 63 63.7 60.3 58.7 59.8 59.4 60.6 59.9 61 64.5 69.5 72.8 76.9 81.7 86.5 90.7 95.1 99.6 104.5 108.2
136.8 130.1 132.6 138.8 141.4 142 142.6 142.2 142.2 140.8 141 142.7 145.2 143.9 142.7 142.5 142.3 142.1 141.6 141.4 140.2 137 133.1 126.4 120.9 114 109.6 106 101.2 96 90.4 86 81.4 77.7 74.4 72 69.2 67.1 65.1 63.3 62 61 60.4 59.9 59.4 59 59.6 58.8 60.8 60.7 61 61.3 61.7 61.7 60 58.1 56.8 56.1 55 54.5 59 64.7 67.7 68.8 64.8 58 58.2 56.5 54.7 54.7 56.2 59 68.9 71.7 74.5 78.5 83.8 89.6 95 99.4 102.3 105
135.3 133.1 139.4 144.8 146.1 146.3 146.8 145.8 144.9 143 143.1 144.4 144.6 143.2 142.8 142.9 142.8 142.8 143.1 142.2 139.9 137 132.1 127 122.1 115 111.6 107.6 104.8 102 96.4 89.9 83.5 79.3 76.5 72.6 69.8 67.5 65.1 63.5 62.1 61.4 60.8 60.3 59.8 59.3 58.6 58.5 59.6 60.4 60.6 60.8 61 60.9 59 57.4 56.1 55.6 54.8 54.5 58.3 64.6 69.4 74.1 69.5 60.5 58.4 55.4 54.7 54.7 54.7 54.7 63.3 70.8 73.5 77.6 84.1 89.4 94.1 96.5 98.5 100.5
137.7 136.8 142.1 147.9 149.5 149.8 148.6 147.3 143.9 142.1 142.2 143.4 143.5 142.5 142.5 142.7 143 143.3 143 141.6 139.1 135.4 131.2 125.8 121.8 119.9 114.8 110.2 103.7 102.1 99.4 93.9 87.4 82 78.7 73.4 70.3 67.6 65.4 63.8 62.5 61.8 61.2 60.7 60.4 59.9 59.3 58.7 59 60.1 60 59.8 59.6 57.9 56.5 55.9 55.4 54.9 54.6 54.5 57.7 63.9 68.6 74.1 72.6 63 56.9 54.7 54.7 54.7 54.7 54.7 55.2 62.4 70.8 77.1 82.4 86.2 89.8 91.8 93.7 96.7
141.4 144.5 146.1 150.3 152.1 151.3 147.4 145.9 143 140.6 140.2 140.3 140.7 140.8 141.2 141.3 141.5 141.5 141 139.9 137.7 134.2 130.7 128.8 127.2 124.1 118 112.7 110.3 109.1 105.4 101.1 95.8 87.1 82.2 75.7 71.8 69.9 66.7 64.9 63.7 62.8 61.8 61.1 60.8 60.4 60 59.5 59 60.1 59.4 59.3 57.7 56.9 56.3 55.8 55.4 55.1 54.8 54.6 56.2 62.4 66.9 73.2 74 65.5 58.5 54.7 54.7 54.7 54.7 54.7 54.7 54.7 66 74.9 78.9 82.7 85.3 87 88.7 90.8
146.1 146.9 147.6 149.5 149.4 148.4 146.1 144.2 141.7 138.5 136.8 136.3 137.2 138.2 139 139.9 140.7 140.7 140.2 138.7 137 135.8 134.6 132.6 129.9 124.9 121.2 118.5 118.2 116.2 113.1 108.9 102.1 93.7 85.6 79.3 73.6 70.8 68 65.7 64.1 62.9 62 61.6 61.2 60.7 60.3 59.5 60 59.8 58.6 58.2 57.8 57.3 56.7 56.1 55.7 55.5 55.2 54.7 56.9 61 67.7 73.6 69.7 61.6 58.7 54.7 54.7 54.7 54.7 54.7 54.7 54.7 63.9 71.9 75 78.1 80.3 82.8 84.5 87.9
147.5 147.5 147.5 147.6 147.6 146.4 144.5 142.8 140.8 137.4 133.8 133.6 133.9 134.4 135.5 137.6 139.2 139.7 140.2 139.9 139.3 138.1 137 134.6 131.8 129.6 126.7 123.8 124.1 121.8 118.2 113.2 106.5 97.9 88.8 81.9 75 70.9 68.2 65.5 64 63.1 62.5 62.1 61.7 61.2 60.5 60.4 60.2 59.3 58.9 58.5 58 57.6 57.1 56.5 56.2 56 55.5 54.9 55.8 61.1 67.1 73.7 69.5 59.6 59.4 55.8 54.7 54.7 54.7 54.7 54.7 54.7 62.4 69.4 73.7 75.3 77 80.7 86.6 89.7
147.1 146.8 146.4 146.2 146 145.3 143.9 142.3 140 136.3 132.7 132.9 129.1 130.8 132.4 134.4 137.1 138.3 139 139.1 138.9 138.2 137.5 136.1 134.3 132.8 131.3 129 128.6 125.8 120.9 115 108.1 99.9 90.7 81.8 76 70.4 67.5 65.2 64.2 63.3 63 62.6 61.9 61.3 61.4 60.8 60 59.5 59.1 58.7 58.3 57.8 57.4 57 56.7 56 55.5 55 55 60.7 65.8 71.8 67.9 60 59.8 58.9 58.3 58 54.7 54.7 54.7 54.7 57.6 65.7 71.7 76 80.3 85.7 90.1 91.9
146.2 146.2 145.7 145 144.6 144.2 142.7 140.8 138.8 135.6 132.2 131.7 128.8 127.9 128.8 132.1 134.6 135.9 136.6 137.4 137.2 136 135.5 135.9 135.5 134.1 132.3 130.6 128.4 123.8 118.3 112 105.7 99.3 90.8 81.8 75.8 69.9 67.3 65.4 64.3 63.6 63.1 62.9 62.4 61.8 61.7 60.9 60.1 59.8 59.4 59 58.5 58 57.4 57.4 56.5 56 55.5 54.9 54.8 60.3 64.7 67.4 65.4 60.4 59.7 59.4 60 59.8 55.7 54.7 54.7 54.7 54.7 64.7 70.6 76.8 80.7 85 90.4 93.4
144.8 144.7 144.6 143.9 142.9 142.1 140.7 139.2 138.2 135.9 132.1 129.6 127.3 122.4 125.9 129 130.9 132 132.2 132.6 133 132.8 133.2 133.4 132.4 129.9 128 125.8 122.8 117.8 111.9 105.8 101.3 94.8 86.9 80.7 75.4 69.7 66.5 65.1 63.9 63.5 63.7 63.6 62.9 62.3 61.7 60.8 60.4 60 59.4 58.8 58.2 57.7 57.3 56.9 56.4 55.9 55.4 55.3 55.2 57.8 61.7 62.1 60.9 59.2 59 58.8 57.8 56.7 54 54.7 54.7 54.7 54.7 60.1 71 75.8 77.7 81.8 88 93.4
142.5 142.9 142.4 141.3 140.5 139.8 138.9 137.6 135.9 134.1 131.3 126.3 123.9 120 121.9 124.4 126.4 127.5 127 126.3 126.5 125.4 126.4 126.2 126.1 124.2 120.1 117.2 112.9 107.4 102.1 98.2 94.2 88.8 84 79.4 74.8 69.2 66.2 64.9 65.3 64.9 64.4 63.5 62.9 62.2 61.5 60.9 60.5 60 59.3 58.5 58 57.7 57.3 56.9 56.4 55.9 55.6 55.7 55.6 56.6 57.6 56.6 55.5 56.7 55.7 54.8 53.5 51.4 50.2 51.1 52.7 54.7 57.9 62.3 71.4 75.6 79.3 83.3 86.9 91.6
138.9 139.7 139.6 138.7 137.6 136 134.3 132.9 131.3 129.1 126.4 122.4 119 116.4 115.3 117.5 119.4 119.7 119.3 117.2 115.3 116.3 117.2 117.5 116.1 113.1 111.1 108 103.3 99.1 95.9 92.9 89.2 84.4 80.8 76.8 72.5 67.3 67.4 66.6 66.1 65.3 64.5 63.6 62.9 62.4 61.7 60.9 60.5 60 59.3 58.6 58.1 57.7 57.3 56.9 56.4 56 55.7 55.8 55.6 55.2 57.3 56.2 54.7 54.7 53 49.6 46.7 46.7 46.7 48.5 52.6 58.4 63 67.9 71.5 74.4 79.2 83.4 86.9 90.6
134.5 135.2 135.3 134.2 132.5 129.4 126.9 125.5 124.2 122.5 120.8 117.8 115.6 113.3 110.9 109.8 110.9 110.5 110.4 108.3 107.9 106.3 107 107 106.2 104.4 102.6 99.8 97 93.5 91.5 87.9 83.2 79.1 75.6 71.6 67.9 68.1 69.4 69.9 67.4 66.2 65 64.1 63.6 62.8 62 61.2 60.5 60 59.3 58.7 58.3 57.8 57.4 57 56.6 56.3 56 56.1 55.9 55.6 57.4 56.1 54.7 54.7 52.3 49.2 47.2 46.7 46.7 47.6 51.1 55.2 64.8 70.9 70.1 73 76.6 81.8 85.7 89.9
127.4 128.5 128.8 127.3 125.3 122.7 120 119 119.4 119.2 118.3 116.2 113.5 110.9 108.6 106.2 104.8 103.8 102.4 101.6 100.6 100 100.5 101.7 100.7 99.6 98.5 95.9 92.6 89.8 86.4 82.2 78.2 74.3 70.9 68.5 69.4 72.2 73.9 72.9 69.3 67.4 66 65.2 64.5 63.5 62.4 61.4 60.6 60 59.4 58.9 58.4 58 57.5 57.6 56.7 56.3 56.3 56.2 55.9 55.8 57.8 59.1 57.9 54.7 52.6 50.7 48.8 48.2 48.4 50.6 53.3 54.7 64.4 70.5 69.3 71 75.1 79.8 83.7 86.8
120.8 121.3 122.3 121.1 120.5 118.7 117.6 119.1 119.3 118.5 117.2 116 113.3 110.5 107.8 105.1 102.5 100.7 97.6 96 94.9 95.2 96.3 97.1 96.6 95.4 94.1 90.7 86.4 83.8 80.3 76.8 72.7 71.3 69.7 70.2 72.2 74 75.1 73.7 72.3 70.8 68.2 66.8 65.9 64.6 63.5 62.4 61.3 60.2 59.5 59.1 58.6 58.1 57.6 57.3 57 56.5 56.3 56 55.7 55.6 55.9 59.8 60.6 56.6 54.1 52.1 51.7 51.7 52.6 54.4 57.1 60 64.7 68.7 69.5 70.5 74.5 77.1 80.4 83.1
115.8 116.1 117.6 118.9 117.7 116.5 117 119 119.3 117.9 116.4 115.4 113.1 110.4 107.6 104.9 102.2 98.8 94.1 92.9 91.3 91.1 91.2 90.7 90.2 89 87.8 85.6 81.8 78 76 72.9 71.6 74.1 71.5 73.3 75.4 77 77.1 76 75.8 74 70.9 68.6 67.2 65.7 64.6 62.9 61.5 60.8 60.1 59.5 58.9 58.3 57.7 57.5 57.6 57.1 56.7 56.1 56 55.9 55.9 59.9 62 60.1 54.9 54.7 54.7 55 57.3 61.8 65.4 67.8 68.3 69 68 71.9 75.9 78.7 79.7 81.7
117.6 115.3 115.2 117.3 115.3 114.5 117.6 119 118.7 117.2 115.7 114.3 112.9 110.2 107.4 104.7 102 99.1 94 89.9 88.6 87.7 86.3 86.1 84.6 83.3 81.1 79.1 77.5 76.8 73.2 73.2 75.2 78.2 75.1 75.9 78.9 80.5 79.8 80 80.9 76.7 73 71.2 69 66.9 64.6 63.1 61.9 61.6 60.8 60.2 59.5 58.8 58.4 58.1 57.4 57.6 57 56.3 56.2 56.1 56.8 59.8 61.1 61.1 58.8 56.8 56.3 58.7 60.7 64.5 67.7 74.2 77.7 74.5 69.1 68.9 74.2 78.6 80.8 81.7
119.5 115.4 112.9 114.1 112 115.1 118.1 118.9 118 116.5 115 113.6 112.5 110 107.2 104.5 101.8 99.3 94.4 90 85.4 83.5 82.3 81.3 79.5 79.6 78.9 78.2 78.5 78.6 76.2 76.8 79.4 79.4 78.2 79.6 82.7 84 83 83.6 82.6 78.6 75.5 73.3 71.2 68.8 66.6 64.2 63.3 62.4 61.7 61 60.7 60.1 58.9 58.5 57.9 58.1 57.3 56.5 56.4 56.9 58.9 59.1 57.9 60.5 60.5 60.6 61.3 61.4 62.7 68.3 76 79.5 79.2 78.8 73.8 70.3 71.7 75.1 79.2 82.3
116.9 112.3 109.4 109.5 112.5 115.6 118.6 118.8 117.3 115.8 114.4 112.9 111.4 109.8 107 104.3 101.8 99.6 94.8 90.5 85.3 81.1 80.2 79.4 79.2 78.7 78 77.2 76.7 78.2 79.5 81.4 83.8 83 82.8 84.6 87.1 88.3 87.4 86.7 83.8 80.7 78 75.1 73 71.1 69.1 66.1 64.5 63.4 62.6 62 61.4 60.5 60.1 59.5 58.5 58.3 57.6 57 57.2 58.9 58.4 57.7 58.6 59 59.9 60.5 61.8 61.4 60.6 66.2 73.2 76.3 76.3 73.9 74.5 71.5 71.2 73.3 77.4 82.3
114.2 111.3 107.2 110 113.1 116.1 118.6 118.1 116.6 115.1 113.7 112.2 110.7 109.6 106.8 104.1 102 99.8 95.3 90.9 86 81.3 80.3 79.5 78.8 78.2 78.8 79.3 81 82.9 82.3 86.9 90.6 90.5 90.4 90.2 91.5 92.7 91.8 89 87.2 86.1 85.3 79.6 75.3 72.9 70.7 68.5 66 64.6 63.8 63.1 62 61.3 61 59.8 58.5 58.2 58 58.7 59.3 59 58.1 57.1 57.9 56.8 58 58.4 59.2 58.3 59 63.1 67.8 71.1 75.1 74.6 73 68.3 69.7 73.2 75 78.3
112.1 107.5 107 110.5 113.6 116.7 118.5 117.4 115.9 114.5 113 111.5 110.1 108.6 106.6 103.9 102.1 100.1 95.7 91.5 86.8 82.5 81.5 81.7 82.4 81.3 82.1 84.3 87.1 88.6 88.2 92.5 96.2 97.4 96.6 96.2 97.5 97.4 95.9 92.7 93.1 93 91.4 85.8 78.3 75.5 72.7 69.9 67.3 65.9 64.5 63.2 63 62.3 60.9 60.2 59 58.4 57.9 59.4 58.4 58.8 59.2 58.1 60.9 60.3 58.3 58 57.6 57.4 58.3 60 62.5 63 65 67.1 67.2 67 68.3 71.8 75.2 77.5
106.9 106.3 107.9 110.5 114.1 117.2 118.2 116.7 115.2 113.8 112.3 110.8 109.4 107.9 106.4 103.7 102.3 100.4 96.1 92 86.2 83.8 83.6 83.9 86.4 87.1 89.5 91.5 92.5 93.6 92.9 97.2 100.7 102.6 102.4 101.9 102.2 101.7 99.8 100.9 99.9 98.3 96 92 84.8 78.9 76.8 72.9 68.8 66.2 64.9 64.1 63.7 62.9 61.9 61 60.4 59.4 59.4 59.4 60.1 62.9 60.9 64.3 68.7 66.6 60.8 58.3 57.5 57.7 58.6 59.2 59.8 60.6 61.9 63.1 64.3 65.6 67.4 69.5 74.3 79.6
103.7 105.8 108.8 111.3 114.7 117.7 117.5 116 114.6 113.1 111.6 110.2 108.7 107.2 105.8 103.5 102.5 100.6 92.7 87.5 86.9 87.8 88.1 89 92 94.9 96.6 97.7 98.2 98.3 98.1 102.6 105.8 106.4 106.3 106.6 106.3 105.1 104.9 104.9 105.4 104.5 101.6 96.8 89.8 82.2 79.7 76.7 72.8 67.7 66.4 66.2 65.1 63.5 63 62 61.7 62.1 61.6 59.6 61.3 67.1 69 71.8 76.7 70.5 62.8 57.7 57.8 58.1 58.9 59.3 59.7 60.4 61.3 62.8 63.9 65.2 67 69.5 72.8 80.3
103.9 105.7 109.4 111.8 115.1 118.1 116.8 115.3 113.9 112.4 110.9 109.5 108 106.5 105.1 103.5 100.9 94.2 89.9 91.6 94.4 94.6 94.9 95.7 98.3 100.5 101.6 102.9 102.4 103.3 103.7 105.5 107.4 108.7 110.3 110.5 109.3 108.6 107.4 108.2 107.8 106.4 102.3 97.9 90.7 83.6 81.9 81.9 78.8 72.1 68 66.4 65.8 64.4 63.9 64.3 65.7 64.6 66.1 66.1 65.8 70.8 73.1 79.6 78.6 71.5 64.5 58 58.2 58.4 59.1 59.4 59.8 60.3 61.2 62.4 63.5 64.7 66.8 69.6 73.1 80.2
106.6 109.4 112.7 115 116.5 117.6 116.1 114.6 113.1 111.5 110 108.5 107 105.4 103.9 99.6 95.3 94.3 96.6 100.3 100.3 99.3 100 101.7 103.6 105.1 106.1 107.1 108.3 108.7 108.2 110.1 111.2 112.4 113.7 113 112.6 109.2 108.2 108.2 106.8 104 99.7 94.5 89.1 82.9 82.4 83.8 82.4 78.3 71.8 67.5 66.3 65.8 66.6 66.5 66.6 68.5 69.5 72.2 73.7 76.5 82.4 82.9 78.1 71.9 64.5 58.5 58.5 58.7 59.2 59.6 60.2 60.7 61.2 62.2 63.3 64.5 66.7 72.2 76.8 80
