app/static/ascii/SS52.asc
ncols 200
nrows 200
xllcorner 250000
yllcorner 120000
cellsize 50
[rows 0 to 36 of 200, columns 82 to 163 of 200]
65.7 64.8 64.1 63.4 63.1 61.7 60.7 58.9 55.5 52 48.5 44.8 41.4 38.5 36.5 36.3 39.3 42.3 43.8 43.6 43.4 41.5 37.6 34.2 27.8 22.9 20.3 27.3 34 42.8 50.6 52.2 56.2 58 56.1 49.9 41.4 34.4 28.1 20.6 14.2 7 4.5 -0.9 -0.9 3.8 3.5 3.3 7.2 10.2 13.8 16.3 20.8 26.5 31.9 36.6 39.4 42.4 46.2 50.9 55.8 55.5 56 58.5 59.8 56.6 54.4 49.5 44.7 36.3 35.7 33.7 35.2 38.7 43.4 44 45.5 48.7 50.8 53 56.1 57.1
68.5 67.1 66.9 66.6 65.3 62.8 60.6 58 54.2 50.9 47.5 44.9 41.9 39.1 37.5 37.8 39.4 40.9 41 40.1 38.8 35.5 31.8 26.8 21.6 17.6 20.3 26.1 31.7 38.5 45.7 52 53.9 54 51.8 45.9 38.2 29.1 22.8 16.8 11.7 4 4.2 -0.9 -0.9 3.9 3.6 3.5 4.9 6.9 11.8 14.7 17.7 21.6 25.7 30 34.7 35.3 38.9 42.1 45.5 48.1 51.1 53.9 56.1 56.6 55.6 50.8 47.6 45.4 45.9 48.1 48.4 50.3 54 58.2 60.8 63.9 66 65.8 67.1 68.8
71.1 69.9 68.7 66.6 63.9 61.1 57.8 55.9 53.9 50.1 46.4 43.5 42.4 40.9 40.1 40.5 40.8 40.7 39.6 38.1 37.4 32.8 29 22 18.2 18.3 26.5 31.2 37.7 43.6 49 52.3 54.1 54 50.8 45.3 34.6 25.7 19.2 14 10.6 7 4.1 -0.9 4.2 3.7 3.7 3.6 3.6 4.5 7.9 13.5 16.4 18.3 22.5 26.1 30 31.9 35.4 39.8 43.8 48.8 53.2 57.2 58.2 59.8 59.3 59.8 59.5 60.7 62.7 65.5 68.6 72 76.2 80.2 82.9 85.6 86.2 84.9 87.6 89
72.1 70.9 69.2 66.5 64.3 62.3 62 60.7 57.6 54.2 51.6 48.8 46.9 45.9 45 44 43.8 43.2 42.4 40.8 39.9 35.9 27.5 19.6 18.3 24.7 32.3 38.3 43.2 49.1 52.6 54.4 55.6 55.2 51.4 46.3 36 28.3 21.5 13.6 9.1 7 4.1 -0.9 -0.9 3.9 4 3.7 3.7 7.1 4.6 11.4 14.8 16.9 20.7 24.2 28.2 33.6 40.5 45.5 49.9 55.1 60.4 64 66.9 70.2 73.4 75.5 77.2 79.2 81.1 85.4 90.5 93.6 96.3 103.7 109.3 112.3 114 113.4 114.1 116.4
73 73 72.3 70 68.9 68.3 71.3 72.3 70.1 65.9 60.3 57.3 55.8 55.2 55.4 54 51.9 50.7 51.1 49.4 44.2 31.2 20.6 20 22.9 33.3 40.2 43.9 49.5 53.1 54.7 56.2 57.1 56.4 52.7 48.2 38.7 31.7 24.9 16.9 8.9 4.7 4.3 -0.9 -0.9 4.1 4 3.9 3.7 4.2 5 9.5 13 15.7 20.3 24.9 30.9 40.9 47.8 55.5 62.2 70.9 77.1 77.9 82.5 90.5 94.6 96.8 100 101.4 104.2 105.7 109.6 114.2 119.5 126.9 131.8 134.9 137 138.5 138.9 140.7
72.5 72.1 68.9 67.4 68 69.9 74.1 76.5 77 73.2 69.5 66.7 62.9 60.5 60 57.5 55.6 56.6 56 55 42.6 23.3 21.2 23.2 29.5 40 44.5 48.3 53.6 55.2 56.8 57.7 58.6 57.6 53.9 50.1 41.4 34.9 28.3 20.2 12.2 3.8 4.3 4.4 -0.9 3.9 3.7 3.6 3.3 3.4 5 7.4 12.2 15.6 19.7 26.8 30.1 47.9 63 73.3 81.3 89 95.5 101.3 107.6 113.7 116.9 120.7 123.5 126.1 128.3 130.2 132.5 134.3 136.8 140.8 145.5 148.2 151.1 154.2 157.4 162.5
66.7 67.1 67.4 67.9 68.8 69.4 69.7 70.6 71.1 70.2 69 66.4 63.4 59.6 57 53.3 47.8 45.5 42.3 38 31.1 22.8 23 27.4 34 40.5 45 49.6 54.6 57.6 58.9 59.2 60 58.8 55.6 52 44.4 38.1 31.6 23.3 16.1 5.8 4.1 4.2 -0.9 -0.9 3.9 3.6 3.3 3.3 7.4 5.6 8.3 14.2 19.8 29.9 42.2 63.1 74.5 84.7 92.2 100.2 104.9 113.1 119.4 124.3 128.3 132.5 136 138.9 141.8 143.3 145.4 148.5 152.3 155 157.4 160.9 164.6 168.8 172.6 175.6
63.6 64.6 64.2 64.7 65.7 66.3 66.6 67.5 68.9 69.2 69.1 67.6 64.7 60.9 58 54.6 47.4 44.3 39 32.6 26.3 23.3 25.2 29.9 34.4 39.2 43.4 48 52.2 55.6 57.6 59.6 59.8 58.8 56.4 53.9 47.7 41.5 34.7 27.5 19.9 10.1 4.1 4.4 -0.9 -0.9 3.6 3.8 3.7 3.5 4.5 4.9 6.8 14.3 19.1 30.5 50.7 66.8 80.1 89.3 96.5 102.9 110.6 119.7 127.8 133.1 138.8 143.3 145.6 148.5 150 151.8 153.9 157.2 160.5 161.9 164.9 168.1 171.7 177.2 180 183.2
60.1 60.9 61.3 61.7 62.5 63.2 63.5 65.6 68.4 70.9 72.2 72 69.1 66.4 62.9 59.9 54.7 47.5 43.1 36.2 25.2 24 27.1 30.1 33 37.2 41.3 45.1 51.3 52.5 55.2 57.2 57.6 56 52 46.3 40.2 34.5 28.5 22.6 21.7 14.3 4 4.6 -0.9 -0.9 3.9 4 3.8 3.9 4 5 6.8 14.4 18.9 32.1 50.7 66.7 79 88.4 95.7 102.5 110.4 118.7 126.6 133 138.5 143.3 146.7 149.4 151.8 154.4 156.9 160.4 162.7 165 167.6 170.4 175.1 180 183.9 188
56.9 57.8 58 59.6 60.4 59.8 60.2 63.1 66 67.9 68.6 67.7 67.5 66.7 64.9 62.4 60.9 54.8 47.3 32.1 24.5 27.3 30.8 34.1 37.2 39.2 41.3 45.2 50.7 53.5 55.8 59.1 59.3 55.8 50.3 44.7 39 32.4 28.6 23.3 23 20.7 11.2 4.4 -0.9 -0.9 3.7 3.7 3.7 3.8 3.7 7.7 7.1 14.2 19.1 31 49.3 64.3 75.8 84.5 92 98.2 107 114.7 121.5 127.7 133.3 137.8 141.5 144.9 148.7 151.7 154.4 157.1 159.6 162.1 165.1 167.9 172.3 177.7 181.4 185.4
53.5 53.3 53.5 55.1 56.4 55.9 55.7 57.1 59.5 60.9 60 59 61 60.6 57.4 54.1 49.3 41.6 30.8 24.7 26.3 31.6 37.1 40.3 41.9 43.8 44.9 47.4 52.4 55.4 58.3 62.9 65.3 64.5 61.1 54.9 50.4 44 37 30.4 28.6 27.8 22.1 14.4 -0.9 -0.9 4.1 3.9 3.8 3.8 3.8 4.2 10.8 14.9 19.3 31.1 41 53.6 63.5 72.5 81.1 88.7 97.3 102.9 101.7 115.2 119.9 125.7 131.8 136.9 142 144.7 147.4 149.9 152.6 155.9 159 161.9 165.5 169.1 172.7 176.3
48 48.7 48.8 50 51.1 51.6 51.6 52.3 53.7 52.8 51.2 51.1 52.3 53.7 50.5 45.5 41.1 30.5 26 28.8 29.2 31.8 41.2 44.6 45.9 48.1 49.8 49.8 53.6 57.3 59.8 64.6 67.6 68.5 66.6 63.5 60.2 56.9 51.4 45.7 40.6 36.4 30.3 22.4 -0.9 -0.9 4.1 4.2 3.9 4 3.9 4.6 9.7 15.3 19.4 28.6 36.2 43.2 50.2 58.1 65.6 74.2 80.7 84.6 84.6 95.7 100.8 105.8 112 118.7 123.9 127.7 131.6 133.6 135.9 139.6 143 147.3 150 153.2 156.7 160.5
40.9 41 42.4 43.4 44 45.7 46.6 48 48.2 47.6 46.8 44.3 43.6 43.5 41.5 38 34.1 27.6 31.3 33.7 35 33.8 38.6 46.2 49 51.4 53.3 52.9 55 59.8 61.5 64.9 67.9 69.8 69 67.1 63.3 58.6 54.6 49.8 45.2 41.3 34.5 25.5 -0.9 -0.9 3.9 4.2 4 3.9 3.8 3.7 7.6 14 18.1 25.2 32.2 38.5 44.7 51.8 58.5 64.5 68 72.1 76.5 83.8 90.9 96.4 102.5 107 111.8 115.5 118.4 120.3 120.8 122.5 125.2 126.4 129.6 133.2 137.9 142.2
42.8 41.3 38.1 37.5 36.4 38.4 38.8 40.6 40.5 39.2 38.6 34.7 32.3 30.7 31.4 34.9 37.5 37.3 36.5 39 40.3 40.7 36.9 40.5 47.8 51.5 53.6 55.7 57.5 60.8 61.4 63.7 66.1 68.3 68.6 66.9 62.9 57.5 51.5 45.9 41.1 37.2 32.7 24.4 13.1 -0.9 4.2 4 4.2 4 3.8 3.7 4 10.1 16.5 22.9 30.7 38.5 46.2 51.5 57.4 62 62.3 66.3 70.4 75.6 82.6 88.7 97 102 106.9 111.1 113.1 114.8 115.7 116.5 118.2 119.9 122.2 124.9 128 134.1
46 43.9 42.2 40.5 37.9 38.3 37.8 37.8 36.5 35.6 34.7 32.6 32.8 32.7 33.1 39.3 43.7 44.8 43.2 44.2 45.7 46.8 44.8 41 42.6 46.8 51.6 54.2 57.1 57.6 59.5 61.8 64.2 66.5 66.7 64.6 59.9 54.2 46.7 40.5 33.5 27.7 23.7 20.9 11.8 -0.9 4 4.2 4.4 4.1 4 4 4 7.5 14.2 19.9 25.9 35.1 39.9 47.5 52.9 56.7 57.6 60 63.1 69.3 73.5 78.8 89.9 96.1 100.7 104.5 106.5 107.5 108.9 109.4 109.8 112.7 116.2 119.3 122.3 127.4
49.3 46.9 45.2 42.3 41.7 40.7 39.5 38.9 38.1 37.2 35.9 39.2 39.8 40.7 41.3 45.1 48.4 50.9 49.4 48.7 50.3 51.3 51.1 49.4 44.5 43.6 48.3 51.5 54.2 57 57.7 60.1 62.4 64 63.8 61.8 57.4 51.1 43 34.7 26.4 22.9 22 21.2 14.9 -0.9 4.6 4.4 4.2 4 4 4 4 7 7.7 15.5 21.9 26.6 33.9 41.6 48.1 51.3 51.7 53.4 56.7 63.1 67.4 70.5 81.2 88.3 93 95.8 97.5 99 100.3 100.2 102.8 106 110.3 113.9 117.1 122.3
52.6 50.5 48.1 44.9 45.6 45.4 46.8 45.6 44.3 42.5 39.8 46.1 49.1 50.7 49.8 50.7 54.1 55.2 52.9 52 52.9 54.1 54.1 52.4 47.3 46.1 47.8 49.8 52.4 55.5 57.2 58.5 60.7 61.6 61.1 58.9 54.6 49.8 43.4 33.5 26.7 31.7 30 24.4 17.1 -0.9 -0.9 4.5 4.7 4.2 4 4 4 4.3 6.9 10.4 18.9 22.7 29.6 35.4 40.4 43.7 46.3 47.4 50.6 55.8 60.7 67.6 76.4 82.7 85.7 87.9 88.3 89.1 90.5 92.1 94.9 99.7 104 109.4 112.8 117.5
59.6 57 52.9 49.4 52.8 54.3 55.2 54.1 52 47.4 45.1 51.2 54 55.2 56.2 56 57.2 57.3 54.9 56.3 57.1 57.8 58 56.1 51.9 49.4 50 52.3 54.2 56.3 58.4 58.3 58.8 58.6 57 54.8 51.3 47.1 39.6 37.5 38.5 38.3 35.3 28.7 19.8 -0.9 -0.9 4.3 4.6 4.6 4.2 4.1 4.1 4.2 6.7 8.2 17.4 18.9 23.5 28.5 29 31.2 33.4 39.2 44 51.2 57.1 63.5 70.1 76.3 78.5 78.9 79.6 80.7 82.4 83.9 88 92.5 97 102.7 107.7 113.1
64.7 61.4 59.3 54.4 57 59 60.2 58.4 54.9 48.4 47.7 53.9 56.9 58.4 58.4 59.1 58.9 57.7 58.4 59.8 60.5 61.2 60.6 58.5 54.1 51.8 54.9 54.5 57 58 60.3 60.4 60 57.5 54.1 50.8 47.3 42.1 42.4 43.6 43.8 42.5 38.8 30.5 21 8 4.6 4.5 4.4 4.6 4.6 4.3 4.8 4.5 6.6 7.3 11.6 13.8 14.6 17.8 23.3 27.7 32.3 32.6 34.8 44.1 51.4 58.2 64.7 70 72.6 71.3 69.7 69.7 72.4 77.5 82.3 89.7 94.9 100.4 105.9 110.6
67 65.1 64.7 61.2 62 63.7 64.3 62.4 57.1 51.3 50.1 56 59 60.4 60.8 61.7 61.9 61.9 61.3 62.9 63.8 64.5 63.4 60.4 55.4 55.8 58.4 58.9 59.7 60.1 61.5 62.6 64.6 61.8 56.9 51 48.3 46.3 48.1 48.1 47.3 44.8 40.9 33.1 22.8 9.1 4.1 4.8 3.7 4.4 4.1 4.6 4.5 4.6 4.8 8 9.5 10 17.3 22.2 26.8 33.4 36.7 38.4 38 41.1 47.2 53.6 59.1 62.3 62.7 60.7 65 70.8 76.6 82.5 86.6 91.3 95.8 100.4 104.9 108.6
68.9 68.6 70 65.5 65.1 66.5 66.9 64.7 60.3 54.4 52.9 57 60.6 62.5 63.2 63.4 64.8 64.8 65.4 65.5 67.6 67.1 65.5 62 57 58 58.5 58.9 61 63.1 65.2 65.6 66.1 65.1 61.4 54.2 51.6 50.7 50.3 49.8 49.4 45.5 39.5 32.8 24.2 13 3.4 4.5 4.7 4.4 4.7 4.9 4.3 4.7 4.8 7.2 7.1 11.1 16.1 20.5 26.2 33.2 39.1 43.8 47.1 46 44.9 47.2 50.5 53.9 53.8 60 68.1 73.7 79 83.6 87 91.1 95.4 99.4 102.5 106.3
70.8 73.1 74.1 72.1 68.2 69.2 69.2 66.9 62.1 57 54.9 55 60.6 63.9 66 66.9 67.8 68.8 69.2 71 70.5 69.2 66.7 63.1 58.1 58.4 59.8 61.6 63.8 66.3 68.6 69.5 68.6 67.6 64.8 58.1 54.5 53.9 53.7 52.7 49.1 43.5 38.1 31.5 25.5 16.9 3.9 4.8 4.9 5 4.8 4.6 4.4 4.3 4.7 5.9 5.1 8.1 12.9 17.6 22.7 29.8 38.7 46.6 52.1 52.3 51.4 51.1 50.5 52.2 54.7 61.1 67.5 72.9 78.1 82.1 85.1 88.3 92.5 96.1 99.2 102.6
74.5 74.6 76.6 76.2 72.4 73.4 72.6 70.3 65.2 59.8 57.1 57.1 60.5 66.7 70.8 73.2 75.7 77.2 77.9 77.7 75.6 72.8 69.4 65.3 60.6 60.5 62.6 64.5 66.8 70.1 72.4 74.4 75 74.2 70.2 61.8 57.8 57.1 56.7 54.6 49.8 43.1 35.8 31.3 27.1 20.2 11.6 4.4 3.8 2.4 4.7 4.8 4.9 4.7 4.8 4.2 5.2 5.3 9.4 14.8 19.9 27.1 35.7 45.2 53.4 57.4 58.7 58.7 59.1 60.5 60.3 59.5 63.4 69.2 74.8 79.5 83.2 86.4 88.4 91.8 95.4 98.9
79.4 78 77.9 77 77.2 76.8 77.2 74.8 70.1 63.7 59.5 61.4 62.7 67.9 72.6 76.1 78.5 82.4 82.4 81.4 78.5 75.4 71.6 68.5 65 62.3 66.4 68.6 71 74.1 76.8 80.1 80.9 80.6 78.5 71.4 65.9 62.7 60 56.4 50.9 43.7 37.8 31.9 27.5 22.8 17 8.3 4.8 4.8 4.1 4.8 5.1 5.1 5.1 5.1 6.8 5.1 5.2 10.9 17.2 24.6 31.9 42.3 52.2 59.6 63.2 65.5 66.8 67.7 68.2 68.9 69 67.9 70.1 74.8 80.4 85.6 87.6 88.4 91.7 95.3
88.7 84 82 80.8 80.7 81.7 81.5 78.7 75.4 68.7 63.3 67.3 70 70.2 76 79.4 82.5 84.3 86 85.6 83.5 79.7 75.3 71.6 67.6 66.1 67.4 69.7 72.3 76.3 80 84.6 87.6 89.3 88 85.4 81.3 74.8 68.4 61.9 56.4 53.3 45.3 37.8 30.3 22.7 19.5 12.3 5.1 5 5.1 3.9 2.8 5.3 5.4 5.4 5.7 5.3 5.3 6.4 13.7 21.1 28.1 38.2 48.7 59.8 65.9 69.4 72.1 73.8 74.8 76.3 77 77.7 76.3 76.6 78.8 83.5 86 88 91.3 95.4
94.3 92.2 89.3 86.5 86.4 86.3 84.8 82.3 78.5 72.3 67.8 75.7 77.1 75.9 78.9 82.8 85.8 87.6 88.8 89.1 87.3 84.4 80.6 75.9 73 71.4 69.9 71.7 75.2 79.9 84 88.1 91.2 92 92 90 85.6 79.6 71.8 65.4 60.9 57.4 53.1 46.6 39.7 30.3 21.7 18.2 8.6 5 5.3 5.1 5.2 2.9 5.5 5.5 5.4 5.4 5.2 5.6 10.6 18.5 24.9 34.8 46.4 57 64.5 70.4 74.2 76.3 77.8 79.3 81.4 82.4 82.9 82.7 83.8 86.4 88.2 91 93.6 96.5
99.6 97.1 94 93.4 94.4 93.1 89.1 85.9 80.8 74.1 73.9 80.2 82.4 82.3 81.1 85.1 88.8 90.2 91.7 91.7 89.8 87.1 84.3 82.4 79.5 77.4 72.4 74.1 78.6 84.5 87.8 92.7 94.8 95.4 96.1 94.5 90.7 83.9 78.3 71.1 66.3 62.3 57.1 50.3 43.1 34.2 32.4 27.7 17.3 5.1 4.8 5.6 5.5 3.1 5.6 5.7 5.6 7.6 5.4 5.3 6.7 14.1 22.1 30.9 42.6 53.6 62.2 68.5 75.3 77.6 78.6 78.4 81.5 84 86.3 88 90 92 93.6 95.5 97.2 97.6
105.7 103.1 99.4 97.8 97.7 97.2 93.2 89.5 84.2 77.3 79.1 85 86.9 87.4 85.7 87.6 91.5 93.5 94.5 94.4 92.8 91 87.3 86.6 84.9 82.6 78.4 78.7 81.3 88 91.6 95.9 97.6 98.4 100 97 93.4 86.8 80.8 75.6 71.7 67.6 61.9 55.5 50.4 47.3 44.2 37.3 25.9 9.4 5.2 5.1 3.4 5.5 4.2 5.1 5.2 5.1 5 5.1 5.5 10.6 19.5 30 39.7 49.8 59.4 66.9 71.4 74 75.8 75.7 80.8 83.5 87.1 89.5 91.2 92.9 94.6 95.2 96.4 96.5
110.4 107.7 105.8 103.5 103 102 97.9 93.8 86.8 80.9 81 86.9 89.3 90.4 90.2 89.7 92.4 94.7 96.3 97.2 95.5 95.1 92.7 92.4 89.6 86.6 86.1 86 87.6 90.7 93.9 97.6 99.6 100.9 102.5 100.3 94 86.9 82.1 77.7 73.4 67.8 62.2 59.7 57.4 55.9 52.3 44.9 33.6 18 5.7 3.9 4.6 5.8 4.2 5.8 4.5 5.5 5.3 5.4 5.6 6.6 14.9 26.6 36.3 46 56.5 61.8 65.5 68.6 69.3 73.2 79.6 84 88.2 90.4 91.9 93.1 93.3 93.9 93.7 93.2
113.9 113.9 111.1 109.2 106.5 105.8 103.2 99.8 93.7 86.3 85 87.7 90.7 92.2 92.8 92.5 93.9 96.3 98.3 99.2 98.8 98.2 96.1 95.3 92.7 90.6 91.2 91.6 91.2 92.2 95 97.8 100.3 102.6 104.4 102.5 97.3 90.9 85 79 74.6 71.3 67.1 61.5 59.5 59.3 56.6 49.7 39.3 25.6 10.7 3.2 5.1 6 3.1 5.8 5.9 5.4 7.7 5.7 5.7 6.1 13.5 21.4 33.4 42.9 49.4 54.8 59 61.5 67.8 73.5 79.9 85.8 90 92.1 92.2 91.7 90 89.1 88.9 87.8
116.3 116.7 115.7 114.1 111.5 109.8 106.4 103.2 99 94.5 93.1 92.2 93 94.5 95 95.1 96.2 97.7 99.8 101.1 101.4 100.8 99 96.4 93.4 93.4 94.5 94.8 94.5 94.6 96.6 99.2 101.8 103.3 103.3 101.6 97.7 92.7 89.2 84.9 80 76.5 71.9 67.2 63.1 61.4 59.8 53.1 42.8 29.7 17.5 7 3.1 5.8 3 5.5 5.8 5 5.9 5.8 5.8 5.8 11.7 17 27.5 35.6 42.2 45.3 48 58 67.4 74.4 80 86.5 91.4 92.2 91.3 89.4 86 84.6 83 80.5
117 117.7 117 116.3 113.7 110.5 106 102.9 99.9 99.3 98.6 97.5 96.3 98.5 98.6 99.1 100.5 101.4 102.3 103.2 102.6 102.1 99.4 97.7 96.3 97 97.9 97.9 97.8 97.4 98.9 101.7 104.4 105.1 105.1 102.5 99 95.2 91.5 87.4 83.5 80.7 76.9 72.5 68 66.6 62.8 54.8 43.3 28.8 16 11.8 5.7 4.5 3.7 5.4 5.8 4.8 6.7 5.8 5.7 6.6 8.8 15.4 21.8 29.2 35 43.1 52.1 60.1 66.3 73 79.3 85.8 88.9 90.2 88 85.9 82.3 79 76 72.9
115.9 118.3 118.1 117 114.7 111.1 106.4 105.1 103.9 102.2 103 103.8 102.8 104.2 104.6 104.4 104.9 105.9 105.7 106.4 105.8 104.3 102.4 100.4 99.9 100.6 100.9 100.9 100.8 101.3 103.1 106.3 108.6 109.2 106.7 104.2 101.2 96.2 92.2 87 83.1 81.4 79.4 76.4 73.8 70 64.1 54.2 39.2 22.8 15.7 13.2 11.5 5.1 3.7 5.7 6 4.4 6.9 7.6 6 6.4 8.3 17.2 23.2 31.9 39.8 46.6 53.6 59.7 65.2 71.9 79.2 82.6 85.2 85.2 82.1 78.8 75.4 68.1 62 58.8
116.3 117.1 119 117.9 115.8 111 107.7 106.7 105.8 104.8 107.5 107.6 108.9 111 112.1 111.8 110.4 111.1 111.1 110.4 109.3 107.4 106.2 105 103.7 104 104 104.7 105.7 106.1 107.2 109.2 110.7 110.9 107.1 104.5 99.6 93.5 88.7 84 80 77.8 76.2 75.2 73.6 69.7 63.2 52.5 37.1 26.8 18.4 14.4 12.6 8.8 5.5 5.7 6.4 4.5 6.5 11.4 6 5.8 8.9 17.1 23.4 34.6 41.1 47.6 53.1 58.9 64.2 70.8 74.1 78.2 79.3 78.3 74.4 67.5 59.2 54.6 48.1 45.8
116.9 118.3 118.6 119.5 117.8 114.3 112.1 111.3 111.1 110.9 112.3 112.2 113.2 114.6 116.5 117.2 117.8 117.8 116.6 116.3 114.4 113 111.1 110.9 109.1 107.9 108.5 109 108.9 108.3 109.6 111.1 111.7 110.2 105.8 102.5 97.1 91.2 85.8 79.9 74.4 73 71.2 70.6 69.6 66.5 59.7 49.4 38.9 29.9 22.5 16.6 13.7 9.6 5.8 5.8 7.6 5.5 6.3 6.2 6.6 5.9 7.8 16.4 25.6 36 42.3 47.4 52.6 56.7 60.2 63.5 68.7 72.5 72 70.5 66.2 56.4 48.8 43 37.2 35.4
118.5 120.1 120.9 120.3 119.3 118.4 117.7 116.2 115.6 116 115.4 116.7 118.5 118.7 119.9 120.4 122.3 122.8 121.5 120.5 120.6 120.5 119 117.5 115.1 113 111.9 111.2 110.5 109.7 111.1 111.2 107.5 103 99.9 96.3 91.7 86.4 80.2 74.4 71.3 69.6 65.8 64.8 63.6 60.6 55 45.5 33.9 29.5 24.8 15.7 12.3 8.5 9 6 6.4 5.2 5.4 6.6 7.7 6 7.2 15.5 26.2 34.3 41.4 46 50.3 53.1 55.5 57.1 61.2 61.8 60.6 58 51.6 42.6 34.4 31.3 37.5 42.4
119.1 121.1 122.2 122 121.4 121.2 120.9 120.6 119.7 119.6 120.1 120.8 121.6 122.6 122.6 123 123.7 124.3 123.7 123 123.6 123.8 122.5 121.1 119 115.9 111.6 110.8 109.8 110.5 111 107.7 102.4 97.6 93.8 89.8 84.7 79.2 72.1 68.9 67.9 66 62.3 58.4 54.3 52.7 48.8 40 29.7 20.9 17.7 15.3 12.1 10.7 7.2 6.2 6.4 6.4 5.5 6 6 6 6.1 11.7 23.7 31.8 38 39.5 42.7 44.9 44.3 45.1 48.4 49.3 48.6 44.8 38.9 28.4 35 34.3 42.2 46.1
