app/static/ascii/SS53.asc
ncols 200
nrows 200
xllcorner 250000
yllcorner 130000
cellsize 50
[rows 39 to 77 of 200, columns 0 to 88 of 200]
109.1 107.7 109 112 115.5 118 120.8 122.9 124.2 125.1 124.8 124.5 123 121.7 120.1 118.9 118.2 120.3 121.9 123.9 125.9 127.9 129.8 131.7 131.7 131 129.4 128.3 129.8 132.4 136.8 139.8 142.8 145.2 147 147.5 146.2 143.2 139.5 131.4 118.8 106.6 99.3 93.2 95.1 107.6 123.5 130.5 132.2 129.5 125.8 119.9 112.4 101.4 82.3 75.6 79.7 87.1 93.1 100.7 109.5 114.1 117.8 119.7 119.7 119.2 118.7 119.7 120.3 120.1 119.9 118 102.7 86.8 80.6 93.3 116.7 132.7 138.9 142.7 145.3 146.7 147.8 148.9 148.4 146.5 144.7 144.7 145.3
103.9 102.8 107.2 111.6 114.5 117.7 120.1 121.8 123.4 124.2 123.3 122.9 121.3 119.3 117.7 116.1 117.9 119.6 121.6 123.7 125.8 128.2 130.5 131.7 131.6 130.9 128.1 126.3 128.2 131 135 139.5 142.9 144.9 145.3 144.7 142.7 139.7 135.4 123.5 107.3 94.7 91.4 93.9 104.6 117.9 127.3 130.7 131.8 130.2 126.9 121.4 115.3 105.1 92.7 81.5 74.9 73.5 76.6 81.5 90.4 99.2 104.6 107.5 108.1 107.5 108.4 110.7 112.2 112.7 113.2 110.5 94.9 79.2 81.3 94.2 116.9 125.5 130.9 133.9 136.7 137.9 139 140.1 140.4 140 139.6 140.1 141.5
100.1 103.9 107.9 110.6 114.9 117.5 119.7 121.4 123.1 124 122.9 121.6 119.4 115.6 113.7 116.1 119.3 121 123.1 125.2 127 128.9 131.3 131.6 131.6 130.3 127 124.1 125.1 129.1 134.5 138.7 141.5 142 142.3 141.9 139.5 136.3 131.1 117.8 99.7 88.1 97.8 108.2 118 124.4 128.4 131 133 132.3 130 125.9 119.8 111.5 100.5 88.7 82.2 78.4 73.9 70.8 71.8 81.5 90.7 95.8 96.2 96 97.8 102.8 106.2 107.9 109.6 103 85.2 77 84.1 98.2 112.6 118.6 123.2 126 127.9 129.1 130.2 131.3 131.6 131.8 132.3 133.3 134.9
102.1 106.6 109.2 113.2 115.3 117.4 119.3 121.1 122.8 123.8 123.2 121.7 117.1 110.3 114.5 119.1 121.6 123 124.5 126.6 128.4 130.2 131.7 131.6 130.6 129.1 125.7 122.4 122.7 127.6 132.9 137.3 138.5 138.8 139 138 136.2 132.7 127.2 115.8 99.5 86.9 97.1 112.7 120.7 125.2 128.9 131.9 133.5 133.7 133.1 129.9 126.1 120 111.9 100.6 93.9 89.2 84.4 77.6 71.8 68 74.2 82.3 85.5 87.1 91 96.6 101.7 104.8 105.3 96.2 78.3 76.2 86.3 102.7 107.2 110.6 114.5 118 119 120.2 121.4 122.5 122.9 123.4 124 125.2 127
103.3 109.1 111.1 115.4 115.5 117.1 118.1 120.6 122.5 123.6 123.4 121.7 114.6 108.4 119.5 123.1 124.5 125.2 126.5 127.4 128.8 130.6 131.4 131.4 130.3 127.8 124.2 119.7 121.2 126 131.1 133.9 135.8 135.7 135.6 134.6 132.8 128.9 124.6 119.6 104 87.5 93.2 112.2 120.6 125.2 129.1 131.6 134 134.5 134.3 132.8 130.4 126.3 123.1 117.6 111.2 106.5 100 91.4 79.2 72.6 67.9 67.9 74.9 79.6 88.6 94.4 100.1 103.6 102.5 89.4 72.5 77.4 90.6 100.2 100.9 104.3 107.9 109.3 110.2 111.4 112.6 113.7 114.2 114.9 115.7 117 118.8
102.5 106.8 111 111.5 111.9 111.5 113.6 116 119.4 121.6 122.4 108.1 108.2 103.6 119.4 123.2 124.7 125.2 126 126.6 127.8 129.6 130.5 130.3 129 126.5 122.5 118.2 119.6 124.4 129.1 131.9 134 134.1 133.9 132.2 129.5 125.9 121.8 118.7 104.5 83.6 91 111.4 119.1 123.2 126.1 129.4 132.3 134.4 134.6 134.3 132.9 130.9 128.1 124.7 120.4 118 114.4 103.7 90.7 81.3 73.7 67.6 66.1 76.1 86.3 93 98.5 103.1 100 82.5 72.4 80.5 90 93.1 95.7 97.8 100 100.8 101.3 102.5 103.7 104.9 105.7 106.4 107.4 109.2 111.2
96 100.2 103.9 103.4 102.9 102.3 106.3 109.9 113.9 115.6 116.5 107.7 106.5 100.7 115.1 119.7 120.4 121.6 121.5 122.6 124.6 126.5 127.6 127.4 126.3 123.5 120.6 116.5 118.6 124.1 129 131.5 132.1 132.1 131 128.7 126.4 123.2 118.4 111.1 93.6 79.1 91.2 108.4 114.5 119 123 127.1 130.7 132.8 134.7 135.3 133.9 132.1 130.8 128.5 125.2 123.9 121.3 113.5 101.9 93.5 84.7 74 65 67.1 82 93.4 101.5 106.6 103 81.9 69.7 77.2 80.3 82.1 83.9 87.4 91.5 92.3 92.2 92.1 92.9 94.7 97 98.4 99.8 101.9 103.5
86.3 88.5 91.5 91.6 90.9 91.6 95.4 98.8 101.8 103.3 105.8 104.6 94.5 102.5 111.9 113.8 115.3 115.7 115.6 117.2 119.1 120.6 121.6 121.9 121.6 119.9 117.2 113.7 117.9 123.9 128.7 131.3 130.8 130.9 129 125.7 123.5 119.3 113.8 99.9 82.9 79.1 94.7 104 110.6 115.7 120 124.4 129.3 132.4 135 135.9 134.8 133.6 132.4 130.3 128.7 127 124.8 120.5 113 105.5 95.7 84 69.8 62.6 76 93 103 106.8 102.7 79.1 67.5 69.7 70.7 71.9 73.5 76.2 79.4 81 81.3 82.2 83.9 85.3 89 93.5 93.9 93.8 99.3
72.7 72.9 77 81 81.5 82 84.8 86.1 88.4 91.6 93.9 93.2 90 99.6 103.9 106.8 107.6 108.5 109.4 111.2 113.6 114.8 115.3 114.9 115.4 114.5 113.2 113.6 118 123 128.5 131.1 131.1 130.5 127.7 124.2 120.4 114.6 108.6 95.7 77.9 82.2 91.6 97.4 104.5 111.8 117.7 122.8 127.7 131.1 133.8 135.3 136.3 135.2 133.9 131.9 130.8 130 128.3 125.3 121 115.9 107 89.5 71.1 62 71.7 90.5 96.5 93.6 86.6 73.7 66.5 70.3 79.4 84 82.7 78.1 78.1 78.5 80.9 83.9 83.3 83.3 85.7 90.5 98.3 102.7 108
61.9 64.3 65.6 70 71.6 73.4 74.8 75.5 77.3 79.2 79.7 83.2 84.2 87.9 92.7 96.6 98.5 99.8 101.6 104 106.2 106.7 106.4 106.9 108.4 107.7 110 113.6 117.9 122.6 127.6 131.5 131.6 130.7 127.5 123.1 118.3 110.1 101.8 92.2 78.7 76.3 81.4 88.4 98.9 107.4 115.3 121 127.1 129.8 132.8 134.4 135.6 136.7 135.4 134.1 133.9 133.2 131.9 129.8 127.3 123.1 114.9 96.6 73.8 61.9 72.4 88.2 84.3 75 65.2 65.8 69.9 86.5 98 102.4 100.6 95.6 93.5 92.2 93.8 96.4 94.8 90 85.6 96.1 105.9 110.7 113
70.5 73.7 74 73.8 76.1 78.8 80.2 82.4 84.5 87.5 90.3 91.9 93.6 92.5 96 95.8 94.9 96.5 97 97.3 99.2 102.3 103.7 105.2 107.3 109.6 111.8 115.1 118 123.1 126.8 131.6 131.5 130.2 126.9 122.3 116.9 107.6 96.3 87.6 81.5 74.2 71.8 78.7 90.9 103.3 113.9 120.9 127.2 130 132.8 134.6 135.7 136.6 137.4 137.1 136.8 135.6 134.5 133.9 131.4 125.8 117.6 100.6 82.7 62.2 66.2 79.1 67.9 61.6 64 70.6 77.6 94.9 109.4 111.9 113.3 112.6 110.9 109.5 110.2 111.4 109.7 104.9 95.8 93.2 102 107.5 110.4
78.8 82.3 84.9 87.6 89.2 92.2 93.3 97.3 100.8 103.8 106.1 106.9 105.5 101.2 105 107 107.4 107.8 107.9 106.3 106.5 108.1 109.3 111.5 113.5 114.9 116.5 118 119.8 123.6 128.4 131.4 131.5 129.8 125.7 121.3 115.4 107.9 99.9 98.1 95 85.6 73.4 69.3 83.3 101.1 114 121.8 127.7 130.4 132.5 134.3 136.5 138.1 138.3 137.3 136.4 135 133.7 134 131.7 126.9 119.1 105.4 85.9 64.1 59.5 66.9 60.8 62.4 70.4 79.3 92.9 108.5 115.6 119.2 121 120.7 121.5 122.6 123.6 124.5 125.5 122.1 110.6 97.3 92 95.1 97.6
81 84.4 88.6 91.3 96.2 99 103.3 107.1 109.7 112.8 114.5 114.4 112 108.5 110.3 113.4 115.3 116 116.3 115.9 115.4 114.1 114.9 115.9 116.7 118.2 119.4 120.6 122.1 124.1 127.9 130.6 131.2 128.8 124.7 120.8 116 112 109.6 109.8 108.8 100.4 81.1 66.8 72.7 92.3 110.8 122.5 127.5 130.4 132 133.9 135.4 135.7 135.8 135.8 134.9 132.8 131.1 130.6 128.4 124.5 120.1 110.3 88.8 65.1 58.1 59.6 61.3 69.1 79.3 89.2 103.8 111.2 118 122.8 125.5 125.9 127 128.8 130.4 131 131.4 130.8 120.3 110.6 107 102.9 103.1
78.2 83.9 88.2 92.8 97.2 102.3 105.4 109.4 112.8 115.6 117.3 117 116.1 115.1 115.9 116.7 118.3 119.5 119.9 119.3 118.1 116.4 115.9 115.8 115.8 117.6 119.8 120.8 122.5 124.4 127.2 130.2 131.4 129 125.6 121.7 116.5 113.1 113.6 112.1 109.6 103.1 88.8 71.2 62.8 83.8 102.2 118.3 122.8 125.2 128.5 130.3 132 133.1 132.5 131.6 129.9 127.8 126.3 124.1 121.9 120.9 118.7 112.7 92 65.5 56.8 60.1 67.1 75.6 86.4 95.5 102.5 110.4 116.4 121.3 125 126.6 128.4 130.5 133.6 136.6 137 136.7 131.7 125.2 122 120.4 119
73.9 79.9 85.5 89.8 94.4 98.7 102.5 107.4 111.3 115 118 118.6 118.5 118.4 118.6 119.3 119.2 119.5 119.3 117.9 116.6 115 114.4 114 113.7 115.1 117.3 120.5 123 124.9 127.3 130.3 130.5 128.4 123.9 119.1 114.7 110.9 107.2 104 99.7 96 88.6 69 60.6 77.7 94.5 110.8 116.7 119.9 123.1 126.3 127.2 128.4 127.6 126.2 124.4 121.8 118.5 115.1 114.8 115.1 114.6 109.6 88.5 64.7 56.8 63.6 71.4 79.4 87.8 95.8 101.3 106.5 112.3 118.1 123 125.1 127.4 129.4 133.4 137.1 139.2 138.8 139 137.9 135.8 132.9 131.1
75.2 77.7 82.3 86.2 89.1 95.4 100.1 105.3 109.3 113.4 117.6 119.4 120 120.2 121.1 121.7 121.5 120.6 119.8 117.9 116.1 113.3 110.6 110.7 111.1 113 116.1 120.5 123.2 125.4 127.5 129 129 126.7 122.8 116.4 110.2 103.2 96.7 92.3 88.9 87.4 82.8 69.1 59 72.1 90.9 104.8 111.7 115.4 119.3 123.3 124.1 125 123.6 120.8 118.6 115.3 110.1 104.7 106.2 107.5 108.3 104.7 85.9 65.2 56.7 62.2 70.4 79.1 86.7 92.9 97.9 103.2 108.7 112.4 118.1 119.8 123.8 128.2 131.2 134.9 137.1 138.7 140.2 139.7 139.6 137.9 136.3
82.9 83.4 86.5 89.2 93.3 97.2 100 104.7 110.5 115.8 119.5 121.6 122.4 122.8 123.6 124.1 123.5 122.6 120.9 118.7 116.1 110.9 107.1 107 109.3 112.5 116 120.4 123.2 125.5 127.8 128.2 128.7 125.9 121.7 115.5 106.6 98 91.6 86.2 82.7 79.9 77.4 67.1 61.6 71.6 89.8 103.2 109.6 114 117.9 120.2 121.2 119.4 118.9 116 112 106.3 99.2 94 95.1 96.4 94.3 90.7 84.7 63.2 54.7 60.2 69.9 78.1 85.4 91.4 96.7 101.2 103.6 108.7 111.5 115.3 120.1 125 128.7 132.8 134.9 136.6 137.9 139.7 141.4 140.5 139.3
91.7 94.1 96 96.9 99.8 101.3 104 108.3 113.4 118.1 122 124 125.2 125.5 126 126.3 125.4 124.1 122.3 119.7 115.8 110.6 103.8 106.7 110.1 114.3 117.9 120.7 123.3 125.8 127.8 128 128 125.3 121.6 116.9 110.4 102.2 93 86.2 78.3 73.3 66.7 60.9 62.3 77.2 96.3 104.5 109.8 114.9 116.8 118.6 119.8 116.4 113 107.8 100.9 94 85.2 81.3 82 80 77.4 74.6 70.7 62.3 54.2 60.8 71.3 79.1 85.8 90.4 93.8 96.9 97.9 101.2 106.5 111.8 116.8 121.7 126.4 130.5 132.6 134.2 135.8 137.5 139.9 143 142.1
101.7 105.5 107.1 108 108.5 109.1 110.9 112.8 116.3 120.5 123.7 124.6 125.9 126.6 127 127.1 126.9 125.5 123.8 120.4 116.6 110.7 100.4 105.1 111.9 115.9 119.8 122.5 124.4 126.3 128.3 128.5 127.7 125.5 122.7 119.5 115.8 111.7 104.5 96.3 86.8 77.4 66 57.9 66.6 86 98.1 104.9 109.5 112.2 115.7 118 118.9 115.7 110.9 104.8 95.5 83.4 74.4 69.8 68 64.2 60.7 57.2 55.6 52.5 56.1 62.8 71.3 79.1 85.6 89.1 91.2 90.3 91.2 94.2 100.5 105.2 110.7 116 122.7 126.5 129 130.8 132.7 135.6 139.4 142.9 144.5
109.5 112.8 114.7 115.2 116 117 117.2 119 121.5 122.8 125.1 126 126.5 126.8 126.8 126.6 126.5 125.4 123.2 120.7 116.7 111.6 97 102.7 112.5 117.2 120.7 123 125.2 127.1 129.1 128.1 127.5 124.7 123.1 121.6 118.8 115.3 111.4 105.8 99.1 89.3 69 58.3 66.6 83.2 94.6 101 105.3 109.6 114.8 117.3 117.9 113.4 107.7 99.1 87.7 73.9 64.9 59.4 54.4 51.4 50.6 51.1 53.5 55 56.1 59.9 65.8 73.6 79.4 81 79.6 80 81.1 85 91.2 98 104.2 110.1 117.9 123.1 124.1 125.1 128.8 134.5 139.4 142.5 145.3
117.3 119 120.6 120.4 120.7 120.9 122.5 123.6 124.3 125 126.5 126.5 126.5 126.7 126.7 126.2 125.4 124.1 122.1 120.8 119 109.6 93.7 97.4 110.6 116.6 120.2 122.7 125 127.3 127.4 126.5 124.9 122.1 120.3 119.1 119.5 116.9 113 107.9 101.7 91.5 71 60.8 61.9 77.2 88.1 95.3 100.9 107.8 113.6 117.1 114.9 110.5 100.6 86.9 74 60.8 53.5 49.4 51.2 51.6 51.8 54.5 58 61.7 62.1 59.9 58.1 60.9 63.4 64.2 65.2 67.4 71.4 75.6 81.7 89.2 96.8 104.3 111.4 114.9 118.2 121.4 127 133.3 138.7 142.4 144.8
121 122.7 123.6 123.9 123.3 122 122.7 123.2 122.9 123.9 125.3 125.9 126.1 126 125.8 125.1 123.9 122.6 120.7 120.7 119.3 109 91.2 89.9 105.7 114.9 119.1 122.4 124.5 124.9 123.8 121.8 121.4 119.6 117.6 117.3 119 117.8 113.2 107.8 102.5 91.2 69.6 55 56.7 71.1 83.5 92.6 100.5 108.1 113 115.9 112.6 105.1 90.1 74 60.8 47.5 48.6 50.6 53.1 55.7 59.3 64 71.1 76.3 75.6 71.5 67.1 67.2 69.5 70.8 72 72.9 73.2 72.9 71.7 79.8 89.2 97.8 103.3 105.3 110.1 121.3 129.5 134.4 138.6 141.9 144.2
120.7 121.6 122.3 124 122.5 121.2 120.6 120.4 120.1 121 122.2 122.6 123.1 123.2 123.2 122.8 121.3 119.2 117.3 116.3 114.5 103.7 89.1 86.2 101.9 112.2 118.2 121.2 122.4 120.4 118.8 116.1 117 116.5 115.2 116.9 118.1 117.5 113.7 108.1 102.6 91.4 69.6 54.5 55.2 71.4 83.3 93.4 101.5 107.1 109.9 109.5 105.5 95.3 80.1 64.8 47.1 47.2 51.1 54.2 57.4 62.9 71.5 81.4 91.1 93.8 92 87.6 81.2 78.3 77.9 78.3 78.9 80 80.3 80.3 79 73.9 81.5 89.7 94.8 101.4 114.2 123.2 129.8 135.4 138.9 141.5 143.8
118.2 118 117.7 118.5 120.1 117.4 117.7 117.6 117.3 118.1 118.7 119.3 119.9 120.2 120.3 119.4 118.6 115.6 110.7 105.1 99.9 92 88.6 83.2 100.8 111.1 116.5 118.3 117.7 115 112 109.8 110.5 111.3 113.3 115.1 116.9 117.3 114.1 108.8 103.5 93.2 71.5 55.2 50.9 64.7 79.3 89.9 97.9 101.9 102.3 100.3 94.7 84.8 70.3 55.3 46.5 49.3 53.8 58.9 64.8 74.2 85.8 95.4 101 103.4 104.4 102.7 96.4 93.1 94.3 92.8 90.6 90.1 90 90.4 89.1 84.7 77.7 83.5 92.9 104.5 114.3 121.7 128.5 134 138 141.2 142.9
111.6 110.7 109.7 111 112.9 114.7 114.7 114.7 114.5 115.2 115.2 116 116.7 117 117.4 115.5 113.7 110.1 102.7 93.4 86.7 84.4 81.9 84.2 100.5 110.4 114.2 114.7 113.5 111.1 108.1 104.2 102.8 105.8 108.3 111.5 113.5 115.6 114.2 110.1 104.1 95.4 75.8 60.9 49 56.3 70.3 81.6 91.1 94.1 94.1 89.6 82.7 71.6 56.8 45.3 47.2 52.2 58.1 67.1 77.1 87.8 97.6 104.3 109 111.2 111.6 110.4 107.1 104.9 103.9 103.8 103.6 102.5 101.8 100.5 99.3 96.6 91.1 82.3 89.2 98.8 108.9 118.1 125.9 131.4 134.9 137.8 141.2
100.4 100.8 103 105.6 108.5 111.7 111.7 111.7 111.8 111.9 111.8 112.9 113.6 115.4 114.1 110.6 107.6 101.5 90.7 80.6 74.7 73.5 79 91.2 103.1 109.7 111.7 111.9 110.9 107.8 104.7 99.5 94.1 97.7 101.9 105.8 109.4 111.1 110.4 107 102.4 96.7 86.6 68.8 52.3 50 60 71.3 80.1 84 81.9 75.8 68.4 57.9 46.9 44.9 49.1 55.6 64.8 74.5 86.8 96.3 104.7 110.4 114.9 117.3 118.2 118 116.1 115.3 113.8 112.9 112.6 111.9 111.4 110.3 108.7 106 102.1 92.9 87.5 92 100.5 111.1 120.1 124.5 128.7 132.2 136.5
88.7 91.5 99.4 103.4 106.6 108.9 108.4 108.8 108.5 106.3 107.1 109 111.5 113.3 110.7 107.7 101.6 91.4 78.2 67.8 65.9 76.7 85.7 99.3 106.6 110.2 111.1 111.3 108.7 104.2 100.8 94.5 86.4 88.8 93.6 98.4 102.5 104.5 104.6 103.2 99 92.2 82.2 67.9 55.9 45.4 53.5 60.1 67.7 69.4 66.4 61.6 54.7 46 44.3 45.9 51.9 59.1 69.6 80.2 91.2 101.3 110.9 117 121.5 125.7 127.7 128.5 127.8 126 124 122.7 121.9 121.3 120.7 118.8 116.7 113.8 110.3 103.7 97.4 92.9 95 103.3 111.2 116.9 121.6 127 132
81.7 90.9 99.6 103.5 104.7 105.9 105 104.8 100.7 97.3 97.7 104.9 107.4 109.5 108.6 106.6 99.8 81.3 68.1 58.2 69.3 83.2 95.8 106.9 111.5 112.4 111.3 110.6 108 105.5 100.8 94.8 84.7 82.6 85.9 92.7 97.4 101.3 102.7 101.4 96.2 89.8 81.4 70.9 59.6 47.4 45.9 52 54.4 54.8 53.3 48.7 43.8 43.2 43.6 50.1 56.4 64.8 77.2 89.6 101.1 110.5 118.6 124.2 129.6 133.4 136.2 137.3 137.3 136.3 134.9 134.2 132.6 130.8 129.9 127 124.7 121.5 117.1 113.5 108.2 102.8 98 97 104.2 109.7 115.5 121.7 125.8
76.3 89 96.8 100.6 102.5 102.3 99.5 95.9 91.3 88.7 89.2 96.3 102.3 105 106.4 106.9 96.3 77.5 60.5 54.3 70.4 87.2 103.2 109.1 111.8 111.4 111.9 111.7 111.6 110.9 106.4 96.2 80.6 77.1 81.1 91.4 98.7 103.3 105.9 105.2 101.9 96.4 89.9 80.2 69 53.9 42.2 44.9 47.8 46.5 44.2 42 41.2 42.7 46.5 53.4 64 78.7 90.1 102.2 110.5 116.6 123.6 128.7 133.5 137.8 140.8 142.6 142.8 142.8 142.3 141.2 140.2 138.6 136.2 133.2 129.6 126.2 124 121.4 117.7 113 107.8 103.5 99.7 104.2 109.2 113.4 117.4
71.6 82.1 89.5 92.3 91.6 91.7 87.9 83.9 82.1 79.6 80.7 86.9 93.6 97.4 99 99.2 92.1 75.5 55.8 49.5 67.8 89 100.6 104.7 105.4 105.4 106.7 107.2 107.6 107.1 103.5 94.9 79.1 70.1 75.6 89.2 99.9 103.5 104.6 103.1 100.2 96.6 89.4 79.2 67.4 56.7 44.7 41.4 41.9 41.1 40.6 41 41.4 46 51.5 61.5 75.8 90.2 102.1 110.5 116.5 122.2 127.6 132.7 136.9 140.2 142.4 144.2 145.4 145.7 145.3 144.5 143.5 141.7 139.3 137 133.9 130.5 129.6 126.4 123 120 117 113.1 108.9 107.9 111.7 115.8 120.7
64.6 72.1 77.1 79.9 80.5 79.5 74.6 72 71.1 69.9 71.6 76.6 83.4 87.4 89.1 88.5 82.8 69.9 51.9 44.7 64.7 84.8 90.4 92.9 94.9 96.8 98.8 98.9 97.3 96.7 94.7 90.8 76.4 65.6 71.5 86.2 92.8 94.8 93.9 91.6 88.7 85.4 80 69.4 57.5 49.9 43.1 37.7 38.8 39.2 38.7 42.1 46.6 52.9 64.8 77.7 91.5 101.2 108.1 114.3 119.6 125.5 129.9 134.1 137.9 140.6 142.9 144.5 145.4 146 145.7 145.3 144.5 142.8 142.1 139.9 138.2 134.9 133.6 130.4 127.5 125.3 123.4 120.3 115.5 115.3 117.8 121.5 126.1
55.9 59.3 61.8 61.6 63.1 64.7 61.7 60.2 59.7 58.2 60.4 64.4 69.3 72.8 74.2 74.1 65.8 54.3 44.1 41.9 62.3 73.7 78 80.9 82.1 83.1 84.3 83.2 83.3 83.1 81.9 78.3 70.2 61.3 66 77.2 81.4 81.9 79.6 77.1 74.7 71.6 66.7 57.7 48.1 41.6 38 37 41.1 40.3 46.1 49.9 57.2 68.4 82.5 91.9 96.7 104.5 109.3 113.5 118.2 123.7 128.3 131.9 135.5 138.4 141 142.3 142.9 143.3 143.5 143 143.1 144.2 143.5 142.6 141 139.1 137.1 136.3 132.7 130.7 130.4 127 125.3 125 127.2 128.8 131.3
45.3 47.5 49.9 49.2 50.9 51.8 50.8 49.1 49.4 49 50.4 54.5 56.8 56.9 57.7 56.8 51.9 46.9 37.7 43.5 56.9 61.7 65.1 67.3 68.2 69.3 70.3 70.2 69.9 68.8 67 65.5 60.7 54.2 60 66.2 68.2 68 67 65.5 64 58.8 53.6 44.2 36.7 36.2 36.3 38.6 43.5 50.1 58.2 65.9 75.7 83.6 89.5 93.6 99.4 103.3 106.2 109.6 113.4 119.2 124.8 128.6 131.3 134.2 136.5 137.6 138.5 139.7 140.5 140.5 141 142.7 143 142.2 141.4 140.8 138.7 138.7 137.9 137.1 136.4 136.1 136 136.7 137.7 138.6 139.3
34.1 37.9 39.9 39.4 39.6 40 40.3 40.8 40.6 41.4 41.9 42.8 44.5 45.3 45.3 44.1 41.3 37.7 36.2 40.6 46.5 50 52.4 54.4 55.4 56.6 58.6 58.8 58.4 57 54.4 50.9 50.7 48.5 53.3 54.7 54.9 55 57 54.5 52.9 47.9 39.1 35.2 36 35.7 39.1 46.1 55.6 64.7 70.9 74.8 82.8 86.2 89.4 93.3 96.7 98.7 100.8 104.1 108.5 113.8 119.3 123.2 126.7 129.3 131.6 132.6 133.1 135.2 136.5 137.7 138.8 140.6 140.5 140.8 139.8 138.9 137.9 138.4 139.5 140.8 141.9 140.8 140.2 144.5 145 144.7 146.5
30.4 31.6 32.3 33.4 32.3 31.8 32.5 33.9 34.2 34.9 35.9 36.3 36.9 37.8 37.7 36.9 34.8 32.8 33.2 36.9 38.8 39 41.6 43.2 43.9 46 46.6 47.4 47.4 45.4 46.4 46 44.8 43.7 44.1 45.1 45 47.1 46.5 45.4 44.2 37.1 34.3 34.9 35.9 38.6 48.1 55.6 60.9 65.4 69.4 73.3 77.4 79.4 81.9 85.6 88.2 90.9 92.1 95.9 101.5 106.8 111.6 115.4 119 122.6 125.8 127.2 127.7 129.7 131.8 133 134.9 136.7 137 135.9 135.7 135.4 135.2 136 138.7 140.8 143 144.9 144.3 147.2 148.3 148.5 149.6
26.3 27.3 28.1 28.6 27.6 27.1 27.9 28 28.3 29.2 30 30.3 30.2 30.9 31.4 31.1 30.8 29.8 30.4 31.3 33.5 34.2 35.3 36.3 37.5 38.3 38.5 39.2 39.9 40.4 41.1 40.5 38.9 39.5 39.1 40.7 41.1 41.2 39.9 39.4 34.9 34.4 33 34.3 36.2 41 47 51.9 55.5 59.4 62.4 65.9 69.1 71.4 73.5 74.5 77.7 82.2 83.6 87.6 94.2 98 102.2 106.2 109.8 113.3 115.9 118.3 121.2 123.5 125.4 126.4 129.7 130.6 131.6 130.8 130.6 130 130.7 132.6 135.1 138.5 142.7 145.3 147.4 148.5 149 149.2 149.7
22.1 22.9 23.7 23.9 22.7 22.4 22.9 22.9 23 23.6 23.9 24.3 25 26.2 26.8 27.3 27 26.8 26.4 27 28.2 29.4 30.7 31.4 32.1 32.5 32.9 34 34.4 34.9 35.7 35.5 35.4 35.8 35 36.4 36.8 35.6 36.1 34.3 33.7 33.4 33.5 34.9 35.9 39.1 42.4 46.3 49.5 52.8 55.4 58.9 60.3 62.4 65 66.6 68.8 72.6 74.5 78.4 84.4 88.5 92.9 97 100.3 103.3 106.8 109.3 110.9 113.2 114.7 117 120.3 123.2 124.2 125.7 124.8 124.2 126.6 128.5 131.3 133.8 138.5 141.9 143.6 144.6 145.6 146.4 146.1
18 18 18.5 19.6 18.3 18.7 17.9 17.8 18.2 18.8 19.1 20.1 21.2 22.3 22.8 23.4 23.9 23.7 23.2 22.9 23.8 25 26.1 26.9 27.5 28.4 27.4 26.7 27.4 27.9 29.5 30.8 31.9 32 30.6 31.5 30.9 31.3 31.5 31.6 32.4 33.3 36 38.1 38 37.2 38.2 40.9 43 45.2 48.4 49.6 51.8 54.6 55.2 55.7 60.4 63 66.7 69.8 74.1 79 83.5 88.1 92.1 95.9 98.1 100 101 102.9 105.5 108 110.1 114 116 117.6 117.9 118 119.4 122.5 125.6 126.5 129.4 133.3 136.4 137.5 138.7 140.1 140.4
15.9 14.5 15.7 16.2 15.4 15.7 16.7 16.8 17.1 17.4 18 18.6 18.9 19.3 19.5 19 18.9 21.1 20.2 20.4 20.9 21.5 22 22.2 22.8 23.7 23.8 24.9 23.8 24.4 25.1 25.8 26.3 26.5 27.1 28.2 30.3 31.5 31 31.1 32.8 36 39.1 41.4 41.9 40.2 39.4 41.2 41.7 42 42.9 44.9 46.5 49.3 51.9 53.6 55 57 59.8 62.9 67.3 71.3 76 79.7 84.2 87 89.3 91 92.2 94.7 97 99.3 102.9 106.4 107.8 109.7 111.4 112.2 113.2 116.5 119.7 121.2 123.6 126 128.6 130.4 131.7 132.5 132.7
