app/static/ascii/SS58.asc
ncols 200
nrows 200
xllcorner 250000
yllcorner 180000
cellsize 50
[rows 0 to 36 of 200, columns 0 to 84 of 200]
134.1 129.8 125 121.2 119.3 116.5 112.8 110.8 108.9 107.1 106 105.2 104.4 103.6 103.1 102.1 101.2 100.3 99.1 98 97.1 96.4 95.5 94.4 93.1 91.3 89.6 88.3 87 85.5 83.6 81.8 80.4 79.4 78.3 77.4 75.8 76.3 77.4 77.3 76.8 75.3 74.3 72.6 71.6 70.6 69.2 67.7 66 64.1 61.1 55 49.8 47.4 44.8 42.1 41.7 44.3 47.2 51.8 53.1 52.7 49.5 45.7 40.3 47.5 50.4 50.7 50.3 50.1 49.6 42.9 35.2 23.1 17.8 28.8 46.2 54.7 57.3 57.3 54.5 52.8 54.3 54.1 57.4
134.9 132 128.3 126.4 124.4 121.5 117.6 114.7 112.5 110.6 109.3 108.2 107.2 106.2 105.1 104.1 102.6 103.3 102.4 101.5 100.5 99.2 97.9 96.7 95.1 93.3 91.4 89.7 88 86.6 85.1 83.5 82.6 81.9 81.1 80.6 79.9 81 81.6 80.5 79.3 77.3 75.3 74.1 73.8 73 71.1 69.1 66.9 64.3 61.2 57.5 53.8 50.5 47.2 45.4 47.5 51.5 53.1 55.7 55.4 52.6 51.2 48.6 46.9 50.1 53.5 54.1 53.2 52.8 54 53.1 52.1 36.4 21.1 22.8 43.1 54.2 55.9 54.4 52 48.3 47.2 50.3 54.2
136.4 135 132 130.9 128.5 126.1 122.7 119.7 116.5 113.4 111.4 110.8 110.1 109.1 108.1 106.9 106.5 106.7 105.7 104.6 103.5 102 100.6 99.1 97.2 95.3 93.4 91.7 90.2 88.4 87.1 86 85.3 84.7 84 83.3 84 85.4 85.7 84.2 82.1 79.7 77.9 77.3 76.8 76.1 73.2 70.5 68.2 65.1 62.2 59.4 56.4 53.4 50.5 48 53.8 55.5 57.1 58.8 57.6 55.2 52 51 52.3 54.7 56.9 56.9 55.7 55.5 56.1 56.8 52.9 38.7 20.2 17.3 39.9 51.7 52.2 50.6 48.1 42.3 34.2 46.2 52
137.7 137.3 136.5 134.9 132.2 130 127.8 125 121.4 118.2 114.7 113.9 113.7 113.1 112.5 111.8 110.8 110 108.8 107.6 106.4 104.6 102.9 101.3 99.6 97.2 95.7 93.9 92.4 90.8 89.7 88.9 88.4 87.9 87.4 86.8 87 88 88.4 87.2 85.7 83.8 82 80.7 80.2 78.5 76.4 73.6 70.6 66.7 63.2 60.6 58.2 55.4 52.7 51 54 58.5 60.1 59.8 57.9 56.8 55.2 55.3 55.1 56.4 58 58.5 57.6 57.3 57.3 57.2 53.2 36.4 17.2 16.1 39.1 45.6 47.6 46.1 44.8 35.8 28.8 37.8 49
139.6 139.6 140.7 140.2 136.3 134.4 132.4 129.8 126.8 122.9 119.4 118.4 118.6 117.8 117 115.5 114.6 113.3 111.8 110.6 109.5 107.6 105.8 104 102.2 100.4 98.6 96.9 95.2 93.5 92.9 92.2 91.7 91.2 90.7 90.2 90.7 91.1 90.7 89.4 88 86.7 85.2 83.9 82.5 81 79.4 76.8 74.1 71.8 68.2 65.2 62.4 59.6 57.1 55.5 55.3 57.4 59.1 59.3 59.2 58.2 58.3 57.5 57 56.8 58.1 58.9 58.1 57.8 57.7 56.9 52.2 34.7 16.4 15.7 25.1 35.6 37.2 40.9 35.6 21 20.3 23.2 24.5
141.9 141.6 142.2 142.1 140.6 138.5 137.3 134.6 130.8 129.5 125.9 124.4 122.8 122 120.7 119.3 118 116.6 115.1 113.7 112.5 110.7 108.8 107 105.3 103.4 101.6 99.8 98.2 96.7 95.9 95.5 94.9 94.4 93.9 93.4 93.6 93.4 92.6 91.6 90.2 88.8 87.4 85.9 84.4 82.9 81.5 79.4 76.9 74.1 70.6 67.5 64.8 63.7 62.6 60.9 60.4 60.2 60.4 60.5 60.6 59.8 60.3 58.9 58.1 57.1 57.9 57.2 57 56.7 57.3 55.8 50.2 38.2 16.7 15.3 14.8 13.6 13.7 18.4 17.5 17 25.4 32 39.9
144.9 144.4 144.4 144.3 143.4 142.7 141.5 141.3 138.6 135.8 132.4 130.3 128.6 126.1 124.8 123.4 121.7 120.2 118.6 117.1 115.5 113.7 112 110.3 108.5 106.6 104.6 102.9 101.3 99.9 98.9 98.5 98.1 97.7 97.2 96.7 96.1 95.5 94.9 93.9 92.4 91 89.6 88.1 86.5 85 83.5 81.7 79.3 76.2 73.2 70.9 68.5 66.9 65.8 64.5 63.8 62.5 62.5 62.6 61.9 60.8 60.6 59.6 58.1 56.8 55.7 54.7 54.2 55.1 54.7 52.7 48.6 40.6 29.3 15.5 14.4 14.1 12.8 12.3 12.9 15.3 25.7 36.3 42.3
153.1 149.5 149.3 148.1 147 146 145.9 146.3 146.3 141.9 139.9 138.5 136.2 132.2 129.3 127.5 125.6 124.1 122.6 120.9 119 117.1 115.3 113.6 111.9 109.9 108.2 106.6 104.7 103.1 101.8 101.4 101.1 100.6 100 99.5 98.9 98.2 97.6 96.2 94.7 93.2 91.8 90.3 88.8 87.2 85.6 83.8 81.8 78.9 76.1 74.1 72.1 70.2 68.9 67.6 66.3 64.9 64.7 64.3 63 61.9 60.8 59.3 57.7 55.5 53.4 53.1 46 34.6 33.3 31.3 26.1 25.3 24.5 20 15.1 14.7 14.8 14.2 13.2 11.9 11.5 28.7 41.4
158.7 156.7 152.3 151.7 150.6 149.7 149.8 149.8 150.2 151.6 148.7 146 142.9 139.2 135.3 131.6 129.6 128.1 126.4 124.5 122.5 120.6 118.7 117 115.2 113.5 112 110.5 108.7 107 105.7 104.8 104.2 103.5 103.1 102.7 101.7 100.8 100 98.5 97 95.6 94.1 92.7 91.1 89.6 88 86.2 84 81.8 79.2 77.1 75 73 71.5 70 68.5 67.3 66.7 65.3 64.1 62.7 60.4 58.4 56 53.9 45.4 40.5 40 40.1 39.5 36.6 30.4 24.1 19.5 17.8 23.2 36.7 39.2 34.5 23.3 12.2 10.8 20.1 36.8
162.8 163.2 161.9 157.9 155.3 153.6 154.2 154.5 156.4 156.8 156.4 154.3 150.8 145.5 140.4 137.5 134.7 132.6 130.2 128.3 126.5 124.6 122.5 120.5 118.8 117.3 115.8 114.2 112.6 111.4 110.1 108.9 108.1 107.2 106.5 105.6 104.6 103.6 102.3 100.9 99.5 98.1 96.6 95.2 93.7 92 90.4 88.5 86.3 84.1 81.9 79.7 77.9 75.8 73.9 72.3 70.8 69.4 67.7 66.2 64.6 62.7 60 56.4 51.1 50.2 48.7 47.9 47.9 47.9 46.4 42.8 36.9 26.6 22.1 25.9 39.3 47.1 51.6 48.1 35.6 12.8 10.8 10.1 20.2
163.8 166.6 169.6 167.7 163 160.8 158.9 158.5 159.9 162 161.3 159.2 155.6 151.2 145.7 142.1 140.8 137.9 135.2 133.4 131.2 129.1 126.5 124.4 122.8 121.3 119.8 118.3 116.9 115.7 114.5 113.2 112.1 111.3 110.2 108.9 107.8 106.8 105.2 103.8 102.4 101 99.5 98.1 96.5 94.8 93 90.9 88.7 86.6 84.4 82.6 80.9 78.8 76.3 74.8 72.7 70.8 69.1 67.2 64.9 62.3 59.6 56.2 55.9 55.2 55.1 55.1 54.4 52.9 50.2 46.2 39 27.7 34.1 40.2 46.7 52.5 55 53.3 45.7 31.7 11.4 10.3 9.1
159.9 164.9 168.7 170.4 171.1 168 164.5 163.5 164.4 165.3 165.4 163.9 161.4 157.9 151.4 149.6 146 144.4 143.2 140.8 137.4 135.2 132.5 130 127.7 125.4 123.9 122.5 121.2 120 118.8 117.4 116.2 115.3 114 112.5 111.3 110.1 108.4 106.7 105.4 104 102.6 101.1 99.6 96.7 95.2 93.3 91.1 88.9 86.9 85.3 83.8 81.8 79.2 76.9 74.6 72.5 70.2 67.2 62.8 62.6 61.4 59.9 59.1 58.5 58.2 57.8 56.2 53.7 51.1 46.4 30.3 37.2 44.1 46.4 50.9 55 56.2 54.7 52.1 46.5 33.4 16 9.9
148 156.8 163.6 167.5 171.5 172.9 171.3 172.5 171.4 169.8 169.1 167.2 165.2 166.1 162.9 159.1 155.1 153.3 154.8 151.3 146.5 142.2 138.9 135.6 133.2 131 129 127.3 125.5 124.3 123.1 121.7 120.3 119.2 117.7 116.3 115 113.7 111.8 109.8 108.5 107.1 105.7 104.2 102.3 98.4 97.1 95.8 93.6 91.4 89.2 87.7 86.1 84 81.3 78.8 76.4 74.2 70.6 65.8 65.7 65.7 64.3 62.9 61.4 60.3 59.1 57.5 55.4 52.7 50.1 38.1 39.7 45.4 46.3 48.1 51.5 55 56.2 55.7 55.2 53.5 50.1 38.4 17.6
138.3 145.4 153.6 159 166.4 170.3 172.1 174.9 177.4 176.9 175.9 176.4 175.2 172.1 170.9 169.3 165.8 164.4 164.2 161.8 156.5 152 147.4 143 139.4 137.1 135.2 133.7 130.6 129.2 127.4 125.9 124.6 123.2 121.8 120.3 118.6 117.2 115.4 113.9 112.4 110.7 109.1 107.6 105.5 102.8 100.4 99.1 96.8 94.6 92.3 90.3 88.3 86.2 83.2 80.7 77.9 75.9 72.2 70 69.7 68.6 67 65.4 63.4 61.7 59.9 57.6 54.1 50.6 45.1 43.9 47.1 48.5 47.6 48.3 51.6 55.2 55.9 56 56.7 55.1 54.3 54.1 32.7
130.2 135.6 141.4 148.6 157 163.4 166.8 169.4 173 175.1 175.1 177 176.9 175.1 174 173.2 172.7 173.5 172.2 169.6 166.6 162 156.7 152 147.5 146.3 143.7 142.6 141.1 137.4 132.3 130.8 129.1 128.1 126.8 124.9 122.9 121 119.5 117.8 116.2 114.5 112.7 110.9 108.8 106.7 104.7 102.4 100.1 97.8 95.5 93.5 91.3 88.9 85.9 82.9 79.5 77.7 75.2 73.6 71.9 70.7 69.3 67.3 65.3 63.3 61.3 58.3 56.1 51.1 48.8 50.1 51.6 52.2 49.5 49.8 52.2 54.2 54.9 55.4 55.4 54.9 55.3 54.8 52.5
123.4 126.5 130.7 135.5 143.4 151 158.4 161.2 162.4 166.4 169.2 171.8 172.8 172.4 173.2 173.4 174.1 176.7 177.7 177.1 174.9 171.5 167.2 161.5 157.7 156 152.8 152.4 152 148.1 144.1 140.7 136.8 134.5 132.6 130.6 127.4 125 123.8 122.2 120.6 118.5 116.6 114.8 112.8 110.7 108.4 106 103.5 101.1 98.8 97 95.2 92.2 89.2 85.9 82.3 79.8 78.6 76.4 74.4 72.6 70.8 68.8 66.8 64.8 62.8 60.8 57.9 54.9 53.5 54.3 55 53.9 52.5 52.3 52.7 53.2 53.9 53.7 53.6 53.8 54.3 53.9 52
116 120.3 124.1 127.9 132.6 138.8 145.9 151.8 154.7 156 160.7 162.9 163.6 165.8 169.1 172 172.9 175 178.7 180.8 180.6 177.3 173.4 168.8 165 161.5 159.6 159.3 159.7 159.4 155 152.4 151 146.9 143.6 138.9 134.8 130.7 128.8 127.1 125.1 123.2 121.3 119.2 117.2 115.2 112.2 109.9 107.7 105.1 102.4 100.8 98.5 95.3 92.6 89.3 86.4 83.8 81.8 79.4 77.1 74.8 72.6 70.5 68.4 66.3 64.3 62.3 60.2 58.7 56.9 56 55.9 55.4 54.3 53.5 53.4 53.3 53.1 51.9 51.2 51.8 52.2 50.4 48.6
108.7 112.9 117.9 121.3 124.4 129 133.6 139.1 143.3 145.2 147.1 150.5 155.8 158 159 165.9 168.8 171.4 175 177.2 179.5 178.8 175.4 171.1 167.8 163.6 161.4 163.6 165.7 164.8 164.5 164.2 161.8 159 156 151.5 146.7 141.7 136.4 132.9 131.3 128.7 126.5 124.1 121.8 119.9 117.2 115.5 113.3 109.6 106.3 102.9 101.4 98.3 95.7 93.4 90.1 87.3 84.8 81.9 79.3 76.9 74.4 72.1 70 68 65.9 63.9 61.9 60.2 58.6 57.6 57 56.9 55.8 55 54.9 53.8 52.5 50.7 47.8 47.9 48.6 41.8 28.5
104.5 106.5 110.5 114.6 117.9 120.9 124.5 127.2 129.8 131.9 134.1 137.8 142.4 147.2 149.3 151 160.3 165 168.6 170.6 172 173.1 171.4 166.7 162 161.3 160.5 161.7 162.9 166.8 169.6 171.3 172.3 170.7 167.7 164.1 159.6 155.2 150.3 143.6 139 135.6 133.2 129.7 128.6 126.7 124.9 122.6 120.5 116.8 112.8 107.9 104.2 101.5 99.7 97.7 93.8 90.8 88.1 85.2 82.5 79.9 77.2 74.3 71.7 69.6 67.6 65.7 63.9 62.1 60.5 59.5 58.8 58.1 56.9 55.6 54.7 53.6 52 49 45 35.9 29.6 21.9 13.1
100 102.7 104.2 107.2 111.8 115 117.9 120.7 123 124.3 126 128.4 130.8 134.6 139.1 142.8 146.6 153.2 157.7 161.6 162.9 162.9 162.5 156.8 151.8 153.6 155.6 157.7 158.8 161.5 167.3 172.3 177 179.3 176.7 175.9 172.1 167 162.4 158.6 153.2 147.7 147.7 144.9 141.9 139.3 137.7 135.4 129.3 127.3 123.9 119.5 111.9 107.2 104.9 102.8 98.7 94.3 91.1 88.6 86.4 83.3 80 76.9 74.3 71.7 69.6 67.7 65.8 64 62.4 61 60.2 59.4 58.2 56.3 53.8 51.9 47.3 41.7 33 25.7 25.8 23.9 15.6
96.1 99.3 101 102.2 105.5 108.7 111.5 114.5 116.6 118.2 119.7 121.4 123.8 126.6 129.7 135.1 140.2 145 145.5 148.9 153 153.9 151 145.2 141.3 140.1 142.2 149.3 154.1 155.9 160.4 167.5 172.9 176.7 180.6 184.7 185 178.4 173.3 170.4 167.2 164.9 165.2 162.3 159.6 156.4 152.6 147.8 144.4 137.1 132.5 129.6 124.1 116 112.5 113.1 109.3 102.3 96.7 92.8 89.7 86 82.8 79.7 76.8 73.7 71.6 69.6 67.7 65.9 64.4 63 61.6 60.8 59.3 57.3 54.7 47.7 43 41.3 40.4 44.8 43.9 43.8 40.1
93.4 96.1 98 99.2 100.2 102.1 105.1 108.1 110.4 112.1 113.8 115.4 117.1 119.2 121.7 126.4 131.4 133.9 137.7 137.9 137.6 141.4 140.4 137.6 135.6 131.5 130.8 134.9 140.1 147.1 151.3 157.2 163.7 167.1 172.7 179.4 182.1 183.7 182 179.9 179.1 178.9 179.1 176.4 171.3 167.7 164 158.8 153.4 146.8 139.1 134.5 129.3 124.3 119.6 120.2 117.7 113.2 106.4 98.6 92.2 88.5 85.6 82.4 79.2 76.3 73.9 71.8 69.7 67.9 66.3 64.9 63.6 62.2 60.3 58.4 55.5 53.1 49.9 49.8 48 50.3 51.4 51.7 49.5
91 93.1 94.9 95.8 96.7 98.2 100.5 103.4 105.6 107.2 108.4 109.7 111.3 113.3 114.9 116.9 120.5 124 127.4 130.5 132 131.1 129.5 125.3 122.5 123.8 123.8 125.2 129.2 134.6 141 146.3 152.6 157.4 162.4 168 171.5 171.7 174.1 176.9 179.8 180.2 178.9 178.8 178.6 175.2 170.4 165 159 152.9 142.8 135.9 129.2 123.7 120.7 121.1 119.2 116.6 112.6 105 98.4 93.3 88.6 85.1 81.8 79.1 76.7 74.5 72 69.8 68.2 66.9 65.5 63.7 61.8 59.6 57.8 56.3 54.9 53.3 51.6 53.3 54.1 54.9 50.4
87.6 89.6 90.9 91.9 93.1 94.9 97 98.8 101 102.4 103.6 104.8 106 107.4 108.9 109.8 111.5 114 115.9 119.1 120.2 120.8 116.7 115.2 115.6 116.1 117.8 120.1 121.9 124 129.9 137.9 142.1 144.5 148.1 153.5 157.4 157.9 160.9 164.9 166.9 166.2 164.7 166 166.5 170.2 169.9 164.4 159.2 151.9 143 135.4 126.1 120.6 115.7 113.6 111.4 111.8 112.7 108 101.5 95.5 91 86.9 84 81.4 79.2 76.8 74.1 72 70.3 68.9 67 65.2 63.5 61.7 60.1 58.6 57.4 57.1 55.6 56 56.1 56.4 51.7
83.8 85.8 87.3 88.4 90.2 91.9 93.4 94.8 96.5 98 99.1 100.3 101.2 102.1 103.6 104.8 106.2 107.5 108.6 109.9 110.4 110.7 109.3 109.6 109.9 110.3 111.2 113.3 115.2 116.6 119.6 125.2 130.7 136.2 137.1 139.5 141.1 143.7 145 146.7 150.2 149.6 148.1 147.9 149.5 150.8 151.1 152.3 153 148.1 139.5 131.1 121.3 112.7 109.1 106.1 104.6 105.3 105.7 104.6 100.8 96.3 92.2 88.6 86.1 83.7 81.2 78.7 76.4 74.4 72.6 70.9 69.2 67.2 65.1 63.5 62.1 61.1 59.9 59.1 59 58.7 58.7 58.7 52.7
80 82 83.6 85 87.3 88.9 90 91.6 92.2 93.5 94.7 95.6 96.3 97.3 98.4 99.8 100.7 101.8 103 104.7 104.3 104.2 104.1 104.6 105.1 105.5 105.9 106.9 108.5 110.4 112.3 116.5 119.2 123.6 128.5 129.8 131.8 134.3 134.6 134 133.9 133.9 134.7 135.4 135.6 137 138 137.7 135.6 132.3 128.7 121.5 111.8 105.8 102.8 100.3 98.2 97.9 98.1 97 95.2 92.3 90.3 88.7 86.8 84.8 82.5 80.8 78.8 76.8 74.9 73.1 70.9 68.8 66.7 65.3 63.9 62.9 62.2 61.3 61 60.9 61 59.7 55.2
76.3 78.3 80.1 82 84.2 85.5 86.5 87.9 88.6 89.2 90.1 91 92 92.7 93.5 95 96 96.6 97.7 99.1 99 98.9 99.3 99.9 100.5 100.9 101.2 101.7 103.3 104.9 106.7 109 111.3 114.2 116.8 119.1 119.9 121.8 124.5 124.9 122.4 121.4 121.7 123.1 125.1 126.4 126.1 126.1 124.4 121.3 117.3 109.7 102.6 99.6 97.1 94.6 92.1 91.5 90.7 90 89.1 87.8 86.3 84.9 83 81.8 81.3 82 81.2 80.5 78 74.8 72.5 70.4 68.3 67 65.7 64.7 63.8 62.9 62.6 62.5 61.8 59.9 49.5
73.4 75.4 77.1 78.9 80.5 82 83.1 84.2 84.9 85.6 86.3 87.1 87.8 88.6 89.4 90.5 91.4 92.1 92.9 94.3 93.8 93.8 94.8 95.7 96.3 96.7 96.7 97.1 98.1 99.5 101.3 102.9 104.2 106.6 108.2 109.9 111.4 112.8 113.2 113.5 113.1 112.8 112.5 112.3 112.4 114.6 117.2 118.7 116.6 112.4 106.4 100.2 97.4 94.9 92.2 89.4 86.7 85.4 85 83.7 82.4 81 80.1 80.1 79.3 78.7 79 83.4 88 87.3 84 78.8 74.8 72 70.1 68.8 67 64.9 63.8 63.6 63.5 63.3 62.7 59.7 41.6
70.6 72.7 74.8 75.7 76.9 78.3 79.7 80.5 81.3 82.2 83 83.8 84.6 85.4 85.9 86.6 87.5 88.1 88.7 89.3 89.6 89.9 90.7 91.7 92.5 92.7 92.5 92.8 93.4 94.5 95.3 96.5 97.9 99.6 101.5 103.4 104.7 105.9 106.4 106.4 106 105.4 105.1 104.8 104.1 105.1 106.9 108.2 106.9 104.1 101.2 96.3 93.3 90.3 87.4 84.6 81.8 80 79.5 78.4 76.4 74.4 73 73.3 72.9 73.7 75.2 83.8 92.3 94 88.8 82.7 76.7 73.6 72 70.5 67.9 65.5 62.9 61.3 61.9 63.5 63.4 53.2 32.2
67.5 69.9 71.7 73.2 74.1 75.3 76.4 77.4 78.3 79.1 79.7 80.6 81.4 82.3 82.8 83.3 83.7 84.1 84.6 85 85.5 86.1 87.2 88.3 88.9 88.7 88.5 88.5 89.1 89.9 90.6 91.5 92.3 93.5 95.2 97.1 98.6 99.7 100.1 100.4 100.3 99.1 98 97.6 96.9 97.4 98.5 99.1 99.3 97.7 95.5 92.4 89.8 86.8 83.5 80.1 76.9 74.4 73.1 73 71 68.8 67.1 67.3 68.2 69.1 70.5 76.9 85.9 87.9 84.8 78.3 74.1 73 72.5 75.4 71.8 63.4 55.3 50.5 51.4 52.8 55.1 43.5 -2.9
64.9 67 68.7 70.1 70.7 72 73.5 74.5 75.3 76.1 76.6 77.4 78.2 78.8 79.5 79.9 80.2 80.6 81 81.6 82 82.6 83.7 84.8 84.9 84.7 84.5 84.5 84.8 85.2 85.9 86.8 87.7 88.9 90.2 91.5 92.9 94.2 94.8 94.9 94.5 93.3 91.8 91.2 91.1 91.8 92.9 93.5 93.8 93.1 91 88.8 86.3 83.4 79.7 75.9 72.1 69.2 65.6 67.5 66.1 63.7 60.9 59.2 62.7 64.6 65.3 65.9 66.5 66 60.9 57.8 49.3 50.5 56.5 63.2 71.3 54.4 36.3 27.7 25.3 26.1 26.7 23.7 -2.9
62.3 64.4 65.9 67 67.8 69.4 70.6 71.7 72.6 73 73.5 74.1 74.1 75 75.9 76.2 76.6 77 77.5 78 78.6 79.2 80.2 81.5 81.4 80.9 80.5 80.8 81.3 81.4 81.7 82 83.1 84.4 85.6 86.8 88 89.5 90.1 89.9 88.8 87.5 86.1 85.6 85.6 86.2 87.4 88.5 89.3 88.4 86.8 85.1 83.1 80.8 77.1 73.3 68.7 63 56.4 54.1 53.7 53.8 51.5 50.1 52.2 54.7 57.5 56.8 54.4 49 40.7 37.2 32.6 28.8 32 40.6 47.3 43.3 -2.9 -2.9 3.1 -0.5 0.4 -2.9 -2.9
59.6 61.8 63.1 64.2 65.4 66.5 67.7 68.8 69.6 69.9 70.3 70.7 70.2 70.9 71.7 72.1 72.6 73.3 74.2 75 75.1 75.8 77 78.2 77.4 77 76.7 77.4 77.9 78.2 77.4 77.3 78.5 80 81.5 83 84.3 85.2 85.7 86.1 85.2 82.8 80.6 79.7 79.9 80.8 82.1 84.1 85.1 84.3 83.1 82 80.6 78.4 74.9 71.1 66.7 61.5 56.7 50.5 45.3 42.4 40.5 38.2 37.1 38.9 41.7 45.2 42.2 32.4 26.1 23 19.5 16.4 15 19.3 22.1 24.1 -2.9 -2.9 3.7 3.7 3.6 -2.9 3.6
57.2 59.8 60.7 61.3 62.5 63.4 64.6 65.8 67.5 67.7 67.8 67.4 66.3 66.3 65.5 66.1 67.3 69.5 70.8 71.5 71.7 72.6 73.8 74.5 73.6 73 73.1 73.7 74.5 75 74.7 72.3 73.9 76.4 78 79.5 80.8 82.1 82.1 81.9 81.7 79.3 76.2 74.2 73.6 75.9 77.9 80.5 81.8 81.3 81 79.9 78.4 76.4 73.7 70.6 66.5 62.1 56.9 51.2 46 40.7 35.7 31.5 29.4 29.4 31 32 27.7 20.2 16 11.8 5.5 -2.9 -2.9 -2.9 -2.9 -2.9 -2.9 3.8 4.4 4.3 3.8 -2.9 -2.9
54.7 57.9 58.9 57.5 59.9 60.5 61.5 63.1 64.8 65.2 65.4 64.9 62.4 59.3 57.5 58.9 61.8 65.2 67.3 67.8 68.2 69.4 70.6 70.9 70 69.4 69.4 68.9 69.7 70.4 70.6 65.2 69.2 71.7 74.7 76.1 77.5 79 79 78.4 78 76.3 72.9 68.6 67.7 70.9 74.1 76.8 78.2 79 78.8 77.8 76.4 74.3 71.8 69.4 66.4 62 58.5 52.9 47.8 42.3 38.2 35.1 28.2 21.8 21.1 21.2 17.9 13.7 8.6 -2.9 -2.9 -2.9 -2.9 1.4 -2.9 -2.9 -2.9 4.1 4.4 4.9 9.9 15.4 17.3
44.2 52 55.4 50.6 55.8 58.5 57.6 59.3 61.5 61.8 62.3 62.1 57 42.8 40.4 47.5 56.2 61.3 63.1 64.8 64.9 65.5 67.6 67.3 66.3 65.3 65.2 64 63.9 64.4 65.2 54.2 63.2 67 70.8 72.6 74.1 75.2 75.7 75.2 74.8 72.6 69.3 59.7 60.8 66.8 71.1 72.7 74.6 75.9 76.7 75.8 74.3 72.3 70.4 68.6 66.3 63.5 60.7 56.1 50.1 45.7 49.6 48.2 42.3 34.3 23.8 13.7 10.2 4.5 4.2 -2.9 -2.9 -2.9 -2.9 -2.9 5.7 3.5 4.7 4.4 5.6 9.8 20.1 26.3 27.8
30.2 40 43.8 39.6 46.5 52.6 50 48.5 53.4 56.8 57.9 57 43.1 32.1 22.6 26.6 45.8 56.5 58.1 59.1 60.8 63 65.5 64.3 61.2 60.5 60.7 55.6 52.2 52.9 52.5 40.8 52.1 63.2 66.3 69.2 71.3 72.1 70.8 70.7 70.7 68.8 65.3 44.2 50.2 63.4 66.4 67.4 69.6 73 73.8 73.7 72.1 70 68.1 66.4 65.2 63.2 61.5 58.8 54.7 51.7 52.5 54.1 53.5 48.8 35.9 25.4 12.4 4.1 7.6 8.4 5.9 5.2 4.6 -2.9 -2.9 3.2 3.1 5.3 11.4 25.4 30.8 34.9 36.9
