app/static/ascii/SS61.asc
ncols 200
nrows 200
xllcorner 260000
yllcorner 110000
cellsize 50
[rows 35 to 69 of 200, columns 0 to 79 of 200]
169.7 174.2 178 180.1 181.5 182 182.4 182.2 181.8 181.1 178.7 175.8 181 182.8 183.1 183.6 184.4 186.2 188 188.6 188.9 188 186.3 184.3 181.8 175.7 175.9 177.8 176.7 174.4 178.8 180 179.3 177.8 176.7 173.8 170.3 171.3 168.5 171.4 173.2 173.7 175.1 176.9 178.7 179.8 181.3 182.6 183.4 183.8 183.9 183.6 182.4 180.7 180.1 179 178.4 178.2 178.2 178.2 178.1 179.5 181.6 184.1 185.6 185.3 184.9 183.8 182.6 180.5 177.9 173 165.6 155.1 144.8 132.2 122 116.3 110.9 102.8
172 176 179.3 181.9 183.6 184.5 185.4 185.3 185.3 184.5 182.3 178.4 182.1 184 185.4 186 186.6 187.4 188.8 189.3 189.2 188.3 186.5 183.2 179.7 177.9 181 181.3 180.4 179.4 181.9 181.9 182.3 182.1 181.2 179.1 176.6 178.7 176.8 178.6 179.9 180 180.2 180.9 181.3 182 182.4 182.7 183.2 184 184.5 183.9 182.8 181.4 180 179.1 178.5 178.2 177.8 177.7 178.4 179.3 180.2 181.8 183.1 183.6 183.7 183.2 181.5 179.7 177.2 173.5 168.5 161.6 153.3 143.7 135.8 128.5 122.8 108.3
172.9 175.7 179.9 182.7 184.9 186.5 187.4 187.3 187.2 186.4 184.1 181.2 182.8 185.2 187.2 187.6 187.4 188.4 188.9 189.3 189.6 189.4 187.6 185.8 184.4 184.3 184.1 184.2 183.5 184.1 185 185.2 184.6 184.4 183.8 182.6 181.2 181.6 181.5 181.6 182.1 182.4 182.6 182.7 182.8 182.7 182.1 182.1 182.4 182.2 182.6 182.6 181.7 180.2 179.1 178.4 177.6 177 176.3 176.6 176.9 177.6 178.3 178.9 179.4 179.8 181.3 181.1 179.5 177.7 176.7 175.3 171.5 167.4 159.9 149.7 143 137.5 129.9 108.9
176.7 178.7 181 184 186.6 188.1 188.8 189 188.7 187.9 185.9 184 183.6 185.8 187.5 188.2 188.6 189.1 189.9 190.3 190.7 190.5 189.3 188.3 187.4 187.4 186.9 186.8 186.1 186.3 187.2 187.2 186.7 186 185.1 184.4 183.6 183.3 183.1 182.7 183.1 183.1 183 182.9 182.7 181.9 181.2 180.7 179.9 180.1 180 180.2 179.6 178.9 178.3 177.4 176.5 175.9 175.2 173.9 174.4 175.2 175.9 176.4 176.5 176.6 177.4 177.9 175.8 172.9 171 170.3 167.4 162.1 153.1 142.7 132.9 124.7 119.3 110.1
179.5 182 183.6 185.3 187.4 188.4 189.4 190.4 190.1 189.4 187.9 186.7 186.7 187.5 188.3 189.2 190 190.7 191.1 191.5 191.7 191.5 191.1 190.3 189.9 189.9 188.7 188.6 188.4 188.1 188.5 188.8 187.8 186.9 186 185.3 184.7 183.8 183.2 183.1 183 182.7 182.1 181.7 181.1 180 179.2 179.1 178.4 177.8 178.2 178.5 177.8 177.4 176.8 176.1 175.8 175 174.3 173.6 171.7 171 172.4 173.8 172.8 172.2 171.7 171.8 169.8 166.6 162.4 159.7 158.7 153.6 143 128.6 119.6 118.3 115.4 118
180.7 183.2 185.1 186.5 188.3 189.3 190.3 190.8 190.7 190.2 189.3 188.5 188.3 188.7 188.9 189.8 190.5 191.1 191.4 191.9 192.2 192.2 191.8 192.1 192.2 191.6 191 189.9 189.5 189.8 189.6 189 188.3 187.6 186.9 186.1 184.9 183.8 183.4 182.6 182 181.6 181 180.4 179.9 179.1 178.3 177.7 176.9 176.2 176 176.7 176.3 175.8 175.8 175.5 175.6 175 174.7 174.6 173.6 172.3 169.4 170.7 169.3 166.8 165.4 164.5 161.1 158.1 149.8 149.5 148.4 144.5 138.9 127.1 129.7 124 118.7 128.7
180.9 183.4 185.9 187.9 189.4 190.2 191.2 191.2 191 190.5 189.5 189.4 189.2 188.7 188.7 189.4 190.3 191 191.5 191.7 191.8 192 192 191.8 191.7 191.2 190.4 189.4 188.9 188.8 188.7 188.4 188.2 187.7 186.9 186 184.8 183.6 182.5 181.8 181.1 180.5 179.9 179.4 178.8 178.3 177.2 176.2 175.3 174.6 174 174.1 174.2 174.6 174.8 175.5 175.8 176.2 176.4 176.6 175.5 173.2 167.5 163.6 160.2 159.7 157.7 153.5 153.7 151.6 152.7 153.7 151.8 147.6 143.9 140.1 134.6 126.4 122.4 134.1
181.6 184.1 186.5 188.6 190.2 191.3 191.7 191.6 191 190.3 189.4 188.9 188.5 188 188.1 188.7 189.4 190.1 190.4 190.6 190.7 189.9 189.6 190.7 190.3 189.1 188.1 187.7 187.3 187.3 187.3 187.3 187.2 186.7 186.2 185.6 183.9 182.9 181.7 181 180.4 180 179.8 179.3 178.7 178 177.2 176.7 176.3 175 173.3 171.3 171.7 172.9 174.2 175.9 177 178.3 178.3 178.3 177.6 175.8 173.1 169.4 169.2 165.1 164.3 162.7 160.5 157.6 162.9 163 160.7 154.9 148.4 143.1 138.1 133.2 130.6 134
182 184.5 187 188.8 189.9 190.7 191 190.7 190.2 189.4 188.7 188.1 187.6 187.1 187.2 187.7 188.3 188.9 188.9 188.7 188.1 187.1 187.2 186.8 186.6 185.8 184.7 183.8 184 184.5 184.9 184.9 185.3 185.4 184.8 183.8 182.7 181.7 181.2 180.9 180.8 180.2 180 179.8 179.7 179.1 178.4 177.8 177.2 175.8 174.1 172.1 170.1 172 174.2 176.7 178.4 179.8 180.4 180.5 180.1 178.7 177.9 177.1 177.2 175.6 174.8 173.3 170.7 166.5 169.3 168.7 166.8 162.9 153.1 146.6 141.7 141.5 139.2 137.5
181.1 183.6 185.8 187.6 189.1 189.9 190.1 189.7 189.1 188.8 188.1 187.5 186.9 186 186.1 186.4 187 187.2 186.9 186.7 185.8 184.5 183.1 182 181.6 181.1 180.8 179.7 180.1 181.3 181.4 181.7 183 183 182.9 182.4 181.6 180.9 180.5 181.6 181.3 180.8 181 180.8 180.7 180.5 179.8 179.1 178 176.1 175.1 171.8 169.3 171.7 175.1 177.9 180.2 181.6 182.3 182.7 182.5 182.3 181.4 181 180.9 180.4 179.3 178 175.6 173.8 173.6 172.6 170.9 167.8 162 154.6 148.8 148.2 147.2 140.9
180.7 182.3 184.4 186.6 188.5 189.1 189.2 188.9 188.6 188.1 187.4 186.8 186 185 184.7 185 185.5 185.4 185.1 184.1 182.4 180.8 179.4 178.7 178.2 177.3 176.7 176.4 176.5 177.6 178.5 177.8 179.2 179.6 180.1 180.3 179.5 178.4 179.2 180.9 181.3 181.4 181.6 181.8 181.7 181.6 181 179.8 178.1 175.9 172.8 170.7 166.5 171.7 175.9 178.8 181 182.5 183.3 183.7 184 184 183.6 183.7 183.6 183.1 182 180.3 178.7 177.5 177.2 176.3 174.5 172.1 168.1 162.9 159.7 157.5 155.1 147.9
180.7 182.8 184.5 186.9 187.7 188.6 189 188.6 188.3 187.5 186.7 185.9 185.1 183.9 183.4 183.7 183.9 183.5 182 180.9 179.2 177.9 176.4 175.6 174.7 173.7 173.6 171.7 172.5 173.6 173.2 172.7 174.2 177 177.8 176.9 176.3 176.1 177 178.6 179.6 181.4 181.8 182.4 182.5 182.2 181.1 179.4 178 175.6 174.2 171.6 168.6 170.1 175.3 178.1 180.8 181.8 182.6 183.1 183.6 183.8 183.7 183.8 183.9 183.3 182.6 181.8 180.3 179 178.7 177.7 176.6 173.8 171.8 168.9 167.3 164.9 161.6 153.3
181.4 183.5 185.8 187.2 188.2 189 188.7 188.4 188.1 187 185.8 184.8 184 183.1 181.4 181.2 180.6 180 179 178.1 177 175.1 173 171.5 172.6 172.9 173.2 171.1 170.5 168.6 168.5 168 169.2 172.6 173.6 174.4 173.7 172.9 174.9 176.3 178.7 180.9 182.4 183.4 183.3 183.1 182.2 180.9 179.6 178.3 176.7 174.9 169.5 165.8 173.2 175.5 178.6 180.1 180.8 181.1 181.4 181.8 182.1 183 183.2 183.5 183.3 182.7 181 179.1 178.1 177.7 176.5 175.4 173.6 172.8 171.2 168.6 164.4 158.5
183.6 185 186.7 188.3 189.2 189.5 189.2 188.3 187.9 186.6 185.3 184.2 183 181.7 180.9 179.1 178.6 177.7 176.6 175 175.1 173.5 175.2 175.8 176 175.6 175 172.5 170.3 168.2 167.6 168.2 165.3 162.9 167.5 170 170.8 169.2 172.6 175.3 177.8 181 182.9 184.2 184.2 184.3 183.3 182.3 181.1 179.7 177.6 174.6 167.9 162.2 169.2 172.4 175.5 177.3 178.3 178.3 178.4 178.8 180.2 182.2 182.5 183.2 182.8 181.8 179.9 178.6 177.3 176.3 175.9 175.1 175.5 174.9 173 170.3 166.4 166.5
184.6 186.2 187.8 188.9 189.4 189.5 189.1 188.1 187.3 186.1 184.6 183.2 182.2 181.5 180.8 180.4 179.7 179.2 179.1 178.9 177.6 177.5 177.9 178.1 178.3 178.1 177.2 175.4 175.5 175.3 174.6 173.9 171.2 164.8 163.5 162.4 165.7 165.8 169.2 174.1 177.6 180.8 183.3 184.6 184.9 184.9 183.9 183 180.8 177.5 175.1 170.9 166.4 159.8 163.4 168.9 172.5 174.1 174.7 174.9 174.5 174.7 176.9 179.5 180.1 180.5 180.3 179.8 178.7 177.3 176 175 174.7 174.9 175.6 175.2 174.2 172.1 171.8 171
185.1 186.8 188.2 189.1 189.5 189.6 189 188.2 187.2 185.7 184.7 183.8 183.2 183 182.6 182.1 181.4 181 180.6 180.2 179.5 179.8 180.3 180.9 180.5 180.5 179.3 178.6 178.3 177.9 177.6 177.2 175.7 173.1 170.1 163.9 161.4 161.3 167.5 171.9 177.1 179.9 182.1 184.2 184.6 184.2 183 181.2 178.1 175.4 172 167.3 162.7 157.3 159 166.2 168.6 170.5 171.2 171.1 170.5 170.5 173 175.3 177.5 178.7 178.6 178.1 177.7 176.5 175.3 174.1 173.9 174.7 175.5 175.4 174.8 174.3 174.1 174.3
184.8 186.8 188.2 189.1 189.8 189.9 189.2 188.8 188 187 185.9 185.5 185.7 185.5 185.3 184.6 183.9 183.2 182.8 182.4 181.8 182 182.4 182.6 182.8 182.9 181.5 180.5 180.3 180.4 180 179.6 178.7 177 174.5 171 165.4 163.8 164.6 170.7 174.9 178.7 180.7 182.4 183 182.6 181.7 180 177.7 174.8 172.1 169.3 165.7 161.6 155.9 160.8 164.6 166.7 167.1 166.6 165.4 167.3 169.8 172.8 175.7 177.1 177.5 177.4 177 175.5 174.2 173.1 173.1 174.2 175 174.5 175 174.8 175.4 176.4
186.1 187 188.4 189.2 189.9 190.1 190.4 190.4 189.8 189 188.1 188 187.9 187.9 187.6 187.2 186.8 186.1 185.2 184.6 184.1 183.7 183.7 184 184.2 184.2 183 182.5 182.1 182.2 182 180.8 179.2 175.7 172.5 168.6 163 163.3 162.5 166.8 173.6 177 181.4 183.1 182.1 181.2 180.6 179.8 178.2 176.1 173.4 170.8 167.3 163.4 156.6 154.6 160.2 161.1 161.6 161.1 159.7 164.5 168.5 171.6 174 175.5 176.6 176.7 175.9 174.8 173.1 171.8 172.4 173.5 174.6 174.4 175.1 175.7 176.2 177.1
187.6 188.1 188.8 189.9 190.6 191.5 191.7 191.7 191.7 190.8 190.7 190.4 190.2 190.2 189.7 189.2 188.8 188.1 187.1 186.2 186.1 185.9 185.7 185.5 185.6 185.1 184.3 183.9 183.3 182.5 181.3 178.3 174.4 171.6 167.8 159.7 160 162.2 169.7 171.9 173.7 178.5 180.3 182 182.9 181.1 181.1 180.5 178.4 176.2 173.8 170.5 166.6 162.5 156.3 151 153.4 156.6 157.5 155.9 162.3 166.4 169.2 171.1 173.3 174.7 175.2 175.4 174.8 173.7 171.4 170.6 172.7 174.4 174.6 174.4 174.4 174.6 175.2 175.6
189.3 189.4 189.8 190.9 191.7 192.4 192.8 193.1 193 192.4 192.4 192.4 192.2 191.9 191.7 191.2 190.1 189.1 188.1 187.2 187.3 187 186.6 186.2 186.4 185.1 183.6 182.6 180.7 177.7 174.8 171.5 168.9 165.6 162.2 157.5 157.9 166.2 170.1 171.6 172.7 174.9 178.7 180.2 181.1 180.6 180 179.2 177.4 175.6 172.4 168.8 165.7 162.7 158.6 150.8 148 152.1 151.4 159.9 164 167 168.4 169.4 171.2 173.1 173.8 174.2 173.6 172.5 170.3 169.1 170.9 171.9 171.9 171.8 171.8 172.2 173 174
190.8 190.5 191.3 191.6 192.3 193 193.6 193.8 194 194 193.8 193.7 193.4 193.2 192.5 192 191.1 190 189.1 188.3 188.4 187.8 187.3 186.3 184.9 182.9 180.9 178.4 175.3 171.1 168.1 165.1 162.3 161.8 159.5 157.6 159 160 164.2 166.6 169.1 172.6 174.3 177.2 178.1 179.4 178.2 177.9 176.4 174.5 172.6 170.9 168.6 165.6 161.1 153.3 144.4 149.2 156.2 161.3 163.3 164.1 164.7 165.8 168.7 170.8 170.7 172.4 173.8 172.6 170.4 167.6 166.8 168.8 169 169 169.3 169.9 171.7 173.5
191.1 191.2 191.6 191.9 192.3 192.4 192.5 193.4 193.7 194.6 194.7 194.7 194.2 193.3 192.7 191.6 190.4 189.2 188.6 188.2 187.3 186 184.7 183.2 181.4 179.1 176.2 173.2 168.4 167.4 165.1 162.8 162.5 165.4 165.1 160.9 155.4 155.1 155 160.5 166.3 170.4 171.9 172.2 175.8 177.5 176.8 176.3 175.8 174.8 173.6 171.5 168.4 164.7 160.2 152.8 142.1 151.6 157.5 159.6 159.1 158.7 158.9 160.3 163.8 165.7 167.1 169.8 171.6 171.4 170.3 168.3 165.4 165.5 166.6 167.2 166.5 168.4 169.9 171.6
191 190.9 191.4 191.4 191.3 191.4 192.1 193.4 194.5 195 195.3 194.9 194.1 193.2 192.2 190.6 189.5 187.6 185.5 184.3 182.7 182 180.3 177.2 175.8 173.5 171 169.2 170.3 171.6 171.9 171.7 170.9 169 167.2 162.5 155.2 154.7 154.4 154.5 161.8 167.8 168.8 168 172.4 175.4 175.2 175.7 175.4 174.6 172.5 169.8 166.4 162.8 158.8 153 141.1 149 152.3 152.1 150.7 151.3 153 156 159.2 161.7 164.7 167 168.3 169 168.2 167 164.1 161 162.7 164.1 163.9 166.1 167.3 167.6
190.3 189.8 189.9 190.1 189.9 189.8 191.6 193.3 195.1 195.7 195.6 195.2 194.1 192.7 190.5 188.2 186.3 183.6 182.1 179.9 178.1 176.4 175.2 173.1 173.6 173.9 171.5 173.2 174.6 175.8 176.4 176 174.3 171.8 167.6 163.4 159.8 157.9 155.8 151.4 151.1 162.9 167 162.3 167.3 172 174.3 175.1 174.5 173 169.8 166.7 164 160 152.8 145.9 142.5 138.6 142.6 145.1 145.4 146.1 150 153.9 156.9 160.4 163.7 165.5 166.4 166.3 165.5 164.3 162.5 158.7 158.4 159.8 161 163.2 164.4 164.8
187.7 187.6 187.8 187.4 187.9 189.6 191.2 193.7 195.7 196 195.9 194.8 193.1 191.2 188.3 186.1 186.1 182.9 181.4 180.6 179.1 176.8 177.6 176.6 177 176.7 174.9 177 178.2 179.9 179.6 178.4 176.1 173.3 169.9 167.5 165.7 162.7 158.9 151.4 147.1 154.1 161.8 158.4 165.5 170.3 173.2 173.4 172.8 170.9 167.8 164.5 160.6 156.2 154.5 154.9 151 143.1 136.5 137.4 141.7 147.5 151.2 154.9 158.2 160.8 162.9 163.6 163.9 163.5 163.1 162.1 160.3 157.4 154.8 157.1 159.9 161.9 162.3 162.5
185 184.6 186.4 188.2 189.3 191.3 193 194.8 196.2 196.7 196.1 194.1 191.8 189.1 186 185.6 184.5 185 184.7 183.4 181.9 181.7 181.5 181 181.2 181 180.3 181.5 182 182.2 181.2 179.7 176.9 174.4 171.6 170.1 168.7 165.9 161.3 154.7 146.8 149 152.8 155.7 164.4 168.9 171.2 172.2 171.8 171.1 169.4 167 165.2 163.1 161.3 158.7 154.7 149.9 143.6 134.5 140.1 144.9 148.5 154 157.5 159 160.2 160.9 160.8 159.9 159.8 159.4 158.2 153.4 154.1 158.6 160.3 161.4 161 159.8
183.7 187.5 189.3 190.6 192 193.3 195.2 196.8 197.8 198 197 195.5 193.4 190.4 187.7 186.5 188.4 189.3 189.2 188.2 187.2 186.8 186.3 185.7 184.5 183.9 183.8 183.6 183.6 183 181.5 179.5 176.9 174.4 171.8 169.6 167 164.3 159.6 153.8 148.4 148.2 154.9 160.4 164.8 168.7 170.3 171.4 171.7 172 171.2 169.5 168.1 166.3 163.6 160.6 157.6 154.4 149.6 139.9 130.7 135.8 143.9 150.8 154.2 155.7 157 157.7 157.6 156.7 155.6 153.4 149.2 149.1 154.9 159.2 160.5 160.5 159.3 157.9
186.6 189 191.1 193 194.4 195.4 197.1 197.9 198.7 199.2 198.8 198.2 195.7 192.6 189.1 188.9 191 192.2 192.4 191.9 191 189.7 188.4 187.6 186.5 185.8 185.4 184.9 183.9 182.4 180 177.6 174 171.2 168.1 165.6 162.4 159 154 150.4 147.2 146.3 152.4 160.1 164.4 168.1 169.9 170.9 171.7 172 171.4 170.5 169 167.4 164.9 162.3 159.7 157.1 153.4 147 138.7 129 134.5 144.8 149.1 151.6 153 154.5 154.6 154.6 152.2 146.6 148.3 153.1 157.8 160.3 161.1 160.5 159.6 157.6
189 191 192.8 194.5 195.9 196.9 197.8 198.6 199.6 200.4 200.2 199.2 196.9 194.6 192.7 192.3 193.7 194.4 194.2 193.7 192.8 191.2 189.6 188.2 187 186.4 185.7 185 183.5 181.2 178 174.5 171.4 167.3 163.6 158.2 153 153.8 152.3 151.9 146.4 145.1 147.9 155.7 161.5 166.9 169.4 170 170.5 170.8 170.4 169.8 167.9 165.7 163.4 161.2 159 155.9 152.3 147.1 141.7 134.2 127 138.5 144.9 147.7 150.1 151 151.4 151.9 150.2 143 150.9 155.5 158.8 161.1 161.5 161.3 160.6 159.2
189.6 192.4 194.5 195.9 196.7 197.8 198.7 199.5 201 201.6 200.8 199.7 197.1 195.8 195.2 195.2 195.9 196.3 195.9 194.9 193 191.2 189.5 187.8 186.5 185.9 185.5 184.8 182.3 179.5 176.1 170.8 167.2 162.5 159.4 158.2 154.8 158 160.6 159 152.6 142.2 143.3 150.7 157.8 163.2 166.9 166.9 168.3 168.6 168.7 168.2 165.8 163.3 160.9 159.2 157 153.9 151 147.2 142.6 137.5 127.6 131.2 140.5 142.1 144.1 145.6 146.6 147.2 145.9 142 148.8 154.7 159.1 161.3 162.9 162.9 162.4 161.1
190.8 193.6 195.2 196.3 197.5 198.7 199.7 200.5 201 201.6 201.1 200.4 198.9 197.8 197.8 197.9 198.1 197.7 196.9 195.6 193.6 191.6 189.2 187.4 185.7 184.4 183.9 183.6 181.9 179 175 170.9 165.4 162.8 163.6 164.4 164.4 166.6 164.9 160.4 153.2 143 137.2 141.9 151.8 155.7 159.3 163 166.9 167.3 167.3 165.9 163.4 161.2 158.7 156.6 153.9 151 147.2 141.7 135.8 133.9 129.8 122.5 131.6 134.7 136 138.8 141.8 143 139.2 145.3 152.8 157.3 160.9 163.2 163.6 164.8 164.4 163.2
193.6 194.5 195.4 196.7 198.1 199.3 200.2 200.9 201.1 201.2 200.9 200.5 199.9 200.1 200 199.9 199.6 199.2 198.1 196.9 194.5 192.1 189.6 186.8 185.8 184.3 182.7 182.5 181.2 178.7 175.1 170.1 165.3 165.4 168.2 169 168.7 168.9 167.6 164.9 160.5 150.3 135.7 135.8 140.3 146.9 152.4 161.3 165.6 167 166.8 165.2 163.3 161.6 158.7 157.2 156 152.6 150.4 146.8 145.9 142.3 135.2 122.8 123.5 125.5 127.7 129.1 133.8 136.7 144.5 151.6 156.3 159.8 161.9 164 165.3 165.9 166.1 165.2
194.4 195.2 195.9 196.7 197.5 198.6 199.5 200.3 201 201.2 201 200.6 200.8 201.1 201.6 201.6 201.7 201.6 200.5 199 195.5 192.8 190.1 188.2 186.5 184.2 180.7 179.4 178.9 177 172.9 167.3 168.4 170.9 172.7 172.3 171.4 171.6 170.8 168.2 164.1 155.1 144.4 134.6 134.4 136.3 148.9 158.5 163.7 166.7 167 166.2 165.4 164.2 163.3 162.1 160.6 158.4 155 151.6 147.6 142.3 136.8 126.9 120.7 133.8 137.8 138.5 141.6 146.2 150.3 154.7 158.3 160.3 161.7 163.4 164.9 166 166.5 165.8
193.9 194.6 195.5 196.1 196.5 197.3 198.2 199.3 200.1 200.5 201 200.7 201.8 202.2 202.7 203.2 203.3 203.2 201.9 200.5 197.9 194.8 192 189.9 188.4 185.6 182.4 178.5 175.5 172.8 172.4 171.7 174.5 175.1 175.1 174.7 173.8 172.3 172.9 169.8 166.5 159.9 154.6 143.6 132.9 134.6 144.7 157.8 162.9 166 167.5 167 166.4 166 165.3 164.1 162.4 159.7 156.2 153.2 149 143.1 135.1 122.5 120.6 133.2 141.2 144.2 147.1 150.3 153.3 156.1 157.9 159.7 161 162.4 163.7 164.4 164.2 163.5
193.1 193.9 194.8 195.1 195.5 196 196.9 198 199 199.3 200 200.7 201.5 202.7 203.5 203.9 204.2 204.2 203.1 201.9 199.6 196.6 194.4 192.3 190.4 188.5 186 182.1 179 175.9 175.2 175.9 177 177 176.7 176.4 175.4 175.6 173.3 170.4 164.8 160 154.8 148 134.2 132.5 144.1 155.8 160.5 164 165.8 167 167.1 167.2 166.4 165.7 164.3 161.1 158 154.9 150.5 146.8 140.5 124.3 121.9 130.9 139.5 145 147 148.7 150.9 153.7 156.7 158.8 160 160.5 161.5 161.6 161.3 162.8
