app/static/ascii/SS71.asc
ncols 200
nrows 200
xllcorner 270000
yllcorner 110000
cellsize 50
[rows 70 to 104 of 200, columns 0 to 78 of 200]
169.5 168.9 164.3 162.7 159.8 157 155.4 154.5 153.8 153.3 152.6 156 158.2 159.4 157.7 153.8 140 127.7 119.9 133.8 145 153.2 161.2 167.5 173.8 179.1 184.4 185.7 185.6 184.6 183.4 183.2 182.5 181.2 182.6 183 181.6 177.3 170.2 158.8 160.6 167.7 173.2 177.5 176.9 172.9 168.3 169 172.3 172.9 165.9 150.5 133.3 136.1 148.6 157.8 160 159.1 153.5 141.2 126.3 131.4 134.7 134 139.2 143.6 153.7 160.3 162 161.8 160.8 159.3 159.6 159.5 163.7 170.1 175.2 177.7 180.9
173.5 171.6 171.8 170.7 168.2 167.2 167.1 166.2 164.8 165.5 166.6 168.7 169.7 166.9 161.9 152.5 134.8 123.5 125.7 140.8 149.8 156.9 162.6 169.2 175.5 181 183.8 182.6 180.9 180.3 179.2 178.1 177 176.7 178.5 180.7 180 175.5 168.6 156.2 152.7 165.4 171.7 175.2 173.7 166.7 161.7 164.1 169.8 169 164.2 155.1 139 130.4 142 152.4 153 150.1 140.8 126.7 133.9 139.2 141.5 140 142.4 151.3 160 164.1 165.8 166.7 166.7 167.9 168.8 167.4 164.2 170 175 179.2 184.1
182.8 181.3 181.3 180.6 181.7 181.4 181.3 180.4 178.5 178.1 178.3 178.5 176.2 171.9 163.9 150 131.4 117 131 144 150.4 156.5 163 169.8 176.3 178.6 179.1 178.6 177.2 174.8 173.2 171.9 170.3 170.5 174.3 175.5 173.7 170.2 159.4 146.1 152.1 162.8 168.4 171.1 168.4 160.8 149.9 158.9 161.3 159.8 156.9 151.9 144.1 126.3 136.5 145 143.7 137.5 127.1 132.2 140 143.8 147 149 147.7 149.5 161.4 167.9 169.3 171.7 173.6 175 176.6 176.2 173.3 169.1 175.9 182.2 189.4
188.9 188.6 188.9 188.9 189.3 189.6 188.8 187.6 186.5 184.2 181.1 179.2 176 170.6 162.9 146.2 125.8 120.5 134 141.8 147.7 154.4 161.2 166.8 171.5 174.4 175.9 175 173 169.8 167.3 165 162.5 163.7 167.9 170 167.3 162.4 150.8 140.4 150.5 159.1 164.3 166 161.9 153.9 143.5 149.5 149.5 148.3 147.2 144.9 138.7 125.7 130.9 131.8 128.1 122.7 130.4 139.2 144.3 147.2 152.7 156.2 158.1 156.4 156.7 167.6 173.6 177.6 180.5 182.1 183 183.1 180.7 174.4 177.2 183 191.5
193 192.4 192.9 192.9 193.1 193.4 193.1 190.9 188.3 184.5 181.1 177 172.6 166.2 159.1 142.5 119.2 121.6 130.9 138.9 145.4 152 157.3 161.7 166.1 169 169.8 169.2 167.8 164.7 161.6 158 154 155.4 159.8 162.2 160.7 155.7 145.2 136.4 146.5 152.8 157.4 160.5 156.9 149 138 136.8 134.4 133.7 133.4 130.9 127.4 124.3 122.9 122.1 123.1 131.5 138.1 143.6 150.4 157.7 161.8 169 170.6 168.4 162.7 164.9 176 180.9 185 187.8 189.6 189.4 187.6 181.3 177.1 182.2 192.4
195.8 195.5 195.2 195.8 195.1 194.2 193.3 191.4 188.4 184.7 180.3 175.6 169.2 162.6 156.1 139.7 118.4 116.6 126.2 136.5 141.5 147 152.9 157.8 162 163.8 164.4 163.6 161.5 158.9 156.2 151.1 144.3 147.5 151.2 152.7 151.9 148.4 141.9 130.7 141.4 145.7 149.8 152.5 151.2 143.4 129.7 119.1 118.9 117.4 118.8 119.4 120.7 120.9 128.2 132.5 136.4 141.7 148.8 157.2 162.9 170.4 176.9 179.1 180.3 179.9 176 168.1 173.6 181.6 187.2 191.9 194.5 195.5 193.9 190 184 182.5 192.5
195 195.3 195.5 194.7 193.9 192.8 191.1 189.1 185.3 181.1 177.1 171.6 166.3 159.9 153.2 140.4 121.4 114.2 121.5 130.4 137 142.5 148.6 154.2 157.4 158.6 157.8 156.2 153.8 151.2 148 143.3 135.5 139.4 142.3 144.4 143.8 140.4 136.4 125.8 134.1 139.3 139.7 140.2 136 126 116.7 121.1 125.1 128.6 129.5 129.2 129.7 134.1 138.1 142 148.1 153.9 160.8 166.9 174.1 179.3 182.9 185.1 185.8 185.8 184.3 181.5 173.5 180.2 187 192.1 196.1 197.4 197.6 196.2 194.7 191.1 192
194.1 193.4 192.4 191.4 190.5 189.5 186.5 183.5 180.4 177.1 171.5 166.9 162.8 157.1 150.2 139.8 123.9 109.4 115.5 124 132.6 139.1 145.2 149.7 151.8 151 148.8 146.9 145.4 142.3 138.9 134.4 127.1 130.8 133.4 132.5 131.2 129.6 128 121.9 126.8 129.5 125.6 119.8 117.6 115.1 121.7 128.3 132.3 135.6 137.6 139.4 142.3 146.4 150.6 154.6 158.1 161.4 167.1 173.5 180 184.4 188.2 190.3 191 191.3 190.8 187.8 181 176.9 185.4 191.8 195.9 198.7 200.8 200.6 199.6 197.4 195.8
191.8 190.7 189.6 188.6 187.5 185.2 181.4 178.1 175 170.9 167.2 164 159.3 153.9 147.6 140.5 125.9 110.6 111.3 117.8 126.2 135.8 140.7 143.8 144.1 141.6 140.1 138.1 136.6 132.9 127.8 123.1 118.5 121.2 121.9 122.1 121.8 121 120.2 117 117.3 114.4 111 111.7 114.7 119.6 127.9 132.3 137.1 140.1 143 146.6 149.8 153.3 158.3 161.7 165 169.6 174.6 178.6 183.4 188.4 192.7 194.8 195.6 196.3 196.1 193.2 188.4 179.9 184.6 191.9 195.5 198.4 201.3 202.9 203.2 200.8 200.9
189.1 188 186.8 185.8 184.7 181.7 177.6 173.6 169.9 166 163.2 160.5 156 150.2 144.5 138 129 115.9 108.3 113.4 121.6 131.9 137.9 140.4 140.2 137.2 134.8 130.7 129.5 123.4 117.1 112.6 109.3 111 110.6 109.5 106.2 112.1 113.1 110.9 111.6 113.6 115.2 118.6 122.7 126.9 132.3 137.4 141.9 145.3 149.2 153.4 157 160.8 165.7 172.4 174.2 177.7 180.3 184.1 188.5 192.9 195.5 198.6 199.4 199.9 199.4 196.8 191.1 185.3 182.8 190.5 196.5 199.5 202.5 204.7 206 204.8 205.3
186.1 185.2 184.1 183 182 178.2 174.2 170.1 166.4 162.7 159.7 157.4 153.4 146.9 141.5 135.8 127.8 118.4 109.2 108.1 117.2 130.1 135.7 137.3 136.7 133.8 129.2 124.3 119 111.4 105.8 104.1 103.6 103.7 104.6 105.8 107.8 107.4 109.6 110.2 110.4 117.2 120.6 124.8 128.9 134.1 139.6 144.1 148.8 152.6 157 159.6 163.4 169.1 173.5 178 180.9 183.8 186.5 190.3 194.7 196.6 198.5 201.6 202.3 202.5 199.9 196.4 191.6 190.2 189 192.2 197.6 200.6 203.7 205.7 206.2 206.7 206.7
182.8 182 181.1 180.2 179.2 175.3 171.5 167.2 163.3 159.4 155.8 152.7 149.6 145.8 141.1 135.9 129.7 124.3 113.3 104.7 113.7 127.2 133.5 134.3 132.9 129.2 124.6 118.3 106.5 101.2 102.7 104.4 103.8 109.1 110.4 111.7 114.4 116.6 120 123.3 125.2 126.9 130.6 135 139.7 143.7 147 151.7 155.9 159.4 162.9 167.4 172.7 176.4 180.2 183.6 186.9 189.9 192.9 196.4 198.4 200.2 202 204.3 205.1 202.6 200.2 197.9 196 195.6 195.4 197.4 199.9 203.3 205.8 206.8 207.2 207.6 207.5
179.8 178.7 178 177.3 175.9 171.9 167.7 164.3 161.5 155.9 150.9 147.2 145.5 141.7 137 131.2 127.1 121.8 107.2 104.1 111.3 123 129.6 130.3 128.4 124.8 119.2 111.1 101 101.1 107 108.6 106.8 108.6 111.8 116.9 123.3 127.4 130.5 132.4 135 137.4 139.4 143.7 147.6 150.9 154.5 157.8 161.8 167.1 172.3 175.7 179.4 182.4 185.7 188.6 192.3 195.5 197.9 200 201.7 203.4 205.2 206 206.4 205.4 203.5 202.7 202.2 202 201.8 202 204.4 205.7 208.2 208.6 208.6 208.8 207.7
177 175.5 175.6 174.9 172.8 168.9 165.1 162.2 158.5 153.1 147.4 142.2 138.6 133.8 126.4 124.2 122.9 120 118.2 105.1 108.9 119.9 125.4 126.1 123.9 118.9 111.1 104.1 99.8 105.9 110.6 111.7 111.5 107.9 111.9 119.9 126.9 131.6 136.7 139.4 141.9 144.2 146.9 150.8 154.3 157.2 160.1 164.7 168.5 173.4 177.4 181.1 183.7 186.6 190.1 193.2 195.3 197.9 200.1 200.9 201.3 203 204.5 206.3 207.9 207.6 207.4 207.5 207.5 207.6 207.8 208 208.4 209 210.6 210.5 210.1 208.4 206.7
173.7 172.4 172.2 172.5 171.2 168.1 164.1 159.4 154.6 150 146.1 142.2 137 133.5 133.8 132.1 129.8 127.1 120.5 104.2 107.1 117.3 121.1 121.6 118.2 111.7 103.4 98.1 106 109.7 112.4 116.7 119.8 116.9 110.7 116.5 124.7 132.6 138 142.2 145.9 149.2 152.3 154.4 158.7 162 164.4 168.7 172.3 175.5 179.1 182.3 186.2 188.1 190.8 192.7 193.9 195.9 198 199.4 200.9 202.5 204.6 206.2 208.3 209.8 210 211.5 212.3 212.3 212.5 212.1 212.1 212.4 211.7 210.9 210.1 207.4 205.7
169 167.5 171 171.4 171.5 168.9 164.9 160.5 156.3 152.8 149.4 146.2 143.3 140.5 138.8 135.5 133.5 131.1 120.5 105.2 104.2 113.4 116.6 116 111 104 97.6 102.4 107.8 111.1 118.3 125.7 127.6 126.4 121.3 115.3 119.6 128 137.1 143.1 147.9 151 153.6 156.1 159 162 164.8 167.9 171.3 174.5 178.2 181.1 184.1 186.1 188 189.6 191.6 193.4 194.8 196.8 198.4 201.3 204.4 206.2 208.1 211 212.2 214.1 216.2 216.4 216.1 216 215.7 214.1 212.5 209.8 206.9 204.2 201.8
164.1 165 169.9 171 171.1 168.9 165.5 161.3 158.4 152.2 148.1 146.1 143.8 141 137.3 133.3 132 129.2 119.1 106.6 102.2 107.6 112 110.3 103.7 98.7 98 106.1 109.8 117.5 127.5 132.3 135.1 133.6 130.8 125.8 119.3 123 132.7 140 145 149.1 151.3 153.4 155.9 158 160.8 163.8 167.5 170.7 173.9 177.4 180 182.7 184.9 186.4 187.5 188.6 190.9 193.4 195.9 198.6 201.5 205.1 206.6 209.4 211.5 214.3 216.7 218.5 218.6 218.1 216 214.4 211 208.3 205.4 202.5 198.6
160.2 164.1 169.9 171.1 171.1 168.9 165.6 161.3 156.7 151.8 146.4 143.7 139.6 136.6 132.6 129.2 126.6 124.4 117.9 107.7 100.1 104.1 107.3 104.3 98.7 96.1 105 107.7 115 126.4 134 139 141.2 141.2 138.6 135.8 129.4 123.2 127 135.9 141 144.3 146.9 149.3 151.9 153.9 156.7 159.8 162.9 165.9 169.9 173.7 175.9 178.3 179.7 180.1 181.1 182.6 186 188.5 191.8 194.7 198.3 202.1 205.1 207.4 209.4 212.3 216 219.8 220.7 218.1 215.1 213.2 209.6 206.7 203.8 199.8 195.8
155.1 163.2 169.1 170.9 170.9 168.5 164.3 159.8 154.8 149.8 144.9 139.3 134.1 129.7 125 122.8 121.5 119.7 116.2 109 98.7 99.2 100.8 98.7 95.3 101.6 105.9 110.9 124 134.2 141.1 144.4 146.3 147.9 146.2 143.1 139 132 122.3 128.5 133.7 136.4 140.8 144.5 147.2 149.9 152.6 154.3 157.9 161.9 166.6 169.8 172.1 173.3 172.9 172.9 174.4 176.2 179.5 183.8 187.9 191.5 195.1 199 203.4 206.3 209.2 210.8 214.6 218.1 220.3 217 212.9 210.4 207.9 205 201.1 197.3 193.7
158.3 153.4 164.4 167.6 168.3 165.6 162.5 157.6 152.1 146.5 139.4 133.5 126.1 120.3 119.2 118.1 117.1 115.6 113 110.3 103 95.6 96.3 94.3 102 106.6 109.2 121 132.4 139.5 144.2 149.7 151.5 153 153.4 149.7 144.6 138.6 133.6 128.9 126.4 127.2 130.7 135.3 138.4 143.4 146.9 150.4 155.1 158.5 162.1 163.7 165.1 166 163.8 164.8 170.1 170.6 171.4 175.9 181.5 187.8 192.4 196.8 201.2 204.4 207.2 209.5 211.6 214.6 216.4 213.5 210.9 208.8 206.3 203 199.2 195.4 192.6
157.2 149.7 155 163.1 165 163.2 160 155.2 149.6 142.8 134.8 127.4 117.2 114.2 114 113.2 112.3 111.2 109.1 107.2 102.6 94.7 93.8 98.1 105.8 109.6 114.4 126.6 134.5 142.2 148 153.6 157.3 158.7 158.6 155.5 151.5 145.9 141.2 137.4 135.5 136.1 136 140 140.3 137.8 137.5 146 150 152.7 152.7 152.6 153.6 160.6 167.3 171.7 175.4 179 180.5 182.3 179 182.9 190.4 194.7 199.1 202.4 205.1 207.6 209.7 211.8 213 210.9 208.9 206.9 204.7 201 197.3 193.9 191.5
154.1 146.3 150.3 160.9 161.7 160 156 150.1 144.3 136.8 129 119.6 113.7 110.4 108.5 107.8 107.2 106.4 105 103 99.1 93.7 95.5 102.4 107.9 112 120.1 129.4 137.5 145.5 151.9 157.7 162.1 165.6 164.8 162.2 158.2 154.6 149.8 145.8 140.7 140.3 140.7 145 146.6 146.6 145.5 144.4 145.4 148.2 152.5 154.9 160.8 166.1 171.2 176.3 180.2 183.6 185.8 188.1 187.5 183.6 187.7 192.9 196.9 200.1 203.3 205.5 208.1 209.9 210.4 209 207.4 205.3 202.9 199.7 196.5 193.1 190.3
151.9 143.5 146.5 156.1 156.9 153.8 150.3 144.6 137.7 130.5 121.2 112.7 109 105.5 103.4 101.8 100.7 98.4 97.2 94.1 92.1 95 98.7 104.5 110.6 118 127.4 135.7 142.8 150.2 155.4 161.2 167.5 169.9 170.9 168.8 165 160.4 154.8 151 147.3 146.2 146.3 148 151.1 153 152.7 152.7 152.7 155.5 158.7 159.7 161.2 168.9 173.8 177.8 182.4 186.2 189.5 192 191.9 191.1 187.3 190.3 195.1 199.7 203.3 204.8 206.5 206.8 207.9 207.5 206 203.6 200.9 197.9 194.6 190.9 187.4
145.6 136.9 146.1 152.3 151.2 147.9 144.5 138.8 132 123.4 114.3 105.6 100.5 98.4 97.3 94.4 94.2 93.2 93.5 93.7 96.2 101.4 104 105.6 115.4 123.8 132.6 139.5 145.8 152.1 158.1 164.5 170.3 173.7 174 173.1 169.6 164.5 158.9 154.4 151.4 150.3 149.1 151.2 154.3 157.7 159.3 159.1 159.1 160.9 163.7 165.4 165.7 168.2 174.5 179.1 184.6 188.7 192.3 195.6 196.2 195.5 194.3 193.7 196.8 200.7 203.3 204.8 205.6 205.9 206.6 206.2 204.2 201.5 198.8 195.8 191.8 187.8 184
135.4 136.8 147.3 148.1 146 142.9 139.7 134 126.7 116.6 107 97.6 94.6 93.7 92.7 93.6 94.1 95.7 96.9 98.6 102.9 109 113.8 115.8 115.5 125.9 135.2 141.8 149 155.6 160.6 167 172.4 175.8 175.9 175.9 172.9 168.6 163.2 157.8 155.9 154.8 153.8 154.7 157.7 161.4 165.4 165.9 166.9 167.4 169.8 170.9 170.4 169.1 174.2 180.7 187.1 190.8 194.6 196.8 198 198.6 198.1 198 199.5 201.4 203.3 204.2 205.9 206.2 206.2 204.2 201.7 199.1 196.2 193.9 190.6 186.7 182.6
131.9 140.9 143.7 142.6 140.9 138 135.1 129.2 118.5 110.6 100.5 92.8 91 90.6 91.3 93.9 97.6 102.8 106.6 111.6 116.5 120.9 126.5 128.1 128.2 125.5 135.5 142.6 149.3 154.8 160 166.9 171.7 176.5 178 178.4 175.4 172 167.9 162.9 160.5 159.5 159 160.2 162.9 166.8 170.4 173 174.6 174.9 176.4 176.3 175.6 174.5 175.8 180.3 187.4 191.5 195.4 198 199.7 200.8 201 201 201.4 202.7 204.4 205.1 206.3 206.1 205 201.8 199 196.4 194.2 191.7 188.7 185.3 180.4
131.5 137.3 137.4 136.6 135.5 133.3 130.2 123.5 112.2 101.5 90.7 89.4 89.9 93.8 98.9 102.7 108.9 116 121.1 124.8 130 133.5 137.4 138.3 138.8 138.4 135.3 139.1 144.7 153.3 158.3 165 170.2 175.1 180.1 180.6 178.6 175.4 171.6 169.8 169.5 169.3 168.9 168.4 170.4 173.9 176.6 179 180.6 182 181.9 181.5 180.6 180.7 181.2 183.7 186.4 192.1 195.6 198.5 200.4 201.2 201.6 202.1 202.8 204.1 205.5 206.5 206.5 205.8 205.2 202.3 199.5 195.9 192.8 189.6 186.6 182.5 182.1
129.7 132.6 132.4 131.8 130 126.4 122.9 118 107.8 94.1 87.9 92.9 97.1 104.6 109.8 110.5 115.8 122.4 128.6 135.2 140 142.2 144 144.7 145 144.9 146 147.1 149.2 154.5 159.8 166.3 172.6 176.9 180.5 182.3 182.7 180.9 179.4 179.6 179.9 180.3 179.9 178.5 178.6 180.2 182.1 184.4 185.2 185.7 186.2 186.6 186.5 186.7 186.7 187.7 190.3 193 196 198.6 199.8 200.7 201.6 202.4 203 204.3 205.5 205.8 206.7 205.8 205 203.4 200.7 197.5 193.8 190.7 187.2 185.9 186.8
127.1 127.2 127 124.7 122.3 119.8 116.7 112.2 103.6 90.5 90.7 97.3 105.6 110.6 115.8 119 121.1 125.6 133 139.7 144 146.8 148.5 149.9 149.9 150.8 152.6 155.4 158.5 163.3 167 173.5 178.7 181.4 183.1 185.3 186.5 185.7 186.7 186.9 187.1 186.9 186.1 186 185.9 185.7 186.6 187.8 188.9 189.5 190 190.6 191.2 191.2 191.5 192.9 195.4 195.5 196 196.5 198.2 199.1 200.1 200.7 201 202.4 204 205.5 206.4 206 205.4 204.2 202.8 199.4 196.1 192.3 189.8 190.6 190.3
121.7 122.1 119.5 116.7 115.2 113.4 110.6 106.1 96.8 87.9 94.7 102.8 108.8 114.7 120.7 124.5 126.8 131.1 137.9 143.2 147.3 151.1 153.1 155.8 156.3 158.3 161.4 165.5 168.2 171.6 174.9 178.2 182.2 184.6 186.2 188.2 189.7 190.7 190.9 190.8 190.7 190.4 189.3 189 189 189 190 191.2 192.3 193.3 193.8 194.7 195.1 195.4 195.4 196.6 196.1 195.1 193.7 194.3 196.5 197.6 198.6 199 198.7 200.2 201.7 203.9 205.2 205.5 206.3 205.4 204.5 201.8 198.1 195.6 195.1 192.9 191.2
114 113.1 110.6 108.2 106.7 105.7 102.2 96.1 86.6 88.5 96 104.8 112.8 120.2 125.3 129 133.5 137.8 142.5 146.5 150.9 155.4 159 161.9 163.1 166.9 169.7 171.8 174.4 177.1 179.4 181.7 183.9 186.3 188.7 191 191 190.8 190.4 190.4 190.9 191.2 191.5 191.7 191.6 191.9 192.4 193.1 195.5 196.1 196.6 197.1 197.3 197.8 197.8 197.3 196.6 194.6 192.3 192.1 193.2 195.5 196.2 196.6 196.5 198 199.9 202.1 203.8 205.9 207.2 206.6 206 204.7 202.3 200 197.7 195.4 193.1
106.4 105.1 102 99.6 98.9 96.7 92.7 86.2 84.8 90.9 95.6 100.9 111.1 122.3 129.4 135 140.2 144 147.8 152.3 157.2 161.2 164.8 168 170.7 172.6 174.4 176.6 179.1 180.7 182.1 184 185.7 187.8 190.2 191.1 191.1 190.9 190 190.2 191 191.2 191 191 191.6 192.6 194.1 195.8 196 196.1 196.7 197.4 197.5 198.2 198.2 198.1 196.1 194 191.4 187.8 190.1 191.5 191.8 192.6 193.7 195.7 198 199.9 201.7 204.3 206.4 206.2 205.9 206.1 205.4 202.9 200.3 197.1 193.1
99 96.1 92.7 90.3 88.8 87.6 84.6 85 90.1 95.9 103.6 110.9 112.8 117.7 130.8 136.7 143.6 149.3 153 157.3 161 164.6 168.2 171.3 173.6 175.8 178.2 180.2 181.9 183.9 185.3 185.8 187 189.6 190.9 190.7 190.8 189.8 189.5 189.9 190.7 190.6 190.4 190.3 191.1 192.5 193.9 195.1 195.7 196.1 196.8 196.6 196.7 197.4 196.9 196.2 195 193 190.2 184.1 185.5 186.3 187.1 189 190.3 192.2 194.6 196.4 200 201.7 204.8 205.8 206 206.1 206.3 205.2 202.2 198 193.2
88.9 85 82.9 82.5 83.5 83.4 86.8 94 99.8 105.3 114.4 120.4 123.9 124.5 125.3 135.5 143.2 150.5 155.9 160.7 164.4 167.7 171.3 174.2 176.7 178.4 180.3 182.3 184.8 186 185.6 185.3 186.5 187.8 188.6 188.1 187.1 186.5 186.6 186.7 188 188.6 189.2 189.6 190.7 191.7 192.6 193.5 195.4 196.2 195.9 195.6 196 195.9 195.2 194.1 192.2 189.5 186.8 180.7 177 180.6 181.1 183.6 186.7 188.6 190.8 193.6 196.5 199.6 203 205.6 206 206.1 206.3 206.1 202.3 196.8 189.9
82.6 79.7 82.8 86.7 90.8 97.6 103.6 108.7 112.6 118.2 124.6 128.1 131.1 132.9 134.8 135.9 143.2 151.1 157.3 163.2 167.5 171.3 174.2 177 179.8 181 181.2 182.6 183.2 183.2 183.6 183.4 183.7 184.1 183.7 183.4 182.4 182.4 183.6 183.4 184.8 185.7 186.3 187.5 188.7 189.6 189.8 190.7 192.2 193.1 194.3 194.7 195.2 194.3 193.4 191.1 188.7 185.9 182.8 179.9 171.5 174.4 174.7 179 182.2 183 186 187.2 194.4 198.4 201.5 203.7 205.3 205.6 205.8 205 201.7 194.8 183.7
