app/static/ascii/SS73.asc
ncols 200
nrows 200
xllcorner 270000
yllcorner 130000
cellsize 50
[rows 0 to 34 of 200, columns 0 to 77 of 200]
348.1 344.7 344.6 336 348.4 353.5 359.9 369.1 377.3 386.6 393.8 400.2 404.9 408.4 411.7 416.1 422.2 428.1 434.5 441.5 446.6 450.5 454 457.1 459 460.3 461.3 461.9 461.5 460.8 459.1 456.9 454.8 451.2 448.5 446.2 444.4 443.1 441.3 438.9 436.2 431.8 428.3 424.8 421.3 417.7 415 412.5 409.7 405.7 400.4 393.9 381.2 372.8 375.4 379.4 380 378.4 376.9 375 372.1 369.3 364.3 363.3 363.5 364.2 365.1 366.7 374.9 378 378.6 377.9 376.7 377.7 379.8 381.6 383.8 387.5
355.9 356.4 360.5 358.2 354 353.6 355.1 358.6 370.3 380.7 390.7 397.6 403.7 407.1 411.1 416 422.7 430 436.4 443.1 448.8 453.6 457.3 459.7 461.4 462.6 463.5 463.6 463.1 461.7 459.6 457 453.6 450.2 447.4 444.4 443 442.1 440.9 438.9 436.1 432.3 428.6 425.5 422.1 418.6 416.2 413 409.7 404.7 394.2 381.2 377.6 384.8 387.2 387.6 387.6 386.4 384.7 382.5 379.2 375.3 370.9 366.4 362 362.4 370.9 377.5 380.5 381.7 381.5 380.7 379.7 379 379.7 382.3 384.6 387.3
360.4 362.4 366.4 369.9 372.1 373 370.6 363.5 361.8 371.4 383.3 390.4 397.6 405 409.1 415.7 422.9 430.3 437.2 443.5 449.4 455 458.6 461.2 462.7 464.2 464.8 464.7 464 461.9 459.7 456.4 452.2 447.7 444.3 441.6 440.3 439.7 439.2 437.9 435.5 432.7 429.2 425.5 422.5 419.4 416.5 413.1 406.1 400.8 389.6 377.3 392.1 394 395.1 394.5 394 392.8 391 389 384.5 379.6 374.7 369.8 363.3 361.3 371.9 377.9 381.8 383 383 382.5 381.7 381.4 382.2 384 386.3 388.8
365.7 368.9 373.7 378.7 383.3 387.2 386.2 379.5 366.1 366.9 373.6 381.7 391.3 399.9 407.8 414.9 422.8 430 436.8 443.3 449.6 455.2 459.2 462 463.7 465.2 465.5 465.2 464.3 462.3 459.3 455.7 449.5 444.1 439.1 437.3 437.6 437.4 437.6 436.9 434.2 431.4 428.6 425.8 422.5 418.8 415.6 408 388.3 382.2 380.6 394.4 402 402.1 400.7 399.4 397.9 398.2 396.7 394.6 391.3 386.1 381.3 377 371.4 361 363 375.8 381.5 383.3 384 384 383.6 383.5 384.6 386 388 390.8
373.1 379.2 385.6 391.6 397.2 400.1 400.1 395.5 385.9 375.2 372.5 377.8 387.1 395.1 402.9 413.1 421.2 427.8 435.3 442.9 449.8 455.4 459.7 462.6 464.3 465.7 466.3 465.7 464.6 462.4 459 454.6 449.2 443.7 435 432.2 434.2 435.8 436 434.9 432.8 430 427.2 424.4 421.5 417.7 412.2 392.8 384.1 393.7 403.9 410.3 409.3 407.7 404.9 402.4 400.9 400.7 399.5 397.7 395.2 392.1 388.3 384.4 380.2 368.3 360.2 366.5 381.2 384.1 385.8 386.4 386.8 387.5 388.3 389.3 390.7 393
384.9 391.5 398.2 403.8 408.3 411.1 412 409.6 404.2 393.7 382.4 383.4 383.7 388.9 396.1 405.2 413.9 422.3 428.9 437.6 447.7 453.9 459 462 464.2 465.7 466.4 465.8 464.5 462 458.3 453.9 448.9 442.3 431.1 427.2 431.3 432.9 433.8 432.8 431.2 428.5 425.7 422.9 419.4 415.6 402.3 385.9 400 408.8 413.7 413.6 413 411.4 408.9 406.2 403.9 403.1 401.3 399.1 396.7 394.4 390.5 387.6 384.1 378.9 363.6 359.3 376.3 384.1 386.6 388.3 389.5 390.2 391 393.1 394.7 396.3
394.7 400.9 406.6 412.1 416.4 419.4 419.8 418.9 416.8 410 392.5 394.1 397.5 397.1 396.1 402.9 409.5 424.5 438.3 443.5 442.9 451.5 457.6 461.7 463.7 465.6 466.2 465.3 463.9 461.1 457.3 452.1 445.6 437.3 426.2 423 427.3 430.2 431 430.7 429.2 426.9 424.2 419.9 415.7 406.6 390.6 400.4 411.9 416.4 417.7 416.7 415.9 413.8 411.2 408.9 406.4 403.3 401.1 398.5 396.1 393 388.9 386.7 383.4 379.1 372.1 359.5 363.4 381.3 385.4 388 389.7 390.5 391.7 393.2 394.4 396.3
400.9 407.2 413.2 418.6 423.2 426.6 427.6 427.9 426.2 421.3 409.1 407.6 414.9 415.4 408.8 418.6 430.5 440.7 449 454.8 456.1 456.3 459.2 461.2 464 465.5 465.8 465.2 463.8 460.7 455.1 446.4 435.8 426.7 420 418.2 420.9 423.8 427.8 427.5 427 425 422.3 416.7 406.9 395.9 392.1 410.7 417.5 420.6 421.2 420.2 418.5 415.9 413.2 410.7 407.2 403.7 400.3 397 393.4 389.6 385.1 382.9 379.1 376.3 369.2 360.1 357.4 370.6 380.4 384.2 386.4 388.1 389.8 391.5 392.5 393
404.6 411.5 418 424.1 428.6 431.6 433.3 433.5 432.9 431.4 427.5 423.4 431.7 433.4 428.1 418.9 440.9 448.9 455.1 459.4 462.1 463.4 463.5 464.3 465.5 466.5 467.2 465.5 463.6 456 448.6 441.7 438 434.4 427.1 417.4 413.8 416.5 419.8 424.2 424.1 421.6 416.9 407.6 396.3 391.1 400.8 414.9 421.4 424 424.4 423.9 422 419.1 416.1 412.1 407.9 404.4 400.7 395.9 390.5 386 381.4 375.8 373.2 368 368.9 362.4 357.8 358 368.9 376.8 381.1 384 386.1 387.7 388.3 389.1
408.4 415.2 421.8 427.8 432.4 435.3 436.6 438.1 440.1 441.3 440.8 441.3 443.8 446.8 446.4 433.9 448.2 458.2 462.4 466 467 467.4 466.7 467.1 467.6 467.8 468 466.1 464.4 461.3 457.3 453.1 448.1 441.6 435.8 429 422.8 413 409.5 417.2 417.9 413.1 403.4 395.4 394.1 395.5 410.6 418.4 425.1 426.8 427.6 427 425.5 422.5 419.5 415.4 410.9 405.7 400.7 395.4 390.1 382.7 378 374.8 379.1 378.7 373.9 370.1 363.5 356.2 356.1 362.9 373.1 378.8 382 383.7 384.3 384.7
410.1 416.9 423.1 429.9 434 437.7 440.4 443.4 446.7 449.3 450.7 452 454.3 457.4 458.8 453.7 457.9 466.2 469.1 469.9 470.4 470.8 470.4 469.9 469.9 469.9 468.7 467.2 465.1 461.8 457.9 453.4 448.9 443.1 436.4 430.7 425.7 420.9 414.3 405.7 403.5 400 399.1 402.1 400.8 397.9 414.9 422.8 427.2 428.8 429.6 430.1 428.9 426.4 423.2 418.5 413.7 407.8 400.6 394.7 387.2 385.9 387.1 389.2 388.5 384 377.8 371.3 365.2 360.1 357.2 355.5 360.5 368.7 374.7 377.3 377.8 377.7
409.8 417.3 424.3 430.8 436 439.6 442.7 447.6 452.2 455.2 457.4 459.8 461.6 463.8 465.9 467 468.1 469.8 471.6 472.4 472.7 472.8 472.9 472.6 471.7 470.8 469.4 467.4 464.6 459.9 455 450.7 445.3 441.1 434.3 428.9 423.8 416.9 412.8 407.4 412.1 415.3 417.1 416.1 408.2 403.1 419.3 424.7 428.8 430.5 431.7 432.4 432.2 430.6 427.7 422.5 416 407.8 398.7 391.8 390.3 394 394.6 393.9 392.3 386.2 378.2 367.9 363.8 361.2 362.4 356.2 354.4 355 359 363.4 363.2 363
408.8 416.2 424 430.6 436.1 442.1 446 452 456.5 459.2 462.3 464.3 466.2 467.8 468.8 469.9 471.2 472.4 473.2 474 474.4 474.2 474.1 473.1 472.1 471 469.6 467.5 464.6 460.7 454.8 449.3 441.8 435.9 428.7 424 416.9 411.9 409.7 419.8 425.1 424.9 424.4 421.8 411.1 407.7 421.7 427 430.7 433 434.2 435.4 434.7 433.6 431.3 426.4 418.9 410.8 400 393.3 397.4 400.1 399.5 397.5 393.8 383.1 372.6 371.3 371.9 372.2 371.3 373.1 370 364.1 355.7 353 352.4 353
406.9 415.3 422 429.3 435.3 441.7 448.3 454.3 459 462.3 464.7 466.6 468.5 470.1 471.1 472.1 473.3 474 474.8 475.3 475.2 475.1 474.3 472.9 471.9 470.8 469.1 467.2 464.2 460.4 455.4 448.9 440.5 431.2 422.5 416.5 416 423.9 428.2 430.5 431.6 431.5 430.4 426.7 409.8 409 424.7 430.4 433.3 436.7 437.8 438.7 438.2 438 435.9 430.9 426.8 420 399.9 402.3 406.6 405.3 403.9 400.4 390.4 383.8 387.8 388.4 387.2 386.7 383.4 385.6 385.5 383.2 378.3 375.5 372.8 369.6
404.4 411.9 420 427.7 434.6 441.7 449.3 455.4 460.5 463.7 466.1 468.1 470.1 471.6 472.6 473.6 474.1 474.8 475.5 475.6 475.3 474.6 473.8 472.5 471.1 469.6 468 466 462.9 458.8 452.4 443.3 433.3 424.1 420.8 422.6 431.3 434.9 437.2 438.2 438.6 437.1 435.7 432.8 416.3 415.3 430.3 434.9 438.9 440 441.1 441.5 441.2 440.9 439.7 437.3 433.5 425.1 400.6 414.4 416.6 415.4 411.7 406.9 389.7 399.1 401.8 400.9 399.2 397.5 395.6 395.1 393.9 392.1 389 385.7 380.5 377.4
402 410 418.6 427.5 435 441.7 449.4 456.1 461.9 464.5 467 469.4 471.2 472.7 473.5 474.3 474.8 475.2 475.6 475.1 474.4 473.7 472.8 470.8 469.1 467.4 465.6 463.8 461 455.9 448.3 439 429.8 424.5 427.7 431.5 433.5 437.9 440.1 441 441.6 441.1 439.9 436.6 416.5 421.1 434.4 438.4 440.5 441.9 443.3 443.9 443.7 443.3 442.4 440.3 436.7 416.6 411.1 424.5 426.2 423.9 419.2 409.8 399.3 408.8 411 410.1 408.6 406.7 404.2 401.9 399 396.3 392.6 387.9 383.4 378.1
400.8 409.4 418.1 426.5 434.7 442.9 449.8 456 461.9 465 467.7 469.2 470.8 472 473 474 474.7 475 474.7 474.1 473.4 472.3 471 468.7 466.9 464.6 463 461.1 458.4 452.4 444 436.5 429.7 431.2 436.4 436.4 434.9 439.5 441.6 443.5 444 443.8 442.5 439.9 423.4 423.3 436.4 440 442 443.5 444.8 446.1 446.2 446 445.5 443.8 434.5 414.9 429.7 435.2 434.6 432.3 427.1 415.9 406.6 416.6 418.1 417.7 416.1 414.1 412.5 410.2 405.4 401 395.7 389.7 382.7 375.7
399.7 407.7 416.8 425.3 433.7 441.5 448.8 455.2 461 464.7 466.9 468.7 470.3 471.2 471.9 473.1 473.5 473.6 473.4 472.8 471.7 470.4 469 466.5 463.1 460.7 458.7 457.5 456.2 452.4 448.7 439.3 440.3 440.6 440.9 440.3 439.3 440.7 443.1 445 446.2 446.2 445.1 443.9 437.7 422.1 436.7 439.7 441.8 444.1 445.8 447.7 448.5 448.9 448.5 447.1 435.3 426.4 442.1 443.7 442.5 438.9 433.8 421.9 413.6 423.4 424.7 423.8 421.9 419.5 417.8 415.1 409.9 403.6 396.2 388.1 376 365.3
398.7 405.1 413.4 422.3 430.7 439.1 446.8 453.3 459.5 463.4 465.3 467.6 469.4 470.2 471 471.6 471.8 472.2 471.4 470.7 469.8 468.2 465.3 462.1 457.9 455.2 455.3 455.4 455.1 453.4 449.7 447.7 446.6 445.5 444.8 443.4 442.8 442.9 444.6 447.1 447.7 447.9 447.5 446 441.7 422.4 435 437.1 440.2 443.9 446.3 449.4 450.2 451.1 451.6 450.3 436.8 440.9 449.1 448.3 446.9 444.2 438.5 418.1 424.8 429.9 430.7 430.7 428.8 425.1 422.6 419.3 413.4 403.9 388.5 374.4 375.5 378.3
396.6 402.6 409.3 417.4 425.8 434.3 441.9 448.1 453.8 459.6 463.7 465.7 466.7 468 468.6 469.4 469.6 469.6 469.3 467.3 464.6 461.7 458.6 455.8 452.4 449.6 451.8 453.7 454 453.4 452.2 450.6 449.8 448.9 447.2 445.6 443.7 443.3 444.8 448 449.2 449.2 449.1 446.4 443.4 433 430.7 435.4 439 442.8 447.1 450.9 452.6 453.4 454.3 454.4 448.7 453.3 454.4 453.4 451.7 448.6 437.8 419.6 435.4 436.6 435.5 435 432.1 429.4 425.2 420.9 412.7 390.6 385.7 392.4 396.7 397.6
394 401.1 405.9 412 418.4 426.4 433.6 439.7 445.5 450.5 454.5 458.2 460.1 461 462.7 463.1 464 462.6 460.8 459 458.3 455.8 453.5 450.1 441.6 440.1 448 451.3 452.7 453 452.6 451.9 451.1 450 449.1 446.3 442.5 438.7 443.6 449.2 451 450.7 449.8 447.3 443.9 434.5 433 436.3 436.4 443 449.4 453 455.6 456.4 457.4 458.2 458.5 458.2 457.8 456.8 455.7 452.9 434 438.2 444.2 443.1 441.2 439.5 436.9 433 428.4 423.7 412.9 390.2 399.7 406.2 408.5 410.2
390.1 395.8 400.9 407.1 411.5 416.7 421.7 428 433.8 438.5 442.1 444.9 448.2 451 451.7 453.6 454.6 454.8 455 454.7 453.6 450.9 448.1 438.6 424.7 438 444.9 449.1 451.2 452 451.9 451.7 451.4 450.3 448.8 446.6 440.3 433.3 445.1 449.2 450.8 451.3 450.4 448.4 444.7 435.2 445.3 449 446.1 452.5 454.6 456.1 458 459.4 460.5 460.9 461.3 461.2 460.6 460.3 459.1 457.6 444.7 452.3 451.3 449.5 447.4 444.7 441.7 438 434.1 429 412.5 396.6 410.4 416.3 418.2 419.2
384.7 389.8 394.4 399.5 404.4 406.9 410 415.6 420.2 424.7 427.9 432 435.7 439.3 443.2 446.6 449.4 450 450.2 449.5 448.3 446 440.3 425.3 417.8 433.2 440.7 445.4 449 450.3 450.4 450.3 449.9 449.1 447.8 444.6 436.2 426.1 444.2 447.7 450.2 451.3 451.5 450 443.2 446.1 452.3 454.4 455.1 457.7 458.9 460.1 461.3 462.2 462.6 463 463.4 463.6 463.3 462.8 462 461 459.4 457.6 455.7 453.8 451.1 448.5 445.7 442.2 438.3 433.4 414.7 404.5 420 423.7 424.7 424.3
378.4 383.1 387.1 391.4 395.1 396.9 399.7 403 407.2 410.4 415.9 419.9 424.1 429.4 435.3 440.3 443 444.4 444.8 443.9 442.2 438.3 430.2 412.7 409.5 426.2 434.7 440.6 444.2 446.7 448.2 448.4 447.8 447.1 446.3 441.6 426.7 422.8 438 445.7 449 451.9 452.6 451.4 447.2 453.4 456.9 458.7 459.8 461 462.1 463.1 463.9 464.4 464.7 465.1 465.5 465.7 465.5 464.9 464.1 462.9 461.6 459.8 457.9 455.8 453.9 451.5 448.8 445.9 442.4 437.8 420.5 418.3 427.2 427.4 426.4 426
372.3 376.6 380.1 383.7 385.9 388.6 390.6 392.9 395.6 399.4 402.3 407.2 413 419.5 425.4 430.7 434.7 437.1 437 435.9 434 429.9 417.2 400.7 400.6 417 427.3 433.8 438.4 441.9 443.1 444.1 444.2 444.1 443.4 435.1 415.1 421.5 435.4 443 448.2 451.1 453.7 454.7 453.9 457 459.6 461.2 462.5 463.7 464.7 465.5 466.2 466.7 467 467.3 467.6 467.4 467.2 466.7 465.9 464.6 463.4 461.4 459.2 456.9 455 453.2 450.7 447.8 444.9 441.2 431.8 431.8 431.8 430.6 428.7 426.9
366.7 369.7 373.3 376.1 378 379.4 381.7 384.4 385.5 388.3 391.5 396.9 400.9 407.3 414 419.7 424 426 427.2 425.7 423.8 415.1 400.1 387.4 396.2 412.8 421.7 427.1 431.4 434.6 436.1 437.1 438.5 439 437 423.6 406.7 416.9 425.7 433.1 442.5 451.5 454.8 456.5 457.8 459.9 462 463.7 464.9 465.8 466.8 467.8 468.6 468.9 469.2 469.2 469.3 469.1 468.8 467.9 466.8 465.5 463.9 462 459.9 457.9 455.6 453.2 451 448.2 445.4 442.7 439.2 435.5 434 432.3 430.6 429
360.7 363.3 366.5 368.4 370.2 371.8 372.9 373.8 375.4 377.3 379 384.4 389.6 395.4 399.4 405.6 410.2 412.9 414.1 413.7 408.7 394.2 382.3 377.5 395.8 409.5 417.3 422.4 425.4 426.3 426.1 427.2 429 428.2 424.7 416.3 402.3 422.2 434.9 445.8 450.4 453.2 456.3 458 459.9 462 464.1 466 467 467.7 468.8 469.9 470.8 470.8 470.9 470.9 470.9 470.7 469.9 468.7 467.4 465.7 464 461.6 459.3 457 454.9 452.8 450.7 448 445.4 442.6 440 436.9 435.1 432.5 430.2 427.9
356.3 358.3 359.7 360.8 362.6 363.1 363.4 364.9 365.3 367 369.2 373.3 378.5 382.9 387.5 391.8 395.6 399.4 401.4 399.2 387.5 373.1 363.3 379.7 396.1 405.8 411.9 416.3 419.1 420.3 420.3 419.7 418.2 414.1 414.1 411.4 397.1 419.7 438.2 446.5 451 454.6 457.2 459.2 461 463.1 465.3 467.3 468.6 469.6 470.6 471.5 472 472.5 472.5 472.3 471.9 471.1 470 468.7 467.3 465.5 463.6 460.9 458.4 456.1 453.1 450.6 448.3 446.2 444.5 442.1 440.1 437.8 435.1 432.3 429.6 426.4
350.7 352.1 353.5 354.2 355 354.8 354.4 353.4 355.4 357.1 360.1 364.3 368.1 372.4 377.5 380.4 383.1 385.6 386.3 378.4 366.1 351.7 366.7 383.2 394.2 401.1 405.7 409.5 411.3 412.3 412.2 409.2 404.3 400.1 399.2 396.8 394.6 422.1 438.4 445.1 450.5 453.9 456.7 459.5 461.3 463.4 465.6 467.6 469.6 470.8 472 472.4 472.9 473.1 472.6 472.1 471.6 471 469.9 468.5 466.1 464.4 462.3 459.8 457.3 454.2 450.8 447.7 445.3 443.5 441.8 440.3 438.5 436.3 433.9 430.3 426 422
345 346.5 347.4 347 347.2 347.3 346.3 345.5 347.2 349.3 352.9 356.2 359.8 363.4 368.1 371.1 372.5 373.5 368.1 354.9 343.7 349.9 369.8 381 388.2 393.4 396.8 399.3 401.5 402.1 398.4 391.7 384.6 378.6 382 389.4 409.3 426.5 436.2 443.1 448.6 452.9 455.9 458.7 461.5 463.7 465.5 467.6 469.6 471 472.1 473.1 473.3 473.3 472.8 472.3 471.5 470.5 469 467.4 464.9 463.1 460.8 458.5 456 452.6 449.2 445.7 442.5 441 439.5 437.9 436.4 433.6 431.4 425.6 415.4 404.5
339.8 340.3 340.7 339 339 338.9 337.7 337.6 339.2 343 346.4 349.4 352.3 355.5 359 361.4 361.7 361.4 348.3 329.2 330.9 352.8 365.1 372.8 378 382.6 386.3 389.3 391.6 389.8 377.9 368.4 374.6 388.5 399.5 410.9 419.4 428.3 434.8 441.5 446.6 451 454.6 457.6 460.6 463.2 465.5 467.4 469 470.7 472.1 473 473.2 473.1 472.6 471.7 470.5 469.3 467.7 465.9 463.7 461.6 459.1 456.6 453.8 450.3 446.9 443.7 440.3 438.4 436.7 434.7 434.1 430.7 421.2 405.6 403.6 403.6
333.2 333.6 332.8 331.2 330.9 329.9 329.6 328.3 332.1 336 339.2 342.2 345.7 347.8 349.5 351.4 351.8 348.7 329.4 308.4 330.8 346.1 352.9 358.8 364.1 370 374 377.4 378 372.2 360.7 376.7 390.9 400.8 406.6 415.3 421.6 427.7 433.9 439.6 444.2 447.9 451.5 455.9 459.5 462.1 464.7 467 468.6 470.3 471.9 472.7 472.8 472.5 471.4 470 468.8 467.6 465.9 464.1 461.8 459.8 457.3 454.8 451.9 447.8 444.1 440.9 438.6 436.9 434.1 431.2 427.1 418.4 419.7 422.5 421.2 420
326.1 326.2 324.9 323.3 322 320 318.7 321.5 324.8 329 332.3 335.3 338.6 340.1 340.8 342 340.2 328.1 313.6 304.8 327.6 333.9 335.4 338.4 345.8 350.5 355.5 361.3 360.7 356 367.8 386.1 393.6 400.9 407.8 415.5 420.4 425.4 430.6 436.4 439.5 442.7 445.1 451.5 457.3 461.1 463.8 466.5 468.3 470 471.5 472.1 472.3 471.6 470.1 468.7 467.3 465.9 464.1 462.1 459.4 457.5 455.5 453.3 450.4 447.3 444.1 441.3 440.1 438.7 435.8 434.4 432.7 431.6 429.4 426.3 423.5 421.5
320.7 318.9 317.4 315.1 313.3 303.6 306 315.8 319 323.2 325.8 327.8 330.8 331.7 332 330.5 320.4 308.2 297 304.8 309.2 311.3 311.1 320.3 327.3 343.2 352.1 351.9 360.2 371.4 379 386 391.2 399.3 406.8 412.5 417.3 421.7 425.3 427.6 430.5 435.2 444.6 451 455.6 460.1 462.9 465.6 468.1 469.8 471.1 471.6 471.7 470.3 468.9 467.4 466 464 462.2 459.7 457 455.1 453.1 451.2 449.6 447.3 445.7 442.6 442.8 441.6 439.4 437.6 435.3 432.6 430 426.7 423.6 421
314.8 312 310.2 307.6 306 292.4 302.7 309.7 313.2 316.9 319.2 320.9 323.3 322.7 320.5 314.2 301.5 289.2 282.3 296.1 310.8 321.8 333.9 344.4 352.2 358 363.5 368.5 372.8 375.5 377.6 381.8 387.6 395.6 400.4 404 409.4 414.8 421 426.9 433.7 439.5 445.6 450.4 454.7 459.3 462.1 465.4 467.6 469.5 470.9 471.1 471.4 469.9 468.4 466.9 464.2 462 459.5 457.1 454.6 452.7 450.8 448.9 447.6 446.9 445.7 444.1 443.1 441.6 439.9 437.8 435.4 432.6 429.9 426.6 422.6 419.1
