app/static/ascii/SS78.asc
ncols 200
nrows 200
xllcorner 270000
yllcorner 180000
cellsize 50
[rows 0 to 49 of 200, columns 96 to 191 of 200]
10 9.8 9.6 9.3 9.1 8.9 8.8 8.6 8.3 8 7.5 7.5 7.7 7.1 7.1 6.8 6.6 6.3 6 5.7 5.2 5 5.3 5.6 5.8 6.1 6.3 6.8 6.6 7.7 8.6 7 13.2 10.2 9.5 9 9 9.4 9.9 9.9 10.1 10.4 10.7 11 11.4 11.9 12.4 16 26.2 43.1 69.1 94.8 114 135.2 146.7 149.7 152.3 153.7 149.1 148.1 140.4 124.3 100.8 98.2 96 94.1 91.8 89.5 87.7 84.5 82.5 76.8 69.5 60.4 52.6 66 80.2 78.1 72.5 69.5 60.4 51.2 44.6 44.1 44.7 47 48.2 50.1 50.6 53.6 50.8 50.3 50.4 60.8 73.8 87.2
9.8 9.6 9.6 9.5 9.3 9.1 8.9 8.7 8.4 8.2 7.7 7.4 7.7 7.7 7.2 6.9 6.6 6.3 6.1 5.8 5.6 5.5 5.5 5.6 5.8 6.1 6.5 7 7.4 7.5 6.3 8.6 9 9.4 16.7 9.5 9.2 9.4 9.5 9.5 9.6 9.9 10.2 10.6 11.1 11.7 12.2 13 23 32.9 53.1 74.3 95.5 111 118.1 121.3 124.3 127 122.8 121.4 112.3 97.2 80.9 88.6 88.4 85 81.4 78.3 72.9 68.5 68.7 66.3 57.6 50.2 51.5 59.8 65 62.8 58.6 52.2 42.2 41.1 41.4 42.4 43.6 44.5 45.6 47.4 47.7 48.4 48.9 53.1 67.8 77.5 89.9 106.3
10 9.6 9.6 9.7 9.4 9.1 8.9 8.8 8.5 8.2 7.9 7.5 7.7 7.5 7.4 6.9 6.7 6.4 6.3 6.1 6 5.9 5.8 5.6 6.1 6.7 6.9 7.4 7.8 6.4 12.7 7.9 8.2 8.6 8.8 14.7 9.3 9.2 9.1 9.1 9.3 9.6 9.9 10.3 10.9 11.5 11.4 12.7 18.2 26.1 33.8 54.4 72.7 89.1 97.3 95.8 97.2 97.9 97.3 96.7 85.3 77.5 73.4 83.1 84.9 81.4 76.5 72.8 62.1 51 49.3 46.2 43 40 42.5 45.7 48.2 48.8 45.9 41.4 40 40.1 40.9 43.2 45.4 45.8 46.4 47.4 47.3 52 62.2 73.2 82.9 93.8 107.7 122.1
10 9.9 9.3 9.3 9.2 9.2 9 8.8 8.5 8.2 7.9 7.5 7.4 7.2 7.1 7 6.9 6.8 6.7 6.5 6.4 6.3 6.2 6.4 6.7 7.4 7.4 6.3 8.8 7.9 8 7.6 7.8 8.1 8.3 8.5 9.1 8.9 8.8 8.8 9.1 9.4 9.6 10.1 10.6 10.9 12.1 13.5 19.4 21.9 26.6 34 50.1 64.5 74.2 75.8 76.4 75.3 74.1 72.5 63.3 63.6 58.7 70.7 71.5 73.4 69 57 51.1 36.2 31.5 31.6 32.3 33.3 34.3 34.7 34.6 35.7 37.1 37.2 41.4 46 53 58.7 58.4 53.9 48.1 52.8 59.5 66.8 73.4 84 96.5 108.5 120.7 130.3
10.3 10.1 10 9.8 9.6 9.3 9 8.7 8.5 8.2 7.8 7.5 7.4 7.2 7.1 7 7 7 6.9 6.9 6.8 6.8 6.7 6.7 7.1 7.6 4.8 7.9 7.8 7.5 7.2 9.3 7.7 8.2 8.5 8.4 8.3 8.6 8.5 8.6 8.7 8.9 9.3 9.9 10.3 11 11.8 12.8 15.4 19.5 23 27.1 33.2 41.3 55 60.2 62.1 59.5 52.5 41.7 39 43.4 33.1 42.3 50.8 51.7 59.3 36.4 29.7 30.8 30.7 30.4 36.9 41.1 39.8 36 32.7 34.7 37.3 44.8 47.9 54.6 62 68.2 69.1 65.8 54.5 52.4 60 68.2 75.5 83.8 94.1 108.8 119.3 132.1
10.2 10.1 9.9 9.6 9.7 9.4 9.1 8.8 8.5 8.1 7.7 7.4 7.3 7.2 7.1 7 7 7 7 7 7.6 7.3 -3 -3 -3 7.9 7.8 7.7 7.6 7.5 7.4 8 8.5 8.3 8.7 8.7 8 7.9 8 8.1 8.2 8.6 8.9 9.4 9.9 10.5 11.2 12.1 14.2 17.3 19.9 22.6 27.5 32.9 40.1 47.3 50.2 47.5 37.7 25.6 23.2 24.3 25.3 25.9 26.6 27.7 27.5 29 29.5 29.6 31 41.3 45.4 48.2 47.6 44.9 44.4 46.2 47.3 48.3 53.6 58.6 67.1 74.3 77.5 80.8 76.2 68.7 60.6 55.8 61.2 68.9 77.4 92.4 106.3 119.3
10.2 10 9.9 9.6 9.7 9.5 9.1 8.8 8.4 8 7.6 7.3 7.2 7.1 7.1 7 7 7.1 7.1 8.5 -3 -3 -3 -3 -3 7.6 7.6 7.5 7.4 7.4 7.3 7.9 8.5 8.1 8.8 8.8 8.1 7.7 7.6 7.6 7.4 7.8 8.4 8.9 9.5 10.1 10.9 11.8 13.4 15.4 22.3 19.4 24.4 27.7 33.6 38.4 40.7 34.8 21 23.7 23.9 24.8 31.4 32.9 29.9 28.3 28.6 32.7 31.9 43.1 45.6 46.1 47.4 50.5 50.7 49.3 49.7 51.6 53.7 54.5 55.6 61.7 68.9 76.6 83.6 92.3 94.5 91.5 86.2 80.3 65.6 62.6 70.9 79.2 90.6 102.7
10 10 9.9 9.6 9.5 9.5 9 8.5 8.1 7.8 7.4 7.2 7.1 6.9 6.9 6.9 6.7 -3 -3 -3 -3 8.5 7.6 7.6 7.4 7.4 7.3 7.3 7.2 7.2 7.2 7.7 8.3 8.9 7 8.8 8.6 7.7 7.4 7.3 7.2 7.7 8.3 8.9 9.5 10.4 11.3 12.1 12.9 14.7 15.8 23.7 21.2 24.4 28.2 31.3 32.3 22.2 22.6 23.6 24.4 33.8 42.7 44.6 42.7 43 49.1 51.4 52.5 51 50.5 50.8 51.9 54.2 54.6 54.5 56.3 57.7 59.2 61.9 64.4 64.1 67.1 76 87.1 98.3 105 106.5 107.7 104 96.1 80.4 67.1 68.4 72.8 82.5
10 10 10 9.7 9.4 9.6 9.1 8.6 8.2 7.9 7.8 7.3 7.1 6.9 6.7 6.6 -3 -3 -3 7.4 7.4 7.7 7.8 7.9 7.9 7.8 7.7 7.6 7.5 7.4 7.3 7.4 8.2 8.8 8.8 6.2 6.8 7.3 7.4 7.2 7.3 7.7 8.2 8.8 9.7 10.7 11.6 12.4 13.1 14.4 15.3 16.4 18.5 20.7 23.2 24 20 21.9 21.8 24.1 29.2 42.8 52.6 54.3 61 61.5 63.8 66.3 62.4 58.7 57.9 57.1 58.2 59.4 61 61 62.7 65.6 68 70.1 75 77.4 76.2 80.4 87.3 97.6 108.7 114.8 120.4 121.3 116 103.3 87.5 71.2 95.1 92.2
10.2 10.1 10 9.7 9.5 9.6 9.3 8.9 8.4 8.1 8.4 7.6 7.2 7 6.6 -3 -3 6.6 7.1 7.5 7.5 7.8 8 8.1 8.1 7.7 7.6 7.7 7.8 7.7 7.5 7.5 7.8 8.8 6.5 6.4 6.4 6.7 6.9 7.1 7.4 7.7 8.2 9 9.9 10.9 11.8 12.4 13.2 14.2 15.2 16.1 18.8 19.3 21.2 22.1 19.5 20.3 21.4 24.7 43.6 51.2 58.2 66.7 74.8 76.7 76.9 80.2 75.6 71.3 68.9 68.4 68 66.2 66.8 67.6 71.2 74.6 78.1 82.6 84.2 84.8 85.6 86.8 93.1 105.1 109.8 122 130.2 134.3 133.7 123.5 108 86.5 85.4 102.9
10.2 10.1 10 9.7 9.7 9.7 9.3 9 8.6 8.6 8.9 8.2 7.2 7 6.5 -3 5.6 6.8 7.4 7.5 7.4 8.3 8.3 8.3 7.7 7.1 7.3 7.6 7.7 7.7 7.7 7.6 7.7 7.8 6.9 6.9 6.8 6.9 7 7.1 7.3 7.7 8.2 9.1 9.9 10.8 11.7 12.5 13.2 14 14.9 15.9 16.7 21.8 19.1 16.4 18.8 19.6 21.6 36.6 49.1 56.9 63.6 70.9 77.1 83.3 88.3 90.6 83.9 80.4 86.7 90.7 88.6 77 76.7 81.1 87.1 90.9 92.5 93.2 93 93 93.9 97.9 105.4 115.7 120.4 127.1 136.7 144.4 148.1 141.4 124 98.5 83.6 106.7
10.3 10.2 10.1 9.9 9.9 9.8 9.4 9.3 9.4 9.7 9.7 8.6 7.7 7.1 -3 -3 6.7 7.2 7.5 7.5 7.5 8.4 8.5 8.2 7.9 7.5 7.2 7.5 7.7 7.6 7.6 7.4 7.1 7.4 6.7 6.7 6.8 7.1 7.4 7.4 7.3 7.7 8.3 9.2 9.9 10.7 11.5 12.3 13.2 14 14.8 15.8 16.5 23.1 17.4 16.9 18.2 19.1 25.9 44.8 54.4 62.6 69.5 78 86.7 94.2 97.7 98.8 94 92.2 95.9 100.7 101.9 99.6 89.1 92.1 101.4 102.2 101.5 101.8 103.7 107.6 112.3 114.9 121.6 127.4 138.2 145 146.1 155.7 161 159.1 136.8 109.1 86.9 101.6
10.4 10.3 10.2 10.1 10.1 10.1 10.2 10.3 10.5 10.9 10.3 9.3 8.3 7 -3 1.9 7.2 7.5 7.5 7.5 7.5 7.8 7.9 7.9 7.9 8 7.8 7.5 7.6 7.5 7.4 7.3 7.4 8 8.4 6.6 6.4 6.8 7.7 7.8 7.4 7.7 8.3 9.1 9.7 10.5 11.3 12.2 13.1 13.9 14.8 15.7 16.5 16.3 16.2 16.6 17.7 19.7 39.7 57.1 66.5 74 85.7 95 99.7 102.7 104.3 104.4 101.8 100.9 102.9 105.6 107.5 107.4 105.2 103 108.3 111.8 113.3 118 122.5 129 133.1 136 138.2 150.6 155.7 160.5 161.5 164.6 168 166.3 144.1 118.4 96.3 103.8
10.6 10.5 10.5 10.4 10.4 10.5 10.6 10.7 11 11 11 10.8 9.8 8.2 -3 -3 7.2 7.5 7.5 7.5 7.5 7.5 7.5 7.6 7.6 8.1 8.2 7.9 7.4 7.4 7.7 7.5 7.5 7.5 7.5 7.5 7.5 7 6.4 7.6 8.9 7.8 8.4 8.8 9.6 10.4 11.1 12 12.9 13.8 14.6 15.3 16 16.1 15.5 16.6 18.3 26.7 53.6 70.6 84.1 98 101 102.8 104 107 110.3 109.9 109.4 110.9 113.4 114.9 115.8 116.5 115.4 114.3 118.9 124.7 130.6 141.1 146.4 150.2 154.5 158.6 160.8 169.1 171.6 174.6 175.2 174.8 174.9 171.9 154.5 132.1 111.1 100.4
10.8 10.8 10.8 10.7 10.8 10.9 11 11.1 11 11.1 11.1 11.1 11 10.2 -3 -3 7 7.5 7.5 7.5 7.5 7.5 7.5 7.5 7.6 7.7 7.7 7.5 7.5 7.5 7.5 7.5 7.5 7.5 7.5 7.5 7.5 7.4 7.2 7.3 8.3 9.6 8.6 8.7 9.5 10.2 10.9 11.6 12.6 13.3 14 14.7 15.1 14.9 15.4 16.6 18.4 34.2 60.6 91.8 100.4 103.1 104.4 106.7 111 114.5 118.4 121.6 122.4 127.4 133 138.6 138.2 130.9 129 130.6 134.9 148.5 155.5 164.7 170.2 175.7 180 182.8 182.9 183.3 185.1 187.2 187 184.7 183.4 180.3 166.1 149.1 131.8 113.3
10.9 10.9 11 11 11.2 11.3 11.3 11.3 11.2 11.2 11.2 11.2 11.2 10.1 -3 -3 7.1 7.3 7.4 7.5 7.5 7.5 7.5 7.5 7.5 7.5 7.5 7.6 7.3 7.5 7.5 7.5 7.5 7.5 7.5 7.5 6.6 7.2 7.1 7.4 7.8 7.9 10.1 8.8 9.1 9.7 10.9 11.1 12 12.8 13.5 13.8 14 14.2 15.2 16.3 17.4 34.2 59.8 88.2 102.2 104.8 108.4 117 124.3 131 136.4 140.5 145.5 150.3 155.2 158.5 158.2 155.8 153.1 157.1 151 171 179.9 187 192.1 194.7 195.4 196.8 195.6 194.8 196.3 197.9 197.5 195.7 193.9 191.7 183 169.1 152.8 135.1
8.7 10.8 11.4 11.5 11.3 11.4 11.4 11.5 11.4 11.3 11.3 11.3 11.2 -3 -3 6.8 7.5 7.6 7.2 7.5 7.7 7.7 7.5 7.5 7.5 7.5 7.5 7.5 7.2 6.8 6.9 7.5 7.5 7.5 7.5 7.5 7 6.9 7.1 7.3 7.5 7.5 9.7 8.5 9.5 9.8 10.6 10.8 11.5 12.2 12.7 12.7 13 13.7 15 16.2 17.7 32.9 55.6 77.2 100.6 107 118.9 131.3 145.6 154.5 156.8 160.3 163.7 167.7 174.2 177.2 179.3 178.4 177.7 178.3 173.1 183.7 194.7 199.9 203.1 204.8 205 206.7 205.1 204.1 205.4 206.6 206.9 205.8 204.2 203.3 200.4 188.3 172.4 153.8
6.9 11 11.3 11.2 11.2 11.4 11.5 11.4 11.4 11.3 11.3 11.3 11.3 -3 -3 7.3 7.8 7.8 7.8 7.8 7.8 7.6 7.4 7.5 7.5 7.5 7.5 7.5 7.5 7.5 7.5 7 7.5 7.5 7.5 7.5 7.2 6.9 7 7.1 7.3 7.5 7.6 7.7 8.4 9.9 10.3 10.6 10.9 11.6 11.8 11.9 12.3 13 14.4 15.6 17.4 27 46.5 66.2 89 108.3 126.3 149.7 161.7 169.7 174.6 175.5 180 184.9 187.3 189.2 190.5 190.7 189 191.9 193.7 191.4 202.6 207.2 210.3 212.3 214 215.4 214 214.2 216.2 217.3 216.9 215.4 213.8 212.7 211.1 204.5 193.2 180
5.5 6.9 11.1 11.4 11.2 11.4 11.5 11 11.1 11.2 11.3 11.4 10.6 -3 -3 7.6 7.7 7.6 7.7 7.7 7.6 7.7 7.2 7.3 7.9 7.6 7.6 7.5 7.5 7.5 7.5 7.5 7.3 7.5 7.5 7 7 7 7 7.2 7.4 7.5 7.4 9.5 8.1 8.9 9.8 10.1 10.5 10.8 11.1 11.4 11.8 12.4 13.2 14.1 16.4 26.9 38.1 57 73.2 100.4 119.6 146.8 168.8 176.4 186.4 189.3 190.8 193.7 195.6 197.2 198.9 200 202.7 204.7 205.8 206.2 208.6 213 216 218.6 220.5 221.6 223.5 224.2 223.9 224.4 224.8 223.3 223.2 224 224.9 221.2 212.4 200.8
3.6 4.6 10.6 11.2 11.2 11.4 11.5 11.6 11.6 11.3 11.3 11.3 7.2 -3 4.8 7.5 7.6 7.4 7.7 7.6 7.4 7.5 7 7.4 6.9 7.6 7.5 7.5 7.5 7.5 7.5 7.5 7.5 7.5 7.5 6.4 6.7 7.1 7.1 7.3 7.5 7.5 6.9 7.2 6.4 8 9.2 9.8 10.1 10.4 10.4 11.2 11.4 11.9 12.2 13.3 15.4 24.7 35.6 49 62.5 86.7 110.5 137.5 165.4 178.9 191.3 194.7 197.2 199.8 201.4 203 204.7 206.3 208.5 210.7 211.9 213.3 214.3 217.2 219.5 222.2 225.1 228.1 230.8 230.8 230.5 229.6 230.6 232.3 234 235.4 235.2 232.7 228.8 221.9
3.3 3.3 5.3 12.4 11.9 11.6 11.9 11.7 11.6 11.4 11.2 11.1 -3 -3 7.2 7.3 7.6 7.2 7.5 7.6 7.2 7.5 7.2 7.5 7.5 7.5 7.5 7.5 7.5 7.5 7.5 7.5 7.5 7.5 7.5 6.7 7.1 7.3 7.3 7.4 7.5 7.5 7.3 7.2 10.3 7 7.6 11.3 9.6 10 10.3 10.5 10.9 11.3 11.6 12.9 16.2 22.1 25.1 44.2 54 70.6 99.9 125.5 154.7 177.5 192.1 197.7 200.8 203.6 204.6 206.8 209.1 210.2 212.3 214.8 216.4 217.4 218.5 220.6 222.7 225.4 228.2 231.4 235.9 235.5 235.4 235.1 236.4 239.2 240.9 242.6 242 240.5 238.1 234.1
3.3 3.3 3.3 6.2 13.1 12.7 12.1 11.8 11.6 11.4 11.1 9.9 -3 -3 6.8 7.3 7.5 7.5 7.5 7.5 7.5 7.5 7.5 7.5 7.5 7.5 7.5 7.5 7.5 7.5 7.5 7.5 7.5 7.5 7.5 7.5 7.5 7.5 7.5 7.5 7.5 7.5 7.5 7.5 7.2 11 7.4 8.3 9.1 9.7 9.7 9.8 10.2 10.6 11.1 12.9 16 21.2 29.7 38.9 47.4 63.8 90.3 117.5 148.3 173.6 190.4 197.7 202.4 204.6 205.4 208.5 211.2 213.6 215.5 217.8 219.5 221.3 222.1 223 224.5 227.2 230.5 234.2 237.7 239.2 238.9 238.3 239.6 242.8 245.7 246.8 246.6 245.3 243.5 240.7
2.3 2.1 2.4 3.9 10.8 13.2 11.9 11.7 11.5 11.4 10.9 5.9 -3 -3 6.7 6.8 7.5 7.5 7.5 7.5 7.5 7.5 7.5 7.5 7.5 7.5 7.5 7.5 7.5 7.5 7.5 7.6 7.6 7.5 7.5 7.5 7.5 7.5 7.5 6.9 6.8 7.5 7.5 7.5 7.6 8.1 8.1 8.7 9.1 9.5 9.3 9.6 9.3 9.6 10.4 12.2 15.6 19.7 25.4 35.7 47.7 60 80.2 113.7 138.2 166.9 189.8 196.3 200.5 203.3 206.4 209 211.6 214.1 216.3 218.9 221.2 222.3 222.7 223.7 225.1 228.2 231.4 235.2 239.1 240.9 240.8 240.6 241.7 245 247.8 248.8 249.2 248.6 246.9 244.3
0.9 0.8 1.4 3 5.3 13.8 11.5 11.4 10.6 5.1 5.6 1.9 -3 -3 6.6 6.7 7.3 7.5 7.5 7.5 7.5 7.5 7.5 7.5 7.5 7.5 7.5 7.2 7.9 7.9 7.9 7.8 7.7 7.5 7.5 7.5 7.5 7.5 7.5 7.5 7.5 7.5 7.5 7.6 7.8 8.1 10.7 10.8 7.7 12.2 9.6 9.4 9 9.1 9.9 11.3 14.7 18.4 22.9 31.6 44.2 57.5 80.4 112.9 134.1 161.2 179.3 180.1 188.1 203.5 206.5 208.3 210.7 213.4 216.1 218 220.2 221.9 222.6 223.5 225 228 231.6 235.4 239.3 242 242.7 243.3 244.2 246 248.3 250.5 251.5 251.1 249.7 247.2
-0.5 -0.5 0.3 2.3 3.4 9.9 5.5 3.7 3 2.1 0.9 -0.4 -3 -3 6.9 6.8 7.1 7.5 7.5 7.5 7.5 7.5 7.5 7.5 7.1 8.3 7 7.1 8.4 8.4 8.2 7.9 7.5 7.6 7.4 7.5 7.5 7.5 7.5 7.5 7.5 7.5 7.5 7.6 7.7 7.9 10.3 10.4 7.9 7.8 12.3 9.1 8.7 9 9.5 10.3 13.7 16.2 19 32.5 40.9 55.1 79.4 113.5 131.8 153.2 172.8 178.7 180.1 201.9 203.8 206 209 211.9 213.5 215.9 217.1 218.6 219.6 220.6 223.3 226.4 230.1 234.7 239.1 242.8 243.6 244.1 245 246.7 249.3 251.4 253.3 253.2 251.4 248.9
-1.9 -1.7 -1.1 0.9 1.8 2.1 1.4 0.4 -0.7 -3 -3 -3 -3 -3 9.5 9.4 6.8 7.5 7.4 7.5 7.4 7.9 7.2 7.3 7.3 10 11.7 8.4 8.6 8.4 8.1 7.8 7.9 7.8 7.4 7.3 7.1 7.5 7.5 7.5 7.5 7.5 7.5 7.6 7.5 7.5 7.4 7.5 10.1 7.7 7.5 10.8 8 8.4 8.9 9.3 10.8 13.3 15 26.9 37.8 51.4 73.7 103.2 125.4 145.1 166.5 178 180.4 198.3 200.3 201.8 205.2 208.5 210.5 211.4 212.2 211.5 211.9 215.5 220.3 224.6 229.3 233.8 238.2 242.4 244.3 245.2 245.7 247.4 249.7 252.7 254.9 255 253.1 250.6
-3 -3 -3 -3 -3 -0.9 -3 -3 -3 -3 -3 1.5 4.2 10.9 10.3 8.7 8 7.7 7.6 7.8 8 8.5 8.3 7.5 10.7 12.5 9.8 9.1 8.5 8.2 7.9 7.6 7.6 7.8 7.9 7.5 7.7 7.7 7.3 7.3 7.5 7.5 7.5 7.4 7.4 7.5 7.5 7.6 7.8 9.6 7.6 10.7 7 7.3 7.5 8 8.9 10.6 12 19.2 34.5 45.7 62.3 85.4 115 134.8 154.3 168.1 176.5 192.3 190.8 183.6 189.4 196 198.5 198 196.3 188 192.9 212.1 218.7 223.5 228.3 233 237.5 242 244.4 245.7 246.5 247.8 249.8 252.8 255.9 256.3 253.9 251.2
-3 -3 -3 -3 -3 -3 -3 2.4 7.5 7.7 8.8 10.2 13.7 9.3 9.8 8.9 8.4 8.2 8.2 8.4 8.7 9.1 9.7 14.6 12.3 10.5 9.8 8.8 8 7.7 7.4 7.4 7.4 7.5 7.8 7.8 7.8 7.6 7.4 7.3 7.5 7.5 7.5 7.8 9 7.5 7.6 7.8 8.2 8.7 9.5 7.7 13.4 5.9 6.2 6.8 7.8 9.3 11.7 15 28.3 35.4 52.3 67.5 99 120.1 139.6 156.5 163.9 175.3 171.9 156.2 159.6 168.1 175.5 178.4 171.5 176.7 206 214.5 219.3 223.3 227.7 232.2 236.8 241.5 244 246 246.3 246.5 249 251.8 255.2 256.1 254.2 251.2
-3 -3 -3 -3 -3 -3 7.5 7.6 7.5 8.5 9.1 10.4 4.5 4.5 7 9.1 8.8 8.8 8.8 9 9.3 9.5 9.6 9.6 9.5 9.7 9.7 9.2 8.5 7.7 6.9 7 7.1 7.2 7.5 7.7 7.9 7.8 7.6 7.5 7.5 7.2 7.5 7.5 7.8 7.8 9.8 8.9 8.3 8.8 8.5 9.1 7.8 10.8 6.1 6.7 7 8.3 11.1 14.5 18.7 32.9 38.1 54.7 67.3 99.8 118.1 131.1 138.3 143.2 138.7 133 134.7 138.9 142 146.7 151.2 178 208.4 215.3 219.7 223.6 227.6 232.6 236.5 240.3 243.4 245.2 245.5 245.8 246.4 249.1 252.2 254.4 253.6 251.1
7.8 3.2 2.9 2.7 2.5 2.5 3 3.3 3.3 7.4 8.4 4.5 4.5 4.5 8.9 9 9.1 9.2 9.3 9.4 9.5 9.5 9.4 9.5 9.3 9.5 9.6 9.7 9.7 10.4 10 9.7 9.4 7 7 7.1 6.9 7.2 7.5 7.8 7.7 7.6 7.4 7.3 7.5 7.7 7.8 7.9 9.3 8.7 7.8 7.6 8.3 5.4 10.3 6.8 6.5 7.2 10 13.1 16.9 19.5 36.1 38.9 53.7 68.6 93.5 105.2 117 116.9 110.3 110.4 111.3 116.8 127.7 140.7 166.3 190.9 209.4 215.9 219.4 223.2 226.9 232 235.1 238.2 241 243.7 244.7 244.8 244.8 246.1 249 250.3 251.1 249.6
-3 -3 0.3 0.4 0.6 0.9 1.7 2.5 3.3 5.6 7.7 5.4 4.9 6.8 8.3 9.1 9.5 9.6 9.6 9.4 9.5 9.5 9.4 9.3 9.2 9.2 9.3 9.4 9.7 10.2 10.5 10 10.1 10.2 10.2 9.8 7.3 6.9 7.2 7.8 8 7.9 7.5 7.4 7.6 7.7 7.9 8.1 8.6 8.2 7.6 7.4 8.5 7.7 15.3 6.5 6.4 6.7 8.9 11.7 14.6 18.1 28.7 35.9 37.6 53.1 67 87.8 95.8 94.1 90.7 104.9 119.4 128.2 141.4 161.6 180.1 201.5 209.9 216.1 219.6 223.3 226.7 230.5 233.8 236 238.8 241.4 243.4 242.8 242.2 241.5 244.3 246.9 248.2 247.7
-3 -3 -3 -1.7 -1.2 -0.5 0.3 1.3 2.6 1.8 7.3 9 5.8 6.3 8.6 9.1 9.6 10 9.8 9.6 9.4 9.4 9.3 9.2 9.1 8.9 9 9.1 9.2 9.4 9.7 9.7 9.7 9.9 10 10.1 10 11.1 10.9 8.1 8.4 8 7.6 7.4 7.6 7.6 7.8 7.5 8.4 8.3 7.7 7.4 8.6 9.4 8.8 9.4 6.1 6.7 7.7 10 12.5 16.5 19.9 26.5 35.3 38.5 51.8 64.2 79.8 80.1 90.1 105.4 124.7 141.4 165.1 185.5 197.3 204.5 210.4 216.6 220.1 223.2 226.5 229.7 232.1 234.1 236.5 238.8 240.5 240.5 239.4 239.5 240.5 242.5 243.5 243
-3 -3 -3 -3 -3 -1.8 -0.8 0.5 1.8 3.1 5.6 7.7 5.5 6.5 8.2 8.5 9.4 9.8 9.6 9.4 9.2 9.2 9.1 9 8.9 8.7 8.7 8.9 9 9.1 9.1 9.3 9.5 9.8 9.7 9.8 9.8 9.4 9.5 11.5 11.6 8.3 7.7 7.4 7.5 7.5 7.7 8.1 8.4 8.3 7.9 7.7 7.7 9.2 10.1 9.1 5.6 6.5 6.9 8.7 10.9 13.9 18.1 23.5 26.5 37.3 39.3 51.6 62.3 71.9 89.3 113.4 131 155.8 183.3 193.1 200.6 206.3 211.8 217 220.8 223.6 226.4 229.1 231.2 232.8 234.1 235.3 236.7 237 236.5 236.5 236.2 236.5 236.9 235.5
-3 -3 -3 -3 -3 -3 -1.6 -0.3 1 2.2 1.3 7.4 5.2 7.8 7.5 8.5 9.5 9.6 9.5 9.3 9.2 9 8.8 8.7 8.6 8.6 8.7 8.7 8.8 8.9 9.1 9.3 9.4 9.7 9.5 9.6 9.3 8.7 8.8 12 15.3 7.5 7.2 12.6 7.1 7.4 7.4 7.8 8.1 7.9 7.7 7.6 7.5 7.4 13.6 9.2 8.8 5.8 6.2 7.3 9.4 11.4 15.3 18.2 24 29.7 37.8 43.4 55.4 73.3 91.7 115.4 132.7 153.5 178.3 192.3 200.9 206 211.5 217 220.6 223.3 225.9 228.3 229.7 230.9 231.7 232.4 232.5 233.2 232.8 230.9 229.4 229.8 231 228.8
-3 -3 -3 -3 -3 -3 -3 -1.2 0.2 1.4 2.7 4 5.8 7.6 8.3 9 9.4 9.4 9.4 9.2 9.2 9.1 8.8 8.4 8.5 8.7 8.8 8.7 8.7 8.9 9.1 9.2 9.4 9.6 9.6 9.5 9.3 9.1 8.9 9 8.7 8.2 7.9 7.5 7.1 12.5 7.2 7.3 7.6 7.6 7.6 7.5 7.4 7.5 9.2 7.9 8.5 6.2 6.3 6.8 8.2 10.2 12.8 17.1 21.7 27.3 33.2 39.4 45.7 61.7 80.5 95.5 122.6 141.9 165 185.2 197.7 204 210.1 215.6 219.6 222.5 224.7 226.5 227.5 228.2 228.9 229.7 229.7 229.5 227.1 215.6 215.2 222.9 225.1 224.6
-3 -3 -3 -3 -3 -3 -3 -2.2 -0.9 0.5 1.9 3 7.5 8.2 8.6 9.2 9.6 9.4 9.4 9.2 9.1 9.1 9 8.8 8.8 8.8 8.9 8.8 8.8 8.9 9.1 9.2 9.4 9.6 10.1 10.3 9.9 9.5 9 9 8.5 8.6 8.5 8 7.6 7.4 7.5 12.6 7.1 7.4 7.5 7.4 7.3 7.7 8.7 7.2 8.1 7.8 6.6 7.3 8 9.5 12 15.5 19.3 24.6 29 31.7 39.5 50.9 68.2 83.4 113 131.1 149.8 169.9 189.1 200.3 206 212.9 217.7 220.4 222.1 224 225 225.6 226.1 226.5 226.5 225.6 222.2 204.1 185.7 202.8 215.4 219.1
-3 -3 -3 -3 -3 -3 -3 -3 -1.9 -0.6 0.8 2.4 3.6 7.9 8.4 9.2 9.7 9.5 9.4 9.2 8.7 8.5 8.6 8.9 8.9 8.9 8.9 8.9 8.9 9 9.1 9 9.4 9.6 10.7 11.8 10.9 9.5 9.1 8.9 8.5 8.5 8.5 8.1 7.7 7.7 7.8 7.7 7.2 12.8 11.3 7.3 7.3 8.6 8.6 7.3 7.6 8.1 6.4 7 7.7 8.7 11 13.4 17 20.5 24 26.1 28 39.9 56.4 73.8 98 120.6 134.4 148.6 173.6 188.5 200 208.5 214.3 216.9 218.2 219.7 221.2 222.1 222.9 223.3 223.1 221.6 218.7 204.8 176.8 171.9 192.5 207.1
-3 -3 -3 -3 -3 -3 -3 -3 -3 -1.6 -0.2 1.5 1.2 7.5 8.1 8.6 9.5 9.6 9.4 9.3 8.9 8.4 8.3 8.8 8.8 8.8 8.8 8.8 8.9 9 9.1 9.1 9 8.7 13.4 11.7 13.3 18.1 16.3 8.8 8.4 8.3 8.3 8.1 7.8 7.8 7.8 7.5 7.3 7.4 7.3 12.3 7.2 8.3 7.1 7.5 7.2 7.7 7.1 6.6 7.2 8.3 9.3 11.4 13.8 16.8 19.4 20.7 22.5 33.6 40.3 61.6 79.4 102.5 118.7 134.9 151.6 171.8 188.8 201.1 208.2 211 212.2 214 215.4 216.8 218.5 219.8 219.5 216.6 210.2 201.8 178.2 148 165.3 187.4
-3 -3 -3 -3 -3 -3 -3 -3 -3 -3 -1.3 0.7 2.9 6.7 7.7 8.1 9 9.6 9.5 9.3 9 8.7 8.4 8.6 8.7 8.7 8.7 8.8 8.9 9 9.1 9.2 9.1 8.9 8.7 8.6 8.7 14.6 19.8 8.9 8.6 8.5 8.3 8.6 7.5 7.8 7.9 7.5 7.4 7.3 7.1 6.9 10.3 7.8 7.4 6.5 8.2 7.5 7.8 6.4 6.9 7.5 7.8 9.1 11 13.1 15.4 16.8 18.6 22.7 38.2 47.2 63.7 78.4 101.4 117.5 133.8 153.1 174.6 189.9 197.8 201.2 202.2 204.8 206.8 208.2 211.8 211.9 203.1 190.2 182 177.1 161.5 137.7 129.6 165.9
-3 -3 -3 -3 -3 -3 -3 -3 -3 -3 -3 -0.2 1.8 3.6 7.9 8.1 9.1 9.2 9.4 9.4 9.3 9.1 8.7 8.4 8.6 8.5 8.5 8.8 9 9 9.1 9.2 9.2 9.1 9.1 8.9 8.8 8.9 8.9 8.8 9.1 8.4 9.5 7.5 7.3 7.7 7.7 7.4 7.3 7.1 6.9 7.1 7.2 7.6 7.5 7.1 7.4 7 7.4 6.7 6.7 6.7 6.5 7 8.9 10.8 12.3 13.8 15.3 19.2 25.6 40.9 49.1 61.5 77.3 97.7 117.7 136 154.8 170 179.4 181.4 181.9 182.5 184 184.3 189.2 185.3 173.8 159.5 148.7 142.7 135.8 122.3 118 146.8
-3 -3 -3 -3 -3 -3 -3 -3 -3 -3 -3 -1.5 0.6 2.9 7.5 8.5 8.6 8.6 9 9.3 9.5 9.3 9.2 9 8.7 8.4 8.6 8.8 9 9.1 9.1 9.2 9.2 9.2 9.1 9 8.8 8.8 8.9 9 9.5 9.7 12.1 7.4 7.4 7.8 7.5 7.3 7.4 7.2 7.3 7.6 7.2 10.9 7.4 7.1 7 9.6 7.1 7.4 6.7 6.5 6.3 6.2 6.6 8.7 9.7 11 12.4 15.3 22 31.2 40.9 48.8 64.2 82.7 104 119.2 132.2 143.2 156 157.9 158.7 159.5 158.5 155 156.8 153.7 141.5 125.7 117.2 112 105.8 97 110.5 122.6
-3 -3 -3 -3 -3 -3 -3 -3 -3 -3 -3 -3 -0.8 1.4 4.5 8 8 8.3 8.6 8.9 9.2 9.2 9.1 8.9 8.6 8.7 8.8 8.9 9.1 9.1 9.2 9.2 9.2 9.1 8.9 9.1 7.5 6.8 8.7 5.6 10.8 13.1 8.7 8 7.7 7.3 7.4 7.3 7.3 7.4 7.7 7.7 6.9 6.1 7.2 7.2 6.9 6.5 6.7 7.2 6.9 6.6 6.4 6.2 6.8 7.5 8.6 9.3 10.7 13.1 18.1 25.7 33.3 40.6 52.6 69 87.7 100.5 111.1 123.1 132.5 137.1 142.5 141.3 136.5 131.5 129.7 124.2 111.1 103.9 93.6 90.4 81.5 79.2 86.8 95.2
-3 -3 -3 -3 -3 -3 -3 -3 -3 -3 -3 -3 -3 0.1 2.7 9.1 7.7 7.8 8.1 8.4 8.7 9.1 9 8.8 9 9 9.1 9.2 9.1 9.1 9.1 9 8.9 8.5 7.8 8.8 9 8.5 8.3 11.5 13.6 11.4 9.6 8 7.7 7.3 7.2 7.2 7.3 7.4 7.7 7.5 6.8 6.2 10.3 7.8 7.2 6.5 9.1 6.8 7.3 6.6 6.4 6.2 6.9 7.4 7.5 8.1 9.3 11.6 14.8 18.4 25.6 33.5 39.9 53.4 66.2 82.2 96.3 106.7 115.3 122.4 129.9 130.6 123.5 114 110.7 102.8 90.7 82.4 75.3 72.9 74 78.7 83.6 90
-3 -3 -3 -3 -3 -3 -3 -3 -3 -3 -3 -3 -3 -1.1 1.8 5.8 7.7 7.7 7.8 8 8.3 8.7 8.9 9.1 9.2 9.3 9.4 9.3 9.1 9 8.9 8.8 8.7 8.4 8.8 9.4 9.1 8.8 9.4 14.5 11.2 10.7 9.7 7.6 7.2 16.5 11 7.1 7.2 7.3 7.4 7.4 6.7 6.3 6 6.9 7.3 7 6.6 6.6 7.1 7 6.5 6.4 6.9 7.3 7.4 7.1 8.4 9.7 12 15.4 19.7 24.9 35.1 39.2 54.9 69.2 83.1 91.1 100.7 110.2 118.1 120.3 110.3 92.1 85.2 78.6 68 58.7 65.1 75.3 80 84.3 100.4 113.3
-3 -3 -3 -3 -3 -3 -3 -3 -3 -3 -3 -3 -3 -3 1.1 4.7 7.8 7.7 7.8 7.9 8.1 8.6 9.1 9.3 9.5 9.6 9.7 9.4 9.2 9 8.5 8.6 8.6 8.4 8.6 9.1 9 14.4 15.2 10.9 10.7 9.8 7.6 7.8 7.4 7.5 11.2 7.1 7.5 7.5 7.2 7.2 6.7 6.3 6.1 9.2 7.6 7.2 7.2 7.3 7.3 7.1 6.6 6.6 6.9 7.3 7.2 6.9 7.9 9.1 10.1 12.7 15.5 18.9 23.7 37.5 42.1 57.2 65 74.6 84.3 98.4 108.7 111.7 95.7 78.5 68 58.7 53.4 63.8 74.1 90.1 93.7 102.9 116.6 129.5
-3 -3 -3 -3 -3 -3 -3 -3 -3 -3 -3 -3 -3 -3 0.8 3.2 8.5 7.8 7.7 7.8 8.1 8.5 9.2 9.5 9.7 9.8 9.7 9.4 8.9 8.4 8 8.1 8.4 8.3 8.3 9.3 13.2 18.6 15.9 12.1 12 9.5 9.8 7.5 7.4 16.5 15.4 11.1 7.7 7.5 7.3 7 6.8 6.5 6.2 6 6.7 7.7 7.7 7.7 7.4 7.1 6.8 7 7.2 7.4 7.2 6.2 7.3 8.4 9.4 10.4 12.3 14.8 18.1 21.8 37.3 42.6 52.5 59.7 67.5 81.1 94.4 97.6 79.8 64.6 48.9 55.6 68.6 73.7 87.6 101.4 109.3 125.5 141.6 151.2
-3 -3 -3 -3 -3 -3 -3 -3 -3 -3 -3 -3 -3 0.5 2.8 3.3 7.9 7.9 7.9 7.9 8.1 8.5 9.2 9.7 9.8 9.8 9.7 9.4 8.8 8.1 7.4 7.6 7.9 8.3 8.3 8.9 22.1 22.1 15.5 14.7 13.7 12.6 8.2 7.1 13.7 14.2 14.6 14.2 7.4 7.3 7.1 6.9 6.6 6.5 6.4 6.2 10.2 7.3 7.4 7.6 7.6 7.2 6.9 7 7.1 7.3 7.6 6 6.8 7.6 8.4 9.3 10.7 13 15.2 15.8 21.4 36.2 40.1 46.7 53.4 65 76.7 79.8 64.1 43.2 56.3 71.7 79.2 91.8 104.5 117.1 129.5 145.4 163.9 175
-3 -3 -3 -3 -3 -3 -3 -3 -3 -3 -3 -3 -3 3.3 3.3 7.7 7.8 7.8 7.9 7.8 7.9 8.2 8.9 9.5 9.7 9.8 9.1 8.8 8.1 7.4 6.8 7.3 7.7 8.4 8.4 14 11.5 17 16.2 14.8 14.6 13.6 13 12.1 12.1 11.2 9.3 7.9 7.4 7.2 6.9 6.7 6.5 6.4 6.4 6.6 6.1 10.1 7.3 7.2 8.1 7.3 6.9 6.9 7.1 7.2 7.5 6 6.8 7.2 7.5 8.2 9.7 11.5 13.7 14.5 17.1 28.4 35.4 40.8 44.6 50.4 58.9 60.3 42.2 50.7 72.3 83.3 93.3 110.1 121.7 133.7 148.4 163 176.7 189.8
-3 -3 -3 -3 -3 -3 -3 -3 -3 -3 -3 -3 -3 0.3 1.9 3.3 7.7 7.9 7.9 7.8 7.7 8.1 8.5 9.2 9.5 9.3 8.6 8.2 7.2 6.5 6.2 5.9 8.3 8.6 13.6 14.6 16 17.6 17.7 16.2 15.9 15.7 15 15.4 15.5 15.5 15.5 15.5 13.9 7 6.8 6.6 6.4 6.5 6.3 6.6 6.4 6.2 9.7 7.6 7.6 5.9 6.9 6.8 7 7.1 7.4 6.9 6.7 7.3 7.5 8.2 9.2 10.3 12.4 14.3 17 20.5 31.8 34.4 42.1 43.1 43.6 42.2 41.9 59.9 80.2 91.5 107.7 121.3 129.8 141.7 156.7 171.7 183.3 192.8
-3 -3 -3 -3 -3 -3 -3 -3 -3 -3 -3 -3 -3 -1.1 0.7 2.7 7.8 7.8 7.9 7.8 7.9 8.1 8.4 8.9 9.2 8.8 8.2 7.5 6.1 5.9 5.9 8.9 8.6 8.6 14.4 15.6 17.4 18.1 17.8 17.6 16.7 16.6 16.7 16.5 16.3 16.1 16.2 16.5 13.2 7 6.8 6.6 6.6 6.9 6.6 6.2 6.1 6.1 6.1 8.8 8.2 8.6 6.8 6.5 7 7.1 7.4 7.6 7 7.4 7.6 8.3 9.1 10.3 13 14.5 16.9 20 22.4 33.5 36.9 39.7 35.8 37.3 44.8 61 77.6 92.9 108.9 123.3 130.9 144 160.2 173.4 184.6 192.8
