app/static/ascii/SS81.asc
ncols 200
nrows 200
xllcorner 280000
yllcorner 110000
cellsize 50
[rows 105 to 139 of 200, columns 0 to 77 of 200]
176.1 177.5 178.3 179.2 179.7 179.6 178.7 176.7 176.4 177.4 178.7 180.1 181.9 182.8 183.3 182.8 181.3 179.5 178 176.1 174.1 171.9 169.6 166 163.7 158.6 161.2 168 170.9 172.6 173.7 174.7 175 174.5 173.1 169.8 166.9 164 159.8 157.1 160.7 164 168.8 169.6 167.8 162.9 173.6 182 186.3 188.1 189 189.4 190.6 190.3 190.3 190 191.3 192.9 193.8 194.5 194.9 195 194.9 195.3 196.3 197.4 198.4 199.3 199.9 200.9 201.8 203.3 204.5 205.4 206 206.6 207.4 208.2
176.9 178.6 180.2 180.7 181.3 181.5 180.8 180 179.1 179.5 180.4 181.5 183.3 184 184.5 184.1 182.7 181.2 179.4 177.7 176 174.4 173.1 171.6 167.1 156.1 166.8 172.2 174.7 176.8 177.9 178.2 177.8 177 175.7 174.1 174.4 173.5 170.7 167.5 163.3 160.2 158.7 158.8 165.1 175.7 182.2 185.9 188.9 191.1 191.9 192 191.6 190.6 188.3 188.3 190.6 192.5 193.8 194.6 194.1 194 193.4 193.2 194.3 195.4 196.5 197.4 198.4 199.5 200.5 201.7 202.7 203.6 204 204.4 205.1 205.9
177.3 178.9 179.8 181.2 182 182.5 182.6 182 181.8 182.3 183.2 184 185.1 185.8 186.4 186.1 185.2 183.9 182.2 180.5 178.9 177.4 176.2 174.3 167.9 162.3 171.9 175.5 177.5 178.9 180.2 180.1 179.7 179.1 178.5 178.5 178.9 179.1 178.6 176.9 173.8 171.9 166.5 160.3 171.9 179.7 184.6 187.6 191 193.5 194.5 194.1 192.8 190.6 187.8 185.9 189.8 192.5 194 193.7 193.1 192.4 190.6 190.5 191.7 193 194.2 194.9 195.7 196.9 198.1 199.3 200.4 200.8 201.3 201.7 202.2 203.1
174.7 176.8 178.6 180.2 181.5 183.1 183.8 184.1 184.2 184.9 185.5 186 187 187.7 188.3 188 187 186.1 185 183.3 181.5 179.6 178.4 176.7 171 162.6 173.9 177.3 179 179.9 180.8 180.4 180.9 181.1 180.9 181.5 182.5 182.4 181.9 180.4 179.4 177.7 174 166.3 169 177.1 181.5 185.2 189.1 192.4 194.4 194.3 192.5 189.6 184.5 177.4 182.2 186.1 189.4 191.2 191.3 189.8 187.7 187.1 188.8 190.3 190.8 190.8 192.2 193.5 195.3 196.8 197.8 198.3 198.6 199.1 200 202.1
169.7 171.7 175.4 177.7 180.6 182.1 183.7 184.9 185.7 186.8 187.4 188 188.9 189.3 189.4 189.2 188.4 187.5 186.2 184.3 182.6 180.7 179 177 173.9 164.4 170.4 176.3 177.9 178 178.4 179.8 180.9 182.1 183.1 183.8 184.4 184.6 184.5 183.6 182.4 181.5 178.9 172.7 164.4 169.9 173.7 179.8 184.2 187.1 188.7 189.2 187.1 182.1 177.6 181.3 183.4 182.2 179.2 180.5 182.3 180.5 185.1 186.2 185.6 186 186.4 186.3 188.1 189.8 192.8 194.2 195.4 195.9 196.2 197.2 199.3 201.7
168.5 169.5 171.2 175.7 178.6 181 183 185.2 186.1 186.8 187.9 189.4 190.3 190.5 190.4 190.2 189.7 188.5 186.8 184.7 182.8 180.8 178.7 176.3 172.2 168 168.1 173 174.5 177 179 180.9 182.2 183 184.2 185.1 185.7 186 185.9 185.9 184.7 182.8 179.8 174.5 165.5 169.5 167.9 170.8 178.4 181.1 178.9 177.1 174.8 179.1 184.2 189.8 190.3 189.8 186.4 185.5 187.4 188.6 191 191.7 190.4 189.8 190 190 189.7 188.2 188.7 191 193.3 193.7 194.8 196.6 199 201.3
174.8 175.8 174.7 175.6 178.5 180 182.3 184.5 185.7 186.9 188.4 189.8 190.8 191.1 190.9 190.7 189.7 188.3 185.8 184 181.3 178.7 175.3 171.2 169.8 169.2 169.4 173.2 177 180 181.8 183.4 184.3 184.6 185.2 186.4 187 187.4 187.4 186.2 185.2 182.8 179.8 174.2 169 177 176.6 172.5 169.1 171.2 175.2 181 183.5 186.9 190.1 192 191.9 191.2 187.3 189.2 191.4 192.8 194.2 194.5 193.7 193.5 193.5 193.4 192.7 192 191.3 190.1 190.6 193 194.5 196.8 199.1 201.5
180.2 180.5 179 179.1 180.1 180.4 181.2 183.3 184.8 186 187.8 189.2 190.3 191 191 190.7 189.4 188 185.2 182.1 178 175 175.4 176.5 176.5 175.1 173.5 177.6 180.6 183.1 184.7 185.9 186.2 186.4 186.8 187.7 188.2 188.5 187.7 186.5 184.8 182.3 178.9 171.5 173.9 179.9 180.2 179.3 177.2 177.8 183.7 187.2 189.7 191.4 192.6 193.4 193 192.2 188.9 189.4 192.5 194.2 195.3 196.4 196.7 196.4 195.9 195.2 194.5 193.8 193.3 192.8 192.1 193.2 194.4 197 199.9 202.2
182.4 182.8 182.7 183.4 183.7 184.1 184.6 184.6 184.5 185.1 186.9 188.7 190.1 191.1 191.2 190.7 189.5 188.2 185.3 181.1 179.1 180.8 181.3 181.6 181.4 179.8 177.5 181 183.9 186 187 188.2 188.3 188.3 188.5 189.1 189.1 189.1 187.9 186.8 185.1 182.3 179 171.1 179.1 182.2 182.7 182.6 183.7 184.6 187.2 189.7 192.1 194.1 194.7 195 194.1 192.6 190.2 189.4 191.9 194.4 196.2 197.2 197.7 198.1 197.7 197 196.3 195.6 194.8 194 193.2 193.9 195.4 197.4 200.8 203
183.8 184.9 186.1 186.4 186.9 187 186.7 186.5 186.4 186.8 186.9 188.9 190.1 191.3 191.5 190.9 190.1 188.9 186 182.7 185.3 186.5 186.4 186.4 185.9 184.4 182.2 183.2 186.7 188.7 189.4 190.5 190.5 190.5 190.5 190.3 190.1 189.2 188.1 187 184.9 182.2 176.7 173 175.8 181.5 182.6 183.6 184.2 185.5 187.8 190.5 193.5 195.7 196.8 196.9 196 194.5 191.9 191.3 191.6 194.5 196.8 197.8 198.4 198.9 199.4 198.5 197.3 196.3 195.5 194.9 194.3 194.9 196.9 199.3 202.2 203.9
183.6 185.3 186.4 187 187.9 188.5 188.6 188.4 188.6 188.6 188.5 189.2 190.3 191.4 191.6 191.1 190.3 188.3 185.8 187.8 190.4 190.1 190.4 190.2 190.5 189 186.9 186.6 189.9 191.3 192.2 192.6 192.3 191.9 191.4 191.1 190.5 189.3 187.8 186.1 183.6 178.5 175.9 181.5 180 176.7 179.2 181 182.9 184.9 187.2 190 193.4 196.6 198.2 198.8 198 196.5 194.8 194.2 193.9 193.5 195.3 197 198.5 198.9 199.7 199.1 198 197.1 196.3 195.4 194.7 196.6 198.5 200.9 203 204.6
182.6 184.1 185.5 186.9 188.2 189.4 190 190.3 190.3 190.3 190.3 190.9 191.6 192.2 192.3 191.5 189.6 189.3 190 190.5 193.3 194.3 195 195.4 194.7 193.5 192.9 192.7 193.3 193.8 193.9 193.3 193 192.7 192 191.1 190.3 189.4 187.4 185.6 182.7 176.3 182.6 184.7 183.5 180.7 180.2 182.9 185 186.9 189.1 191.7 194.1 197.1 199.2 200.6 200.5 199.3 198.5 197.8 197.1 196.3 196 196.4 197.7 199 199.9 199.8 198.8 197.9 197 196.2 195.9 197.5 199.1 201.1 203 204.3
181.6 182.9 184.3 186.6 188.3 189.7 190.7 191.3 191.6 191.9 192.2 192.9 193.4 193.7 194 192.5 192.1 192.9 194.3 194.3 196 197.5 198.2 198.8 197.8 196.9 196.4 196.5 195.9 195.1 194.5 193.8 193 191.9 191.1 190.2 188.7 186.7 184.6 184.5 180.6 180.1 186.6 186.1 184.9 181.7 182.7 184.5 187.4 189.5 191.7 194.4 196.9 198.8 200.7 201.8 202.5 202.4 201.9 201.1 200.1 199.3 198.9 199 199.7 200.3 200.6 200.8 199.7 198.6 197.8 197.2 197.2 198.8 200.4 201.7 203.5 204.2
180 180.7 184 186.3 187.9 189.9 191.3 192.3 193.4 193.8 194.3 195 195.5 195.7 195.7 195.1 195.5 196.4 197.9 198.6 199.4 200.5 201.4 201.9 201.5 200.4 199.4 198.4 197.1 195.8 194.7 193.5 191.6 190.8 188.9 186.7 184.5 181.3 181.9 181.6 180.7 185.4 187.4 187.4 185.1 184.8 186.1 186.1 188.5 191.1 193.9 196.9 199 200.3 201.9 203.1 203.7 203.6 203.4 203.6 202.9 202.2 202 202.1 202.1 202.1 202.1 202.1 201.1 200.1 199.5 198.6 198.6 200.3 201.7 203 204.2 204.7
176.4 178.5 181.4 185.4 187.5 189.3 191.6 192.8 194.2 195.6 196.4 197 197.6 197.7 197.7 197.9 198.8 200 201.4 202 202.6 203.6 204.6 204.3 203.4 202.1 201 199.9 198 196.4 194.4 192.6 190.1 186.4 187.4 186 187.5 188.3 188.6 187.7 183.9 187.2 188.8 188.8 187.8 187.5 189.2 189.6 189.6 192 195 197.4 199.6 200.9 202.7 204.4 204.7 204.8 204.9 205 205 204.9 204.5 204.1 204.1 204.1 204 203.6 202.7 201.7 201.3 201 201.3 202.4 203.3 204 204.8 205.2
173.2 175.7 179.4 182.5 186.4 188.8 191.2 193.7 195.3 196.6 197.6 198.7 199.3 200 200.2 200.6 202 203.5 204.9 205.2 205.5 206.2 205.9 205.1 204 202.8 201.1 199.3 197.8 195.9 193.5 191 188.7 190.7 190.4 188.4 190.8 191.3 191 190 188 188.7 190.4 190.9 190.5 190.3 191.5 192.6 193.5 194.3 195.9 197.9 199.8 201.7 203.2 204.3 205 205.7 206.1 206 205.8 206 206.2 206.4 206.1 205.9 205.7 205.1 204.4 203.6 203.5 203.5 203.8 204 204.6 205.1 205.5 205
172.6 176.1 179.7 183 185.8 188.8 192 194.5 196.2 197.7 198.8 200 201.2 201.8 202.5 203.5 204 205 206 206.5 206.8 206.4 205.7 204.8 203.6 202 200.4 198.6 196.6 194.3 190.6 191.8 193.1 193.3 192.6 191.1 192.6 193.1 193.1 192.2 190.9 191.7 192.9 193.7 193.5 193.7 194.7 195.6 196.5 197.4 197.5 199.1 200.9 201.7 202.8 203.6 204.1 204.6 205.2 205.9 206.6 206.4 206.5 207 207.4 207.7 207.2 206.6 206.1 205.4 205.6 205.8 205.7 205.8 205.7 205.4 205 204.4
174.1 178.7 182.1 184.3 185.9 188.3 191.5 193.9 195.2 196.8 198.3 199.7 201.2 202.6 203.1 204.1 205.1 206.1 207.1 207.4 207.2 206.4 205.6 204.3 202.8 201.3 199.8 197.9 195.4 195 194.6 195.5 196.2 195.5 194.8 193.7 194.3 195.2 195.3 194.3 194 194.6 195.8 196.6 196.5 196.5 197.4 198.6 199.3 199.6 200 200.3 201.1 201.7 202.4 202.4 202.9 203.4 204.1 204.6 205.1 206 206.8 207.1 207.5 207.5 207.6 207.4 207 206.9 206.9 206.8 206.7 206.3 205.5 204.5 203.4 202.1
171.2 178.6 181.4 182.6 183.1 185.5 188.4 190.5 192.1 193.8 195.6 197.5 199 200.5 201.5 203.2 204.8 205.9 207.2 207.4 207.2 206.7 205.5 203.7 202.2 200.6 199.3 198.5 198.4 198.1 197.4 198.2 198.4 197.7 196.9 196.2 196.4 196.9 197 196.6 196.9 197.6 197.9 198.8 199.3 199.3 199.7 200.9 201.2 201.2 201.3 201.1 201.3 201.5 201.8 201.2 201.7 202 202.2 202.6 203.2 204.1 205.3 206.5 207.1 207.1 207.2 207.3 207.3 207 207 206.9 206.3 204.8 203.9 202.6 200.8 199.4
173.9 173.2 178.2 178.9 179.8 181.7 184.4 187.2 189.5 191.1 193 195.2 196.9 198.6 200.5 202.2 203.9 205.7 207 207.4 207.2 207 205.5 203.8 202.3 201.3 201 201.3 201.5 201.2 201 200.9 200.6 199.8 198.1 195.3 197.6 198.2 198.9 199.6 200 200.4 200.5 200.9 201.6 202.1 202.4 202.8 202.9 202.4 202.2 201.7 201.6 201.7 201 200.1 200.3 200.3 200.3 200.7 201.3 202.2 203.4 204.7 206.1 206.5 206.7 206.5 206.5 206.6 206.4 205.7 205 203 201.3 199.5 197.7 195.5
181 178 177.9 179.7 182.3 185.8 188.4 190.3 192 194.2 195.5 196.2 198 199.8 201.3 202.5 204.4 205.8 206.8 207.4 207.2 207.1 207.1 205.5 203.8 203 204 204.1 204.1 204 204 203.7 202.7 201.2 199.6 198.7 199.3 199.9 201.7 202.6 202.7 202.7 202.6 202.4 202.7 203.1 203.3 203.2 202.5 202.4 202.2 202.3 202 201.1 199.3 198 197.9 197.8 197.7 198.5 199.1 200.3 201.6 202.9 204.2 205.7 205.6 205.4 205 204.6 204.6 204.4 203.5 201.7 199 195.7 193.9 191.7
186.2 184.3 183.2 185.5 189.1 192 193.6 194.8 195.9 197.1 198.3 198.9 199.9 201.1 202.5 203.7 205 206 206.9 207.4 207.4 207.3 207.4 207.2 205.7 205.4 205.8 205.8 205.7 205.7 205.6 205.2 204.1 202.7 201.4 200.6 201.1 201.6 203.1 203.2 202.9 202.7 202.5 202.5 202.5 202.4 202.5 202.4 202 201.6 201.4 201.2 200.4 198.7 196.9 194.4 194.5 195 194.7 195.9 197.4 198.4 199.7 201 202 203.6 203.5 203.1 202.8 202.7 202.6 202.7 201.7 200 197 194.1 190.9 188
191.6 190.9 190.4 192.3 194.7 196.3 197.2 198 199.1 200.1 200.3 200.8 201.3 202.1 203.5 203.9 205.1 206 206.5 206.9 207.5 207.4 207.5 207.6 206.6 206.3 207.2 207.4 207.4 207.2 206.7 205.8 204.9 203.5 203.1 202.5 203 203.3 203.6 203.6 203.3 202.9 201.9 201.4 201.1 201.1 200.9 200.7 200.6 200.1 199.4 198.8 198 196.1 193.9 191.1 191.1 191.8 191.8 193.2 195.3 197.1 196.4 196.2 199.7 200.3 200.9 200.6 200.2 199.9 199.9 200.2 199.5 198.5 195.6 192.3 189.1 186
196.3 196.1 196.5 197.1 198.2 199.8 200.6 201.2 201.8 202.1 202.2 202.2 202.8 203.2 203.9 203.7 204.4 205.2 206 206.4 207 207.6 207.6 207.6 207.4 207.2 207.8 208.1 208 207.4 206.9 206.2 205.5 205 204.6 204.3 203.5 203.4 203.7 203.2 202.1 201.1 200 199.1 198.6 198.8 199.2 199 198.9 198.2 197.1 196.1 195.5 192.7 189.9 186.7 187.1 187.2 190.1 192.8 193 193.5 193.6 195.1 194.1 195.7 196.4 196.8 196.6 196.9 197.4 197.8 197.6 196.5 194.1 189.6 185.6 182.4
199.7 200.1 200.4 201.4 202.3 203.5 203.7 203.8 203.8 203.7 203.4 202.8 203.3 203.7 202.8 202.5 203.5 204.3 205.2 205.9 206.5 207.3 208 208.1 207.9 208 208.1 208.2 207.8 207.1 206.6 206.1 205.2 204.2 203.8 203.5 203.1 202.7 202.2 201.6 200.4 199.1 197.5 196.4 196.1 196.2 196.6 196.7 196.4 195.5 194.5 193.4 192.4 189.2 183.1 180.4 185 188.1 190.7 191.5 191.4 191.3 191.6 191.2 192 193.4 191.9 192.5 192.6 193.3 194 195 195.1 194.2 191.7 186 180.2 178.1
201.5 202 202 203.6 205 206.1 206.2 205.9 205.2 204.9 204.3 203.8 203.4 202.6 202 201.4 202.3 203.5 204.5 205.2 206.1 207 208 208.3 208.6 208.8 208.6 208.2 207.7 206.9 206.4 205.9 204.7 203.3 202.4 201.1 201.4 201 200.5 200 198.3 196.7 195.1 194 192.9 192.8 192.8 192.9 193.1 192.5 191.7 190.5 188.9 182.7 173.7 182.2 185.4 187.4 188.9 189.1 189.9 188.5 187.9 187.7 188.8 188.7 188.5 188.6 188.9 189.6 190.8 192.3 192.6 191.7 188.8 182 178 184.4
201.3 202.3 203.4 204.6 206 206.9 206.7 206.3 205.8 204.5 203.9 203.2 202.1 201.2 200.3 200.6 202.2 203.5 204.8 205.4 205.9 206.9 207.9 208.3 208.9 208.8 208.3 207.6 206.7 205.9 204.7 203.5 202.2 200.8 199.7 198.3 199 198.9 198.3 197.4 195.7 193.8 191.6 189.5 186.2 188 188.9 189.2 188.3 187.6 186.1 185.7 184.2 177.3 177.8 181.7 182.6 183.1 182.3 183.6 182.1 179.7 179.9 179.1 180.4 182.7 183.9 184.8 185.1 186.1 188.1 189.9 189.9 189.3 185.7 179.4 180.2 187.3
200.4 201.3 202.1 203.2 204.5 205.3 205.8 205.4 204.8 204 203 201.9 200.9 199.6 198.6 200.2 201.9 203.1 204.5 205.4 205.8 206.9 207.8 208.3 208.5 207.9 206.9 205.7 204.8 203.1 201.8 200.7 199.3 198.1 195.6 193.8 194 193.6 193.5 192 191.1 189.3 186.2 184.5 181.4 181.7 184 184.1 182.6 181 178.1 176.3 175.4 170.2 172.2 174 173.6 173.3 173.6 173.4 172.3 170.7 170.3 170.3 170.3 176 178.7 179.8 181.1 183 185.2 186.2 186.4 186.2 185.5 178.8 178.6 184.7
198.8 199.8 200.8 201.8 202.9 203.6 203.6 203.5 202.9 202.4 201.7 200.6 199.6 197.9 197.2 199.3 201 202.3 203.5 204.4 205.2 206 206.7 207.1 207.1 206.6 205.3 203.7 202.2 200.5 198.8 197.8 196.4 194.2 191.5 188.8 188.7 188.3 187.2 185.7 184.6 183 180.2 178.4 176.7 176 178.5 177.9 176.2 170.9 167.6 166.8 165.4 165.9 166.7 168.3 168.2 169 170.6 170.8 172.9 175.4 176.4 175.3 171.3 171.2 174.5 174.9 177.3 179 180.4 181.6 181.9 181.5 180.3 176.4 176.7 181.6
197.3 198.3 199.4 200 200.4 200.3 200.6 200.7 200.2 199.8 199.1 198.5 197.9 196.2 196.2 198.2 200 201.5 202.6 203.3 204 204.7 205.4 205.9 205.6 205.1 203.8 202.1 199.7 198 196 194 192.3 190.2 187.7 184.1 183.2 182.9 181.8 180.9 179.9 178.2 174.8 171 169.3 169.6 172.8 171.7 166.8 163.7 165 170.2 176.9 181.2 181.3 180.5 181.2 182.9 183.7 183.3 183.9 183.9 182.5 180.6 176.9 173.3 168.6 171.8 171.9 173.1 174.9 176.3 176.8 175.9 173.5 171.7 176.4 179.1
194.5 195.4 196.1 196.5 196.7 197.2 197.5 197.7 197.6 197.2 196.6 196.3 195.8 194.7 195.1 197.1 198.9 200.5 201.3 202 202.7 203.4 204 204.5 204.1 203.6 202.3 200.9 198.2 196 193.2 190.9 189.3 186.2 183.5 180 177.7 176.7 176.6 177.1 175.5 173 167.8 163.4 161.9 163.4 163.8 162.7 160.5 167.5 176.5 184.1 188.6 190 190.8 191 190.2 189.8 189.3 188.2 186.6 184.5 182.2 179.8 178.7 177.3 176 176.8 177 176.1 175.6 175 176.1 177.9 178 174.7 176.2 180.6
191 191.8 192.7 193.1 193.4 193.9 194.4 194.5 194.3 194.2 194.3 194.2 193.7 192.8 194.1 195.7 197.1 199.2 199.4 200.1 200.9 201.5 202.3 202.7 202.8 202.6 201.6 200.1 198.7 196.8 195.2 192.6 190.1 187.3 185.4 183.9 179.9 175.4 171.5 171.9 171.6 166.5 161.9 161.3 163.5 164.1 168 171.3 175.3 180.9 184.8 189 191.6 193.2 194.3 195.3 195.2 194.2 192.3 190 188 186.2 183.7 182.6 183 182 182.1 183.8 185.2 185.6 186 185.7 186.1 186.1 185 179.9 176.8 182.9
187.4 188.1 188.7 189.9 190.2 190.7 191.2 190.9 190.5 190.8 191.3 191.6 191.8 193 194.9 195.9 196.9 197.7 197.6 198.2 199 199.6 200.4 201.2 201.7 201.5 201.3 200.2 199.2 197.4 195.9 194.6 192.5 189.9 187.3 184.8 181.7 178.1 171.3 164.1 163 161.4 161.3 171.1 174.2 169 175.2 177.8 179.9 182.5 185.5 188.6 191.3 193.3 195.9 197 197.4 196.6 194.9 192.5 191 189 186.4 186 186.7 186.6 186.5 187.3 188.5 189.5 190.5 190.4 190.3 190 188 181.3 179.5 187.3
183.2 183.8 184.8 186 186.7 186.8 186.9 187.1 188.5 190.4 191.5 192.6 193.9 195 195.8 196.3 196.8 196.4 196.1 196.3 197 197.7 198.2 199 199.7 200 200 198.7 197.9 197 196.2 194.3 192 189.3 185.9 183.9 180.4 173.5 164.4 159.6 160.5 166.9 175.6 178 177.1 172.7 172.5 174.7 178.3 180.7 183.8 187.2 191.2 194.1 196.6 198.4 199.1 198.8 197.5 196 194.5 192 190 189.5 190.3 190.3 190.2 190.3 191.1 192.2 193.1 193.4 193.1 191.8 189.2 180.5 180.8 190.1
178.4 179.6 180.9 182 182.6 183.1 184.8 187.4 189.5 191.1 192.3 193.3 194.5 195.2 195.7 196.1 196.1 195.4 194.8 194.3 194.6 195.4 195.9 196.8 197.1 196.9 197 196.7 196.2 195.9 194.7 192.1 189.8 187.2 184.5 181.1 175.7 166 154.9 160.8 169.4 175.5 177.6 178.3 177.8 176.6 176.1 178.4 181.4 183.6 185.2 188.8 192.3 195.3 197.8 199.8 200.7 201 200.1 199.4 197.9 195.9 194 193.1 193.8 193.9 193.9 194 194 194.8 195.7 196.1 195.7 194.3 189.7 181.2 182.3 191.8
