app/static/ascii/SS82.asc
ncols 200
nrows 200
xllcorner 280000
yllcorner 120000
cellsize 50
[rows 0 to 34 of 200, columns 78 to 155 of 200]
330.9 328.1 324.5 321.4 317.4 313.2 308.3 303.6 298.4 293.5 288.4 284.7 280.9 277.9 270.7 264.5 261.3 254.2 254.3 258.8 257.7 252.6 249.3 245.9 238.9 233.5 235.6 249.1 253.7 252.6 248.9 244.7 238.5 227.5 224.6 226.1 244.9 261.9 268.3 273.7 281 288.5 292.7 297.5 301.6 303.7 303.7 303.4 300.9 297.6 292.6 286.4 281.9 271.5 258.1 237.5 224.6 214.9 208.2 227.9 245.7 251.3 239.1 226.4 216.4 208.6 201.1 203.8 208 210 211.6 214 214.1 215 217 218.4 235.2 244.7
337.2 335 332.1 328.5 324.7 322.1 316.3 310.9 306.2 301.7 298.2 295.2 292.8 289.1 284.8 278.3 274 269.7 269.2 267.2 265.1 261.3 257.9 253.5 246 238.7 231.1 232.1 235.7 242.8 242.2 238 229 226.2 227.7 232.1 255.4 272.3 279.7 285.4 292.5 296.6 299.5 302.3 304.3 306 306.3 304.6 302.3 298.5 294.1 288.9 283.7 276.6 264.3 252.7 239.1 227 217.2 209.4 228.4 235.3 226 217.5 207.4 195.3 199.2 195.6 192.3 189.7 192 193.7 195.1 196.4 194 203.9 218 236
342.6 340.9 338.2 335.2 331.6 327.8 323.7 318.3 313.1 308.5 304.5 301.7 299.4 296.2 291.9 286.7 282.6 278.7 276.2 273.9 271.4 269.2 264.8 260.9 255.3 245.9 236.3 228.5 230.3 229.3 230.7 227.3 228.2 228.2 236.4 243.8 265 279.9 287.5 294.6 298.9 301.4 304.3 306.2 308 308.2 307.7 305.7 303 299.2 294.5 289.7 284.5 281.3 276.2 266 253.1 240.7 226.9 213.3 211 223.1 215.5 207.9 198.2 206.2 218.4 214.4 210.6 208 205.1 202.2 199.5 195.1 189.3 183.4 199.2 220.8
347.8 346 344.2 342.1 339.2 335.9 331.6 325.9 320.9 316.1 312.6 309.7 306.1 303 298.6 295.1 291.2 286.5 283.8 281.2 277.3 274.3 269.6 264.7 257.9 244.8 236 239.2 236.6 230.8 226.4 226.4 232.3 245.6 254.4 248.2 270.8 285 293.2 300 303.4 306.4 308.6 310 309.8 310.5 309.3 307.5 303.4 300.5 296.1 293.1 290.4 286.3 279.5 270.7 261.4 249.3 235.6 223.3 210.2 208.1 208 202 205.8 222 233.7 233.9 229.4 227.7 226 224 221.4 213.5 205.7 193.3 189.7 207.7
351.2 350.1 348.5 346.7 344.6 341.6 338 333.1 328.4 323.6 320.3 317.4 313.8 310.3 306.1 302.4 298.2 294.1 290.7 287.4 283.2 279.7 274.2 268.3 252.9 242.2 252.6 257.1 252.7 247.7 243 247.9 252.9 258.7 268.4 257.1 278.2 290.9 297.7 303.6 307.6 310.3 312.6 313.2 313.3 312.9 311.4 309.5 305.7 302.4 299.7 296.8 294.3 289.9 282.1 274.5 266 257.5 245.6 235.4 224.2 211 204.4 208.9 217.9 235 250.3 252.5 249.3 247.3 247 246 241.8 231.4 219.2 204.1 187.1 192.4
354.4 353.2 352 350.3 348.1 345.8 343 339.8 335.9 332.8 330.3 326.8 322.1 318.6 314.4 310.3 305.6 302.6 299.2 293.9 288.7 283.1 277.8 267.6 246.8 254.2 265.1 266.5 261.9 256.2 259 264.4 271.6 272.6 279.5 276 282.5 296.7 303.5 308.3 311.7 314.2 316.2 315.6 316 315.6 314 311.5 308.2 304.5 302.4 300.1 298.4 294.4 287.5 282.5 275.5 266.7 257 246.1 233.2 219.5 212.5 225 236.3 254.3 264.3 268.1 267.1 266.3 269.6 267.7 257 244.3 229 214.3 198.9 185.2
356.4 356 354.7 353.1 351 348.6 346.2 343.7 340.7 338.1 335.4 332.8 329.2 325.9 321.4 317.3 313.1 308.7 303.9 299 294.2 286.2 274.9 257 257.6 265 270.9 271.8 270.3 269.4 271.8 279.7 284.9 287.4 289.5 288.7 286.8 300.2 308.1 312.5 315.8 318.6 319.1 319.3 319 318.7 316.6 314.1 311 307.9 305.4 303.8 301.6 298.3 293.1 289.1 283.4 276.3 266 254.4 239.5 221.5 225.9 240.5 256.2 264.4 271.4 277 281.6 284.7 285.2 282.4 273.3 254.4 240.6 226.7 212.9 202.1
356.3 356.4 355.7 354.7 352.6 350.3 348 346.4 344.6 342.5 340.3 337.9 335.6 332.2 329.4 325.6 320.2 316 310.8 305 299 287.8 269.4 269.2 271.1 274.1 276.6 277.8 279 281.2 284.4 288.2 292.8 294.7 295.9 297.6 295.2 304.1 312.9 316.6 320.1 322.4 322.8 323 322.7 321.1 319.3 316.9 313.9 311.1 308.9 307.1 304.7 301.7 298.1 293.8 289.3 282.8 274.9 255.6 236.6 221 237.4 256.2 267.4 274.2 280.7 284.2 289.3 291.6 291.9 289.7 285.4 272 254.7 241.3 230.9 220.2
354.3 354.4 353.9 352.9 351.7 350.8 348.5 347.9 346.9 345.9 344.7 343.2 341.5 339.7 336.1 332.2 328.7 323.2 318.6 312.5 305.6 286.1 279.2 283.6 283.1 283.6 284.2 285 287.6 289.9 293.6 298 302.5 305.1 306.8 308.5 309.3 311.5 317.9 321.8 324.1 325.4 325.9 325.5 324.8 323.4 321.4 318.8 315.8 314.2 311.7 309.4 306.7 303.9 300.7 297.2 292.8 287.5 274.2 253.7 234.6 234.2 250.9 267.1 274.2 280.4 285.6 290.9 295.5 297.4 297.7 296.4 293.2 287.1 274.2 259.8 249.2 239.8
350 350.3 349.9 349.3 348.8 349 348.5 348.1 347.6 347.4 347.6 346.3 345.1 343.6 341.5 337.5 333.9 328.9 323.6 318.3 309.8 288.9 291 292.5 291.7 291.6 291.4 293.4 297.1 302.6 307.2 311.2 315.1 317.5 318.3 318.8 319.6 321.1 324.5 327.1 327.4 328 327.6 327.3 326.6 324.6 322.2 319.4 317.2 314.9 312.3 309.9 307.3 304.7 301.7 298.2 294.4 288.6 271.2 250.6 234.5 245.9 262.4 271.9 278.7 285.2 290.3 295.8 299.2 301.5 302 300.7 299.1 295.2 289.3 278.4 268.1 260.2
344.8 345.4 345.5 345.1 345 345.5 346 346.6 347.2 347.2 347.6 347.9 347.7 346.2 344.4 341.8 338.8 334.8 328.6 322.3 310.4 296.6 301.6 300.9 300.8 300.5 303.1 307.3 312.5 318.4 321.4 322.8 325.6 328.3 329.5 329.2 329.4 329.4 330.5 331.7 330.5 330.1 329 326.9 325.6 323.2 320.2 317.8 315.3 312.9 310.5 307.7 305.9 303.8 301.2 297.6 294.4 286.6 270.3 249.8 239.5 252.5 267 276.3 282.6 288.8 293.7 298.3 301.7 304.3 304.9 304.3 302.9 299.1 294 288.7 282.2 274.3
339.1 339.9 340.7 340.6 340.9 341.1 342.6 343.8 344.7 346.3 347.3 347.7 347.8 347 345.7 343.7 340.9 337.7 333.4 326.6 316.1 313.1 311.6 310.8 311.6 313.1 315.2 319.3 323.9 329 331.5 333.8 335.8 339 338 338.4 337.4 336.3 335.4 334.4 333.1 330.5 328.3 326.1 323.3 320.1 317.1 314.6 311.9 309.4 307.9 305.4 302.7 301 298.7 295.4 292.7 286.5 271.5 252.8 239.6 255.2 266.8 277.7 285.4 291.5 296.7 300.7 304.7 306.8 307.8 307.8 305.4 302.2 296.7 292.5 284.5 278.4
331.8 332.3 333.4 333.2 334.3 335.6 338 339.5 341.5 343.9 345.1 346 346.6 346.7 345.6 344.3 342.5 339.3 336.3 330.6 326.2 322.3 320.5 319 320.5 322.8 326.2 329.8 333.2 336.8 338.9 341 342.6 344.4 345 343.3 342.8 341.9 340.1 338.3 334.6 331.2 326.7 322.4 319.2 315 313 310.7 308.2 305 303 301.4 298.3 296.2 293.5 290.8 287.9 280 267.3 252.3 240.4 253 268.8 279.2 287.5 294 298.7 302.9 306.4 309.1 309.7 309.2 306.9 303.2 298 292.5 285.6 279
322.5 323 324.7 325.2 326.6 328.7 331.6 334.6 336.8 339.5 342.3 343.5 344.8 344.9 344.4 343.8 342.6 340.3 338 334.6 331 328.3 327.3 327.6 329.6 331.6 334.5 337.4 339.9 342.4 344.3 346 347 347.2 348 347.6 346.9 345.6 344.4 340.2 335.3 330.3 324.5 319.4 314.9 311.1 309.2 306.4 303.9 300.8 298.7 295.9 293.4 290 286.9 284 276.8 266 253.8 247.7 246.8 257.3 272.8 281.7 289.2 295.3 300.5 304.7 308 309.6 310.6 309.4 306.9 302.4 297.7 290.9 283.9 278.5
311.9 313.6 315.3 316.2 318 321 324.7 328.3 331.6 334.7 337.6 340.2 341.8 342.5 342.2 341.8 341.2 339.4 337.1 335.1 333 331.7 331.4 332.5 334.2 336.9 339.6 342.2 343.7 345.9 349.6 350.3 351.7 351 351.2 350.7 350.1 348.7 346.1 341.3 335.1 329.8 323.7 317.6 312.5 308.1 304 300.4 297.9 296.1 293 290.2 286.4 282 277.6 271.9 264.5 263.2 263.5 264.2 259.8 260.8 274.7 283.3 289.8 295.6 301.2 305.3 308.7 310.4 310.3 308.6 305.3 300.8 295.5 288.8 281.3 275.7
303.8 306 307.5 309 311.1 314 318.5 322.1 326 329.5 332.8 335.1 337.3 338.9 339.1 339 338.2 336.9 335.3 333.5 332.5 332.1 332.7 334.3 337 339.6 342.3 344.7 346.9 348.6 351.2 352.8 353.9 354.2 353.8 353.5 352.4 351.5 347.6 342.7 336.4 331.2 325 319.2 314.3 310.1 304.8 300 295.5 290.4 287.1 283.2 282.1 283 280.5 277.4 277.1 277.5 277.1 277.2 274.8 262.7 275.8 285.1 291 295.7 301.4 305.7 308.5 309.7 309.6 307.2 304.2 299.1 293.9 286.7 278.9 272
295.9 297.4 298.5 300.1 302.9 306.4 310.6 315.3 319.3 323.9 327.5 330.1 331.8 333.7 335.2 335.4 334.9 333.7 332.2 330 329.7 330.1 332.1 335 338 340.6 343.6 346.4 348.8 351.3 352.9 354.2 355.2 356.1 356.2 356.5 355 353.5 350.8 345.2 339.1 334.4 329.1 323.8 319.1 313.3 308 303.3 298.8 294.2 291.2 289.1 290.5 291.7 289.9 289.4 289.3 289 287.6 285.7 284.3 278.6 273.7 285.1 291.2 296.3 302 306 308.9 309.5 309 306.5 302 296.6 290.9 282 275.5 267.8
287.8 289.5 290.4 292.8 295.8 299.6 304.1 309.1 313.2 317.6 322.1 324.9 327.4 328.3 329.9 330.6 329.8 329.4 326.4 325.1 325.4 327.3 330.2 333.8 337.8 341.5 344.2 347 349.5 352.1 354 355.5 356.2 356.3 356.7 356.6 356.4 356 353.3 349.3 344.2 339 335.7 329.9 324.8 318.5 313.3 309.2 304.8 300 296.9 296.6 297.5 297.5 297.5 297.5 296.3 295 292.8 290.8 289.3 287.3 283.6 284 291.5 297 302.7 306.6 309.3 308.9 308.2 305.4 300.6 295.3 286.6 279.7 272.8 265.4
279.1 281.7 282 285.5 288.1 292 295.9 302.5 307.7 311.4 315.5 319.6 322 323.3 324.3 325.5 324.5 321.6 320.3 319.9 321.4 324.2 328.5 332.8 336.9 340.6 343.8 347.1 349.7 351.7 352.7 354.5 355.4 356.2 356.9 357.3 357.2 356.5 354.7 352.4 348.6 345.7 342.1 337.5 332.3 327 322.2 317.2 312.6 307.7 303.4 302.1 302.2 302.9 302.5 302.4 301.8 299.7 297.1 295 293.7 292.7 290.8 289.1 292.9 297.7 303.2 307.1 309.2 309.5 307.7 304.1 299.6 293.7 285.9 279.7 272.4 263.3
273.2 273.1 271.7 272.5 276.7 284.3 288.7 295.4 301.3 305 309.3 313.6 316.2 318.1 319 319.2 318 315.9 314.9 315.2 317.5 322 326.5 330.9 334.9 338.7 342.2 345 347.2 349.2 351.2 352.5 353.7 354.8 355.9 356.4 357 356.4 355.5 354.2 352.1 350.5 346.9 342.4 338.2 333.7 328 323.6 318.7 314.1 311 310.1 309.2 308.8 308.6 308 306.5 304.8 302.8 300.6 297.7 296.5 295.5 295.4 296.2 299 303.8 307.6 310.1 310.7 308.4 304.9 299.8 293.6 286.7 280.1 272.7 266.7
267.3 266.5 261.2 263.9 269.9 275.4 281.2 287.3 294.1 299.4 304 308.1 311.1 312.9 313.2 313.2 312.6 310.3 309.1 310.2 314.9 319.6 324.1 328.5 332.5 336 339.6 342.2 344.6 346.7 348.2 349.3 350.4 351.7 353.4 353.9 354.4 354.8 355.8 355.4 353.9 352 350.7 347.6 344.5 339.3 334.3 330 325.1 321.6 319.2 318.4 318.1 317.6 317.3 314.8 313.5 312.6 309.9 307.3 303.6 301.2 300.7 301.2 301.5 302.8 305.3 308.7 311.6 312 309.2 305.2 300.1 294.4 288.4 283.8 278.9 274.7
261.5 261.2 256.3 257.1 264.9 271.2 276.8 282.1 288.1 294.9 299.9 303.6 305.8 306.6 306.4 306.4 305.2 304.6 303.2 307.9 312.5 317.1 321.5 325.6 329.7 333.2 336.5 338.9 341.2 343.3 344.6 345.7 347 348.4 350.1 350.8 351.8 352.7 355.4 355.3 354.6 354.1 352.7 350.8 348.8 345.1 340.6 336.7 332.5 329.2 327 327.2 327.1 326.1 325.3 323.3 322.5 320.2 317.2 314.5 312.3 310.2 308.6 308.3 307.9 308.1 309.2 311.6 313.1 313.1 310.5 307 303 299 295.1 292.2 287.9 282.8
253.5 253.5 251 251.5 258.4 265.8 272.8 278.8 285.8 291.8 296.8 299.9 301.3 301.8 301 300.6 299.4 299.2 300 305.4 310 314.3 318.6 322.7 326.1 329.7 333.1 335.1 337.2 339.4 340.9 342 343.1 344.2 345.7 347.3 348.9 350.2 353 354.6 354.3 354.9 354.1 352.3 351.3 349.4 346.4 343.1 339.6 337.5 335.5 335.4 334.2 332.8 331.4 330.6 329.6 327.8 325.1 322.3 320.9 318.2 316.7 315.6 314.5 313.8 313.7 315.3 316.5 316 314.4 311.6 308.4 305.2 302.8 300.1 297.1 291.7
246.2 245.4 244.3 246.6 254.8 262.1 270 277.2 283.2 289.1 293.4 295.8 296.8 296.8 295.8 293.9 293.3 293.8 297.4 302.7 307.1 311.4 315.6 319.4 322.7 326.1 329 331 333 335.1 336.3 337.6 338.8 339.9 341.5 343.2 345.4 349.2 350.8 352.1 353.7 353.8 353.1 352.8 352.8 351.4 350.1 347.6 345.6 344 342.8 341.5 341 339.6 338.5 337 335.4 334.3 332.3 329.8 327.7 324.5 322.1 321.4 320.2 319.2 318.5 319.7 320.3 319.9 318.8 316.3 314 312.2 310.9 308.1 304.6 299.7
237.9 238.2 240.5 245.9 253.4 261.2 268.7 275.8 281 286.3 290.8 292.5 292.7 291.5 288.5 287.1 285.9 289.7 295.4 299.7 304.2 310.5 312.5 316.1 319.6 322.6 324.7 326.8 328.6 330.3 331.7 332.9 334.2 335.5 336.8 339.1 342.6 346 348.7 350.7 351.3 352 352.8 353.2 353.3 352.5 351.6 350.8 349.2 348.2 346.9 345.7 344.4 343.6 342.5 341.5 339.6 337.8 336.1 334 331.4 328.9 327.1 326.4 325.4 324.1 323.2 323.6 323.8 323.6 322.6 321.8 320.5 319 316.9 314.4 310.9 299
233.5 238.7 244.7 248.3 251.7 256.6 266.1 274.2 279.2 284.2 287.7 289.9 289.9 287.2 283.7 279.6 282.9 288.5 293 296.7 301.1 306.2 309.7 312.1 314.7 317.5 319.6 321.4 323.2 324.7 326 328.2 329.2 329.6 331.6 335.5 339.9 343.4 345.6 347.8 348.8 349.9 351.1 351.6 352.1 352.3 351.7 351.2 350.1 349.9 348.9 347.6 346.8 345.9 345.6 344.3 342.5 340.7 339.3 337.7 335.4 333.2 331.6 330.6 329.1 328.1 326.8 327.1 327 327 326.5 325.8 324.8 322.8 320.5 317.5 314.2 309
246.1 251.4 254.5 258.4 260.8 263.6 266.2 272.6 277.8 282.4 286.8 288.1 287.2 283 276.8 275.3 281.3 286 290.3 294.2 298.6 301.4 306.7 308.6 311.3 312.6 314.1 315.5 316.8 318.8 320.2 322 323.3 324.6 328.3 332 337.1 340.1 342.9 344.6 346.2 347.4 348.6 349.5 350.4 350.4 350.4 350.2 349.8 349 348.6 348 347.4 346.4 345.7 345 343.8 342.6 341.2 339.7 338.2 335.9 334.3 333.3 332.2 331.3 330.1 330.5 330.3 329.9 329.8 328.8 327.2 325 322.1 318.8 315 310.8
259.9 263 265.6 267.6 268.9 270.1 272.2 275.7 278.3 281.9 285.6 285.9 284.4 281 272.9 271 275.7 280.1 286 290.7 294.9 297.6 301.7 304.7 306.6 307.7 309 310 311 312.8 314.6 315.8 317.7 320.2 323.7 327.6 332.2 335.6 339.6 341.1 342.8 344.4 345.8 346.5 347.2 347.3 347.4 347.4 347.8 347.6 347.3 346.9 346.6 346.4 345.6 344.9 344.2 343.1 341.4 340.1 338.4 336.9 336.2 335 334.7 332.9 331.8 332.5 331.7 331.6 330.9 329.5 327.1 324 321 317.9 313.4 309.2
269.8 272.9 274 275.3 276.6 277.1 277.7 279.3 280.7 282.6 283.9 284.3 282.5 279.5 270.9 265.5 274.8 277.9 281.2 286.9 291.4 294.8 298 300.8 302.6 302.9 302.9 303.6 305 307.1 308.3 309.6 311 315.8 319.3 323.1 326.7 331 335.1 337.5 339.3 341.2 342.4 342.9 343.1 343.1 343.2 343.5 343.5 343.5 343.5 343.7 344 343.9 344.1 343.4 343.3 342.4 340.3 339 337.8 336.9 336.1 335.5 334.6 334.1 333.5 333 332.6 331.9 330.2 328.1 325.1 322 318.6 315.2 309.9 306.1
282.2 283.6 283.8 284.4 283.7 283 283 282 281.1 280.8 282.5 282.7 281.7 278.1 267.6 268.8 281.2 284.1 284.4 285.9 290.1 293.2 295.9 297.5 298.3 298.7 297.7 298.1 299 299.4 300.5 301.7 305.3 310.1 314.6 318.9 322.6 326.5 330.6 333.8 335.9 337.8 338.1 338.3 338 337.4 337.6 337.4 337.5 338.7 339.1 339.4 340.4 341 341.2 340.9 340.3 339.5 338.2 336.8 336 335.5 335.1 334.7 334.1 333.4 332.5 332 331.1 329.7 327.8 325.1 322.1 318.6 314.9 310.2 305.5 302
291 291.6 291.8 290.6 289.3 287.6 285.8 282.1 279.8 279.3 280.8 281.9 281.4 278 264.8 269.4 281.4 285.2 286.9 287.9 289.6 291.8 293.8 295.3 295.3 294.9 292.4 291.2 291.8 293 290.1 293.2 299 304.2 309.4 314 317.9 322.1 326.9 330 332.3 333.2 333.1 332.4 331.8 331.4 331.2 331 331.7 332.9 334.1 335 335.5 336.5 336.7 337.2 336.7 335.7 334.9 334.2 333.7 333.2 332.6 332.1 331.6 330.2 329.8 329.3 328.2 326.6 324.4 321.9 318.1 313.8 310.1 305.1 300 296.6
295.6 296.4 296.2 295 292.7 289.3 284.9 279.4 276.7 277.2 280.5 282.1 281.6 278.7 262.8 261.3 275.7 283.2 284.2 285.9 289.1 290.2 292.4 293.2 291.5 290.3 287.7 282.2 284.2 282.3 278.2 286.4 292.7 298.2 303.8 308.7 314.1 318.9 323.9 326.9 328.5 329.2 327.9 326.9 326.3 325.4 325.2 325 325.8 326.8 328.1 329.3 330.4 331.5 332.1 333.1 333.2 332.2 331.6 330.8 329.9 329.6 329.2 328.7 327.9 326.7 326.3 325.1 323.5 321.9 319.6 316.4 312.4 308.7 303.9 298.2 293.4 290.1
299.3 299.9 299.6 298.2 294.9 289.8 282.9 275.9 271.4 277.1 279.9 281.7 281.3 278.3 264 249.9 262 273.7 280.1 285.1 288.5 289.8 290.8 290.1 287.4 284.9 280.3 270.9 273.9 268.9 271.9 277.6 281.8 287.9 296.1 303.7 312 317.3 321.5 323.9 324.8 324.8 323.3 321.7 321 319.4 318.6 318.7 319.7 321.5 323.6 324.8 325.4 326.8 328.1 328.8 329 328.9 328.2 327.2 326.1 325.5 325.3 325 324 323 321.8 320.5 318.5 316.8 313.8 311 306.6 302.5 297.7 292.1 287.3 283.7
300.3 301.5 301.2 298.8 295.4 288 278.9 267.3 266.3 273.9 276.8 278.6 279.1 277.5 270.2 253.4 244.1 255.9 276 283.4 286.3 287.2 286.6 285.1 282.5 269.7 262.7 258.2 256.8 262.6 272 279.9 288.8 296.8 302.4 307.9 313.2 316.8 319.4 320.6 320.8 320.4 318.9 316.7 314.5 312.9 312.9 313.4 314.5 315.6 317.5 318.8 319.9 320.6 321.8 323.7 323.9 323.5 323 322.2 321.1 319.9 319.6 319.3 318.6 317.8 316.5 315.2 312.9 310.6 307.6 305 300.4 296.5 291.1 285.4 281 273.6
297.5 298.9 299.2 297 293.1 284.7 270.3 255.7 260.9 266.3 270.1 272 272.3 271.4 269.1 262.7 243.1 245.3 268.3 278.9 281.6 282 281.1 278.4 264.2 250.3 247 256.2 266.8 276.1 287.2 293.7 299.3 303.2 307.3 311.3 314.8 316.4 317.8 317.9 317.4 315.6 313.8 310.9 307.5 306.5 306.1 307.6 308.2 309.6 310.4 311.2 312.3 313.2 314.1 316 317.7 318.3 317.9 317.2 316 314.1 313.5 313.1 312.2 311.3 310.1 308.6 306.2 303.4 300.3 297.7 294.6 290.5 285.2 280 273.1 262.1
