app/static/ascii/SS83.asc
ncols 200
nrows 200
xllcorner 280000
yllcorner 130000
cellsize 50
[rows 35 to 69 of 200, columns 78 to 155 of 200]
352.5 349 345.5 338.1 332 325.7 318.2 310.7 304.3 299.6 295.7 292 287.9 285.1 281 277.5 273.4 269.8 266.8 266.9 270.8 273.5 280.3 282.2 282.7 281.6 278.6 275.9 272.5 264.6 253.8 251.6 250 250.2 250.3 250.6 259.1 269.4 272.1 276.4 280.5 284.6 288.5 293.7 299.1 303.4 306.4 307.1 307.2 304.7 302 298.8 295.5 292.6 288.2 278.9 262.6 272.1 281 286.1 290.7 294.6 299.3 304.7 308.5 313 318.3 321.5 325 327.1 327.2 326.4 323.6 319.6 315.8 312 308.5 305.4
359.9 356.8 353.6 348.9 343.2 338.2 332.4 326.6 322.9 320.5 317.1 313.4 310.8 305.6 300.2 294.2 290 285.1 282.2 282.1 283.3 284.5 285.2 287.1 286.9 286.8 284 281.8 280.8 277.2 274.3 269.4 264.5 258 249.7 249.7 250.2 256.7 266.1 270.9 274.8 277.6 283.5 289.5 295.1 298.9 300.2 300.5 299.5 297.9 295.3 292.2 288.5 286.2 282.2 273.3 259.8 272.7 279.4 281.3 283.4 287.3 293.8 299.4 305.5 310.9 316.4 323.9 327.4 327.5 327.8 327.5 325 322.6 320.4 317.4 314.5 312.2
364.9 363.3 360.7 358.2 354.5 351.4 346.8 342.9 339.6 335.7 332.7 329.2 325.5 321.2 316.8 313 307.7 303.4 299 298.5 293.3 293.6 291.8 291.6 291.1 290.7 289.5 286.8 283.7 281.1 278.3 275.1 272.4 267.9 260.9 249.5 248.9 251.4 261.5 266.1 267.3 269.7 275.1 283.2 289.3 291.8 293 293.5 292.4 290.8 288.7 285.9 282.6 280.2 278.1 273 259.1 269.5 273.4 273.2 275.3 280.7 288.7 295.6 301.9 308.4 316 322.2 325.1 328.6 328.7 328.8 328.8 326.7 325.5 323.9 321.8 319.3
368.5 367.8 366.5 364.3 362.8 360.3 357.2 353.9 350.1 346.7 342.9 339.2 335.3 331 326.8 322.8 318.2 314.7 310.9 309.2 304.9 302.2 299.8 297.8 295.4 295.3 293.9 291.7 288 283.3 278.7 274 270.6 266.1 262.1 255.9 246.8 248.1 252.5 260.8 260.6 263.1 268.1 275 282.9 285.5 286.9 287.5 286.5 284.4 281.8 279.2 276.8 274.2 273.6 271.7 254.1 260.6 262.1 268.6 275.3 281.8 287 292.4 298.2 304.8 312.6 319.2 324.6 328.9 330.6 331.4 332 332 330.9 330.1 328.9 326.2
370.9 370.8 370.3 370.3 368.8 366.8 364.5 361.6 358.1 354.5 351.5 347.1 342.3 338.5 333.5 328.7 325.1 320.9 317.8 315 312.3 309.2 306.1 303 299.1 296.3 293.8 291.1 285.4 280.9 275.9 269.7 262.6 258.4 255.4 249.6 247.3 248.6 248.3 251.9 256.4 259.3 265.7 271.9 277.1 280.1 281.5 280.8 279.6 277.2 273.8 271.2 269.4 270.5 270.4 266.9 252.3 255.1 265.1 273.3 280.3 287.2 293 298.1 302.5 309.3 315.5 321.7 327 329.8 332.5 334 336 337.6 337 336.6 335.6 333.7
370.4 370.7 371.4 371.4 370.8 369.7 368.3 366.8 365 361.5 357.8 354 350.1 345.5 340.7 335.6 330.8 326.6 322 317.9 314.8 311.5 308 304.9 301 297.1 292.8 288.2 282.1 274.8 265.9 258.2 254.1 252.5 250.6 249.2 248.1 247.5 247.8 248.7 256.1 262.1 265.8 269.9 272.4 275.5 275 274 272.1 269.1 265.6 263 265.9 268.4 266.9 259.1 248.2 256.4 268.9 276.4 281.8 287.6 293.4 298.3 302.4 307.7 315.2 323 329.3 332.6 335.7 338.7 341.2 342.5 342.5 342.2 340.7 339
365.5 367.3 368.4 369.3 369.7 369.7 369.1 367.8 365.6 363.1 359.6 355.8 351.5 347.1 342.2 337.6 333.4 327.8 324.3 319.2 313.8 310.3 306.3 302.1 297.9 294.6 290.6 284.7 275.4 265.2 257.1 255.6 257.1 258.4 256.8 251.8 248.1 246.3 247.4 259.6 268.3 271.4 269.8 268.2 269.5 269.5 268.2 265.2 263.8 259.4 257.1 262.5 265.2 267.4 266.5 257 248.3 262.3 270.1 274.4 279.1 283.3 288 293.7 299.1 308.3 319.1 326.8 333.7 338.5 342.5 344.7 346.4 347.7 347.4 346.1 344.4 343.5
358.1 360.7 362.2 364.2 365.5 365.6 365.5 365.1 363.5 361.3 358 353.7 348.4 343 337.1 330.8 325.2 319.6 314 309 304.7 300.7 297.3 294.5 292 290 286.2 278.6 265.5 260.9 265.4 272.6 276.5 274.9 269.6 257.9 247.9 245.7 255.8 268.9 273 272.9 269.9 266.2 263.5 261.7 258.9 256.1 254.7 251.3 256.4 259.6 261.4 262.6 261.2 252.9 249.5 262.1 264.8 268.3 272.5 277.9 285.1 294.5 306 318.3 327.8 335.4 341.4 346 350.1 353.1 353.7 353.7 353 352.1 350.7 348.1
348 351.3 352.9 356.4 357.9 359.9 360.8 361.2 359.6 356.2 351.3 342.6 334.5 325.5 317.8 311.3 305.7 300.7 295.6 291.1 287.6 285.2 283.3 282.1 282 279.4 275.1 266.2 259.9 272.6 282 286.5 287 284.3 277.3 262.5 248.1 245.6 255.3 270.6 271.9 270.2 267 263.6 255.8 249 245 242.8 243.1 245 248.5 250.3 250.8 250.5 250.7 243.4 247.7 256 257.3 264.1 274.4 285.9 298.5 310.2 320.7 328.9 336.7 343.1 348.3 351.8 355.5 357.4 358.6 358.8 358.4 357.5 355.3 352.3
334.9 338 341.6 346.4 350.9 353.8 355.2 354.9 352.3 345.8 338.1 328.3 316.8 309.4 305.2 299.7 294.6 288.8 286.2 282.3 279.1 275.7 272.4 272.9 270 270 266.1 263.2 269.8 283.1 291.5 295.9 296.2 293.4 286.7 270.3 250.6 245.5 247 264.6 268.3 266.8 262.2 254.2 245 242.3 241.9 242.9 241.8 240.2 241.4 241 240.1 240.9 241 240.7 241.7 244.4 253.2 270.5 286.3 299.8 310.5 320.7 327.6 335.5 342 348 352.9 356.4 359 360.8 362.3 362.1 360.5 359.1 356.5 352.9
319.9 323.7 330.1 336.3 343 347.6 350.2 349.1 348.4 343.5 339.2 335.3 332.1 315.6 311.6 310 306.7 303 299.9 296.1 292.6 287.1 283.1 277.6 273.5 273.4 272.7 267.9 272.1 284.1 294.8 300.5 301 297.2 290.8 280.9 262.3 246.2 245.2 253.2 261.3 259.8 253.1 245.5 243.7 241.6 247.4 248.4 246.6 244.4 242.6 240.7 240.3 240.2 239.6 239.1 240.1 240.7 245.2 268.2 293.1 306.2 315.9 325.1 332.7 340.4 346.7 352 356.1 359.7 362 363.2 364 362.4 360.2 357.4 354.1 348.3
309.8 311.8 322.3 328.5 336.6 343.5 347.5 349.4 350.7 349.7 348 346.1 343.1 330.2 331.8 334.5 332.1 329.6 326.8 321.9 317.1 312.5 306.6 299.7 292.6 286.8 286.1 276.7 271.3 280.3 292.1 297.3 298.6 295.4 290.2 283 274.2 258.7 245.3 245.4 245.9 249 245.2 243.9 257.8 267.3 272 273.1 272.4 272 270.2 268 265.6 259.3 251.8 243 238.9 239.6 240.8 263.2 290.3 304.2 315.7 325.7 334.9 342.7 349.7 355 359.4 362.8 363.7 364.8 363.3 359.9 356.7 353.1 347.5 340.4
312.6 317 321 327.6 335.1 342.1 347.3 350.7 352.6 353.3 352.8 351.9 350 346 347.3 347.9 348.6 348.5 348.3 346.8 344.5 340.7 335.2 326.3 318.4 310.3 299.9 285.5 274.7 278.7 288.1 293 293 291.1 288 282.5 277.1 271 258.4 245.6 243.8 243.4 247.4 263.1 274.3 287.6 294.8 298.4 297.8 295.6 291.4 285.9 278.9 270.6 263.5 255.1 242.6 238.7 240.7 262.6 280.6 292.2 305.9 321.2 334.2 343.3 350.8 357 361.8 364.9 365.7 365.2 362.6 357.8 353.3 347.7 339.9 327.9
319.5 324.3 329.8 333.6 337.5 342 346.7 350.4 353.1 354.4 355 354.2 353.3 353.2 353.6 354.8 355.7 356.5 356.7 355.7 354 351 346.3 341.2 334.9 328.1 316.8 293.6 278.9 287.7 287.7 286.7 285.9 283.7 281.7 278.6 275.4 272.2 268.6 260.8 248.3 259.8 267.5 278.3 289.7 298.6 304.6 307.6 306.5 302.4 297.6 291 280 267.9 258.3 251.9 241.7 238.3 240.4 258.1 267 277.4 289.9 305.7 325.2 343.3 352.4 358.5 362.5 365.7 367 364.5 360.6 355.2 348.7 340.4 328.8 317.2
328.5 333.4 337.5 340.4 342.7 344.5 347.7 350.3 352.9 354.9 355.7 356.1 356.3 357 358.2 359.4 360.6 361.5 362 361.3 359.3 356.7 352.9 347.6 341.5 334.7 322.7 296.3 285.6 296.8 291.7 285.2 280.1 275.7 272.8 271 267.6 264.6 261.6 257.2 252.5 265.8 273.3 281.9 289.7 298.3 304.2 305.6 304.5 300.8 294.1 282.6 267.8 255.5 247 240.9 237.8 239.3 242.1 248.3 255.2 262.9 275.5 292 313.3 334.4 349.7 357.9 362.3 365.1 365.1 361.9 357.3 350.1 340.7 330.7 319.2 320.5
330.1 336 339.4 342 344.3 346.8 348.7 350.9 353.4 355.5 357.3 358.3 359.7 360.5 362.4 363.6 365 366.3 366.7 366.1 364.2 361.9 358.1 353.7 347.5 338.6 316.8 296.8 303.1 306.8 301 289.1 280 274.5 270.5 268.1 264 259.8 257.6 256.2 256 262.3 267.9 275.6 284.4 291.9 298 300.1 299.3 294.2 282 266.7 254.5 243.6 238.8 235.8 237 238.5 245.4 256.1 262 262.9 268.7 282.9 300.3 320.2 341.6 351.5 357 360.8 361.5 360.1 355.6 350.5 345.3 340 338.8 339.5
318.9 332.5 337.6 340.8 342.9 344.8 346.4 349.6 352.8 355.5 358 360 362 363.8 365.8 367.5 368.8 370 370.4 369.4 367.8 366.2 363.8 359.6 353.9 333.6 313.4 316.1 320 317.6 311.7 298.7 283.1 278.3 277.4 276.9 274.3 273.1 272.2 269.9 268.7 270.6 274.8 280.5 288.4 291.5 297.4 298 291.8 282.2 267.5 253.5 241.4 237.1 236.9 236.6 238.6 241.9 254.1 270.4 281.9 284.9 283.3 289.7 294.5 309.3 326.5 339.6 352.3 357.9 361.9 362.8 361.9 360.7 359.4 358 356.8 355.4
303.4 313.5 325.1 336.9 339.7 342 342.6 346.7 351.4 354.5 358 360.5 362.7 364.6 367.2 368.9 370.6 372.2 372.6 372.5 371.3 370.1 368.3 365.6 361 345 350.3 343.6 338.1 329.2 322.3 299.4 290.7 290.4 291.3 290.4 289.8 289.8 292.4 290.1 290.6 294.1 298.9 298.4 301.2 300.5 300 296.1 278.2 266.7 254.4 241.7 236.5 235.7 241.4 246.4 250.3 258.1 266.9 278.9 292.1 303.3 306.6 315.8 322.5 325 336.7 351.4 359.6 364.7 368.1 369.1 369.6 369.9 370 368.9 367.2 365.4
285.5 289.5 296.9 311.9 332.8 336 339.4 343.9 348.7 353.2 356.5 359.1 361.8 365.1 367 369.5 371.2 373 374.2 374.6 374.4 373.4 372.2 370.5 368.7 365.5 362.7 358.5 351.6 343.6 320.6 306.4 308.9 310.8 312.8 315.1 316.9 318.9 321.6 320.6 319.7 321.9 321.8 320.2 315 308.6 302.2 278.6 262.5 253.4 244.3 236 235.2 238.9 244.8 250.5 257.6 266.6 277.5 290.6 304.4 321.3 330.9 330.6 344.1 351.9 357.6 363.3 367.9 371.9 374.6 376.6 377.4 377.7 377 375.8 374.3 372.2
276.9 285.9 288.1 293.3 313.1 323.3 334.3 339.7 345.9 350.6 354.6 356.8 360.9 364.2 366.8 369.4 371.7 373.5 375.5 376.3 376.7 376.3 375.3 374.9 374.9 374.2 372.1 368.4 362.7 356 334.9 327.2 334.3 336.3 338.8 338.5 340.2 341.9 343.5 343.3 342.7 341.8 338.3 334 327.7 319.1 294.2 272.4 252.6 240.8 235.8 235.5 235.8 239.6 248.4 255.1 262.3 273.8 287.2 303.5 318.6 332.7 343.5 349.4 354.9 360.8 366 370.4 374 377.6 379.8 381.7 382.7 382.4 381.3 379.7 377.8 375.5
287.7 278 283.5 278.2 290 307.1 326.2 336.1 343.2 348 352.1 356.3 360.4 363.9 367 369.4 372.1 374.3 376.6 377.7 378.5 379 379.4 379.6 379.6 380 378.8 375.7 372.1 366.5 345.2 354 355.6 356 355.6 355.3 355.8 355.5 355.1 354.9 354 351.7 348.4 343.3 335.1 314.9 288.6 267.8 248.3 235.9 234.7 235.1 236.6 247.4 256.2 263 270.7 281.7 300 318.8 332.5 342.8 351.1 357.5 362.5 367.2 371.7 375.5 379.1 381.5 383.3 384.7 385 384.8 383.2 381.1 379.4 377
303.1 291.9 280.2 276 277.3 291.3 310.5 328.2 336.2 340.9 349.7 355.6 360.4 364 367.3 370 372.6 375.1 377.4 379 380.3 382 383.1 384 384.5 384.7 383.9 382.8 380.5 376.3 369.6 370.5 368 367.5 366.6 365.7 365.5 365.3 364.9 363.2 360.6 359.1 355.9 350.5 332.3 305.4 280.9 261 242.4 234 234.5 233.8 244.4 254.4 263.8 273.3 287.4 296.9 309.6 328.3 340.3 349.9 357.4 363 367.1 370.9 374.8 378 380.9 383.2 384.3 385.2 385.4 384.6 383.2 381 379 376.9
325.1 313 298.5 282.9 275 280.8 298.1 311.2 319.4 337.7 350.2 355.9 360.2 364 367.5 370.7 373.1 375.6 378 380.3 382.1 383.9 385.7 386.8 387.4 387.7 387.4 386.3 384.9 383.2 381.1 377.8 376.5 374.6 372.6 371.3 370.6 370.2 369.2 368.5 366.9 364.2 360.5 355.7 326.9 300 275 253.7 235 234 233.4 241.1 254.9 268.6 282.2 295 307.7 315 323.1 335.2 345.4 354.4 359.9 365 369.4 372.5 375.5 378.2 380.6 382.3 383.2 384.3 383.6 382.6 381 378.9 377.1 374.4
334.5 327 314.4 293.6 274.2 279.9 305.5 320.4 336.4 345.7 350.8 355.8 360.1 363.8 367.1 370.2 372.9 375.5 378.2 380.4 382.7 384.5 386.5 388.4 389.6 389.9 389.8 388.9 387.7 386.4 384.7 383.1 380.4 378.2 376.4 375.4 374.5 373.5 373.1 371.8 370.8 367.6 363.4 355.6 323.7 297.3 271.7 250 232.8 231.5 239 254.9 272 287.4 301.2 311.8 320.8 327 333.4 342.2 350.6 357 361.1 366 369.2 372.1 374.6 377.2 378.9 380.7 381.2 381.2 380.6 379.6 377.9 375.8 373 370.1
332.9 325.4 315 291.9 273 282.7 307.6 330.9 340.7 345.8 351.2 355.6 358.9 363.1 366.4 369.3 371.9 374.2 376.7 379.5 382.1 384.2 386.4 388.5 389.6 390.5 390.6 390.3 390 389 387.9 386.7 383.9 381.5 379.2 377.3 376.3 375.2 375.1 373.7 372.3 369.4 364 352.2 322 294.1 268.2 247.1 232.3 237.3 248 263 283.7 299.9 312.2 323.4 332.3 339.2 344.8 349.5 355.2 359.3 362.8 365.3 367.6 370.4 372.2 374.7 376.6 377.4 378 377.7 376.6 375 373 371 368.3 364.6
331 323 307.9 286.2 271.7 282.3 303.8 328.5 339.8 345.9 350.7 354.4 357.2 360.8 364.7 367.8 369.8 372.4 375 377.7 380.2 382.7 384.8 387 388.4 389.6 390.3 390.5 390.5 390.1 389 387.2 385 381.8 379 376.9 375.2 373.5 373.6 372.7 370.6 368.2 362.7 355.2 324 294.7 269.2 245.6 233 242.3 252.1 270.2 293 306.7 319.6 331.3 339.8 346.3 351.4 355.2 358.1 361.6 363.9 365.1 367.2 368.1 369.5 371 372.2 373.1 373.6 373.2 371.5 369.6 367.6 365.7 362.9 359.4
329 315.6 300.4 280.1 272.7 280.7 300.9 324.6 336.3 343.1 348.5 352.2 356 359.3 361.8 364.4 367 369.7 372.2 375.1 378 380.8 382.6 384.7 385.9 387.6 388.7 389.4 390.1 389.8 388.5 386.6 384.1 381 377.8 373.7 371.3 370 370.2 369.3 367.8 365.1 360.3 353.3 332.1 300 272.4 247 232.9 243.1 256.8 277.3 296.9 312.2 327.2 338.6 346.8 352.7 356.9 359.6 361.4 362.9 364.2 365 366.6 367.3 367.9 368.4 368.8 369.3 369.1 368.7 367 365.4 362.6 359.6 357.2 354.2
328.9 321.6 309.8 288.6 273 276.4 295.2 318.6 333.5 341.2 345.1 349.2 353 356.1 358.9 361.6 364.3 366.9 369.5 372.4 375.2 377.9 380.1 383.3 383.6 385.3 386.7 387.8 388.1 387.9 386.8 385.1 382.5 378.9 375 370.5 365.8 364.6 364.8 364.3 363.2 360.9 356.5 350.7 336.7 305.2 277.3 251 232 245.2 266 288.3 305.6 321.7 336.6 346.5 352.2 356.5 359.3 360.8 362.2 363.4 364.4 365.1 365.3 365.4 365.1 365 365.5 365.7 365.2 364.2 362.5 359 356 353.1 350.8 348.4
328.9 323.4 314.5 296.2 276.5 271.8 287.9 307.2 329.6 338.5 342.7 346.2 349.8 352.9 356.1 358.7 361.4 364.1 366.8 369.4 371.8 374 376 377.9 379.7 381.8 383.4 384.7 385.6 385.3 384.4 382.2 379.2 374.8 369.7 364.1 355.6 354.5 355.8 356.7 355.1 352.9 349.7 344.8 337.1 308.5 279.3 251.9 230.4 248.1 268.8 292.7 310.4 326.4 338.8 347.1 351.9 355 357.1 358.9 360.1 361.2 362.1 362.5 362.5 362.2 361.9 361.6 361.3 360.9 360.5 359.2 356.9 352.9 349.4 346.6 343.8 341.7
329.2 324.1 316.3 301.5 283.5 270.9 281 300 320.2 334.6 339.2 343.2 345.5 349 352.3 355.5 358 360.6 363.1 365.6 367.8 369.8 371.8 373.6 375.5 378 380 381.3 382.3 381.5 379.8 377.1 373.2 368.5 363.9 357.5 341.3 341.7 345 343.7 344.5 340.9 337.5 331.6 326 311.6 280.1 251 230.7 249.3 271.1 292 310.2 327 336.8 343.4 348.5 351.4 353.5 354.8 356 357.2 358.2 358.4 358 357.1 356.8 356.6 355.7 355 354.2 352.9 350 346.2 342.6 340.6 338.9 336.9
328.5 324.4 318.2 311.8 298.1 275.7 273.1 292.1 312.8 329 337.1 340.9 342.7 345.6 348.1 351.7 354.1 356.5 359 361.3 363.5 365.6 367.6 369.7 372.4 375 377.4 378.7 379.5 379.1 377.6 374.5 369.7 364.1 356.5 349.1 339.3 321.8 329 326.5 322.8 319.1 315.6 311.1 304.7 297.9 280.9 252.2 230.6 249.1 269.6 287.5 304.1 322.4 331.8 336.5 342 345.9 348.8 350.6 351.2 352.4 352.7 352.9 352.7 352.2 351 350.2 349.1 347.4 346.7 344.2 341.4 338.6 336.4 334.3 333 331.6
329.4 325.3 320.5 315.7 302.9 279.5 270.5 291.7 314.2 329.6 335.2 338.2 339.8 341.6 344.2 348.2 350.1 352.4 354.4 356.9 359 361.2 363.9 366.8 369.5 372.6 375.2 376.9 377.3 376.8 375.8 372.8 366 355.4 342.3 329.4 322.2 314.2 307 304.6 298.7 294.9 292.8 288.3 282.7 277.1 264.4 247.6 229.8 247.3 259.6 274.9 295.7 312.2 321.7 327.3 332.4 337.4 341.5 344.1 345.5 346.6 346.6 346.6 346.5 345.6 343.6 342.2 339.8 337.3 335.2 332.9 330.5 328.1 325.6 325.2 324.2 324.4
328.2 324.6 320.5 315.1 299.4 273.8 270.6 293.9 314.8 329.1 332.7 334.4 336.3 337.4 341 344.7 346.5 348 348.7 349.4 352.1 355.2 358.9 363.2 366.6 370.1 373 375.1 376.8 376.9 375.6 373.1 368.8 363.6 357.3 349.5 336.4 311 311.5 306.1 305.1 299.1 288.6 274.2 265.8 255.9 249.6 239.9 228.2 239.1 247.9 262.5 283.8 299.7 306 310.9 316.4 322.6 329.5 335 337.2 340.1 341.4 340.9 339.3 338.5 335.8 333.8 328.6 322.5 319.2 317.1 313.2 313.4 312.8 311.5 313.3 316.5
326.4 323.1 318.7 311.6 291.5 269.7 269.8 291 310.1 324.2 329.5 331.8 330.6 332.2 338.3 341.7 343.7 344.5 343.4 343.4 345.5 349.3 354.8 359.7 365 368.8 371.9 374.3 376.1 376.7 376.3 374.1 371.3 367.4 362.4 355.2 330.5 316.7 330.7 330.3 326.5 322.9 318.2 310 303.6 296.5 287.4 264.8 240.9 229.9 236 248.2 264.1 278.6 287.1 291.3 295.3 302.1 310.3 321 329.2 333.7 336 335.6 333.4 330.8 326.4 322 315.4 305.7 296.8 295.4 295.6 296.9 299.1 303.1 308.9 313
324.3 321.4 316.9 309.3 287.2 267.6 265.6 282.8 301.3 316.7 323.2 325.3 324.2 330.4 336.1 339 340.4 339.6 336.7 335.9 341 347 352.7 359 363.7 367.4 370.8 373.3 375.6 376.6 376.4 375.7 373.2 369.9 365.3 353 324.7 341.3 347.2 348.8 347.5 344.5 343.3 340 335.9 330 318.3 286.6 261.3 244.7 229.7 238.3 250.6 257.5 265.8 270.2 275.3 282.4 291.8 301.7 315.4 326.5 328.2 327.3 324.9 320.9 314 307.3 298.3 289.4 280.8 279.5 281.8 287 294 301.8 309.5 311.7
