app/static/ascii/SS87.asc
ncols 200
nrows 200
xllcorner 280000
yllcorner 170000
cellsize 50
[rows 0 to 37 of 200, columns 0 to 84 of 200]
20.1 20.3 19.9 17.8 15 17 18.5 18.3 18.7 20.3 22.3 23.1 23.4 23.4 23.4 23.2 23.1 23.6 24.5 24.4 23.9 23.3 22 21.5 23.2 24.1 23.6 23 23.3 23.2 21.5 19.2 19.8 20.2 21.6 23.4 24.9 27.8 30 31.5 32.9 36.1 38.7 43 43.5 46.2 47.3 43.6 44.3 46.9 46 48.3 51.2 55.6 64.1 68.6 76.8 80.3 79.6 79.8 80.8 69 68.5 66.9 61.4 61.3 60.8 56.8 50.9 50.7 47.8 41.7 36.7 31.6 25.3 25.5 37.2 82.7 102.9 104.2 104.4 104.4 103.7 102.8 102
18.6 19.3 19.2 17 14.2 16 17.5 18.2 19.8 21.5 22.5 22.8 23 23 22.8 22.5 22.1 22.8 23.5 24.2 24 23.9 21.8 22 23.5 23.6 23.1 22.6 22.4 21 19.7 19.6 19.8 20.2 22 23.6 25.2 26.8 30.1 32.2 38.1 41.8 40.9 42 35.3 36.3 35.1 51.6 58.5 47.7 55.6 68.3 72.9 80.1 80.3 80.3 80.2 80.5 80.7 80.3 80.8 60.7 50.6 50.3 60.9 61.4 61.2 56 53.2 52.6 53.2 52.3 49.6 36.3 29.3 24.6 33.3 50.4 94.4 103.7 104.2 104.1 103.9 103 102.1
18.5 18.4 18.4 15.6 13.6 14.4 16.6 18.6 20.1 21.6 22 22.3 22.5 22.5 21.9 21.5 21.4 22.1 22.7 22.9 23.2 23.3 22.6 22.2 23 23 22.5 21.9 20.4 19.1 19.6 19.6 19.8 20.3 22.4 24 25.6 26.9 29.3 31.6 38.7 46.1 44.3 42.2 30.7 26.2 26.2 26.2 48.5 59 66.2 78.3 79.7 80 80.8 81.3 81.2 81.5 81.8 82.1 82.4 56.4 50.3 50.3 60.6 60.8 59.4 60.5 59.9 56.7 56.8 60.4 64.7 65.9 56.6 48.8 39.5 51.5 73 102.9 103.8 103.7 103.6 103.2 102.3
18.5 18.8 17.5 14.5 12.5 13.1 15.2 16.9 18.9 21.1 21.2 21.5 21.6 21.4 21 20.5 20.7 20.9 21.1 21.4 21.9 22 20.5 20.3 21.4 22.1 21.6 20.2 19 18.6 19.7 19.8 19.9 21.2 22.7 24.3 25.4 26.6 29 31.1 36.5 43.7 42.6 42.2 29.5 26.2 26.2 26.2 26.2 47.9 67.6 78.5 79.9 80.8 81.1 81.6 81.7 82.4 82.8 83.1 83.3 61.8 50.3 50.3 61 61 70.9 77 80.3 75.6 71.9 71.6 73.9 81.7 89.2 87 89.4 90.9 100.7 102.3 103.4 103.6 103.4 103.2 102.4
16.4 17 15.7 12.2 13.2 14.8 15.5 15.6 18.2 19.5 19.9 20 20 19.7 19.2 19.2 20 19.8 20 19.5 18.9 18.2 18.1 18.8 19.8 20.8 19.7 19.3 18.1 18.7 19.9 19.9 19.9 21.5 22.9 24 25 26.1 27.7 29.6 32 37.7 47.3 53.5 61.7 26.2 26.2 26.2 26.2 26.2 45 63.4 67.1 80.9 81.4 80.9 81.3 81.9 82.6 83.1 83.4 81.4 80.6 80 83.9 69.4 76.1 90.3 91.2 92.7 94.5 95.9 96.8 98.4 98.4 98.5 99.5 100.3 100.9 101.7 102.5 103 103.3 103.1 102
10.9 13 12 10.6 13.1 15.4 16 15.4 15.5 16.5 16.8 16.7 17.3 17.6 17.2 18.7 20 19.6 18.3 17.5 16.7 16.8 17.1 17.4 17.5 18.3 17.8 17.5 17.6 19.4 20.2 19.4 19 21.5 22.3 23.3 24.3 25.3 27 28.6 30.2 33 35.3 44.1 57.3 53.3 26.2 26.2 26.7 26.2 27.2 56.5 78.5 81.2 80.1 80.5 80.9 81.3 81.8 82.3 83.4 83.7 84.3 85 86.6 88.2 89.3 89.8 90.9 92.2 93.3 94.5 95.8 96.4 96.8 98.1 98.9 99.8 100.5 101.2 101.8 102.4 102.8 102.4 101.6
9.5 9.9 10.2 10 11.3 12.8 14 14.1 13.7 12.2 12.4 13.3 14.7 15 15.9 17.1 17.4 17.2 16.2 15.7 16 16.1 16.3 16.5 16.8 18 16.9 16.9 17.6 20 20 18.5 18.7 21.2 22 22.8 23.6 24.6 26.1 27.5 29 30.9 31.9 35.8 48 62.6 67.4 54.5 34.6 38 61.9 74.7 75.9 78.1 78 78 78.6 80.1 81.5 83 84.4 85.6 86.1 86.1 87.3 87.9 88.6 89.2 90.5 90.9 91.7 92.8 93.4 94.2 95.7 97.4 98.4 99.2 99.9 100.6 101.3 101.9 102.2 101.4 100.9
13.1 15.5 11.4 10.3 11.6 11.4 10.9 11.5 11.5 11 12.7 12.5 12.3 13 13.7 15.1 15.8 15.3 14.9 15.4 15.6 15.4 15.7 15.9 16.2 16.6 16.6 16.7 17.5 20.6 19 18.4 18.8 21.1 22.1 23 23.9 23.9 25 26.3 27.9 29.9 31.3 32.7 39.4 50.1 61.1 66.1 72.2 76 76.8 75.5 74.1 74.3 75.4 74.6 77 79.2 81.5 83.5 85.7 87.2 87.5 87.4 86.9 87.3 87.9 88.7 89.2 89.6 90.4 91.2 90.6 92.8 95 96.5 97.7 98.4 99.1 99.9 100.7 101.3 100.8 100.5 99.8
14.5 17.3 17.3 16.4 17.1 17.4 17.8 17.9 16.9 15.4 14 13.6 13.5 13.4 13.5 13.4 14.7 13.8 14.1 15 14.9 14.7 15.2 15.2 15.6 16.4 16.6 16.5 17.5 19.9 18 18 19.3 21.4 22.5 23.4 23.3 23.3 24.4 26.4 28.2 29 30.2 31.6 34.3 39.9 52 58.1 64.2 70.4 71.9 73 72.6 72.9 70.5 72.3 73.9 77.6 80.2 83.3 86.3 88.4 89.3 88 86.9 85.9 86.5 87.3 87.9 88.4 89 88.9 89.5 92 94.1 95.5 96.8 97.5 98.2 99.1 99.9 100.3 99.9 99.6 98.7
15.9 18.1 17.4 16.8 17.6 18.1 18.8 19.8 19.1 17.4 16.3 15.5 15.1 14.8 14.7 14.7 14.6 14.7 14.9 14.7 15.3 15.6 16 15.8 15.9 15.8 16.7 17.9 19.5 19.9 17.5 18.5 20.8 21.8 22.8 22.8 22.7 22.7 24.8 27.5 28.9 29.2 29.2 30.6 33 36.4 41.7 50.7 58.3 62.8 66.2 68.2 70.2 70.5 67.7 67.7 69.5 73.7 78 82.1 85.3 88.1 88.8 88 86.6 83.9 84.3 84.7 85.8 86.4 86.1 85.6 88.4 91.1 93.2 94.5 95.7 96.7 97.4 98.3 98.9 99.2 99 98.7 97.6
16.1 18.2 18 16.7 17.6 18.7 19.8 20.7 21.3 19.1 18.4 17.4 17.1 17 16.7 16.6 16.4 16.1 15.7 15.1 14.9 15.3 17.1 19.9 19.6 19 20.9 21.2 20.3 18.2 17.6 20.1 22.4 23 22.5 22.3 22.2 22.2 24.6 28.2 29.7 29.2 28.1 29.2 31.1 34.3 37.2 39 50.6 56.1 58.8 61.7 65.2 63.5 61.3 61.1 65.3 69.5 74.3 79.1 82.9 85.7 86.7 86.5 86.1 82.4 75.9 74.9 75.9 78.4 82.4 86.1 87.7 90 92.2 93.4 94.6 95.8 96.6 97.3 97.9 98.2 98.1 97.8 96.6
16 18 17.9 16.6 17.6 18.9 20.5 21.7 21.7 20.2 19.6 19 19.4 19.5 18.7 18.6 18.2 17.6 17.6 17.4 17.3 16.6 15.7 16.5 19.3 19.8 19.4 19.9 18.5 17.4 19.2 21.8 23.2 23.1 22.6 22.1 21.9 22 23.9 27.8 30.7 29.3 27.4 28.2 28.9 31.7 34.5 36.9 38.9 45.3 49 52.1 49 54.2 52.6 56.7 58.1 62.9 67.6 72.6 78.3 82.6 83.9 80.1 75.6 69.5 66.5 75.1 81.6 84.9 86.3 87.7 88.3 89.2 91.2 92.4 93.6 94.8 95.6 96.3 96.9 97.1 97 96.8 95.7
15.3 16.1 16.3 17 17.6 19 20.6 20.9 20 19.7 19.9 20 21 22.7 20.9 20.5 20.4 19.9 19.5 19.5 19.6 19.5 18.6 17.2 18 16.8 16.8 16.7 17.6 19.4 21.4 22.4 23.3 23.2 22.6 22 22.2 22.3 23.9 29.4 31.3 29 27 27.5 27.7 29.2 31.7 33.5 35.2 36.3 40.3 41.4 42.5 45 43.5 48.2 52.3 56.5 60.7 66 71.8 77.7 73.4 61.6 57.7 59.8 75.2 83 84.6 85.8 87.2 87.5 88.1 89.1 90.2 91.4 92.5 93.6 94.6 95.2 95.9 96.3 96.7 97.1 96.6
12.9 12.9 12.8 15.3 17.6 19.2 20.7 19.6 19.5 20 20.3 21.1 22 22.8 22.2 21.5 21.5 21.7 21.8 21.4 21.4 21.5 20.9 20.1 19.1 19.5 19.6 21.6 20.7 21.4 22.9 22.8 22.9 22.7 22.5 21.8 22.2 22.6 23.6 28.3 30.8 29.7 26.5 26.6 26.7 27.2 28.5 30.1 31.4 32 32.1 33.2 35.9 37.2 40.6 42.9 46.6 51.2 54.5 57.2 62.4 63.7 52.2 60.9 67.4 71.7 64.8 78.5 80.7 80.5 83.4 85.5 87.1 87.7 89.2 90.4 91.6 92.8 93.7 94.5 95.4 96.4 97.1 97.4 97.8
10.6 11.1 10.6 12.2 16.4 19.3 21.2 20.2 19.6 20.6 21.3 22.3 22.9 23.5 23.1 22.6 22.7 22.8 22.9 23.1 23.3 22.8 21.8 20.9 19.9 21.7 22.6 23.2 23.7 23.5 23.2 23.2 22.7 22.3 22.4 21.7 22.1 22.6 23.7 28.8 29.8 26.4 25.9 26 26.1 26.1 26.1 26.8 27.6 28.5 28.9 30.5 32.1 34.3 37.1 39.8 42 44.9 48.1 50.7 53 47.1 52.2 67.2 74.2 78 79.1 75.7 74.8 76.8 79.3 80.5 84.5 86.2 88 89.5 90.9 92.3 93.2 94.1 95 96 96.9 97.9 98.3
9.6 9.8 10 11 13.5 17.7 20.1 19.5 19.8 21.3 22.7 23.5 23.8 24.3 24.3 23.6 23.9 24 24.1 24.2 24.3 23.6 22.8 21.9 21.3 22.2 23.5 24.5 24.6 23.5 23.4 23 22.4 22.1 21.9 21.7 22.1 22.6 23 25.5 26.5 26.2 25.5 25.6 25.6 25.3 25 24.5 24.9 25.5 26.4 28 30.6 32 34.2 36.8 37.9 39.7 42.1 43.9 43.9 42.7 56.4 67 75.9 82.1 84.4 83.4 81.9 82.2 83.5 84.8 86.7 88.3 89.8 90.5 91.5 92.7 93.3 93.8 94.6 95.6 96.5 97.5 98.5
9.3 9.8 9.6 10 11.3 14.3 17.4 18.5 20.2 21.5 22.9 24.1 23.3 24.3 24.5 24.6 25 25.1 25.2 25.3 25 24.3 23.6 22.9 22.8 22.9 23.9 25 24.9 23.7 23.1 22.8 22.2 21.8 21.6 21.6 21.9 22.3 22.7 23.4 23.9 25.2 25.2 25.2 24.9 24.9 24.8 24.8 24.2 23.6 24.7 27.1 28.9 30.3 31.7 33.8 34.8 35.8 36.6 37.9 38.9 42.5 54.7 63.5 73.9 79.6 81.7 83.7 83 84.9 86.3 87.7 89.5 90.3 90.6 91.6 92.3 92.9 93.5 94 94.5 95.2 96.1 97.1 98.1
10 9.3 9.8 10.5 10.5 12.5 15.5 17.8 19.7 20.2 22 22.5 23.5 24 24.2 24.5 25.6 25.6 25.6 25.6 25.6 25 24.3 23.6 23.5 23.6 24.9 25.3 25.6 24.3 23.2 22.7 22.1 21.5 21.3 21.2 21.6 22 22.7 23.4 23.9 24.3 24.7 24.6 24.6 24.5 24.5 24.4 23.9 22.4 24.4 26.8 28.2 29.4 30.6 31.4 32 32.9 34 34.9 36.1 39.6 45.8 55.8 66.2 74 78.2 80 83.2 84.5 85.3 87.1 88.5 88.6 89.6 90.6 91.7 92.6 92.9 93.6 94.4 95.2 95.8 96.7 97.7
8.6 8.5 9.7 10.6 12.3 11.7 15 17.1 19.2 20.6 21.2 22 23.5 23.8 24.1 24.6 25.9 25.9 25.9 25.9 25.8 25.6 24.9 24.4 24.2 24.3 24.4 26.9 26.6 25 23.9 22.8 21.9 21.3 20.9 20.9 21.2 21.6 22.7 23.5 23.9 24.4 24.1 24 24 23.9 23.8 23.6 22.8 22.1 24.3 26.3 27.6 28.6 29.4 30.2 30.7 30.9 31.6 32.5 33.5 35.3 37.8 42.4 52.1 63.5 70.9 76.6 81.2 83.2 83.4 85 86.5 87.4 88.6 89.6 90.6 91.7 92.1 92.8 93.4 93.8 94.2 95.7 96.8
8 8.9 10.3 11.3 11.8 13.5 14.8 15.8 17.9 19.9 21.5 22.8 23.3 23.7 24 24.8 26.2 26.2 26.2 26.1 26.1 26.1 25.6 25.2 25 25 24.8 25.9 26.7 25.6 24.4 23.3 22.3 21.3 20.5 20.6 20.9 21.5 22.7 23.5 24 23.8 23.5 23.4 23.3 23.3 23.2 22.7 19.6 21.4 24.2 25.7 26.5 27.4 28.2 29 29.5 29.5 29.7 30.4 31.3 32.8 34.8 38 40.9 49.3 58.1 64.4 70.4 73.7 78.4 82.9 84.7 86.1 87.2 88.3 88.4 89.3 89.7 90.3 90.9 91.3 92.2 92.5 92.7
9 12.1 10.1 14 15.1 17.4 18.6 20 20.2 19.7 21 22 22.5 23.4 23.9 25 26.3 26.5 26.5 26.4 26.4 26.4 26.3 26.1 25.8 25.7 25.5 26.1 26.7 25.9 24.9 23.8 22.8 21.6 20.5 20.4 20.5 21.5 22.7 23.6 23.5 23 22.9 22.8 22.7 22.7 22.4 21.9 19.5 20.3 23.6 24.4 25.3 26.1 27 27.8 28.1 28.1 28.1 28.8 29.4 30.5 32.3 33.9 36.7 40 44.2 50.6 58.3 64 71.3 75.3 79.2 80.8 82.6 84.4 84.9 86.1 86.7 87.3 87.7 88.2 88.7 88.9 88.9
9.6 11.1 13.9 15.5 17.4 19.4 20 21.3 21.9 21 21.4 22.1 22.5 23.1 24.1 25.1 26.5 26.8 26.7 26.7 26.7 26.5 26.5 26.5 26.6 26.4 26 25.9 26.3 25.9 25.5 24.2 22.7 21.3 20.4 20.2 20.1 21.4 22.6 23.3 22.7 22.3 22.3 22.6 22.6 21.7 21.6 17.9 18.1 19.2 21.9 23.2 24 24.9 25.8 26.6 26.7 26.7 26.8 27.1 27.6 28.4 29.9 31.7 33.2 35.3 37.6 38.7 44.9 56.1 62.1 67.7 71.8 76.4 79.2 80 79.7 79.1 81.6 83.8 84.3 84.8 84.9 84.8 84.8
10.5 13 15.3 17.2 19.1 21.3 21.7 23.1 22.6 22.2 21.8 22.5 23.3 24.2 25.2 25.8 26.7 27 27 26.9 26.8 26.6 26.6 26.6 26.3 26.5 25.9 25.6 25.6 25.2 25 24.5 22.9 21.7 20.5 19.3 19.7 20.9 22.2 22.3 21.6 22.4 23.1 22.7 22.2 20.9 21.2 17.3 17.5 19.6 21.6 22.5 23.3 24 24.8 25.3 25.4 25.4 25.4 25.3 25.9 26.8 27.6 29.4 30.9 32.4 33.9 36 37.9 47.1 50.8 62.5 68.8 73 76 77.1 76.6 68.8 78.9 80.6 79.9 80.6 80.7 80.4 80.2
12.7 14.2 15.6 18.1 20.9 22.1 22.8 23.5 23.5 23.2 22.7 23.7 24.4 25.3 26.1 26.7 27.1 27.3 27.1 27 26.8 26.7 25.3 25.9 26.7 26.7 26 25.3 25 24.6 24.2 23.5 22.7 22 21.3 20.1 18.6 19.8 21.2 21.3 21.1 21.9 22.1 22 21.6 20.4 17.5 16.3 16.8 18.9 20.4 22.3 23.4 24.2 24.6 24.4 24.3 24.3 24.2 24 24.3 25.1 26 27 28.6 29.5 31.8 34 36.3 38.9 49.2 55.4 61.5 66 69.3 71 70.3 67.5 74.2 74.6 72.5 74.6 74.7 73.5 74.1
12.5 14.6 15.8 19.6 21.6 22.3 23 23.7 24.1 23.6 23.8 25 25.2 25.7 26.6 27.1 27.4 27.7 27.6 27.5 27.4 27.2 26.4 26.2 27 26.8 26.1 25.5 24.9 24.4 24 24 23.4 22.7 21.8 21 19.2 18 19.8 20.4 20 20.7 20.7 21 20.8 20.1 16.8 15.7 15.6 16.6 19.5 22 23.3 23.8 24.3 23.5 23.3 23.3 23.1 22.8 22.9 23.5 24.4 25.2 26.5 28 29.9 32.1 34.3 36.1 38.9 47.6 53.8 59 62.3 63 61.2 63 67.2 67.8 65.7 67.8 67.3 66.6 67.8
12 13.7 15.6 19.5 20.9 21.8 22.7 23.6 23.8 23.7 25.1 25.3 25.7 26.2 27 27.4 27.5 27.8 27.8 27.6 27.5 27.5 27.5 27 27.3 26.9 26.3 25.7 25.2 24.7 24.5 24.2 24.2 23.7 22.9 22.1 21.2 19 16.8 17.5 19 19.5 19.8 20.3 19.9 19.4 16.3 15.8 15.5 15.1 17.8 21.5 22.5 23.4 23.8 22.7 21.7 22.2 21.8 21.5 21.8 22.3 23.2 24.5 26 27.5 28.6 30.6 32.6 34 36 39 46.7 51.9 54.9 52.5 49 55.9 58.1 59.3 59.1 59.4 61.9 64.6 67
11.4 13.8 14.9 17.8 20 21.1 22.3 23.5 24.1 24.4 26.1 26 26.3 26.7 27.4 27.5 27.7 28 27.7 27.4 27.2 27.7 27.7 27.7 27.6 27.2 26.6 26 25.8 25.8 25.6 25.1 24.7 24.4 23.9 23.3 22.3 20.4 18 17.5 16.4 18.6 19.1 19.6 18.9 17.9 15.5 15.4 15 14.7 16.2 19.4 21.6 22.5 23.1 21.7 20.1 21 20.9 20.3 21 21.9 23 24.1 25.6 26.8 27.6 29.6 31 32.2 33.8 35.3 40.1 44.5 46 44.6 47.9 50.6 53 55.6 59.6 62.4 66 68.9 69.9
5.7 10.6 12.2 14.7 16.9 19.9 22.2 23.4 24.4 25.1 25.7 27 27 27.3 27.5 27.6 27.8 28 27.6 27.3 27.3 27.8 27.5 27.2 27 26.8 26.2 25.6 26.3 26.5 26.2 25.8 25.4 25.1 24.7 23.7 22.2 20.7 19.1 19 14.8 17.6 18.8 18.3 16.9 14.3 14.3 14.2 14.2 14.1 14.6 17.1 20.8 22 22.4 21.2 19.6 19.4 20 19.4 20.7 21.8 22.8 23.9 25.1 25.8 26.6 28.2 29.2 30 30.8 31.8 32.9 34.3 43.6 52.3 56.2 59.5 61.1 61.5 64 66 69.3 71.3 71.1
2.6 5.5 9.3 11.5 15.9 19.2 21 22.6 23.4 24.8 26.1 27 27.7 27.8 28 27.8 28 27.9 27.9 27.6 27.1 26.9 26.7 26.4 26.3 26.2 25.7 25.1 26 26.5 26.2 25.8 25.4 25.1 24.7 23.8 22.5 21.1 19.7 19.1 16.5 16.6 17.7 17.1 14.2 13.6 13.4 13.3 13.3 13.4 13.8 15.4 19 21.2 21.5 20.9 19.2 18.6 18.2 19.2 20.3 21.5 22.5 23.3 24 24.8 25.5 26.2 27 27.8 28.6 29.6 30.6 34.2 44.4 53 58.1 61.2 63.9 65.4 65.9 68.9 71 72.6 71.3
4.5 2.6 8.2 10.4 13.4 17.4 19.7 21.6 22.9 24.2 25.4 26.4 27.2 28 28.4 28.6 28.4 27.9 27.3 26.7 26.2 26.1 25.8 25.6 25.5 25.4 25.3 24.7 25.5 25.9 26.2 25.8 25.5 25.1 24.7 23.8 22.4 21.1 19.8 18.4 14.8 13.1 17.4 15.9 13.5 12.9 12.6 12.7 12.8 12.9 13.3 14.5 17.7 20.6 21.4 20.5 18.8 18 18.4 19.4 20.5 21.2 21.5 22.2 23 23.8 24.4 24.5 25.1 25.9 26.7 27.7 29.1 31.1 35 48.2 54.3 58.1 60.7 62.8 65.3 68.2 70.9 72 70.8
3.9 3.5 2.7 10.2 13.1 15.1 19.5 21.1 22.4 23.6 24.5 25.4 26.3 27 27.8 28.5 28.1 27.2 26.6 26 25.4 25.2 25 24.9 24.8 24.7 24.6 24.3 24.7 24.7 25.4 25.5 25.5 25.1 24.7 23.7 22.4 21 19.8 18.5 17.2 11.3 16.9 13.7 12.7 12 12 12.1 12.3 12.4 13.1 14.8 17.8 20.6 20.6 19.7 18 16.1 18.7 19.6 20.7 20.9 21.2 21.4 21.9 22.6 23.2 23.5 23.6 24.1 24.9 26.3 27.7 29.2 31.9 37.5 46.8 51.9 54.9 57.9 61.9 65.8 68.5 69.3 70.2
3.3 2.9 4.7 10.1 13.1 16.8 19.4 20.7 21.9 22.7 23.6 24.5 25.3 26.1 26.9 27.4 27.5 26.6 26 25.3 24.6 24.3 24.4 24.3 24.2 24.2 24.1 23.7 23.6 23.5 24.3 24.8 24.9 24.9 24.7 23.7 22.4 21.1 20 19.3 17.8 10.8 14.1 12.7 11.9 11.3 11.4 12 12.1 12.3 13.5 16.3 19.5 19.6 19.4 18.9 16.5 16.5 19 19.8 20.4 20.6 20.7 20.8 21 21.5 22.1 22.6 22.3 22.7 23.3 24.5 25.8 27.6 29.6 32.3 39.2 45 49.4 53.3 57.3 61.9 65.2 66.9 67.7
2.8 2.4 2.4 7.7 12 15.1 18.1 20.2 21.2 21.8 22.7 23.5 24.4 25.1 25.6 26.1 26.3 25.9 25.2 24.4 23.7 24 24.5 24.5 24.5 24.4 24.4 23.3 22.4 22.4 23.1 24.1 24.2 24.3 24.5 23.7 22.3 21.5 20.5 19.1 17.4 14.3 9.4 11.4 10.7 10.2 11.1 12.2 14 14.6 16.2 19 18.9 18.5 18.3 17.2 15.8 17.1 18.7 19.2 19.5 19.7 19.9 20 20.2 20.7 21.1 21.6 21.1 21.2 22 22.7 24.1 26 27.9 30.3 34 38.1 42.6 47.7 52.7 57.3 61.2 62.1 63.6
2.2 1.8 2 2.6 10.9 13.4 15.9 19.5 20.8 21.5 22.1 22.6 23.3 23.8 24.2 24.7 25.2 24.7 23.9 23.5 23.5 23.6 24.4 24.3 24.3 24.8 24.6 22.9 21.3 21.3 22.1 23.4 24 24.1 24.1 23.3 22.6 21.7 20.6 18.7 16.8 15.4 9 10.1 9.6 10.7 11.8 15.8 17.4 17.7 18.4 18.3 18 17.6 16.5 15.4 15.1 16.8 17.6 17.9 18 18.6 19 19.1 19.4 19.8 20.2 20.5 19.8 19.6 20.2 21.2 22.6 24.4 26.2 28.3 31.1 33.5 36.5 41 47 52.1 55.6 58.1 60.2
1.6 1.2 1.6 2.3 5.9 12.3 14.9 17.9 20 20.9 21.4 22.2 22.9 23 23.1 23.4 23.9 23.5 23.4 23.3 23.2 23.2 23.8 23.7 24.3 24.8 24.3 22.7 21.2 20 21.2 22.5 23.8 23.9 23.6 22.6 22.4 21.9 20.1 18.3 16.6 13 9.1 9 9.3 10.1 12.3 15.4 16.4 16.8 17.4 17.2 16.9 16.1 15.1 14 14.4 15.6 16 16.3 16.7 17 17.7 18.3 18.6 18.9 19.2 19.5 18.6 18.3 18.6 20 21.5 23 24.6 26.5 28.9 30.8 32.7 35.6 39.5 45.6 50.5 49.5 48.5
1 0.6 1.3 1.9 2.6 5.7 12 15.5 17.2 19.6 21.1 21.8 22.8 23 23.1 23.2 23.5 23.4 23.2 23.1 23 22.9 23.3 23.3 24.2 24.8 24.2 22.7 21.4 20 20.6 21.7 22.9 23.6 23 22.1 22.1 21.9 20.6 19.1 16.6 12.7 9.6 7.9 8.4 9.6 12.1 14.6 16.1 15.8 16.2 15.8 15.2 14.9 14.1 13 13.3 14 14.4 14.7 15.1 15.4 16.1 16.9 17.7 18 18.4 18.2 17.6 17 17.7 19.1 20.5 22 23.4 24.8 26.6 28.4 30.1 32.6 35.2 38.6 40.7 50.1 57.5
0.4 0.3 0.9 1.5 2.1 3 6.5 12.6 14.2 17 20 21.5 22.7 22.9 23.1 23.4 23.8 23.8 23.5 23.2 22.9 22.7 22.7 22.9 23.9 24.7 23.9 23.3 21.9 20.3 19.7 20.8 21.9 23.1 22.1 21.1 21 21 20.9 19.9 16.8 12.7 9.5 7.7 8.1 8.6 11.3 13.5 14.1 14.6 14.6 14 13.4 13.2 12.9 12.3 12.2 12.6 13 13.5 13.8 14.1 14.6 15.5 16.4 17.2 17 16.7 16 15.9 16.9 18.1 19.6 21 22.4 23.6 25 26.8 28.6 30.5 32.8 35.5 41.4 55.8 61.5
-0.1 -0.1 0.5 1.2 1.7 2.3 4.1 8.6 12.1 15.9 20.8 22.2 22.4 22.9 23.3 23.7 24.1 24.2 23.9 23.6 23.3 23 22.5 22.5 23.5 24.4 24.3 23.8 23 21.1 20.6 19.5 20.1 21.2 20.1 18.9 19.4 19.5 20.2 19.6 17 12.5 9.6 7.8 7.3 7.9 10.7 12 12.3 12.8 13.2 12.4 12.4 12.1 11.9 11.5 11.4 11.7 12 12.3 12.5 12.7 13.2 14 15 16.1 15.2 14.3 14.2 15.2 16.2 17.2 18.6 19.8 21 22.1 23.5 25.3 27.2 29.1 31.2 33.6 41.8 57.5 62.8
