app/static/ascii/SS88.asc
ncols 200
nrows 200
xllcorner 280000
yllcorner 180000
cellsize 50
[rows 111 to 147 of 200, columns 83 to 165 of 200]
70.8 70.4 69.2 62.7 61.9 68.3 71.7 74.5 78.1 80.2 81.9 83.1 84.1 85.2 85.8 86 85.4 83.3 80.8 78.8 77.8 76.9 76.4 76.1 75.8 75.1 74.2 73.2 73.1 75 77.3 79.4 81.9 84.2 86.1 88.2 91.7 95.1 97 99.1 102 104.7 106.3 107.3 107.9 108.7 111.2 113.7 115 115.4 116.2 116.9 116.7 116.5 116.5 115.9 115.4 114.2 112.8 111.9 110.9 109.2 109.2 111 112.4 113.4 113.8 114.3 114.6 115.2 116.9 117.5 117.5 116.2 114.7 113.6 112.7 110.3 108.1 106.3 107.2 108 109.1
70.2 70 68.8 61.7 60.5 65.1 70.5 48.3 54.3 60.1 79.9 82 82.7 83.8 84.2 84.1 83.2 81.1 77.9 76.4 75.5 74.7 74.1 73.6 73.2 72.9 72 71.1 72.6 73.7 76.5 78.2 81.4 83.6 85.2 87 90 93.4 95.4 97.5 99.9 102.4 103.2 103.9 105 106.1 107.9 109.7 111.1 112.4 113.5 113.5 113.3 113.1 112.9 112.6 112 111.3 110.6 109.8 108.8 106.7 104 107.8 109.4 110 110.6 111.2 110.7 111.8 112.8 113.1 112.4 111.9 110.4 108.5 106.3 104.6 102.6 101.9 102 103.4 104.5
69.7 69.9 68.8 61.4 58 62.6 65.6 38.4 38.4 38.4 46.2 61.5 76 81.9 81.9 81.8 80.9 79.1 76.2 74.7 73.8 73.2 72.8 72.1 71.2 70.6 70.5 70.8 72 72.7 75.9 76.6 78.4 78.4 84 86 88.7 91.8 93.9 96 98.2 99.9 100.9 101.7 102.6 103.7 105.8 107.5 108.9 110.1 110.6 109.8 109.5 109.2 108.9 108.9 108.9 108.2 107.4 106.6 105 104.2 101.8 103.8 104.7 105.1 105.3 104.5 105.4 105.9 105.7 105.8 105.4 104.5 103.5 102 100.3 98.3 98.2 98.1 98.2 99.3 99.5
69.1 69.2 68.9 59 56.9 61.2 60.5 38.4 38.4 38.4 38.4 38.4 46.4 59.3 69.8 78 77.5 76.4 74.9 73.1 72.1 71.7 71.5 70.8 70.3 73 76.6 73.3 70.3 67.6 71.1 72.3 70 80.9 83.1 86 88.5 90.8 93 95.1 96.9 98.2 99.1 99.8 100.4 101.9 103.7 105.4 106.7 107.5 107.6 107 106.1 105.2 105 104.8 104.4 104.5 104 103.2 101.9 101.6 100 100 100.7 101.4 100.6 99.7 99.9 99 98.3 98.1 98 98 97.4 96.5 96 95.4 95.2 95.1 95.9 96.8 97.1
66.9 66.8 65.7 57.9 55.7 60.8 55.4 38.4 38.4 38.4 38.4 38.4 38.4 38.4 46.1 64.4 74.8 74.8 73.7 72.1 74.5 70.1 75.2 83.9 92.3 94 94.3 94.4 93.9 74.4 66.9 68.6 70 76.2 83.1 85.7 88 90.4 92.9 95 96.1 97 97.8 98.5 98.4 99.9 101.9 103.3 104.4 104.8 104.6 104 103.3 102.5 101.6 101 100.7 100.4 100.1 99.8 99.6 98.9 97.8 97.1 97.8 98.8 98 97.3 96.4 95.9 94.6 96 95.8 95.4 94.8 94 93.6 93.5 93.4 93.2 93.7 95 95.7
64.7 64.4 62.9 57.1 55.5 60 38.7 38.4 38.4 38.4 38.4 38.4 38.4 38.4 50.5 57.4 64.3 72.4 72.4 83 84.2 86.7 92.1 93.3 94 94.6 95.1 94.7 94.1 76.9 68.3 68.9 71.7 76.9 82.3 84.6 86.9 89.6 92.3 94.8 96.2 96.6 96.5 96.4 96.4 97.8 99.7 101.5 102.7 102.9 102.6 102 101.3 100.5 99.8 99.2 98.8 98.5 98.1 97.9 97.8 97.1 95.9 95 95.4 97.2 96.3 95.1 93.7 94.8 93.1 94.7 94.7 94.2 93.5 93.4 93.6 93.2 92.7 92.4 92.1 93.5 95.2
63 62.7 60.6 55.9 54.8 59.8 51 38.4 38.4 38.4 38.4 38.4 38.4 38.4 46 56.7 59 70.7 71.2 81.2 86.5 88.7 91.1 93.1 94.4 95.2 95.3 94.9 94.3 75 69 69.8 72.3 75.8 80.2 82.3 84.4 87.8 90.9 94 96.4 97.5 96.1 94.7 94.1 95.8 97.6 99.4 101.1 101.1 100.7 100 99.4 99 98.4 97.8 97.3 96.9 96.6 96.4 96.3 96.3 95.9 95.2 95.2 96.3 95.2 94.4 94 94 94 94.2 94.6 94 94 93.9 93.7 93.4 92.9 92.5 91.8 92.6 94.4
61.3 61.7 59.2 54.2 55 59.2 43.7 38.4 38.4 38.4 38.4 38.4 38.4 38.4 46.6 48 49.9 69.6 69.7 78.2 86.6 88.9 91 92.8 94.3 95.5 95.5 95.1 92 72 65.3 67.7 70.2 73 76.3 79.2 82.4 85.3 88.3 91.6 95 97 95.6 96.3 92.5 93.9 96.4 98.5 99.7 99.6 99 98 98.1 97.9 97.4 97 96.5 95.8 95.6 95.5 96 95.8 95.6 95.4 95.7 96.5 95.7 93.7 94 91.8 93.4 94.2 94.4 94.4 94.5 94.3 94 93.5 93 92.5 91.7 92.4 94.2
60.3 59.7 57.1 52.9 54.6 58.1 38.4 38.4 38.4 38.4 38.4 38.4 38.4 38.4 39.9 48.5 50.2 68.3 68.5 75.9 86.5 88.4 90.4 92.3 94.1 95.1 95.1 94.8 88.8 75 65.6 67.4 74.4 87.3 93.4 101.2 100.6 98.3 98.1 95.7 94.5 99.6 105.3 99.9 90.5 93.8 95.5 97.4 98.1 99.5 97.6 97.4 97.5 97.6 97.1 96.7 96.3 95.8 95.5 95.6 95.5 95.3 95 94.8 95.7 96.7 97.2 96.5 95.2 94.9 94.7 95.3 95.4 95.4 95.1 94.6 93.5 92.3 92.2 92 90.6 90.9 92.8
59.3 58.8 57.6 52.6 54.4 57.2 38.4 38.4 38.4 38.4 38.4 38.4 38.4 38.4 38.4 49.3 62.5 67.2 67.5 73.6 85.8 87.8 89.7 91.7 93.6 94.4 94.5 93.8 84.9 72.3 65.1 66.7 89.3 102 108 109.3 111.4 112.4 112.3 111.7 108.9 105.4 105.4 104.4 98 96.4 102.3 111.4 113.1 112.2 99.5 97 97.2 97.2 96.9 96.5 96.1 95.7 95.5 95.2 94.8 94.5 94.3 94.4 95.3 96.6 97.4 97.2 96.2 96.2 95.9 96.3 96.4 96.3 95.6 94.3 92.9 91.3 90.4 89.2 87.7 87.6 91.2
58.6 58 55.9 50.6 52 50.3 38.4 38.4 38.4 38.4 38.4 38.4 38.4 38.4 38.4 48.3 65.1 66.1 66.8 79.3 85.1 87.4 89.2 91 92.5 93.4 93.8 93.9 80.9 66.7 64.9 69.1 89.6 107.8 109 110.9 112.6 114.1 113.9 113.6 112.4 110 105 113.7 116.2 118.2 117.6 115.2 114.1 112.9 102.4 96.6 96.8 96.9 96.7 96.3 95.8 95.3 94.9 94.4 94 93.7 93.7 94.1 94.8 95.8 96.8 96.6 96.8 97 97.1 97.2 97.4 96.6 95 93 91.1 89.2 86.7 85.2 84.6 85.2 88.2
57.3 56.6 53.6 49.8 52.8 44.8 38.4 38.4 38.4 38.4 38.4 38.4 38.4 38.4 38.4 64 64.1 65.2 66.5 82.6 85.1 87 88.6 90.3 91.9 92.5 92.8 83.6 74.4 63.9 61.2 83.8 96.7 108.3 110.4 112.6 114.3 115.7 115.9 115.8 116 114.7 113.8 115.5 116.9 118.3 117.7 116 114.4 111.6 97.8 95.9 96.2 96.8 96.3 95.5 94.9 94.4 93.9 93.4 92.9 92.7 92.4 92.5 93.3 94.9 95.8 97 97.4 97.4 97.6 98 96.8 95.8 93.9 91.3 89 86.1 83.2 81.9 81.6 82 85.3
56 54.7 50.3 48.9 53.3 42 38.4 38.4 38.4 38.4 38.4 38.4 38.4 38.4 51.5 63.4 63.6 64.2 64.3 82.8 84.6 86.2 87.7 89.7 91.4 90.9 79.8 78.4 70.1 64.4 73.1 89.8 107.2 108.9 111.4 114 115.9 117.1 117.5 116.9 116.7 116.1 115.6 116.5 117.3 118.2 117.2 116.2 114.7 108.3 95.2 95.3 95.6 95.7 94.9 94.3 93.7 93.2 92.7 92.2 91.6 90.9 90.5 90.8 92.1 94.4 95.2 96.7 97.3 97.3 97.1 96.7 95.8 94.4 91.4 88.7 86.7 84.2 80.6 78.8 78.5 78.4 82.1
54.1 49.4 48.8 52.8 56.1 38.4 38.4 38.4 38.4 38.4 38.4 38.4 38.8 50.2 61.2 63 63.4 63.7 72.6 82.7 84.1 85.7 80.8 76.8 71.5 69.5 70.5 70.7 62.8 66.6 80.6 87 97.1 108.6 111.3 114.6 116.9 117.9 117.9 117.4 116.9 116.9 116.1 116.6 117.3 117.7 116.7 115.8 115 106.7 94 94.3 94.5 94.2 93.5 92.8 92.1 91.5 91 90.4 89.8 88.6 88.3 89.9 92.4 92.9 94.9 96.2 96.7 96.6 96.4 95.8 94.5 92.2 88.9 86.4 84.2 81.4 78.3 76.1 75.5 75.2 77.5
48.1 46.8 52.2 57.5 49.6 38.4 38.4 38.4 38.4 38.4 38.4 39.4 48.6 60.9 61.7 62.9 57.2 57.3 79.4 79.1 73.3 62.3 62.7 62.2 61.8 60.7 61.8 61.8 67.9 84.8 88.7 89.5 92.9 109.1 111.6 115.4 117.7 118.3 118 117.8 117.2 117.9 116.4 116.6 116.7 117.2 117.2 116.8 112.4 97.6 91.9 92.7 92.6 92.1 91.4 90.7 90 89.2 88.8 88.4 88 85.8 86.8 89.3 91 92.6 93.7 94.9 95.8 95.7 95.3 94.4 92.3 89.6 86.2 83.6 81.5 78.9 76.1 74.1 73.3 71.6 72.5
46.4 50.3 54 56.1 50.9 46 44.4 46.3 46 44.5 48 50.6 48.7 51.3 53.6 55.1 56.1 56.4 57.5 59.1 60.2 60.8 62.2 63.7 62.8 62 65.3 71 74.1 81.5 86.8 83 90 97.6 110.6 116.9 118.5 118.5 118.5 117.1 116.5 116.4 116 116 115.9 116.4 116.2 116.5 107.1 90.4 90.3 90.4 90.1 89.6 88.8 88 87.3 86.5 86.2 85.7 83.9 82.3 85.3 87.2 88.9 90.4 91.7 92.9 94 94 93.3 91.8 89.3 86.5 83.3 80.7 78.6 76.3 73.7 72.1 71.2 69 66.2
50.5 49.2 52.1 50.6 54 54.8 57.4 58 58.5 58.8 57 53.8 53.3 53.9 55.3 56.5 57.2 57.6 59 60.3 61.7 59.2 59.3 59.8 60 64.9 63.6 66 69.1 75 83.7 86.3 90.2 97.4 108.1 117.1 118.3 118.2 117.6 116.4 115.4 115.2 115 114.5 114.5 113.8 110.4 108 95.1 87.7 88.1 88.2 87.8 86.6 85.8 85 84.2 83 82.5 81.8 80.3 79.6 83 85.1 86.4 87.8 88.7 89.7 90.3 90.5 89.7 88.5 86.3 83.4 80.3 77.8 75.8 73.7 71.1 70 69 66.5 63
47 46.6 46.7 50.9 51.4 51.9 52.9 53.9 54.7 55.8 56 55.7 54.7 55 56.2 57 58.2 58.8 60.2 59.7 58.8 58.2 58.2 58.1 58.7 60.7 66.2 66.1 69.9 71.6 72.3 81.6 89.6 93 101.1 108.9 112.3 109.8 104.2 99.6 97.8 96.8 96.4 96.9 98 95.8 90.8 90.8 86.5 83.8 84.8 85.3 84.5 83.5 82.8 81.8 80.5 79.1 78.4 77.6 76.4 77.8 81 82.5 83.7 84.5 85.2 85.7 86.3 85.7 84.9 83.9 82.5 80.3 77.3 75 72.9 70.9 69.1 67.3 65.7 63.8 60.8
48.7 48 47 46.4 46.9 47.5 48.8 50.1 51.2 53.1 54.3 55.2 55.7 56.3 57 57.5 59.1 58.6 58.7 58 56.3 55 55.9 57.8 59.9 60.9 61.9 62 68.5 70.3 72.6 75.4 81.1 89.7 99 102.6 101.4 101.3 97.6 92.9 90 89.2 88.2 87.9 86.9 85.7 86 85.8 83.1 81.1 81.6 81.7 80.6 79.7 78.8 77.3 75.7 74.2 73.5 73.2 73.7 75.5 78 79.5 80.4 80.9 81.3 81.8 81.4 80.6 79.8 79.2 78.5 76.9 74.3 72.5 70 67.5 65.3 63.5 61.4 59.5 57.6
53.7 53.5 54.3 54.4 54.4 53.1 52.3 51.6 51.4 51.1 50.7 51.8 54.3 55.3 57.1 58.1 57.9 57.2 55.7 55.3 58.6 59.4 60.8 62.5 64.9 63.2 64.1 64.4 65 65.5 67.8 70.4 71.8 78.6 86.9 91.1 90.9 87.2 83.3 79.1 75.7 74.7 75.3 77.3 79 80.1 80.6 81 78.5 78.2 77.8 77.2 75.2 73.6 72.3 70.8 69.4 68.2 67.7 68 69 71.3 73.8 75 75.7 76.2 76.7 76.5 76.1 75.2 74.3 73.7 73.8 72.1 70.1 67.8 64.7 62.3 60.3 58.6 56.8 55.1 54.9
56.9 56.6 57.8 58.3 58.6 58.8 59.2 59.2 59 60.5 60.7 61.1 61.9 64.4 64.2 61.5 61.2 61.4 64.6 68.2 68.4 68 69.1 69.5 68.9 67 66.7 67 67.6 68.2 68.8 69.3 71.1 71.7 75.7 78.6 79.2 76.3 74.4 78.3 80.4 81.9 82.3 80.9 79.4 77.6 75.5 74 73.5 73.2 73 71.9 70.2 69.6 68.7 67.9 67.1 66 65 64.7 64.9 66.3 68.5 69.3 70 70.7 70.4 70.5 70.4 69.5 68.5 67.9 66.9 65.3 63.4 61.3 59.1 57.5 55.6 57.1 57 57.2 57
59.7 59.5 60.1 60.4 61.1 61.5 62.1 62.6 63.1 63.5 64 64.3 65.1 65.3 65.3 64.6 63.8 65.2 67.8 69.8 71.3 73.1 74 74.5 73.9 71.9 69.9 69.8 69.7 70.3 70.9 71.5 73.3 73.7 73.5 74.5 75.4 78 81.8 84.9 87.2 89 89.5 88 86.5 84.8 82.6 80.3 79 76.4 74.7 73.6 71.9 70 69.9 71.8 72.5 72.5 72.6 72.4 68.8 65.2 64.8 63.8 63.8 64.2 64 64.2 64.3 63.4 62.4 61.1 60.2 58.8 58.6 59 59.1 58.9 59.2 60.6 61.8 62.4 61.8
62.5 62.5 62.7 62.9 63.5 64.3 65 65.6 66.2 67.3 67.3 67.6 67.8 68.5 68 67 66.7 67.7 69.3 71.3 73.3 75.3 76.7 77.7 77.6 76.2 74.4 74.1 73.7 73.5 73.4 73.7 74.9 76 76.9 79.8 81.4 84.9 88.7 92.6 94 94.9 94.4 93.3 92.4 91.1 88.7 86.8 85.6 82.6 79.8 76.8 74.8 75.4 78.4 79.6 79.6 79.1 79.2 78.4 75.8 70.4 66.7 65.7 64.4 64 63 62.6 62.3 60.6 60.4 60.1 60.9 61.3 61.3 61.6 62 62.2 62.9 63.5 65.9 67.2 67.5
67 67.7 68.3 69.3 69.6 70.2 70.8 71.6 72 72.6 72.3 72.3 72.2 71.8 70.8 69.9 70 71.1 72.5 73.9 75 77 79 80 80.5 79.9 79.1 78.6 78.5 77.5 75.7 75.8 76.3 77.5 79.1 83.9 85.8 89 93.2 97.2 98.5 98.1 97.4 96.6 95.7 94.6 92.5 91.4 90 87.5 83.8 80.6 79.9 80.7 84 83.4 83.1 82.7 81.7 78.8 74.8 74.4 71.7 69.5 67.7 66.3 65.2 65 65.1 62.5 64.3 63.6 64.8 64.7 64.2 64.8 65.3 66.1 66.7 67.5 69.3 70.8 72.4
71.2 71.9 73.3 74.3 74.8 75.3 75.7 76.3 77.1 76.9 76.6 76.6 76.7 75.7 74.5 73.9 74.1 74.9 76 76.9 77.9 79 80.8 82.2 83 83.2 82.8 82 80.9 79.5 78.2 78.4 78.8 79.7 81.4 84.1 87.9 91.3 95.5 99.4 100.5 100.4 99.8 99.1 98.6 97.7 95.7 94.1 92.3 90 86.6 82.3 85.1 86 87.5 86.5 85.5 82.7 79.7 79.3 79.6 78.4 76.2 73.8 71.8 69.9 69 69.3 68 66.1 68.6 68.1 68.7 68.7 68.6 69 69.7 70.6 70.9 72.3 73.8 75.6 77.8
81.4 77.9 78.2 78.9 79.4 79.1 80.3 81 80.8 80.5 80.2 80.4 80.7 79.3 78.2 77.2 77.3 77.8 78.8 79.7 80.6 81.6 82.8 84.4 85.3 86.1 85.4 84.3 83 81.8 81.4 81.4 81.7 82 83.3 84.4 85.6 91.5 96.3 100.1 100.7 100.7 101.6 101.3 100.8 100.2 98.1 95.7 93.2 90.9 84.6 89.5 90.8 90.1 89.9 88.8 87.4 84 82.8 83 82.9 81.9 79.8 77.6 75.8 74.3 73.3 73.2 70.9 71.3 73 73.2 73.7 74.2 74.1 74.8 75.7 76.9 78.1 78.5 82.6 85.7 87.5
91.8 89 87.4 86.2 85.5 85.1 85.3 85.5 84.4 83.7 83.6 83.7 84.1 82.9 81.8 80.6 80.3 80.5 81.5 82.5 83.5 84.3 85.5 86.5 87.4 89 88 86.8 85.6 85.1 84.6 84.4 84.7 85 85.5 86.4 87.6 89.6 93.7 97.5 100.2 101.6 102.6 102.7 102.4 101.8 99.8 97.6 95.1 91.1 93.3 93.2 92.9 92.4 91.9 90.5 89.1 86.6 87.1 86.6 86.2 84.6 83 81 79.5 78.3 77.4 76.8 74 76 77.4 78.1 78.8 79.2 79.9 82.3 83.3 85.1 86.8 90.4 93.6 94.5 95.6
99.8 100.6 100.2 98.9 95 92.2 91.4 90.4 89.8 88.8 88.1 87.4 87.4 86.6 85.5 84.2 83.7 84 84.8 85.6 86.4 87.4 88.6 89.2 90.8 92 91.8 90.1 89 88.4 88 87.7 87.7 87.9 88.4 89.4 90.6 91.8 94.3 97.2 99.5 101.9 102.6 103.6 104.1 103.2 101.4 100 96.8 96.6 96.5 95.9 95.3 94.8 93.4 91.2 90.9 90.6 90.1 89 88.2 86.9 85.6 84.1 83.3 82.3 81.5 80.8 80.7 84.4 85.3 87.2 88.6 89.6 91.7 92.4 92.3 93.7 99 100.6 102.2 103 104.7
104.8 106 107.2 106.4 105.6 104.3 103 100.4 97.3 95.9 94.1 92.8 92.5 90.3 89.2 87.9 87.4 88 88.8 89.7 91.2 91.9 92.3 93 94.8 95.7 96 95.2 93.4 92 92 91.3 91.2 91.1 91.5 92.4 93.7 95.4 96.5 98 100.2 102.2 103.9 104.9 105.7 105.5 104.1 102.1 101.1 100 99.2 98.6 98.1 96.9 95.4 94 93.2 92.9 93.1 91.3 90.1 89.2 89.4 88.9 88.5 87.2 87.7 86.7 90.7 93.2 95.6 97.2 99 101 103.1 102.6 105.9 108.8 109.6 109.7 111.3 112.3 112.9
105.1 109.1 112.6 113.1 112.1 111.8 111.8 110.6 107.5 104.5 101.7 98.5 97.9 95 93.4 92.1 92.7 93.3 93.9 94.9 96.1 96.7 98.2 99.5 100.2 101.1 102 101.5 101 99.1 97.5 95.8 96.1 95.7 95.6 96.2 97.3 99 100.1 100.9 102.5 103.3 104.9 106.6 107.3 107.5 107 106.1 104.5 103.2 102.3 101.7 101 99.6 97.8 96.6 95.9 95.8 95.7 95.2 93.9 93.8 93.8 93.4 93.3 93.4 93.8 91.7 98.5 103.9 105.9 107.3 108.9 110 114.2 115.7 117.4 117.7 118.2 119.4 117.6 117.6 119.1
104.4 108.9 113.4 116.7 118.1 119.9 119.5 118.3 115.9 113.4 111.2 108.2 105.5 104.2 104.2 101.6 101.2 102.2 102 102.2 103.6 104.3 104.7 105.9 106.7 107.6 108.6 110.5 111 109.3 108.5 106.5 102.7 101.6 101.1 101.9 102.2 102.6 103.6 104.3 105.5 106.6 107.4 109.1 109.8 110.1 109.5 108.7 106.9 106 105.4 104.8 103.6 102.2 100.9 100.1 99.8 99.4 99.6 99.7 99.7 99.5 100.3 99.3 98.4 96.9 98.7 104.4 108.6 111.5 113.5 115 115.9 119.2 120.6 121.9 123.3 124 124.8 125.5 124.8 124.9 126.4
105.7 108.9 112.4 116.4 119.9 122.7 123.9 124.8 123.5 121.8 119.5 116.2 115 113.9 113.1 112.7 112.1 112.8 111.5 111.3 112 112.7 113 112.8 113.3 113.9 115.1 117.7 118.7 117.8 117.6 115.8 111.3 109.6 110 110.1 110.4 109 108.3 108.9 110.1 110.9 111.7 111.8 112.4 112.7 112.4 111.9 110.6 109.2 108.6 108.1 106.6 105.2 104.4 104 104.1 104 104.6 105.4 105.4 107.4 108.8 106 107.5 112.1 111.9 114.6 116.8 118.4 119.8 120.3 122.8 124.2 125.6 126.6 126.9 126.9 127 126.7 124.7 126 128.1
109.4 110 112.6 116.2 119.6 122.6 124.9 126.3 126.4 126 125.6 124.1 122.9 122.4 121.1 120.7 119.6 119.9 119.7 119.9 119.7 119.1 119.9 119.4 119 119.5 120.9 122.9 123.7 123.8 122.3 121 120.7 119.3 119.2 119.8 119.9 118.6 117.6 117.4 117.6 116.9 117 117.3 117.7 117.5 116.3 116.4 114.8 113.7 112.9 112.3 110.8 109.5 108.5 107.7 110.1 111 111.5 113.1 113.5 116.1 117.5 118.9 119 120.4 120.6 121.2 122.7 123.5 124.8 125.9 127.4 127.9 129.1 129.4 129 128 127.4 125.9 124.2 125.2 126.4
114.3 114.4 117 117.9 120.5 122.4 124.7 126.2 127.7 127.7 127.5 127.5 127.4 127.7 127.2 126.8 125.5 125.4 124.9 124.8 124.4 123.7 123.9 124.6 124.6 124.9 125.1 126.5 126.9 126.6 125.9 125.1 124.1 124.1 124.4 125.3 125.6 125.7 125.3 125.6 125.5 124.7 125.5 124.2 123.7 123.2 122.7 122.2 121.3 121.4 119.8 119.2 116.9 116.8 116.1 116.6 117.8 117.8 119 121.3 123.4 124.5 125.1 125.7 125.6 124.8 124.7 125.2 125.6 126.3 127.1 128.2 129 129 130.5 130.2 129.4 127.6 126 123.9 122.8 123.1 124.8
119.9 123 126.7 124.9 124 123.4 124.1 125.2 125.6 125.8 126 126.9 127.1 127.5 127.7 128.2 128.1 127.6 127.2 126.7 125.8 125.8 125.9 126.2 126.3 126.6 127.2 127.3 127.8 127.6 127.1 126.4 125.8 125.8 126.3 127.2 128.2 128.6 129.5 129.6 129.2 129.3 129 128.3 127.5 126.6 125.8 125.5 125.5 125.4 125.6 124.9 123.3 122.5 122.7 122.8 123.3 123.6 125.5 127.3 128.3 129.3 128.7 127.8 127.5 126.5 126.5 126.4 125.5 126.4 126.7 127.2 128.7 128.6 129 128.6 127.5 125.8 123.8 121.6 120.6 121.4 124
121.8 126.7 127.7 126.7 125.6 124 125 124.5 123.8 123.7 123.8 124.3 124.5 124.5 124.8 125.3 125.8 126.4 126.4 125.8 125.5 126.3 126.4 126 126.1 126.4 126.6 126.6 126.5 126.7 126.4 125 125.2 125.2 125.6 126.7 127.7 128.5 129.7 130.7 130.3 130.4 129.9 128.8 128.3 127.4 126.6 126.4 126.7 126.6 126.6 126.8 126.7 126.5 125.7 126 126.5 127.8 128.9 129.5 129.5 129.3 128.4 127.7 126.8 125.2 124.3 123.1 122.8 122.6 122.6 123.6 125.7 126.1 126 125.7 124.5 122.5 120.6 118.7 116.4 108.8 106.9
107.3 113.2 117.5 119.1 121.2 122.7 123.9 124.5 122.8 122.6 121.8 121.1 121.3 121.6 121.8 122.5 123.3 123.7 123.5 123.6 123.4 123.4 123.6 123.7 123.8 123.8 123.8 123.6 123.5 123.4 122.6 122.7 122.6 122.7 123.3 124.2 124.8 125.8 126.7 127 127.9 127.5 127.4 126.4 126.3 126 125 125.1 125 124.5 125.2 125.9 125.9 125.8 125.9 126.7 127.2 127.5 128.2 127.2 127.1 127 125.3 123.4 122.4 121.7 120.2 119.8 119.3 117.9 119 120.9 122.5 122.4 121.6 121 119.4 115.9 110.4 110 108.9 113.4 115
