app/static/ascii/SS89.asc
ncols 200
nrows 200
xllcorner 280000
yllcorner 190000
cellsize 50
[rows 35 to 69 of 200, columns 78 to 155 of 200]
377.2 377.1 377.6 377.1 376.7 376.7 376.7 376.1 380.3 383.7 391.2 392 391.2 389.8 388.2 387 387.2 383.6 376.9 368.2 356.3 337.4 321.2 313.3 302.8 309.9 317.3 324.5 337.1 349.3 353.7 356.8 361 376.6 395.6 424.3 436.8 442.5 444.5 444.5 442.7 438.7 419.3 392.1 370.8 357 348.9 341.3 334.4 321.4 296.1 273.7 274.8 287.2 293.8 289.8 280.6 270.3 255.4 237.4 220.7 206.6 195.8 197.9 197.9 211.5 226.1 243 263.8 277.4 288.8 301.3 312.9 325.3 337.3 347.1 356.5 365.4
376.8 376.3 375.8 375.3 374.7 373.6 373.7 373.1 375.8 378.5 385.5 388.3 385.6 373.4 367.5 363.5 359.4 356.5 355.6 349.3 337.3 325.3 316.6 307.8 295.7 309.5 317.6 327.2 334.2 346 351.5 355.3 362.6 375.7 392.4 419.2 434.8 439.3 441.4 441.9 439.7 430.1 403.2 390.9 365 354.7 347.4 339.4 329.3 310.7 285.4 256.8 262.3 266.9 274.2 268.7 258.7 244.4 229.2 212.7 201.9 190.2 196.1 197.9 209.3 225.6 241.7 256.2 274.3 285.9 297.5 308.6 318.9 333 343.5 351.4 359.9 370
375 374.5 374 373.3 371.9 370.8 369.7 368.5 370.8 372.6 377.1 379.6 374 355.3 346 343.1 341.8 339.8 335.1 330 324.4 317.5 310.8 297.6 296.5 310.5 316.6 323.8 332.1 341 348.3 354 363.8 375.3 393.2 414.1 431.6 436.9 437.7 437.9 433.9 411.7 400 391 361.3 351.9 345.7 336.6 321.1 297.3 274.5 251.1 251.7 258.4 255.8 244.8 233.3 220 206.8 198.6 190.2 191.2 195.8 208.8 221.4 238.9 256 273 279.8 294.5 304.8 316 326.5 340.3 349 355.5 364.6 374
372.4 372.2 370.4 368.4 368 366.9 364.6 362.4 365.4 366.9 368.9 369.4 357.7 344.1 330.6 328.4 328.9 328.2 325.8 322.3 318 311.9 301.1 288.4 301.7 309.7 315.2 321.3 330.5 338.6 345 354.4 363.8 376 396.4 409.5 423.5 431.7 432.3 430.1 420.2 393.9 383.7 386 356.9 351.2 342.9 328 302.7 282.5 260.4 242.9 234.5 235.4 229.5 219.8 211.2 202 190.5 190.3 192.2 196.2 210.4 224.1 236.1 252.1 269.2 280.4 290.1 299.5 310 322.3 334.1 345.9 353.6 359.8 369.5 377.2
368.8 368 366.6 364.7 363.7 364 362.7 360.5 360.4 361.7 361 354.9 345 330.8 321.8 321.1 320.7 320.1 318 314.7 311.5 304.5 290.5 291.9 305.5 311 315.9 322.1 330 338.8 346.3 354.2 361.2 377.6 404.1 403.7 410.1 416.8 419.2 415.8 400.6 377.8 367.7 363.2 355.7 346.2 333.5 309.4 285.4 264.3 246 230.6 213.8 216.9 209.5 203 195.8 190.4 191.9 190.5 202.1 214 226.4 241.4 256.8 266.8 271.8 288.6 298.4 310.8 319.7 329.3 340.1 349.9 357.3 365 374.2 382
364.7 363.4 362.2 360.4 359.8 360 359.9 358.3 354.3 356.9 354.3 347.7 332.8 322.5 313.2 312.7 312.1 312.3 311.4 308.4 305.2 293.8 277.9 295.7 305.3 310.1 315 320.8 327.6 336.8 345.8 352.6 359.8 372.6 398.2 400.3 399.4 401.5 405.3 400.4 384.6 369.5 362.2 360.4 351.4 338.5 313.4 290.5 268.4 245.6 227.4 215 207.4 201.8 196.3 190.4 189.7 189.2 190 204.4 214.4 230.8 243.7 256.2 270.2 282 286.8 298.5 308.4 317.8 327.8 336.5 345.5 353.1 361.3 372.3 380.5 386.3
360.8 359.1 357.3 354.4 354.5 356.4 356.9 355.6 353.6 349.2 349.9 344.9 321.7 312 304.5 304.3 304 303.6 305.3 301.7 292.8 277.6 281.2 299.2 304.4 307.6 314.1 320.2 326.7 335.1 343.1 350 356.3 367.9 383.6 392.6 393.1 393.1 392.3 384.6 374.3 366.4 358.1 353.6 340.2 316.8 294.4 273.2 248 226.1 211.1 205.6 198.6 190.6 187.5 187.1 190.3 201.4 209.7 222.8 235.9 247.6 259.1 271.2 282.8 293.2 301.6 300 317.1 324.4 332.6 342 350.8 360 369.3 379.5 384.6 389
357 355.6 353.9 350.4 349.6 350.5 351 351.3 350.1 339.6 343.3 330.2 308.6 302.9 297.8 294.3 295.6 295.2 293.6 286.5 280.4 262.9 281.3 292.7 298.5 304.8 313.2 319.4 325.8 332.8 338.9 345.9 353.6 360.3 372.9 381.5 386.5 385.3 381 375.3 369.2 364.1 356.5 345.7 321.9 297.7 277.6 252.8 229.1 213.7 202.5 195.7 189 185.4 189.2 197.3 204 216 229.3 243.6 256.5 265.3 275.9 287.6 298.2 306.4 316.3 314 321.2 330.1 338.7 347.8 358.2 365.8 375.2 382.2 387.2 392.1
354.6 352.7 346.8 344.9 344.9 345.6 346.9 347.2 345 332.5 329.9 309.5 294.3 292.8 290.6 286 286.4 283.9 279.4 274.1 269.3 262.5 276.7 285.1 292.7 302.5 312.3 318.8 326 333.1 338.2 345.2 352.4 361.5 368.3 374.7 378 377.8 374.9 371.2 368.3 362.4 351.8 333.9 306.8 283.6 260 236.4 216 203.8 195.3 185.8 186.2 192.5 198.9 210.1 219.4 233.4 247.8 261.2 274 284.2 295.3 305.2 310.9 322 328 328.2 331.8 335.2 346 358.2 364.7 371.6 379.8 385.8 390.3 394.8
352.5 346.6 340.7 338.3 339.2 341 343.1 343 342.2 331.1 302.3 291 280.6 280 279.7 272.8 272.6 269.6 264.9 263.6 255.4 262.4 273.6 285.3 296.9 303.8 311.1 321.1 328 336.7 342 348.4 355 361 366.7 371.6 372.3 372.3 371.2 368.4 364.6 358.8 346.6 320 296 272.8 247.5 225.5 208.8 197.1 186.6 185.2 191.4 198 216.1 226.3 234.5 253.7 268.3 279.4 291.9 304.4 313.5 318.4 326.4 332.4 335.8 336.5 338.1 343.3 356.1 365.5 371.1 379.8 385.8 390.4 395.6 399
350.7 345.7 339.1 326.7 333.1 336.6 338.5 339.7 337.6 333.6 308.9 284.8 265.3 261.2 261 253.7 254.5 253.8 248.7 243.2 258.3 270 281.4 292.8 306.1 313.5 319.4 323.1 333.5 340.2 346.7 350.3 356.2 360.7 365.4 368.6 370 369.9 368.5 365.6 362.4 354.2 338.8 310 285.5 263 238.7 218.3 202 192.1 182.6 187.5 195.9 212.5 227.5 241.2 258.5 273.3 283.5 294 305.2 317.9 323.6 328.4 334.8 340.6 344 344.6 345 351.4 364.2 373.2 378.7 386.1 391.5 395.6 400.8 404.7
349.9 344.5 338.5 328.2 326.9 331.9 332.4 334.1 333.5 330.9 321.6 292.7 272.5 248.3 238.3 235.3 235.3 232.8 243.6 255.6 265.1 277.8 289.2 302.8 311.1 317.3 324 327 334 342.3 348.9 352.8 356.9 361.3 364.9 366.7 368 366.8 365.7 364.7 360.5 349 331.8 303.8 279.9 255.2 233.1 210.7 197.8 186.3 183.9 191.9 205.4 224.4 242.1 262.1 279.1 288.6 297.1 305.1 318.5 324.5 330.6 337.5 342.3 348.1 352 351.7 352.4 359.9 370.5 378.2 386.6 392.7 395.7 399 403.7 408.5
349.7 344 337 317.5 310.2 321.3 324.5 325.3 326.3 324 317.1 294.5 271.7 250.5 223.9 226.6 237.2 243.5 255.2 264.5 275.8 284.9 295.2 307.8 317.8 323.9 328.6 333.1 336.4 341.7 347.6 352.5 357.8 361.2 364.1 366.8 366.7 365.8 364.9 363.4 357.3 348.2 327.1 301.4 277.1 251.8 232 206.6 194.9 180.6 187.5 196.2 215.7 236.2 261.6 278.9 293.1 301 308.3 317.1 325.6 330.9 338.9 346.5 352 357.1 358.8 357.6 357.5 366 374.9 384.2 392.8 397.2 400.1 402.8 405.8 409.4
351 341.9 333.9 312.8 283.6 292.5 296.7 301.5 307.7 309.2 302.5 284.3 266 241 215.8 232.5 245.4 253.3 263.2 273.9 288 302.6 310.9 317.7 322.7 328.8 332.9 337.2 339.4 342.9 346.1 351.1 356.5 359.9 363 365.6 366 364.8 363.8 361.7 355.6 349.1 332.7 306.9 281.2 252.1 225.8 203.6 191.8 180.1 191.8 201.7 225.2 248.2 271 294.5 303.4 310.1 317.9 326.6 332.2 338.6 345.8 355.6 360.6 364.4 364.6 363.9 363.8 370.6 378.9 389.2 396.7 400.7 404.2 405.5 407.9 409.7
351.9 342.2 324.7 298.9 278.1 265.8 270.1 272.8 275.5 281.7 282.1 272.2 253.6 226.8 221.7 237.4 250.1 260.7 271.7 285.5 300.4 320.9 326.4 327.2 329.7 333.4 337.2 339.9 341.6 343.8 346.9 350.4 353.7 356.7 358.6 361 361.5 360.4 358.9 356.4 352.8 346.5 329.6 309.2 285.6 254.3 227.2 200.5 189 179.9 192.3 205.9 233.3 255.2 278.9 303.8 312.4 319.8 327 334.2 341.7 347.3 354.7 362.4 366.4 368.3 369.5 369.6 370 373.9 381 393.1 399.2 401.7 404.7 406.3 407.9 408.5
355.5 350.3 343.6 325.4 298.3 285 260.2 251.4 256.5 262.8 265.9 255.1 237.2 212.3 231.9 242.5 254.1 265.8 280.3 296.1 317.3 332.2 334.7 336.4 337.9 339.5 341.8 342.9 344.4 345.9 347.9 350.7 351.8 352.9 353.5 353.8 352.4 350.6 348.3 347.8 346.2 340.7 323.8 306.9 277.8 252.2 228.2 198.7 183.2 185.6 195.4 211.6 237.7 260.6 286.4 312.1 322.2 328.6 335.2 342.6 350.2 356.8 363.2 366.7 370.9 371.4 373 374.4 375.2 378.6 384.6 394.1 399.8 401.9 404.3 405.2 406.3 406.3
359.4 356.7 351.4 342.5 320.4 299.2 282.7 257.4 234.9 241.3 242.8 232.8 224.7 212 231.4 244.7 259.5 272.3 290.5 308.2 330.5 337.5 342 343.2 344.7 344.9 345.6 346.4 347.3 348.8 350.2 351.7 352.4 352.6 352.4 350.6 349 347.8 344.6 342.4 339.8 324.7 306.8 286.9 263 250.8 225.5 197 177.8 186.6 199 217.3 243.1 265.8 291.9 318.5 329.9 335.7 341.2 348 355.6 363.4 369.2 372.5 375.5 375.5 376.7 377.7 378.5 380.8 386.4 393.6 398.1 399.8 401.9 402.7 402.8 402.3
363.4 361.6 358.9 354.7 343.6 316.7 300.1 278.9 246.1 223.1 228.9 222.1 210 215.9 233.8 248.2 264.6 283.2 302.3 318.4 335.3 344.5 347.7 349.7 349.9 349.1 348.9 349.5 350.2 351.4 352.8 353.9 354.5 354.2 352.8 350.8 348.9 347.7 343.6 335.8 324.8 303.5 281.3 263.5 251.7 239.4 217 192.8 176.7 187.3 199.9 221.4 244.7 271.9 292 318.5 333.6 338.6 344.5 351.2 358.9 368.9 375.4 378.3 380.4 380.9 379.7 380.3 380.9 382.1 386.2 390.8 393.5 396.3 398.6 398.4 397.3 397.6
366.6 365.1 364.8 361.9 354.6 334.4 312.8 293.5 263 237.3 217.2 209.3 197.9 220.8 236 254.4 272.7 294.8 308.6 321.6 336.2 347.8 351.7 353.8 354.8 353.6 352.4 352.5 353.2 354.3 355.1 356.1 356.3 356.1 355 353 350.3 348.6 344.2 336.4 309.5 285.8 262.6 241.1 228.5 215.1 199.2 193.1 175.9 189 205.3 225.6 246.9 274.4 294.6 321 336.2 342 346.2 352.8 361.7 373.1 381.1 383.8 385.5 386.2 383.9 382.7 382.6 382.4 384.1 386.6 388.3 391.3 393.7 393.2 391.7 388.3
368.3 368.3 369 367.5 361.7 346.8 325 299.6 267.1 242.3 225.1 201.4 202.3 221.9 240.3 261.6 283.9 299.5 309.5 320.1 331.4 347.1 354 357.3 359 358.4 356.3 356.1 356.2 356.9 357.6 358.4 358.2 358.2 358 357.7 354.8 351 344.3 332.7 303.5 274.9 246.4 223.5 210.6 197.9 194.9 188 175.1 193.1 209.8 231.2 253 276.9 299.3 324.4 339.2 346.6 350.3 355.5 364.4 374.2 383.8 387.2 389.3 389.3 388 385.7 382.7 381.7 381.4 382.6 384 386.7 389.1 388.5 384.2 378.7
369.1 369.1 371.6 370.3 366.1 352.6 325.4 295.2 264.2 241.8 221 197.8 202.3 222.1 243.3 264.9 286.2 300.9 309.4 317.8 328 339.7 354.2 358.4 360.9 360.6 359.8 359.7 359.8 360.3 360.9 361.3 361.1 360.9 360.9 360.5 358.2 353.4 342.2 326.5 295.5 262.8 235.3 212.2 198.6 192.8 194.6 178.6 187.1 198.2 214.1 237.4 257.6 279.7 301.9 322.5 338.4 349.7 354.3 358.6 365.9 376.1 383.1 387.6 390.4 390.7 390.5 386.9 383.4 380.8 379.5 378.8 381.4 382.3 380.9 376.9 369.1 357.2
367.4 368.6 370.5 369.6 366.1 350.4 319.8 289 261.2 240.1 216.3 192.5 198.9 220.5 244.4 265.4 283.4 298.9 308.7 316.9 325.3 332.7 346.6 355.1 359.4 360.8 361.9 362.2 362.2 363 363.8 364.9 364.7 364.5 363.9 362.7 360.2 351.9 334.2 314.6 283.6 249.7 224.8 205.7 192.8 190.1 177.9 179.1 192.7 207.6 223.7 243.5 264 282.5 304.9 322.8 336.4 349.5 356.1 361.3 368.2 376.9 383.2 386.1 388.4 391.2 391.6 387.5 383.2 379.7 377.1 369.9 372.7 372.1 365.3 357 348.4 337.9
363.6 363.8 366.4 365.4 360.6 345.3 314.2 285.5 259.4 236.7 212.5 188.3 197 220.2 232.2 261.6 279 295.1 307.1 314.9 320.5 326.1 335.3 347 355.6 358.8 360.8 363.2 364.6 366.4 367.5 368.7 368.5 367.6 366.2 363.5 356.8 339.2 324 303.9 272 241.1 217.7 199 188 176 175.7 188 201.5 218.4 236.6 255.4 273.3 291.9 309 326.8 337.3 352 360.4 364.8 370.1 375.3 382.3 385.8 387.9 388.8 388 385.3 380.6 372.3 365.5 355.2 350.8 345.6 338.2 329.4 321.9 311.1
359.6 359.2 360 356.3 350.5 337.6 311.6 283.7 258.1 237.3 210.2 182.9 194.2 210.8 228.5 249.6 272.7 288.9 302.9 310 314 316 320.7 325.8 335.4 345.8 351.7 358.6 365 368.7 370.3 370.6 369.8 368.3 365.5 360.4 342.5 328.3 318.8 293 262.9 233.8 211.5 193 176.7 173.6 182.8 193.5 210.7 231.1 248.3 268.5 286.5 300.6 312.2 328.8 340.7 352.9 362.2 367.6 372.5 377.1 380.9 384.6 386.4 385.7 383.1 376.3 363.2 350.1 341.7 332.3 321 314.1 307.1 301.7 293.1 285
357 355.8 352.8 349.5 345.6 334.4 310.3 281.5 256 233 209.5 186.4 188.6 204.7 218.7 236.2 257 279 297 304.2 305 306.8 307.9 309.8 316.5 325.1 333.5 341.7 354.4 364.2 369.1 368.9 368.1 364.2 358.3 344.9 329.6 324.9 311.4 285.6 256.6 227.8 205.2 186.4 171.2 179.1 188.4 200.4 222.8 245.9 261 282.8 301 310.6 320 334 344.4 353.4 360.7 367.4 373 378.1 381.3 383.2 383 379.8 370 354.5 340.3 324.1 313.1 302.4 289.2 282.4 275.4 269.5 263.9 262
353.9 351.6 350.5 348.4 342.6 330.7 301.4 276.9 256.6 237 214.8 192.1 179.6 193.1 208.2 225.4 242.6 264.5 284.9 293.5 295.5 297.4 300.8 305.4 311.5 315.8 320.2 324.4 335.4 345 355.6 356.7 354.4 348.3 339.9 330.8 328.6 323.8 305.7 280.9 250.1 220.8 199.1 182.2 171.4 186.5 193.8 209.9 235.8 256.1 274.8 295.6 307.6 317.4 326.6 336.8 347.2 355.7 363.9 369.3 374.4 378.3 380.4 380.7 377.8 365.9 347.4 330.8 314.6 299 285.9 272.4 260.4 254 249.4 244.6 245.6 246.1
351.9 351.7 351.1 349.1 345.2 339.1 325 295.1 267.9 245.7 223.3 202 177.2 181.9 196.1 211.1 230.1 250.4 268.1 283.1 285.5 287.6 292.8 300.4 306.5 311.7 315.4 319.6 326.5 331.7 336.6 339.1 336.5 333.9 331.6 329.7 327.2 318.5 302.6 275.4 245.3 214.4 193.1 180.7 170.1 187.3 198.3 219.2 245 264.4 284.3 299 313.3 322.8 330.5 339.4 350.6 359.5 366.8 370.7 374.8 377.9 378.8 374.4 361.7 344.4 324.8 307.2 289.5 272.7 258.4 249.5 240.6 230.7 227.1 226.3 232.5 234.2
350.9 351.5 351.6 350.8 348.5 344.6 334.7 309.9 278.6 256.7 233.1 210.4 187.3 172.8 181.8 194.8 213.6 235.6 258.2 271.1 276.4 278.6 284.3 289.8 298.1 305.4 312 316.4 322.8 327.6 330.8 331.8 331.2 329.4 326.8 325.8 323.9 317.4 304.3 272.4 241.7 213.2 190.6 174.9 172.5 189.4 202 224 248.4 267.6 285 300 316 326.5 333.5 342.6 353.4 361 367.5 371.4 373.9 376.9 369.1 355.1 339.7 321.5 301.9 283.4 264.6 249.9 238.8 227.2 214.6 208.9 212.1 214.7 213.8 215.5
344.3 348.7 349.1 349.3 347.3 345.1 339.5 318 285.4 269 245.7 220.6 201.3 179.1 169 185.5 198.1 220.9 238.2 258.7 258.8 261.1 267.1 278.3 285.8 296.4 304.8 311.4 316.2 319.5 323.1 324.6 324.7 323.8 321.1 321.2 321.2 317.3 307.8 275.2 244.1 215.6 191.4 166.6 178.3 187.3 198.8 220.8 243 266.8 282.5 299.7 315.8 329.2 336.4 345.9 355.8 362.8 368 371.3 373.2 369.3 352.2 333.2 316.2 298.7 279.5 262.9 246.2 231.1 214.3 210.8 209.4 210.6 212 213.4 215 216.2
338.3 342 343.8 345.2 344.7 342.8 337.5 324.4 298.1 279.5 256.5 236.1 211.2 188.3 163.4 173.5 184.1 206 226.3 237.5 241.7 243 255.3 262.8 270.4 278.7 287.9 296.5 304.8 311.1 314.9 316.4 317.6 316.8 314.9 317.7 318.9 316.1 308.6 280.2 252.3 222.8 197.2 165.7 169.4 181.4 192.9 209.6 232.4 258.4 282.2 299.5 316.8 329.1 339.5 348.5 356.2 363.1 368.3 371.4 372.6 356 336 317 296.5 278.1 260.7 242.6 223 204.7 206.5 207.6 224 227.5 228.7 230 231.5 232.8
334.9 336.4 338.6 339.7 339.9 338.2 333.4 325 306 289.5 268.7 247.2 223.1 196.5 176.4 161.5 175.6 187.1 207.3 223.2 226.1 228.4 242.7 250.5 257.1 263.7 270.4 278.8 284.1 292.1 295.7 298.9 298.7 297.4 305.2 314.2 313.7 311.8 307.2 289.3 263.9 237.1 210.8 186 168 167.7 185.8 199.9 220.9 248.5 279.8 298.1 318.1 330.9 341.3 351.7 357.7 365.5 368.6 370.8 368.4 348.7 326.8 306.3 281.8 259.1 240.4 221.3 202.7 204.6 205.1 221.7 229 234.1 237.6 242.2 247.6 251.1
329.8 331.6 334.6 335.9 335.7 334.8 330.5 323.8 312.6 297.9 276.5 255.9 234.1 206.1 185.7 158.9 168.3 176.3 186.6 197.3 203.9 208.5 223.6 234.2 245.7 252.9 261.2 265.5 274.2 278.5 279 282.8 284.9 286.4 291.4 297.9 301.3 302.2 301 291.1 275 254.1 228.1 203.4 178.7 163.4 177.9 192.1 213.4 240.8 272.2 297.5 319 333 343 354.1 360.3 367 369.4 370.8 366.6 349.4 323.6 296.2 267 246.5 225.5 209.3 202.7 203.8 217.4 226 236.2 246.7 258.4 266.5 271.8 274.3
321 325.4 329 331.6 331.3 331.2 328.8 324.7 315.9 303.4 282.1 260.9 246.1 220.5 193.3 171.6 155.6 173.2 175.9 180.4 182.5 189.9 205 217 225.7 233.7 245.3 253.3 260.5 264.2 268.8 272.4 276.9 282.4 286.1 290.3 293.1 296.8 296.8 290.4 283.1 270.5 244 217.1 186.5 170.7 164.2 182.4 205.6 232.6 264.7 297.5 320 332.7 344.7 355.2 362.1 368 371.1 371.8 367.1 346 317.3 285.6 258 233.3 213.4 205.7 202.4 212.2 223.5 235.7 248.8 268.4 284.7 295.7 301.9 304.5
311 318.1 322.4 326.2 326.4 326.7 326.6 323.6 316.7 304.5 286.1 266.5 255.1 231.7 203.8 177.8 153.7 170.1 170.2 172.6 174.9 178.1 183.6 188.2 203.7 211.8 226 233.9 241.9 247.4 251.2 258.6 271.6 280.3 287.6 291.6 294.7 296.4 296.1 291.9 285.4 278.5 254.7 226.5 197.6 175.8 161.1 178 201.6 228.2 257.8 294.3 320.3 334.4 347.4 355.8 364.7 373.8 379 376.7 367 339.3 307.6 274.6 247.1 222 201.5 200.7 209.3 219.2 233.8 249.6 268.3 289.8 307.7 319.5 327.1 331.3
298.7 308.2 314.6 320.7 322.6 323.4 323.8 321.9 313.9 301.5 286.1 270.9 259.6 238.2 205.4 182.6 162.6 160.2 167.4 167.3 167.4 167.8 168.6 175.7 183.9 189.8 203.3 211.1 218.5 226.6 234.8 247.4 261.6 280.8 289.8 293.8 294.8 296.8 297.4 292.2 285.2 276.7 254.8 227.6 199.2 176.5 160.4 175.9 203.4 226.9 256 288.9 319.7 336.5 349 358.6 368 377.5 381.3 377.5 362.1 327.5 296.9 264.5 237.3 210.1 202.9 199.5 209.9 227 244.4 265.8 289.4 311.7 328.1 340.7 346.4 355.4
