app/static/ascii/SS90.asc
ncols 200
nrows 200
xllcorner 290000
yllcorner 100000
cellsize 50
[rows 140 to 174 of 200, columns 0 to 78 of 200]
169.1 167.3 164.6 161.4 158.6 154.9 148.9 141.8 146.3 148 148.3 148.3 146.8 142.9 140.3 138.1 134.9 132.6 131.1 127 125.6 125.2 125 124.9 124.9 124.4 121.7 116.7 108.6 100.8 95.6 90.8 85 76.4 70.5 66.9 62.6 67.2 72.9 79.4 82.9 84.3 85.1 86.1 87.4 87.4 83.6 80.5 79.1 75 67.4 68 81.7 88.7 92.9 97.2 101.4 103.7 102.1 97.7 92.5 86.4 80.6 76.4 73.6 71.7 73.3 78.7 82.8 83.1 75.3 63.5 40.2 33.6 34.2 34.1 34.5 34.8 34.8
154.1 151.5 148.7 143 139.4 138 136.1 133.8 134.4 135.1 134.4 133.2 131.7 129.5 127.3 125.8 123.7 122.6 120.1 118.6 117.4 116.9 116.9 116.6 118.1 117.7 115.7 112.9 107.8 99.6 90.7 86.2 82.2 79.6 77 73.5 66 62 64 70.9 76.5 78 77.3 80.1 85.1 88.9 88.4 86.5 85.7 80.4 67.3 66.5 84 93.7 99.8 104.5 107.5 108.7 107.7 105 101.1 94.2 88.1 85.9 83.4 83 84.7 90.7 92.8 86.7 76.7 61.9 41.8 33.8 33.7 33.7 34 34.3 34.6
142.9 141.8 139.4 134.7 129.4 128.8 128.8 127.4 126.3 126.7 126.5 125 123.8 122.2 119.8 116.9 114.7 114.3 111.1 110.4 110.1 109 109 109.8 111.6 111.7 110.2 108.2 104.3 98.9 95.5 93.1 91.7 90.7 89.9 88.5 76.3 66.3 61.8 63.1 69.5 70.5 74 81.9 88.1 92.3 94.2 92.1 87.9 79.5 65.4 67.2 83 96.2 106.6 111.5 113.2 113.4 112.4 110.2 106.6 101.6 98.3 96 94.6 94.4 96.4 98.4 94.8 87.4 76 60.9 41 31.4 33.9 33.7 33.5 33.8 34.2
134.5 133.7 129.5 126.3 122.3 121.5 122.3 120.9 120 119.9 118.9 118.2 118 116.7 114.3 111.4 108.4 106.9 104.6 103.8 103.5 100.9 101.9 104.1 105.7 105.9 106.3 106.2 105.4 106 105.6 104.2 102.4 101.8 100.1 95.9 88.4 73.2 65.1 59 61.6 67.9 73.2 78.9 85.3 90.4 92.7 91 86.2 75.4 61.3 68.6 84 98.6 109.7 112.8 113.7 113.5 112.3 110.2 107.6 104.7 102 99.6 97.5 97.4 98.1 98 94.3 87.2 75.4 61 41.2 33.4 30.4 33.5 33.4 33.2 33.6
127 126.6 122 118.7 116.3 115.1 116.4 115.4 115.1 114 113 112.5 113 111.8 109.5 106.4 102.5 100.9 99.7 97.4 97.1 94.3 96.5 99.3 100.2 100.4 102.2 104.1 105.5 105.7 105.4 105.5 104.4 103 100.8 98.1 91.3 80.6 68.9 63.4 59.7 60.5 65.7 70.9 78 83.9 88 87.5 82.8 70.3 61.9 71.6 85.4 100.8 108.7 110.4 110.5 110 109 106.9 104.5 102.3 99.9 97.5 95.9 95.1 94.7 95.3 92.9 86.3 74.5 60.5 37.2 33.1 33.4 33.7 30.4 33.8 33.5
119.7 120.3 117.2 110.6 108.3 108.8 110.7 110.3 110.1 108.7 108.7 107.4 108.1 108 105.8 102 95.4 95.8 95.5 92.7 91.8 89.1 94.8 96.9 94.2 95.6 97.6 99.4 100.2 100.5 101 100.7 99.7 98.7 96.9 95.5 92.8 88.1 78.7 68.6 62.4 57.8 58.1 61.8 69.3 76.6 81.3 82.5 78.4 65.2 60.6 73 88.4 101.4 105.3 105.8 105.5 104.5 103.6 102.6 100.3 98.8 95.9 93 91.4 90.8 90.5 91.5 90 84.6 73.1 56.8 34.3 33.1 33.1 33.3 33.6 34 31.8
113.5 113.8 111.3 105.4 102.1 104 105.7 104.6 104.4 104.8 105.2 104 104.7 104.5 100.2 99.4 97.6 93.7 91.3 87.6 85.4 85.3 92.5 91.8 89.4 90.1 92.3 93.5 94.5 94.7 94.9 94.5 93.9 92.8 91.8 90.2 88.8 87.5 84 78.9 71.5 63.2 57 54.9 59 68.6 74.8 77.5 72.6 61.4 60.3 75.6 91.6 99.1 100.3 100.5 99.6 98.6 97.8 97 95.6 93.9 89.8 85.7 84.6 83.7 83.3 86.9 87.2 82.1 70.9 52.2 32.4 32.6 32.9 32.9 33.2 33.1 33.8
106.4 107.3 105.2 100.8 98 99.3 100.7 99.8 99.3 99.7 100.6 99.9 100.7 100.1 99.6 96.9 95.6 93 89.8 87.2 83.1 81 85.6 86 84.2 84.5 86.8 87.9 88.2 88.6 88.5 88.1 87.6 87.1 86.1 84.6 83.8 83.2 82.7 81.7 81.2 75.5 66.8 58.7 54.7 57.5 68.7 71.8 68.3 58.6 60.3 78.2 91.7 94.7 95.2 94.6 93.7 92.8 91.9 90.9 88.9 87.3 83.6 78.9 76.5 75.3 77.6 81.6 83 78.8 68.2 49 32.2 32.4 32.7 32.8 32.6 32.2 32.5
99.5 100.4 99 95.6 93.5 94.3 95.3 95.6 96 97.8 97.1 95.9 96.6 96.4 96.1 95.1 94.7 91.4 88.1 85.5 82 77.7 80.5 81.4 80 80 81.8 81.7 82.1 82.2 81.6 81.9 81.4 80.9 80.5 79.2 79.2 79.4 79.2 81 83.4 82.8 76.5 67.2 58.7 54 61.1 67.8 64 57.1 60.2 79.2 87.6 89.6 89.5 88.5 87.8 86.7 85.7 84.8 83 81 78.4 74.3 69.6 70 73 77.4 78.8 74.7 64.5 44 32.4 31.6 32 33.2 32.5 31.8 32.2
95.6 93.8 92.8 91.1 90 90.7 90.9 91.1 91.2 91.8 92.8 92.6 93.3 94.5 95.7 96.3 97.1 95.6 91.2 84 79.8 76.7 75.1 76.6 76.2 76.6 76.8 76.6 76.2 76.4 76.2 76.5 76.2 75.7 75.2 74.8 75.4 75.1 75.2 78.5 81.2 82.8 80.4 75 65.3 55.4 53.9 63.8 59.9 55.7 62.1 77.1 82.4 83.3 83.1 82.2 81.4 80.9 79.9 78.8 76.7 74.6 72.6 69.8 65.3 64.8 68.8 73 74.4 70.6 61 40.5 31.6 28.4 31.1 31.2 31.5 31.6 31.8
93.9 91.3 89.5 87.9 86.5 87.1 85.9 86.7 86.9 87.6 88.3 88.4 90.9 94.4 97.5 100 100.1 99 94.7 87.3 80.6 76.2 72.4 71.8 71.9 73.1 72.3 72.2 72 71.9 71.4 71.1 70.9 70.5 70.1 70.5 71.1 70.7 72.3 74.9 77.2 79.6 78.8 76.5 68.9 57.8 51 55.3 55.3 52 65.8 74.1 76.1 76.6 76.5 75.8 75.1 74.4 74.1 72.1 70.1 68.3 66.7 64 61 60.4 63.9 67.1 68.8 65.4 55.5 33.8 29.8 32 32.5 32 33.1 32.9 33.9
93.7 89.7 87 85.4 84.1 82.9 81.6 82 83.6 83.8 84.1 85.4 90 95.1 97.5 98.9 98.7 97.8 96.9 90.8 83.9 76.2 72.5 69.9 69.1 69.5 68.6 68.1 67.9 67.5 67.4 66.6 66.1 67.5 66.3 66.8 67.3 67.1 68.8 71.7 73.4 74.8 75.1 73.8 71.4 62.9 54.1 47.8 51.2 53.1 64.8 68.9 70.7 71 70.9 70.3 69.9 69.6 69.9 68 65.5 63.6 61.9 59.2 56.2 55.9 58.8 61 60.3 61.3 53 28.2 30.3 31.7 31.8 32.6 33.2 34.3 34.5
93.3 89.5 86.1 83.6 82.1 80.4 79.5 79.4 80.5 80.5 81.1 82.8 88.1 92.2 94.3 96 96.2 95.5 94.9 92.8 87.4 78.7 72.4 69.3 66.9 66.5 66.3 64.8 64.7 64.4 64.6 63.7 62.7 63 62.6 62.5 64 63.9 66.1 68.8 69.6 70.3 70.8 70.4 68.8 65.8 56.9 51.6 48.9 55.2 62.2 64.7 66.3 66.7 66.2 65.2 64.3 65.3 65.2 63.9 61.9 60 57.8 55.4 53.2 51.5 52.3 53.5 52.5 55.9 46.9 28.2 32 32.6 32.5 32.3 32.7 34.4 33.9
92.4 88.9 85.6 82.1 81.2 78.8 76.7 76.4 78.4 78 78.1 81 85.1 88.6 90.7 92.4 92.3 90.8 90.9 89.4 85.3 78.5 72.3 68.6 66 65.1 63.8 62.6 62.3 63 62.9 61.8 60.2 60.3 60 56.4 60 61.2 65.3 66.7 66.9 67.3 67.6 67.5 65.8 65.1 61.9 53 47 50.8 56.4 60 62 63.3 63.1 61.7 59.9 61.4 61.2 59.8 60.5 60.1 59.1 57.5 55.2 50.9 47.5 44.6 45.1 49.5 36.9 30.3 32.4 32.5 32.3 32.1 32.6 33.2 34.5
91.2 88.7 85.5 82 78.4 76.3 75.5 74.5 76.6 76.3 76.4 78.8 81.5 85.8 87.4 87.8 88.7 87.6 87.1 86.1 81.8 76 70.9 66.7 66.2 64.6 62.3 61.6 60.5 59.8 59.9 59.5 57.6 57.4 57.7 57.7 56.7 60.6 63.7 64.7 65.3 65.1 64.8 64.7 64.6 63.8 62.2 55.9 50 48.4 50.9 55.3 58.1 59.8 58.6 58.2 57.1 57.4 57.9 60.8 65.7 67.2 68.1 67.5 64.2 59.7 56.2 53.4 50.7 42.3 33.3 32.1 32.9 32.7 32.7 32.7 32.5 32.4 33.4
90.1 87.7 84.9 81.9 78.5 75.2 75 73.8 74.1 74.2 73.8 75.2 77.3 81.6 84.3 84.8 85.6 84.5 83.3 82.6 78.7 73.2 70.6 69 69.2 69.3 67.9 66.7 62.4 59.7 58.4 57 55.7 54.7 55 55.1 57.3 61.2 63.6 63.6 62.7 62 62.6 63.1 63 63 62.5 57.8 51.3 49.1 46.5 49.7 54.1 55.3 56.2 55.1 54.8 55.3 60.9 67.8 74.3 75.8 75.5 75.1 73 68.1 60.5 56.1 54.1 48.8 29.8 32.4 32.5 32.6 32.4 32.3 32.1 32.7 32.2
88.3 86.7 83.9 81.6 79 75.9 74 72 70.7 71.1 72.3 73.9 76.5 79.1 80.9 81.8 81.4 80.8 80.4 80.1 77.6 73 68.7 70.9 74.2 76.3 76.5 74.7 69.5 66 66.4 61.2 57.4 55.5 54 56.6 60.3 61.4 62.8 63.4 61.9 61 61.1 61.8 62.4 62.6 62.5 59.5 51.6 50.2 48 46.5 49.2 50 54.7 54.3 52.8 56 63.5 70.1 77.2 78 77.4 76.7 75.6 70.8 63.7 58.8 54.2 40.1 27.9 32.5 32.2 32.5 32.3 32.2 32 31.9 32.1
85.6 85.7 83.1 81.1 78.7 76.1 73.5 70.4 68.5 69.1 70.1 71.6 74 75.1 76.2 77.2 77.1 76.4 76.1 76.3 75.1 71.5 66 70.7 75.1 75.7 75.4 74.3 72.7 71.4 68.5 61.2 59.6 57.9 54.6 56.9 60.6 61.4 62.3 62.8 61.1 60.1 60.7 61.5 61.9 61.8 61 53.9 52.6 49.4 46.7 43.8 46.1 49.6 52 50.8 51.1 54.1 58.9 65.2 71.2 75.8 76.4 76 75.1 71 64.8 58.6 52.3 34.9 27.7 31.6 32 32.2 32.6 32.2 31.8 31.8 32
81.1 82 81.3 80 77.9 75.4 73.1 69.6 65.6 67.2 68.8 70 72.2 72.4 72.3 72.8 72.5 72.3 71.7 71.9 71.3 69.6 66 69 71.3 72.1 72.5 72 69.8 66.4 62.1 59.2 59.4 59.1 56.9 54.6 59 60.5 61.5 61.5 60.1 58.9 59.6 60.3 60.6 62.3 61.2 53.5 50.4 48 47.2 45.9 45.1 45.6 46.9 48.2 48 50.1 51.9 57.4 63 68.3 72.8 75.2 73.6 69.6 63.5 55.9 48.7 33.3 27.5 31 31.6 31.7 31.8 31.7 31.3 31.7 31.8
77.1 78 78 77.7 76.6 74.4 72.5 70.5 67.6 66 66.8 67.4 68.8 68.9 69.4 67.2 62.7 64.2 66.4 67.6 67.9 66.1 64.3 66.2 67.4 67.6 67.9 66.3 63 59.6 57 54.9 54.2 53.9 52.8 54.3 58.1 59.7 60.6 60.5 59.5 58.1 58.9 59.5 59.9 59.7 60.9 59.2 53.2 48.7 47.6 47 44.3 44 43.5 44.5 44.7 45.8 46.8 49.1 53.3 58.9 63.8 72 72.7 67.2 56.2 48.8 37.6 33.4 27.6 31.7 31.4 31.5 31.4 31.2 30.8 31.5 31.2
73.3 74.7 74 73.5 73 72.8 72.1 70.2 67.1 64.5 64.2 64.9 65.6 66.5 66.9 67.2 64.1 62.2 62.6 62.9 62.5 62.8 61.5 61.9 62 61.6 60.8 58.1 55.6 54.1 52.3 51.9 51.2 51.2 49.2 53.6 55.5 56.5 57.6 59 57.7 56.6 58.1 58 58.7 60.2 60.8 59.1 52.8 48.4 47.5 46.1 45.2 43.7 42.2 43 42.8 43.6 43.5 45.1 47.1 51.2 54.7 63.6 67.4 54.1 47.6 38.4 33.6 33.1 27.3 31 31.3 31.5 31.4 31.1 31.2 31.2 31
72.3 72 70.9 69.6 69.1 68.9 68.3 66.6 65.1 64 62.8 63.2 63.8 64.3 65.1 65.8 65.5 63.8 62.6 61 59.6 59.2 57.2 53.6 55.8 55.2 53.7 52.5 51 50.3 49.1 49.2 48.9 47.6 47.1 51.1 51.7 51.8 54 56 54.9 55.8 57.3 57.4 58.3 58.7 59.4 56.1 51.4 48.5 48.3 46.5 45.4 43 41.2 40.3 42 41.5 40.9 42 43.4 44.4 47 52.8 58.6 47 39.1 34 33.2 32.5 28 26.7 30.5 31.5 31.4 31.2 31.2 31 31
73.2 71.8 71.5 71.1 69.9 68.6 66.8 66 65.6 63.7 62.2 61.7 61.6 62.8 63.6 64.1 63.9 62.6 63.6 63.3 61.4 58.4 56.5 52.4 51.3 50.7 50.1 49.2 49.1 48.3 47.9 47.8 47.8 47.6 45.8 47.8 48.4 48.6 50.7 52.5 52.1 54.5 56.3 57.2 57.7 58.3 58.7 55.7 51.6 52.4 53 50.6 49 46.1 43.5 40.5 37.3 38.7 38.8 40.1 39.4 40.9 41.4 44.9 50.9 42.6 34.5 32.6 31.9 31.5 30.3 26.5 30.8 31.3 31.1 30.9 30.7 30.7 30.7
76 75 74.5 74.4 73.8 73.4 71.4 68.2 66.8 64.5 62.7 60.3 60 61.2 61.8 61.8 61.3 61.6 64.2 65.5 65.1 63.7 60.1 55.5 53.1 50.8 48.8 48.4 47.7 47.1 46.7 46.8 46.9 47 46.2 45.2 46.4 46.7 48 48.3 50 53.1 53.9 55.7 57.7 59 59.6 57.7 54.9 56.5 56 55.8 55.8 53 50 44.9 42.4 39.9 38.1 37.5 36.6 36.5 38.3 40 41 34.9 31.2 30.6 30.7 31.3 30.7 30.1 28.8 31.2 31.3 31.2 30.5 30.4 30.9
79.8 79.2 78.4 78.8 78.6 78 75.8 73.2 70.5 67.5 65.4 61.9 59.5 58.8 59.5 59.6 59.4 60.7 62.3 63.4 63.3 61.8 60 55.7 53.7 51.4 49.1 47.8 47.1 46.5 46.1 45.7 45.9 46.1 45.6 44.9 43.6 44.7 45.6 46.2 48.5 50.6 52.3 54.9 56.8 58.3 59.8 58.2 57.6 60 62.7 65.6 64.4 60.7 56.5 52.2 47.9 47.2 43.2 34.6 34.7 34.6 34.3 33.1 36.6 31.8 30.8 30.6 31.1 30.9 30.5 30.8 25.8 31.1 31 30.9 30.7 30.9 31.2
83.8 83.6 83.3 83 81.9 80.7 79.2 77.3 74.5 70.8 66.9 63.1 60.1 58.4 57.7 57.6 57.9 58.3 58.9 60 60 59.1 57.4 55.5 53 51.5 49.4 47.3 46.6 46 45.5 45 44.8 45 45 44.6 43.2 43.1 43.6 45.1 47.1 49.3 51.7 54.1 56.3 57.8 59.3 59.6 58.2 60.6 67.9 75.1 75.7 73.6 67.9 61.2 55.7 56 53.1 47.9 44.2 40.1 35.7 34.6 31.5 30.4 30.4 30.6 30.3 30.1 30.1 29.7 25.8 30.6 30.7 30.6 30.8 30.6 30.4
84.4 84 83.3 82.5 81.4 80.4 79.3 77.9 75.5 71.6 67.8 64.1 60.9 58.3 56.8 56.3 56.7 56.6 56 56.6 57.1 56.4 55.7 54.5 52.6 51 50.3 48.4 47.5 46.8 45.5 44.5 44 43.9 44 43.7 42.9 42 42.8 44.9 47.4 49.6 52.5 53.5 55.7 57.2 58.6 58.9 55.9 57.8 64.5 69.8 72.5 75.7 76.6 72.2 66.1 64.3 59.1 55.5 49.9 46.4 40 36.1 34 30.8 29.9 29.8 29.2 30.1 30 29.8 26.2 31.1 30.7 30.6 31 30.8 30
81.9 81.3 80.7 79.7 79 78.2 77 75.7 74.1 72.1 68.3 64.9 62 59.5 57.1 55.8 55 54.7 54 53.9 53.3 53 52.4 50.8 51.7 50 49.7 49.9 49 47.8 46.5 45.1 44.1 43.6 43 42.7 42 40.8 42.8 45.2 47.6 50.2 53.2 54.2 54.8 56.1 57.5 58.4 53.7 53 55.5 59.3 63.8 69.1 74.1 75.7 74.9 72.2 68 62.7 58.5 53.3 47 36.7 33.3 30.9 29.9 29.7 29.8 30.1 29.2 25.8 31.7 31.6 31.2 30.4 30.6 30 30.9
79.4 78.4 77.2 76.2 75.5 74.7 73.9 73.3 72.3 71.2 69.2 66 63.5 61.8 60.3 57.9 56.1 54.7 53.8 52.7 51.7 51.4 50.6 48.9 50.2 49.3 48.4 48.4 47.8 47.4 46.5 45.7 44.6 43.5 42.3 41.4 40.6 40 41.9 44.4 47 50.8 52.7 53.1 53.3 54.6 56 56.5 53.1 49.3 50.2 53.3 57.1 60.5 66.1 71.5 73.6 72.5 71.3 70.3 66.4 60.7 53.7 40.4 32.2 28.2 29.4 29.5 29.7 29.5 29.1 25.4 30.4 31 30.8 30 30 30.2 30.2
76.2 75 73.7 72.8 72 71.3 70.6 70.2 70.6 70.6 68.9 67.1 65.8 64.7 63.7 60.9 58.7 56.8 55 53.5 52.2 51.3 49.9 48.4 49.3 48.6 47.7 47.1 46.5 46.2 45.7 44.9 44 43 41.7 40.9 40 39.4 40.4 42.7 46.1 50.1 52.1 51.5 51.8 53.1 54.4 54.4 51.2 48.3 47.4 50.2 52.4 54.8 58.2 65.7 70.4 71.2 71 70.2 69.8 67.6 62.5 44.2 30.9 29.9 29.3 29.5 29.5 29 25.3 29.1 30.5 30 30.3 30.5 30.4 30.5 30.4
73.2 72 70.8 69.5 68.8 68.1 67.4 67.1 67.9 68.8 67.1 65.2 65.5 67.5 67.1 64.5 61.5 58.5 56.8 54.9 54.1 53.5 51.8 50.6 50 49.1 48.4 47.1 46.3 45.7 45.1 44.1 43.8 43.3 41.5 41.1 40.5 39.8 38.8 40.2 43.8 47.7 50.4 49.8 50.1 51.6 52.9 53.1 49.9 46.8 45.5 47.4 49.7 52.8 57 64.5 68.9 69.6 69.7 69.6 69.2 68.8 63.4 43.6 29.2 29.1 29.2 29.3 29.3 28.1 26.4 30.2 29.6 29.8 30.2 30.5 30.7 30.6 30.5
71.2 69.9 68.6 66.5 65.5 64.8 64.1 63.6 65.2 66.5 65.3 63.5 65.2 67.3 68.6 67.6 65.6 62.6 60.3 58.5 57.3 56.6 55.5 54.4 53.8 52.8 51 48.8 47.6 46.4 45.3 44.8 44.4 44.1 43.8 45.5 45.1 42.2 38.9 37.9 40.7 43 45.1 46.8 48.5 49.9 51.2 51.8 49.2 45.8 44.3 45.3 48.1 51.9 58.3 65.7 67.7 68.1 68.5 68.6 68.6 68 60.3 39.6 28.9 28.8 29.3 29.2 29.2 24.7 29.5 29.3 29.5 29.7 29.9 30.2 30.6 30.4 30.4
69.1 67.8 66.2 64.3 62.5 61.4 60.6 59.8 61 61.8 60.9 61.9 63.7 66.1 68.1 68.7 67.6 66.3 64.9 63.3 62.4 61.7 60.5 59.4 58.5 56.5 53.8 51.1 49.1 47.6 46.5 45.5 45 44.5 45.2 46.8 46.8 44.6 40.4 38.3 37.8 40.2 42.5 43.4 45.4 47.3 49.3 50.6 49.4 46 43.3 43.1 46.4 50.8 59.3 64.4 66 66.7 67.2 67.5 67 66.3 53.7 34.9 28.7 28.5 29.1 29.1 27.1 28.6 29.4 29.3 29.4 29.6 29.9 29.9 30.2 30 30.2
67.9 67.4 66.7 64.7 64.2 62.9 61.4 60.1 58.4 57.4 57.6 59.6 61.5 64.2 66.7 66.8 66.4 65.7 65.2 64.9 64.6 64.2 63.5 62.4 60.8 58.7 55.7 52.8 50.8 48.6 47.1 45.8 45.2 44.3 44.5 44.7 44.6 42.3 40.3 38.9 37 37.9 39.7 40.9 42.6 44.4 46.1 48.6 48.7 46.1 42.7 40.9 45 52.3 58.9 63 64.2 65.4 66.5 66 65.4 59.9 48.6 30.7 28.4 28.3 28.8 27.3 26.8 28.9 29.1 29.4 29.5 29.7 30 30 29.7 29.8 30
66.2 66.1 66.9 67 66.8 65.8 64.6 63.1 61.6 59.6 56.1 56.8 60.5 63.8 64.8 64 63.5 63 63 63 63.1 62.9 62.1 60.7 58.8 56.7 54.6 52.4 50.5 48.7 47 45.5 44.4 43.5 42.7 42.5 41.7 40 39.3 38.4 37.6 37 37.3 38.4 39.8 41.3 42.1 45.7 46.2 44.4 41 40.1 46.3 52.3 58 61.7 61.7 63.8 65.3 65.2 62.1 53 41.3 26.7 27.6 27.3 23.6 27.7 28.5 29 29.1 29.2 29.3 29.5 29.9 29.8 29.4 29.6 30
