app/static/ascii/SS91.asc
ncols 200
nrows 200
xllcorner 290000
yllcorner 110000
cellsize 50
[rows 144 to 179 of 200, columns 0 to 80 of 200]
168.8 171.4 177.6 181.6 184.2 184 183.6 183.8 186 188.8 193.8 198.9 204.7 211.7 217 220.4 222.2 221 217.5 212.4 205.2 199.6 195.3 190.3 187.2 184.8 185.4 189.2 188.5 182.4 175.9 163.9 151.6 161.7 168.8 156.5 159.6 169.9 178 177.9 177.5 173.9 176 180.4 183.3 188.3 192.4 195.3 198.4 201.2 203 202.3 200.3 198.8 196.9 195 195.7 194.7 192.1 187.9 180.8 183.3 183.6 181.9 179.6 176.3 173.6 171.4 167.7 163.1 159.8 158.8 156.8 153.3 150.4 146.3 141.7 137.3 130 123.5 122.6
165.1 168.5 177.6 185.5 189.5 190.8 190.6 191.1 192.8 195.7 201.5 207.4 212 216.5 220.2 222.6 222.9 222.3 220 216.8 214 211.1 206.7 201.3 198.7 198.6 198.5 197.4 194.1 191.5 186.8 176.8 166.2 154 154 155.4 166.7 174.4 175.5 174.6 175.6 171.2 173.8 177.3 182.1 186.9 190.8 195.7 199.3 202.2 204.7 204.2 203.6 202.4 201.8 201 199.8 198.7 196.3 190.9 189.5 186.6 184.3 181.1 177.7 173.3 169.1 163.6 156.1 156.8 151.2 150.1 147.2 143.9 141 137.3 134.2 131.7 130.9 132.5 134.4
161.8 165.8 173.1 181.6 188.5 193.9 197.4 199.6 202.6 206.8 210.1 213.2 216.1 218.9 221.1 221.9 222 221.8 221.9 220.7 219.7 217.3 214.7 211.8 208.4 205.5 201.8 197.7 194 190.5 186 180.9 175.2 157.8 147.4 158 158.5 161.4 164.1 166.4 168.3 163.8 169.4 178.1 184.1 190.7 193.7 197.3 200.6 203.5 205.7 206 205.6 204.7 205.3 204.9 204.8 202.7 198.3 194.5 192 191.2 189.1 185.6 182.7 177.2 172.8 167.1 164.7 165.4 166.1 162 158.3 153.5 147 142 142 142.2 141.8 138.3 135.7
158.8 165.8 173 179.3 184 189.8 197 202.8 207.8 211.1 213.1 214.4 217 218.7 219.1 218.7 218.6 219.5 220.2 220.7 221 220.4 218.5 215.4 211.4 205.7 201.1 195.7 190.3 185.5 178.2 174.8 173.9 164.8 146.9 142.9 145.7 150.9 155.3 158.2 164.3 171 178.7 184.9 190.1 193.1 196.4 198.9 201.1 203.7 205.1 206.1 207.5 207.3 208.1 209.4 209.5 207.9 204.5 201.6 200.5 200.9 199.5 196 191.6 186 179.8 174.9 174.6 175.9 172.9 170.8 168.2 163.5 159.8 157.1 154.3 150.6 145 139.7 133.7
156 162.4 170.6 176.4 181.9 186.6 193.3 200.8 206.3 209.3 210.7 212.8 214.5 215.2 214.6 211.5 211.8 215.8 217.7 219.3 220.2 219.5 217.5 214.2 209.5 204.1 198.2 191.5 185.3 178.7 171 164.3 167 160 142.9 148.1 160.9 167.5 171.8 175.1 179.6 183.4 188.4 191.9 194.5 196.5 197.9 198.5 199.1 200.9 202.9 205.2 207.6 209.4 210.8 212.6 214.6 215.4 214.2 212 210.5 209 206.5 202.3 195.4 191.2 185 180.4 180.1 178.1 175.9 174 171.6 168.4 164.9 160.8 156 151.4 144 136.3 130.6
153.9 159.3 163.5 169 176.9 186.6 194.3 199.9 203.2 204.3 205.4 207.3 208.5 207.8 204 195.5 205.6 209.7 213.3 215.6 216.4 215.8 214.3 210.7 204 197.5 191.7 186.1 180.4 173.4 167.7 162.1 157 152.3 139.2 153.6 164 170.7 176.9 181.6 185.7 189.4 193.2 196.3 197.7 197 195.9 194.7 193.1 194.5 198.2 202.9 206.7 209.5 212.1 215 218.5 220.1 220.2 219.1 216.7 213.6 210.1 204.9 197.6 192.2 187.3 182.9 179.8 177.3 174.7 173.1 171.5 168 163.6 157.9 151.3 144.5 137.1 130.6 123.3
151.7 156.9 164 171.4 180.2 189 194.7 198.3 199.3 197.9 196.5 196.6 195.7 193.5 188.1 189.2 198.4 203.2 208.3 210.2 212 209.1 205.8 201.2 196.6 191.2 185.9 180.4 174.6 171.1 166.6 161 153.7 143.6 135.8 145.9 155.1 163.3 173 182.9 191 196.6 199.7 200.3 199 193 186.8 180.2 179.1 181.5 186.4 193.2 200.8 204.5 210.4 214.9 219.2 222.8 223.3 221.9 219.2 215.8 211.1 205.8 199.4 193.4 187.4 181.9 176.7 171.9 168.6 165.9 164.6 160.9 155.2 148.8 143 136.1 128.5 119.4 111.1
160.2 167.7 176.1 182.1 187.4 192.2 195.7 195.9 194.5 191.5 188 184.5 181.6 176.6 176.5 183.6 189.2 196.6 203.9 206.6 205.1 201.5 197.3 193.8 190.5 186.1 180.6 174.9 171.9 168.6 164.5 159.5 154.3 147.5 137.3 134 140.6 151.6 162 172.2 183.1 191.3 196.3 196.3 194.6 181.6 172 179 184.7 191.1 195.9 200.2 204 208.2 211.5 216.8 221.6 225 224.8 223.3 220.2 216 210.2 203.7 197.7 191.9 183.9 175.2 167.8 159.3 153.6 149.3 147.7 140.1 133 127.1 128 121.5 115.9 109.4 103.3
165.8 173.7 179.2 185.2 190 192.5 193.4 192.4 189.4 185.1 180.1 174 169.9 166.8 175 181.3 188.4 195.4 200.3 202.1 199.5 195.7 190.9 187.2 183 179 174.9 169.8 167.2 164 159.6 154.4 150.2 144.9 137.8 132.3 130.8 138.2 147 155.3 168.6 180.1 185.8 187.5 182.9 170.1 170.7 183.5 194.7 202.6 206.6 210.4 213.3 214.7 216.7 221.4 226.5 227.3 226.4 223.9 220.3 215.4 208.3 200.2 193.3 179.8 168.3 158.2 150.2 141.2 131.9 127.2 122.6 114.9 109.8 107.4 107.9 106.1 105.7 101.1 96
158.5 167.1 174.4 181.3 186.4 189.3 189.3 186.2 182.2 176.7 168.3 162.8 161.7 173.8 183.5 188.6 191.6 195.8 198.8 198.9 194.6 189 183.7 179.7 175.8 171.5 167.8 164.8 159.7 155.6 150.7 145.2 141.5 142.7 141.2 136.8 129.1 128.8 134.5 142.2 152.5 164.9 173.4 172 165 157.4 171.6 187 202.2 209.5 215 219.2 221.8 223.3 227.1 230.3 231.3 230 227.3 223.7 218.8 211.7 203.6 194.5 183.1 163 150 140.1 135.6 130.9 121.9 114.7 107.7 103.6 98.4 96.7 94.5 93.2 94 91.9 89.1
150.1 157.9 165.6 174.3 180.5 184 184 176.9 171.5 162.2 152.1 153.7 164.1 175.7 185.6 192 196.3 198.8 199.3 199 193.9 187.9 180.3 174.7 169.1 166.4 162.3 158.3 153.9 153 152.8 153.5 153.3 152.3 148.3 142.1 134.7 129.5 123.3 129.5 139.6 148.3 154 154.2 152.8 164.1 179.2 192.8 205.7 213.8 219.2 223.3 226.5 229.2 232 233.9 233.4 230.5 226 219.7 212.8 204.6 195.3 183.9 170 153.6 138.7 131.7 125.5 122.5 117.1 109.6 102.2 104.7 109 108.3 104.2 101.6 98.6 99.2 100.6
135.1 140.4 149.4 161.8 170.7 174.7 172.3 159.9 152.8 146.8 147.4 160.2 172.9 182.8 189.6 194 197.6 198.5 199 199 197.6 193.2 187.8 184 180.1 176.7 170.9 165.7 163.9 164.2 165 162.1 158.4 154.6 148.9 142.7 138.1 133.2 127.7 122 129.1 135 139 147.8 160.5 173.5 184.6 192.3 201 209.7 216.2 221.9 227.4 231 234.2 235.6 232.9 228.7 221.4 213.7 202.4 187.2 176.1 167.2 156.5 141.3 133.2 125.3 116.3 111.5 109.6 106.5 110.4 115 115.9 112.6 108.4 108.8 104.7 106.5 109.5
116.6 121.3 129.2 145.9 157.2 164.9 160.3 144.6 137.4 142.2 154.9 169.1 179.3 183 186.8 190.1 194.1 195.3 197.7 198.7 198 195.4 192.3 188.4 185.2 181.6 176.5 175.9 173.4 171.6 168.6 164.8 158.4 153.1 146 139.9 135.9 132.8 128.8 123.2 124.1 131.3 140.7 150.1 161.1 172.7 177.9 183.3 194.9 204.6 212.4 219.6 226 230 233 232.8 228.9 222.5 215.1 205 190.6 172.1 162.5 152.4 142 134.8 132.2 127.5 123.2 119.7 113.9 110.7 119.7 123.3 121.2 116.1 115.5 115.4 112.5 116.4 121
108.4 111.8 117.4 129.3 142.8 157.5 152.1 132.9 140.7 154 163.1 172.6 177.5 178 178.3 181.8 185.6 188.7 194 197.2 196.8 194.9 192.3 188.5 184.7 182.3 181.3 180.5 178.8 175.5 171.2 163.9 154.2 147.9 142.9 137 132.5 129 127 122.1 126.5 135.7 143 147.5 152.4 160.2 168.9 182.7 196.1 205.2 213 220.9 226.5 230.2 232.3 229.3 224 217.3 208.1 195.7 182.7 170.6 160.2 153.3 149.8 146.3 139.1 132.6 125.2 119.1 111.6 121.8 126.4 127.3 124 124.2 123.3 121.2 119.6 124.7 130.4
108.8 107.7 107 114.3 129 141.3 135.4 128.9 142.7 153.1 162.5 168.9 170 168.3 167.8 168.9 172.8 180.3 188.9 193.6 193.6 191.4 188.4 184.6 181.7 180.7 180.8 181.6 180 177.2 173.3 169 162.9 155.4 149.8 144.4 137.7 130.1 122.6 116.5 124.6 133.5 138.7 141.9 145.8 155.7 163.6 175.2 189.4 199.8 209.5 218.2 224 228.1 226.9 223 217.3 209.5 199.9 190.6 182.7 173.9 166.8 161.5 156.2 149.3 140.7 130.5 121.8 113 122.9 129.3 133.2 131.9 130.8 130 126.6 126.8 127.5 132.7 139.3
117.2 114 109.4 107.6 115.1 124.8 127.7 126.6 138.2 146.8 154.5 160.8 159.8 154.7 155 158.4 161.3 172.4 182.8 188.2 188 185.5 182.6 178.4 175.8 176.2 178.4 181.6 180 176.7 171.8 168.1 163.8 158.3 153.3 148.4 141.2 129.2 120.8 117.1 119.6 127.5 133.1 135.7 142.1 148.9 154.9 164.7 178.2 189.6 201.2 209.5 216.2 218.9 218.3 213.9 207.4 199.8 193.1 186.1 180 174.4 169.7 164 157.6 151.5 141.6 128.6 118.6 128.7 134.9 138.1 140.7 140.5 140 137.7 131.3 133.8 137.8 141.5 148.6
125.7 119 115.1 110.3 106 109.1 112.8 118.7 130.8 139.4 145.9 150.8 151.3 146.6 145 144.3 158.8 170.3 179.6 184.4 183.2 180 176.8 172.7 171 172.9 177.9 181 180.1 176.4 171.1 166 161.3 155 150.8 146.3 141 126.9 117.2 122.2 130.5 131.1 129 132.3 134.9 140.9 148.5 157.4 166.9 174.4 186.6 197.5 205.3 211.3 212.2 208.5 200.1 193 184.5 178.8 174.1 169.6 164.8 159.9 152.7 145.7 136.6 125.7 132.5 143.3 147.5 150.1 153.1 154.6 154.1 149.4 140 138.2 145.2 150.1 157.7
128.2 122.2 118.1 113.9 105.7 105.6 106.7 112.2 122.5 131.5 137.7 142.2 141.9 135.2 137.2 147.8 158.4 167.8 176.5 180 176.9 171.7 166.9 166.1 159.6 170.5 175 180.9 182.3 179.5 173.5 167.8 163.3 157.2 146.7 138.8 136.7 121.9 115.1 129.3 141.7 145.2 144.9 146.8 147.7 147 144.5 149.2 155.2 163.1 173.9 186.2 197.5 208.1 212.4 209.5 202.1 193.5 183.4 173.5 167 162.2 157.4 151.9 144.3 138.2 133.6 131.3 142.1 152.8 158.5 162.1 165.9 166.8 165.1 159.8 149.3 145.4 150.6 156.9 161.3
131.4 125.3 120.5 116 110.3 105.5 103.4 106.3 114.2 120.5 126.2 131.1 131.2 121.9 135.1 144.2 153.6 163.5 172.6 176.3 171.1 159.7 152.7 153.3 155.7 161.5 169.2 178.1 180.7 178.1 173.4 167.8 162.2 156.4 146.8 133.2 128.9 115.8 121.7 135.7 148.7 155.5 158.2 160.7 162.2 162.7 161.6 161.4 164.5 172.3 177.4 186.6 198.3 209.4 216.4 215.6 206.9 197.9 187.9 176.3 171.2 167.6 163.7 158.5 150.6 141.5 135.8 137.9 147.5 157.8 164.9 171.5 175.7 176.7 174.6 168.6 161.1 157.7 159.6 161.1 163.2
127.8 121 117.1 112.8 110.1 107.9 104.6 102 103 104.7 110.2 117.7 120 119.9 133.2 140.9 148.2 160.4 169 172.2 163.9 150.4 141.4 146.9 157.7 166.6 175.6 180.4 180.3 176.8 169.3 159.1 151.3 145.9 135.1 122.4 116.6 112.6 121.8 131.5 141.7 151.2 161.3 167.7 172.2 175.5 179 181.5 183.6 187 191.7 195.4 198.5 207.6 218.4 223.5 219.9 209.7 193.5 191 185.3 180.7 174.4 164.4 151 142 146.7 144.6 146.3 154.5 163.1 173.3 180.3 183.8 182 176.6 170.9 167.3 165 162.7 162.3
122.8 123.6 120.5 117.7 117.5 115.5 111.5 107.3 102.4 100.5 101.3 103.8 108 113.2 124.5 129.7 132.7 145.5 157.9 162.5 157.1 137.6 142.7 154.4 160.4 167.6 175.4 179.1 178.1 173.7 168.5 160.8 150.5 136.2 120.6 109 114.2 123.4 128.4 130 133.1 137.7 153.2 163.8 170.6 175.6 182.5 189.7 194.2 198.5 204 208.1 212.3 215.9 222.6 227.2 227.6 220.6 212.1 207.5 201 190.8 177.7 163.7 152 151.6 157.2 157.8 157.7 157.9 158.3 171.8 182 186.1 183.2 177.8 173.1 168.2 164.1 159.1 155.1
130.9 130.6 127.6 126.5 125.8 122.7 118.9 116.3 111.6 109 106 99.8 101.2 103.7 107.7 111.3 115.1 127.9 138.6 148.4 146.1 125.4 140.5 150.7 157.3 164.1 171.6 175.3 173.7 169.5 162.1 152.7 143.8 128.1 108.4 117 125.7 134.9 142.7 147.4 150.6 149 143.7 151.1 160.8 167.6 176.5 186.3 196.9 205.1 211.7 216.6 220.8 225.8 230.3 232.8 233.3 230.2 224.7 218.1 207.9 194.9 179.3 163.7 162.5 162.6 168.7 173.7 173.4 175.8 178.1 183 188.6 189.6 184 177.2 167.9 162.4 158 151.3 145.8
142.8 141.5 139 136.8 134.8 132.2 127.2 125.8 117.2 120.1 117.1 113.4 108.1 101.5 98.4 98.8 100.5 103.6 114.3 124.4 127.5 117.9 128.2 138.3 146.9 156.4 164.8 170.7 169.4 164.2 156.2 143.7 134.3 116.8 108.6 121.5 134.1 144.1 152.3 157.9 163.7 163.9 155.9 154.2 153.9 159.3 165.1 178.5 194.4 204.5 211 215.6 219.9 223.9 230 234.8 237.2 236.7 233.7 227 216.1 201.1 181.5 173.9 173 173.9 183.1 188.9 190 191.1 194.8 198.1 198.7 196.4 191 182.4 173.2 163.7 151.5 141.1 134.8
153.3 153 153.8 152.7 150.1 147.5 143.4 135.6 126.9 134.1 130.9 125.9 121.3 117.6 114.8 104 97.5 97.4 98.7 103.1 108.1 107 117 126.6 136.2 149.9 160.2 165.8 164.8 161 154.8 139.2 123.2 109.1 112.4 126 138.3 148.4 156.8 162.2 169.5 173.8 172.4 171 170 173.7 176.8 175.4 189 201 208.2 213 216.4 219.8 225.9 232.3 237.4 240.1 237.7 230.9 219.8 203.3 191.1 189.2 186.6 191.4 198 202 203.1 204.6 205.5 205.6 203.3 198.6 192.2 183.7 176.4 168.6 162.2 154.2 145.7
156.1 160.4 162.5 164.3 162.6 158 146.6 133.1 138.6 145.7 142.6 136.3 132.2 128.5 124.4 117.8 111.2 106.8 100.5 96.9 96.2 103.6 116.9 131 142.7 154.6 157.1 157.1 156.6 153.6 147.9 130.2 115.2 104.2 118.2 133 143.3 151.5 157.9 164.2 172.6 177.8 181.7 182.3 183.4 184.8 187.7 185.6 183.5 193.4 200.5 205.4 209.4 214.2 222.4 229 235.4 239.3 237.6 232.4 224.4 215.5 212.6 208.6 204.7 205.2 207.5 208.7 208.8 207.9 207.1 206.2 203.7 198.3 193 188.4 183.8 178.3 173.2 165.4 155.4
155.5 166.8 170.8 172.4 168.8 161.1 146.2 148.2 155.2 155.3 152.1 146.4 141.5 138 134.3 131.6 128.2 122.5 115 104.5 96.4 99 109.1 125.7 142.4 152.2 151.1 146.4 143.6 139.7 133.4 120.6 107.9 103.7 113.6 126.7 140.4 149.6 156.4 161.7 167.9 178.2 183.4 187 188.7 189.3 196.8 197.8 196.8 196.4 200.1 206.7 214.2 220 223.8 228.7 233.5 237.6 238.3 234.9 230.5 225.3 221.7 218.1 214.3 212.3 211.8 209.9 207.7 205 202.1 198.4 195.6 192.1 188.9 186.2 182.7 179.3 175.4 169.7 161.9
154.6 167.2 171.2 173.7 172.3 167.8 158 159.4 165.9 165.8 163.1 158.9 154.2 148.8 144 141.6 140.7 135.4 125.1 115.8 101.8 96.4 102.3 121.8 131.4 143.5 148.3 141.4 133.9 127.8 121.1 113.4 103.7 103.5 107.4 110.7 123.2 132.6 137.2 139.3 146.4 164.4 174.6 179.7 181.5 185.5 195.3 202.2 205.3 208.1 212.6 217.8 223.1 227.2 229.1 231 235.2 237.8 238.5 237.6 235.4 232 227.9 224.8 219 214.1 211.3 207.7 203.3 199.3 194.9 190.5 185.6 180.7 179.1 181.1 178.8 175.8 172.2 167.6 161
153.8 165.2 170.8 174 175.2 173.9 169 161.5 169.5 173.1 171.5 167.5 163.1 157.1 151.7 150.3 147.4 142 129.9 118.7 108.4 98.7 95 115.3 144.9 150.4 149.2 144.4 134.4 125 118 111.3 102.2 104.8 117 120.6 121.4 123.7 124.8 136.3 135.7 149.1 159.7 164.6 171.1 176.9 186.8 199.2 205.6 211.3 214.8 218.9 222.6 225.1 227.7 230.5 233.5 235.3 235.8 237.7 237 235.5 234.3 229.4 220 214 207.6 200.6 194.1 189.5 185.3 181.3 176.1 170.1 166 167.5 169.6 167.9 165.7 163.7 156.8
154.1 164 170.3 175.1 178.2 178.2 174.5 167.7 171.2 176.8 178.2 175.4 171.7 165.5 159.3 157.1 153.8 147.6 135.3 120.2 109 98.5 95 116 142.1 151.8 149.1 140.3 130.7 122.6 115.8 107 99.3 104.1 115.1 123.6 129.2 129.3 133.1 142.7 145.2 141.1 145.3 149.8 156.9 164.2 172.9 186 195.8 203.3 211 216.2 219.5 221.4 223.2 225.3 227.2 229.9 232.1 233.2 233.4 234.1 233 227.4 221.1 213.7 206.3 197 187.9 180.9 175.9 172.1 166.7 159.6 154.7 153.2 153.3 155.6 156.3 156.2 159
160.8 167.2 171.5 178.9 180.5 181.4 178.3 173.1 176.4 181.6 183.7 182.6 180.3 175.9 171.5 166.3 161.2 153.1 139 122.6 109.5 97.5 94.4 114.1 130 148.2 150.1 137.2 124.6 116.3 108.1 102.3 97.1 103.6 110.2 115.7 123.2 132.1 137.8 142.5 150.3 151.8 153.9 158.9 163.4 165.4 166.6 167.4 182.3 194 203.4 208.7 213.3 215.2 216.8 219.8 221.9 221.8 222.3 223.4 223 224.9 226.6 225.2 221.7 216.2 208 197.9 191.1 184.2 177.9 173.8 171.7 167.5 163.3 160.4 155.4 146.9 139.1 143.4 146.1
168.2 173 175.2 178.9 184.5 184.9 182.1 180.5 183.4 187.3 189.3 188.9 186 182.5 178.3 171.6 164.7 156.1 142.4 125.9 110.8 97.1 93.6 101.1 118.2 134 146.1 139.5 123.4 113.5 105.7 98 98.5 111.9 117.7 120.4 125.3 130.6 140.8 150.6 156.8 162.2 167 172.1 176.8 179 183.5 182.9 173.9 190.3 198.1 202.6 206.2 207.6 208 209.1 210.5 210.2 211.4 212.6 215.5 219.5 224.4 224.5 222.5 217.8 213.2 207.7 205.4 199.5 191.8 186.6 181.1 173.7 166.9 163.4 159.7 153 144.6 133.8 130.3
173 176.1 179.2 184.2 188.7 190.1 188.1 186.4 188.6 192.2 193.7 192.8 190 186.3 181.4 175.2 167.5 159.7 148 131.3 112.5 98.6 92.7 93.7 105 120.4 133.1 136.1 121.2 109.8 99.8 94.3 106.4 123.2 131.8 132.8 138.4 139.7 140.5 150.5 163.4 172.6 180.9 186.5 187.4 189.3 193.6 193.3 188.8 185.2 192.3 197.6 201 203.3 203.3 202.7 204.1 204 205.9 209.1 212.8 217.5 222.7 224.4 222.5 218.2 213.8 210.7 206.9 202.8 197.3 191 183.9 175.4 169.9 162.8 155.9 149.4 146.2 143.9 137.6
176.1 180.3 184.3 189.4 193.6 195.3 194.6 194.5 194.9 196.3 196.9 195.8 193.3 189.5 185 178.5 170.2 160 150.3 137.5 120 106.8 95.9 93.5 93.1 105.4 120.3 124.9 113.6 103.1 94.8 98.4 114.2 128.6 139.3 143.5 148.4 149.5 150.5 158.4 169.1 179.7 189 195.6 196.6 198 199.4 200.8 200.5 197.6 197 197.8 199.9 200.4 198.9 196.3 201.1 206.1 208.8 211 213 217 223 225.1 222.8 219.2 213.2 208.7 204.5 199.8 197.3 192.7 186.5 180.5 175.1 169.6 164 158.6 154.7 151.4 145.1
178.8 183.8 188.5 193.3 196.7 198.2 198.5 198.4 198.6 198.9 199.5 198.2 195.3 191.4 185.6 178 169.8 158.5 146.2 134.3 124.3 113.7 105.3 93.3 92.4 93.1 109.7 122.5 109 94.9 93.8 106.5 120.1 133.1 145.9 152.3 156.2 163.7 168.7 170.4 177.6 187.4 193.2 197.9 199.8 199.6 200.2 201.3 203 203.4 202.8 200.9 200 200 194.4 202.8 207.2 211.5 213.9 216 216.9 220 226.2 227.6 225.9 220.9 213.8 209.9 206.2 194.2 196.4 193.4 188.8 185.8 181.4 176.6 171.9 167.4 163.5 157 148.1
181.5 186 190.9 194.4 197.2 199.7 200.7 200.3 199.8 199.7 198.6 195.9 193.8 190.4 184.9 177.3 169.5 158.4 145.4 135.9 128.7 122.6 118.4 108.9 96.4 90.5 95.7 113.9 103.9 92.2 104.8 116.3 129.2 141.1 152.1 159 164.9 172.5 180.4 182.8 185.4 191.6 196.2 197.4 197.2 196.9 196.6 198 200.4 202.9 202.2 199.4 197 194 194.9 205.3 209.1 215.1 219.2 221 222.3 224.7 227.2 228.7 228.2 225.2 219.3 213 203.9 191.6 185.7 183.2 178.4 173.7 173.8 173.7 173.7 170.8 169.9 163.5 155
183.5 185.3 190.1 192.1 195 199.7 201.3 200.3 198.8 196.9 194.9 193.1 190.9 187.7 184.1 178.8 170.7 160.2 147 139.7 134.5 130.2 125.9 118.9 109.2 99.2 89.9 94 94.5 94.7 106.8 114.2 122.7 135.9 149.6 163.4 173.5 178.9 185.6 188 189.9 193.3 195.6 195.1 194 192.8 192.2 194.5 197.6 200.8 200.8 196.7 187.7 189.7 199.6 206.6 210.7 216.5 220.1 221.7 223.3 225.1 226.6 227.7 227.2 224.3 218.6 211 202 191.6 180.6 168.3 162.2 157.3 158.1 163.6 167.8 169.7 169.3 165.7 159
