app/static/ascii/SS92.asc
ncols 200
nrows 200
xllcorner 290000
yllcorner 120000
cellsize 50
[rows 70 to 104 of 200, columns 0 to 77 of 200]
163.5 158.6 162 165.8 167.5 168.3 171.4 173.9 174.4 172.7 170.2 168.6 170.4 173.1 176.5 180.8 185.8 188.8 190 187.9 185 181.8 175.7 168.1 157.5 148.8 160 169 178.7 186.2 193.1 200 206.8 212.6 215.3 214.3 209.9 202.5 194.3 182.5 170 154.8 145.1 138.4 126.8 123.5 123.6 123.2 122.9 125.1 139 160 176.8 192.7 209.8 218.7 225.8 231.4 234.9 236.4 233.7 229 223.8 217.9 210 199.9 189.4 169.5 143.3 118.8 120.7 121.2 121.6 123.8 127.8 131.7 138.3 149.1
158.1 154.2 155.3 158.2 161.4 164.2 167.8 171.5 173.1 171 167.4 165.7 171.6 176 181.1 186.3 191.1 194.5 196 194.5 190.2 185 177.5 169.2 157 145.8 155.7 166.6 175.5 183.5 191.2 199 207.2 214.1 217.8 219.1 215.5 208.9 200.5 192.2 181.3 168.6 159 151.7 144 133.3 121.4 122.8 122.6 122.6 133.9 154.9 172.5 190.6 207 217.8 226.5 233.7 237.5 238 235.5 230.5 224.9 218.5 209.8 200.9 189.7 168.7 143.4 118.8 120.6 121.1 122.7 132.2 139.1 148.7 159.3 167.5
149 150 154 159.8 164.6 168.9 171.6 174.8 174.5 168.6 164.5 167.7 175.2 182.3 187.9 192.8 197.3 200.5 200.7 198.1 192 184.6 175.6 167.4 156.6 146.5 151.3 159 169.7 182.1 191.6 200.4 208.1 215 219.7 221.7 220.6 214.4 207.6 201.3 194.4 187 178.5 170 160.1 148.1 133.6 122.4 122.2 122.3 127.3 143.3 163.2 184.2 200.7 215.4 224.7 231.7 235.8 235.9 233.3 229.1 223 215.9 207.2 199 186.4 165.5 142.4 118.4 120.5 122.3 133.8 145.6 157.8 168.1 177.9 185.3
149.9 154.2 159.2 164.9 170.6 175.3 178.8 179.3 173.3 164.6 163.6 169.7 177.3 184 190.4 195.8 200.9 204 204.6 201.2 195.7 186.7 177.2 168.5 159.5 150 147.4 160.5 173.5 181.9 190.2 199.5 206.7 213.2 218.7 222.1 222 218.9 214.4 209.5 205.9 201.9 197.9 190.9 179.3 164.1 147 128.4 119.6 122.3 122.3 135.3 157.8 177 194.5 208.8 219.4 226.6 229.5 230 228.8 225.3 219.3 212.2 204.8 196.5 183.4 163.5 139.3 118.2 120.8 128.7 144.3 158.7 172.6 186 195.8 202.2
154.8 160.5 165.4 171.3 177.2 182.3 184.9 180.1 169.7 160.1 163.2 169.9 175.7 182 188.9 196.1 202.8 206.9 208.5 205.7 202.1 197 188.3 178.4 169.6 153.6 142.6 153.1 166.3 173.9 179.6 189.8 200.5 209.8 218.6 222.9 223.3 221.4 218.1 213.8 211 208.8 207.2 202.8 192.5 180.1 160.8 140.1 122.8 121.3 122.1 125.3 150.5 170.4 189.4 202.7 213.2 218.8 221.5 223.3 222.7 219.6 215.4 208.5 200.9 192.2 178.1 158.3 135 118.9 121.6 136.6 152.9 168.5 186.5 199.2 206.8 211.9
157.2 164.2 169.7 175.6 182.1 186.3 186.9 179.7 166.2 156.8 160.9 167.4 172.6 180.9 189.2 197.1 205.1 209.6 212.5 211.5 208.9 205.2 197.1 184.7 167.5 150.4 138.6 150.2 159.6 166.8 174.4 183.3 196.1 210.5 219.1 222.7 223.9 222.5 220.2 216.3 212.2 208.2 205.2 201.9 196.3 187.4 173.2 149.7 129.2 119.8 121.1 121.5 140.5 160.6 180.5 194.3 203.9 207.7 211 213.6 215.1 213.9 210.8 204.4 196.9 188.2 177.2 157.7 134 119.2 122.4 138.9 156.4 174.6 191.4 201.6 208.2 213.1
154.5 164.5 172.7 178.9 184.7 189 187.4 179.1 165 154.2 158 164.4 172.7 181.8 190.5 200 206.4 209.6 209.6 208.5 206.4 202.3 194.5 175.1 156.5 143.4 141.8 156.3 166.5 176.7 184.3 191.3 202.4 213.2 218.7 219.9 218.5 217 215.7 212.4 208.7 204.2 199.3 195.7 190.8 184.8 177.2 158.3 137.3 122.2 120.9 121 130.1 150.8 168.9 182.9 192.9 197.2 201.7 204.7 206.9 207.2 204.6 198.9 192.1 183.8 172.4 153.7 131 119 121.2 137.8 156.8 175.8 192.5 201.5 206.8 209.5
146.7 159.3 170 177.4 182.4 186.9 187.2 180.8 167.4 153.7 155.3 163.2 173.5 183.8 191.8 199.3 201.6 202.7 202.6 201.7 199.7 196.2 189.1 169.1 148.9 136.5 144.9 157.1 171.5 185.7 195 200.9 204.1 207.1 208.6 209.9 210.4 209.8 207.9 205.5 202.9 198.9 193.4 188 183 178.3 172.4 163 143.5 123.9 118.1 120.6 121.8 139.6 158.1 171.5 180.6 186.8 191.4 196.3 198.9 198.8 196.1 191.3 185.5 177.4 165.5 149.2 127.1 119.3 120.2 137.1 157.1 175.4 190.5 196.7 198.8 198.9
139.5 146.1 158 168.8 175.1 180.9 183.7 181.9 172.5 156.1 151 156.7 168.7 180.4 188.9 193.8 195.8 196.8 196.4 195.7 194.4 191.8 186.5 166.6 146.6 135.3 144.9 158.2 173.2 184.8 190.9 193.4 195.3 196.7 198.3 199.4 199.8 199 197.4 196 194.6 192.3 187.6 182.1 177.2 171.3 164.3 155.9 145.2 128.8 118.8 120.5 120.5 126.2 142.3 158 167.6 176.9 182.9 187.5 190.2 190.4 188.1 184.4 178.7 171.9 161.8 146.1 127.8 118.8 119.7 134.7 154.8 172.6 183.2 186.6 187.1 186.6
137.4 137.9 143.9 153.5 164.3 173 177.6 178.8 176.9 166.5 150.6 148.3 161.2 177.7 188.2 191.5 191.5 190.5 189.8 188.9 187.2 185.5 181.5 164.3 147.3 134 141.6 152.3 167.1 176.2 180.1 182.8 184.7 186.4 187.2 187.8 187.5 186.9 185.4 185.4 184.9 183.7 180.4 176.1 171.6 165.4 158.2 149.3 140.3 129 121.6 119.7 120 120 125 144.6 158.9 168.1 174.9 179.2 181.5 181.9 180.2 176.9 171.5 165.2 157 145.4 125 117.1 118.9 129.9 152.1 166.1 173 175 174.8 173.9
139.1 137.2 136.8 140.2 151.4 163.5 169.8 173.8 176 174.5 157.6 146.2 159.2 175.2 184.4 185.2 184.6 182.7 180.4 178.5 174.9 172.1 167 161.3 148.6 135.1 132.8 144.8 157 165.9 168.9 170.7 172.5 173.9 174.7 175.2 175.6 174.9 174.6 174.5 175.1 173.3 171.4 168.4 165.5 161.3 155.4 149.5 140.5 128.9 122.6 117.7 119.6 119.7 119.8 131 149 160.3 165.9 169.6 172.3 172.7 171.4 168.9 164.4 157.6 149.5 138.6 124.6 118.7 118.2 122.8 141.1 156.1 160.4 162 162 160.3
143.8 138.5 138 134.6 140.8 153.6 161.8 165.9 168 167.4 158.1 143.4 153.4 168.6 173.9 173.6 172 169.1 165.4 161.4 158.2 154.4 151.1 147.7 145.1 135.7 129.5 135.6 145.2 150.8 154.4 156.2 158 159.2 160.8 162.3 163.2 163.5 163.3 164.7 165.2 164.8 163.8 161.5 158.9 155.6 151.6 145.8 138.7 129.8 123.1 120.8 117.3 119.4 119.5 120.9 138.6 151 156.3 160.6 163.2 163.7 162.5 159.9 156.1 150.1 142.4 133.2 119.9 118.7 116 119.9 129.8 142.8 148.3 149.8 150.4 149.1
141.2 145.3 144.4 138.7 134.8 140.1 149.3 154 156.5 156.1 153 142.2 147.2 158.5 161.1 159.6 156.6 152.9 148.8 144.6 141.3 138.1 135.4 133.4 132.2 132.1 128.5 127.1 130.4 132.8 136.6 139 141.1 141.4 143.6 147.6 150.9 152.2 153.4 154.9 155.6 155.6 155 153.6 152.1 149.5 145.9 142.1 136.7 130.4 124.6 120.8 120.2 117.1 118.7 118.9 126.3 139.5 146.4 151.3 154 154.6 153.7 151 147.9 142.8 136.6 128.1 118.2 118.2 115.9 119 123.1 134.5 139.2 140.2 140.2 139.9
150.8 153.6 150.7 144.4 137.9 133.3 135.7 141.4 145.8 146.5 144.7 139.4 141.2 148.1 147.7 146.9 144.8 141.1 135.5 131.1 128.9 127.6 127.6 126.1 126.7 125.5 127 124.7 126.2 125.4 124.9 125 126.4 127 127.8 132.9 138.9 142.3 144 145.5 147.1 147.8 148.1 146.7 145.7 143.7 140.9 138.2 134.4 130.1 125.2 121 120.3 119.7 116.4 118.6 118.6 127.5 137.3 143.2 146 147.2 146.6 143.8 140.8 135.1 132.3 125.1 117.6 117.2 117.7 118.8 119.9 128.1 131.6 132.1 131.7 131.5
155.2 153.3 150.8 147.5 142.3 138.4 136.6 132.5 133.8 134.8 135.4 135.2 136.1 137.4 136.4 135.6 134.9 130 128.8 130.4 130.6 130.9 129.7 130.3 130.3 130.1 127.4 126.6 125.2 125.9 124.7 124.2 123.5 121 121.8 121.5 127.5 133 134.7 137.3 138.3 138.9 138.5 139.3 139.8 138.6 136.6 134.7 132.1 129.8 126.7 122.1 120.9 119.8 119.6 115.8 118.3 118.7 129.3 135.6 138.4 139.9 139.6 137.7 132.9 132.8 128.2 122.2 116.9 114.5 118.1 118.9 119.6 122.7 125 124.9 125.4 125.7
154.5 153.5 151 147.3 144 143.2 141.3 138.9 137 132.9 131.4 130.3 130.7 130.9 131 129.7 128.5 129.9 131.9 134.4 135.6 135.9 135.5 135.8 136.3 135.6 135.1 134.1 133.1 132.6 130.5 130.1 129.1 126.5 123 122.2 122.2 124.3 126.9 129.4 131 132 133.6 135.6 136 135.3 134.2 132.2 130.4 128.6 126.4 124.5 121.3 119.8 119.4 118.9 115.9 117.6 120.9 128.5 132 134.3 133.9 133.3 130.9 128.5 126 118.3 114.5 117.5 118.3 118.8 119.2 120.7 121.8 122.9 123.6 124.6
155.9 154.8 152.5 149.9 148.4 146.4 144.2 142.4 140.5 139.4 137.8 136 133.8 132.7 131.9 134.7 136.2 136.8 136.4 138.3 138.9 139.6 140.3 140 140.4 139.7 138.9 137.6 136.4 135.4 134.2 132.9 131.6 129.4 126 122.6 121.8 120.4 122.2 124.5 126.8 129.3 132.9 134.7 136.2 135.4 133.9 132.3 131.1 129.4 127.4 125.8 122.3 120.3 119.3 118.9 118.5 117.7 115.7 119.4 126.6 130.9 132.6 131.5 129 126.5 124.2 117.7 114.5 117.2 118 118.4 119.2 121.9 124 125.6 127.2 129.2
158.5 157.1 155.8 152.7 151 149.2 147.4 145.7 144.8 143.5 141.6 140.8 141.2 139.8 140.4 141 141.3 141.9 142 142.7 144.2 145.6 146.7 146.9 146.7 146 145.2 142.5 140 138.4 136.9 135.6 134.2 132.3 129.5 125.2 123.4 121.4 119.9 123.6 128.9 133.7 136.4 139.3 139.4 138.6 136.7 134.2 132 130.1 128 128.4 123.3 119.7 119.3 118.9 118.1 117.8 117.5 117.4 125.1 128.8 130.9 129.6 127 125 123.5 117.8 114.8 117.5 117.9 118.4 118.9 121.6 123.8 125.8 128.5 130.3
162.5 160.3 159.1 156.7 154.7 153 151.3 149.9 149.5 149.1 148.9 147.2 147.3 147.9 148.2 147.8 148.2 148.5 148.9 151.6 154.1 157 159.2 159.8 160.1 160.4 159.4 156 152.4 147.4 143.8 141 138.2 136.2 133.6 129.3 125.2 121.7 121.7 122.8 130.2 136.1 139.3 141.7 141.8 140.3 138.3 135.8 132.9 131.1 129.9 126.1 125.9 119.8 119.2 118.6 118.1 117.6 117 115.3 118.3 125.6 128.1 127.7 125.5 123.6 121.7 116.4 116.2 116.8 117.6 118.1 118.7 119.8 123.7 126.3 129.2 131.8
167.4 164.6 163.5 161.3 159.5 158.3 157.5 156.2 155.4 156.8 159.6 159.8 161.8 161.2 159.2 158 159 163 165.8 168.1 171.6 174 177 176.7 175.7 175 172.7 170.2 167.7 162.6 156.8 151.2 146.7 143.4 137.2 130.7 126.2 122.1 120.8 123.3 134.9 141.4 144 145.5 145.3 142.6 140.4 137.6 135.9 134.1 132.7 130.7 126 125.5 119.1 118.6 118.2 117.7 117.4 117.1 114.8 117.3 125.1 126 124.5 122.7 118.5 116.3 116 115.9 117.4 117.9 118.3 119.5 124 127.2 131.2 135.5
172.8 171 169.8 168.7 167.5 169.7 170.5 168.7 165.9 167.6 170.5 172.3 173.2 173.4 172 170.4 174.3 178.9 181.9 183.8 185 187.8 189.2 190 189 186.3 183.2 179.6 175.7 171.8 167.1 162.2 156.5 149.5 141.5 133.6 127.3 123.2 120.6 125 133.3 141.2 146.8 149.3 149 147.1 144.3 141.9 139.9 137.6 134.7 131.7 126.8 125.6 121.1 118.5 118.3 118.1 117.8 117.4 116.9 115.7 118.9 126 123.8 122.2 116.5 115.6 113.7 116 117.3 117.4 117.6 118.4 126.3 132.7 139.2 146.6
178.8 180.2 180.3 182.2 181.2 182.4 180.6 177.7 175 176.7 178.5 180.1 181.5 181.7 181.4 179.8 182.7 186.5 189.1 192.7 195.8 196.7 197 196.5 194.2 190.6 187.6 183.1 179.2 173.1 167.2 159.1 149.8 143.3 137.3 131.5 127.2 122.7 119.9 120.7 125.2 133 140.9 148.4 152.6 153.6 151.4 148.1 144.3 140.6 137.4 134.1 129.8 126.1 125.3 118.9 118.1 118 117.8 117.2 116.9 116.8 116.2 119.2 123 121.4 116.2 114.9 115.7 116.4 117.2 117.4 117.7 122.7 131 137.6 144 150.9
188.1 191.1 191.2 189.5 188.6 188.1 186.6 184.5 182.4 183.5 185.5 186.6 187 187.4 187.1 186.4 188 192.1 196.5 199.7 201.8 201.8 200.9 199.5 197.1 193.1 187.2 181.2 174.6 166.9 158.2 149.2 144.4 141 137.1 133.6 129.3 124.9 121.6 120.2 120.7 130.6 140.5 148.8 154.9 157.5 156.2 153.7 149.7 145.6 140.8 136.1 131.7 128.2 125.6 120.7 118.4 117.8 117.5 117.2 117.4 116.8 113.8 115.7 118.9 120.3 116.3 114.8 115.7 116.8 117.3 117.5 119.7 126 134.4 142.1 149.8 155.4
195.1 196.7 196.2 194 192.5 192 191.1 189.7 187.3 187.2 189.3 190.3 190.9 191 190.9 190.7 192.3 195.7 198.6 201 202.5 202.5 201.1 198.2 195.1 191.3 185.3 179 172.7 164.9 155.3 149.3 145.9 144.5 142.5 140.2 137.1 132.7 126 120 120.1 124.5 136.1 148.3 158.2 161.9 163.1 162.3 160.4 157.4 150.6 142.6 134.1 129.9 126.5 123.9 118.6 117.7 117.4 117.1 117.2 117.1 115.8 115.3 113.6 117.2 115.9 115.7 115.5 116.3 116.8 118.3 120.4 129.6 138.2 146.5 154.9 160.8
202 202 199.6 197.1 196.5 196 195.8 193.9 191.1 190.4 192.3 193.4 194.2 194.1 193.9 194.4 195.6 197 198.7 200.7 200.3 198.1 197.5 196.3 193.6 190.1 185.8 180.9 173.2 164.2 155.6 154 157.4 156.7 156.6 155.6 155 146.5 134 123.3 118.9 121.9 135.7 154 167.2 175.1 178.3 178.9 178.9 174.6 165.1 154.5 142.4 133.2 127.8 123.3 119.6 117.7 117.4 117.1 117 116.9 116.7 116.5 115.8 113.6 115.7 115.9 113.2 114.6 116.8 118.5 120.1 132 142.4 151.9 160.6 167.8
207.5 205.7 202.9 201.5 201.1 201.2 199.8 197.5 195.2 194.6 195.1 196.2 196.2 195.6 194.5 194.1 196 198.4 199.4 197.6 195.7 194.3 193.7 192.8 190.6 187.8 184.6 180.9 173.7 168.2 167 170.3 174.3 174.9 173.8 170.8 167.2 162.3 148.1 131.7 119.7 119.8 133.8 156.8 179.1 190.3 192.7 195.1 194.7 192.1 183.5 171.2 154.2 139.1 130.3 125.3 121.7 117.8 117.3 117 116.7 116.4 116 116.3 115.7 115.6 115.4 115.1 115 115.6 115.7 117.2 123.3 136.5 148.3 159.4 168.4 176.2
210.2 209.1 208 207.8 207 205.5 203.5 201.4 200.1 199.2 198.6 197.9 195 193.1 191.8 192.3 193.7 195.9 196.6 195.7 191.5 185.6 184.5 186.8 187.5 186.1 183.6 180 176 174.5 176.3 180.1 183.6 182.3 179.9 177.9 176 173.4 163.7 127.6 122.5 119.2 130.3 156.3 183.6 196.4 199.5 200.2 200.6 200.4 196.9 185.9 166.9 148.2 135.1 127.7 124 119.8 117.5 117.1 116.7 116.3 116.1 116.1 115.8 115.5 115.5 113.1 112.6 115.3 113.7 116.2 127 142.3 155.1 164.8 170.5 175.5
211.2 211.9 211.5 210.3 208.3 206 204.5 202.9 200 198.3 195 191.6 190.1 186.5 181.2 176.3 175.2 178.9 189.6 194.5 187.5 174.3 179.1 184.7 187.6 187.1 184.6 181.5 179.5 179.3 180.7 182.8 185 184 182.4 181.4 180.1 178 171.2 151.2 126.6 119.5 128.6 156.1 181.9 198.2 199.5 201.2 202.5 202.2 199.5 192.7 176 156 140.9 130.7 126.6 123.6 117.2 116.9 116.5 116 115.8 115.9 115.6 115.5 115.3 115.2 115.4 115 114.8 115.5 130.5 143.7 154.5 162.5 167.5 170.9
209.5 211 210.6 209.7 207.3 205.3 203.8 200.8 196.4 193.6 190.6 187.7 184.7 180.9 174.6 168.7 167.3 169.6 171.6 175.1 175.4 166.3 179.5 187.9 191.3 188.2 184.7 181.3 178.9 179.1 181.1 183.9 186.3 186.4 184.6 180.5 178.5 175.1 167.4 146.7 126.4 116.3 126.6 155.7 178.5 191 193.5 196.5 198.6 198.1 195.8 190.5 181.8 164.3 145.6 134.8 128.5 125.2 121.2 116.3 115.9 115.8 115.6 115.6 115.3 115 114.6 115.2 115.3 115 112.1 115 135.3 145.2 154.8 160.6 164.4 164.8
207.5 208.2 207.3 205.3 203.5 201.1 197.7 195.8 192.1 187.9 183.3 180.2 177.2 174.5 168.5 159.2 162.8 166.5 165 162.6 158.8 159.1 172.1 182.7 184.4 179.1 171.9 167.4 167 170 172.7 175.5 175 172.1 170.4 168.1 165.9 164 159.8 142.2 121.1 116.3 129.2 152.4 168.4 178.2 181.6 185.9 190.5 191.3 189 185.4 179.8 169.1 151.1 136.9 129.4 126.2 124 120.7 115.7 115.5 115.4 115.4 114.8 114.5 114 114.4 114.7 114.3 112 123.9 142.3 150.5 160.1 161.8 161.1 159.6
203.1 202.8 201.7 199.7 197.3 194.6 191.3 187.6 184.5 180.5 175.1 171 168.9 167.1 158.4 157.8 167 168.3 163.2 158.5 151.9 151.1 153.4 161.9 166 160.5 153.3 147.5 148 148.8 153.9 155.1 153.1 149.4 148.3 147.3 147.7 148.2 145.7 136.1 119.1 116.3 126.8 142.3 153.1 163.9 174.2 178.9 180.8 181.3 181 179.2 174.5 167.1 150.6 138.6 130.2 126.8 124.9 123.2 120.5 115.7 115.3 113.5 114.4 114.1 113.6 114 114 111.5 120 137.3 144.4 153.2 159 160.9 157.3 154.1
194.2 192.9 189.5 188.6 185.1 182.7 179.6 176.6 172.9 168.9 164.1 159.5 158.8 158.4 150.5 165 177.3 175.3 167.7 161.6 152.7 143 145.7 150.1 154.1 151.9 145 139.2 136.6 136.5 139.6 143.1 139.4 134.9 136.1 139.4 143.1 145 142.8 131.6 118.6 118.9 121 133.8 146.6 157.9 164.8 167.5 168.7 169.5 169 167.4 164.4 157.8 149.3 137.1 130 126.8 124.8 123.6 122.8 120.8 116.1 114.8 114.2 113.7 113.3 111.7 111.9 115.3 118.7 132.5 140.2 145.2 149.5 151.1 151.4 149.1
186.6 185.1 182.3 178.7 175.8 171.8 168.3 165 161.3 158.2 154.6 150.1 148.9 148.9 145.4 154.4 161.8 161.2 158 153 148.4 142.9 138.7 141.1 142.3 139.6 135.6 132.9 130.4 130.4 132.5 134.3 132.8 128.5 130.4 137.4 141.7 143.5 142.1 137.5 122.9 116.2 118 126.2 135.4 144 148.4 150.2 151.1 152.1 151.9 150.6 149.4 146.1 141.3 134.9 128.9 125.8 124.2 123.5 122.7 121.6 118.4 119.1 114.9 113.3 110.8 114.1 114.3 115.4 118.2 127.4 132.1 137 140.7 143.5 144.5 142.6
175.7 174.8 173.6 171.2 168.2 164.2 160.9 157.8 153.5 151.4 148.5 144.1 142.8 141.8 140.3 144.5 148.4 150.8 150.8 148.4 145.1 140.9 134.8 135.4 135.4 134.1 131.1 127.5 125.8 124.7 123.9 123.9 122.9 121.8 121.9 125.1 128 129.7 128.1 125.6 121.4 116.3 115.1 117.3 123.2 130.1 134.1 136 137.6 139.3 140.7 141.6 142 140.3 137.2 132 127.1 124.8 123.7 123 122.4 121.1 116.9 114.9 114.1 117.2 113.6 113.8 114.2 114.9 117.7 125.6 129.8 134.1 137 139.2 139.6 138.3
170.9 168 166.7 164 160.7 158.2 154.8 153 152.1 152 151.6 151 149.7 148 144.8 140.4 140.1 143.6 143.7 141.6 139.1 136.2 132.6 128.8 126.6 126 126.3 126.1 126.3 128.3 128.4 128.1 126.4 124.9 121.7 121.1 118.2 118.6 118.6 116.5 115.5 115.1 113.7 113.9 115.7 121.1 126.4 129 131.6 134 135.8 137.2 137.4 136.2 132.8 129.7 126 124.1 123.2 122.6 121.9 120.2 116 114.2 114 113 113.6 120.1 115.4 114.4 117.8 123.7 127.3 131.7 134.6 135.5 135.6 134.9
