app/static/ascii/SS93.asc
ncols 200
nrows 200
xllcorner 290000
yllcorner 130000
cellsize 50
[rows 35 to 69 of 200, columns 0 to 77 of 200]
295.1 296.7 298.4 299.8 299.6 298.7 297.6 297.2 296.9 295.3 292.3 289.1 287.4 289.8 291.1 288 283.2 277 270.7 263.9 257.6 252.2 246.9 241 234.5 229.6 227.4 226.8 227.8 222.3 218.8 215.5 214.5 216.9 225.6 231.4 237 241.9 246.3 252.7 259.9 267.2 274.4 281.6 287 293.4 299.9 306.2 312.4 317.3 324.3 329.8 334.3 338.8 342.7 345.6 348.2 351.1 353.2 354.9 355.9 356.6 355.7 353.9 350.4 346.1 340.8 334.3 326.5 317.4 306.5 294.2 263.5 240.2 220.8 203.7 213.8 201.3
302.7 303.8 303.7 303.7 303 301.4 299.4 296.6 295.7 293.4 289.8 287 286 286.8 286.2 283.4 279.4 274.3 268.6 262.4 256.4 251.1 244.8 237.7 231.9 228.2 224.6 222 220.1 218.8 220 215.6 214.3 222.5 228.2 233.8 239.6 245.5 252.1 258.6 265.2 272.4 279.6 285.6 292.4 299.3 305.8 312.1 318.6 323.6 328.3 333.7 338.2 342.4 346.1 349.6 352.3 355.1 356.9 358.6 359.8 359.8 358.5 355.7 351.7 347.1 341.5 335.6 328.1 319 310.1 295.4 266.2 239.7 220.3 207.4 216 206.6
309.4 308.7 308.3 307.5 305.5 303.8 299.7 296.6 294.3 290.8 287.1 284 283.1 282 281.1 278.6 274.6 270.6 265.8 261 255.2 248.4 240.3 234.1 229.1 226.7 226.8 227 229.2 229.4 225.4 214.1 214.5 225.3 231.3 237.1 243 249.5 256.8 263.3 269.8 276.6 283.4 290.3 297.6 304.6 311.4 317.5 323.3 328.4 332.7 337 341.5 345.5 349.3 352.9 356.2 358.7 360.5 362.2 363.2 362.5 360.2 356.8 351.8 346.9 340.7 333.6 324.4 313.3 303.1 289 266 242.2 219.3 221.1 223.4 211.5
314.6 313.6 312.6 310.8 308 304 300.1 296.5 293.1 288.9 284.9 280.8 276.2 274.1 274.6 273.5 269.8 266.1 261.9 255.5 248 240.1 234.3 232 233.1 234.1 236.8 241.2 242 237.3 230.1 213.3 212.9 224 234.9 240.5 247.1 254.5 261 267.4 274 280.4 287.1 293.9 301.2 308.4 314.9 321 326.6 330.8 336 340.2 344.2 347.9 351.4 355.6 358.9 361.6 363.6 365 365.6 364.3 361.9 357.1 351.9 345 334.9 323.6 311 298.7 287 272.2 256.4 234.9 226.6 234.7 242.7 224.3
317.3 316.1 313.6 311.7 308.2 303.9 299.6 296.2 292.6 288.2 284.3 281.6 277.9 272.7 265.8 268 265.1 259.8 253.4 246 239.9 237.5 241.8 241.9 244.4 248.6 253.6 254.7 250.9 244.9 235.4 213.6 213 218.7 236.9 245.1 252.9 258.8 264.9 271.5 278.4 284.7 290 297 303.5 309.8 315.9 321.7 327.1 332.3 336.9 341.4 344.5 349.6 353.4 357.6 361.3 364.1 366.5 367.6 367.4 366.2 362.5 357.5 350.3 341.5 324 303.2 289.3 278.7 265.9 256.3 243.2 231.9 242.9 253.6 258.3 236.5
320.2 318 314.9 311.8 308.2 303.7 298.5 295.8 292.8 289.9 287 283.8 280.3 276 267.1 257.7 256.3 249.5 246.7 247.2 249.5 252.1 252.8 256.8 262.2 266.1 267.8 266.1 260.9 252.2 239 214.6 211.9 215.4 236.7 249.9 258.3 264.3 270.1 276 281.6 286.6 291.4 297.1 303.4 309.8 315.4 321.1 326.4 331.5 336.3 341.3 345.8 350.8 355.1 358.9 362.9 366 368.6 369.2 368.6 366.1 362.6 356.5 348.9 333.2 310.3 304.5 296.8 288.4 281 268.1 251.3 247.8 265.6 273.3 271.2 248.4
321.5 318.1 314.2 310.2 306.5 302.1 297.7 295.3 292.6 289.7 286.7 284.3 281.8 277.9 272.9 266.7 262.2 258.9 258.7 259.9 261.1 264 266.9 270.8 275.5 278.6 278.9 275.7 269.5 258.5 243.5 221.8 211.5 212.8 235 254.7 262.3 267.3 271.9 276.6 280.7 284.9 289.5 294.4 300.9 307.2 312.6 319.1 323.9 329 334.3 338.8 343.8 349.5 354.6 358 363.2 366.4 368.7 369.3 368.5 365.3 361 355.7 346.6 326.8 330.4 329.6 323.1 316.7 309.3 287.2 257.2 267.9 283.5 287.3 283.7 259.6
319.8 315.7 311.6 307.4 304 300.2 295.9 292.7 290.1 287.8 285.2 282.4 280.5 277.3 274.2 270 267.5 267.4 268.5 270.4 272 274.6 277.9 282.1 285.4 286.6 286 280.9 273.5 263.7 247.5 227.8 210.7 214.7 236.3 255.9 262.8 266.4 268.3 270.3 268.8 274.9 275.6 278.9 285.5 295.7 306.1 313.1 318.1 322.4 327.1 334.4 340.2 346.5 352.3 357.1 361.6 365 367.4 368.6 366.2 363.9 359.8 355.9 348.8 342.9 341.8 338.3 332.5 325.7 316.7 290.6 263.9 285.2 295.9 297.5 292.1 270.2
316.5 312 307.2 302.7 299.6 295 291.6 288.3 284.9 281.5 281 279.3 278.8 276.9 274.9 273.6 274.4 276.3 278.2 278.8 281.2 283.2 284.8 286.2 286.4 286.4 283.6 278.5 271.2 261.6 244.2 227.7 210.4 216.7 237.9 255.1 259.8 260.2 256.4 252.3 251.3 257.4 262.9 272.4 284.7 291.1 295.3 302.4 308.6 316.3 321.9 328.5 336.1 343.6 349.8 355.3 359.6 363.7 366.3 368 365.9 363.6 360 356.4 352.7 349.4 346.3 342.1 336.7 329.7 319.1 293.7 279.9 301.4 308.2 307.6 302.2 280.8
313.9 306.3 300 292.5 289.9 288.3 283.9 278.9 276 274 274.2 274.4 274.9 275.7 275.2 276.4 280.2 283.4 284.7 284.7 284.7 283.5 282.1 281 279.8 279 276.1 270.7 264.3 252.5 236.7 223.5 210.6 218 238 250.4 251.3 245.6 241.1 244.5 252.3 261.4 271.2 283.7 295 303.4 309.4 315 320.5 327.4 333.3 338.6 342.6 346.2 350.3 354.4 359.4 363 365.6 366.9 366 364.2 361.1 357.9 354.8 351.9 348.3 343.9 338.6 330.2 321.5 297.2 297 315.6 321.8 319.7 311.1 288.1
313.9 306.6 300.1 290.4 278.2 277.8 272 269 265.5 261.1 257.7 258.4 260.5 263.6 268.8 271.8 276.5 279.2 279.9 279.2 278.2 277.1 275.3 273.4 272.5 270.4 266.8 261.8 254.6 242.2 227.2 215.1 209.5 217.7 229.8 237.8 237.4 233.4 239.2 251.7 262.1 271.2 280.2 291.1 300.9 309.2 315.9 322.3 328.8 334.5 340.3 345.4 349.4 352.1 355.2 358.2 361.5 362.9 365.2 366.2 366 364.7 362.9 360.3 356.9 353.4 348.8 341.7 332.3 324.1 313.6 299.8 311.6 325.6 329.5 327.1 316 291.2
311.1 304.3 297.5 291.8 285.7 280.8 274.8 264.1 256.8 254.8 251.3 244.9 243.5 246.2 250.5 255.4 262.7 267.3 269.7 269.4 268.9 268.2 267.4 265.8 263.9 261.3 257.3 251.5 243.1 230.4 217.2 209.5 210.2 217.9 219.6 223.7 227.1 233.4 239.8 252.7 265.6 275.8 289 300.1 307.9 315.4 322.7 329.2 336.1 341.6 346 350.9 354.8 358 360.8 363.3 365.5 367.1 368.3 368.2 368.3 367.2 366 363.1 359.8 355.7 348.5 337.3 329.3 327 321.6 316.5 328.1 338.9 338.1 333.8 319.9 292.2
304.1 296 291.8 288.4 286.1 281.2 274.7 269.1 274.8 276.1 271.2 265.2 256.1 245.6 236.2 239.6 244.9 250.6 254.7 255 254.3 256.7 258.6 258.7 258.2 254.1 247.6 240.1 231.7 220.2 209 208.8 219 227.1 233.8 236.9 241.9 248.7 253.1 252.1 265.6 279.6 298.3 308.9 317.3 324 330.8 336.7 342.1 347 351 355.4 359.2 362.5 365.4 367.9 369.6 371.4 372.6 373.1 371.4 370.6 368.4 365.6 362.9 358 354.6 351.4 348.1 345.7 330.4 328.4 344 348.5 347.7 343.8 335.4 303
290.9 287.8 288.5 290 289.4 286.2 285.3 287.5 288.4 287.2 284.2 278.9 270.5 257.8 241.5 234.9 232.7 235.2 237.7 238.9 238.5 239.8 243.2 243.6 243.3 241.1 236.6 230.9 222.1 214.1 208 208.7 219.6 230.3 240.7 248.2 257.3 267.2 274.7 279.9 277.8 294.1 306.1 315.8 323.5 330.4 336.8 342 347.2 352.1 356.1 359.3 363.1 366.2 368.8 371.1 373 374.9 376.7 376.8 375 373 370.7 367.6 364.7 363.4 361.6 360.5 358.9 356.1 347.1 344.7 355.8 356.6 356.3 354 346.2 326.5
281.5 284.4 293.8 295.7 293.7 292.4 293.4 295.6 296 295 292.1 286.5 275.9 257.8 248.5 241.7 234.8 229.9 226.9 226.6 224.5 226 227.9 234.1 241.7 240.4 236.5 230.9 225 210.3 207.5 208.3 221.6 235 248.4 259.2 270.6 281.2 289.1 295.8 298.8 301 312.3 322.2 329.5 336.8 343.4 347.6 351.5 355.4 359.1 361.9 364.7 367.3 369.5 371.5 373.4 375.2 377.1 377 375.5 373.1 369.9 368.3 367.3 366.9 366.7 366 365 364 362.5 362.1 363.4 363.9 363.7 362.1 357.8 347.7
274.3 282 287.9 293.1 296.4 298.8 301.6 304.2 304.9 303.8 300.9 294.2 276.4 275.5 258.7 253.6 243.4 238.3 234.2 231.8 227.8 224.1 219.4 217 226.7 233.2 231.8 227.4 220.6 207.2 206.5 210.4 225.8 241.2 256.9 270.1 281.3 290.7 298.3 304.5 309.1 313.2 320.4 326.9 333.2 340.5 344.6 348.4 351.8 355.3 358.2 361 363.6 366.2 368.3 370.5 372.4 374.1 375.3 375 373.5 371.5 368.5 366 365.9 366.5 368 368.4 368.3 367.9 366.9 367 367.9 369.2 370.3 369.3 369.4 367.5
273.1 281.5 289.2 294.9 301.3 306.1 310.4 312.7 313.7 313.2 310.1 304.7 297.4 289.8 278.9 271.1 258.4 254 249.5 246.7 242.8 237.4 230.4 222.3 215.6 219 226.2 222.2 213.9 207.1 206.3 215.2 232.5 250.1 265.8 279 289.2 297.8 304.8 310.7 315.6 319.9 324.4 329.8 335 339.7 343.9 347.5 350.7 354.1 357 359.3 361.5 363.3 366.1 368.6 370.2 371.3 372 371.2 369.7 368.1 365.7 362.3 362.1 363.9 365.8 366.9 368.8 369.3 370.4 371.3 372.7 374 375.4 376.6 377.1 377.4
274.5 282.6 294.4 301 307.1 313.6 318 320.6 322.2 322.5 320.8 318.9 314.7 299.5 301.3 291.1 285.7 279.6 275.4 270.3 263.4 257.4 245.8 234.5 224.3 216.2 212 209.8 207.9 206.7 206.7 221.1 238.1 257.4 271.8 284.1 294 302.1 308.1 312.8 317.9 322.1 325.5 329.8 333.6 336.4 340.5 344 346.7 349.5 352.6 355.1 357 359.1 361.9 363.8 365.2 366.2 366.7 365.9 363.5 357.6 355.1 354 355.9 359.1 362.8 365.9 368 369.7 372.7 374.5 376.8 379 380.4 381.6 382.9 384.1
271 279.6 293.9 304.6 314.1 320.7 325.1 327.9 330.1 330.3 330.5 329.1 326.7 321.9 319.9 305.1 308.1 304.2 298.8 292.2 288 276.8 262.5 246.4 229.7 220.8 217.3 217.5 213.9 205.5 206.9 224.6 246.4 261.2 275.3 285.8 294.6 302.4 308.4 313.2 318 321.4 324.6 328 330.9 333.6 337 339.5 342.2 345.1 347.9 350.5 352.6 354.9 356.9 358.6 359.9 360.9 360 358.4 347.3 340.9 340.7 343.9 350.9 355.5 358.9 363.7 366.4 370.8 373.8 376.9 379.2 381.6 384.4 386.6 388.1 389.2
278.4 288.2 295.3 312.2 321 326.7 330.7 333.1 335.2 336.8 337.3 336.7 335.1 332.3 329.4 325.4 321.4 317 312.2 305.7 295.8 287.8 272.4 246.7 232.9 233.8 228.8 226.3 220.2 206.5 205.8 224 239.6 256.6 270.5 282 291.4 300.4 306.7 311.4 315.8 319.6 322.9 325.2 327.7 330.5 333.4 336.3 338.7 341.2 342.4 345.6 347.9 349.7 351.7 353.1 354.8 354.2 352.8 341.5 329.7 328 333 342.7 348.8 352.9 356.1 360.6 365.4 370.2 374.7 379.1 382.9 386.1 388.3 390.5 392 393.2
291.9 308 314.4 316.2 325.7 330.9 334.1 337.2 338.8 340.2 341.1 340.8 339.4 337.4 334.2 331 327.1 322.7 317 310.1 300.7 287.6 265.2 247 252.8 249.1 244.1 238.1 228.2 210.9 205.9 214.3 224.4 239.9 258.3 277.6 288.8 297.9 304.9 310.1 313.7 317 320 322.2 324.6 327.2 330.2 333.2 335.7 338.1 339.5 341.3 343.4 345.5 347.5 349.1 349.5 348.1 341.1 325.1 318.2 323.2 332.9 340.9 346.6 350.2 353.4 358.4 364 369.7 375.4 379.8 384.5 388.2 390.4 392.5 394.2 395.9
311.1 319.4 324.3 327.6 329.8 333.8 337.2 339.8 341.8 343.1 343.9 343.8 342.6 340.9 338.2 335.2 331.5 327.7 320.2 312.5 296.9 281.2 270.9 273.9 273.2 269 258.6 245.4 233 215.8 204.1 209.4 218.8 233.8 252.8 273.5 287.7 296.7 303.4 308.2 311.6 315 316.9 319.2 321 323.6 326.6 329.4 331.8 333.5 335.3 337.3 339.4 340.8 343.1 344.4 344.2 341.8 327 311.3 314.4 324 331.2 336.8 341.9 346.6 352.6 356.4 362.2 368.8 375.5 381.2 385.5 389 391.7 394.4 396.2 398
317.9 323.8 328.7 332 334.4 336.9 339.8 342.4 344.6 345.9 346.6 346.5 345.5 343.7 341.1 338.5 335.4 331.7 326.7 320.9 313.5 306.8 300.7 299.2 295.1 286 271.8 253.9 234.6 217.9 204.5 207.3 216.9 231 248 272.4 286.7 295.7 303 307.4 310.2 312.5 313.6 315.2 316.8 319.6 321.9 324.4 327.1 329 331.2 333.3 334.7 335.6 337.6 338.1 338.5 333.4 314.9 301.1 312.7 319.8 325.4 331.5 337.9 344.4 349.2 354.1 359.2 366.2 375.1 382 386 389.6 392.5 395.1 397.4 399.2
324.9 330.1 333.5 337.3 339.4 341.9 343.3 345.5 347.8 348.7 349.7 348.8 347.9 346 343.6 341.8 339.8 335.6 333.3 330.5 327.5 324.9 321.9 318.4 312.3 300.8 282.8 261.3 237.5 216.3 203.8 205.6 220.5 239.2 257.1 271.1 285.9 294.8 301.6 305.6 307.1 309.1 309.8 310.6 312.7 315.5 317.9 320.1 322.5 324.9 327.2 329.1 330.1 330.7 331.9 332 329.9 322.9 305.1 296.3 306.8 314.8 322.9 329 333.7 338.6 343.4 349 354.8 362.8 373.1 381.1 385.7 388.9 392 394.8 397.2 399.3
329.1 334.3 338.7 342.1 344.5 346.5 347.9 349.2 351.4 353.3 353.6 352.3 351 349.4 347.9 346.2 344.2 342.6 341.3 339 337.7 336.1 334 330.3 323.6 311.2 291.2 267.4 243.4 221.6 202.9 205.7 223.3 250.1 273.8 279.7 287.6 296 300.2 303 304.2 304.9 305.5 306 308.5 311.5 313.7 315.4 317.5 320.2 322.9 324.9 325.9 326.2 325.2 323.5 319.7 312.9 295.2 294 304.7 312.9 317.1 318.5 321.6 324.3 330.6 340.3 352.6 362.7 371.3 378 384.2 387.6 391.1 393.9 396.8 399
331.3 336.2 340.4 344.3 347 348.7 350 351.3 353.5 355 354.7 354.5 354.1 352.4 351 349.7 348.1 346.4 345.2 344 342.9 341.6 340.4 338.3 331.4 318.8 297.1 271.4 248.5 225.4 203.7 207.4 228.9 259.3 276.3 285.2 289.3 296.5 297.3 299.2 299.7 300.5 300.4 300.9 303.4 305.9 307.4 308.7 310.7 313.6 316.8 317.8 318.4 317.6 316.1 313.6 309.3 300 286.4 290.9 300 304.4 304 302.8 310.7 319.8 327.9 332.2 342.2 357.1 368.3 375.1 381 386.1 389.6 392.9 396.1 398.3
331.9 337.3 341.4 345 347.6 349.5 351.2 352.7 354.3 355 354.5 354.2 354.4 353.7 352.5 350.8 348.7 347.4 346.5 346 345.1 344.6 343.8 340.7 333.9 322.5 300.5 272.8 248.8 225 206.3 207.1 232.9 254.3 268.9 280.3 289.2 292.9 292.8 293.8 294.2 293.7 293.2 291.8 296.2 298.3 298.9 299.9 302.1 306.3 308.1 308.5 308.2 306.6 303.8 299.5 294.4 285.5 275.9 283.2 287.7 289.9 296.4 310.2 323.9 337.5 350.3 356.9 359.5 360.6 366.7 375.6 379.1 383.9 388.8 392.3 395.2 397.6
331.8 337.8 341.7 345 347.5 349.3 350.6 352.1 351.9 352.3 352.9 352.7 352.2 351.7 351.4 349.6 348 347 346.2 345.8 345.5 345 342.8 339.9 333.8 323.7 303.3 271.8 247.4 223.3 203.5 210.3 231.1 245.9 256 269.9 280.5 288.4 289.6 288.3 286.7 284.6 277.7 284.8 289.2 291.4 291.1 290 292.4 295.4 297.4 297.7 295.8 292.9 289.3 285.2 279.5 272.5 269.4 278.7 287.1 297.4 308 320.1 339.2 351.7 358.8 363.6 369.6 373.9 377.9 380.7 383.4 385.9 389.6 392.4 395 397
331.4 337.4 340.5 343.3 345.6 347.1 348.6 349.6 349.6 349.5 349.8 349.7 349 348.6 348.2 346.8 345.5 344.2 343.9 343.5 343.7 342.1 340.2 336.1 330.7 321.6 302 270.1 245.5 223.1 204.2 208.2 220.5 234.8 245.5 257.1 269.2 278.5 282 280.4 277.6 272.3 267 277.2 280.4 281.9 281.9 278.6 281.2 284 284.2 281.4 280.6 279.5 277.6 274.2 267.9 264.8 280.3 290.9 303.3 315.8 332.6 340.4 348.6 357.2 363.4 368.1 372.4 376.9 380.4 383.4 386 388.3 390.3 393.6 395.6 397
330 334.8 338.1 340.9 342.6 343.7 343.9 345.3 346.3 345.7 345.8 345.8 345.2 344.4 343.3 342.8 342.1 341.4 340.8 340.1 339.4 338 336 332.3 326.8 320.5 305.9 275.5 250.8 230.1 210.8 201.1 209.6 224.4 233.4 241.1 252.7 268 270.9 270.2 266.6 257.9 254.8 266 269.8 271.1 270.8 267.3 268.8 271.4 270.3 267.6 267.3 267.1 265.9 262.9 260.1 274.8 289.5 302.9 316.4 332.1 341.9 349.2 355 360.8 366.5 371.4 375.7 378.7 381.3 383.8 386.7 388.8 390.7 392.7 395 396.2
327.1 331.9 335.6 338.2 339.1 339.8 340 339.8 340.2 340.5 340.5 340.5 340.4 339.8 338.6 338.5 337.5 336.8 336.1 335.4 334.7 333.4 331.5 328.8 324.7 320 312.6 292.3 263.7 242.1 223.3 205.6 201.3 208.7 218.2 225.5 238.3 252.9 259 258.8 255.4 247.3 240.4 251.3 256 258.3 258.3 253.6 256.5 257.3 255.9 253.6 253.2 254 253 260.9 272.3 285.4 297.5 313.1 329.5 340.6 348 354.1 359.1 364.1 368.7 373 376.2 379.2 381.6 384 386.8 388.9 391 392.5 394.5 395.4
325.4 330 332.9 335.1 335.7 335.2 334.9 333.5 333.1 333.7 333.6 332.9 333.3 333.6 333.5 333.3 332.9 332.1 331.4 330.7 330 329.5 328.5 326.5 323.7 319.3 313.4 302.7 280.8 254.1 235.6 219 202 202.3 207.5 214.4 226.8 239.6 246.7 246.9 243.7 236.6 231.2 231.5 241.5 244.5 243.4 241.5 241.6 242.2 242 247.5 250.9 256.9 262.8 271.5 284 296.8 311.3 325.7 337.3 346.4 352.8 357.4 361.7 365.9 369.8 373.2 376.1 379.2 381.8 384.4 386.9 388.8 390.6 392.5 393.7 394.4
324 328.3 330.8 331.1 330.9 330.3 328.5 327.1 326.5 326.7 325.4 324.1 325.7 328.1 328.7 328.5 328.5 327.9 327.3 326.2 326.4 326 325.3 323.9 321.2 318.4 312.7 303.3 288.6 267.5 245.8 228.9 211 200.3 205 205 216 225.6 230.6 229.6 227.5 222.6 223.8 224.6 226.3 228.8 231.6 236.1 244 250.3 255.5 260.6 265 271.2 278.3 287.5 300.3 314.1 325.3 333.7 341.5 349.6 354.8 359.2 362.8 366.6 370.3 373.4 376.2 379.1 381.6 384.1 386.7 388.3 390.2 391.6 392.6 392.8
322.2 325.9 326.8 326.9 326 324 321 320.2 317.8 315.8 314.8 315.5 317.6 320.5 323.1 323.6 324.1 323.3 322.2 323.1 322.9 322.9 322 320.8 318.9 316.3 311.5 302.7 290.2 277.2 256.8 237.2 219.1 199.3 201.7 215.5 208.8 212.5 215.2 218.1 218.6 222.7 229.2 233.3 235.1 238.5 242.8 250.4 260 268.5 274.9 280.1 285.9 292.4 298.9 305 313.5 321.7 328.9 337.1 343.9 350.1 354.7 359.1 362.9 366.5 369.9 372.6 375.4 378.2 381 383.5 386.1 387.9 389.2 390.4 391.3 391.3
318.4 321.5 322.1 322.1 320.9 318.4 315.3 312.6 309 306.2 305.2 306.2 307.5 308.8 313.1 314.9 316.2 316.8 318.6 319.5 319.5 319.5 319.2 317.8 315.9 313.4 308.4 300.6 290 280.8 268 249.5 232.4 209.5 199.1 206.8 224.7 221.7 220.4 223.9 228.5 235.7 245.8 252.8 252.2 251.8 257.6 264.6 274.7 280.8 285.4 292.3 297.2 300.8 305.7 311 316.5 322.9 329.2 336.3 343.5 350 354.7 358.4 362.2 365.6 368.4 371.1 373.9 376.8 379.4 382 384.3 386 387.4 388.2 389 389.1
