app/static/ascii/SS98.asc
ncols 200
nrows 200
xllcorner 290000
yllcorner 180000
cellsize 50
[rows 105 to 139 of 200, columns 0 to 79 of 200]
57.3 59 60.4 60.2 57.7 55.7 54.6 54.2 52.7 51.9 50.5 49.4 47.7 48.3 49.5 48 50.4 51.5 51.9 52.3 52.5 54.2 55.9 58.3 60.3 61 67.9 69.5 78.5 83.3 86.2 87.5 88.7 89.8 92.2 94.1 96.6 99.2 100.6 103.2 105.6 108.6 111.6 114.6 118.3 121.4 122.7 124.5 126.5 128.2 129.8 131.9 132.5 134.9 134.4 134.6 135.2 136.7 136.5 136.3 134.9 135.5 135.1 136 136.3 135.7 135.3 134.7 132.7 129 129.5 128.2 126.2 124.2 120.9 118.1 114 107.3 113.1 116.4
54.5 56.4 54.3 54.2 53.8 53 52.8 52.1 50.6 46.4 47.6 47.8 48.3 48.8 49.8 50.8 51.4 52.7 52.4 51.8 51.4 54.3 56.1 58.5 61 65.5 68.4 74.2 80.2 83.2 85.1 86 87 88 89 90.2 91.9 94.5 96 98 100.9 103.9 106.9 109.9 111.9 115.2 117.6 118.9 120.3 121.8 123.5 124.5 123.6 123.6 125.8 126.2 126.6 127.5 128.6 128.4 128.7 130.4 130.7 131.3 132.3 131.6 131 130.5 129.6 126 125.1 124.5 123.4 121.4 118.5 116.3 111.7 103.2 109.5 113.3
51.9 50.3 51.1 51.5 51.6 51.3 50.9 50.6 50 46.9 47.5 48.2 48.7 49.3 50.2 50.8 50 52.1 49.1 53 54 55.1 56.7 58.7 62.3 68 69.2 76.5 80.4 82.4 83.6 83 84.1 85.3 86.2 86.7 88.1 89.7 91.3 93.1 96.2 99.2 102.1 104.4 106.8 109 111.2 113 114.7 116.4 117.8 118.5 118.6 118.5 119.5 120.3 121.1 121.4 122.1 123.1 124.2 125 125.7 126.1 127.2 127 126.7 126.1 125 123 121.3 119.9 119.6 118.6 116.4 114.1 110 104 105.5 109.4
48.6 49.2 49.6 49.9 50.3 50.4 50.3 49.8 47.6 46.5 47.1 48 48.9 49.6 50.3 51.4 52.3 52.7 53.2 54 54.5 55.6 57.5 63 65.5 68 74.8 77.6 80.2 81.5 81.7 80.2 81.4 82.6 83.3 83.7 83.4 83.3 85.1 87 90.8 95.4 98.3 100.4 103 105.7 107.4 108.9 110.1 111.8 113.3 113.8 114.2 114.3 115.2 116.1 116.9 117.3 117.9 118.7 119.7 120.1 121.9 121.4 122.6 122.2 122 122 121.7 119.9 118.1 117 116.3 115.6 114.1 112.1 109.3 105.4 101.8 106
47.6 48.6 48.8 49.2 49.4 49.5 49.7 48.4 46.5 46.4 47.2 48.1 48.9 49.7 50.4 51.4 52.2 52.8 53.6 54.4 55.2 56 60.4 65.6 67.9 70.5 73.9 78.2 79.4 79.5 79.8 79.1 79.5 79.7 80.3 80.1 77.5 78.3 78.7 78.9 85.5 93.2 96 98.1 100.4 102.5 104.2 105.7 106.9 108 108.9 109.3 109.7 110.3 111.2 111.9 112.6 113.2 114 114.9 115.7 116.6 117.7 117.4 117.9 117.8 117.8 117.7 117.2 116.7 114.9 114 113.3 112.4 111.2 109.8 107.7 104.4 97.9 103
48.5 48.2 48.1 48.6 48.9 48.8 48 46.7 42.3 46.7 46.5 47.3 48.4 49.5 50.5 51.3 52.1 52.9 53.9 54.5 55.6 59.8 62.8 67.5 70.2 72.7 76 77.9 78.6 78.5 78.2 78 78 78 78.2 75.8 76.6 77.8 78.2 78.7 81.8 91.5 93.6 95.8 97.7 99.4 101 102.4 103.6 104.8 105.7 106 106.3 106.7 107.5 108.3 109.1 110 110.8 111.6 112.3 113.1 114.1 113.8 113.5 113.6 113.6 113.5 112.9 112.4 111.7 110.9 110 109.1 108.1 106.9 105.4 102.3 98.5 99.1
47.4 47.8 47.7 47.9 48.1 47.3 46.5 44.9 46.5 46.8 46.6 47.1 48.5 49.8 50.7 51.5 52.4 53.1 54.3 57.9 60.2 63 66.5 69.2 71.7 74.2 76 77.4 77.9 77.8 77.2 76.2 76 76.4 76.8 72.7 75.5 77.4 77.8 78.2 78.8 88.5 91.4 93.4 95 96.5 98.1 99.6 100.9 102.1 103 103.4 103.9 104 104.9 105.3 106 107.2 108.4 109 109.4 109.9 111.7 111.2 111.1 110.9 110.9 110.8 110.2 109.7 109.3 108.2 107 105.8 104.7 103.5 102.1 100 98.9 96.1
47.5 47.4 47.3 47.2 47.1 46.5 45.5 42.2 46.4 46.6 46.3 48 49.1 50.4 51.1 51.8 52.6 53.4 57.7 60.5 62.9 65.8 68 70.5 72.9 75 76.1 76.8 76.7 76.4 75.3 74.2 73.5 72.3 73.1 76.2 76.3 76.6 77.2 77.7 78.8 86.6 89.1 90.8 92.4 93.9 95.4 96.8 98.2 99.5 100.7 101.2 101.7 101.9 102.4 102.9 103.2 104.6 105.9 106.9 107.4 107.8 108.8 108.6 109 108.8 108.6 108.4 107.9 107.5 107.1 105.9 104.7 103.6 102.4 100.8 99.2 98 96.9 95.1
47.4 47.5 46.8 47 46.8 46.6 45.8 41.5 45.5 45.9 52.7 48.7 49.7 50.9 51.5 52 52.8 54 59.4 62.5 65 67.2 69.3 72.1 74.1 74.8 74.9 75.1 75.1 74.5 72.4 70.9 70.5 70.3 71 76.2 76.7 76 76.6 76.9 83.4 86.2 87.7 89 90.4 91.6 92.9 94.3 95.8 97.3 98.3 99.1 99.5 99.8 100.1 100.5 100.8 102.1 103.3 104.6 105.3 105.7 106 106.4 106.9 106.8 106.9 106.8 106 105.2 104.8 103.6 102.5 101.4 100.3 98.8 97.3 95.9 94.8 94.1
47.1 47.1 46.3 46.8 46.7 46 45 41.8 45.3 45.6 46.2 48.1 56.5 51.6 52.4 52.3 56.3 58.1 60.9 63.1 65.4 68.2 70.6 73 73.9 73.5 72.5 72.7 72.6 68.6 68.2 67.1 67.1 69.8 70.7 73.5 76.8 76.2 76.4 81 83.3 85 86.3 87.6 88.7 89.7 90.9 92.2 93.7 94.9 95.8 96.8 97.7 98 98.5 99.1 99.3 99.9 100.7 102 103.2 103.6 104.1 104.8 105.3 105.3 105.4 105.4 104.6 103.8 103.1 101.9 100.5 99.2 98.1 96.8 95.4 94 92.7 92.3
44.4 44.4 44.6 44.7 44.2 43.7 43.6 42.8 44.3 44.2 45.8 48.2 49.7 51.4 56.1 57.4 58.1 59.6 62 64 65.9 68.7 70 72.4 71.2 70.5 68.8 67 65.7 67.1 67.8 68.6 70.9 72.2 73.1 76.3 75.6 75.4 79 80.3 82.3 83.8 85.1 86.4 87.4 88.3 89.2 90.3 91.6 92.6 93.6 94.6 95.6 96.5 97.3 98.2 98.5 99.1 99.7 100.4 101 101.8 102.7 103.6 104 103.9 104 104 103.2 102.5 101.8 101 99.6 98.2 96.8 95.6 94.2 92.9 91.5 91
44.1 44.2 44.6 44.7 44 43.2 43.3 41.1 43.8 44.2 46.1 48.3 49.5 51.5 54.3 57.4 58.4 59.6 60.9 62.9 64.1 65.6 66.6 67.6 67.2 66.9 65.9 64.6 64.1 65.3 67.6 71.2 73.5 74.6 75.3 76 75.6 72.9 77.8 79.4 81.2 82.7 83.9 85.2 86.2 87.4 88.6 89.6 90.6 91.7 92.7 93.8 94.8 95.7 96.4 97.1 97.7 98.3 98.9 99.6 100.3 101.1 101.6 102.1 102.7 102.7 102.7 102.7 101.9 101.2 100.5 99.8 98.7 97.2 96 94.9 93.5 92.2 91 90.1
44.6 44.3 44 43.9 43.9 42.6 42.5 40.7 43.5 44.2 46.5 47.2 48.6 51.4 52.9 54.5 55.6 57.3 59.3 60.9 61.1 61.9 63.1 63.9 63.6 63.3 63 62.6 64.1 66.2 70.1 72.6 74.7 76 76.4 76.2 76.2 76.5 74.4 76.8 80.1 81.5 83 84.5 85.9 87 88 89 90 91 92.1 93.1 94.1 94.9 95.6 96.3 96.9 97.5 98.2 98.8 99.5 100.5 101.1 101.6 102 101.8 101.8 101.7 101 100.3 99.6 98.8 97.6 96.3 95.2 94.1 92.8 91.5 90.5 89.6
42.4 42.2 42.3 42.3 42.3 42.4 42.5 40.7 42.9 42.3 48 49.9 49.8 48.8 49.2 50.8 52.3 54.6 55.2 56.3 57.5 58.5 59.2 60.7 60.7 60 61.7 63.9 65.8 68.5 71.3 74.1 75.7 77 77.7 77.7 77.7 78.2 78.7 79.1 80.3 81.6 83 84.3 85.5 86.5 87.5 88.5 89.5 90.6 91.6 92.5 93.2 94 94.8 95.5 96.1 96.7 97.4 98.1 98.8 99.9 100.7 101.1 101.7 101.3 101.1 101 100.4 99.7 98.7 97.7 96.6 95.5 94.4 93.3 92.1 90.9 90 89
41.8 41.6 41.7 41.8 41.8 42 42.4 40.2 41.8 48.2 49.4 55.5 55.3 54.2 53.5 53.5 54 53.7 52.5 56.6 59.1 58.1 57.9 59.3 60.6 61.5 63.3 65.9 67.7 69.5 72 74.6 76.2 77.8 78.6 79.3 79.4 79.9 80.3 80.8 81.7 83 84.3 85 85.6 86.3 87.1 88 89 90.1 90.8 91.6 92.4 93.1 94 94.6 95.3 96 96.6 97.3 98.2 99.2 100.2 100.9 101.2 100.7 100.4 100.3 99.5 98.5 97.4 96.4 95.5 94.5 93.6 92.5 91.4 90.3 89.4 88.4
41.4 41.2 41.3 41.3 41.3 41.3 41.8 46.2 50.6 54.5 55.4 56.3 56.4 56.3 56.5 56.3 56.8 57.5 58 59.8 61.5 62.6 62.7 62.8 62.5 63.3 65.2 67.8 69.5 71.2 73.1 75.3 76.9 78.1 79.1 80 80.8 81.4 81.7 82.1 83 84.1 84.8 85.5 86.2 86.4 87.2 88 88.8 89.5 90.2 91 91.8 92.6 93.5 94 94.3 95 95.6 96.3 97.4 98.4 99.3 99.8 99.9 99.7 99.1 98.5 98.1 97.1 96.1 95.2 94.4 93.4 92.4 91.5 90.6 89.7 88.7 87.7
40.6 40.9 41.1 41.3 39.5 44.4 46.9 53 53.6 54.6 55.5 56.3 57.1 57.9 58.7 59.1 59.6 60.3 61.3 62.7 63.9 65.2 65.4 65.5 63.8 65.4 67.1 69.1 71.2 72.7 74.3 76.5 78 79.1 80.1 81.1 81.9 82.4 82.7 83 83.9 84.6 85.3 86 86.7 86.9 87.3 88.1 88.9 89.7 90.2 90.8 91.6 92.7 93.5 94.2 94.5 94.7 94.9 95.4 94.4 97.3 97.9 98.9 98.7 98 97.3 97 96.7 95.7 94.7 94 93.2 92.4 91.5 90.7 89.9 89 88.1 87.1
40.9 40.8 40.9 37.7 43.4 46.4 49.9 53 53.9 54.7 55.6 56.6 57.7 59 59.8 60.8 62.3 63.2 64.2 65.5 66.8 67.9 68.4 68.6 66.3 67.7 69.3 71.3 72.9 74.3 75.8 77.7 79 80.1 81.2 82.2 83 83.4 83.7 84.1 84.5 85.1 85.8 86.5 87.2 87.6 87.7 88.2 89 89.8 90.4 91 91.9 92.9 93.5 94.2 94.9 95 95.2 95.7 96.3 96.3 96 97.5 96.8 94.4 93.8 93.7 93.6 92.9 92.7 92.7 92.6 91.8 91 90.3 89.6 88.5 87.5 86.6
40.5 41.6 42.3 43.4 45.7 48.3 50.9 52.7 54.2 55.3 56.3 57.4 58.5 59.6 61.3 62.8 64.3 65.8 67.1 68.4 69.6 70.2 70.8 68.5 68.4 70.1 71.6 73.4 74.6 76.2 77.6 79 80 81.1 82.2 83.2 84 84.4 84.8 85.3 85.8 86.1 86.4 86.9 87.6 88.2 88.3 88.8 89.6 90.2 90.7 91.3 92.2 92.9 93.6 94.2 94.9 95.4 95.7 96 96.2 96.4 96.6 96.5 96.2 96.1 95.7 95.1 93.9 93.6 93.2 92.8 92.3 91.6 90.9 90.2 89.5 88.3 87 86.1
41.6 42.7 48.5 49 48.9 50.7 52.5 54 55.4 56.5 57.6 58.8 60 61.4 63.4 65.1 66.6 68.2 69.6 70.9 71.8 72 72.2 71.7 72 72.9 73.9 75.1 76.3 77.9 79.5 81 82.2 82.8 83.5 84.2 85 85.4 85.9 86.4 86.9 87.3 87.7 88 88.4 88.8 89.2 90.2 91.5 91.5 91.4 91.5 92.2 92.9 93.6 94.3 94.9 95.6 96 96.2 96.5 96.6 96.3 96.2 95.9 95.5 95.3 94.9 94.5 94.1 93.7 93.3 92.6 91.8 91 90.1 89.4 88.3 87.3 86.1
42.2 46.7 48.5 49.9 50.3 52.3 54.1 55.6 57 58.3 59.5 60.7 61.9 63.4 65.4 67.3 68.9 70.6 72.2 73.5 74 74.3 74.5 74.3 74.9 75.8 76.4 77 78.4 80.5 81.9 83.1 84.6 85.3 86 86.4 86.8 87.2 87.4 87.6 88.1 88.6 88.9 89.3 89.4 89.9 90.4 91.7 93.1 93.7 93.4 93.2 93.1 93.6 94.3 94.9 95.6 96.2 96.4 96.6 97.3 97.5 97.4 97 96.6 96.3 95.9 95.4 94.9 94.5 94.1 93.5 92.9 92.1 91.3 90.5 89.7 88.8 87.9 86.7
45.8 47.9 49.2 50.6 51.8 53.8 55.7 57.2 58.6 59.9 61.2 62.4 63.7 65.5 67.4 69.4 71.3 73 74.7 76 76.2 76.7 76.9 76.9 77.7 78.5 78.8 79.4 81 83.5 84.7 85.8 87 87.7 88.1 88.6 88.9 89.2 89.4 89.6 89.8 90 90.1 90.1 90.4 91.1 91.7 93.6 96 97 95.9 94.9 94.5 95 95.5 96 96.4 96.7 97.1 97.8 98.5 98.5 98.3 97.8 97.4 97 96.5 95.9 95.4 95 94.4 93.8 93.2 92.5 91.6 90.9 90.2 89.5 88.6 87.5
47.9 49.4 51 52.3 53.3 55.2 57.1 58.9 60.3 61.5 62.8 64.1 65.4 67.2 69.3 71.5 73.5 75.3 77.1 78.2 78.6 79.1 79.3 80.4 81 82 82.9 83.1 84.8 87.2 88.6 90.3 91.3 91.5 91.5 91.8 92.5 92.8 92.4 92.6 92.8 92.7 92.3 92.3 92.3 92.9 93.9 95.9 98 99.1 98 96.8 95.9 96.4 96.9 97.4 97.8 98.3 98.6 99.1 99.5 99.5 99 98.6 98.1 97.6 97 96.4 95.8 95.3 94.7 94.1 93.5 92.8 92.1 91.4 90.8 90.2 89.4 88.4
50.5 51.9 53.3 54.5 55.3 56.6 58.5 60.3 61.7 63.2 64.5 65.8 67.1 69.1 71.3 73.6 75.6 77.4 79.3 80.7 81.2 81.6 82.8 84.1 85.8 87.2 88 89.9 92.3 93.6 94.8 96.8 96.3 96.6 97 97.1 96.8 96.2 95.1 95.6 95.4 95.1 94.8 94.7 95.3 95.9 96.8 98.1 100 100.8 99.8 98.9 97.9 98.1 98.6 99.1 99.6 99.9 100.3 100.7 100.9 100.2 99.7 99.3 98.7 98.1 97.5 96.9 96.5 96.1 95.4 94.8 94.2 93.3 92.6 91.9 91.4 90.9 90.5 89.6
53.3 54.7 56.1 57.2 57.4 58.4 59.9 61.4 62.9 64.4 65.9 67.4 68.8 71 73.3 75.7 77.7 79.6 81.5 82.9 83.9 84.4 85.5 87.3 89.4 91.5 93.6 95.8 98.5 101.3 101.7 102.5 103.1 103.2 101.7 103.2 103.1 102.6 101 100.2 99.3 98.1 97.9 98 98.6 99 99.6 100.8 102.8 103.3 102.3 101.2 100.5 100.5 100.5 100.9 101.2 101.6 102 102.4 102.5 101.2 100.3 99.7 99 98.7 98.3 97.9 97.6 97.2 96.6 96 95 93.8 93.2 92.6 92.5 92.5 92 90.9
55.1 57 58.8 59.9 59.9 60.3 61.3 62.6 64 65.5 67 68.6 70.2 72.4 74.4 76.7 78.9 80.9 82.8 84.3 84.9 85.8 87 88.5 90.6 92.8 95.1 97.3 100 102.4 103.9 104.6 105.4 105.9 106.4 107.6 108.2 108.2 107.4 106.6 105.8 104 103.8 104.2 105.1 105.5 105.2 104.7 105.8 105.8 105 104 103.3 103.1 103 103.5 103.5 103.6 103.8 104.2 103.6 102.4 101.5 100.7 100.3 99.9 99.4 99 98.6 98.2 97.8 96.8 95.9 94.9 94.4 94.2 94.1 94 93.6 92.5
56.1 57.7 59.5 60.8 61.8 62 62.3 63.6 65 66.3 68.3 69.9 71.5 73.6 75.5 77.7 79.9 81.9 83.9 85.3 86.1 87.4 88.6 89.9 91.4 93.7 95.8 97.6 99.4 101.7 103.6 104.8 106.3 107.4 108.2 109.3 110.1 110.2 109.9 110 109.2 109 109.9 110.9 112.5 114.3 113.9 113.5 111.7 110.5 109 107.6 106.5 106.4 106.4 106.1 106.5 106.6 106.7 107 105.7 104.7 103.7 102.7 101.6 101.2 100.7 100.4 100.1 99.8 99.3 98.5 97.5 96.8 96.1 95.8 95.6 95.5 95.1 94
50.6 55.2 58.3 60.1 61.1 62.1 63 64.1 65.2 67 69 70.9 72.8 74.7 76.6 78.6 80.8 82.9 84.9 86.5 87.7 89 90.2 91.5 92.8 94.3 96 97.7 99.4 101.2 102.1 102.2 102.9 103.4 105.3 108.3 110.7 111.1 111.6 112.8 112.4 112.1 113.6 114.7 117 119.1 120.2 119.5 119.1 118.8 118.3 115.6 113.6 111.3 110.2 110.3 109.7 109.9 110.3 109.8 108.6 107.6 106.1 104.9 103.8 103.2 102.8 102.4 102 101.5 100.9 100.3 99.7 99.2 98.2 97.7 97.2 97 96.6 95.8
49 56 58.7 59.9 60.2 61.2 62.8 64.4 65.6 67.6 69.6 71.6 73.6 75.7 77.7 79.6 81.8 83.9 85.8 87.2 88.3 89.6 90.8 92.1 93.4 94.7 96.4 98.1 99.8 100.9 101.9 102.1 102.8 103.1 105 105.9 107.5 110.5 111.7 113.2 114.5 115.1 115.7 117.5 118.3 119.7 121.1 121.8 122.4 123.1 123.4 122.6 122.2 120.3 118.1 116.5 116.4 116.9 116.8 114.5 112 110.5 109 107.6 106.3 105.6 105.2 104.8 104.6 104.2 103.6 103 102.3 101.6 100.6 99.7 99.8 99.7 99.2 98.5
51.1 54.9 56.9 57.9 58.9 60.7 62.4 64.1 65.9 67.9 69.9 71.9 74 76.1 78.2 80.3 82.6 84.7 86.4 87.9 89 90.2 91.3 92.6 93.8 95.1 96.8 98.5 99.6 101.1 102.5 103.1 104 105.2 106.3 107.3 108.5 110 110.3 111.2 112.1 113.2 114.8 117.7 118.5 119.6 121.3 123 124.2 125.5 126.7 126.6 126 125.1 124.1 123.4 123.4 123.5 123.1 119.9 117.1 114.5 111.9 111 109.7 108.4 107.6 107.5 107.7 107.4 106.3 105.7 105.1 104.7 103.7 103 103.1 102.3 101.8 101.2
47.9 51.8 54.9 55.9 57.2 59.6 61.6 63.5 65.3 67.2 69.2 71.2 73.8 75.9 78.3 80.6 82.9 85.2 87.1 88.5 89.7 90.8 92 93.1 94.3 95.6 97.2 98.7 100.3 101.8 103.1 104.2 105.3 106.6 107.8 108.9 110 111.2 111.8 112.6 112.6 113.2 113.5 115.2 117.3 119.4 120.7 122.5 124.8 127.5 129.5 129.8 128.5 127.4 128.1 128.3 128.4 128.2 127.5 124.8 122.2 119.4 118.1 115.1 113.3 111.9 112.4 113.4 113.7 112.7 111.7 110.8 109.8 109.3 107.6 107 106.9 106.1 105.1 104
45.5 49.3 52.3 53.7 56 58.4 60.4 62.6 64.8 66.7 68.7 70.8 73.7 76.3 78.7 81 83.3 85.6 87.7 89.3 90.5 91.6 92.8 93.9 95.1 96.4 98 99.4 101 102.4 103.7 105.5 106.7 107.9 109.2 110.4 111.5 112.6 113.7 114.4 114.7 115.4 115.7 115.7 117 118.4 120 121.8 123.4 126.2 129.6 130.4 130.2 130 131.9 131.4 131 131.3 129.9 127.4 126 124.5 126 124.9 123.6 122.5 121.8 122 121.5 119.7 118.5 117.4 116.3 115.4 113.6 112.5 111.8 110.6 109.8 109.1
43.3 47.1 49.7 51.8 54.9 57.2 59.6 62.3 64.6 66.4 68.4 70.8 73.6 76.3 79.1 81.5 83.8 86.1 88.3 90.1 91.4 92.5 93.7 94.9 96.2 97.6 99.1 100.5 102 103.4 105.1 107.1 108.3 109.5 110.7 112 113.1 114.2 115.2 116.3 116.9 117.6 118.4 119 119.6 119.5 120.9 122 122.8 125 126.8 128.4 128.9 128.6 128.6 129.3 129.7 129.5 129 128.1 127.6 128.1 131.1 132.6 132.6 131.4 131.3 131.8 133.1 132.1 132.4 132.2 130.8 126.7 123.3 121.1 119.3 117.1 115.3 115.2
42.3 47.3 49.4 51.6 54 56.6 59.4 62.1 64.4 66.6 68.8 71.1 73.6 76.1 79 81.9 84.2 86.5 88.8 90.7 92.3 93.5 95.1 96.6 98.2 99.2 100.8 102.3 103.9 105.5 107 108.7 109.9 111.4 112.9 114 115 116 117 118.2 119 119.7 120.9 121.8 121.8 121.8 123.8 124.9 125.7 126.5 127.2 127.7 127.6 126.4 125.7 126.3 126.1 125.9 125.3 124.9 126.2 127.2 129.6 131.5 132.6 133.6 134.8 135.9 136.5 135.8 136.4 136.1 135.5 134 132.5 131.4 129.5 127.9 126.6 126.1
41.8 47.1 49.2 51.2 53.6 56.5 59.2 61.9 64.5 66.7 68.9 71.6 73.6 76 78.8 81.8 84.7 87 90.2 91.6 93.6 95.4 97 98.6 99.8 101.2 102.7 104.3 105.9 107.8 109.5 111.1 112.3 113.8 114.9 115.9 116.9 117.8 118.9 120 121.1 122 122.6 122.8 123.9 124 126 126.8 127.7 127.8 127.9 128.3 126.7 125.4 124.4 123.8 123.6 123.4 122.4 122.7 124.6 126.3 127.9 129.1 129.4 131.2 132.4 133.3 134.3 134.4 135.6 137.2 137.6 137.1 136.6 136.6 136.3 135.2 135.1 134.3
