app/static/ascii/SS99.asc
ncols 200
nrows 200
xllcorner 290000
yllcorner 190000
cellsize 50
[rows 0 to 34 of 200, columns 0 to 77 of 200]
500.6 509.4 514.6 515.4 518 520.4 522.2 524.2 525.9 526.8 528.1 528.7 527.7 526.1 522.5 521.8 521.3 520.4 519 517.2 515.3 511.8 508.7 505.5 502.4 497.4 492.9 488.4 478.6 469.8 459.1 446.3 431.2 417.9 432.9 443.8 448.6 454.3 456.8 436.2 411.7 400.7 359.9 339.8 326.5 310.8 298.2 283 271.7 264.3 250.4 233.4 216.7 215.7 216.7 225.4 237.2 259.8 274.1 279.9 290.8 291.5 301.2 315.6 333.3 363.9 384.3 406.3 438.8 462.9 475.2 462.5 434.1 410.8 406.2 429.4 446.5 459.1
498.1 503.1 507.9 510.6 514 517.2 519.3 521.6 523.6 525.2 527 528.4 528.5 526.4 523.9 522.2 521.4 520.6 519.4 517.6 515.6 512.5 509.2 506.8 503.8 501.4 497.9 494.8 493 488.1 475.6 463.4 450.4 433.6 413.7 427.3 438 446.5 454.4 453.3 427.1 420.9 371.4 352.9 335.3 316.3 300.3 282.2 271.9 267.5 251.2 236.4 216.5 214.1 215 222.3 233.4 253 265.8 275.4 285.4 290.6 300 312.4 329.2 356.5 378 396.7 422.3 454.1 463.9 444.9 419.3 397 397.1 416.4 433.9 450.2
496.6 499.7 503.3 506.9 510.8 514 516.7 518.8 521.4 523.7 525.4 526.1 527.2 526.3 524.6 522.5 521.4 520.5 518.8 517 514.3 511.6 508.1 505.8 504.3 502.2 501.2 498.5 495.9 492.2 486.3 473.6 457.8 440.2 415.1 413.7 425.2 435.5 445.3 450.8 452.4 426 385.2 355.6 346 327.3 308.7 283.9 271.6 265.5 249.9 237.1 223.3 216.1 214.2 215.9 230.1 247.2 263 271.5 277.6 285 295.7 309.5 324.5 346.6 370.2 390 407.6 430.4 439.3 424.5 402.7 381.2 388.1 399.5 422 444.4
494.3 497.2 500.6 504.5 508.3 511.7 514.9 517.6 520.2 522.1 523.6 526.2 526.3 526.2 525.3 523.6 522.1 520 517.6 515.4 511.7 508.8 506.8 504.7 503.5 503 502.5 501 497.8 493.9 487.9 475.5 458.5 438 418.9 403.3 415.5 424.3 432.4 444.2 447.6 450.9 423.6 378.3 354.7 338.3 319.9 298.1 281.5 263.7 249.8 239.8 229.9 219.4 212.8 213.2 223.3 236.5 252.3 262.6 268.7 278.8 290.4 303 316.8 337.3 359.2 382.2 397.5 409.9 415.4 402.4 388.6 370.6 378.9 392.3 414.3 439.7
492.6 496.7 499.7 503.1 506.9 510.3 513.5 516.4 519.1 520.6 522 524 526.2 525.8 524.7 524.1 522.6 520.1 516.6 513 509.2 507.1 505.1 504 503.6 503.4 503.1 501.7 498.6 494 486.9 475.4 454.5 431.2 416.7 404.3 410.2 417.6 425.5 436.6 444 447.5 447.9 424.8 375.4 352.1 335.5 311.6 291 266.2 249.8 238.3 229.6 220.9 210.4 211.9 214.5 227.1 238.5 251.8 263.5 273.5 286.7 299.1 312.8 330.9 350.3 370.7 387 395.6 395.8 388.3 374.3 354.8 373.6 397.7 416.9 442.2
496 498.5 500.2 503 507.1 509.6 512.1 515.2 517.6 519.1 520.4 521.2 522.8 524.1 523.2 523.5 522.7 519 514.3 510.2 506.9 504.7 503.8 503.7 503.6 503 502.7 501 498 492 484.6 470.6 447.1 429.3 416.6 402.5 403.6 408.7 419.1 428.7 436.4 443.6 445.4 443.1 415.7 360.9 344.7 323.8 305.8 276 253.5 236.5 222.6 216.3 214.9 208.4 210.5 220.9 233.9 245.3 256.6 269.7 281.9 294.3 307.9 324.5 342.4 362.6 381.1 385.8 380.2 371.7 349.8 346.4 375.7 399.6 420.1 443.2
499.6 500.8 502.6 504 507.8 509.5 511.9 514.4 516.2 517.5 518.3 519.1 519.9 520.3 520.7 520.5 519.4 516.1 511.6 507.1 504.5 501.9 500.9 500.3 500.7 500.6 499.4 498.1 495 487.9 480.7 465.2 443.8 427.3 414.9 385.8 360.3 390.5 411.7 421.3 429.3 435.5 440.8 442 422.9 392 366.3 349 323.4 293.5 264.9 244.5 226.4 216.2 216 211.6 209.2 213.5 230.7 240.2 251.7 264.1 277.1 288.4 302.3 318.8 338.7 352.3 365.4 370.3 363.6 345.7 328.7 350.3 382 403.5 421 444.3
504.1 504.4 506.3 506.8 508.1 509.7 511.5 513.1 514.8 516.1 516.6 517.3 517.8 517.3 516.1 515 513.3 511.2 508 504.4 501.4 498.4 496.9 496.6 496.8 496.3 494.8 493.7 489.9 483.4 476.5 461.1 442 426.6 413.1 377 342.8 366.1 402.3 414.7 423.2 429.6 435.5 438.3 436.6 433.4 417.6 371.8 341 309.1 279 257.7 237.2 224.7 222.2 220.6 209.8 207.5 228.9 237.1 247.6 257.9 272.6 282.4 296.3 310.9 331.8 344.1 352.6 355.8 339.5 320 326.4 357.9 388.8 406.4 421.1 442.5
510.5 511.9 510.9 509.7 509.3 510.4 510.1 510.9 512.3 513.6 514.5 515 514 513.1 511.8 510.6 509.5 508 505.2 502.3 498.4 495 492.2 492 491.9 491.6 489.9 488.4 485.5 479 469.3 455.6 436.9 424 400.5 359.5 323.3 348.7 387.7 403.8 416.8 424.9 430.5 435.2 435.9 435.7 434 404.8 357 325.8 291.2 267.4 241.7 226.3 226.6 225.9 217.9 207.1 221 233.4 243.1 254.7 266.8 276.2 289.4 304.3 324.2 338.5 339.3 340.7 320.8 306.8 334.2 363.2 391.6 406.9 421.5 440.2
513.4 513.7 512.8 511.6 510.9 509.8 508.5 508.5 508.8 509.6 510 510.4 509.9 508.8 507.7 507.2 506.1 505 503.4 499.8 495.8 491.7 487.1 486.7 486.2 485.8 484.6 482.9 479.8 468.6 459.1 446.8 431.8 418.9 376.8 344.5 309.9 335.7 358.1 389.6 409.8 422.5 427.7 431.8 434.7 436 434.7 430.4 374.9 338.6 301.2 273.5 246.1 226.3 222.5 224.3 220.4 205.1 213.6 228.7 237.4 249.7 260.9 269.3 280.9 292.4 307.6 324 331.3 329.4 299.3 314.9 339.7 365.3 391.7 406.7 418.5 430.9
515.4 515.1 513.9 512.5 511.2 508.8 506.7 505.3 504.8 505.5 505.8 505.9 506 505.3 505.5 505.6 504.6 503 500.9 497.3 493.2 488.4 479.8 484.7 483.1 480.1 474.6 468.8 461.7 457.7 451.5 439 424 396 353.3 328.9 300.8 319.4 335.7 355.2 383.7 412.7 425.5 429.9 432.5 434.5 433.8 431.2 388.8 348.5 310.8 276.7 249.5 225.7 218.1 218.9 211.4 204.6 208.9 227.3 234 244 255.5 264.8 273.3 282.1 299.2 311.6 323.5 302.2 297.6 314.8 337.2 364.2 387.4 406.9 416.3 424.2
517.3 516.9 515.4 513.2 511.3 508.2 504.8 502.6 501.3 501.4 501.6 501.7 502.4 503.1 503.3 503.7 503.5 501.1 498.9 495.9 492.1 486.1 476.6 472.2 469 463.5 459.3 452.8 449.6 448.5 444.4 428.8 416.7 365.7 337.1 318 295.6 304.2 319.7 336 351.8 366.1 398.4 419 430.8 428.4 410.8 397.3 371.9 343.9 313.4 278.4 246.7 228.8 215.7 212.8 205.3 203.5 205.3 222.8 229.7 240.5 249.3 259 258.6 275.4 289.4 302.2 308.8 298.2 291.7 309.2 328.7 350.9 372 397.5 416.3 421.8
517.7 517.7 516.9 514.5 512 508.5 503.9 499.6 497.6 497.3 497.6 498.3 499.3 500.3 501.1 501.8 500.7 499.1 497.1 494.8 491.5 484.6 471.8 454.2 452.9 449.1 444.6 441.6 437.9 437.8 432.1 422 409 350.5 327.1 311 291.8 285.2 303.2 320.1 332.3 341.5 359.3 383.5 398.3 387.8 371.1 360 344.4 324.7 300.9 274.4 248.6 229.4 216.1 209 203.5 202.8 205.4 220.4 227.2 235.9 244 256.9 256.5 263.3 277 292 302.3 284.8 284 303.1 319.6 335.4 353 369.9 393.7 415.8
517.6 517.4 517.3 515.3 512.7 507.9 502.5 497.2 494.1 493.6 494.1 495.2 496.3 498.1 499.3 499.7 499.2 498.4 496.9 494.7 491.1 485.4 468.1 451.1 436.8 435.1 432.4 430.4 429.7 425.2 421.6 413.5 385.7 345.5 323.5 305.7 288.2 265.1 282.6 302.1 314.4 324.3 339.2 353.3 358.4 355 344.2 330.5 314.5 295.8 277.2 261.4 243.7 228.5 215.4 208.3 202.5 202.1 208.5 220.6 225.6 228.1 241.6 245.1 258.5 256.5 270.1 282.2 287.9 266.1 282.4 297.1 309.2 321.4 334.2 347.2 367.5 386.7
517.5 517.5 517.3 515.8 512.8 507.5 501.5 494.6 490.4 489.4 490.3 492.3 494.8 496.5 497.8 498 497.6 497 495.6 494.1 491.1 486.4 477.7 456.9 446.6 440.6 433.8 426.2 416.2 413.5 409.1 403.9 368 335.8 313.4 299.2 285.7 265.7 260.2 282.5 289.2 296 305.6 314.8 319.1 317.1 310 295 282.3 271.1 258.4 244.8 234.6 224.2 214.1 205.4 202.2 200.3 211 217.3 222.7 226.2 238.4 241.9 249.7 258.7 263.1 270.5 274.4 255.1 274.7 291.6 298.6 308.7 320.5 333.5 347.8 362
517.4 517.3 517.1 516.2 513.1 507.5 500.6 492.7 486.2 484.9 486 488.1 490.8 494.1 495.4 496.1 495.7 494.9 493.3 492 490.9 487.6 484.2 477.7 466.5 456.3 447.5 440.4 429.8 418.9 409.6 391 339.7 318.6 302.5 290.9 278.4 263.3 244.4 264.9 274 274.3 275.5 277 277.7 275.1 272.5 264.1 256.1 246.9 236.5 229.6 224.5 215.8 210 202.3 199.9 199.1 205.3 211.8 215.1 222.4 226.9 238.6 243 250.4 250.1 258.5 259.9 242.8 266.5 277.8 287.5 297.3 309.6 321.4 330.7 342.3
517.2 517 516.8 516.4 513.3 507.8 499 489.2 481.8 479.9 479.9 483 486.8 491.1 492.5 493.1 492.4 492.4 490.3 489.6 488.5 486.8 485.1 482.5 477.7 473.1 460 450.1 441.3 431.4 420.4 399 339.2 306.8 285.2 273.4 262 255.7 239.7 244.3 250.2 255.3 258 258.5 257 255.1 250.7 242.2 237.2 231.2 225.4 221.8 217.4 212.6 206.5 200.5 198.4 198.3 199.3 203.3 209.2 215.3 220.5 227.4 237.2 238.5 246.3 244.2 236.6 246.4 264.6 269.5 275.5 286 298.3 310 320 327.7
519.2 518.4 517.3 516.4 513.6 507.5 497.8 486.1 478.3 473.2 472.9 475.2 479.5 485.6 491 488.9 489 489.9 487.3 486.9 486 484.8 483.2 479.8 476.3 472.4 462.1 452.2 444.3 436.3 402.4 375 341.1 313.1 293.5 282 272.5 259 240.9 230.6 236 235.5 236.3 237.7 234.3 229.5 225.7 224.5 223.5 221.4 216.3 212.1 209.9 206.9 202.9 199.1 197.3 196.5 202.8 198.9 202.6 207 211.5 217.4 225.6 232.6 235 226.7 229.3 247.7 255.2 261.9 267.5 276.5 286.7 298.1 308.6 317.2
519.1 519 517.6 516.2 514 508.4 499.1 486.3 477.8 473.7 470.8 469.7 471.2 473.8 475.8 478.5 481.4 480.4 478.7 480.3 480.7 479.4 476.1 475.4 470 463 454 447 440.8 414.2 366.5 342.8 326 309 292.7 282.3 273.9 262.8 249.4 232.7 223.3 226 223.6 221.8 219.4 215.4 215.2 214.6 212.2 210.7 206.7 203.9 200.3 201.5 200.3 199.6 197.7 197.1 196.7 193 201.3 201.2 204.4 207.8 213.2 222.2 222.6 216.4 233.3 253.2 255.2 255.5 260.3 267.2 275 285.7 295.9 308.1
517.3 517.6 517.2 516.8 513.2 509.8 502.3 490.4 479.1 474.3 471.1 467.2 467.1 467.1 469.4 471.2 470.6 469.8 467.5 470.5 472.8 469.9 463.5 457 453.2 448.5 442.5 421.5 397.7 356 339.4 326.5 311.6 295.9 284.9 275.4 267.2 257.9 247 234.1 222.5 217.9 219.4 216.2 212.1 214.4 210.3 205.3 205.5 205.8 205.7 204.4 203.2 202.3 201.4 200 198.2 196.1 194.2 193.8 193 200.6 198.8 201.2 205.5 205.5 209 210.8 225.7 252 254.3 244.1 254.9 257.6 265.9 270.6 281.9 293.8
516.4 516.4 516 515.4 514.3 510.8 504.4 494.2 482.6 473.7 469.8 467 465.6 459 460.2 458.3 455.1 452.2 452.2 452.4 452 448.1 444.7 442.3 439.1 434.7 410.7 389.7 361.5 341.6 325.7 309.1 292.2 282.6 274.9 264.9 256.2 248.2 238.3 226.7 220.2 217.5 212.7 212.5 208.5 207.3 213.3 212.6 214.3 213.8 215.2 215.8 216.5 213.9 211.1 206.8 200.1 197.9 194.5 193.9 193.3 193.7 197.3 198 200.4 202.3 205.1 207.1 213.4 222.8 228.9 231.5 254.1 247.4 254.4 261.9 267 279.5
515.2 515.8 515.5 514.6 513.8 513.1 507.3 498.4 487.2 476.8 469.2 463.8 459.9 452.4 447.6 447 445.1 442.8 440.1 436.4 434.4 434.4 430.9 429.7 419.1 396.8 379.4 353.2 336.6 323.6 307.1 288.8 279.2 272.3 262.7 252.7 241.5 232.8 227.9 221.2 216.8 212.6 212.4 211.4 210.4 215.8 221 225.3 233.8 232.3 232.6 231.2 229.4 228.1 220.1 215.4 208.7 201.7 196.4 194.2 191.4 193.3 195.7 195.4 197.2 199.5 201.7 202 202.9 203.7 205.4 222.4 244.3 237.6 244.2 250.4 257.4 264.3
513.7 514.4 514.2 513.1 512.3 511.3 508.7 502.6 492.2 482.3 474 464.2 458.3 448 438.3 425.1 432.9 433.3 429.9 425.7 424.7 422.9 419.9 396.3 372.6 356.6 340.4 332.1 316.9 303.9 287 276.5 267.5 258.9 249.9 237.1 229.9 224.5 219.3 216.8 215.8 214.7 213.4 211.7 219.4 221.9 227.6 236.6 245 247.3 246.2 244.1 241.7 239.6 231.6 226.1 218 212.3 203.8 198.9 192.9 192.8 192.8 194.3 195.2 196.9 198.6 199.1 199 202.9 203.4 203.9 216.9 225.8 233.8 240.2 246.3 254.9
510.4 511.2 511.8 511.1 511 511 511.7 508.4 498.1 489.1 481.1 470.6 459.4 451.5 443.4 431.2 414 423.6 424.3 420.7 412.9 406 372.7 354.7 336.6 327.3 318.1 307.1 293.1 281.2 273.8 267.6 257.9 248.7 237.6 230.2 224.4 223.7 223 218.9 217.2 215.7 215.3 215.6 225.1 236.9 237.4 248.3 255.5 259.1 257.6 255.5 251.3 250.2 247.6 245.2 237.3 229.2 216.9 212.5 203.8 192 192.3 193 193.9 194.8 195.8 196.3 196 194.9 203.1 203.3 204 206 217.4 228.2 235.6 246.1
504.9 507.2 508.3 508.7 509.7 510.5 511.3 509.7 504.4 495.4 486.6 477.5 467.8 457.7 448.8 437.8 427.7 413.2 405.4 398.7 363.3 354 340.4 325.5 313.6 304.1 297.7 285.4 274.9 267.6 262.3 256.5 250.2 242.1 232.2 229.3 228.8 224.1 222.8 220.9 219.5 219 222.1 224.5 239 243.3 245.7 259.8 268.3 271.7 274.2 271.5 263.7 267 267.7 269.7 259.4 247.4 234.9 225 217 206.2 193.6 191.4 192.3 193.2 194.1 194 192.7 192.4 192.5 202.7 202.8 203 209.1 215.9 224.7 234.4
498.4 502.1 505.3 507.7 508.6 509.6 511 509.6 507.4 501.5 493.8 486.4 477.9 469 460.3 450 440.5 428.6 416.1 399.3 359.4 334 302.7 299.2 289.7 278.2 272.7 268 257.9 251.3 245.1 240.3 239.8 235.2 234.1 234.9 227.9 226.1 224.9 224.5 229.5 233.8 234.1 239.5 246.9 261 268.2 275.7 276.6 283.3 286.9 287.2 294.4 299.7 303.2 301.4 287.5 272.2 254.4 241.5 231.4 216.6 203.4 194.1 190.9 193.4 192 191.5 191.4 191 190.8 191.6 202.5 195.7 203.1 209.1 214.6 222.5
492.9 498.2 502.2 504.2 507.1 508.8 509.6 509.3 508.6 505.2 499.8 493.2 486.3 481.3 478 472.4 458 442 429.2 417.8 390.3 351.5 327.4 315.4 308.4 294.8 282.6 273.2 269.2 258.6 248.6 243.7 240.4 241.9 241 240.9 229 228 227.1 237.4 239.5 242.8 247.9 255.9 263.3 275 283.5 286.5 294 307.1 311.6 304.9 325.1 332.1 338.4 329.8 318.5 298.1 280 262.5 246 233.6 218.8 204.9 193.8 193.8 190.5 190.3 189.9 189.5 189.2 189.4 194 191.9 196.1 200 206.6 213.2
488.4 494 497 497.7 501 506 508.9 508.9 508.3 506.6 501.5 498.3 490.3 484.8 484.7 484.4 474.9 457.1 441.9 428.9 414.7 380.9 353.4 345.5 336.5 318 300.8 286.6 273.5 262.3 255.5 245.8 243.3 246 249.3 244 232.5 233.8 240.7 244.6 249.6 256.5 262.8 271.8 281.9 289.3 297.2 302.3 309 321.8 328.2 327.9 350.6 366 371.7 363.1 348.4 326.5 305.9 288.2 271.1 253.2 234.6 217.3 207.3 197 191.2 189.4 188.9 188.5 187.9 187.4 187.9 189.1 191.5 194.5 199.8 205.8
484.3 486.5 488.9 490.5 492.8 497.3 500.8 502.7 502 500.4 498.9 497.4 489.7 486 485.9 486.1 480.6 465.2 450.7 436.8 423 410.3 396.6 384.1 368.8 343.5 319.4 298.3 275.1 269 265.2 254.6 251.6 251.4 251.5 243 232.6 239.5 253.4 262 266.3 268 276.4 288.5 298.2 309.8 320.4 326.5 318.8 332.2 335.5 347.3 372.7 392.8 402.3 398 377.1 352.2 328.9 311 293.7 273.7 249.9 231.5 219.8 210.3 201.6 191.2 188 188 187.5 186.7 186.3 186.9 187.6 190.6 195.4 199.9
481.4 483 484.6 484.7 486.8 490.4 493.4 497.2 497.3 495.2 497.1 492.8 489.8 487.8 486.2 485.1 481.9 468.2 454.3 440.6 433.3 434.5 437.3 431.8 429.9 371.7 344.1 312.4 289.3 277.3 277 264.3 253.5 252.2 250 241.8 238.2 252.8 264.5 270.5 274.3 274.6 289.9 302.9 313.2 323.6 332.7 344.5 344.8 340.6 346.8 376.2 395.8 413.2 422.5 422.3 404.4 380.8 354.7 331.1 315.2 291.9 264.9 244.7 231.4 219.9 211.7 203.6 191.8 189.9 187.5 186.1 185.7 185.5 185.7 188.7 192.6 196.8
478.9 480.3 482 483.6 485.2 487.9 490.1 492.4 492 491 489.9 489.6 489.7 489.2 488.4 486.9 482.7 469.5 455.7 450.8 451.1 455.7 456.4 457.9 442.8 400.2 360.6 331.3 301.1 290.4 281.5 264.3 253.2 250.7 248.2 244.1 251.8 263.2 269.2 273.9 278.5 287.6 306.3 315.2 325.3 337 353.5 365.5 376.2 363.4 384.5 399 413.7 434.9 443 444.3 416.4 403.5 379.5 355.1 334 311.1 283.9 259.6 243.9 232.1 220.7 212.9 204.7 192.4 189.4 186 185.7 185.4 185.3 185.7 189.4 192.6
475 478.1 480.5 482.6 484.2 485.2 487 488.4 488.4 487.2 486.9 486.1 487.9 491.6 490.9 489.9 484.3 471.3 469.8 469.9 471.9 472.1 472.2 472 468.6 437.9 387.3 348.5 317.6 290.2 277.7 264.7 253.7 250.1 246.9 256.7 259.8 268.5 273.8 278.3 287.1 303.3 314.6 327.3 338.3 353.5 368.7 380.1 392.8 393.6 412 432.3 443.2 448.1 450.1 451.2 447.2 426.2 396.8 374.6 350.1 326.9 302.8 275.3 259.2 245.2 228.8 222.5 213 202.9 193.9 187.9 185.6 184.7 182.2 183.5 184.3 185.2
470.4 473.1 477.6 480.6 482.2 483.7 485.2 486.8 487.1 485.5 485.9 486.4 487 495.4 496.1 491.4 487.7 480.9 480.4 481.8 481.7 481.7 481.8 480.7 478.3 459.2 413.9 363.6 327 298.1 284.3 269.3 256.6 259.1 268.2 267.7 268.3 274.5 279.9 296.8 304 313.4 325.1 337.1 353.8 367.5 381 385.7 404.2 434.2 441.4 447.6 452.3 454.3 455.7 455.9 449.6 420.8 399.9 379.2 359.2 340.3 318.7 301.5 280 261.4 243.2 234.4 224.7 213.1 204 194.6 186.5 184.7 183.4 183.4 183.6 183.3
467.9 468.6 471.9 476 479.2 481.9 483.5 484.5 485 485.6 486.6 487.8 492.5 496.9 492.2 491.8 491.7 488.7 485.4 486.4 486.3 486.9 487.5 485.6 480.2 444.3 402.2 364.9 328.8 305.3 290.5 273.5 266.2 271 280.7 280.7 279.9 286.1 294.2 305.9 314.4 323 338.4 348 364.9 378.2 376.6 394.7 429.7 442.3 449.4 455.2 457.8 459.1 459.3 458.4 438.6 413.4 397.8 379.5 364.2 347.7 332.8 317.6 299.6 267 263.8 247 237.5 226.7 215.3 204.6 196.1 185.7 183.9 183.3 183.4 183.3
461.9 463.3 465.7 469.7 473 476.9 480.4 483.2 486.1 488.3 489.5 490.7 494.5 498.3 500.6 493.6 500.1 496.3 496.7 496.7 491.2 488.7 487.6 485.7 468.7 437.4 397.4 360.5 329.2 308.4 291.4 262.7 271.3 277.2 290 292.3 295.9 301.3 312.1 317.7 325.6 338 351.4 362.8 374.5 382.2 387 417.8 438.6 448.9 457.2 464.3 468.2 466.5 464.2 460.8 429.5 406.3 390.6 375.6 362.6 350.2 338.5 325.7 311.6 299.9 284.2 269.4 243 239.6 231.2 215.8 204.3 197.1 185.3 183.6 183.3 183.4
