app/static/ascii/ST07.asc
ncols 200
nrows 200
xllcorner 300000
yllcorner 170000
cellsize 50
[rows 108 to 143 of 200, columns 0 to 80 of 200]
31.9 36.6 44.1 49.7 50.7 54.3 61.3 61.9 64.6 67.6 69.2 70.7 74.1 76.9 79.5 82 84.7 88 90.8 93.9 97.6 99.7 102.8 106.8 109.5 112.8 115.8 117.7 116.9 115.6 114.1 110.6 107 97 83.6 73.5 65.5 64.8 63.8 59.7 59 60.8 65.7 70.4 73.4 80.8 86.3 90.7 93.2 94.3 96 97.7 98.4 97.9 95.4 84.1 80.2 88.6 88.5 88 89 88.6 91.6 94 96.9 99.2 98.6 104 105.2 106.7 107.3 103.1 108.7 117.8 120.9 121.9 123.2 123.2 122.8 122.6 121.4
34 39.6 47.1 52.1 55.9 58.7 61 60.7 61.1 63.2 65.7 68.3 70.9 73.3 75.5 77.8 80.5 82.8 88 93.1 97.1 99.2 102.2 106.1 109.1 112.1 114.8 115.5 114.5 113.5 111.8 108.5 103.5 92 79.8 72.5 72 74.1 72.4 63 62.1 66.7 76.2 81.7 86 89.9 93.8 95.4 98 98.6 101 104.3 105.6 104.4 102.8 97 85.5 88.4 98 101.5 103.8 105.2 109.6 110.5 111 111.6 112.2 112.5 113 113.6 113.5 110.7 117.9 120.7 123.6 125.2 126 126.6 126.8 126.8 125.8
37.6 44.1 50.6 55 58.8 62.2 64.7 66.9 68.2 69.3 71.2 72.8 75.9 77.7 79.9 82.1 84.6 87.2 89.6 91.8 91 95.5 102.6 105.2 108 110.4 111.9 113.2 112.2 111.4 109.8 105.1 96.8 85.1 79 76.8 79.4 81.5 77.3 64.4 64.8 74 84 88.7 92.9 96.8 99.9 101.1 102.5 104.5 107.2 110.3 111.1 109.1 107.6 99.6 98 85.5 96.8 105.8 108.5 110.5 112.4 114.1 114.2 114.8 115.3 115.9 116.6 117.1 116.8 116.3 117 121 123.4 125.5 126.8 126.9 127.4 127.6 127.1
39.2 46.4 51.5 55.9 59.2 62.8 65.4 68.2 68.9 68.9 70.9 73.2 75.9 78.8 80.8 83.1 85.5 87.9 90.2 92.5 95.9 98.5 96.7 101.6 108 108.7 109.6 110.3 110 109.2 107.5 103.1 93 86.8 83.8 83.8 85.2 84.7 75.8 66 69.6 81.1 88 93.4 98.1 103 106.3 108.5 110 111.1 112.5 115.4 116.1 114.1 111.7 100.2 104.1 99.1 90.4 100.4 108.6 110.5 113 114.8 116 117 118 118.5 119.1 119.9 119.5 119 119.1 120.9 123.1 125.1 126.8 127 127.7 128.4 128.3
40.9 46.7 50.8 54.4 57.9 61.3 64.8 67.4 68 67.7 69.8 71.9 73.4 77.2 80.2 82.4 84.5 87.1 89.3 92.6 95.8 98.7 100.5 102.1 102 106.5 107.5 108.2 108.3 107.5 105.7 103.2 100 97.8 96.6 93 90.3 86.7 74.3 67.8 76.2 85.8 92.1 97.8 102.8 107.7 112 115.4 116.7 117.7 118.8 120.9 121 118.6 115.9 111.9 104.5 100.6 98 95.8 105.9 110.9 114 115.5 117 118.5 119.6 120.5 121.1 122 122.1 121.3 120.5 120.4 122 124.4 126.6 127.1 128 128.8 128.9
40.9 44 47.1 50.9 54.3 57.7 61.3 64.9 66.2 66.5 68.3 70.1 72.4 75.3 77.6 79.9 82.6 85.6 89 92.8 96 98.9 100.3 105.6 104.4 104.5 106.2 107.1 107 105.4 103.4 101 99.1 97.4 96 93.5 92.4 90.2 82.4 81.2 86.7 92 97.4 102.5 107.2 111.8 115.6 119.1 122.8 124.9 126.4 126 125.5 122.8 120.3 116.4 109.9 105.2 103.2 101.8 100.4 110.4 114.7 116.8 118.3 119.9 121.3 122.5 123.2 123.9 124 122.7 121.4 120.8 122.1 123.9 126.7 127.4 128.3 129.2 128.9
42.3 44 46.4 47.5 47.9 54 57.7 59.8 62.7 63.8 65.6 67.7 70 72.3 74.4 77.4 81 84.9 89.2 93.2 96.5 99.9 103.2 105.6 107.4 108.8 107.9 107.7 107.7 104.7 102.1 99.7 97.4 95.3 93.6 92.9 92.1 90.9 90.3 90.3 94.1 97.3 101.8 107.3 111.7 115.4 119.1 122.4 125.6 127.7 129.3 129.1 127.8 126.2 123.7 119.6 115 110.8 109.2 108.5 103.8 108.7 115.6 118.2 119.8 121.4 122.8 124.2 125 125.5 126.1 125 123.7 122.8 122.7 124.1 126.7 127.9 128.6 129.1 129.1
45.9 48.8 51.7 53.9 54.2 54.1 54.8 56.6 58.7 61.3 63.2 64.1 68 70.7 74.1 78.2 82.2 86.5 90.4 94.1 97.7 101.7 105.3 108.7 110.8 112.1 112.1 110.4 108.9 107.8 104.7 101.9 99.2 96.8 96.2 96.3 95.3 93.4 92.1 92.8 95.3 99.2 104.2 109.7 114.3 118.7 122.1 125.4 127.9 130.2 130.5 129.7 128.5 127 124.9 121.4 117.1 114.7 113.8 112.7 106 109.2 116.4 119.8 121.6 123 124.6 126.3 127.1 127.2 127.8 127.3 126 125.6 125.1 124.9 126.6 128 128.8 128.9 129.1
48.3 51.7 54.9 57.8 58.8 58.2 57.5 57.7 60.3 62.6 65.2 67.6 69.8 73.3 76.5 80.5 84.6 88.9 92.6 96.1 100.3 104.2 107.7 111.4 114 115.4 116.2 114.9 112.7 109.5 108.6 105.2 102.4 100.3 100.7 101.2 99.5 97.6 93.5 92.5 95.7 99.8 105.5 111.8 116.4 120.9 124.8 128.1 130.6 131.8 131.1 129.6 128.1 126.2 124.1 121.2 118.7 117.1 114.6 112 108.6 110.3 116.9 121 123.3 125.5 127.2 128.5 129.5 129.5 129.5 129.6 128.7 128.2 127.5 127.2 127.2 128.4 129 129.2 129.4
50.8 54.1 57.3 60.5 62.8 62.9 62.3 61.8 62.3 65.1 67.8 70.2 72.6 75.8 79.4 82.9 86.4 90.1 94 98.1 102.8 106.6 110.2 113.7 116.9 118.6 119.2 118.8 117.7 115.3 111.3 109.5 106.3 105.6 105.8 105.1 103.8 101.1 98.1 95.3 95.7 101.4 107.1 112.5 117.4 122 125.7 129 130.8 131.6 130.9 129 127.1 125.2 123 120 118.4 116.9 115.2 114.4 112.2 110 116.9 121.2 123.4 125.6 127.5 129.3 131.5 131.9 131.9 131.8 131.2 130.5 129.9 129.3 128.7 128.9 129.4 129.5 129.6
53.2 56.4 59.7 62.9 65.8 67.6 67.2 66.2 66.2 67.9 70.3 72.7 75 78 81.2 84.1 87.7 91.5 95.6 99.7 104.4 108.7 112.1 115.2 118.5 120.7 122 122 121.8 119.9 116.2 112.8 110.8 110.5 110 108.5 106.7 104.4 102.1 99.7 97.1 101.7 107.8 112.9 117.8 121.9 125.6 128.8 130.6 131.4 129.9 128.1 126.2 124.1 121.5 119.5 118.2 117.9 117.8 117.3 115.7 110.9 116.4 120.8 123.5 125.7 127.7 129.6 131.4 133.2 134.3 134.4 134.2 133.6 133 131.7 130.6 129.6 129.8 130 130.5
56.5 59.8 61.9 64.4 67.1 68.8 68.8 68.4 68.8 69.4 71.4 73.9 76.4 79.6 82.6 85.9 89.7 93.3 97.3 101.1 105.4 110 113.1 116.4 119.8 122.4 124.4 125.3 125.9 125 121.9 118.1 116 113.9 114.2 112.5 109.9 108.5 106.5 104.3 101.2 100.8 105.9 112.9 117.4 121.3 124.9 127.8 129.4 129.6 128.8 127.2 125.2 123.1 120.8 119.5 119.2 119.7 119.9 119 117.1 117.1 118.3 121.9 123.9 125.7 127.7 129.2 130.8 132.6 134.1 135.3 135.7 136.5 135.9 134.4 133 131.4 130.8 130.9 131.3
57.8 59.5 61.4 63.1 64.3 65.7 66 66.1 68 70.4 71.9 74.4 77.3 80.5 84 88 92.2 95.6 98.6 102.1 106 110.1 114.2 117.6 121 124.1 126.3 128.5 130 130.2 128.5 125.4 123.2 121.3 118.7 116.5 114.3 113.1 111.2 108.9 106.8 104.8 104.7 111 116.5 120.6 123.7 126.1 127.2 127.5 126.8 126 124.4 122.2 120.7 120 120.2 120.5 120.4 119.3 117.9 116 120.3 122 123.7 125.4 126.6 128.5 130.1 131.6 133.1 134.9 136.5 137.2 136.5 134.9 133.3 132 131.3 131.6 131.3
51.5 54.8 56.9 58.7 59.7 58.6 62 66.6 69.1 71.1 73.3 75.6 78.2 81.5 85.4 89.8 93.3 96.4 99.3 103 107 111 115.3 118.8 122.2 125.6 127.9 130.4 132.3 133.7 131.5 129.8 128.6 127.1 125.2 122.2 119.6 117.7 116.7 113.3 112.9 109.7 107.3 109.5 115.1 118.7 121.8 123.6 124.7 125.4 124.9 124.2 124 122.3 121.1 120.6 120.4 120 119.6 119.1 117.8 116.4 119.2 121.1 123 124.2 125.2 126.9 128.3 129.9 131.5 132.7 133.8 134.7 134.6 133.8 132.8 131.7 130.8 130.5 129.6
43.4 47.3 49.9 52.3 51.4 59.5 63.8 67.5 70.4 73 75.3 77.6 79.7 83.3 87.2 90.4 93.8 97.1 99.7 103.8 108.1 112.2 115.9 120 123.4 126.8 129.6 131.4 132.6 133.7 132.3 131.4 130.8 129.8 127.9 125.8 123.3 120.8 118.9 117.3 115.9 114 111 110.7 113.9 116 118.4 120.6 122.1 122.5 122.4 122.6 122.4 121.1 120.5 120.4 120.3 119.8 119.2 118.7 117.5 116.9 118.2 119.9 121.8 122.9 124 124.7 126.1 127.5 128.7 130 131.1 131.8 131.7 131.6 130.8 129.9 129.2 128.1 126.5
35.1 37.4 40.4 42.4 47.6 54.9 60.9 66.3 70.7 74.4 77.3 79.6 82.3 84.7 87.6 90.8 93.9 96.5 99 102.9 107.4 111.8 116 119.5 122.7 126.1 128.1 129.5 130.6 131.7 131.5 131.2 130.9 130.5 129.5 128 125.4 122.9 121.3 119.3 117.4 115.6 113.2 112.7 112.8 114.4 116 117.5 118.8 119.4 120 120.5 120.3 120.1 119.8 119.4 119.1 118.7 118.3 117.9 117.8 117.3 117.9 118.7 120.5 121.7 122.6 123.2 123.9 125.1 126.1 127.3 128.4 128.9 128.8 128.2 127.6 127.3 126.6 125 123.4
28.8 32.7 34.2 35.5 38.2 45.8 56.6 63.4 68.7 73.6 76.9 79.9 81.3 83.8 86.7 89.7 92.8 95.6 98.4 101.8 106.4 110.8 114.7 118.1 121.1 123.5 125 126.5 127.9 128.9 129.2 129.4 129.5 129.3 128.8 127.1 125.4 123.4 121 118.9 117.4 115.7 114.4 113.7 113.8 114.2 114.9 115.3 116.2 117.3 118.2 119.2 118.9 118.2 118.3 118.2 117.8 117.5 117.3 117.8 117.6 117.4 117.7 118.1 119.3 120.5 121 121.7 122.6 123.5 123.8 124.6 125.8 125.9 125.3 124.9 124.8 124.6 123.5 122 120.4
25.7 27.5 32.5 32.2 34.8 38.9 46.7 57.1 63 68.6 72.7 76.1 78.8 79.3 85.2 88.3 91.8 94.7 97.6 100.7 105 109.4 113.1 116.1 118.7 120.4 121.8 122.9 123.6 124.5 125 125.4 125.8 126.2 126.3 125.5 124.3 123.2 120.5 118.9 117.4 115.9 115.1 115 115.1 115 114.9 115.3 115.4 116.6 117.5 117.9 117.2 116.5 116.4 116.5 116.5 117 117.5 117.9 117.5 117.5 117.8 118.1 118.4 119.1 120 121.2 122.5 123 123.3 123.6 123.4 123 122.4 122 122.2 121.5 120.3 119 116.9
23.3 25.8 27.2 28.4 36.2 35.1 39.8 44.6 55.6 61 66.5 70.7 75.6 79.6 80.1 87.6 91.4 94.2 96.5 100 104 108 110.8 113.5 115.5 116.9 118.1 118.9 119.4 119.9 120.6 121 121.5 121.9 122.4 122.7 122 120.7 120 118.9 117.4 116.7 116.5 116.3 116 115.7 114.9 115.2 115.4 115.9 116.4 115.9 115.3 114.8 114.4 115.2 116.2 117 117.6 117.7 117.3 117.6 118 118.2 118.5 119.1 120.1 121.1 122.3 122.6 122.1 121.6 121 120.9 120.8 120.2 119.7 118.5 117.3 115.8 113.3
23.4 22.4 25 26.6 28.5 30.8 34 37.2 41.7 50.6 58.4 68.7 75.8 81.1 85.5 87.4 89.9 92.3 95 98.7 102.1 105.1 107.9 110.4 112.2 113 113.8 114.2 114.6 115.2 115.9 116.7 117.1 117.5 117.8 118.2 117.8 117.9 117.5 117.3 117.3 116.9 116.5 116.5 116.7 116.4 115.5 114.8 114.9 114.9 114.2 113.6 113 113.7 114.2 115 115.9 116.8 117.1 117.4 117.4 117.7 118.1 118.4 118.7 119.2 120.1 120.9 121.3 120.3 119.8 119.2 118.7 118.6 118.5 118.4 117.3 115.8 114.7 112.9 110.6
26.3 25.3 24.9 25.1 27.3 28.8 30.3 33.1 36 40.9 49.1 60.6 71.2 78.2 83.5 85.8 87.5 90 92.6 95.7 98.8 101.8 104 105.4 107.2 108.1 109.1 109.4 109.8 110.5 111.3 112 112.6 113 113.4 113.6 113.6 113.8 114.3 115 115.5 115.6 115.8 116.1 116.3 116.3 115.2 114 113 113 112.4 112 112.7 113.6 114.1 114.8 115.7 115.9 115.9 116.4 117.3 117.6 118 118.3 118.4 118.8 119.4 119.9 119.5 118.8 117.5 116.9 116.4 116.3 116.1 116.2 115.1 113.4 112.1 110.2 108
33.3 30.9 28.7 27.2 27 25.7 28.5 30.4 33 35.8 40 48.4 58.8 67.8 75.1 80.1 83.5 85.8 88.9 92.4 95.4 98 99.8 101.1 102 103.2 104.4 104.7 105.1 105.8 106.6 107.2 107.9 108.5 108.9 109.4 110.1 110.6 111.8 112.8 113.5 114.3 115.3 115.7 115.5 115.3 114.1 113.1 112.2 111.2 111.1 111.7 112.4 113.4 114.1 114.5 114.9 114.9 115 115.2 115.1 115.1 115.5 116.4 116.7 116.9 117.1 117 116.9 116.2 115.5 114.8 114.1 113.9 113.7 114.2 113.1 111.2 109.5 107.5 105.3
41.8 37.6 34.3 32.2 29.9 28.8 28.6 29.7 30.9 32.7 34.4 38.3 43.3 51.6 59.3 67 74.8 79.8 84.5 88.9 91.7 94.2 96.4 96.9 96.8 97.2 99.3 100 100.3 100.9 102.5 103.3 104.1 105 105.5 106.1 107 108.4 109.8 110.9 112.6 113.6 114.4 114.7 114.6 114.3 113.3 112 111 110.1 110.4 111.3 112.1 112.8 113.4 113.8 113.5 113.1 113.2 113.1 112.8 112.6 113.1 113.4 113.5 113.8 113.8 113.6 113.3 112.8 112.2 111.5 111.6 111.5 112.5 112.6 111.2 109.5 107.4 105.1 102.7
51 47.9 42.5 38.2 35.2 33.5 31.5 30.6 30.3 33.1 32.9 34.4 36.4 40.2 44.4 51.5 60.2 66.7 77.3 85 88.3 90.8 92.1 92.3 90.8 90.7 92.5 94.3 93.9 96.2 98.6 100.2 101.3 102 103.1 104 105.2 104.6 108.4 110.2 110.9 112.9 113.4 113.7 113.6 113.3 112.4 111 109.9 109 109.1 110.1 111.4 112.6 112.9 113.1 112.7 112.2 111.7 111.1 110.6 109.7 109.7 109.9 110.1 110.1 110.2 109.9 109.5 109 108.5 107.9 109 109.9 110.7 110.9 109.2 107.3 105 102.6 99.8
58.4 56.2 53.3 48.7 44.3 39.2 36.7 35.1 33.6 33.1 32.9 33.4 35.3 36.6 38.8 42.3 46.8 54.6 65.5 76.4 81.6 83.5 84.4 85.1 84.8 83.5 85.3 85.5 88.7 91.3 94.2 96.5 99.4 100.8 102 103.3 104.3 105.6 107.7 109.4 110.6 111.3 112.5 112.7 112.7 112.3 111.6 110.2 108.8 107.9 108.8 111 112.2 112.8 112.9 112.9 112.7 112.2 111.6 110.5 109.8 108 106.3 106.4 106.6 106.6 106.5 106.1 105.6 105.2 104.8 105.4 106.9 107.9 108.6 108.2 106.5 104.7 102.5 99.9 96.9
62 61.8 59.8 56.9 54.1 49.4 44.5 41.4 38.7 36.5 35.3 35 34.7 35.9 37.3 39.5 41.8 46.2 52.5 63 68.8 72.5 74.9 77.4 78.1 82 87.3 90.1 93.6 95.6 97.6 99 100.9 101.3 102.1 103.1 104.1 105 107 108.2 109.4 109.9 111.2 111.3 111.3 111.2 110.8 109.4 107.5 105.8 107.4 110.3 112.1 111.9 112.4 112.7 112.6 112.1 111.4 110.2 109 107.2 105.5 103.3 103.1 102.9 102.8 102.8 102.5 102.2 101.9 102.4 104.8 106 106.7 106.6 104.5 102 99.1 95.8 93.1
63.3 63.7 64 63.4 60.9 57.4 54.4 50.6 47.2 41.1 40.1 37.3 36.8 36.6 37 39.2 41.2 43.8 48.6 53.1 57.7 63.1 71.7 80.5 85 89.9 94.5 96.7 98 99.2 99.3 100.2 101.4 100.8 101.5 102.5 103.5 104.1 103.6 106.3 107.3 108.2 108.8 109.3 109.4 109.3 109.1 108 105.8 104.5 106 108.8 110 110.7 111.2 111.7 112.2 111.9 111.2 110.3 108.9 107.2 104.5 101.8 100.6 99.2 99 98.7 98.7 98.8 98.8 100.8 103.2 104.6 104.9 105 103.3 100.7 97.9 95.1 91.2
63.8 64.6 65.1 65.3 65.4 65.1 63.4 59.7 57.9 51.4 43.9 40 39 37.6 37.5 38.7 40.5 42.9 45.6 51.2 62.9 74.5 81.3 86.8 91.1 93.6 95.4 97.1 98.4 99.3 99.8 100 99.9 100.2 101.1 101.9 102.7 103.8 104.1 104.8 105.7 105.6 106.3 106.9 107.2 107.4 107 106.1 104.2 102.3 104 106.7 107.8 108.7 109.2 109.8 110.7 111.2 110.6 109.9 108.5 106.6 103.6 100.8 97.9 95.8 95.3 94.7 94.7 95.5 97.7 99.5 101.4 102.6 102.8 103.1 102.3 100.4 97.5 94.5 89.8
63.2 63.7 64.7 64.7 65 65.9 66.1 63.5 62.6 59.1 49.4 41.8 40.2 38.1 36.6 37.6 38.8 40.8 43.4 50.7 66.4 75.8 82.2 87.3 90.6 92.9 94.1 95.3 96.4 97.2 97.7 97.8 97.3 98.7 100.1 101 101.7 102.2 102.6 103.1 103.1 103 103.8 104.5 104.8 105.1 105.1 104.2 102.5 100.6 102.3 104.1 105.7 106.7 107.4 108.2 109.1 109.8 109.9 109.1 107.8 105.9 103.5 100.4 96.9 93.4 91.4 90.8 91.7 94.7 95.8 96.6 99 100 100.4 100.5 100 98.4 96.1 92.9 88.4
62.4 62.8 62.7 61.9 62.2 63.4 63.9 62.2 59.7 56.8 45 38.2 36.5 35.7 35.5 36.5 37.6 38.9 41.4 47.7 64.4 74.2 81 86.1 88.9 90.8 92.1 92.8 93.5 94.4 95.2 95.2 95.6 97.6 98.5 99.4 100.1 100.5 100.9 100.7 100.4 100.4 101.1 102.1 102.5 102.8 103.1 102.3 100.8 98.8 99.7 101.5 103.2 104.9 105.7 106.6 107.6 108.4 108.8 108.4 107.1 105.1 103.2 100.3 97.4 94.4 90.8 87.2 86.7 89.7 91.9 92.8 94.5 96.1 96.5 96.8 96.1 94.3 92 89.7 86.6
61.1 60.8 59.9 59.5 59.5 59.8 59.5 58.1 56.2 48.3 39 36.5 35.1 34.3 34.4 35.1 36.2 37.5 39.8 45.2 60.8 72.4 78.6 83.3 85.9 87.8 88.9 89.9 90.6 91.5 91.7 92.2 93.5 95 96.2 97.1 97.8 98.4 98.9 98.7 98.6 97.7 98.1 99.3 99.9 100.4 100.1 99.7 98.3 95.9 96.4 99 100.7 102.7 103.8 105.1 106.1 106.9 107.6 108 106.7 104.8 103.2 101.1 98.3 94.8 89.7 85.2 82.6 83.6 86.3 88.5 91.3 92.6 93.1 92.9 91.9 90.6 88.4 86.3 84.8
58.8 57.7 55.7 55.5 55.1 54.7 54.4 53.5 51.1 41.5 36.9 35.2 34 33 33.3 33.7 34.7 36.3 39.3 44.8 57.3 69.4 76 80.1 82.6 84.4 85.6 86.3 86.8 87.3 87.7 88.5 90.5 92.4 93.9 94.7 95.4 96 96.6 96.8 96.7 95.5 95.4 96.4 97 96.8 96.5 95.7 93.7 91.6 93.6 96.7 98.7 100.3 101.2 102.3 103.3 104.8 106.7 107.3 105.6 104.1 102.5 99.9 94.9 90.2 87.1 83.3 79.5 79 82.2 85.3 88.8 90.4 89.7 88.7 87.9 86.8 85 83.5 81.9
55.5 53.8 51.5 51.1 50.2 49.5 49.1 47.3 43.8 38.3 35.5 33.7 32.7 32.1 32.5 32.8 33.9 35.6 38.5 43.6 54.3 65.9 72.7 76.5 78.3 79.6 80.7 81.4 82.1 82.8 83.3 85.3 87.3 89.2 91.1 92.3 92.9 93.5 94.1 94.6 94.5 93.6 92.9 93.3 93.4 93.2 92.6 91.1 88.9 86.4 89.3 92.8 95.6 97.7 98.1 98.5 99.6 100.9 101.7 101.2 99.1 98.2 96.4 93.4 88.8 85.2 82.7 80.1 77.5 76.1 79 82.6 85.2 86.1 85.7 84.7 83.7 82.7 81.7 80.4 78.9
51.6 49.3 47.4 46.9 47.1 46 45 42.1 39.3 36.6 34.4 32.7 31.6 31.3 31.6 31.9 32.8 34.5 37.5 43.6 53.8 63.6 68.8 71.4 72.9 73.3 74.1 74.9 75.6 76.7 78.8 81.9 84.3 86.4 88.2 89.7 90.4 91 91.7 92.3 91.7 90.7 90.1 89.2 89.4 89 87.6 85.4 82 80.3 82.3 85.6 90.1 93.2 93.9 94.8 95 94.8 94.5 93.8 92 91.3 90.3 86.7 83.6 81.1 79.7 78.6 76.6 73.8 76.8 78.7 80.9 81.8 81.9 80.9 79.2 78.3 78.2 77.2 75.7
46.9 44.4 43.1 43.9 44.5 43.6 42.7 40.4 38.1 35.6 33.7 32.3 31.2 30.3 30.7 31.1 31.6 33.8 36.6 43.4 52.9 60.7 62.8 64 64.7 64 64.9 66 68.7 70.8 74.5 78 80.8 83.3 85.5 87 87.9 88.6 89 88.5 88.1 87.8 86 84 83.2 81 79.3 77.5 73.6 73 76.4 81.6 84.5 90.4 92.8 92.8 91.7 88.8 87.9 86.7 85.9 85 84.2 82.9 80 78.5 77.5 76.4 75.3 71.4 73.6 75.2 76.4 76.9 76.6 74.9 73.6 73.4 73.4 73.4 71.6
42.7 39.7 38.6 41.1 42.2 42 41.2 39 37 34.8 33.3 31.8 30.8 29.9 29.5 30 30.5 32.9 35.3 41.2 50.1 53.4 54.5 54.1 54.4 54.7 55.3 59.1 63.5 67 70.5 74 77.8 80.7 83 84.4 84.8 85.4 85 84.4 83.6 81.6 80.3 74.8 72.1 69.2 68.5 66.6 66.5 69.8 76 82.2 87.5 90.8 91.6 91.1 89.6 86.3 83.1 81.8 81.5 82.5 81.8 80.6 78.4 76.8 75.6 74.6 73.3 69.2 69.9 71.7 71.9 71.4 70.2 69.2 68.1 68.5 68.9 69.2 67
