app/static/ascii/ST11.asc
ncols 200
nrows 200
xllcorner 310000
yllcorner 110000
cellsize 50
[rows 70 to 104 of 200, columns 78 to 155 of 200]
256 256.4 256.7 256.4 255.1 253.7 252.3 250.9 249.3 247.7 246 244 242 240 237.5 234.7 232.4 230.2 230.4 233 235.7 238.2 240.7 241.8 242.8 243.8 244.8 245.7 246 246.2 246.5 245.9 242.9 232.3 227.5 230.1 234.2 242.9 246.4 247.8 249.2 250.6 252.1 253.8 255.3 256.2 257.1 257.9 258 258.1 258.1 258.2 258.2 258.3 258.2 258 257.9 258.1 258.4 258.7 258.9 258.1 257.2 256.6 255 251.6 247 241.7 235.4 233.6 232.8 234.5 233.4 232.7 235.2 233.5 232 229.9
255.3 255.7 256 255.1 253.7 252.3 250.8 249.4 248 246 244 242 239.9 237.6 235.2 232.4 229.6 226.8 226.7 230 233.7 236.5 238.8 240.1 241.1 242 243 243.6 243.9 244.2 244.2 243.8 241 230.5 224 225.7 232.4 240.9 244.1 245.6 247 248.4 250.3 252.2 253.5 254.4 255.3 255.9 256 256.1 256.3 256.4 256.4 256.5 256.5 256.4 256.6 256.9 257.2 257.4 257.7 257.5 256.6 255.7 254.8 252 248 242.9 236.7 231.1 226.7 224.2 225.4 227.7 228 226.2 225.9 225.2
254.6 254.9 255.4 254.3 252.9 251.6 250.2 248.9 246.5 244 242 239.8 237.5 235.4 232.2 228.9 225.1 221.2 222.9 227.5 231.6 234.7 236.9 238.2 239.5 240.4 241.2 241.6 241.9 241.9 241.8 241.5 238.9 226.6 219 222.4 229.3 238.9 241.7 243.4 244.9 246.8 248.7 250.6 251.6 252.5 253.6 253.9 254 254.1 254.2 254.4 254.5 254.6 254.8 255.1 255.4 255.7 255.9 256.2 256.5 256.7 255.9 255 253.9 252 249 245 239.4 233.8 227.9 222.8 219.3 220.9 220.5 218.5 221.8 221.6
254 254.6 254.9 253.9 252.6 251.2 249.9 248.3 245.1 242.3 239.8 237.7 235.5 232.8 227.6 224.7 220.8 215.9 217.6 223.6 227.8 232.1 235 236.3 238.2 238.9 239 239.6 239.7 239.5 239.4 238.8 234.7 220.1 215.5 219.8 225.8 234.4 240 241.4 243.3 245.2 247.1 248.8 249.7 250.8 251.7 251.9 252 252.1 252.2 252.3 252.5 252.6 252.8 253.8 254.4 254.5 254.7 255 255.2 255.5 255.3 254.4 252.8 251.5 250.3 246.2 241.6 235.7 229.8 222.3 218.6 214.4 216.3 214.6 218.1 219
253.6 254.2 254.4 253.5 252.2 250.9 249.5 247 243.8 241 238.6 235.8 232 227.3 220.9 218 216.5 212.2 213.5 218.2 222.7 229.9 233 235 237.1 238 238.2 238.2 237.7 237.3 236.8 234 224.6 214 212.3 216.4 220.1 229.1 238.3 239.7 241.6 243.6 245.5 247 248 249.2 249.7 249.9 250 250.1 250.2 250.3 250.4 250.5 250.9 251.8 252.8 253.7 253.8 254 254.1 254.3 254.5 253.5 252.3 251 249.9 247.7 243.6 238.4 231.7 224.2 218.5 213.6 209.8 210.5 214.9 215.9
253 253.8 253.9 253.1 251.8 250.5 248.8 245.6 242.5 239.9 237.6 234.7 229.8 220.5 212.3 209.6 209 205 208.7 211.2 212.5 225.3 231.7 233.8 236 236.9 237.4 236.8 235.9 234.7 229.5 221.4 214.2 209.5 210.1 213.3 217.9 227.6 236.6 239 240.5 242.1 244 245.2 246.4 247.3 247.8 247.9 248 248.1 248.2 248.3 248.4 248.4 248.9 249.8 250.8 251.7 252.7 253.2 253.3 253.4 253.5 253.3 252.5 251.5 250.4 249.4 245.8 241.3 233.5 225.4 219.7 214.7 209.6 208.2 214.5 212.2
252.2 253 253.3 252.7 251.4 250.1 247.6 245.2 242.8 240.4 237.1 234.4 231 223.3 211.5 203.6 202.3 202.7 204.1 205.6 208.5 218.6 229.6 232.6 234.8 235.7 235.8 234.4 233 226.8 217.8 210.2 205.5 207.1 209 212.2 219.3 228.5 236.1 238.2 239.7 241.5 243.3 243.8 244.8 245.4 245.7 245.8 245.9 246 246.1 246.2 246.3 246.4 246.9 247.8 248.8 249.7 250.7 251.6 252.5 252.5 252.3 252.1 251.9 251.7 250.8 249.7 247.5 243.8 235.7 227.6 221.6 215.8 208.5 204.7 209 206.8
251.7 252.6 252.7 252.3 251 249.8 247.9 245.4 243.1 240.8 237.9 234.9 231.9 222.9 208.5 201.9 197.2 197.7 198.7 200.8 205.5 210.7 224.1 231 232.8 234 234.4 232.8 225.9 213.9 207.7 204.3 203.2 207.7 210.7 220.2 229 232.4 236.4 238.2 239.9 241.6 243.4 244.1 244.2 243.9 243.6 243.6 243.6 243.5 243.5 243 243.8 244.3 244.9 245.9 246.8 247.9 249 250.1 251 251.4 251.2 251 250.8 250.6 250.1 249.5 248.3 245.2 239.5 231.7 223 217.5 208.5 203.4 203.5 200.5
251.2 251.9 252.2 251.8 250.6 249.5 248.2 245.7 243.3 241.1 238.8 235.8 232.9 218.4 211.4 202.8 194.3 193.8 194.3 196.4 200.9 207.2 216.3 227.4 230.9 232.5 232.2 227.6 215.2 206.7 201.3 199.9 205.4 209 214.5 225.5 232.4 234.7 236.7 238.6 240.4 242.1 243.4 243.9 244 243.5 242.2 241.4 241.1 240.9 240.8 240.2 238.9 239.5 243.3 244.7 245.8 246.9 247.9 248.7 249.7 250.3 250.1 249.9 249.7 249.5 249.1 248.5 248 245.7 241 233.3 223.4 218.2 210.6 205 201.5 197.8
250.4 251.1 251.5 251.3 250.2 249.3 248.4 246 243.6 241.3 239 236.6 232.1 221.5 208.6 201.2 195 190.5 189.8 192.7 196.6 201.9 209.6 219 227 231.8 228.5 217.4 208.9 201.4 196.7 200.8 206.8 212 219.2 226.5 232.9 234.9 236.9 238.9 240.8 241.9 242.9 243.3 243.8 242.8 241.4 240.2 239.2 239 238.7 233.6 229.4 235.8 241.6 243.4 244.8 245.6 246.4 247.4 248.3 249.3 249.1 248.9 248.6 248.4 248.1 247.5 247.1 245.6 242.1 233.5 222.2 216.3 210.4 206.8 201.8 195.9
249.1 250.2 250.7 250.8 250 248.6 247 245.3 242.9 240.3 237.9 235.2 230.9 221.1 209.1 201.3 195.3 189.8 187 187.9 191.1 198 205.2 209.5 222.1 225.5 217 209.2 202.3 197.8 195.6 202.3 208 212.5 218.7 225.9 232.5 235.1 237.2 239.4 240.5 241.5 242.3 242.3 242.3 242 240.7 239.3 238.2 237.1 234.4 229.8 222.9 232.1 235.1 240.3 243 244.1 245.1 246 247 247.9 248 247.8 247.5 247.3 247 246.5 246.2 244.3 241.4 228.9 219.8 214.6 210.1 205.6 201 194.7
248.1 249.3 249.9 250.3 248.9 247.2 245.6 244.1 242.2 239.7 236.9 233.7 229.5 220.1 207.9 201.3 195.4 189.1 184.6 184.1 186.5 191.2 197.6 202.3 206.1 207.1 204.9 201.3 196.9 193 195.3 202.1 207.2 212.5 218.2 224.9 232.1 235.7 237.9 239.3 240.3 241.2 240.9 240.9 240.9 240.9 239.9 238.5 236.5 234.1 228.5 224.4 218.3 220.2 225.6 232.8 240.2 242.5 243.7 244.7 245.6 246.6 246.9 246.7 246.4 246.2 245.9 245.5 244.5 242.9 239.1 225.3 216.8 213.2 206.4 203.8 198.3 194
247 248.5 249.6 250 248.8 246.7 244.4 242.7 241.1 239 236.1 232.5 227 214.3 206.2 200.4 195 189.5 184.8 181.6 182.3 187.1 192 196 199.6 199.7 197.7 195.8 191.9 188.9 194.8 201.3 205.9 210.5 216.4 224.1 232.4 235.7 238.2 239.4 240.5 239.9 239.4 239.1 238.8 238.6 238.1 237 236.4 235.3 232.1 224.5 215.8 217.8 225.1 231 238.4 240.7 241.7 243.2 244.2 245.2 245.8 245.5 245.3 245 244.8 244.2 242.9 240.9 234.8 222.5 215.2 208.6 201.6 198 193.7 193.5
246.2 248.1 249.4 249.6 248.6 246.6 244.4 242.2 239.9 238.2 235.5 231.9 224.3 212.2 204.2 198.9 193.7 189.1 187.6 183.2 179.1 183.5 187 188.5 191.2 192 191.1 190.3 187.4 189.1 195.8 201 205.8 210.5 215.8 223.8 232.9 236.4 238.5 239.9 239.2 238.4 237.7 236.7 236.4 236.2 235.7 235.4 234.8 234.2 233 220.6 213.1 216.6 224.5 230 236.7 239.8 240.8 241.6 242.6 243.7 244.9 244.1 243.9 243.6 243.3 242.6 241.8 239.9 235.7 222.2 213.2 207.3 200.8 192.7 188.3 196.5
245.4 247.8 248.9 249.2 248.4 246.5 244.4 242.1 239.9 237.7 234.7 230.7 222.1 211.8 203.7 198.6 194.8 191.6 188.6 183.1 176.9 179.1 180.4 179.1 181.7 182.9 184.5 184 185.4 189.6 195.5 201.3 205.9 210 216.4 223.5 233.4 237.2 238.8 239.6 238.8 237.6 236.4 234.3 234.2 233.9 233.9 233.3 233 232.6 222.5 218 211.1 213.7 221.1 227.9 234.2 238.2 240 240.8 241.9 242.9 243.6 243.1 242.4 242.2 241.5 240.8 240.3 238.2 232.2 221.2 213.7 207.1 199.7 190.2 189.2 197.8
244.6 247.2 248.6 248.8 248.1 246.2 244.3 242.1 239.9 237.1 233.8 228.3 218.6 209.4 203.8 198.8 194.8 191.6 187.3 181.7 176.1 174.6 174.2 174.8 176.7 178.4 179.7 181.8 185.4 190 194.7 200.9 206.1 210.5 216.3 223.7 233.8 237.4 239 239.5 239.2 238 236.5 234.3 232.6 232.1 232.1 231.4 230.7 220.4 217.1 214.1 206.6 211.2 220.1 227.2 234.5 237.6 239.4 240.6 241.8 242.7 242.8 242.6 241.4 240.6 240.1 239.5 238.4 235.2 225.8 216.7 211.1 206.1 199.5 188.7 191.4 200.1
245 247.1 248.2 248.3 247.9 246 244.1 242.1 239.2 235.9 232.2 222.2 213.5 207.6 202.4 196.7 192.9 189.3 186 180.4 174.7 172.7 171.9 173.4 175.3 177.5 179.1 182.5 186.6 191.4 196.7 202.3 207 210.5 216.5 224.6 234.5 237.7 239.2 239.3 239 238.2 236.6 234.9 233.3 231.5 230.3 230.3 223.7 216.8 213.6 208.7 203.6 210.2 218.6 228.4 233.9 236.5 238.9 240.1 241 241.5 241.5 241.4 241 240 239 238.2 235.8 227.7 217 211.1 206.1 203.8 199.6 188.2 191.6 200.6
244.9 246.7 247.6 247.8 247.3 245.9 244.2 241.9 239 235.5 231.2 221.2 210 204.8 200.3 194.7 190.7 186.5 183.6 179.1 174.1 171.3 170.8 172.1 174.3 176.9 180.6 184.3 189.1 194.4 198.5 203.9 207.6 211.5 217.4 228 235.3 237.8 239.3 239.1 238.8 237.9 236.6 234.8 233.6 230.2 226.5 222.3 214.1 212.1 207.1 202.8 203.2 208.3 216 230.3 234.9 236.6 238.2 239.1 240 240.3 240.2 240.1 239.5 238.6 237.7 236.7 233.9 225.9 213.4 205.6 199.3 199 197.2 183.6 191.2 200.3
244.1 246.4 247.1 247.3 246.7 245.6 244.4 242 239.1 235.6 230.6 221.2 208.3 202.1 198.2 194.1 187.9 184.1 181.1 177.9 172.6 168.8 169.6 173.2 175.7 179.1 183 186.7 191.9 196.5 199.5 204.4 207.7 211.4 220.8 232.1 235.8 238.2 239.3 239 238.6 237.7 236.1 233.9 232.7 229.5 216.5 212.1 209.2 205.2 198.7 200 204.6 209 221.3 230.5 234 235.9 237.4 238.2 239 239 239 238.6 237.5 237.1 236.8 235.2 232.7 226.1 214 204.5 198.6 191.1 193.6 182.3 191.5 201.1
243.6 245.8 246.6 246.9 246.3 245.5 244.5 242 239.2 235.4 230.5 219.4 205.7 199.4 194.7 194.8 188.5 183.2 181.2 174.7 170.1 166.9 169.1 173.3 177.9 181.4 185.3 189.3 193.9 197.9 200.7 204.5 208.5 214.7 225.9 233.6 236.3 238.4 239.2 238.8 238.3 237.2 235.8 233.7 231.6 225.4 216.8 208.1 203.1 199.8 196.4 201.8 206.6 213.4 222.2 230.7 233 235 236.6 237.4 238 237.9 237.8 237.5 236.6 236.3 235.4 233.6 231.5 225.1 214.2 204.3 196.7 189.2 183.7 182.8 192.8 200.6
243.1 245 246 246.2 246 245.3 244.4 242.1 239.3 235.3 231.1 219.2 203.4 196.6 191.3 192.5 190.4 185.8 181.1 175 170 164.8 168.2 172.4 177.9 183.7 187.3 191.9 196.2 199.5 202.9 207.2 211.4 218.5 229.9 234.5 237.4 238.4 239 238.4 237.7 236.3 234.7 232.9 229.1 218.7 211.3 204.1 198 193.7 197.7 203.3 208.6 215.4 222.7 230 232.8 234.2 235.7 236.4 237 236.9 236.8 236.7 236 235.6 233.8 232 230 223.6 213.2 206 200 195.5 183.4 181.4 192.9 199
242.8 244.5 245.4 245.3 245.4 244.7 243.9 242 239.1 235.6 230.1 216.7 201.7 194.6 189 186.1 185.4 185.2 180.8 174.6 167.3 163.7 167.7 172.7 178.2 184.8 189.1 193.9 197.2 200.8 205.3 209.9 214.4 225.1 231.4 235.4 237.6 238.8 238.6 238.1 237.5 236.7 234.6 232 227.4 216.8 208 200.3 194.3 191 197.1 204.3 210.1 215.7 222 229.3 232.3 233.8 234.7 235.3 235.9 235.9 235.8 235.7 235.2 234.1 232.3 230.5 228.7 221.5 212.2 206.4 201.5 195.4 183.7 181.3 192.3 199.1
242.4 243.9 244.9 244.7 244.5 244.2 242.7 241 238.8 235.8 223.5 210.3 200.1 193 187.1 180.3 176.9 179.2 177.9 172.3 163.9 163.6 169.5 174.9 179.5 184.6 189.6 195.2 198.7 202.5 207 212.5 217.5 227.3 232.5 236.4 237.8 238.8 238.3 237.7 237.1 236.1 233.8 231.1 224.6 211.7 206.2 197.9 191.1 188.3 196.6 203.8 209.6 213.4 215.4 227.6 231 233 233.7 234.3 234.9 234.9 234.8 234.6 234 232.5 231 229.2 225.7 216.1 209.1 204.1 199.1 191.7 181.1 180.8 191.1 198.7
241.8 243.3 244.4 244.2 244 243.2 241.5 239.7 238 231.8 217.7 207.5 199.8 194 186.8 180.7 173.8 170.8 170.7 166.4 161.3 165 171 177.3 182.7 187.6 189.7 194.7 200.3 204.3 208.5 215.4 223.5 231.1 234.3 236.4 237.8 238.3 237.8 237.2 236.6 235.2 233.2 230.4 221.9 211.5 205.2 196.6 189.9 186 193.2 197.5 202.7 205.6 211.7 220.7 230 232.1 232.6 233.2 233.8 234 233.8 233.5 232.5 231 229.5 227.9 222.5 211.3 205.9 200.3 195.6 188.7 178.2 180.2 189.5 197.2
240.5 242.4 243.7 243.5 243.1 242 240.7 238.9 237.2 227.7 214.3 206.8 199.9 193.6 189 184.3 178.2 169.9 165.4 161.6 159.6 165.5 172.4 179 185.1 190.4 196.1 198.1 202.3 207.5 212.7 219.2 228.1 232.2 234.7 236.3 237.3 237.6 237.2 236.7 236.2 234.4 232.3 229.6 223.6 212.8 205.9 198.6 190.2 184 190.5 193.9 193.6 199.6 209.5 217.1 228.4 231.3 231.7 232.2 232.8 233 232.7 232.4 231.1 229.8 228.5 226.7 216.5 207.3 201.4 194.8 192.1 187.5 176.7 179.5 188.3 196.1
239.8 242.1 243.3 242.7 241.8 240.7 239.6 238 235.9 223.2 212 203.9 198.8 192.9 187.4 182.8 176.1 169.7 162.1 157.9 160.2 164.8 172.3 177.5 183.8 190.3 196.2 199.9 205.5 212 217.7 226.3 229.9 232.9 234.6 236.1 236.7 236.8 236.7 236.2 235.5 233.7 231.7 228.5 222.1 213.4 206.9 200.2 191.2 183.2 183.6 185.6 188.6 196 205 210.4 221.7 229 230.5 231.1 231.7 231.9 231.7 231.5 230.3 229 226.9 220.3 210.6 203.9 197 191.9 187.9 183 175.7 179.6 186.6 194.3
239.9 241.9 242.7 241.7 240.5 239.4 238.3 236.4 232.5 218.5 206.7 201.1 194.7 188.3 183.8 179.3 173.4 166.6 158.3 158.5 161.4 164 169.7 175.5 182.6 189.8 195.5 200.5 208.8 215.5 225.7 228.4 231.9 233.4 234.9 235.4 235.9 236 236 235.4 234.6 232.8 230.9 227.5 221.7 212 205.5 198.5 190.7 183.4 180.2 180.1 184.5 191.8 197.9 205.9 212.9 225.9 229.3 229.9 230.5 230.5 230.5 230.4 229 227.6 224 212.8 203.8 198.9 192.9 187.5 186.9 180.3 174.2 177.2 183.7 189.6
239.4 240.1 240.8 240.4 239.2 238.1 236.8 235 227.4 215.8 204.7 198.2 191.5 184.7 179.6 173 168.9 162.7 155.4 158 164.4 169.4 169.2 175.6 183.4 190.2 195.9 200.4 209.3 219.1 227.6 230.6 232.5 233.7 234.2 234.7 235.1 235.2 235 234.5 233.7 231.9 230 226.6 221.8 211.8 205 198.2 192 184.9 178.9 176.7 179.3 187.7 195.3 203 210.3 222.5 227.9 228.9 228.9 229 229.1 228.5 226.3 223.8 220 209.4 201.8 195.3 189.4 182.4 179.3 177.5 172.5 173.4 179.2 185.8
237.7 238.3 239 239.1 238 236.8 235.2 233.7 224.5 210.6 202.2 196.7 189.9 182.7 174.8 166.4 162.3 159 154.3 160.5 166.5 172.3 172.5 179.1 186.4 192.8 198.5 205.9 215.1 225.3 227.7 230.2 232.5 233 233.5 233.9 234.3 234.4 234 233.4 232.7 231.1 229.3 226.4 221.4 212.3 204.7 198.4 193.3 186.4 180 175.7 178.2 185.2 193.2 200.6 207.3 219.3 224.9 227.4 227.5 227.6 227 226 223.1 218 208.7 207 202.7 195.7 190.3 182.8 176.1 173.3 171.3 171.3 176.5 182.3
237.9 238 238.2 237.8 236.6 235.5 233.1 230.2 218.9 206 199 194.6 187.9 180.9 174.1 166.1 158.6 153.2 155.7 163.8 170.4 174.7 178.8 183.9 189.3 196.2 200.3 214.8 225.2 227.9 229.4 231 231.8 232.2 232.7 233.1 233.6 233.5 233 232.4 231.7 230.1 228.5 226 220.7 210.2 203.1 198.2 194 188.8 181.8 174.4 175.2 182.7 190.8 195.4 202.2 209.5 221 224.6 225.2 225.9 223.8 222.5 216.5 211 207 204.9 200 193.6 187.8 181.4 175.3 171.1 170.4 169.6 175.5 179.4
236.5 237.6 237.6 236.7 235.1 233.9 231.2 224.5 212 202.1 196.5 191.2 185.6 179.3 171.9 161.9 154.5 150.6 158.8 168.7 173.3 177.4 181.7 187 192.1 197.1 205.1 217.5 226.4 228.1 229.5 230.9 231 231.2 231.8 232.4 232.8 232.5 231.9 231.3 230.7 229.1 227.5 224.8 219.2 207.3 200.7 195.9 193.3 188.7 183.1 175.7 171.7 178.9 184.7 190.2 197 203.6 213.4 222.3 223.2 223.7 221.4 218.5 211.3 206.3 202.7 200.2 196.8 192.1 185.5 178.7 171.9 169.5 168.1 168.9 172.2 175.6
235.8 237 236.7 235.5 234.1 232.4 229.1 219.9 211.2 201 195 188.8 182.1 174.6 167.8 154.6 150.2 152.2 162.6 170.2 175.4 179 182.8 188.9 195.1 200.1 210 221.8 226.9 228.5 229.5 230.1 230.2 230.4 230.8 231.5 232 231.4 230.8 230.2 229.7 228.1 226.6 223.6 219 209.2 198.9 194.4 190.7 187.3 181.7 177 170.8 172.7 178.5 186.4 194.9 201.4 207.3 219.8 221.5 221.5 219.2 214.4 207.2 203.3 198.6 196 192.4 189.1 184.8 178.2 170.6 168 166.8 167.3 168.6 171.4
235 236.3 235.5 234.4 233.1 231.3 225.9 214.7 207 200.2 194.6 189.1 183.2 176 167.6 158.1 149 153.1 162.1 169.3 175.6 180.5 184 189.4 195.7 202.9 214.9 224.2 226.9 228.2 229.2 229.3 229.5 229.6 229.8 230.5 230.6 230.3 229.7 229.2 228.6 227.2 225.4 222 217 208.3 197.3 192.3 187.8 185.2 183.2 177.9 171.6 168.3 174.1 182.3 189.3 197.1 202.1 213.7 219.4 218.5 216.4 209.3 205 201.4 197.9 191.8 187.3 183.4 179.1 174.4 169.9 167.3 165.5 166 166.7 167.8
234.4 235 234.3 233.3 232 229.2 221.5 212 204.6 198.3 192.7 187 181.9 175.1 167.6 157.8 147.7 152.7 160.5 166.3 171.1 177.2 184 189.9 196 206.4 218.4 224.9 226.8 227.2 228.3 228.6 228.7 228.8 229 229.5 228.8 228.1 226.9 223.9 221.6 222.1 219.2 212.4 206.5 198.9 194.2 190.9 187.3 183.6 181.1 178.3 172.1 167.1 170.3 176.6 183.1 190.7 198 207.1 216.1 215.2 210 204.3 200.2 197.3 194.4 191.9 186.1 183.2 178.2 173.9 169.5 166 164.8 164.8 165.6 166
233.6 233.5 233 232.2 230.5 227.4 216.9 208.9 201.7 196.3 190.6 185.3 180.3 173.9 166.7 158.4 147 150.1 155.9 161.8 167.3 174.3 180.8 188.8 195.9 208 220 224.4 225.3 225.7 227 227.6 227.6 227.6 227.7 226.5 225.5 221.6 217 213.3 211.1 209.3 207.4 202.1 196.2 192.3 190.1 188.8 185.7 181.9 178.2 175.4 171.7 166.4 166.3 172 178.2 185.4 194 199.8 209.3 208.2 202.7 198.8 196.1 193.2 190.7 188.5 186.2 182.8 179.3 174.9 170.2 165.1 164.4 163.7 163.2 163.7
