app/static/ascii/ST16.asc
ncols 200
nrows 200
xllcorner 310000
yllcorner 160000
cellsize 50
[rows 38 to 75 of 200, columns 0 to 83 of 200]
66.5 68.2 69.1 68.8 67.6 69.1 69.1 69.2 69.3 69.3 68.9 66.9 65.6 69.3 72.5 73.2 72.6 71.5 70 68.2 66.7 66.5 63 56.5 52.6 47.3 40.5 34.1 29 25.1 24.7 26 25.8 25.5 25 24 23.3 22.6 19.7 19.4 23.8 28.7 32.1 33.7 35.2 36.9 38 37.9 35.9 31.8 25.1 16.3 17.1 16.7 16.1 15 14 13.4 8.9 8.4 7.3 4.5 4.5 4.5 4.6 5.8 6.6 6.6 7.2 7 6.3 6.3 6.3 7.9 7 6.2 6.4 6.3 6.7 9.6 10.2 10.4 11.1 10.7
70 70.1 69.5 69.3 67.7 66.3 67.3 67.5 67.7 67.2 66.1 64.3 66.2 70.6 71.4 70.9 70 68.2 66.3 64.7 62.9 61.4 57.9 52.8 47.1 42.8 35.4 29.1 26.6 22.6 23.3 24.3 24.2 23.8 22.9 20.6 20 18.3 18.3 20.2 25.2 29.2 31.3 32.5 34 35.7 36.6 36.2 33.8 30.6 14 17.4 17.1 17.1 16.2 13.8 13.4 12.3 8.9 7.7 4.5 4.5 4.5 4.5 5.3 6.4 6.8 7.4 7 6.3 6.3 6.3 6.9 6.4 7.2 6.6 6.5 6.6 8.4 9.7 10.2 10.4 11.4 11.5
71.2 71.3 70.2 69.2 67 65.3 64.5 64.7 64.2 63.7 62.8 63 67 69.2 69.2 67.8 66.6 64.3 62.1 59.7 57.7 55 53.4 49 42.4 37.9 29.6 26.4 24.2 21.4 21.3 22.3 22.5 21.7 20.8 19 17.9 17.7 19.3 23.1 27.3 29 30.2 31.3 32.9 34.3 34.3 33.3 31.5 17.2 11.1 17 16.8 14.3 14.1 10.5 9.9 10.5 7.8 4.5 4.5 4.5 4.5 5.4 6.3 7 7.4 7.6 7.2 7.1 7.2 7.4 3.7 7.6 7.5 7.2 6.6 6.6 8.3 9 10.5 10.8 11.3 11.9
71.8 70.4 68.7 67.3 65.5 63.9 62.6 61.5 60.6 60.4 61.3 64.4 67 67.1 65.7 64.5 62.3 59.5 57.1 54.4 51.2 49 47.3 45.3 38.3 32.1 26.8 23.9 22.3 20.7 20.5 21 20.1 19.2 19.4 18.2 17.6 17.6 19.6 23.6 27.1 27.7 27.5 28.6 29.5 30.4 30.8 30.3 18.1 17.9 11 16.7 13.4 9.2 8.8 9 8.8 7.5 4.5 4.5 4.5 4.5 5.4 6.8 7.6 8.9 7.8 7.6 7.6 7.1 7.6 7.3 8.6 8.3 8 8.6 6.8 9 9 9.6 10.8 11.5 12.1 12.1
70.4 69 67.2 65.8 65.2 62.7 60.7 60.6 59.9 62.1 63.3 65.9 65.5 64 61.8 59.7 57.1 54.1 50.9 46.5 43.3 40.8 38.7 37.2 33.6 29.7 25 23.3 21.7 20.4 19.9 18.8 17.6 17.8 18.1 17.8 17.9 18 19.6 22.9 24.7 24.9 23.4 24.2 25.4 26.3 27.2 22.5 16.9 17.4 13 9.3 9.2 8.9 8.5 8 7.6 4.5 4.5 4.5 4.5 5.2 7.7 7.7 8.7 8.5 8.2 7.9 7.7 7.4 3 8.7 8.1 8.2 10.2 7.3 8.5 9.2 9.2 9.7 11 12.5 13.1 11.8
68.8 67 65.2 64.8 64.8 61.6 60.1 60.4 61.3 64.3 65.7 64.7 63.2 60.2 57.2 54.2 51.3 46.8 42.3 38.5 35.5 33.4 32.5 31.6 28.8 26 23.7 22.9 21.9 21.9 19 17 18 17.5 17.4 17.6 17.6 17.3 17.3 18.5 22.2 21.6 19.9 20 21.2 22.3 21.3 17 15.2 9.4 11.2 10.3 8.8 8.5 8.2 7.7 4.9 4.5 4.5 4.5 4.5 7.7 7.7 8.6 8.5 8.5 8.4 8 8 7.8 9.3 8.1 11.6 14 12.9 10.4 10 9.5 9.2 10 11.4 12.9 13.6 12.5
66.8 65.2 63.1 63.9 63.8 59.2 60.4 61.3 63.6 64 64 62.8 59.4 55.7 51.2 45.7 42 38 34 31.1 28.9 27.7 27.2 26.6 25 24.1 23.7 17.2 18.6 23 16.6 17.2 17.3 16.1 16.7 16.8 16.8 16.5 16.2 17.2 17.5 18.3 13.7 17.5 17.3 17.2 17.9 17.1 9.5 10.2 10.3 9.8 8.5 8.1 7.8 7.6 4.5 4.5 4.5 4.5 7.8 8.1 7.7 8.4 8.5 8.4 8.6 8.3 7.9 8.2 11.2 14.5 16.3 15.6 14.4 12.4 12.1 11.9 10.1 10.4 12 13.6 14.2 13.6
66 63.6 61.2 61.1 57.1 59.9 61.7 62.5 64.2 63.2 62.3 60.9 55.7 49.5 40.8 36.4 33.5 31.2 28.5 27.9 26 23.8 23.5 24.5 17.6 18.2 18 17.6 18.8 21.3 16 16.5 16.6 15.5 15.8 15.9 15.7 15.4 15.2 15.7 15.3 14.8 17.7 17.5 17.7 14.6 13.6 11.4 9.7 9.5 9.3 9.1 8.3 8 7.7 4.5 4.5 4.5 4.5 7.8 7.8 7.7 8 8.5 8.3 8.4 8.8 8.5 8.3 8.7 12 15.2 16.4 16.5 15.8 14.5 14.1 13.4 10.8 11.2 12.4 13.8 15.1 15
64.8 62.1 59.4 53.7 53.8 60.9 63.1 64.2 64.3 63.1 61.2 56.8 55.1 42.9 34 30 27 25.6 25.1 24 22.9 21.3 17.7 18.8 17.1 16.4 16 15.9 15.8 17.3 15.5 15.8 15.7 15.1 14.1 14.4 14.4 14.2 14.1 13.7 13.3 12.9 12 12.2 13.4 14.4 12.5 11.3 8.1 8.8 8.8 8.8 8.4 7.8 7.7 4.5 4.5 4.5 4.8 7.9 7.9 7.9 8.2 8.5 8.4 8.3 8.7 8.7 7 7.7 10.3 12.6 16.9 17.6 17.1 15.5 14.9 14 11.9 11.7 11.9 12.9 14.4 14.8
63 60.1 53.1 48.4 54.4 61.6 63.7 64 63.5 61.5 59.8 55.7 50.9 38.9 30.5 25.3 23.1 22.3 22 21.7 21.7 17.2 17.3 16.8 14.8 14.4 14.1 13.9 14.1 15 15 14.2 12.7 11.6 11.6 11.7 11.9 11.8 11.9 11.9 11.5 11 10.3 12.7 13.5 11.4 9.2 8.1 9.1 7.9 8.2 8.3 8.2 7.6 4.5 4.5 4.5 4.5 5.6 8 8 8.1 8.4 9 8.9 8.3 8.7 5.4 6.4 7.2 8.4 12.9 17.1 18.4 18.1 16.4 15.4 14.4 13.1 12.3 12.3 12.2 12.9 13.7
60.1 51.1 44.9 50.5 59.7 61.8 62.8 62.6 61.6 59.4 56.4 52.6 43.7 33.9 27.3 22.7 20 19.1 18.6 21.2 18.2 16.7 16.2 15.5 12.7 12.5 12.2 11.8 12.5 13.3 12.3 9.3 9 8.7 8.7 8.7 8.9 9.3 9.7 10.2 9.8 9.4 9.4 9.6 10.2 8.1 7.6 7.5 8 7.4 7.5 7.6 7.5 4.5 4.5 4.5 4.5 5 6.4 7.9 8.1 8.3 8.9 9.4 8.5 8.5 9.8 6.6 6.7 7 8.2 9.4 16.2 17.5 18.7 17.8 16.4 14.8 13.8 12.8 12.7 12.6 12.4 11.8
51.1 42.3 48.3 57.6 59.9 61.7 61.5 60.1 58.9 54.5 50.6 45.6 37.3 29.5 23.9 20.7 17.7 15.2 18.3 17.5 16.8 15.6 14.8 10.9 11 10.8 10.5 9.7 9.7 8.1 6.5 4.5 4.5 4.5 4.5 4.5 4.5 4.5 4.5 7.3 8.2 8.2 8.2 8.4 8.3 7.5 7 4.5 7.4 8.5 7.8 7.7 4.5 4.5 4.5 4.5 4.8 6 7 8.1 8.2 8.3 8.5 9.3 8.4 8.3 8.6 7.4 7.4 7.4 7.9 9.1 14.6 17.3 18.5 18.5 18.6 17 15.2 13.2 12.5 11.8 11.1 10.2
41.6 46 54.5 58.8 59.8 60.4 59.7 58.1 55.5 50.2 44.8 38 31 25.5 21.3 18.5 15.6 13.8 16.9 16.5 16.1 14 8.8 9.4 9.6 9.6 8.3 4.5 4.5 4.5 4.5 4.5 4.5 4.5 4.5 4.5 4.5 4.5 4.5 4.5 4.5 4.5 4.5 4.5 5.7 4.5 6.9 7 7.5 8.2 8 4.5 4.5 4.5 4.5 4.5 6.4 7.2 8.1 8.5 8.5 8.1 8.6 9 7.5 3.4 8.6 8.4 8.3 8.4 9.5 11 13.7 15.3 18 18.5 19.1 18.1 15.6 13.3 12.3 11.5 10.6 10.1
44.2 52.3 58.6 59.4 59.9 59.1 57.8 56.1 53.3 48.6 40.8 32.8 26.8 21.8 18.5 16.1 14.3 17 16.2 11 8.5 8.2 9.6 9.5 9.2 4.5 4.5 4.5 4.5 4.5 4.5 4.5 4.5 4.5 4.5 4.5 4.5 4.5 4.5 4.5 4.5 4.5 4.5 4.5 7.8 7.2 7.3 7.3 7.6 8.4 6 4.5 4.5 4.5 4.5 8.3 8.3 8.2 8.9 9 8.7 8.3 8.1 8.8 7.9 7.3 8.1 9.1 9.1 9.1 9.9 11.5 12.1 13.4 16.1 18.5 18.8 18.5 16.8 14.5 12 11.1 10.2 9.3
49.8 60 59.2 59.1 58.1 57.3 55.8 53.4 50.7 47.7 41.9 35.4 26.2 20 17.3 15.5 16.4 16.2 14.4 10.6 9.3 9 8.9 8.9 8.5 7.5 4.5 4.5 4.5 4.5 6.5 7.3 7 6.7 7.9 4.5 4.5 4.5 4.5 4.5 4.5 4.5 4.5 4.5 4.5 7.7 7.7 7.7 7.8 6.8 4.5 4.5 4.5 4.5 5.1 8.3 8.4 8.7 8.7 9.1 8.7 8.4 8.1 8.1 5.2 7.1 7.5 8.1 9.7 9.8 9.5 10.6 11.4 12.5 14.4 17.8 18.7 18.1 17.4 15.3 12.5 11 10 3.9
61.1 59.7 58.9 57.9 56.3 55.6 52.9 50.2 48 46.5 43.7 38 29.9 21.3 18.2 17.3 16.9 15.7 9.1 6.7 6.7 8.1 8.2 8.8 8.6 8.2 4.5 4.5 7.5 6.4 5.8 5.1 4.7 4.6 4.5 4.5 4.5 4.5 4.5 4.5 4.5 4.5 4.5 4.5 4.5 7.6 6.6 4.3 4.5 4.5 4.5 4.5 4.5 4.7 6.2 8.4 8.4 8.4 9.2 9.1 8.3 7.9 7.4 7.7 7.1 7.7 8.1 8.7 10.4 10.5 10.2 10.9 11.8 12.5 14.9 17.2 18.2 17.9 17.5 15.8 12.8 11.1 2.8 1.1
61.1 59.3 57.9 56.1 54.2 51.7 48.4 46 44.9 45.2 44.6 40.1 31.4 22.8 17.7 16.7 15.1 14.3 10.1 7.1 7.4 7.5 8.4 8.9 8.9 8.5 8.5 6.7 5.3 4.5 4.5 4.5 4.5 4.5 4.5 4.5 4.5 4.5 4.5 4.5 4.5 4.5 4.5 4.5 4.5 4.5 4.5 4.5 4.1 6.7 7.4 6.1 4.8 5.8 7.3 8.4 8.4 8.5 9.5 9.2 9 8.2 9.5 8.7 7.5 8.5 9.1 9.5 10.5 11 10.8 11.2 11.8 12.6 14.7 15.8 16.5 16.7 15.5 15.2 8.1 2.6 0 -3.6
59.3 57.6 56.2 52.7 49.5 46.5 43.5 40.5 40 42.5 43.2 39.4 32.6 21.2 16.9 15.2 14.3 12.1 9.2 9 8.8 8.6 8.8 9 9.1 9 8.5 8.1 4.5 4.5 4.5 4.5 4.5 4.5 4.5 4.5 4.5 4.5 4.5 4.5 4.5 4.5 4.5 4.5 4.5 4.5 8.3 4.3 3.4 5.1 8.1 6.8 5.5 7.4 9.1 9.5 9.7 9.8 9.9 9.6 8.9 9 -3.6 9.3 9.3 9.6 9.9 10.7 10.9 11 12.1 12.8 12.6 12.4 13.4 13.9 13.9 15.2 13.7 2.1 -0.1 -3.6 -3.6 -3.6
57.1 55.1 51.3 47.4 43.5 39.5 36.4 34.6 36 40.5 41.2 36.3 29.8 20 16.9 14.3 13.7 11 9.5 8.8 8.8 9 9 9.2 9.3 9.1 8.6 8.2 4.8 5.4 5.8 6 6.1 6.1 5.9 5.6 5.7 7.3 5.1 4.6 4.5 4.5 4.5 4.5 4.5 8 2.4 1.6 2.7 4.4 6.7 7.5 6.2 8.3 11 11.6 11.1 11.1 10.3 11 10 6.3 -3.6 9.6 9.4 9.2 9.3 10.6 10.3 10.6 13 13 12.7 12.3 13.1 11.4 11 3.5 1.4 -3.6 -3.6 -3.6 -3.6 -3.6
52.9 49.4 46.1 41.1 36.6 32.4 29.5 29.1 34 38.6 38.1 32.5 24.6 17 14.3 17.4 13.4 9.8 9.1 8.6 8.7 8.7 8.7 9 9.1 8.9 8.8 8.6 7.5 7.2 7.7 7.9 7.9 7.9 7.7 7.3 8.6 8.8 6.9 7.9 8.3 4.5 4.5 4.5 4.5 0.9 0.8 0.9 2 3.7 5.8 8.3 7.1 9.1 10.3 12.4 13.1 11.5 9.6 10.5 8.8 1.9 -3.6 5.1 5.3 11.5 11.3 3.7 4.1 7.3 12.5 13 3.5 2.8 2.7 1.7 0.9 -0.5 -3.6 -3.6 -3.6 -3.6 -3.6 -3.6
45.1 42.2 38.6 34.1 28.6 24.5 23.9 25.6 32.7 37.2 36.2 28.8 17.2 16.7 14.9 16.3 13.4 9.6 8.9 8.6 8.6 8.5 8.6 8.9 8.9 8.8 8.6 8.4 8.6 15.5 17.5 17 16.9 18 18.1 15.5 9 9 8.7 9.1 11.4 6.6 4.5 4.5 0.8 0.8 0.8 0.8 1.2 3 5.1 7.3 8 11.9 12.3 12.7 14 12.9 10.7 11.8 3.9 3.9 -3.6 3.7 3.9 3.5 1.7 -0.4 -0.2 0.4 0.9 -3.6 -3.6 -3.6 -3.6 -3.6 -3.6 -3.6 -3.6 -3.6 -3.6 -3.6 -3.6 -3.6
36.9 32.2 28.7 25 21 19.6 20.7 25.7 33 36.9 32.6 21.4 17.4 16 14.4 13.5 14.5 9.3 9 8.6 8.5 8.5 8.6 8.7 8.6 8.5 8.6 14.5 21.1 20.8 19.5 19.2 18.3 19 20.2 21.9 24 26.1 15.3 9 10.3 8.5 6.9 7 7.7 0.8 0.8 0.8 0.8 8.4 8.4 8.4 9.6 13.7 13.7 13.1 13.2 13.4 14.5 3.4 1.5 -0.4 -3.6 -3.6 -0.5 -3.6 -3.6 -3.6 -3.6 -3.6 -3.6 -3.6 -3.6 -3.6 -3.6 -3.6 -3.6 -3.6 -3.6 -3.6 -3.6 -3.6 -3.6 -3.6
27 23.7 20.4 18.3 17.2 17.4 20.1 26.9 34.2 35.5 28.6 20.9 17 17.4 14.1 13.6 14.1 10.3 9.7 9.2 9 8.8 8.4 8.3 8.2 8.4 13.9 25.9 27 25.5 23.2 21.4 20.5 21.9 23.7 24.1 28.1 29.6 28.6 24.4 24.5 23.8 9.8 4.5 7.8 4.6 0.8 0.8 2.4 8.4 8.4 8 13.6 14.1 13.5 13.1 13 12.9 3.5 1.6 0.1 -1.5 -3 -3.6 -3.6 -3.6 -3.6 -3.6 -3.6 -3.6 -3.6 -3.6 -3.6 -3.6 -3.6 -3.6 -3.6 -3.6 -3.6 -3.6 -3.6 -3.6 -3.6 -3.6
21.8 18.3 16.5 15.6 15.6 16 20.3 29.1 35.1 29.3 17.2 17.6 14.6 17.1 16.2 13 12.8 9.9 9.6 9.9 9.6 9.4 9.1 8.5 8.1 8.6 29.8 30.7 26.5 24 21.8 20.8 20.2 22.2 23.4 25.3 27.2 28.6 29.7 30.5 31.5 30.7 26.8 5.6 4.5 4.5 -3.6 -3.6 -3.6 1 3.5 8.8 14 14.7 13.9 13.4 13 -3.6 -3.6 -0.5 -2.1 -3.6 -3.6 -3.6 -3.6 -3.6 -3.6 -3.6 -3.6 -3.6 -3.6 -3.6 -3.6 -3.6 -3.6 -3.6 -3.6 -3.6 -3.6 -3.6 -3.6 -3.6 -3.6 -3.6
19.8 16.3 14.4 13.5 13.4 15 18.8 24.5 28.3 17.5 20.5 16.9 13.3 11.8 9.3 8.6 9.6 12.4 8.3 9.1 9.4 9 8.6 8.4 8 18.7 25.4 25.7 22 16.2 15.3 13.2 12.9 15 18.2 21.2 24.4 28.8 31.5 35.7 37.5 37 34 32.8 6.8 -3.6 -3.6 -3.6 -3.6 -1.7 0.9 2.8 8 14.9 13.4 13.2 9.9 -3.6 -3.6 -2.7 -3.6 -3.6 -3.1 -3.6 -3.6 -3.6 -3.6 -3.6 -3.6 -3.6 -3.6 -3.6 -3.6 -3.6 -3.6 -3.6 -3.6 -3.6 -3.6 -3.6 -3.6 -3.6 -3.6 -3.6
19.2 15.1 13.1 12.5 12.5 14 16.7 19.9 17.9 20.5 17.7 15.2 13.6 10.4 3.9 3.9 3.7 4 8.8 12 11.1 8.7 8.4 9.8 11 17.7 19.4 17.8 12.8 9.7 9.2 9.3 10.4 14.8 14.3 14.1 14.2 15.1 33 38.5 41.3 41 26.9 9.6 8.9 4.7 -3.6 -3.6 -3.6 -3.6 -1.5 0.6 2.3 3.9 10.6 13.9 -3.6 -3.6 -3.6 -3.6 -1.6 0.9 2.1 -3.6 -3.6 -3.6 -3.6 -3.6 -3.6 -3.6 -3.6 -3.6 -3.6 -3.6 -3.6 -3.6 -3.6 -3.6 -3.6 -3.6 -3.6 -3.6 -3.6 -3.6
17.7 19.5 18.1 12.2 11.7 12.7 17.9 18.3 16.5 16.7 15.7 13.5 3.9 -3.6 -3.6 0.6 -0.2 -0.4 -3.6 -3.6 5.1 12.5 13 9.2 11.4 12.3 11.7 9.5 8.6 9.8 9.2 12.9 14.1 14 23.3 29.1 30 31.5 33.4 36.5 38.6 36 31.8 9.9 3.3 -3.6 -3.6 -3.6 -3.6 -3.6 -3.6 -1.3 0.4 3.3 3.9 3 -3.6 -3.6 -3.6 -3.6 -3.6 -3.6 -3.6 -3.6 -3.6 -3.6 -3.6 -3.6 -3.6 -3.6 -3.6 -3.6 -3.6 -3.6 -3.6 -3.6 -3.6 -3.6 -3.6 -3.6 -3.6 -3.6 -3.6 -3.6
18.2 14.7 13 16.5 19.1 19.2 15.6 13.9 15 14.6 13.5 -3.6 -3.6 -3.6 -3.6 0.9 -1 -2.8 -3.6 -3.6 0.6 3.9 8.2 8.2 13.6 11.8 10.8 10.7 13.2 15.1 15.5 18.2 24.6 28 30 31.4 33.5 33.4 32.5 31.5 32.2 29.2 23.4 10.4 3.9 -3.6 -3.6 -3.6 -3.6 -3.6 -3.6 -3.6 -0.7 2.3 -3.6 -3.6 -3.6 -3.6 -3.6 -3.6 -3.6 -3.6 -3.6 -3.6 -3.6 -3.6 -3.6 -3.6 -3.6 -3.6 -3.6 -3.6 -3.6 -3.6 -3.6 -3.6 -3.6 -3.6 -3.6 -3.6 -3.6 -3.6 -3.6 -3.6
18.1 15.5 12.1 9.8 10.2 12.4 13.9 14.3 14.9 15 3.9 -3.6 3.9 3.9 3.4 1.5 -0.4 -1.9 -1.8 -0.2 2.2 8.2 8.1 7.9 8 10.1 11.3 14.7 15.9 16.5 18.9 21.7 26.8 29.7 31.9 33.7 34.4 33.7 32.5 30.9 27.3 6 3.9 4.5 3.9 0.7 -3.6 -3.6 -3.6 -3.6 -3.6 -3.6 -3.6 -3.6 -3.6 -3.6 -3.6 -3.6 -3.6 -3.6 -3.6 -3.6 -3.6 -3.6 -3.6 -3.6 -3.6 -3.6 -3.6 -3.6 -3.6 -3.6 -3.6 -3.6 -3.6 -3.6 -3.6 -3.6 -3.6 -3.6 -3.6 -3.6 -3.6 -3.6
17.3 13.9 10.1 9.3 12.1 14.4 15.6 15.3 15.5 3.9 -3.6 -3.6 3.9 3.9 3.9 2 0.1 -0.5 -0.2 1.1 3.2 8.3 8.1 8 8.2 8.4 11.5 13.6 15.4 16.9 19.1 21.3 25.7 29.5 32.2 32.8 33 33.5 32.5 28 6.2 3.9 3.9 3.3 3.5 3.3 0.7 -0.8 -3.6 -3.6 -3.6 -3.6 -3.6 -3.6 -3.6 -3.6 -3.6 -3.6 -3.6 -3.6 -3.6 -3.6 -3.6 -3.6 -3.6 -3.6 -3.6 -3.6 -3.6 -3.6 -3.6 -3.6 -3.6 -3.6 -3.6 -3.6 -3.6 -3.6 -3.6 -3.6 -3.6 -3.6 -3.6 -3.6
16 11 8.9 9.7 14.6 16.8 16.3 14.9 4.5 -3.6 -3.6 3.9 3.9 3.9 3.9 2.5 0.7 1 1.3 2.4 4.1 8.1 8 8.6 9.1 9 11.7 13.7 15.1 16.4 18.1 19.5 23.1 24.5 27.2 30.7 32 33 32.2 29.6 6.7 3.5 1.9 0.2 -0.5 -3.6 4.6 2.3 -3.6 -3.6 -3.6 -3.6 -3.6 -3.6 -3.6 -3.6 -3.6 -3.6 -3.6 -3.6 -3.6 -3.6 -3.6 -3.6 -3.6 -3.6 -3.6 -3.6 -3.6 -3.6 -3.6 -3.6 -3.6 -3.6 -3.6 -3.6 -3.6 -3.6 -3.6 -3.6 -3.6 -3.6 -3.6 -3.6
13.2 9.5 7.9 9.3 14.6 18.1 17 12.5 3.9 -3.6 3.9 3.9 3.9 3.9 3.9 3.1 2.2 2.5 2.9 3.7 8.2 8.2 8.5 10 10.4 10.9 11.9 13.6 14.8 16 17.5 17.1 21.3 23.3 25.7 28.6 32.1 32.9 32.4 30.1 23.3 2.5 -0.5 -3.6 -3.6 -3.6 -3.6 0.6 1.7 1 -3.6 -3.6 -3.6 -3.6 -3.6 -3.6 -3.6 -3.6 -3.6 -3.6 -3.6 -3.6 -3.6 -3.6 -3.6 -3.6 -3.6 -3.6 -3.6 -3.6 -3.6 -3.6 -3.6 -3.6 -3.6 -3.6 -3.6 -3.6 -3.6 -3.6 -3.6 -3.6 -3.6 -3.6
12 8.5 7.3 8.4 14 17.6 16.7 13.8 5.6 -3.6 3.9 3.9 3.9 3.9 3.9 3.6 3.6 4.8 10.7 11.8 12.9 15.7 15 8.6 8.9 8 6.4 6.1 6.2 6.8 9.1 9.6 16.4 21.3 24.4 28.7 33 34.1 33.1 30.6 25.7 2.7 -3.6 -3.6 -3.6 -3.6 -3.6 -3.6 -3.6 -3.6 -3.6 -3.6 -3.6 -3.6 -3.6 -3.6 -3.6 -3.6 -3.6 -3.6 -3.6 -3.6 -3.6 -3.6 -3.6 -3.6 -3.6 -3.6 -3.6 -3.6 -3.6 -3.6 -3.6 -3.6 -3.6 -3.6 -3.6 -3.6 -3.6 -3.6 -3.6 -3.6 -3.6 -3.6
10.8 7.3 7.3 8.2 13.8 16.2 16.5 14.5 7.7 -3.6 3.9 3.9 3.9 4.2 6.2 10.3 11.5 14.6 16.3 15.4 16.8 16.5 6.5 4.3 3.6 3.3 3.2 3.1 3.1 3.2 3.4 3.7 4.2 5.3 18.7 25.2 31.7 35.3 35.7 32.3 27.5 3.8 -3.6 -3.6 -3.6 -3.6 -3.6 -3.6 -3.6 -3.6 -3.6 -3.6 -3.6 -3.6 -3.6 -3.6 -3.6 -3.6 -3.6 -3.6 -3.6 -3.6 -3.6 -3.6 -3.6 -3.6 -3.6 -3.6 -3.6 -3.6 -3.6 -3.6 -3.6 -3.6 -3.6 -3.6 -3.6 -3.6 -3.6 -3.6 -3.6 -3.6 -3.6 -3.6
10 7.3 7.3 8.1 14.6 17.2 16.1 12.6 -3.6 -3.6 3.9 3.5 3 3.2 3.6 4 5.5 12.2 16.2 16.8 15.6 4.7 3.9 2.8 2.3 2 1.8 1.6 1.6 1.7 1.9 2.1 2.4 3.1 5.9 18.7 27.8 32.9 35.4 33.5 28.6 15.1 -3.6 -3.6 -3.6 -3.6 -3.6 -3.6 -3.6 -3.6 -3.6 -3.6 -3.6 -3.6 -3.6 -3.6 -3.6 -3.6 -3.6 -3.6 -3.6 -3.6 -3.6 -3.6 -3.6 -3.6 -3.6 -3.6 -3.6 -3.6 -3.6 -3.6 -3.6 -3.6 -3.6 -3.6 -3.6 -3.6 -3.6 -3.6 -3.6 -3.6 -3.6 -3.6
9.3 10.1 7.3 7.8 13.3 14.1 13.2 10.8 -3.6 3.1 2.6 2.1 1.7 2 2.4 2.6 3.4 5.3 14 15.5 13.7 3.9 3.3 2 1.1 0.7 0.4 0.1 0 0.1 0.3 0.5 0.8 1.6 2.6 3.9 21.1 30.6 33.9 32.8 27.5 15.3 -3.6 -3.6 -3.6 -3.6 -3.6 -3.6 -3.6 -3.6 -3.6 -3.6 -3.6 -3.6 -3.6 -3.6 -3.6 -3.6 -3.6 -3.6 -3.6 -3.6 -3.6 -3.6 -3.6 -3.6 -3.6 -3.6 -3.6 -3.6 -3.6 -3.6 -3.6 -3.6 -3.6 -3.6 -3.6 -3.6 -3.6 -3.6 -3.6 -3.6 -3.6 -3.6
2 8.6 10.2 7.6 7.6 7.8 7.2 3.9 -3.6 1.8 1.3 0.8 0.4 0.8 1.1 1.3 2.3 3.3 13.3 15.2 12 3.9 2.7 1.4 0.1 -0.6 -0.9 -1.3 -1.5 -1.5 -1.3 -1.1 -0.7 0.1 0.8 2.8 11.7 26.1 32.7 30.9 25.4 16 0.1 -3.6 -3.6 -3.6 -3.6 -3.6 -3.6 -3.6 -3.6 -3.6 -3.6 -3.6 -3.6 -3.6 -3.6 -3.6 -3.6 -3.6 -3.6 -3.6 -3.6 -3.6 -3.6 -3.6 -3.6 -3.6 -3.6 -3.6 -3.6 -3.6 -3.6 -3.6 -3.6 -3.6 -3.6 -3.6 -3.6 -3.6 -3.6 -3.6 -3.6 -3.6
-0.6 1.8 8.1 10.4 7.5 6.8 6.1 3.9 -3.6 -3.6 0 -0.5 -0.8 -0.5 -0.2 0.2 1.1 2.2 6.5 13.8 12.1 3.5 2 0.7 -0.6 -1.7 -2.2 -2.6 -3.6 -3.6 -3.6 -2.6 -2.2 -1.8 -0.7 0.7 3.1 19.9 26 25.5 21 14.6 -3.6 -3.6 -3.6 -3.6 -3.6 -3.6 -3.6 -3.6 -3.6 -3.6 -3.6 -3.6 -3.6 -3.6 -3.6 -3.6 -3.6 -3.6 -3.6 -3.6 -3.6 -3.6 -3.6 -3.6 -3.6 -3.6 -3.6 -3.6 -3.6 -3.6 -3.6 -3.6 -3.6 -3.6 -3.6 -3.6 -3.6 -3.6 -3.6 -3.6 -3.6 -3.6
