app/static/ascii/ST18.asc
ncols 200
nrows 200
xllcorner 310000
yllcorner 180000
cellsize 50
[rows 140 to 174 of 200, columns 79 to 157 of 200]
89.3 103.3 117.8 130.4 139.3 139.5 139.9 140.5 141.2 142.1 143.2 142.1 139.1 134.6 128.9 111.4 100.4 101.2 108.9 115.6 125.7 136.3 147.4 156.9 165.4 173.1 179.4 167.2 152.2 140.3 126.7 118.8 114.2 109.6 105.7 101.8 97.9 94.3 90.7 88 87.5 92.8 81.6 82.4 88.5 90.2 91.9 93.5 95.2 96 95.6 94.8 93.9 93.3 93 91.6 90.4 90.2 89.2 87.9 85.7 84.3 83.2 81.8 80.6 82.2 83.6 86.3 87.9 88.7 88.3 87.9 87.3 86.1 84.7 84.5 84.4 84.5 85.4
112 120 126.5 128 131.1 134.5 136 136.6 138.4 140.6 142.4 142.3 139.4 133.9 122.8 110.9 101.1 96.6 106.3 113.8 125.2 136.1 147.8 158.2 166.4 172.7 172.2 160.6 148.3 135.6 123.2 116.1 110.8 106.5 102.5 98.7 95.4 92.6 89.1 86.5 90.9 81.5 77.9 82.9 85.7 88.8 90.5 91.6 92.5 92.8 91.5 91.7 92.4 92 91.6 90.9 90.1 88.8 86.6 85.8 85 83.8 82.3 80.2 79 82.7 79.6 79.5 79.8 86.6 85.8 86.1 86 85.3 84.3 84.6 84.8 85.5 86.2
113.9 116.5 119.5 121.8 124.8 129.5 133.2 135.8 138.8 142.8 145.2 144.7 141.3 134.1 124.8 113.8 100.8 92.7 100.9 111.6 124.4 136.1 147.7 159.2 167.3 172.1 166.7 157.1 144.8 132.9 122.3 114.5 107.8 103.7 99.6 96.4 93.1 90.2 88.2 88.9 84.5 80 77.4 82.4 85.2 87.6 88.6 89.6 90.5 90.5 89.4 89 89.5 89.9 92.1 91.2 90.7 89 84.9 86.1 85.5 83.2 80.8 78.7 77.3 77.8 78.3 78.9 79.6 86 84.6 84.6 84.4 84.1 82.8 83.6 85.6 86.3 86.7
106.4 108.4 114.8 121.4 126.4 131 135 138.8 142.5 146.1 147.7 146.6 142.1 135.6 130.3 118.7 102.4 92.5 95.9 107.2 120.1 132.8 145.6 158.7 166.6 168.9 161.9 153.1 140.9 129 119 111.3 105.5 101.4 97.7 94.2 90.8 87.9 86.2 88 82.7 75.2 79.1 82.4 85 86.4 86.9 87.6 87.6 87.4 87 87.5 88.2 88.6 90 90.2 90.3 89.9 86.5 87.3 85.8 83.1 80 77.6 75.4 75.8 77.2 78 78.9 81.5 82.5 82.7 82.4 82.2 81.6 84.1 86.3 86.8 85.6
105.8 113.7 120.5 126.1 130.7 135.2 139.6 143.9 146.4 149 150.6 148.5 145.8 141.6 137.1 124.4 107.6 92.6 93.3 102.4 113.4 125.5 137.5 150.2 161.6 164.4 157.6 148.2 134.7 122.5 114.5 108.7 103.5 98.9 96.3 92.7 89.1 85.9 86 84 79.9 73.5 79.4 81.6 84.5 85.1 85.8 85.6 85.2 84.5 83.9 83.8 86.4 87.2 88 89.4 90.3 90.2 88.6 86.7 86.1 83.2 79.6 76.5 73 74.7 75.4 76.5 77.7 79.5 79.1 80.8 80.8 80.5 81.1 85.6 86.7 86 84.9
112 118.9 124.5 129.9 135 139.5 143.6 147.8 150.5 153 153.8 153.5 150.8 147.8 142.2 130.5 113 94.7 90.4 98.4 103.7 113.9 125.6 137.2 147.6 156 151 141.9 127.7 116.1 110.1 104.9 100.3 96.4 94.4 91.6 87.9 84.2 82.4 80 77.2 73 79.3 80.7 83.8 84.6 84 83.3 82.8 81.9 81.6 82.3 84.4 85.1 86.1 87.6 88.8 89 88.1 85.9 83.7 81.9 79.4 77.2 72.9 73.7 74.6 75.7 76.8 77.7 77.5 78.3 79.2 80 82 86.3 86.4 85.5 84.3
117 122.2 127.5 133.5 138.4 143.8 147.8 151.7 154.5 156.5 158.1 158.1 157.2 154.8 148.3 136.9 120.3 101 89.7 92.6 100.6 102.5 112.8 121.4 132.9 141.9 142.4 133.5 119.8 110.8 106.2 101.6 97.4 94 91.9 89.9 86.2 82.8 84.4 78.7 73.2 72.3 78 80.5 82.8 83.2 82.3 81 80.6 80.2 79.9 79.1 82.4 83 84.1 85.7 86.4 86.5 85.7 84.5 82.5 80.9 77.7 76.1 71.6 73.2 74.4 73.9 74.6 75.8 76.8 77.8 78.2 78.8 83.1 84.9 85.7 84.9 83.9
120 125.2 130.4 136.4 142 147.2 150.5 155.2 158.3 160.7 162.3 163 162.8 161.1 154.6 144 127.3 106.6 95.5 87.8 93.2 101.1 103.5 109.3 119.3 128.5 130.4 123.2 111.6 106.4 103.4 99 94.7 91.6 89.4 86.8 80.8 89.2 94.4 80.6 73.9 72.1 76.5 78.8 81.1 82.4 80.5 78.6 78 78 78 77.8 78 79.2 81.8 83.7 84.3 83.7 82.6 81.7 77.3 76.5 74.7 73.1 70.2 71.1 71.3 70.8 71.5 72.6 73.6 76.3 77.5 77.9 80.7 83.6 84.2 84 83.1
123.2 128.2 133.1 139.4 145.5 150.1 154.9 157.4 161.5 164 166.2 167.7 168.7 167.4 160.7 148.7 127.6 112.3 100.6 92.8 87.3 93.2 99.5 102.6 104.5 114.7 120.2 113.6 105.5 105.8 98.7 95.8 91.8 89.2 85.5 79.2 84.7 96.7 97.6 83.8 76.2 71.7 75.7 78.4 80.5 80.5 79 77.1 75.9 74.9 74.6 74.3 75.7 76.8 80.9 81.7 81.8 81.7 79.8 76.8 74.7 73 71.3 69.6 67.8 66.1 67.6 67.5 68.4 69.6 71.6 75.4 76.5 77.7 80.1 82.3 82.6 82.4 81.7
126.1 130.6 134.3 140.4 146.9 150.5 155.4 158.6 163.5 167.5 170.1 172.5 174.2 172.8 165.3 149 127.9 116.5 107.4 101.8 95.2 86.1 90.9 95.7 97.3 100.4 107.9 105.2 105.5 105 94.3 91.6 89 83.2 77.4 81.8 81.2 81.3 85.9 77.8 76.9 71.2 75.6 77.8 79.5 78.3 77.1 75.7 74.2 72.8 72 72.4 73.8 75.2 77.8 79.4 79.4 79.2 77.1 74.5 72.2 70.5 69 67.4 66 64.6 65.1 65.8 66.5 67.8 70.7 73.4 74.7 77.4 79.5 80.9 80.8 80.4 79.4
128.3 132.1 135.8 141.1 146.2 149.5 154.3 160.1 164.4 169.3 172.9 175.8 178.7 177.2 167.7 147.9 130 117.5 109.4 102.1 95.4 90 81 85.3 88.7 92.9 100.2 105.4 105.4 105 90.2 88.6 78.9 76.1 81.1 79.4 76.9 75.3 74.8 75.1 75.6 72.5 75.4 76.6 78 78 76.6 74.6 72.6 71.1 70.1 70.6 72.1 73.6 75.9 76.6 76.7 76.2 74 71.5 69.9 68.4 66.8 65.5 64.7 64.2 63.8 64.2 64.7 66.8 68.6 70.1 72.5 73.4 75.9 77.9 78.4 77.9 76.9
124.8 130.3 134.1 138.2 142.2 145.7 150.7 158.1 165 170.4 174 178.4 180.3 176 164.9 145.9 131.6 120.2 109.5 98.3 98.4 91.4 83.6 80 83.4 87.5 93.4 103.4 102.3 95.3 84.6 75.5 75.6 81.8 78.7 76.8 75 73.3 72.1 71.7 69.8 72.9 74.9 76 76.9 77.8 76.7 74.8 72.2 70 68.7 68.8 70.3 71.9 73.2 74.1 73.8 72.8 70.7 69.2 67.7 66.2 65.1 64.1 63.3 62.9 62.4 62.5 63.2 64.9 66.6 68 69.1 70.2 71.7 73.6 75.8 75 74.3
121.2 126.5 131.1 136.2 139.1 143.7 149.7 159 165.4 169.1 172.9 173.9 168.2 160.9 152 142.4 130.4 119 109.9 103.7 97.7 91.5 85.6 80.5 78.6 83.3 87.4 88.7 85 75.2 75.3 80.9 81.2 78.9 75.5 74.5 73.4 70.7 66.6 68.5 70.4 72.9 74.4 75.5 76.5 77.5 77.5 75.2 72.7 70.1 67.4 67.2 68.3 69.7 71 72.3 72.3 69.9 67.6 66.1 64.9 63.9 63.9 63.4 61.6 61.1 60.6 60.5 60.4 61.9 63.5 65 66.5 67.7 69.9 70.7 72.5 72.3 71.6
117 120.4 126.7 133.1 137.3 143.5 151 160 163.6 166.2 160.7 155.2 151 147.5 142.6 136.1 126.5 116.7 108.7 99.3 95 89.7 85.9 80.8 76.6 80.1 79.9 75.8 75.5 79.7 86 81.9 79.5 76.8 74.2 71.9 70.7 69.6 68.1 66.7 70.3 72.2 73.8 74.8 75.8 76.7 76.2 73.8 71.4 68.9 66.5 65 65.6 66.6 67.9 68.7 68.5 66.3 64.9 63.6 62.5 61.8 61.8 61.5 60 59.3 58.8 58.4 58.6 59.5 60.4 61.7 62.8 64.5 65.4 66.8 67.7 68.1 69.2
109 113.8 123.5 130.8 136.6 143.2 152.2 156.5 155.9 149.8 145 143.1 141.1 138.9 134.4 129.3 122.6 114.4 106.1 98.2 91.1 87.5 82.7 77.2 76.8 76.5 77.9 82.8 87.4 89.8 86.5 81.4 78.2 75.6 72.4 69.8 68 67.4 65.5 67.5 69.4 71.1 72.6 73.5 73.9 74.3 73.8 72.4 70.1 67.7 65.3 63.9 62.7 63.6 64.4 65 64.4 63.5 62.7 61.5 60.3 60.1 60.1 59.8 58.9 58.2 57.6 57 57.1 57.3 57.6 58 59.1 60.5 62 63.3 63.4 63.6 65.3
100.7 111.8 121.3 128.9 135 143.6 149.9 145.5 140.5 135.7 134.6 134.5 133.8 131.3 126.8 121.4 115.6 107.9 98.3 85.6 77.9 77.7 78.5 79.3 75.7 73.7 79.2 85.8 88.5 89.1 86.3 81.1 76.7 74.2 71.3 67.6 65.7 64.7 63 66.5 68 69.7 70.8 71.6 72.1 72.3 72 70.2 68.4 66 64 62.3 60.6 60.9 61.9 61.9 61.6 60.9 60.8 59.7 59.4 59.1 59 58.4 57.7 57.2 56.6 56 55.6 55.7 55.7 56.7 57.8 58.9 59.4 60 60.7 60 61.9
94.4 109.3 120.4 127.3 134 142.2 137.9 132.2 127.4 126.2 125.4 125.6 125.3 122.3 116.7 111.9 100.6 83.6 77.9 78.6 84.7 81.8 79.8 78.5 75.6 72.5 77.6 84.9 87.5 86.2 83.6 80.5 76 72.9 69.7 65.4 63.8 62.1 62.1 64.3 66.3 67.9 68.8 69.6 70.2 69.8 69.5 68 66.2 64.6 62.9 61.2 59.6 59.6 59 58.9 58.7 58.8 58.7 58.6 58.2 58 57.7 57.2 56.7 56.2 55.6 54.9 54.4 54.4 54.4 55.5 56.6 57.6 57.1 56.4 57.8 58.5 60.4
93.6 109 120.2 124.2 131 132.2 127.2 122.2 118.3 116.4 117.4 116.9 114.6 110.4 105.5 89.6 77.8 77.4 85.5 84.8 82.7 80.2 78.4 77.3 75.2 72.3 73 81.6 84.2 82.1 79.9 77.7 74.9 70.9 67.8 64 62.1 60.3 60.4 62.1 64 65.5 67 67.6 67.8 67.2 66.9 65.9 64 63.1 61.7 60 58.7 58.6 57.8 57 56.4 56.6 56.3 56.6 56.5 57 56.9 56.4 55.8 55.2 54.6 54 53.5 53.3 53 53.9 55.4 55.8 55.7 56.3 56.9 58.1 60
92.7 107 118.2 121.3 122 120.6 116.9 113.4 110 106.8 105.2 103.8 101 96.6 80.8 77.3 80.7 85 82.9 79.6 78.8 78 77.1 75.7 75.4 72.8 69.2 72.7 80 79.3 77.2 75.1 71 66.5 64 62.4 60.1 59 59.3 60.5 62.2 63.8 65.3 65.3 65.4 64.9 64.3 63.7 62.4 61.5 60.5 59 57.9 57.3 56.4 55.5 55.2 54.4 54 54.2 54.8 55.6 55.7 55.1 54.8 54.2 53.6 53.2 52.4 51.7 51.5 52.3 53.8 54.1 55 56 56.7 57.7 59.4
90.2 101.2 107.1 110.1 108 105 104.1 100.9 98.8 95.6 93.7 90.7 89.6 76.4 76.1 82.6 80.8 78.7 75.9 74.2 74 74 73.9 72.6 74.8 73.9 71.8 67.5 72.6 76.2 75.2 72 67.5 62.8 60.8 59.3 58.1 57.4 57.7 58.6 60.7 62.3 63.3 63.3 63.1 62.7 62.1 61.6 60.7 59.9 59 57.9 56.7 55.7 54.8 54.3 53.6 52.8 52 52 53 54.2 54.1 53.4 53.4 53.6 53.2 52.9 52.1 50.8 50 50.6 52 52.6 53.8 54.8 55.8 56.9 58.6
80.3 85.3 87.7 92.7 90.6 86 84.9 86.3 86.6 85.7 86.5 83.9 74.6 75 82.2 80.9 77.7 73.8 72.4 70.7 68.8 67.8 68.6 69.9 72.5 72.5 70.8 67.1 65.1 67.5 67.8 65.7 62.8 59.4 58.4 57.5 56.6 56.4 56.7 57.1 59 60.9 61.3 61.3 61.1 60.8 60.3 59.8 59 58.2 57.5 56.4 55.3 54.2 53.4 52.7 52 51.3 51 50.9 51.8 52.7 52.5 51.8 52.5 53 52.8 52.5 51.6 50 48.9 49.5 50.3 51.4 52.5 53.6 54.5 55.4 57.2
65.5 67.5 70.7 72.2 70.6 70.6 70.9 74.4 78 80.1 76 72.9 73.7 80.2 77.8 76.5 73.1 71.6 70.9 69.3 67.3 65.2 65.3 69.1 70.1 70.1 69 67.7 64.6 63.9 63.2 62 60.1 58.4 57.3 56.4 55.4 55.5 55.9 56.1 57.8 59.1 59.6 59.5 59.1 58.9 58.4 57.9 57.3 56.5 55.8 54.7 53.6 52.6 51.9 51.2 50.6 50.5 50.2 50.4 51.4 52.1 52.3 51.5 51.6 52.1 52.2 51.9 51.1 49.6 48.2 48.6 49.1 50.2 51.3 52.3 53 53.8 55.6
53.2 60.6 66.2 65.5 64.5 67.6 67.9 68.9 73 67.5 71.5 71.1 76 74.8 74.6 74.3 72.9 71.3 69.5 67.6 65.5 63.4 64.1 66.1 66.5 67.4 68.7 67.2 64.9 63.8 62.8 61.3 59.5 57.9 56.8 55.6 54.5 54.4 54.8 55.2 56.1 57.2 58 58 57.5 57 56.5 55.9 55.4 54.8 54 53 52 51.2 50.5 49.8 49.3 49.6 49.3 49.8 51.1 51.8 52.1 52.4 52 51.9 51.6 51.3 50.5 49.2 48.1 47.7 48.1 49 50 50.8 51.5 52.3 53.8
50 54.4 61.3 62 62.3 63.6 65 64.1 66.9 69.6 68.9 70.6 70.6 71.1 71.8 71.2 70.1 69.2 67.4 65.5 63.5 62.1 62.5 64.2 65.2 66.2 67.4 66.7 66.1 63.7 62.5 60.7 58.7 57.4 56.2 55.1 54 53.1 53.2 53 53.9 55.2 56.3 56.4 56.1 55.5 54.9 54.2 53.5 52.9 52.2 51.3 50.6 49.8 49.1 48.4 48.1 48.4 48.5 49.3 50.7 51.4 51.8 52.4 52.8 52.1 50.9 50.4 49.6 48.4 47.2 46.9 47 47.3 48.3 49.4 50.3 50.9 51.7
49.9 50.2 57.2 57.1 60.1 59.7 59.2 67.1 65.3 66.5 66.1 66.4 68.1 65.7 67 66.4 65.5 65.2 64.3 62.6 62.4 61.5 63.6 64.3 64.7 66.2 67.6 68.5 68.9 67.3 62.8 59.9 58.2 56.8 55.6 54.5 53.6 52.6 51.7 51.8 52.4 53.5 54.6 54.9 54.5 54 53.3 52.7 52 51.3 50.6 50.1 49.4 48.6 47.9 47.2 46.8 47.1 47.7 48.8 50.1 51.1 51.3 51.4 51.6 51.4 50.2 49.7 48.8 47.8 46.6 45.7 45.8 46.1 46.7 47.9 49.1 50 50.7
48.8 49.8 51.8 53.8 56.3 56.4 65.4 60.6 62 63.1 63.9 63.7 62.7 59.1 59 61.1 61.7 61.3 60.9 60.4 60.4 61.5 64.7 66.8 67.9 69.9 71.5 72.5 72.3 69.8 64.6 59.9 57.7 56.3 55.1 53.9 52.8 51.7 50.7 50.7 51 52 53.1 53.3 52.9 52.4 51.8 51.1 50.5 49.8 49.5 48.9 48.3 47.6 46.8 46.1 45.7 45.9 46.8 47.7 48.7 49 49.2 49.5 49.9 49.7 49.4 48.5 47.6 46.7 45.8 45.2 44.7 45 46 47.4 48.3 49.2 49.8
50.8 51 55.7 61.4 62.1 63.2 59.6 58.6 59.2 60.7 61.8 61.3 58.9 55.4 54.6 56.7 58.3 58.3 58.7 58.4 60.2 63 65.8 69.5 72.4 74.2 74.2 73.6 71.7 68.1 61.6 59.8 57.1 55.4 53.8 52.8 51.8 50.8 49.7 49.5 49.9 50.6 51.6 51.8 51.5 51.4 50.9 49.9 49 48.4 48.3 47.8 47.1 46.4 45.8 45 44.7 44.6 45.1 45.6 46.4 46.5 46.7 47.4 48.1 48 47.9 47.4 46.5 45.6 44.9 44.5 44 43.8 45 46.1 47.2 48.1 48.7
50.3 51 58.6 55.5 57.5 60.7 61 58.4 57.9 58.5 59.5 59.5 56.8 54.1 52.4 52.5 54.8 55.7 56 59.9 62.2 66.4 70.1 73.3 75.5 76.3 76.3 74.9 71.3 66.4 59.7 57.3 55.9 54 52.7 51.7 50.7 49.7 48.7 48.2 48.1 49.2 50.3 50.9 50.8 50.7 50.2 49.2 48.2 47.6 47.6 46.9 46.2 45.6 44.9 44.3 43.9 43.6 43.7 44.2 44.2 44.3 44.5 45.3 46 46.4 46.4 46.3 45.3 44.6 44.2 43.8 43.4 43 44 45.1 46.2 46.9 47.4
55.6 55.6 53.6 54 55 56.6 62.2 58.3 57 56.8 57.5 57.9 55.6 52.9 50.8 50.3 51.1 52.8 58.8 62.4 66.8 71.2 75.3 75.6 76.2 76.9 76.4 74.4 70.1 66 56.7 54.7 53.9 52.5 51.6 50.6 49.6 48.7 47.8 47.4 47 47.8 49.2 50 50.5 50 49.5 49 48.1 47.5 47.3 46.5 45.8 45.2 44.5 43.9 43.5 43.1 42.7 42.8 42.8 42.7 42.7 43.1 44.1 45.2 45 44.8 44.4 43.9 43.5 43.1 42.7 42.4 43.2 44.3 45.3 45.7 45.8
54.5 54.5 54.9 55.6 55.1 55.9 57.7 56.4 57.4 55.5 55.8 55.5 53.7 51.5 49.8 49.2 50.1 51.9 60.9 65.6 70.9 74.4 74.6 74 73.4 73.2 73.1 71.1 68 59.8 54.5 52.1 51.4 50.7 49.6 48.6 47.8 47.2 47 46.6 46.1 46.4 47.6 48.4 49.5 49.4 48.9 48.5 48 47.4 47 46.2 45.5 44.7 44.1 43.4 43.1 42.6 42.3 41.9 41.5 41.4 41.3 41.5 42.3 43.3 43.8 43.7 43.9 43.5 42.8 42.4 42 41.8 42.4 43.5 44.1 44.6 44.6
54.5 55.3 56.8 56.1 56.2 62.5 58.5 58.3 53.8 54.3 53.2 52.8 52.2 50.2 49.3 49.1 49.2 56.3 62.6 66.8 71 71.7 71 70.2 69.3 68.5 68.1 67 62.8 55.4 53.3 51 48.7 48.1 47.7 47.1 46.5 46.3 46 45.7 45.4 45 46 47.1 48.4 48.5 48.4 48.1 47.9 47.3 46.6 45.9 45.1 44.4 43.7 43 42.6 42.3 42 41.6 41.2 40.8 40.4 40.3 41.1 41.9 42.7 42.9 43.1 43.2 42.9 42.2 41.5 41.2 41.6 42.4 43 43.5 43.3
54 55.7 57.6 58.9 60.4 59.4 54.8 56.7 54.9 53.6 52.4 51.9 50.7 49.4 48.8 48.1 48.4 58.3 63.5 65.7 66.4 67.6 65.9 65.1 64.4 63.8 63.1 60.8 57.4 54.3 52.1 50 47.1 46.6 46.2 45.9 45.6 45.3 45.1 44.8 44.5 44.3 44.7 45.9 47.7 47.7 47.8 47.7 47.4 47 46.3 45.6 44.8 44.1 43.3 42.6 42.3 42 41.7 41.2 40.9 40.5 40.1 39.8 40.5 41.3 41.9 41.9 42.4 42.5 42.6 42.2 41.3 40.8 40.7 41.3 41.9 42.3 41.9
55.8 57.6 58.9 58.9 59.3 60.6 57.9 55.5 54.4 53.5 52.6 51.5 51 48.8 48 46.7 50.8 57.4 60.1 62 62.4 62.1 62 60.8 59.9 59.2 58 55.4 52.7 52.1 50.1 48.1 45.7 45.6 45.2 45.1 44.8 44.6 44.3 44 43.8 43.6 44 45.2 46.9 47 47.1 47 47 46.5 45.7 45 44.2 43.5 42.7 42.4 42 41.7 41.3 40.9 40.5 40.1 39.7 39.4 39.9 40.7 41 41.2 41.2 42 42.4 43 41.7 40.6 40 40.8 41.5 41.8 40.8
55.8 56.4 59.1 58.6 59.4 60 60.1 55.1 53.7 52.1 51.6 51.1 50.9 50.7 50.8 46.5 47.5 54.5 54.6 57.4 57.3 56.4 56.7 56.4 55.4 54.7 52.9 50.6 49.9 49.7 47.8 45.9 44.5 44.2 44.5 44.3 44.1 43.9 43.6 43.3 43.1 42.9 43.3 44.5 46.1 46.3 46.4 46.3 46.3 46 45.1 44.3 43.6 42.8 42.4 42.1 41.8 41.4 41 40.6 40.2 39.8 39.4 39 39.2 39.9 40.2 40.4 40.4 40.5 39.9 39.3 38.7 38.6 39.7 39.9 40.9 41.8 40.9
55.8 56.7 58.7 58.3 58.7 57.7 56.7 53.8 53 51.3 50.3 50.4 50.3 50.2 49.1 45.4 45.2 47.7 48.4 49.4 51.3 51.8 52.1 51.5 50.9 49.9 48.6 47.2 47.2 47.7 46.4 45.1 44.5 44 43.9 43.6 43.4 43.1 42.9 42.7 42.5 42.3 42.6 43.9 45.4 45.6 45.7 45.6 45.3 44.8 44.3 43.8 43 42.5 42.2 41.8 41.5 41.1 40.7 40.3 39.9 39.5 39 38.6 38.7 39.1 39.4 39.6 39.7 39.8 39.3 38.7 38.1 37.9 38.3 39.1 40.1 41.1 40.2
