app/static/ascii/ST19.asc
ncols 200
nrows 200
xllcorner 310000
yllcorner 190000
cellsize 50
[rows 35 to 69 of 200, columns 0 to 77 of 200]
206.9 200.9 196.6 192.9 187.6 178.5 160.3 145.9 153 178 200.4 215.4 226.7 235.8 242.3 246 248 248.8 248.3 245.3 240.9 237.5 235.2 233.4 234 235.3 237.6 241 244.6 249.2 252.8 255.9 259.1 262.4 266.3 270.3 274 279 286.6 295.6 298.5 299.9 300 299.7 297.5 295.8 294.9 293.9 292.8 288.4 283.7 278.5 272.1 266.8 261.4 254.4 248.3 243.3 238.5 234.2 230.1 226.7 224.4 222 219 216.2 215.7 220.7 222.4 224.2 225.5 226.7 226.1 221.9 217.6 217 223.4 227.4
204.1 198.4 193.2 189.2 183.1 170.3 152.6 145.8 157.5 179.7 199 212.7 223 232.7 239.8 242.8 245.4 245.9 245.3 243.4 240.7 237.5 234.5 232 231.4 231.8 234.1 237.6 241.1 245.7 250.1 253.3 256.8 260.6 264.5 268.3 272.3 277.3 287.4 291.4 294.6 296.3 297.3 296.9 295.1 294.2 293.4 292.7 291.6 288.6 284.4 279.6 273.4 269 264.4 258.3 251.4 245.3 240.5 235.9 230.5 226.3 222.2 219.5 217.3 215.3 214.8 218.2 220.1 221.7 223.3 224.5 225 225.6 224.4 218.3 214.7 222.1
200.4 196 190.9 185.4 178.3 160.9 145.7 146.1 160.4 177.9 195.2 208.5 218.9 227.9 234 238.6 242 243.1 242.7 240.8 238.7 237.2 234.2 232 230.3 228.5 230.9 234.5 238.1 242.2 246.8 251.1 254.9 258.8 262.7 267.1 271.4 276.1 285 288.6 290.9 292.3 293.1 293.7 293.5 292.7 292.5 291.7 289.5 286.6 283.8 280 274.2 269.1 265 260.2 254.2 247.9 242.8 238.2 232.5 227.5 223.1 219.4 215.1 211.8 211.3 213.9 217.6 219.3 220.9 222.3 223.2 224 225 223.7 216.1 215.5
197.3 192.5 187 181.1 169.2 153.5 145.7 148.3 163.3 176.6 189.7 201.5 212.9 222.8 228.2 233.9 237.8 240.6 240.1 238.3 236.8 235.3 233.9 232 230.4 227 229 232.4 235.7 239.6 243.5 247.9 252.2 256 260.6 264.9 269.6 275.8 281.5 285 287.5 288 288.6 289.5 290.4 291.4 290.7 289.8 287.8 284.9 282 277.8 273.5 268.1 264.1 260.2 255.5 249.7 244.9 239.4 234.3 229.4 225.4 220.3 214.1 210.7 209.1 210.1 214.3 216.9 218.5 220.2 221.4 222.3 223.3 224.5 221.5 215.1
192.2 190 184.9 175.6 162.5 148 145.8 149.4 166.3 177.6 186.2 196.7 206 217.1 223.6 229.1 234.6 236.9 237.3 236 234.7 233.1 231.6 230.7 229.2 226.3 227.9 230.5 233.4 237.1 241.1 245.2 249.5 253.1 258.4 262.4 268.3 274.8 278.1 280.4 283.7 284.1 285.2 286.4 287.2 288.2 288.2 287.7 286 283 279.5 275.3 270.8 267 263.2 259.4 256 251.6 246.2 240.7 235.5 231.2 226.9 220.4 213.1 210 207.6 208.1 209.3 212.9 215.6 217.6 219.7 220.6 221.6 223.4 223.6 218.1
186.1 185.4 181.5 170.8 156.2 146 146 151.7 172.6 177.3 184.4 192 200.2 209.8 218.4 224 229.8 232.9 234.1 233.4 232.3 230.7 229.4 228.9 227.7 224.3 226.7 229.9 231.8 234.4 238.5 242.9 246.6 250.9 256.2 260.2 265.2 272 275.9 277.9 279.8 280.5 281.2 282.4 283.8 284.9 285 285.1 283.8 280.8 277.3 273.5 269.7 265.9 262.3 258.9 255.6 251.6 245.8 240.8 237 232.7 228 221.7 214.6 209.2 206.1 205.9 205.8 209 211.9 214 216.8 218.9 220.2 221.4 221.8 220.1
180 180.7 178.5 167.9 153.3 145.8 145.7 156.1 168.4 174.3 181.4 187.3 195.6 202 210.3 218.5 224.5 228.8 230.5 230.7 229.9 228.4 227.3 226.8 225.9 222.2 225.3 228 230.5 232.8 235.4 239.9 243.6 248.3 253.3 257.2 262.7 269.7 271.7 273.3 275.6 276.8 277.5 278.3 279.7 281.4 282.1 282.4 281.1 278.7 275.6 272 268.4 264.9 262.1 258.8 255.5 251.6 246.9 242.6 238.4 234.2 229.8 223 216.3 209.7 205.5 204.4 203.4 205 208 210.4 213.4 215.7 217.4 218.8 219.6 218.9
171.3 175.4 176.2 170.9 155.7 145.6 146.3 158.5 165.2 172.7 179.4 188.8 193.8 196.8 202 210.1 218.8 224.6 226.5 227.2 227.3 225.9 225.1 224.6 223.3 219.6 223.6 226.6 229.1 231.5 234.1 236.9 240.6 245.1 249.4 255 260.6 265.2 268 269.6 271 272.1 273.1 274.4 275.9 277.7 279.1 279.1 278.3 276.1 273.7 270.5 267.8 265.1 262.3 259.2 255.8 251.8 246.8 242.4 238.2 233.7 229 223.5 218 211.9 206.6 203.2 201.5 201.4 204.2 207 209.3 211.8 214.1 215.7 216.8 216.9
163.9 168.5 169.1 168.8 162.5 147.3 145.3 161.1 161.4 173 187.8 192.7 192.7 194.2 197.4 202.3 210.7 218.9 222.9 224 224.2 223.3 222.7 222.3 221.3 216.6 222 225.3 227.5 229.6 232.2 235.1 238.2 242.1 246.1 253 257.1 260.1 264.2 265.6 266.7 268.1 269.8 271.4 272.9 274.3 275.7 275.9 275.6 273.8 272.5 271 268.4 265.8 263.1 259.6 256 252 247 242.1 237.7 233.2 228.2 223 217.6 212.6 208.1 204.2 200.4 202.5 204 201.6 204.2 207.5 210.7 212.4 213.9 214.4
162.7 159 157.1 156.3 159.1 149.1 150.1 158.7 161.9 171.2 189.3 192 192.1 192.4 194.4 198.1 202.7 209.4 217.2 220.1 220.5 219.6 220 219.9 219 213.1 221.1 223.5 225.5 227.6 230.3 233.2 235.7 238.8 242.1 248.3 253.3 255.7 258.2 260.5 262.5 264.3 266.1 268.8 270 271 272.3 273 273 272.8 271.5 270.3 268.4 265.6 263.2 259.8 256.2 252.1 247.3 242.6 237.6 232.5 227.5 222.5 217.5 212.9 209.3 205.9 203.5 200 198.6 198 199.5 202.6 205.7 208.7 211 211.2
164.2 155.9 153.9 153.1 148.8 146.5 154.5 160.4 164.2 168.7 187.1 191.5 191.6 191.9 191.9 195.1 199.6 204.3 210.9 215.8 216.8 216.5 216.9 217.5 216.1 210 219.2 221.4 223.5 225.5 228 230.6 233.2 235.7 238.3 242.9 249.3 252 254.5 256.7 258.6 261.2 263.8 266.6 267.7 268.5 269.3 269.8 270.4 270.4 270.2 269 267.1 265.2 262.7 259.8 256.4 252.3 247.9 243.4 238.8 234.1 229.1 224 218.7 213.6 209.4 205.6 201.7 198.8 196.9 196.8 196.6 197.7 200.8 204.1 206.6 208.1
164.7 155.3 149.6 145.7 147.7 149.2 159.6 163.9 166.9 166.1 182.1 187.7 185.6 185.5 189 192.6 196.9 201.1 205.6 210.3 213 213.5 214.5 214.8 213 209.4 216.5 218.5 220.4 222.4 225.3 228 230.4 232.9 235.5 240.5 244.7 248.4 250.8 253 255.8 258.7 262.3 264.3 265.4 265.7 266 266.5 267 267.7 268 267.6 266.3 264.5 262.1 259.4 256.4 252.7 248.4 244.2 239.9 235.5 230.5 225.2 219.9 215.1 210.8 206.8 201.7 198.6 196.3 196 195.6 195 196.6 198.1 200.5 204.7
164.6 155.4 144.6 148.5 149.6 149.4 160.1 165.4 166.7 165.5 172.4 175.5 180.4 183 187.1 190.4 193.9 198.1 202.2 205.9 209.7 211.5 212.3 212.7 210.2 206.7 212.1 215.3 217.2 219.3 222.2 225.3 227.6 229.9 232.7 237 241.6 244.9 247.3 250.1 253.1 256.4 260 262.4 262.2 262.3 262.6 263.2 263.9 264.8 265.8 265.6 264.7 263.7 261.3 258.5 255.7 252.2 248.8 244.9 240.7 236.4 231.6 226.3 221.3 216.7 212.3 207.9 203.3 200 196.4 194.7 194.8 194.4 193.8 194.3 196.4 198.4
165 155 140.8 148.3 149.7 149.6 158.1 163.2 165.9 164.7 171.5 174.9 179.7 182.5 185.1 188.4 191.8 194.8 198.5 202.2 206 208.4 210.4 210.6 209.7 203.2 207.3 211 214.2 216.4 219.1 222.3 224.4 226.1 229.3 233.4 238.5 241.6 244.3 247.3 250.3 254 257.7 260.3 260 259.7 259.4 260.1 260.9 261.9 263 263.5 262.7 262 260.6 257.9 255 251.9 248.6 244.8 241 237.5 232.6 227.6 223.2 218.7 214.2 209.6 205.1 201 197.1 193.9 193.3 193.2 192.7 192.4 192.5 193.8
165.1 154.2 140.5 148.6 149.8 149.4 152.4 160.9 163.4 165 171.9 176.2 179.5 180.6 182.9 186.5 189.4 191.7 194.8 198.6 202.3 205.1 207.5 208.4 208.9 203.8 201.3 208.4 211.6 213.8 216 218.8 221.3 223 226.2 230.6 235.5 238.7 241.7 244.6 248.1 251.4 255.9 257.6 258 257.7 257.4 257.5 257.9 258.9 260 261.1 261 260.5 258.8 257 254.4 251.6 248.3 245 241.8 238.3 234.3 229.9 225.4 221 216.5 211.8 207.1 203.1 199.3 195.6 192.6 191.9 191.7 191.6 191.2 191.3
164.8 154.8 142.1 149.2 149.6 149.1 150.9 157.1 161.3 164.6 171 174.4 176.1 177.6 180.2 183.6 186.2 188.5 191.3 195.1 199.1 201.6 204.7 205.4 205.8 203 197.8 205.2 209 210.9 213.1 215.8 217.7 220 223.8 227.8 232.6 236.2 239.1 241.9 246.2 251.7 255.9 256.6 255.8 255.4 255.1 254.6 254.8 255.3 256.2 257.1 257.4 257.8 256.7 255.3 253.4 250.6 249 245.8 242.4 239.6 236.6 232.1 227.7 223.2 218.7 214.1 209.2 205.2 201.4 197.4 194 191.4 190.7 190.2 189.8 190.2
164.5 157.9 141.4 146.7 149 148.9 148.7 154 157.7 162.6 168 170.6 172.8 174.7 176.9 179.6 182.4 185.1 187.8 191.6 195.9 198.9 200.9 202.2 202.4 200.5 196.1 202.3 206.6 208.7 210.5 213.4 215.1 217.7 221.5 225.6 229.6 233.6 236.5 239.3 244.1 250.2 254.9 254.6 253.5 253.1 252.6 251.5 251.7 252.2 252.7 253.1 253.9 254.3 254 253.6 251.8 249.5 248.2 246.6 243.9 241.2 238.4 234.9 230.3 225.7 221.1 216.4 211.4 207 202.9 198.7 195.5 191.8 188.1 188.5 189 189
163.6 157.9 143.1 143.5 148.3 148 146.8 149.6 153.4 157 163.6 166.9 169 171.5 173.8 176.8 179.7 182.3 184.6 188.4 192.8 196.2 196.9 197.8 198.9 197.7 193.1 199.1 202.9 205.2 208.1 211 212.8 212.9 219.7 223.7 227.1 230.8 233.8 237 242.9 248.1 252.2 253.1 251.4 250.7 249.9 248.5 248.5 248.6 249.1 249.9 250.6 251 251.1 251.4 250.3 248.8 247.6 246.8 244.8 242.4 240.1 237.3 233.1 228.8 225.2 220.2 214.7 209.3 205.2 200.8 196.5 193 189.9 187 187.2 187.8
160.2 156.5 144.5 140.1 144.2 146.3 143.2 147.4 150.4 154.2 158.5 161.7 164.9 167.5 170.6 173.6 176.7 179.9 181.9 184.9 190.1 194.1 194 193.8 194.3 194.8 191.5 195.8 199.4 201.8 204.7 206.9 208.7 210.6 216.3 220.5 223.8 228 231.3 234.6 239.9 246.9 249.6 251.4 250.4 248.3 247.2 246 245.6 245.7 245.8 246.7 247.3 248.3 248.8 249.1 249.3 248.5 247.4 246.8 245.7 243.3 241.4 239.4 237 233.7 229.4 224.1 219.2 214.3 208.9 203.3 198.5 195.3 191.6 188.6 186.5 186.6
155.3 149.7 143.7 136.3 135.6 139.6 140 144.8 148.4 152.3 156.1 156.2 160.2 165 168 170.9 173.9 178.9 179.8 182.8 186.3 190.9 192.7 192.2 191.6 191.8 189.9 192.5 195.3 198.4 200.7 203 204.4 208.8 213.1 217.8 221.8 225.4 228.8 232.1 236.6 244.2 247.9 249.1 249.4 247.2 245.2 244 243.1 242.9 243 243.4 244.5 245.7 246.6 247.3 247.7 247.9 247.4 246.9 245.9 244.3 242.6 240.8 238.8 236.5 233.5 228.8 224.4 219.4 213.9 207.9 202.9 198.2 194.5 190.7 188.2 186.9
153.3 149.9 143.4 134.9 125.3 137.6 137.7 140.9 145.8 148.3 150.4 151.5 157.6 162.7 166 168.8 171.3 175.5 178.2 181.1 184.5 189.3 193.8 194.5 191.2 189.3 188.1 190.2 191 195.2 197.3 199.5 201.4 205.1 209.7 214.8 219.4 222.4 225.4 228.4 232.2 239 244 246.4 247.4 245.8 243.7 241.8 240.9 240.6 240.6 240.9 241.7 243 244.1 244.8 245.9 246.6 246.4 246.3 245.3 244.2 242.9 241.3 239.3 237.4 235.5 232.3 228.5 224.5 219.8 213.9 207 201.9 196.8 193.3 190.4 188.1
152.9 147 140.6 133.2 115.7 124.2 133.7 137.4 140.8 144.9 146.7 154.1 157.1 161.1 163.8 166.6 169.2 171.6 175.8 179.3 183 187.4 192 190.5 189.8 187.1 186.7 189 188.6 191.1 193.4 196.7 199.4 202.4 206.2 210.8 215.1 218.3 221.5 224.6 228.4 233.4 239.4 244 244.9 244.1 242.1 240.4 239 238.3 238.3 238.4 238.9 240.1 241.4 242.8 243.9 244.7 245.2 245.1 244.3 243.6 242.3 240.9 239.5 237.4 235.6 234.3 231.7 229 224.7 219.6 211.6 205.1 200 195.3 192.6 189.9
146.7 142.6 134 129.2 111.5 121 130.7 134.4 139.9 142.4 144 147.2 152.7 157.3 161.7 164.5 167.1 169.1 172.5 177 181.6 185.8 188.8 187.2 186.4 185.2 185.8 188.1 187.7 187.2 191.1 195.6 197 199.7 203 207 210.8 214.1 217.5 220.8 224.3 229.7 235.7 241 242.1 241.2 240.3 238.8 237.6 236.3 235.9 235.9 236.4 237.3 238.9 240.5 241.9 242.6 243.1 243.3 242.7 242.1 241.5 240.1 238.7 237.3 236 234.9 232.7 231.5 228 223.1 214.9 208.2 202.5 197.7 193.9 194.4
143.8 137.1 132.7 128.3 112.4 121.1 131.8 132.9 136 140.3 141.3 143 150.9 149.9 157.1 162.4 164 165.7 168.6 173.2 179.1 184.8 187.6 186 184.1 182.8 184.9 187.8 187.9 188 191.4 193.4 195.1 196.9 199.8 203.6 207.3 210.7 213.9 217.1 220.3 225.4 232.5 236.3 238.5 239.1 238.1 237 235.7 234.5 233.6 233.6 234.1 234.9 236.2 237.8 239.5 240.2 240.9 241.6 241.2 240.7 240.1 238.7 237.4 236.2 235 234 232.2 230.7 228.4 223.8 216.6 210.5 204.2 199.1 199.9 193.6
130.4 115.7 112.9 113.1 112.9 119.1 122 128.6 136 138 139.2 136.7 143.1 147.6 152.9 158.3 160.5 162.9 167.5 172.3 178.6 184.2 185.1 181.7 181.3 180.9 183.3 186.4 186.7 187 189.5 191.5 193.2 194.8 196.5 199.6 203.5 207.1 210.3 213.5 216.7 221.1 227.1 232.6 234.8 235.9 236.1 235.1 233.8 232.6 231.5 231.4 232 232.8 233.6 235 236.7 237.7 238.4 239.1 239.5 239.2 238.5 237.5 236.3 235.1 233.9 232.7 231.3 229.6 227.4 222.8 217.4 211.2 205.2 199.9 197.9 192.9
114.5 107.4 111.6 130.6 135.8 133.4 128.5 117.9 127 129.8 131.7 141 140.2 148.4 149 153.6 157.6 162.2 166.5 171.9 177.8 182.2 181.1 178.8 179.3 179.4 180.6 183 184.2 184.6 186.8 189.1 191.1 192.6 193.5 195.5 199.4 203.3 206.1 209.7 213 216.7 222.5 227.6 230.5 232.3 233.2 233.1 231.9 230.7 229.5 229.3 229.7 230.4 230.8 231.8 233.4 234.7 235.6 236.3 236.9 236.8 236.4 235.6 234.5 233.3 232.1 231.3 230.1 228.6 226.6 222 217.3 212.4 205.1 208 194.5 192.2
114.2 106.8 122.5 139.6 147.2 139.9 135.3 137.5 127.8 122.4 126.3 135 141 142.5 145.8 151.5 156.8 161.3 165.4 170.1 176.3 178.8 178.6 177.5 177.6 177.4 177.2 178.4 180.1 182 183.5 186.4 188.3 189.4 190.6 191.9 195 199.2 202.5 205.1 209.5 210.7 214.7 223.7 226.3 227.6 229.3 229.9 230.1 229.5 228.1 227.2 227.9 228.2 228 228.4 229.8 231.3 232.7 233.5 234.1 234.5 234.2 233.5 232.6 231.6 230.6 229.8 228.9 227.4 226.2 223.1 218 209.5 212.7 198.2 193.8 190.4
110.1 110.2 130.4 146.6 155.6 152.2 147.3 142.9 143.5 142.1 122 129.3 142.5 144.9 147.9 151.9 156.5 160 163.7 167.9 173.4 175.9 176.5 176.2 176 176 175.5 175.1 176.7 178.2 179.5 182.2 184.8 185 186.1 188.2 191 195 199 201.7 206 208 210.1 214.4 217.7 222.4 225.3 225.8 227.1 227.4 226 225.5 226.3 226.6 226.2 226.6 227.2 228.4 229.6 230.6 231.1 231.5 231.8 231.1 230.3 229.6 229 228.3 227.5 226.5 225.2 223.8 220.5 214.4 207.3 199.6 193.7 189.9
104.8 123 140 157.7 161.9 165.3 160.7 152.3 147.1 142.8 128.9 125.6 141.9 144.9 147.4 153.4 157.4 160.2 162.8 165.9 168.9 174.7 175.8 175.2 174.7 174 173.9 173.4 173.3 174.6 175.9 178 180.5 181.2 182.2 185 187.7 190.8 194.6 198.4 202 204.4 206.6 209.2 212.7 215.8 219.7 220.7 223.4 224.6 223.5 223.7 224.7 225 224.6 224.9 225.2 226.2 227.4 227.9 228 228.4 228.8 228.1 227.9 227.6 227.4 226.8 225.9 225 224 222.5 220.3 216.1 208.9 201.2 195.2 190.6
114.3 133.6 153.3 162.9 165.4 168.1 168.8 161.9 158.2 146.6 135.7 126.7 135.9 143.4 145.2 154.5 158.1 160.7 162.1 164.5 167.6 172.5 173.6 174.1 173.3 172.7 172.3 172 171.5 171.3 172.3 174 176.2 177.1 178.9 181.9 184.6 187.4 189.9 193.6 197.7 200.1 202.4 204.6 207.8 210.2 211.9 213.1 218.7 221.3 220.9 222 222.9 223.4 222.9 223.2 223.5 224 225.1 225.2 225.4 225.8 226.3 226 225.8 225.5 225.3 225.3 224.6 223.8 222.6 221 219.2 216 209.7 201.1 194.9 191.4
128.4 146.1 158.1 164.8 167.2 169.1 168.9 164.9 159.9 156.8 148.5 135.3 126.6 142.3 150.8 153.4 157.9 161.2 162.4 163.8 166.1 168.7 169.9 170.7 170.6 171.1 170.8 170.5 170 169.6 169.5 170.9 172.2 173.6 175.3 178.7 182.2 184.6 186.9 189.6 193 196 198.4 200.1 202.6 205 208.6 210.1 211 212.7 218.7 220.2 221.2 221.7 221.3 221.5 221.9 222.1 222.5 222.8 223.2 223.6 224.2 223.7 223.5 223.2 223.6 223.8 223.5 222.5 221.3 219.6 217.3 214.2 208.2 201.5 194.2 187
143.7 155.4 161.9 166.4 168.8 170.5 170.9 166.6 162.1 157.4 153.5 145.6 141.3 133.9 146.8 151.2 156.6 159.4 160.4 162.7 165.2 166.3 167.3 168.1 168.9 169.5 169.4 169.1 168.6 168.1 167.9 169.1 170.8 172.3 173.4 176 180 181.3 183.6 186.2 189.3 192 194.5 196.6 199.6 202.6 207.3 209.4 209.9 209.9 217 218.8 219.7 220 219.6 219.5 219.9 220.2 220.8 221.1 221.4 221.7 222.2 221.7 221.2 221.6 221.9 221.8 221.5 220.7 219.7 218.3 216.1 213 207.2 200.8 194.4 187
151.9 159 163.8 167.4 169 170.8 171.2 170.7 166.7 159.3 153.4 151.9 147 135.9 142.3 148.3 153.2 157.3 159 161.2 163.4 164.2 165.6 167.1 167.2 167.7 168 167.6 167.2 166.9 166.8 167.3 169.6 170.8 171.8 173.6 177.9 179 180.2 183.2 186 188.1 190.7 193.3 196.7 198.1 197.9 205.4 209.6 211.9 216.1 217.7 218 218.3 218.1 218 218 218.3 219 219.5 219.7 219.9 220.6 220.7 219.8 220.1 219.9 219.8 219.5 218.8 218 216.7 214.8 211.9 205.6 199.5 193.4 184.5
153.8 160 164 167.2 168.9 170.3 170.1 168.6 166 159.9 156.8 155.2 150.2 136.7 144.9 144.8 147.8 155.7 157.7 159.1 161.1 161.7 164.6 165.8 166.1 166 166.5 166.3 166 165.7 165.6 165.6 167.9 169.1 170.1 172.2 176.1 176.4 177.3 180.7 182.7 184.4 186.9 190.5 193.1 199.7 196 198.2 209.6 212.1 215.3 216.8 216.7 216.6 216.5 216.5 216.6 216.5 217.1 217.9 218.6 219.4 220 220.5 219.7 218.6 218 217.8 217.3 216.5 215.7 214 212.5 210.2 205.5 197.4 192.3 183.7
155.6 160.5 163.3 166 168.2 170.5 170.5 168.8 165.4 160.6 156.6 155.1 151.1 139 146.2 145.1 147.9 150 155.8 158 158.3 160.4 162.5 163.6 164 163.6 164.9 165 164.8 164.5 164.5 164.5 165.9 167.1 168.4 172 175.6 175.1 175.4 180.3 181.9 181 183.9 188 190.7 194.1 197.8 208.1 206.3 210.1 214.6 215.8 215.3 215.4 215.2 215.2 215.4 216.3 217.4 217.8 218.2 218.9 219.3 219.8 219.3 218.5 217.7 216.9 216 215.2 213.2 211.1 208.5 206 200.8 194.8 190.7 184.3
