app/static/ascii/ST20.asc
ncols 200
nrows 200
xllcorner 320000
yllcorner 100000
cellsize 50
[rows 70 to 104 of 200, columns 79 to 157 of 200]
125.6 121.6 119.8 117.3 114.1 110.8 115.8 116.9 112.5 107.5 104.2 101.2 99.3 97.8 96.3 93.7 92.3 91 89.7 88.1 86.5 85.2 84.6 83.1 82.3 81.7 82.2 83.7 85.5 83.2 79.7 78.7 77.7 77.9 81.6 87.2 92.9 99.7 106.4 112.6 118.9 125 131.3 138.1 144.1 150.1 157.9 169.2 179.7 186.6 193 197.4 200.3 202.3 203.8 204.5 205.7 206.5 206.7 205.7 204.4 202.4 199.9 193.8 192.5 199.5 204 207.8 211.5 214.8 218.3 221.5 224.6 227.5 231 234.6 237.7 240.5 241.7
117 119.3 117.9 115.8 114.7 113.9 110.3 109.8 109.2 106.8 104.1 101.9 99.3 97.6 95.6 93.1 92.3 91.2 89.7 88 86.4 85 83.8 82.7 81.8 81.3 81.3 81.5 83.4 81.7 79 78.1 77.6 77.2 82.7 88.6 94.8 101.4 107.5 113.8 120.1 126.1 133 139.3 145.4 152 161.5 171.4 179.2 186.9 192.1 196.1 198.9 200.6 201.7 202.2 204.3 204.7 205 203.7 202.5 200.5 198.2 191.8 187.7 196.9 202.8 206.5 210.4 214 217.5 220.6 223.8 226.7 229.8 233.2 236.9 239.8 241.8
124.1 122.7 120.4 120.5 120.5 119.6 115.2 109.7 105.8 104.9 102.3 100.8 98.3 97.3 96.6 95 92.1 89.6 89.2 87.9 86.4 84.9 83.5 82.4 81.4 80.8 80.4 80.7 81.2 80.3 78.2 77.6 77.1 76.9 82.7 88.5 95.4 100.8 107 113.6 120.6 128.1 135.2 141.1 146.9 153.7 161.3 170.2 178.8 186.2 191 194.5 197.1 198.3 197.6 201.3 203 203.1 203.4 202 200.7 198.5 194.3 185.3 185.1 195.4 202 206.1 209.7 212.9 216.3 219.6 222.5 225.5 228.3 231.6 235.8 239 241.5
126.2 124.5 124.1 125.8 126.7 125.6 121.8 115.7 110.8 106.6 105.3 104.4 103.3 101.4 99.1 96.7 94.1 91.9 89.3 86.8 86 84.7 83.5 82.2 81.1 80.2 79.6 79.5 79.8 78.5 77.6 77.1 76.9 77 75.6 88.4 94.2 100 106.7 113.9 121.4 129.7 136.6 142.2 148.1 154.5 161.2 169.5 178.2 185.1 189.3 192.9 194.4 195.4 198.2 200.5 201.9 202.2 201.7 200.4 198.6 194.8 186.2 178.6 182.8 194.7 201.3 205.3 208.6 211.7 215 217.9 220.8 223.9 226.9 230.1 234 237.3 240.2
128.4 128.4 129 131.3 133.8 135.7 131.5 125.1 119.8 114.7 113.3 111 108.2 105.1 101.6 98.3 95.2 92.5 90 87.1 85.7 84.7 83.4 82.1 80.8 79.5 78.7 78.6 78.1 77.4 77 76.7 76.4 78.8 83.5 89.1 94.3 99.7 106.5 114.1 121.6 129.7 137.3 143.6 149.1 154.4 161 170.4 178.8 183.8 187.8 190.4 191.8 194.6 198 200.2 201.4 201.4 200.2 198.3 196 188.3 177.3 174.7 182.3 194.2 201 204.4 207.4 210.5 213.5 216.2 219.1 222.2 225 227.5 230.9 235.2 238
131.6 133.6 136.5 139.5 144.6 143.3 137.8 132.3 127.8 123.1 119 115.3 111.5 107.5 102.4 98.6 95.4 92.1 89.1 86.3 84.6 83.6 82.7 81.7 80.4 79.1 78.4 78.1 77.4 76.8 76.4 76.1 75.3 79.7 84.1 88.9 93.4 98.9 105.4 112.3 119.6 128.7 137.7 144.6 149.6 154.6 161.5 171 178 182.1 185.3 187.4 191.1 194.9 198 200 200.9 200.6 199.8 198.1 193.2 180.3 171.8 173 183.1 193.7 200 203.5 206.5 209.3 212 214.5 217.4 220.1 222.9 225.4 227.8 231.2 235.8
136.7 139.7 143.2 147.9 149.9 145.7 140.7 135.3 130.5 126.5 122.5 118.5 113.9 109.2 103.6 98.8 94.7 90.5 86.8 84.2 82.9 82.7 81.6 80.7 79.7 78.8 78 77.4 76.6 76.5 75.9 75.8 75.4 80 85.1 89.2 93.3 97.8 103.4 110.1 118.1 127.6 136.9 144.8 150.2 155 162 169.7 176.6 180 182.8 187.3 192.4 196 198.3 199.8 200.5 200.3 199.5 198.2 190 175.3 168.6 172.6 182.9 193.2 199.1 202.6 205.5 208 210.2 212.7 215.1 217.7 220.4 222.8 225.1 227.3 232
142.6 147 151.2 154.3 152.1 147.3 142.4 137.3 132.5 128.5 124.4 120.4 115.6 110.3 104.6 99.8 95.2 90.6 86.7 84.2 82.7 81.9 80.8 79.7 78.8 78.1 77.3 76.9 76.8 76.1 75.4 75.5 75.3 80.6 84.9 88.9 93.2 96.5 100.8 107.3 116.5 125.7 137.5 144.9 150.7 155.9 161.9 168 173.5 177.9 183.1 188.7 193 196.1 198.4 199.6 200.1 199.8 199.3 196.7 184.5 171.1 166.2 172.1 180.2 190.4 198.3 201.6 203.8 206 208.1 210 212.2 214.6 217.1 219.6 221.6 223.8 227.8
152.4 158.3 159.2 157.9 153.8 148.4 143.7 138.8 134 129.9 125.6 121.6 116.9 111.9 106.6 101.3 95.6 91.1 87.6 84.9 83.2 81.5 80.2 78.8 77.9 77.3 76.6 76.2 76.1 76.1 75.5 75.1 73.5 80.5 84.5 88.9 93.3 97.1 102.1 106.7 113.6 122.1 131.1 143.8 148.7 155.3 161.4 167.5 172.8 177.9 184.2 189 192.8 195.8 198.1 198.9 199.3 199.2 197.9 190.6 177.2 165.1 164.3 171.3 180 189.7 197.4 200.3 202.2 203.9 205.3 207.2 209.3 211.5 213.6 215.8 218.2 220.4 223.8
165.3 167.2 164.4 160.1 155 149.5 144.5 139.9 135.4 131 126.8 122.6 118.2 113.3 108.1 103 97.8 93.5 89.7 85.8 83.6 81.3 79.5 78 76.8 76.4 75.8 75.4 75.3 75.7 74.8 74.6 75.4 81 84.7 88.9 93.8 98.9 104.2 110.4 117.2 124.1 130.4 137.6 146.3 154.7 161.2 167.5 173.3 178 184.4 188.5 192.1 195 197.1 198 198.5 197.9 193.8 181.9 168 160.4 163 170.3 181 190 196.3 198.5 200.1 201.2 202.2 203.8 205.6 207.6 209.6 211.6 214.1 216.6 219.9
174.8 171.7 167.4 162.1 156.1 150.6 145.5 140.7 136.3 131.9 127.6 123.5 119 114 108 101.5 97.8 93.6 90.4 86.8 84.2 81.8 81 80.8 79.3 78 76.4 74.5 74.3 75.4 74.5 74.2 76.9 81.6 85.4 89.7 95.6 103.3 110.9 117.5 124.3 131.4 137.1 143.1 149.8 156.7 163.1 168.7 173.6 178.8 183.6 188 191.3 193.5 195.7 197.3 197.8 197 187.2 173.5 161.5 156.3 161.1 169.2 178.8 189.6 195.1 196.5 197.1 197.7 198.4 199.6 201.1 203 204.9 207 209.4 211.9 215.3
177.6 173.4 169.1 163.8 158 151.8 146.5 141.7 137.2 132.7 128.4 124 119.3 113.3 107.4 101.5 97.3 93.9 91.3 88.7 85.7 83.9 86.4 87.4 84.9 81.8 79 75.9 73.2 73.4 73.7 73.9 77.3 82.4 88.1 92.8 98.9 107.2 115.3 122.1 128.6 134.1 139.8 144.9 151.1 157.2 163.2 168.3 173 177.7 182.1 186.6 189.8 192.3 194.6 196.3 196.8 194.7 181.7 166.8 156.6 154.4 159.6 167.2 176.5 187.2 193.2 193.8 193.8 193.9 194.6 195.5 196.8 198.4 200.2 202.2 204.5 207.1 210.3
178.8 174.6 170.2 165.4 159.9 153.5 147.8 142.7 138.1 133.6 129.2 124.7 120 115.2 110.2 105.1 101.3 98.6 96.2 93.4 90.9 89.6 90.9 90.1 87.2 83.5 79.7 76.1 73.9 73.8 73.1 74 76.3 81.2 87.4 93.9 100.9 108.2 115.5 122.6 128.6 134.3 139.9 145.1 150.7 156.4 161.9 167 170.3 176.6 181.1 185.5 188.7 191.6 193.6 195.2 195.1 190.9 176.3 162.1 153.4 152.5 157.3 166.5 177 187.3 191.1 190.5 190.2 189.7 189.8 190.8 191.9 193.6 195.1 196.8 199.4 202.6 205.9
176.6 173.8 170.2 166.4 161.5 155.3 149.3 143.8 138.9 134.5 130.5 126.3 121.7 117.4 112.4 108.7 105.6 103.1 101 98.4 96.4 94.3 93.1 90.3 87.3 83.7 80 76.6 74.2 73.2 72.7 73.3 75.3 79.4 86.1 92.1 97.8 102.9 109.8 117.4 125.5 133.9 139.3 144.2 149.7 155 160.6 165.6 170.5 175.2 180.3 184.7 188.2 191 192.8 193.4 193.1 186.6 171.1 157.9 150.3 149.4 154.1 166.3 177.9 186.4 189 187.9 186.5 185.8 185.4 185.8 186.7 188.3 190.3 192.1 195 198.1 201.6
168.9 167.7 166.2 164.8 161.7 156.6 150.7 145 139.7 135.5 131.7 127.7 123.4 119.4 115.5 112 109.7 107.8 105.8 103.5 101.4 99.1 96.9 94.6 90.9 86.2 81.5 77.6 74.1 71.8 72.6 72.9 74.8 78.9 84.4 88.5 91.5 96.6 102.7 110.9 119.7 128.4 135.4 141.5 146.6 152.6 158 163.8 170.2 175.2 180.1 184.8 188.8 191.2 191.7 191.5 191 182.2 167.3 153.6 147.5 146.8 150.8 161.9 175.4 183.7 186.3 185 183.3 181.5 180.9 181 181.4 182.6 184.4 187.1 190.6 193.8 197.2
160.4 159.3 159.5 160.3 160.7 157.4 151.8 145.9 140.8 136.1 132.3 128.6 125.1 121.6 117.2 113.3 111.9 110.9 109.5 107.9 105.9 104.1 102 99 94.7 90.3 84.7 79.6 75 72.7 70.7 72.7 74.5 78.2 81.2 83.8 87.4 92.3 98.2 104.6 113.5 120.2 125.3 130.5 137.3 146.8 155.5 164.2 170.8 176.6 181.7 186.4 189.6 191.5 191.3 190 187.4 178.3 164.5 152.2 146.8 143.9 147.4 155.5 168.9 178.3 183.1 182 179.9 177.6 176.7 176 176.2 176.5 178.5 182 186.4 189.7 193.2
151.4 150.1 150.2 149.5 158.1 158.4 152.9 147.4 142.2 137.4 133.3 129.5 126 122.1 117.4 112.6 109.5 109.6 110 107.9 106.2 105.8 103.9 101.4 98.2 93.7 88.3 81.9 76.2 72.7 72 71.6 74.1 77.7 80.5 83.6 87 91.6 96.4 101.7 107.3 113.7 120.7 129.2 139.4 149.8 159.2 166.2 173.2 179.5 184.4 188.7 191.5 193.1 193.1 190.7 187 177.3 166.9 156.8 148.9 142.8 142.8 149.2 162 172.1 178.1 178.7 176.4 173.3 171.5 171 171 170.8 173 176.8 181.2 185.8 190
146.6 142.6 138.8 144.4 155 158.2 154.1 149 143.8 138.9 134.7 130.5 126.2 121.6 116.7 112.1 106.8 105.6 106 104.6 103.9 104 102.9 100.8 98.2 95.2 90.5 83.7 76.6 72.4 71.6 71.6 73.3 77.4 81.1 85.6 90.6 94.8 97.8 101 106.3 113.4 122.2 132.3 141.7 151.6 161.5 168.8 176.4 182.5 187.2 191.6 193.9 195.4 195.3 193.9 190.9 185.5 173.5 160.7 150.7 144.4 140.1 144.1 154.5 163.5 171.7 174.9 172.9 167.8 165.3 166.4 165.3 165.3 168 172.1 176.6 181.6 187.9
143.4 138.9 131 139.6 150.6 156.2 156.1 150.9 145.7 140.4 135.8 131 126.2 120.8 115.3 110.2 105.1 100.9 99.4 98.7 98.5 99.2 99.7 98.4 95.8 93.1 89.5 83.5 76.2 72.1 71.3 71.4 72 76.8 82.3 89.2 94.9 100.5 103.5 104.8 109.5 116.7 124.3 131.9 139.9 150.3 162.9 173.6 181.2 186.4 190.7 194.2 196.4 197.3 197.5 196.5 194.3 191 181.9 166.5 154.8 146.9 141.2 136.4 145.5 154.6 161.6 170.3 166.5 159.2 160.5 162.5 160.1 160.1 163.1 167.5 173.5 180 185.9
137.1 133.6 126 136 148.8 156.5 158 153.3 147.2 141.6 136.5 131.3 126.2 121.1 115.7 110.2 104.8 100.3 95.9 93.1 92.4 92.6 93.3 93.2 91.5 88.8 85.3 81.1 75.1 71.7 70.9 70.5 71.4 75.7 82.5 90.7 97.9 102.9 107.1 110.2 113.3 118.3 125 132.2 139.9 148.5 161.8 173.9 185.3 190.1 193.5 196.8 198.8 199.4 199.6 198.8 197.1 194 188.7 173.3 159 150.1 144.7 137.1 134.3 142.6 148.9 152.9 150.9 149 150.3 154.8 154 156.4 160.1 166.7 173.7 179.9 185.8
124.9 123.7 121.4 139 149.6 155.4 157.6 154.6 149.2 143.1 137.4 132 126.6 121.7 116.9 112.1 106.7 101.9 97.2 92.7 88.5 86.7 86.5 86.5 85.3 82.7 80.1 76.8 73.1 70.5 70.6 70.2 70.6 74.3 81.2 89.6 97.7 103.2 108.3 112.7 116.4 120.9 126.1 133 139.7 147.7 157.2 170.2 184.1 192.4 196 199 200.7 201.5 201.5 200.8 198.7 196.2 190.6 175.6 162.7 153.8 148 140.9 132.5 133.3 138.4 142 141.9 142.2 146.3 151.5 156.4 158.3 161.1 167.2 174.5 180.5 185.5
120.8 126.6 134.6 142 147.2 151.6 153.6 154.8 151.1 145.4 139.4 133.5 127.9 123.1 119.3 115 110.1 105.2 99.6 95.2 89.9 85.1 82.6 81.4 80 77.7 75.5 73.3 71.3 70.1 69.9 69 71.3 74.7 81.7 89.3 96.6 102.4 107.8 113.6 118 121.9 126 132.8 139.6 147.5 156.2 167.2 181.7 193.3 197.1 199.8 201.7 202.5 202.3 201.4 200 197.1 190.4 175.1 164 156.3 150.1 143.7 133 130.1 132.4 135.9 140.4 147.9 158.9 163.4 163.2 163.8 165.5 168 175.3 180.7 185.6
129.6 135.6 138.3 140.1 143.3 147.1 149.5 151.3 150.4 146.8 141.2 135.4 129.4 124.2 120.2 116.6 112.2 107.5 102.6 96.9 91.5 86.1 82 80.3 78.1 76.4 74.9 73.1 71.7 70.6 69.5 69.6 69.8 74 80.7 88.6 95.5 101.5 107.3 113.3 119.2 121.7 122.2 130.7 139.2 147.7 156 165.5 178.5 192 196.9 199.9 201.9 202.5 202.5 201.9 199.9 197.3 187.2 173.1 163.4 155.8 148.7 142.9 132.7 128.4 131.1 138.1 146.6 160.7 168.7 169.3 169.8 169.9 171.2 173.6 177.7 182 186.4
129.5 133.8 135.3 135.7 138.7 141.8 144.1 145.8 148.5 148.1 143.4 138 132.2 126.5 122.6 118.7 114 110 104.6 97.6 91.4 86.8 85.2 85.1 82.8 79.6 75.6 73.5 71.9 70.5 69.2 69.3 68.4 73.9 80.3 87.9 94.8 100.8 106.3 112.3 117.6 119.4 123.1 130.5 138.9 147.6 155.7 164.6 176.4 190.4 195.8 199.3 201.3 202.1 202 200.9 199.4 195.9 183.1 170.5 161.3 154.7 146.8 136.7 128 127.4 133.1 141 153.4 168.3 171.9 172.5 174.3 175.1 176.4 178 180.1 184 187.2
126.1 128.5 130 130.9 133.3 135.9 137.9 139.8 145.2 147.9 145.6 140.8 135.7 129.9 125.3 122 117.2 112.1 104.4 98.4 92.7 90.8 95.4 95.4 88.3 81.4 77.1 75 72.3 70.2 68.8 69 70.6 74.8 80.5 87.5 94.2 99.7 104.9 110.1 113.5 115.6 120.7 129.8 138.9 147.5 155.3 164 174.5 188.5 194.8 198.3 200.2 201 200.9 199.4 197.6 193.8 179.8 167.4 159 152.5 145.6 135.5 125.2 127.8 134.4 142.2 158.2 169.4 172.6 174.2 176 177.6 179.4 181.1 183.6 186.2 188.8
120.3 121.7 123 124.9 126.6 127 127.6 130.2 138.2 143 144.8 143 138.2 133.2 128.1 124.1 118.8 112.9 108.2 103.5 102 101.5 102.4 98.1 90.4 84 79.8 76.1 72.1 69.5 68.7 69.1 71.7 75.6 79.8 86.2 91.7 96.4 101 105.4 108.4 112 119.9 128.9 138.9 147.3 155 162.8 172.5 186.1 193.4 196.9 198.9 199.6 199 197.6 195.6 191.1 176.8 164.5 155.8 149.6 142.2 133.9 123.8 127.2 134.4 143.3 159.9 168.9 171.4 174.3 176.2 178.3 180.5 182.8 185.2 188 190.8
112.9 114.1 116 118.3 119.7 118.1 118.7 121.9 129.4 136.4 141.5 143.9 140.2 135.8 131.3 125.9 118.6 116 114.5 113.4 112 109.1 104.6 99.6 93.8 87.4 81.4 75.8 71.5 68.9 67.8 69.4 72.3 75.5 79.3 83.6 88 92.5 97.2 101.7 105.3 110.9 119.2 128.4 139.1 147 153.5 161.1 170.9 184 192 195.6 197.3 197.9 196.8 195 193.2 187.9 173.3 161.1 152.5 145.9 137.7 131.5 123 125 132.3 144 160.2 166.9 167.8 171.1 175.2 177.9 180.2 183.3 186 188.7 191.4
108.7 107.1 109.3 113.4 114 113.1 112.8 115.6 122.3 130.1 136.8 140.6 140.6 136.9 132.4 125.5 119.8 118.5 120.3 119.3 115.2 111 106.3 101.5 96 89.3 82.9 76.6 71.1 68.4 68.7 69.1 71.5 74.9 79.1 84.3 89.5 94.6 99.9 105.2 110.3 114.7 119.5 127.8 138.3 145.7 152.1 160.6 169 182.3 190.7 194.6 195.6 195.8 194.1 192.3 188.4 181.8 169.8 157.2 149.4 142.4 134 127.1 121.4 122.8 129 142.1 156.1 162.1 164.8 167.4 172.5 175.8 179.3 182.3 185.5 188.6 191.2
107.1 105.9 107.1 111.5 110.7 108 107.9 111.9 116 121.8 128.2 133.1 134.9 131.4 127.1 122.5 119.3 121.6 123.6 121.5 116.9 112.2 107.3 102.4 97.2 90.6 83.6 76.7 70.6 68.2 68 68.7 70.2 73.7 78.6 84.9 90.2 95.4 100.6 106.1 112.4 118.2 123.6 130.4 138.8 145.5 151.6 159.7 169.1 181 190.6 193.7 194.6 192.9 191.5 187.6 179.3 170 163.4 154.8 148.5 141.9 135.7 128.8 121.9 120 126.3 136.1 150.6 159.3 163.4 165.7 169.2 172.8 176.8 180.7 184.2 187.7 190.4
105.3 104.5 106.4 111 108.1 100.2 104.2 112.2 113.1 114.1 117.8 121.3 123.5 122 118 114 117.2 122.7 125.7 122.3 117.8 112.8 107.6 102.9 98 91.4 84.2 75.9 69.6 68.1 68.3 69.2 69.5 71.8 76.9 83.3 89.3 94.6 100.1 105.4 111.8 119.2 125.7 131.7 139.7 145.9 152.1 159.6 167.2 178.7 189.4 193.8 192.3 189.4 187.3 179.1 167.3 162 158.2 153.5 147.9 141.1 135.4 129.2 122.6 117.6 123 130.8 144.3 157.4 160.1 161.8 163.1 169.4 174.1 178.4 182.4 186.6 189.6
103.7 103.4 104.5 105.7 102.4 98.8 103.3 109.5 110.3 110 110.4 111.6 111.9 111.1 108.4 110.3 117.7 124.7 125.9 122.8 118.2 113.1 108 103.2 98.3 92.6 84.8 76.3 69.7 68.1 67.8 67.9 68.4 70.3 74.8 80.6 86.9 93.2 99.1 104.8 110.8 118.1 124.9 131.2 137.9 145.6 151.8 156.9 162 170.1 181 190.4 187.2 184.4 179.7 169 160.7 157.6 154.8 150.4 146 139.9 134.2 130.6 126.4 120.9 116.3 123.1 134.1 149.6 155.9 157.5 159.7 165.2 170.3 176.4 180.9 185.5 188.5
102.4 102.2 101.7 100.5 98.1 97.6 100.8 104.6 106.2 106.5 106.7 106.9 105.5 104.7 105.4 110.1 120 127.5 126.7 122.3 117.7 112.7 108 102.9 97.7 91.7 84.4 76.7 69.9 67.4 66.1 66.8 67.6 69.2 72.9 78 84.6 91.8 98.7 103.8 109.2 115.8 122.1 128.1 134.1 141.8 148.5 151.6 155.8 161.3 170.1 178.1 180.3 178.2 172.5 161.9 157.3 154.9 152.5 149.3 145 141.6 140.3 135.2 129.9 124.1 117.8 115.1 123.3 134.9 146.6 153.3 157.7 163.3 169.5 175.4 180.1 184.3 187.2
101.3 101 99.7 98.2 96.7 95.7 97.4 98.9 100.8 103.1 104.3 102.6 98.3 101.2 102.7 109.8 120.7 127.5 125.6 120.3 114.8 109.7 104.1 99.2 93.9 88.3 81.5 75.3 69.1 67.4 67 66.1 67.1 68.4 71.1 76.5 83.1 90.8 97.1 101.3 105.9 111 117.2 123.9 128.1 135.2 142.1 146.7 151.1 156.2 161.6 168.7 174.3 172.3 166.1 159.6 156.5 154.4 152 149.3 147.5 145.4 143.1 139.9 135.9 130.7 125.4 117.5 116 126.9 140 152.7 158.2 164.3 169.8 174.7 178.7 182.6 185.7
99.6 98.8 98.2 96.9 95.5 94 93.9 94.3 95.9 99.9 102.1 99.4 97.7 98.1 99.2 105.8 114.8 121.5 121 117.1 111.6 106.6 99.5 93.9 88.7 83.4 77.6 72.2 67.6 66.4 66.4 66.5 66.4 67.5 70.5 75.9 82.9 89.2 93.8 96.8 100.9 105.6 112.6 118.5 124 129.3 135.4 141.3 147 152.5 158.1 165.3 170 167.8 162.1 157.8 155.9 154.6 152.6 150.8 149.2 146.9 143.9 140.7 137.5 133.9 127.9 118.4 116.3 130.9 146.4 154.9 159.9 165.5 170.2 174.5 178.3 181 184
99.7 97.4 96.1 94.7 94 92.5 91.6 91.9 93.5 98.1 99.7 97.6 95.7 95.2 96.2 100.8 107.5 114 115 112.7 108.4 103.6 97.6 91 85.1 78.4 73.2 69.1 66.7 65.7 65.9 66.1 65.9 67.6 70.8 75.5 80.8 86.4 89.7 92.2 95.7 101.6 107.9 113.7 119.7 125.2 130.4 136.8 143 148.6 154.7 162.2 166.2 163.8 159.8 156.5 155.2 154 152.5 150.3 148 146.1 143.7 140.6 137.5 134.3 126.8 117.2 116.4 136.7 152 156.4 161.5 166.7 170.7 174.4 177.4 179.7 182.2
