app/static/ascii/ST21.asc
ncols 200
nrows 200
xllcorner 320000
yllcorner 110000
cellsize 50
[rows 35 to 69 of 200, columns 78 to 155 of 200]
141 146.3 150.9 154.8 160.7 164 166.3 166.3 167.1 169.7 169.6 166.6 163.1 159.3 155 150.1 146.5 144.9 142.6 140.5 139.4 138.7 139.2 137.2 135.3 133.4 131.9 130.6 129.9 128.1 125.4 121.5 119.8 118.9 118.9 118.3 117.3 116.4 114.3 112.5 112.5 114.3 115.9 115.2 113.1 111.8 111.5 110.4 111 110.1 108.3 104.7 101.3 99.6 98.2 96.8 95.5 95 94.1 91.9 93.4 94.9 96.4 96.3 95.6 94.2 92.2 88.7 85.7 84.7 83.8 82.9 82 81 80.1 79 77.8 76.8
136.9 142.7 147.1 151.6 155.9 160 162.5 163.9 165.4 170.3 171 168.4 164.9 160.7 155.8 151.1 148.1 145.9 144.4 141.9 140.5 140 140.5 139.7 137.6 135.6 134.2 133.6 132.8 130.6 127.6 124.8 121.9 120.5 118.7 118.1 116.6 115.1 113.6 113 115.4 117.8 118.5 117.6 116.3 114.5 112.8 111.4 111.3 110.5 108 104.8 101.2 99 97.6 96.3 95 93.9 93.2 93.3 94.8 96.3 97.8 98.3 98.1 96.5 93.6 90.1 85.8 88 86.8 84.6 82.9 82 81 79.9 78.8 77.6
140.5 138.4 142.3 146.7 150.6 155.6 158.4 160.2 163 168.8 171 171.1 166.8 162.4 157.7 152.4 150.2 147.7 145.5 143.6 143 142.7 142.1 142.2 140.1 137.6 137 136.4 134.7 131.4 128.6 126.5 125 123.8 122.1 119.8 117.9 116.4 114.8 114.9 117.8 119.4 120 118.4 117.4 115.7 113.6 111.2 109.4 107.7 105 101.9 100 98.9 97.6 96.3 95.2 94.5 93.6 94.5 96 97.5 98.6 99.3 99 97.5 94 88.4 90 91.4 89.6 87.4 85.3 83.2 82 81 80 79
146.1 144.3 145.2 144.1 145.2 151.8 157.4 160.4 164.3 170.6 171.7 172.8 168.8 164.3 159 153.9 151 149.8 147.3 145.8 145.8 145.6 145 144 141.7 139.1 139.3 138.4 136.1 132.9 130.5 129.6 127.9 126.1 124.1 121.8 119.5 117.7 116.7 117.2 118.8 120.6 119.9 118.5 117 114.5 112.1 109.2 107 104.9 102.9 101.1 99.4 98.3 97.6 96.6 95.9 95.2 94.8 95.5 96.7 97.8 98.9 99.4 98.7 97.1 92.1 87.1 94.9 96 93.6 91.7 89.7 87.4 84.3 82.6 81.6 80.6
149.7 151.9 149.2 151 149.5 150.5 157.2 161.9 167.6 173.7 175.8 174.8 171 165.7 160.2 155.5 152.7 151.8 149.4 149.9 149.6 147.9 146.2 145.1 142.9 142 141.6 139.7 137.2 134.7 131.8 131.5 130.3 128.3 125.6 123.2 121.1 119.7 119.7 119.3 120 119.4 118.8 117.5 116.1 113.2 110.6 107.2 105 103.1 101.9 100.7 100 98.9 98.2 97.6 97 97.1 97.4 97.4 97.5 98.1 99.3 99.2 99 95.4 90.8 93.6 98.2 98.7 98.5 96.6 93.9 89.6 86.2 84.7 83.1 81.3
155.6 155.1 155.2 154.7 154.7 153.4 158.3 165.7 171.5 177.6 180.3 178.6 174.1 168.2 161.6 157.2 154.4 152.1 154.5 153.9 152.4 150.3 147.6 146.3 145.4 145.7 144.8 140.7 138.2 135.7 133 132 131 129.8 126.5 124.4 122.2 121.4 121.4 120.4 118.9 118.1 117.5 116.4 114.7 112.1 108.7 106 105.1 104.3 103.9 103.5 103 101.7 100.3 99.1 98.9 99.9 100.7 100.7 100.8 101 100.9 99.9 99.3 95.1 90.7 94.4 100.2 100.8 100.8 99 96.6 91.2 87.8 86.3 84.4 82
160.9 160.1 159.4 158.6 158.5 157.3 159.1 168.1 175.5 181.9 184.5 181.9 176.8 170.7 163.9 157.9 156.3 158.3 160 159 156.2 152.6 150 148.7 149.9 149 147 142.8 139.1 136.7 134.2 132.6 131.6 130.6 127.2 125.5 124.1 123.2 121.9 120.5 119 117.3 116.3 115.3 113.1 110.1 108.8 107.6 107.6 107.9 107.3 106.5 105.8 104.5 103.1 101.5 101.3 102.7 103.7 104 104 103.9 103.3 102.2 99.8 95.8 91.2 96 101 101.9 102.9 100.5 97.3 92.8 89.4 87.4 84.8 84.5
165.5 165.3 163.9 162.5 162.7 164.2 162.3 168.4 177.3 183.6 185.7 185.1 179.4 170.1 162.7 160.2 163.5 165.6 163.8 161.9 158.1 153.6 153.4 154.1 153.4 151.9 149.1 145 140.8 137.6 135.4 133.9 132.4 131.3 129.2 127.6 125.7 124.2 122 120.6 119.2 117.4 115.7 114.4 112.3 109.9 110.3 110.8 110.8 111.4 112.1 110 108.6 107.3 105.9 104.4 102.8 103.9 105.3 106.7 106.9 106.5 105.3 102.8 98.3 93.2 95.3 100 103 104.2 103 101.5 97.6 93.7 90.5 87.9 85.2 86.9
170.5 171.2 171.2 170.1 170.1 171.5 170.6 169 176.8 183 185.9 185.2 179.6 171.1 161.9 167 167.9 168.4 165.9 163.8 160.5 157.8 159.3 159.6 158 155.2 150.8 146.2 142.3 139.3 137.3 136 134.7 132.9 130.4 128.4 126.8 125.8 123.4 121 119.3 117.8 115.8 113.9 112.7 112.3 113.3 114 114.3 115 115.8 114.8 113.1 111.1 108.4 106.9 105.4 104.4 105.5 106.7 106.6 104.5 101.1 98.5 95.3 96.6 100.4 103.9 105.4 104.8 104 102.7 98.1 93.9 91.9 88.9 86.5 88.5
176.2 177.8 178.8 178.6 176.6 177.8 177 176 178.3 183 186.1 185.3 178.2 170.2 166.1 170.9 172.7 172.7 170.5 167.2 162 162.8 163.9 164.8 161 157.1 152.8 148.6 144.9 141.7 140.6 139.4 137.1 134.4 130.7 129.3 128.2 127.4 125.1 122.7 120.3 118 116.2 114.8 114 114.8 116 117 118.1 118.9 119.7 119.7 117.6 114.5 111.2 108.9 107.2 104.1 104.2 104 104.1 100.1 97.1 97.2 98.5 100.2 103.6 106 106.8 106.5 105.7 104.9 100.2 95 92.5 90.1 88.1 89.9
181.5 183.4 184.9 184.4 184.5 183.1 181.6 180.6 182.1 183.6 186 184.2 177.1 171 169.7 173.7 176.8 176.3 174.3 170.6 168.5 170.2 171 170.3 164.2 159.4 155.6 152.3 148.7 145.1 144.2 142.3 139.5 135.7 131.9 131.5 130.4 129.9 127.5 124.6 122.2 119.7 117.7 116.8 116.5 117.9 119.6 122.7 123.8 124.2 124.4 123.2 120.5 117.3 114.4 111.3 108.4 105.2 102.4 99.7 101.4 99.4 99 102.2 103 102.9 104.5 107.5 108.1 107.9 107.3 105.8 102.4 96.7 93.8 92.1 90.2 90.5
187.7 191.3 191.6 191.8 190.4 188.7 186.9 185.1 186.1 187.1 186.1 183.7 176.5 172.9 173.3 178 180.9 181.7 179 176.3 175.8 178 176 173.7 167.2 163.9 160.7 156.1 152.5 150.3 148.8 145.6 142.1 136.9 133.9 134.4 133.8 132.6 130.4 127.5 124.2 121.7 119.3 118.9 119.7 122.5 125.3 128.1 128.1 128.3 127.8 126 122.6 118.8 115.7 112.8 109.3 105 101.4 101.6 102.6 104.2 104.4 106.5 107.4 107.2 105.6 108.2 109.9 110 108.8 106.5 102.6 98 95.7 94 92.2 92.5
194 197.9 199.2 197.8 196 194.2 192.4 190.6 190.3 190.9 190.9 188.3 185.5 177.2 177.5 184.2 184.8 185.4 185 184.1 183.2 184.3 180.4 175.4 171.5 168.1 164.6 160.6 156.8 155.2 152.3 148.8 143.8 138.5 136.5 137.3 137.1 135.8 132.7 129 125.6 122.3 121 120.5 122.2 125.2 128.2 130.6 131.8 131.5 130.2 127.8 124.3 120.6 117.2 113.2 108.6 104.4 102.7 104.4 106.3 108.1 109.4 110.3 110.9 110.1 107.8 109.1 111.7 111.8 109.8 106.6 102.2 98.9 97.7 96.1 94.2 93.2
199.2 203.8 206.3 205.7 203.2 200.8 198.3 196 195.3 195 195.1 192.8 190.5 182.3 181 188.4 189 190.9 191.5 190.9 190.2 188.6 183.9 179.2 175.2 171.7 168 164.2 160.8 158.7 155.6 151 143.4 138 138.6 140.1 139.9 137.2 133.6 130.1 127 124 122.9 122.7 124.2 127.1 129.6 132 133.3 134.5 132.5 128.5 124.4 120.5 116.6 112.2 107.8 104.2 106.2 107.4 109.2 110.7 112.3 112.9 113.5 112.3 109.6 110.7 112.5 112.8 110.8 106.8 104.9 103.1 100 98.2 96.1 94.8
206.9 211.2 213.6 213.6 211.3 208.8 205.9 202.6 200.5 199.9 199.1 196.5 193 184.7 183.3 190.7 195.9 198.1 198.2 197 195 191.6 187.3 182.9 178.2 173.1 169.8 166.8 163.8 160.6 155.7 151.2 144.4 142 143 142.7 141.8 138.3 134.8 131.9 129 126 125 125.5 126.6 128.6 130.9 133.4 134.1 134.4 131.9 127.5 123.2 119 114.8 110.8 106.8 108.3 110.5 110.6 111.7 112.8 114.1 115.6 116.1 114.1 112.3 113.4 113.8 113.4 111 105.8 107.3 107.4 104.3 101.2 98.5 97
213.3 217.6 220.8 221.2 219.1 215.8 212.5 209.2 205.9 204.9 203 200.2 195.6 188.2 184.7 191.6 199.3 205.2 205.1 201.7 197.8 193.5 188.7 183.7 178.1 174.1 170.1 167.1 164.2 159.3 154.7 150.3 144.1 146.7 146.9 146.8 143.9 140.2 137.4 134.3 131.1 128.2 127.1 128 129.8 132.2 134.2 135 134 133.1 129.5 125.2 121.1 117.5 113.4 108.9 108.9 111.1 112.8 114 115 116.1 117.1 118.1 118.4 115.6 115.1 116.1 115.6 114.2 110.3 109.7 111.4 109.8 107.2 104.6 101.7 97.6
219.3 223.7 228.5 229.3 226.6 223 219.1 214.8 210.9 209.5 207.1 203.7 199.4 192.1 186.3 193.3 202.1 206 206.6 203.7 199 192.9 187.8 182.6 176.2 175.1 171.6 167.5 162.8 157.4 153.8 148.4 150.2 151 151.3 149.3 146.1 142.4 140 137.2 134.3 130.6 129.3 130.8 133 135.7 137 136.5 134.6 131.2 127.6 123.8 120.2 116.5 112.1 108.8 110.9 114.2 115.1 116.3 117.7 118.7 119.7 120.5 119.6 117.7 118.4 119 117.9 114.9 112.2 112.1 114.4 112.8 110.2 107.3 104.1 100.4
221.7 227.2 236.3 236.9 233.8 229.1 224.2 219.7 215.2 212.3 207.9 203.9 200.9 196.9 196.6 197.4 202.8 205.5 208.3 202.9 196.9 190.5 185.8 180.5 174.7 172.9 170.9 166.9 161.6 156.1 151.4 152.4 154.2 155.9 155.4 151.5 148.2 144.9 142.5 140.1 136.8 132.2 131.7 134.6 136.3 138.1 139.8 137.9 135.8 131.1 127.3 123.4 119.2 115.5 111.4 111.6 114.7 116.6 117.4 118.2 119.9 121.4 122.4 122.6 121 120.7 122.1 122.1 120.2 116.8 115.1 115 116.7 115.8 112.7 109.7 106.5 103.2
223.7 231.3 240.1 241.1 239.1 234.1 229.1 224.1 219.1 215.5 209 206.8 203.1 202.6 201 200 204.8 204 204.3 199.4 193.8 187.8 183 177.8 174.9 170.6 168.8 165.5 160.9 154.6 155.1 155.8 156.4 158.2 157.8 155.1 151 147.4 145 142.5 138.6 134.4 136.6 139.1 140.8 142.5 143.6 141.1 137.7 132.4 127.9 123.7 119.2 114.7 113.2 115.1 118.1 119 119.7 120.5 121.7 123.4 124.7 124.6 123.8 124 125.9 125.1 122.6 119.6 119 119 118.6 118.7 115.3 112 108.8 105.1
230.1 234.9 238.9 242.7 242.5 239.1 233.9 228.5 223.2 220.2 217.7 213.7 211.4 208.8 204.1 204 205.8 203.9 199.8 196 190.4 184.9 181.1 175.7 171.6 168.5 165.3 163 157.2 156.9 159.8 160.3 160.3 159.7 159.1 156.5 153.6 149.8 147 142.1 137.1 138.3 141.6 143.6 145.2 146.8 147.4 145 140.6 135.2 129.3 124.2 119.2 115.9 116.5 118.4 119.9 121.5 122.3 123 123.9 125.6 127.1 126.8 126.7 128 129.4 128 127 124.6 122.5 122.6 120.3 120.1 117.4 113.2 108.8 106
236.5 240.1 242.2 246.8 244.9 241.7 237 232.7 228.5 226.2 224 221.2 218.3 211.6 208.5 209.9 208.2 205.7 201 195.6 189.6 186.1 183.2 180.1 175.8 170.6 166.2 161.4 161.9 162.6 164.7 164.2 163.6 162.4 160.3 157.8 155.3 151.5 146.2 141.3 143 144.2 146.8 148 149.5 150.6 151.2 147.8 142.4 136.8 130.3 124.6 117.8 115.2 117.7 119.9 121.5 123.2 124.8 125.9 127.5 129.2 130.8 131.1 130.7 131.9 131.7 131 130.2 129.4 127.3 125.8 121.9 120 116.5 112.2 108.8 106.7
243.6 247.7 248 247.9 247.6 244.5 242 239 235.6 233 230.9 227.1 222.1 216.2 216.1 215 211.8 207.5 202.3 197 193.3 190.7 187.8 184.3 180.2 174.7 166.7 165 167.4 169 169.2 168.3 166.4 164.8 161.8 159.1 155.1 149.9 146.6 147.8 149.2 150 151.7 152.9 153.4 153.5 152.7 149.2 142.9 136.8 130.9 124.7 118.2 118.5 120.9 122.9 124.5 125.8 127 129.4 131.1 132.8 134.4 135.7 136 135.6 134.9 134.1 133.3 132.5 131.2 127.3 122.1 118 114.6 111.7 110.9 108.3
252.6 254.4 254.2 254.3 251.7 248.7 246.2 244.5 242.8 239.2 234.8 230.3 226.4 223.6 222.9 220.1 214.1 208.5 206.3 203.3 199.3 195.5 192.4 188.1 182.4 172.4 169.4 172.9 174.1 174.3 173.2 171.7 169.4 166.3 163.2 158.4 153.3 152.3 153.4 155 154.8 155.4 155.4 155.8 155.4 155.4 152.4 148.7 142.6 136.5 129.9 123.4 118.9 121.3 123.9 126.1 126.7 127.9 129.6 132.3 134.5 136.2 137.9 139.6 139.3 138.7 138.2 137.5 136.6 135.7 133.8 128.8 123 117.4 114.6 113.9 113.3 111
258.3 260.1 261.9 261.2 256.9 253.7 252.3 251.1 249.6 242.7 238.1 236 234.7 232.2 229.7 224.8 217.6 213.2 213 209.4 204.8 199.7 194.7 189.7 176.5 173.2 177.6 178.1 179.3 178.7 177.5 174.9 172.1 168.2 163.4 158.2 158.2 159 160.7 161.1 160.9 160.2 160 159.6 157.7 155.2 151.9 147.9 142.2 135.8 128.9 121.9 122.2 125 127.7 129.6 129.1 130.1 132.4 135.1 137.9 139.6 141.4 142.8 142.6 141.6 141.3 140.8 140 138.2 135.8 130.2 123.8 119 117.1 117.3 116 113.5
264.6 266.6 268.2 269.2 263 259.4 258.4 256.2 251.6 244.6 245.6 241.8 241.6 238.4 234.4 228.3 221 219.4 219.7 214.6 208.4 202.3 195.4 184.3 176.8 183.2 185.4 185.2 184.1 183.1 181.2 178.6 174.2 168.5 164.1 160.6 164.5 166.4 167.1 167.2 167.3 165.5 163.5 161.3 158.3 154.9 151 146.2 141.7 135 128.3 123 127 130.3 132 133.2 132.8 132.7 135.1 137.8 140.9 143.1 144.6 146 146.6 145.1 143.9 143.7 142.3 140.2 135.5 129 123.1 120.4 122.1 123.1 120.1 116.4
269.6 272.4 275.3 274.6 269.8 265.1 262.2 259.2 254.3 252.2 252.8 251.3 246.9 241.9 237.9 231.3 225.6 223 221.5 216.3 210.3 202.8 189.5 181.2 186.7 190.6 191.5 190.5 189.5 188.3 185.5 181 176.5 170.8 165 167 170.9 172.2 173 173.2 172 168.7 166.4 161.8 157.9 153.3 148.7 143.3 139 133 126.5 126.5 132 135.5 136.7 136.6 136.5 136.4 137.8 140.5 143.6 146.4 147.8 149.2 150.6 149 147.6 146 145.2 140.6 133.3 126.2 126.5 126.6 127.8 127.1 121.8 117.8
275.6 278 278.7 277.2 274.5 271.1 267.2 262.2 258.5 258.6 257.7 255.2 250.3 244.4 239.9 234.5 229.1 226.5 222.4 216.8 210 200.7 187.6 189.5 196.4 196.5 197.1 196.2 194.9 193.3 189 182.8 178.5 172.7 168.9 172.6 177.4 177.8 178.9 177.4 174.6 171.7 167.4 162.8 158.8 154.1 149.3 144.6 139.9 134.4 128.1 133 138.4 140.1 140.8 140 139.7 140 140.3 143.8 147.1 150.2 153.1 153.6 154.1 152.8 151 148.9 144.4 136.8 129.6 132.8 131.7 132 130.9 130.1 123.8 120.2
283.1 284.5 285.8 284.2 282.1 277.6 273.2 269.2 264.9 264.9 262 257.4 252.6 247.1 240.6 237 232.4 227.2 221.4 215.4 208.8 194.6 189.6 199 202.2 202.6 202.8 202.3 200.4 197.3 191.4 184.1 178.8 174.1 174.8 177.6 182.4 185.6 184.2 181 177.4 173.3 169 165.2 161.3 156.8 152 146.8 140.8 134.6 129.2 137.2 143.2 145.3 145.5 144.6 143.9 144.3 144.8 147.1 150.5 153.6 155.9 158.2 157.3 155.1 152.2 146.1 139.3 133.5 136.7 138.8 137.5 136.3 134.8 131.3 125.1 124.3
296.1 298.2 298.3 295 290 287.4 282.2 278.6 274.5 271.1 265.4 259.6 253.8 246.8 239.3 233.8 230.1 225.4 220.2 214.7 208.5 193.8 197.9 205.7 208 208.7 208.9 208.4 205.4 200.1 192.7 185.3 183.7 180.6 178.4 182.3 185.7 188.5 187.7 184.3 180.3 176.2 171.9 167.7 163.8 159.2 154 148.3 142.7 136 131.2 141.9 147.7 150.3 150.4 149.7 148.7 149.2 149.9 151.3 153.6 154.3 157 157.8 156.7 152.9 147 139.6 139.6 142.7 145 144.4 143.2 141.7 137.7 130.9 126.9 128.9
306.6 308.4 307.9 307.4 302.9 299.4 295.1 290.4 283.4 275 267.8 261 253 245.6 240.5 235 228.1 222.7 217.5 212.8 205.7 198 203.5 208.1 211.7 215.8 215.8 213.3 208 202.8 195.1 192.3 190.1 187.5 184.2 186.3 188.3 189.6 190.3 186.7 181.8 177.6 173.4 169.5 165.6 161.5 156.4 151 145.5 136.6 132.5 141.7 152.2 154.7 155.4 154.5 153.8 154.7 155.1 156 154.7 154 153.8 154 151 147.4 144.4 145.8 148.1 150.1 150.5 150.4 148.3 144.5 140 131 132.6 133.9
311.7 312.9 313 313.1 310.1 306.5 303 300.8 293.7 276.1 264.5 256.1 251.9 246.6 241.4 235.3 231.3 225.2 217.3 211.6 210.4 208.1 209.3 211.3 216.3 221.7 222 218.2 212.6 207.8 201.8 199.4 197.2 192.8 189.4 190 190.1 190.3 188.9 184.3 178.8 174.3 170.4 167.3 162.1 161 156.6 151 144.2 135.4 133.4 145.2 154.6 157.9 159.3 159.2 159.1 160.3 160 159.6 157.5 155.2 154.5 153.7 154.3 154 152.1 151.5 155.2 155.9 156.5 154.8 152.1 146.9 139.8 135 137.4 139.1
313.6 314.6 314.6 314.5 312.5 309.9 307.1 300.7 283.4 271.3 264 256.6 252.9 248.4 242.8 237.2 233.2 228.5 223.3 219 216.3 212.3 214.2 216.5 220.8 227.7 229.1 223.1 217.3 212.8 208.9 206.3 202.2 197.5 194.8 193.7 191.2 188.9 185.9 181.3 176 171.3 166.2 161.4 158 154.1 151.2 145.1 139.9 137.2 136.1 145 155.8 160.8 163.1 163.3 164.6 165 164.5 161.3 158.1 158.7 159.9 160.6 162.7 163.4 159.9 156.6 161.1 162.1 160.9 158.8 154 146.6 143.5 138.8 142.6 144.3
313.3 314.6 314.7 314.5 313.5 311.6 309.2 298.5 279.4 269.7 266.3 258.8 254.5 251.3 245.7 240.2 236 231.3 226.2 222.7 220.5 219.5 219.8 221.6 225 232.9 233 226.8 221.1 217.8 215.5 211.8 206.7 202.4 199.2 195.7 191.7 187 182 178.9 178.3 174.1 168.4 159.2 155.5 149.2 146.5 145.1 145.2 145.1 140.7 143.4 152.6 160 165 166.4 167.8 168.5 167.2 162.8 159.2 161.7 164.7 167.3 169.9 168.5 165.6 163.7 166.8 167.6 164.8 162.2 154.5 149.6 144.6 142.9 147.9 150.1
312 313.3 312.7 312.5 312.5 312.5 310.8 300.9 284.6 271.9 265.1 260.9 257.6 254.2 250.4 243.1 238.7 234.1 230.2 226.9 225.6 224.4 224.2 225.7 228.3 233.9 234.7 232.4 227.8 224.5 222.1 216.6 209.4 204.2 199.7 196 191.2 187.7 185.2 182.6 178.8 175.1 168 158.5 154.4 157.8 155.6 154.1 152.7 150 146.4 143.6 149.4 158.4 163 167.3 169.1 170 167.5 163.7 162 165.8 168.5 174 176.8 174.4 171.6 171.1 172.6 172.9 168.9 163.1 157.1 151.2 147.1 151 156.3 157.3
309.5 310.9 310.3 310.9 311.5 311.6 311.1 305.5 282.4 272.9 269.3 263.9 259.7 256.6 251.8 245.3 241.3 237.7 233.3 232.3 231 229.8 228.5 229.6 232.6 236.8 236.9 235.6 232.4 230.6 225.6 216.7 209.6 204.1 199.6 195.8 191.5 189.8 187.4 180.4 173.4 166.8 166.2 166.4 166.4 165.8 165.4 163.4 159.9 154.9 149.4 143.9 146.4 156.1 162.7 167.1 170.1 169.8 167.2 164.8 167.4 170.1 172.7 178.2 180.9 180.5 177.8 177.8 178.7 176.4 169.8 163.1 160.3 152.3 152.8 158.1 162.9 164.9
