app/static/ascii/ST23.asc
ncols 200
nrows 200
xllcorner 320000
yllcorner 130000
cellsize 50
[rows 114 to 151 of 200, columns 84 to 167 of 200]
65.2 66.1 67.2 69.4 70.2 70.5 70.1 68.5 67.2 65.9 64.4 62 59.6 58.9 57.6 56.2 55 53.9 53.2 52.7 49.8 48 48.4 49 48.5 47.4 46 45.1 45.7 45.6 46.3 45.1 44.4 44 43.6 42.2 40.7 39.4 38 40.2 42.6 44.9 46.4 47.3 46.7 43.7 41.4 39.4 35.8 35.3 34.8 33.9 33.8 35.6 36.7 37.6 38.3 38.8 38.3 37.7 35 32.4 29.6 26.2 23.6 23.2 22.3 21.8 21.6 21.3 20.7 19.7 19.2 18.8 18.5 18 18.5 19.3 18.7 16.9 15.3 14 12.8 11.5
67.2 70.6 72.5 73.1 72.2 72 71.8 70.2 68.6 66.5 64.7 62 59.7 60.1 61.1 59.7 58.5 57.2 55.6 54.3 51.7 51.4 51.8 53.5 54.2 52.6 51.1 49.4 48.5 50.8 49.9 48.1 46.6 46.2 45 43.4 41.8 40.4 41.2 43.6 46.8 50.8 52.3 53 53.9 50.9 45.3 41.2 37.8 36.6 35.7 34.8 34.7 36.5 38.3 40 41 41.4 40.7 38.4 35.8 33.1 30.2 26.6 23.8 23.6 23.4 23.2 23 22.7 22.4 21.5 20.6 19.7 19.5 19.3 19.4 18.8 18 16.8 15.5 14.2 12.9 11.7
71.3 75.8 79.4 77.5 75.5 74.4 73.5 71.4 68.4 66.1 64.3 64.3 64.5 65 64.5 63.3 62 60.7 57.3 54.1 53.4 55 56.3 57.6 57.1 55.1 53.6 49.5 51.8 55.7 53.3 51.2 48.8 47.7 46.2 45.1 43.7 43.2 45.6 48.4 52.9 56.2 56.6 56.7 55.1 51.1 45.7 42.3 40.2 39.1 37.7 36.3 35.7 37.6 39.3 41.1 42.8 42.9 40.4 38 35 31.9 29.1 26.2 25.4 25 24.8 24.6 24.4 24.1 23.8 23.3 21.9 20.2 19.8 19.3 19.1 18 17.2 16.2 15.2 13.8 12.5 12.5
75.4 82.7 84.6 81.9 79.3 77.5 74.2 71.2 68 65.8 65.3 65.4 65.8 66.4 67.4 66.1 64.9 63.6 55.4 55.8 59.5 58.5 58.7 59.7 59.3 57.4 53.4 54.3 57.6 58.7 56.7 54.3 52 51.1 49.8 47.9 46 46.3 49.4 53.8 58.1 59 58.7 57.7 55.2 49.7 47 46.3 44.2 40.6 39 37.1 37.2 38.9 40.7 42.6 43.4 40.4 37 34.1 32.2 29.8 28.7 27.8 26.8 26.1 26.1 26 25.8 25.5 25.2 24.9 23.1 21.1 20.1 19.4 18.7 17.4 16.2 15.1 14.2 13.3 13.4 14.5
78.8 84.8 87.1 86.4 83.9 78.6 74.1 70.5 68.7 67.8 66.3 66.5 68.9 70.6 70 70.1 67.3 63.1 55.9 64.9 65.1 63.4 62.2 61.8 60.3 56.9 55.9 59.3 62 61.7 59.7 57.3 54.8 55 53.6 51.7 49.9 49.6 53.4 57.8 60.5 60.6 60 57.7 55.2 51.6 50.9 49 45.5 41 39.1 37.7 38.5 40.3 42 42 40.3 37.6 34.7 33 31.7 31.9 31.6 30.6 28 26.8 26.9 26.9 26.9 26.9 26.7 24.7 23.4 22.1 20.4 19.6 18.7 17.7 16.6 15.5 15.2 15.8 17.1 17.2
85.4 88.5 91.6 90.1 86.3 79.4 73.8 70.2 71.7 72 71.7 71 73.1 73.3 72.7 71.9 68.7 58.9 66.9 71.6 70.8 68.5 67 64.1 61.1 59.9 63 65 65.7 64.1 62.9 60.9 59.1 59 58.1 56.2 55 54.3 55.4 60.2 62.1 61.9 60.4 57.5 55.3 52.7 50.3 47.3 44.1 41.1 40 39.8 40.7 41.6 43 42.1 39.9 39.1 38.8 37 35.9 35.4 35.5 32.9 29.1 27.7 27.2 27 26.8 26.6 26.3 24.5 23.2 21.9 21.3 20.6 19.4 18.4 17 16.4 16.7 17.7 17.8 16.4
93 93.6 95.9 93 87.2 80.4 73.8 78.5 80.4 78.4 78 76.5 75.5 75.8 75.4 72.9 67.4 61.5 72.6 75.8 76.1 73.1 69.6 65.9 63.1 66.5 69.1 70 69.4 67.5 65.9 64.2 63.2 63 62.7 60.9 60.2 59.5 58.6 61.1 63.3 63.2 60 55.9 52.4 49.2 47.6 45.3 43.3 42.6 41.5 42.2 43.3 44 44.5 45 43.2 42.7 42.7 41.5 40.1 39 35.9 32.4 29.7 29.4 28.6 27.9 27.2 26.5 25.6 24.3 23.5 23.1 22.7 22 21.1 20.1 18.8 18 17.5 17.4 17.2 15.3
98.4 97.4 96.5 94.9 87.4 76.7 85.5 89.6 88.4 84.2 83.2 81.4 79.7 78.1 76.6 73.4 65.9 70.8 75.5 78.9 79.1 75.8 72.6 69.3 67.1 69.7 72.8 73.8 73.2 71.3 69.3 67.7 68.2 67.6 66.7 65.9 64.8 63.8 63.5 62.4 64.6 63.2 58.2 53.7 50.4 50.4 50.6 49.1 46.9 46.1 44.4 44.9 45.8 46.5 47 46.4 45.8 45.2 43.5 41.6 39.6 37 34.6 32.1 31.4 31.1 30.1 29.4 28.7 28 25.9 25.3 25 24.6 24.1 23.3 22.5 21.6 20.6 18.5 17.2 16.6 15.7 14.2
102.1 98.8 97 91.9 82.4 85.2 95.8 97.8 94.3 89.9 88.4 86 81.8 80.4 77.7 73.2 68.1 75 79.7 82.5 80.9 78 74.8 71.6 71.1 72.6 75.8 77.1 76.9 75 73.1 71.4 72.5 72.9 71.5 70.1 69 68.4 67.1 65.9 65.9 64.1 59.5 52.8 59.1 59.5 57.2 54.4 51.2 48.8 47.4 47.7 48.2 48.6 47 45 44.3 43.1 41.6 39.8 37.4 36 35.5 34.4 33.6 32.8 31.8 31 30.3 28.5 27.5 26.9 26.4 26 25.6 24.7 23.9 22.9 21.4 19.7 17.6 15.8 15.1 14.7
106.2 101.8 95.3 87.3 81.4 93.8 102.4 101.6 99 95.4 92 87.8 83.4 81.4 76.4 71.1 72.3 79.1 84 85.5 82.3 79.3 76.6 74.1 72.4 73.1 78.4 80.2 80.4 77.9 75.7 74.9 76.1 76.5 75.4 74.3 73.1 71.8 70.6 69.3 66.8 62.9 58.8 62.6 64.6 63.8 61.2 57.6 54.6 52.4 50.8 50.7 51.2 49 46.4 44.9 44.1 42.4 40.9 40 39.3 38.9 38 36.6 35.9 34.9 33.6 32.5 31.3 30.1 29.4 28.8 28.1 27.5 27 26 24.9 23.9 22 20.4 18.8 17.4 18 16.2
107.4 100.8 91.9 84 89.2 96.2 103.5 105.3 101.8 98 93.9 89.4 85.1 80 73.8 74.1 80.4 86.5 89.5 89.1 85.9 82.5 79.4 76.4 73.6 74.4 78.9 82.1 83.6 81.3 78.4 78.4 79.8 80.1 79 78.3 76.9 75.2 73.9 71.6 68 60.7 64.7 66.8 68 67.6 64.1 60.8 58.9 57.2 55.7 54.2 52 49.7 49.1 47.6 46.9 45.4 43.7 42.6 42.3 41.9 40.4 39 38.1 37 35.6 35 32.8 31.9 31.3 31.2 31.1 31 29.4 27.3 26 24.9 22.6 21.4 20.2 19.1 18.7 18.3
105.6 95.3 91.7 91 94.8 102.7 106.7 106 103.1 99.2 92.7 88.2 83.2 79.2 79.3 84 89.7 92.6 94.7 92.7 89.6 86.3 82.4 77.8 74.7 79 83.8 85.9 86.4 84.4 81.8 83 83.5 83.7 83.1 82.6 81 78.7 76.9 72.2 65.4 69.1 71.6 70.8 71.3 70.7 68.5 65.3 63.6 61 59 56.9 53.8 53.7 54.4 52.8 50.8 48.7 46.7 45 45.3 44.3 42.9 41.5 40.3 39.2 38.7 38.2 36 36.1 36 35.9 35.8 34.7 32.7 30.6 28.6 26.6 24.7 23.2 22 21 19.8 19.9
100.4 94.4 104.2 99 104.6 110.1 111.6 109.6 104.8 100.5 93.5 85.9 82.8 87.3 90.5 94.7 98.3 99.4 99.2 96.8 92.2 87.8 82.6 80.2 82.2 85.2 87 88.8 88.7 86.5 86.7 88.3 88.6 87.9 87.3 86.6 85 82.7 78.2 71.3 70.7 78.1 77.3 76.4 74.9 73.6 72.4 69.9 67.9 65.3 61.5 58.6 58.4 59.4 60.2 60 58 55.1 52.7 48.9 48.5 46.8 45.4 44 43.2 42.3 41.8 41.3 40.3 40.7 40.7 40.6 40.1 38.1 36 33.9 31.9 29.9 27.9 26 24 23 21.3 20.9
94.8 107.2 112.5 107.9 115.8 119.6 117.8 113.5 108.6 100.9 92.2 85.2 89.4 95.1 100.4 104.5 105.9 106.4 102.8 99.2 93.4 86.3 85.7 84.1 87.8 90.4 92 92.9 91.3 90.4 92.4 93.8 94 93.4 92.4 90.3 88.5 84.2 78.3 70.8 82 83.3 81.6 80 78.3 76.7 75.5 74.3 72.2 70 64.9 63 65.2 65.1 66 65.7 64.4 61.5 57.1 53.5 51.8 49.6 47.9 46.5 47.9 46.5 45.5 44.6 44.8 45.2 45.4 45.4 43.5 41.4 39.3 37.2 35.2 33.2 31.1 29 26.8 25.7 24.1 22.3
107.5 118.4 116.5 120 125.9 128.2 124.6 119.5 111.4 103.1 89.8 90.3 96.6 102.8 109.1 112.2 113.1 110.8 106.6 100.7 93.3 95.3 94.8 90 92.4 95.4 97.1 96.1 95 95.8 98.5 99.1 99.5 98.8 96.5 93.8 89.5 82.9 72.3 80.3 88.6 87.3 85.6 83.8 82 80.3 78.8 77.8 76.5 72.8 65.2 72 71.9 71.6 71.3 71 69.1 65.7 60.8 57.4 55.2 52.9 50.7 51.1 52.8 51.5 50.1 51.6 51.5 50.8 50.1 48.8 46.8 44.7 42.7 40.8 38.8 36.2 34 31.8 30.7 30.5 28.6 25.2
119 126.5 125.5 132 135.3 136.1 130.7 123.9 113.9 102.6 90.9 95.9 104.4 111.1 116.5 118.3 117.3 114.8 109.4 102.8 94.8 103.4 102.6 95.9 97.9 101.1 101.3 99.8 98.7 100.6 103.5 104.8 105 102.9 100.3 96.8 89 75.2 78.9 93.5 94.2 92.5 90.7 89 87.5 85.7 83.3 81.4 80.2 74.8 71 78.6 78 77.8 77.5 75.8 73.5 70 65.2 61.6 58.6 56.3 55.2 55.5 57.2 57.3 56.9 58.3 57.3 57.5 56.7 55.3 53.1 51.2 49.2 46.8 42.7 39.1 36.9 35.3 35.1 35.2 33.1 29.9
135.6 134.9 136.7 140.9 143.1 140.3 135.1 125.8 113.6 100.4 92.1 97.8 111.1 116.9 120 122 121.7 118 111.9 105.5 98.1 106.5 109.3 100.2 104.4 105.9 105.9 104.9 103.3 104.8 107.8 110.7 110.4 107.9 103.5 97.3 81.6 72.8 93.2 101.1 99.4 97.7 96.2 94.7 92.9 91 89.1 85.9 84 76.4 74.2 84.4 84.1 83.8 82.8 81.1 77.4 73.9 71.1 67.3 62.9 60.7 60.6 60.5 61.6 63.2 63.8 63.8 62.1 62.4 62.6 61.5 59.4 57.5 54.7 50.7 46.7 42.7 40.1 39.2 39.5 40.3 39.4 33.1
145.6 144 144.3 147.6 147.2 143.4 136.3 123.3 110.1 105.1 96.1 96.8 112 121.4 126.3 128.3 124.8 120.7 115 108.1 101.3 108.1 109.2 106.6 111.4 111.1 110.2 110.2 108.8 109.3 111.9 114.6 114.8 110.6 105.6 96.9 79.3 86.6 103 106.9 104.9 103.4 101.9 100 98.2 96.4 94.6 91.7 88.3 81.5 75.7 88.5 90.2 89.1 88.1 86.5 82 78.8 76.2 71.9 67.2 66.6 66.5 66 66.5 68.9 71.5 69.5 67.7 67.2 67.5 65.7 63.4 61 57.7 54 50 46 44.2 43 43.3 43.6 42.9 40.6
151.6 151.3 150.1 148.1 147.2 145.1 136.2 125.6 121.6 114.9 104.2 99 111.9 123.9 133 132.1 129.6 124.8 118.5 110.5 104.1 110.5 111.5 114 117.5 117.4 116.1 114.9 114.3 114.5 115.8 117.7 117 111.7 105.1 93.9 78.3 94.3 110.4 112 110.8 109.1 107.2 105.4 103.6 101.7 99.9 97.4 93.9 87.3 77.7 90.9 95.6 95.4 94.5 90.8 87.2 84.2 81.3 77.2 73.3 72.4 73.3 74.7 76.1 76.7 79.2 75.4 73.5 71.5 71.2 69 66.3 63.7 60.5 56.8 53.2 49.4 48.3 47.1 46.2 46.6 45.4 43.9
156.4 156.2 154.8 152.9 150.7 147.6 140 134.5 128.9 120.7 109 98.8 112.1 127.2 136.9 136.2 134.1 128.1 122.2 114.4 108.6 114 115.2 120.2 122.1 123.3 122.1 120.8 120.2 120.3 120.5 120.7 117.3 108.1 97.6 85.2 88.8 108.6 117.2 117.6 116.7 114.5 112.6 110.8 109 107.1 105.3 102.4 97.9 90.4 82.2 94.5 100.9 100.9 98.1 95.9 93.3 90.5 87.8 83.9 82.3 82.5 83.1 84.4 85.4 85.9 85.1 81.3 78.7 75.2 74.4 72.6 70 67.4 64.6 60.6 56.6 53.3 52.3 51.2 50 49.5 47.7 46.6
160.1 159.4 159.5 157.9 154.9 150.5 145.2 138.8 131.7 122.6 110.1 104.5 112 128.6 138.3 140.2 138.5 132.7 125.7 118.3 111.6 114.6 118.6 122.3 126.3 127.9 127.6 126.5 126.4 125.4 124.5 123.5 115.7 104.7 91.7 92.1 106.8 118.5 125.1 124.4 123.3 120.9 118.1 116.3 114.4 112.3 109.5 104.7 98.6 85.6 90.1 101.1 105 105.5 103.3 101.3 99.1 96.6 94.1 92.5 91.2 91.6 91.3 91.7 92 91.6 90.4 86.3 82.8 78.8 77.6 75.8 73.7 72 68.8 64.7 61.2 58.1 55.4 54.5 53.5 52 50.1 49
163.2 162.9 161.3 161.6 158.6 153.7 147.3 140.7 132.9 125 112.7 108.5 112.9 130.4 140.8 142.6 140.8 135.2 129.4 122.4 114.7 116.2 121.9 126.1 129.9 132.2 133 132 130.8 129.6 128.2 124.8 114.4 97.4 92.3 106 119.2 128.3 131.5 131 129.9 127.5 124.4 120.3 117.7 113.8 109.5 102.6 91 91.2 100.6 108 109.9 110.3 108.7 106.7 104.8 102.4 99.8 99.3 98.1 97.4 95.3 95.4 94 93.9 92.3 90 86.1 82.8 80.9 79.1 77.3 75.5 72.3 68.1 65.6 63 59.8 57.5 55.2 52.5 51.8 50.5
166.2 165.2 163.8 163.2 161.5 156.6 150.1 143.6 136.1 126.2 115.5 110.3 113.5 126.9 142 145.7 142.8 139.9 134.8 127.4 119.4 118.1 124.6 128.8 133.1 136.4 136 136.1 135.3 133.2 130.1 125.8 113.4 96.1 103.7 114.7 127.5 134 136.1 136.4 135.8 132.6 127.8 123.8 118.2 113 106.5 96 96 103.9 109.3 112.6 114 113.4 112.4 111.4 110.2 108.2 106.3 105.7 102.8 100.9 99.1 97.1 95.3 93.3 90.9 88.5 86.3 83.1 80.2 78.6 77.4 76 74.2 69.3 66.1 63.3 60.8 58.3 55.6 53.1 52.1 50.2
166.2 167.9 166.5 165.9 163.8 159.3 152.8 146.3 137.9 128.6 123.2 118.9 118.4 123.3 142.7 149.6 147.7 144.5 140.7 133.4 123.6 120.4 126.6 131.6 134.9 137.3 138.7 138.9 138.4 135.9 132.8 124.1 111.3 96.7 110.5 121.1 133.3 139.7 140.3 140.7 139.1 135 127.7 123.3 116.3 109.4 100.5 102.4 109.1 112.9 116.2 117.3 117.2 116.4 115.6 114.4 113 112.5 110.3 107.2 104.7 101.3 97.9 95.2 92.7 90.3 88.3 86.4 82.9 79.3 76.7 76 75.1 73 70.2 69.7 67.2 64.1 61 58.4 55.8 53.4 50.3 49.7
170.7 171.2 169.8 168.5 166 162.2 156 149.7 142.3 135.3 131.2 126.4 121.2 124.3 140.9 152.1 154 150.4 146.7 139.1 128.7 124.8 131.4 134.7 135.8 138.1 140.8 141.4 140.2 138.1 133.9 126.3 112.2 99.6 111.9 126.7 139.3 143.5 143.9 142.4 139.9 134.9 128.9 122.7 115.7 105.3 111.9 115.4 118 119.5 121.3 120.9 120.2 119.4 118.6 117.8 116.4 113.6 111.1 108 104.2 100.5 97 93.3 89.4 86.5 83.9 80.4 76.9 73.6 70.4 68.8 67.7 67.8 65.8 65.2 63.9 61.2 57.8 54.2 51.6 49.5 48.1 47.8
172.4 173.8 172.5 171.2 169.6 165.9 159.6 153.2 146.7 141.8 137.2 132.6 127.2 127.3 136.9 148.9 154.7 154.8 149.9 141.5 129.1 132.3 137.8 138.7 139.7 141.4 142.6 143.9 141.9 139.8 135.6 129.3 114.7 101.9 113.3 128.7 141.7 147 147.5 144 139.8 132.7 125.5 118.7 111.4 119.5 123.1 124.2 123 124.6 124.6 123.7 123.2 122.4 121.6 119.9 116.9 114 110.5 107.3 103.5 99.8 96.2 92.5 88 83.3 78.6 76.2 74.5 68.6 65.4 62.1 61.2 61 61.3 59.4 58 55.5 52.6 49.8 47.2 45.8 46.2 45.8
174.5 176.4 175.2 173.9 172 169.1 163.3 157 151.5 147.3 143 138.6 133.9 132.9 140.8 151.2 154.3 155.7 150.2 141.2 132.8 137.2 142.1 143.3 144.5 146.2 146.6 145.6 143.5 141 137.7 128.6 114.1 103.6 113.9 124.5 136.3 146.8 150 146.1 140.5 132.4 124.2 121.4 125.4 130.1 131.1 130.3 129 128.6 127.5 126.5 125.9 125.5 122.8 119.5 116.2 112.6 109 106.3 102.8 99 95.4 91.6 87.8 82.6 77.8 74.7 72.1 67.7 63.8 60.6 57.9 55.4 56 55 52.6 50.3 48.2 47.2 46 45.2 44.3 43.9
177.4 180.5 178.9 177.2 174.9 171.7 167.5 162 156.8 152.5 148.5 144.7 139.8 137.4 146.4 156.4 159 153.7 149.1 144.5 139.3 140.7 145.8 147.9 149.4 149.9 149.5 147.6 145.2 141.4 134.6 122.8 115 110.6 112.4 121.1 132.8 145.3 152.1 147.8 142.1 133.7 131.3 135.1 134.6 136.4 136.1 133.8 132.6 129.2 128.8 128.2 126.6 124.3 121 117.9 114.6 111.1 107.5 104.6 101.8 98.2 94.5 91 87.4 83.7 79 75 72.4 68.3 63.8 60.4 57.5 54.3 53.3 51.8 50.3 48.4 47.2 46 45.2 45.5 44.6 45.1
180.7 182.6 181.1 179.5 177.7 174.6 171.8 166.5 162.7 158.7 154.9 151 146.8 143 151.8 161.2 161.7 156.9 152.5 147.7 143.8 144.6 149.3 152.5 152.9 153.2 152.7 148.7 144.2 137.1 126.6 119.3 119.8 123.6 117.1 118.3 128.3 142.5 151.7 149.9 143.4 141 140.1 142.1 141.6 141.3 140.2 137.9 135.6 129.9 128.1 126.8 124.9 121.6 118.6 115.6 112.8 109.2 105.9 102.6 98.1 96.2 95.1 91.6 88.3 84.4 80.1 75.5 72.5 68.4 63.9 60.3 56.7 53.6 52.3 50.6 49 47.8 47.5 47.2 46.6 45.9 46.2 46.8
184.9 184.1 182.1 179.9 177.1 176.8 176.2 173.4 169.5 164.9 160.8 156.6 152.3 149.1 155.9 163.2 165.3 160.7 156.3 152.3 148.9 148.2 152.9 156.6 158 158.4 156.6 151.3 143.2 132.1 122.9 124.8 133 133 127.3 119.7 124.6 137.5 150.4 151.6 148.1 146.5 147.1 147.2 146.1 144.7 142.7 139.5 135.2 128.3 123.8 122.6 122.5 117.9 115.5 112.7 109.7 106.5 102.9 98.4 93 93.3 93.8 91.8 89 84.6 80.3 76 70.6 64 58.2 55.7 53.1 52.3 51.3 49.7 49 48.7 48.4 49.7 49.9 49.4 49.3 49.6
186 182.9 180.3 175.5 174.3 173.4 174.1 174.8 172.5 168.9 166.1 162.3 158.1 156.2 159 165.4 166.9 165.7 161.8 157.4 154.2 152.5 156.5 160.5 162.8 163.4 159.2 152.5 141.1 126.5 128.6 136.6 141.4 139.1 135.3 129.4 125.5 139.2 149.5 152.7 150.7 150.5 150.7 149.8 149.4 147.3 143.3 139 131.4 129.7 126.4 118.4 110.1 109.8 108 103.2 101.4 101.1 98.1 93.7 85.1 86.3 89.8 87.5 84.7 80.1 76.3 71.1 61.8 56.1 54.5 55 54.1 53.7 52.2 51.8 53.4 53.8 53.3 54 54.3 53.9 53 51.8
187.4 181.7 173.1 164.5 162.5 159.4 162.4 167 171.6 172.7 170.6 167.4 163.9 161.8 165 167.8 169.2 167.9 165.3 161.9 159.3 157.2 159.9 164.1 166.7 165.4 159.9 152.7 139.2 134.8 142.3 146.4 147.2 144.6 141.3 134.5 128.9 139.7 151 154.1 154.3 153.9 153.6 152.5 150.9 147.8 143.9 140 137.2 135.6 131.6 124.5 114.8 107.2 99.7 94.1 88.3 87.6 86.4 78.7 73.4 72.6 80.2 82.6 80.1 75.6 68.3 59.3 57.3 55.4 57.1 58.6 60.6 57.5 55.8 56.2 59.5 60.8 59.8 59.1 58.4 57.1 56.4 57.5
185.8 177.2 170 166.8 157.4 148.6 149.7 153.8 162.7 170.6 172.6 171.4 168 168.6 168.1 169.6 169.9 168.3 166.5 164.7 161.9 160.7 162.9 165.8 167.5 165.1 159.9 151.7 138.1 143.6 149.7 152.4 152.9 150.7 147 139.1 135.8 145.7 154.8 156.7 157 156.2 155.1 154 151.9 149.9 148 145.4 142.6 139.6 136 130.8 124.6 118 112.5 101.6 89.9 88.5 88.2 84.6 81.8 73.4 66.7 66.5 64.9 59.5 58.8 59.3 59.8 61.6 65.8 71.5 74.5 70.1 65.9 62.3 62.4 64.7 64.6 63.2 60.3 61.8 60.1 58.8
186.1 180.2 179.3 172.4 165 153.9 143.1 141.9 151.5 162.3 167.8 170 172 172.5 170.1 170.8 168.1 166.5 165.5 164 163.4 164.1 165 167.5 167.9 164.5 158.6 152.5 142.4 148.2 155.1 158.2 158.3 156.9 151.7 143.5 144.3 152.8 158.4 159.9 158.5 157.7 156.7 155.5 153.6 152.5 150.5 147.5 144.5 139.9 135.5 130.7 125.1 117.1 104.5 99 101.2 101.3 99.3 93.8 85.9 73.7 64.1 61.4 60.6 61.9 63.9 65.8 68.4 74.9 84.8 89 85.9 77.9 71 66.3 61.9 64.1 64.7 65.1 63.7 62.4 61.1 59.8
191 187 183.8 178.8 171.9 161.1 149 136.5 142.1 151.8 160.1 164.1 166.1 167.2 167.8 169.6 166.1 163.1 160.5 159.6 163.6 165.2 166.8 168.4 167.3 164 157.5 151.3 146.9 152.9 159.3 162.6 163.1 160.7 156.4 152.4 153.5 158.6 161.6 160.9 159.5 158.5 157.7 157 155.1 153.1 151.1 147.9 144 139.6 135 129.7 124 114.7 112.5 111.9 109.2 105 97.6 88.5 73.2 63.5 62.1 64.4 67.2 69.5 73.8 77.5 89.4 97.7 96.1 93.2 86.9 79.9 73 68.8 65.5 62.8 64 63.9 64 63.1 62 60.8
192.2 188.4 184 178.5 172.6 164.4 154.5 139.2 131.8 141.4 150.3 156.5 158 159 160.4 162 161.2 157.6 151.6 153.3 159.7 163.9 167.2 168.8 168.4 164.5 157.6 153 153.2 158.1 162.8 165.8 166.4 163.4 161.1 159.3 160.1 161.5 162.5 161.2 159.8 159 158.5 156.6 155.3 153.5 151 147.4 143 138.7 133.2 126.1 119.2 117.1 118.2 112.7 106 97.4 84.2 73.3 64.6 66 69.4 72.6 82.1 89.4 93.8 99.2 104.1 101.5 97.8 93.2 86.9 80 74.9 70.8 67.5 65.1 64.3 63.9 64 63.8 62.8 61.8
190.2 186.6 182.2 176.7 169.8 163.7 156.8 141.7 127.1 131.5 141.6 146.4 144.7 146.8 148.3 148.7 150.8 149.4 144.5 147.2 152.9 159.2 166.2 171.9 170.1 165.9 160.9 160.5 161 162.7 165.8 167.6 168.2 166.7 165.2 164.1 164.4 163.4 161.7 160.3 158.9 157.5 156.9 156.3 154.9 153.1 150.9 146.9 142.8 138 131.7 125.7 123.2 123.3 120 111.3 101.7 87.3 73.9 64.8 69.5 75.3 85.1 92.6 101.4 108.7 108.6 108.2 104.9 100.9 96.9 92.1 87.3 81.2 77 72.7 69.3 67.2 65.8 65.1 64.4 63.6 63.6 62.8
184.8 180.6 175 169.7 164.5 159.3 152.3 141.4 129.2 124.1 133.6 134 131.7 131.1 132.9 134.4 137.5 136.3 134.6 142.6 150 160.2 171.3 174.3 173.1 170 167.7 165.8 165.4 166 167.3 168.3 168.7 170 169.5 168.4 166.8 164.2 161 158.5 157.2 155.8 152.5 153.9 154 152.2 150.6 147.3 143.1 139.2 135.3 131.7 128.6 125.6 120 110.4 95 78.8 66.4 68.9 78.9 90.6 102.4 112.5 114.7 112.2 109.4 106.7 104 100 95.5 90.8 86.2 81.9 77.7 73.5 70.1 67.4 64.7 63.7 63 62.2 62.3 62.3
