app/static/ascii/ST35.asc
ncols 200
nrows 200
xllcorner 330000
yllcorner 150000
cellsize 50
[rows 43 to 85 of 200, columns 0 to 94 of 200]
5.6 5.6 5.7 5.7 5.8 6 6 5.9 5.6 5.2 5.5 5.6 5.6 5.7 5.7 5.8 5.8 5.9 5.4 4.9 4.6 5 5.8 6.2 -4 -4 5.6 -4 4.8 6.6 6.8 13.9 16.5 13.6 12.2 10.4 8.7 6.6 6.4 6.5 6.7 6.9 7.2 7.2 6.6 6.6 6.5 6.4 6.3 6.4 9 11.5 9.3 10.3 19.7 33.3 42.5 46.2 50.2 54.6 56.6 57.9 59.2 60.2 61.9 64.5 66.8 68.9 71 74 77.7 81.4 84.6 87.3 89.9 92.8 95 96.1 97.7 100.8 106.6 110.8 113.7 115.3 118.7 121.2 124.3 126.5 128.3 129.2 130.2 130.4 131.3 132.6 132.9
5.6 5.7 5.7 5.7 5.8 5.7 5.6 5.5 5.3 5.3 5.4 5.4 5.5 5.6 5.6 5.7 5.7 5.9 5.8 5.4 4.8 5.1 5.5 7.4 5.3 -4 -2.5 -4 4.3 6.6 6.9 6.7 9.7 9.9 8.9 7.2 6.2 6.3 6.3 6.4 6.6 6.8 7 6.8 6.7 6.6 6.5 6.4 6.3 6.2 6.1 6.7 11.5 7.2 21.2 34.8 42.6 45.4 49.8 53.6 56 56.9 58.6 59.4 61.5 63.3 65.1 67.2 69.5 72.7 75.6 77.9 80.7 83.4 85.6 87.1 89.2 90 94.9 97.3 101.8 105.6 108.6 111.3 114.1 117.3 120.6 123.4 124.6 123.9 125.8 127.6 129.5 130.8 131.8
5.6 5.6 5.7 5.7 5.8 5.7 5.6 5.4 5.3 5.2 5.2 5.3 5.4 5.4 5.5 5.5 5.6 5.9 5.8 5.8 5.3 5.2 5.7 5.5 7.5 4.3 -4 -4 6.4 6.7 7.1 7.3 8 6.5 6.5 6.3 6.1 6.2 6.3 6.4 6.6 6.7 6.9 6.9 6.8 6.6 6.5 6.4 6.3 6.2 6.3 6.3 9.6 6.8 21.2 30.4 35.1 39.3 44.6 46.8 52 55.7 57.7 59.4 61.3 63.4 64.1 65.4 67.9 70.9 73.6 75.2 77.9 79.7 81.3 82.5 84.2 89.5 91.8 93.2 94.7 97.1 101.4 104.1 108 111.7 114.3 117.7 118.8 118.6 121.5 125.2 127.5 129 130.4
5.9 5.6 5.7 5.8 5.9 5.8 5.7 5.6 5.4 5.3 5.2 5.2 5.2 5.3 5.4 5.4 5.5 5.9 5.8 5.7 5.7 5.4 5.6 5.6 5.7 5.5 3.7 -4 7.1 6.6 6.9 7.2 6.9 6.5 6.7 6.4 6.2 6.1 6.2 6.4 6.5 6.6 6.8 6.9 6.7 6.6 6.5 6.4 6.3 6.4 6.5 6.3 5.9 8.2 10.8 25.8 30.3 33.1 33.7 42.3 48.6 52.7 56 56.7 58.2 56.8 57.1 58.9 61.9 64.6 69 71.2 74 76.9 78.3 78.5 80.9 84 85.9 86.6 87.3 89 93.3 98 102 106 108.6 110.1 112.6 116.8 120.4 123.2 125.8 127.2 128.3
6 5.9 5.8 5.8 5.8 5.9 5.8 5.7 5.5 5.4 5.3 5.3 5.2 5.2 5.2 5.3 5.5 5.9 5.8 5.7 5.7 5.6 5.6 5.6 5.7 7.5 6.6 -4 6.8 6.6 6.8 7 7.5 6.9 6.8 6.6 6.3 6.3 6.2 6.2 6.3 6.4 6.6 6.7 6.7 6.6 6.4 6.3 6.4 6.5 6.5 6.3 6 5.8 8.1 16.5 24.4 22.9 33.7 40.9 43.2 47.7 50.6 51.6 50.1 46.8 44.7 47.9 51.6 55.4 59.5 62.9 67.6 70.5 72.3 74.1 75.6 75.3 78.5 80 81 81.8 85.1 90.2 95.7 100.4 101.5 106.8 111.5 114.4 117.5 121 123.4 125.1 125.9
5.8 5.8 5.7 5.7 5.8 5.8 5.9 5.8 5.7 5.4 5.4 5.4 5.3 5.3 5.2 5.2 5.5 5.8 5.8 5.7 5.3 4.9 4.8 5.3 5.9 6.5 6.7 -4 4.3 6.7 6.8 6.9 7 8.7 7 6.6 6.5 6.4 6.4 6.4 6.3 6.3 6.4 6.5 6.6 6.5 6.4 6.4 6.5 6.5 6.4 6.5 6.1 6 6.8 8.6 9 23.4 33.5 35 36.6 40.7 44.7 46.7 42.5 35.8 33.1 36.6 40.3 44.2 49.7 57.2 60.6 62.5 63.5 64.4 66.6 69.6 69.2 72.7 73.4 74.7 78.2 87 88.7 93.2 100.9 102.8 105.2 108.5 111.3 116.3 119.2 121.9 122.5
5.7 5.7 5.7 5.7 5.7 5.8 5.8 5.8 5.8 5.6 5.5 5.4 5.4 5.4 5.3 5.2 5.4 5.8 5.4 5.1 4.7 4.3 4.6 5.2 5.8 6.4 6.5 -4 2.3 6.4 6.9 7 6.7 6.9 7.5 6.7 6.6 6.6 6.6 6.6 6.5 6.5 6.5 6.4 6.4 6.5 6.5 6.4 6.4 6.3 6.4 6.4 6 5.9 5.9 7.1 7.7 18.5 27.8 29.8 25.9 28.4 40.3 44.2 38.6 29 26.3 27.4 28.8 32.7 37.7 45.4 49.5 49.7 51.4 53.5 55 56.8 60 65.6 65.8 68.2 73.6 76.3 86.8 93.1 97.4 98.5 98.3 97.1 103.2 111.4 115.6 118 118.5
5.7 5.7 5.7 5.8 5.7 5.6 5.6 5.7 5.8 5.7 5.6 5.6 5.7 5.4 5.2 5.2 5.2 5.7 5.3 4.9 4.6 4.5 4.7 5.2 5.8 6.3 5.4 -4 3.7 6.7 6.8 6.6 6.7 6.8 7.4 6.2 6.1 6.1 6.2 6.2 6.3 6.3 6.4 6.4 6.5 6.5 6.4 6.4 6.4 6.4 6.7 6.1 5.9 5.8 5.8 5.8 6.7 9.1 19.4 23.1 17.5 19.4 29.2 42.3 37.9 27.4 22.5 22.6 23.7 25.3 27.7 33 36.7 37.4 38.7 41.9 44.7 47.2 52.9 59.7 60.9 63.2 65.3 74 82.3 89.3 93.1 92.2 86.8 85.9 95.4 105.1 111.2 114.5 113.6
5.9 6 5.7 6 5.8 5.6 5.4 5.4 5.7 5.6 6.1 5.9 5.5 5.2 5.2 5.2 5.2 5.5 5.2 4.8 4.7 4.8 4.9 5.3 5.8 7.2 6.2 -4 4.3 5.8 6.5 6.6 6.5 8.7 6.2 6.1 6.2 6.3 6.3 6.4 6.4 6.5 6.5 6.6 6.6 6.6 6.5 6.4 6.3 6.3 6.7 5.9 5.8 5.7 5.7 5.7 5.7 6.2 6.9 11.8 8.3 13.1 23.2 40.5 40.5 28.5 21.9 19 19.9 21 22.1 25.1 26.2 28.1 29.1 30.7 35.7 40 45.7 55.4 55.3 54.1 60.5 68.9 77.7 84.7 88.2 85.2 74.9 76.5 91.2 102.1 108.8 111.9 109.4
6.2 6.2 6.2 6.1 5.9 5.7 5.5 6.1 5.2 5.4 5.7 5.5 5.2 5.2 5.2 5.2 5.2 5.3 5.1 4.9 5 5.1 5.2 5.5 5.8 6.5 2.6 -4 6.5 6.4 6.3 6.6 6.9 6.2 6.3 6.3 6.4 6.4 6.5 6.5 6.6 6.6 6.7 6.7 6.7 6.8 6.7 6.5 6.3 6.3 6.2 6 5.7 5.8 5.7 5.6 5.6 5.7 6.5 7.1 6.6 10 19.7 40.3 45.4 30 21.8 16.4 16.4 17.3 18.2 19.9 21.9 23.2 24.9 26.7 31.2 35.4 42.2 54 52 50.1 57 64.4 71.9 79.4 83.7 81.8 67.7 72 87.6 101.3 108.1 109.7 104.9
6.1 5.6 5.6 5.7 5.6 5.5 5.7 6.2 6.1 6.2 5.8 5.4 5.3 5.2 5.2 5.2 5.2 5.1 5.1 5.2 5.3 5.4 5.5 5.7 7.3 6.4 -4 5 6.4 6.3 6.2 6.3 8.3 6.1 6.3 6.5 6.5 6.6 6.6 6.7 6.7 6.8 6.8 6.8 6.9 6.9 6.9 6.7 6.5 6.3 6.2 5.9 5.6 5.9 5.9 5.7 5.5 5.6 6.2 6.7 6.4 8.6 18.6 42.2 50 32.6 22.7 15.7 13.5 14.7 15.1 16.1 17.8 19.4 21.1 22.9 26.2 31.3 39.6 47.9 48.2 47.8 53.7 57.3 65.5 72.7 76.1 75.4 63 72.7 89.8 100.9 106.1 105.6 99.4
6 5.8 5.7 5.5 5.5 5.7 5.9 5.9 5.9 6.2 5.9 5.5 5.4 5.3 5.3 5.3 5.2 5.2 5.2 5.3 5.4 5.6 5.7 5.9 6 -4 -4 6.4 6.4 6.3 8 6 6.1 6.3 6.4 6.6 6.7 6.7 6.8 6.8 6.9 6.9 6.9 6.9 7 7 7 6.9 6.7 6.3 6.1 5.8 5.7 5.8 5.9 5.6 5.5 5.4 6.2 6.8 6.8 6.6 17.3 41.4 52.2 34.9 22.5 14.8 11.4 11.6 12.2 13.6 15 16.6 18.3 20 23.5 27.5 32 39.2 38.9 44.4 48.5 51.2 55.7 63.5 66.6 62.8 59.6 74.4 88.5 93.9 95.1 95.9 93.6
6 5.9 5.9 5.8 5.9 5.8 5.8 5.9 5.9 6 6 5.6 5.5 5.4 5.4 5.4 5.3 5.2 5.1 5.4 5.5 5.7 5.8 7.4 3.4 -4 5.6 6.3 6.3 5.3 5.6 5.8 5.8 6 6.4 6.6 6.8 6.9 6.9 7 7 7 7 7.1 7.1 7.1 7.1 7 6.7 6.3 6 5.5 5.7 5.7 5.8 5.6 5.5 5.4 5.9 6.7 6.6 7.1 15.6 39.2 50.3 34.4 20.3 14.4 9.3 9.7 10.3 11.3 12.7 14.2 15.9 17.5 20.9 24.5 27.8 30.8 36.7 40.8 42.7 46.2 50.7 54.2 54.9 52.8 60.3 72.9 80.1 82.5 83.9 84.7 85.2
5.9 5.9 5.8 5.8 5.8 5.8 5.8 5.9 5.9 5.9 6 5.8 5.6 5.5 5.5 5.4 5.3 5.2 5.1 5.4 5.7 6 7.6 5.7 -4 -4 6.3 6.3 8.1 5.9 5.6 5.6 5.6 6 6.3 6.6 6.8 7 7.1 7.1 7.1 7.1 7.2 7.1 7.1 7 7 7.1 6.6 6.5 5.2 5.6 5.9 5.8 5.7 5.6 5.5 5.4 5.6 6.4 7 7.2 8.6 30 48.4 31.9 19.2 11 8.4 8 8.4 9.1 10.4 12.1 13.9 15.7 18.3 21.5 24.9 28.9 33.6 36.5 37.1 40.3 42.7 45.5 46.2 51.1 60.8 67.7 69.8 71.4 74.3 76 77.3
5.7 5.7 5.7 5.7 5.7 5.7 5.8 5.8 5.9 5.9 5.9 5.9 5.7 5.6 5.5 5.5 5.5 5.4 5.5 5.7 6 6.7 6.3 -4 -4 7.4 6.4 6.4 5.7 6.2 5.6 5.7 5.6 6.1 6.3 6.4 6.5 6.6 6.9 6.8 6.6 6.5 6.3 6.2 6 5.9 5.9 6.1 6.3 6.6 6.5 5.9 6 5.8 5.1 4.8 5.2 5.3 5.2 6.1 7 7.2 7.6 16.7 40.6 27.7 17.2 9.1 7.4 7 7.1 7.2 7.8 10 12 13.9 16.1 18.4 21.4 23.6 26.7 30.6 31.8 34.5 36.3 39.8 44.6 50.5 55.2 59 61.2 64.4 67.6 68.4 69.3
5.5 5.6 5.7 5.8 5.8 5.8 5.8 5.9 5.9 5.9 6 6.7 6.4 5.7 5.8 5.8 5.7 5.8 7.4 6.2 5.9 4.1 -4 -4 7.3 6.7 6.6 6.4 5.4 5.6 5.7 5.6 5.6 5.8 5.9 5.8 5.9 6.1 6.4 6.5 6.5 6.4 6.2 6.1 5.9 5.8 5.7 5.8 5.9 6.6 6.4 6.3 6.1 6 5.9 5.8 5.6 5.4 5.3 6.1 6.8 7 7.4 7.8 23.4 21.7 13.1 8.9 6.8 6.9 7 7 7.2 8.2 9.8 12.2 14.2 15.8 16.6 18.8 21 23.7 26.7 29.2 33.2 38.4 44 47.7 49.4 52.7 55.3 58.6 61.2 63.3 63.5
5.8 5.8 5.9 5.9 5.9 5.9 6 6 6 6 6 6 6.7 6.4 6 5.7 7.5 5.9 -4 -4 -4 -4 -4 4.3 4.3 4.5 5.8 6.4 5.9 5.8 5.8 5.6 5.6 5.6 6 5.7 5.5 5.5 5.9 6.1 6.1 6.2 6.1 6 5.8 5.7 5.6 5.6 5.6 6.5 6.5 6.4 6.4 6.1 6 5.9 6.2 6 5.9 6.6 6.8 6.8 7.2 7.4 7.7 9.4 8.2 7.1 6.7 6.8 6.8 6.9 6.8 7.4 8.6 10.3 11.8 12.5 13.2 14.6 16.6 18.8 22.3 27.1 32.8 37.7 40.4 42.5 44.2 46.6 49.6 52.5 54.8 57.2 58.9
5.9 5.9 6 6 6.1 6.1 6.1 6 6 6 6.6 6.6 6.7 6.7 7.2 6.1 -4 -4 -4 -4 6.1 6.5 6.4 4.7 4.9 6.2 6.1 8.1 6 6.4 6.5 6.5 6.3 6 6.1 5.8 5.7 5.6 5.5 5.6 5.7 5.8 5.8 5.9 5.8 5.7 5.5 5.5 5.4 6.4 6.4 6.3 6.2 6.2 6 5.9 6.1 6.4 6.5 6.7 6.7 6.7 7 7.2 7.5 8.1 7.1 6.8 6.8 6.8 6.8 7 7.3 7.7 7.8 8.2 8.6 9.6 10.6 12.1 13.3 15.1 18.6 22.6 27.6 30.3 33.8 36 37.3 40.3 42.6 47.5 50.2 52.6 58.5
5.8 5.8 5.9 6 6 6 6 6 6.4 6.4 6.4 6.4 6.6 6.7 5 -4 -4 4.9 6.7 6.1 7 8.4 8.6 7.8 7.4 7.2 7.1 5.7 5.9 6.2 6.5 6.5 6.3 6.2 5.3 5.5 5.5 5.4 5.4 5.5 5.6 5.7 5.8 5.9 5.9 5.6 5.5 5.4 5.4 6.4 6.4 6.4 6 6 6.1 5.9 6 6.3 6.5 6.6 6.6 6.6 6.7 7 7.3 7.8 7 7 6.9 6.9 7 7.3 7.7 7.5 7.7 7.8 7.9 8.7 9 9.4 10.8 12 14.6 18 21.2 24 25.5 28.2 30.9 34.4 37.5 45.3 49.2 52.2 56.7
5.5 5.6 5.6 5.9 6 6 6.2 6.2 6.2 6.3 6.3 6.3 6.5 6.6 7 -4 3.8 6.3 7.7 5.6 5.9 6.4 6.9 6.8 5.5 5.5 5.5 6.4 6.4 6.6 6.4 6.2 6 5.8 5.5 5.2 5.2 5.1 5.4 5.6 5.6 5.6 5.7 5.8 5.8 5.6 5.4 5.4 5.5 6.5 6.5 6.6 5.8 5.8 5.8 5.9 5.9 6.1 6.3 6.4 6.5 6.6 6.5 6.8 7.1 7.5 7.1 7.1 7.1 7.2 7.2 7.6 7.4 7.4 7.5 7.5 7.4 7.5 7.8 8.2 8.4 9.2 11.3 14.1 16.4 18.9 20.8 23.3 26.8 29.8 34.9 42.8 46.9 51.2 54
6.1 6.3 6 5.9 6 6 6 6.1 6.1 6.1 6.1 6.2 6.3 6.5 -4 -4 6.1 6.5 5.6 5.9 6.3 6.8 6.8 7 5.5 5.5 5.5 6 6.5 6.3 6.1 5.9 5.7 5.5 5.3 4.9 4.9 5 5.5 5.6 5.6 5.6 5.7 5.7 5.7 5.5 5.4 5.3 5.5 6.6 7 5.6 5.6 5.6 5.7 5.7 5.7 5.8 6 6.1 6.2 6.3 6.5 6.7 7 7.2 6.9 6.6 6.9 7.4 7.5 7.3 7.1 7.2 7.3 7.2 7.2 7.3 7.2 7.4 8 8.6 10.6 12.8 15.4 17.6 19.7 23.1 26.2 31 40.7 45.6 48.7 50.3 49.8
6.5 5.1 5 5 5.2 5.9 5.9 5.9 5.9 6 6 6.1 6.2 6.6 -4 3.1 6 6.3 6.1 6 6.3 6.7 6.6 7.4 5.5 5.5 5.5 6.8 6.5 6.2 5.9 5.6 5.4 5.2 5 4.9 4.7 5.3 5.6 5.6 5.6 5.6 5.6 5.6 5.7 6 6 6.8 7.9 8.5 5.5 5.5 5.5 5.5 5.5 5.5 5.6 5.6 5.8 5.9 6 6.2 6.5 6.5 6.5 6.5 5.9 6.3 6.6 6.6 7.1 7 6.9 7 7.1 7 7 7.1 7.1 7 8.5 11.5 12.9 17.6 20.8 20.1 22.3 25.5 34.3 43 47 49.1 49.4 48.1 45.7
5.7 5 5 5 5 5.1 5.4 5.8 5.8 5.8 5.9 6 6.3 6.3 -4 2.5 6 6.4 6.3 6.4 6.3 6.7 6.5 8 5.5 5.5 5.7 6.7 6.5 6.2 5.9 5.6 5.4 5.1 4.8 4.6 4.9 5.5 5.6 5.5 5.5 5.4 5.4 5.5 5.5 5.7 5.6 5.5 7.6 5.5 5.5 5.4 5.4 5.4 5.4 5.4 5.4 5.4 5.5 5.6 5.9 6.3 6.4 6.3 5.5 5.4 5.3 6.7 6.6 6.5 6.5 6.6 6.7 6.8 6.8 6.8 6.8 6.9 6.9 6.9 9.2 12.4 13.1 16.8 30.6 31.4 32.1 37.3 42.3 45.7 47.3 45.7 42.3 39 36.5
5.5 5.8 6.1 6.2 5.4 5.3 5.2 5.3 5.5 5.7 5.7 5.9 5.9 6.5 -4 -4 6 6.5 6.2 6.3 6.5 6.6 6.8 7 6.5 6.7 6.6 6.6 6.3 6.1 5.8 5.6 5.3 5.1 4.9 4.6 5 5.4 5.3 5.3 5.3 5.3 5.3 5.3 5.4 5.5 5.8 5.6 5.6 5.5 5.4 5.3 5.3 5.3 5.3 5.3 5.4 5.4 5.6 5.8 6 6.2 6.2 6 5.3 3.3 5 6.3 6.5 6.5 6.4 6.3 6.6 6.6 6.6 6.6 6.6 6.6 6.7 7 9.1 10.9 11.2 12.2 36.1 37.4 40 41.6 43.9 44.8 40 35.8 31.4 27.3 22.3
5.4 5.4 5.7 5.6 5.5 5.5 5.5 5.5 5.5 5.6 5.6 5.7 5.8 6.5 3.9 -4 6 6.7 6.1 6.2 6.3 6.5 6.5 6.4 6.5 6.7 6.6 6.5 6.3 6.1 5.9 5.6 5.4 5.1 4.9 4.6 5.2 5.1 5.1 5.1 5.1 5.1 5.2 5.2 5.2 5.3 5.6 5.8 5.5 5.4 5.3 5.2 5.2 5.2 5.3 5.3 5.6 5.9 6.3 6.4 2.5 2.5 2.4 2.3 2.5 2.7 3.3 4.7 4.5 5.8 5.9 6.1 6.6 6.4 6.4 6.4 6.4 6.6 6.9 7.2 9.3 11.1 11.6 11.1 31.9 36.2 37.9 39.7 39.8 37.2 31 24.3 17.4 13.6 12.4
5.3 5.3 5.6 5.5 5.5 5.5 5.5 5.5 5.5 5.5 5.5 5.5 5.8 5.9 -4 -4 6 7.4 6.8 6.3 6.1 6.2 8.1 6 6.2 6.4 6.5 6.4 6.2 6 5.8 5.6 5.4 5.2 4.9 4.7 4.9 4.9 4.9 5 5 5 5 5.1 5.1 5.1 5.2 5.8 5.8 5.4 5.2 5.1 5.2 5.2 5.5 5.8 6.2 6.5 6.6 2.7 4.5 5 5.6 5.7 5.9 5.6 5.7 3.8 4.5 3.5 3.5 3.3 2.3 5.2 6.2 6.3 6.5 6.7 6.8 7.2 11.7 19.3 26.6 20.7 26.5 28.9 29.5 29.8 30.9 28.6 20.6 13.4 10.8 8 7.6
5.4 5.3 5.4 5.5 5.5 5.5 5.5 5.5 5.5 5.5 5.4 5.5 5.5 5.9 -4 -4 6.1 7.4 7.5 8.1 6.3 6.1 5.9 6 6 6.2 6.4 6.3 6.1 5.9 5.7 5.5 5.3 5.1 4.9 4.7 4.7 4.8 4.8 4.8 4.8 4.9 4.9 4.9 5 5 5 5.4 5.9 5.4 5.1 5.1 5.4 5.6 5.7 5.8 5.9 6.1 6 1.6 4.8 5.3 5.7 5.8 6 5.9 5.7 5.6 5.6 5.5 5.7 6 5.8 2.4 5.3 5.8 6.1 6.3 6.4 6.9 7.4 11.1 15.5 13.4 14.5 18 18.2 17.9 18.2 18.6 12.8 8 7.3 7 7.3
5.5 5.4 5.4 5.5 5.5 5.5 5.5 5.5 5.4 5.4 5.3 5.4 5.5 5.4 5.9 -4 5.7 5.9 6 6.1 6 5.8 5.9 6 6.1 6.1 6.2 6.2 6 5.8 5.6 5.5 5.3 5.1 5 4.9 4.8 4.7 4.7 4.7 4.7 4.7 4.8 4.8 4.8 4.8 4.9 4.9 5.5 5.3 5 5.1 5 5.2 5.3 5.4 5.5 5.6 5.7 1.5 5 5.5 6 5.9 5.8 5.7 5.7 5.6 5.5 5.4 5.5 5.8 6.2 6.3 4 4.9 5.3 5.7 6.1 6.4 6.8 7.6 7.5 7.1 6.4 6.6 6.6 7.6 11.6 12.9 7.6 7.2 7.2 7 7.3
5.5 5.5 5.5 5.5 5.5 5.5 5.4 5.4 5.3 5.3 5.3 5.3 5.4 5.4 6.2 -4 5.5 5.9 7.8 5.8 5.7 5.8 6 6.1 6.1 6.2 6.2 6.2 6.1 6 5.8 5.7 5.5 5.3 5.2 5.2 4.9 4.9 4.9 4.8 4.8 4.8 4.8 4.7 4.7 4.7 4.7 4.8 5.2 5.2 5 5.3 5.3 5.2 5.1 5 5.1 5.2 5.5 2.3 5 5.7 5.8 5.7 5.6 5.7 5.7 5.5 5.4 5.3 5.3 5.5 5.9 6.2 5.4 4.2 4.7 4.9 5.1 5.4 5.9 7.4 7.4 7.1 6.6 6.8 6.7 6.9 7.1 7.2 6.5 6.9 7.1 7.1 7.2
5.5 5.5 5.5 5.5 5.4 5.4 5.3 5.3 5.3 5.2 5.2 5.2 5.3 5.4 6.8 -4 2.9 6.1 6.4 5.7 5.7 5.9 6 6.1 6.2 6.2 6.2 6.2 6.2 6.2 6 5.9 5.7 5.5 5.5 5.4 5.3 5 5 5 5 4.9 4.9 4.9 4.9 4.8 4.8 4.8 5.3 4.8 5 5.3 5.5 5.5 5.5 5.4 5.4 5.4 5.3 2.1 4.9 5.7 5.6 5.5 5.5 5.7 5.7 5.5 5.4 5.3 5.2 5.3 5.6 6 6.2 5.9 2.7 2.9 2.4 2.2 2.2 2.2 2.2 2.2 2.4 2.7 3 3.2 3.2 2.6 2.7 2.8 4 3.5 6.8
5.6 5.5 5.4 5.5 5.5 5.4 5.3 5.2 5.2 5.2 5.1 5.2 5.3 5.3 5.9 5.7 -4 6.1 6.2 6.2 5.8 5.9 6.1 6.2 6.2 6.2 6.2 6.2 6.3 6.3 6.2 6.1 5.9 5.8 5.8 5.7 5.7 5.3 5.2 5.1 5.1 5.1 5.1 5 5 5 5 4.9 5.5 5.3 5.2 5.3 5.6 5.7 5.7 5.8 6.1 5.9 5.6 1.6 4.6 5.5 5.4 5.4 5.6 5.7 5.7 5.5 5.4 5.2 5.1 5 5.4 5.7 6.1 6 6.2 5.8 5.4 4.9 5.7 8.3 7.3 6.6 6.8 7.1 7.4 7.1 7.2 7.2 6.8 7 5.2 6.7 6.7
5.7 5.6 5.4 5.4 5.5 5.4 5.3 5.2 5.1 5.1 5 5.1 5.2 5.4 5.9 6.6 -4 5 6.2 6.5 5.9 6 6.1 6.3 6.2 6.2 6.2 6.3 6.3 6.3 6.3 6.3 6.1 6.1 6 6 6 5.7 5.3 5.3 5.3 5.3 5.2 5.2 5.2 5.1 5.1 5.3 5.6 5.4 5.5 5.6 5.6 5.8 5.9 6.4 6.1 5.8 5.6 1.3 5.6 5.8 5.5 5.4 5.6 5.8 5.7 5.5 5.4 5.2 5.1 4.9 5.1 5.4 5.7 5.8 5.5 5.1 4.8 4.6 6.4 7.2 6.7 6.4 6.6 7 7 7 6.9 6.8 6.9 5.8 4.8 6.5 6.5
5.8 5.7 5.5 5.4 5.5 5.4 5.3 5.3 5.2 5.1 5 5.1 5.4 5.7 6 6.7 -4 -4 5.7 5.5 5.6 5.7 6.2 6.5 6.5 6.3 6.3 6.3 6.3 6.3 6.3 6.3 6.3 6.3 6.3 6.3 6.3 6.1 5.6 5.5 5.4 5.4 5.4 5.3 5.3 5.3 5.3 5.6 5.8 5.5 5.5 5.7 5.8 6.3 6.6 6.4 6.1 5.7 5.5 5.1 5.5 6 5.9 5.8 5.7 5.8 5.7 5.5 5.4 5.2 5.1 4.9 4.8 5.5 5.5 5.2 5.1 5 4.9 4.8 6.3 8.2 6.5 6.4 6.6 6.8 6.8 6.7 6.6 6.4 6.4 6.5 6.5 6.3 6.3
5.9 5.8 5.5 5.3 5.5 5.4 5.3 5.3 5.2 5.1 5.2 5.3 5.5 5.7 6 6.3 6.1 3 5.4 5.3 5.3 5.7 6.4 6.7 6.5 6.4 6.3 6.4 6.4 6.4 6.4 6.3 6.2 6 6.2 6.3 6.4 6.5 5.9 5.7 5.6 5.5 5.5 5.5 5.4 5.4 5.6 5.7 6 5.6 5.6 5.6 6.5 6.7 6.6 6.5 6.4 6.1 5.7 5.3 4.2 6.3 6.2 6.1 6.1 5.9 5.7 5.5 5.4 5.2 5.1 4.9 5 5.5 5.5 5.4 5.3 5.2 5.1 5 5.8 8.1 6.4 6.4 6.5 6.6 6.4 6.3 6.2 6.1 6 6.2 6.4 6.1 6.1
5.9 5.9 5.7 5.5 5.6 5.4 5.3 5.2 5.2 5.3 5.6 5.7 5.9 6 6.1 6.3 6.1 5.9 2.8 5.3 5.5 6.1 6.6 6.6 6.6 6.5 6.4 6.4 6.4 6.4 6.3 6.4 6.4 5.9 6 6.1 6.3 6.5 6.2 6 6.1 6.2 5.6 5.6 5.6 5.6 5.7 5.7 6.1 5.6 6.3 6.5 6.5 6.6 6.6 6.5 6.5 6.4 6.1 5.4 2.8 6.7 6.7 6.7 6.3 5.9 5.7 5.6 5.4 5.3 5.1 5 5.5 5.5 5.6 5.6 5.5 5.4 5.3 5.2 5.3 7.4 7.7 6.4 6.5 6.5 6.4 6.2 6 5.8 5.7 5.5 6.6 5.9 5.9
5.8 5.8 5.8 5.7 5.6 5.5 5.3 5.3 5.5 5.8 6 6 6.1 6.2 6.3 6.2 2.8 6 6 2.8 3.6 6.2 6.3 6.3 6.5 6.5 6.5 6.5 6.4 6.4 6.3 6.5 6.5 6 6 6.1 6.2 6.5 6.6 6.3 6.4 6.5 6.6 6.7 6.1 5.8 5.7 5.9 6.9 6.7 6.6 6.4 6.5 6.5 6.6 6.5 6.4 6.4 6.3 5.3 4.3 6.8 6.8 6.7 6.3 5.9 5.7 5.6 5.4 5.3 5.2 5.2 5.6 5.6 5.6 5.6 5.6 5.6 5.5 5.4 5.3 6.8 6.8 7.2 6.7 6.3 6.3 6.3 6 5.9 5.7 4.8 6.7 5.7 5.7
5.7 5.6 5.6 5.6 5.6 5.5 5.3 5.4 5.6 5.8 6 6 6.1 6.2 6.3 5.9 3.6 5.9 6.3 6.7 4.9 2.9 6 6.1 6.3 6.5 6.5 6.5 6.4 6.3 6.4 6.6 6.7 6.3 5.9 6 6.2 6.4 6.6 6.7 6.7 6.8 6.9 6.8 6.5 6.4 6.4 6.4 6.9 6.9 6.7 6.4 6.4 6.4 6.5 6.5 6.4 6.4 5.6 3.3 6.5 6 6.3 6.5 6.3 6 5.8 5.6 5.5 5.3 5.2 5.6 5.6 5.6 5.6 5.6 5.7 5.7 5.7 5.6 5.5 6.3 6.6 8.1 6.9 6.3 6.2 6.2 6.2 5.9 4.6 6.3 5.8 5.7 5.7
5.6 5.5 5.5 5.3 5.7 5.4 5.4 5.6 5.7 5.8 5.8 6.3 6.1 6 5.9 5.7 5.1 5.8 6.2 6.4 6.5 6.7 2.9 3 5.3 6.1 6.3 6.4 6.3 6.3 6.5 6.5 6.5 6.2 6 5.9 6.2 6.5 6.7 6.7 6.9 6.9 6.8 6.6 6.5 6.6 6.6 6.7 6.8 6.9 6.7 6.5 6.3 6.3 6.4 6.4 6.4 5.7 4.8 3.3 5.8 5.9 5.7 6.3 6.4 6 5.8 5.6 5.5 5.4 5.3 5.6 5.6 5.6 5.6 5.7 5.7 5.7 5.7 5.8 5.6 6.8 6.4 7.2 4.8 5.8 6.2 6.1 5 4.7 6.2 5.8 5.7 5.7 5.7
5.5 5.5 5.5 5.6 5.6 5.4 5.7 5.8 5.9 5.8 5.9 5.9 5.8 5.6 5.4 5.5 5.4 5.7 6 6 5.8 5.8 5.9 6.7 4.2 2.5 2.5 2.5 2.5 2.5 2.5 3.9 6.3 6 5.7 5.8 6.3 6.5 6.6 6.5 6.8 7.1 6.8 6.3 6.3 6.4 6.5 6.6 6.7 6.9 6.7 6.5 6.3 6.2 6.3 6.4 5.7 4.9 2.7 6.8 5.7 5.8 5.9 6 6.1 6 5.8 5.7 5.5 5.4 5.6 5.6 5.6 5.6 5.6 5.7 5.7 5.7 5.8 5.8 6.1 5.8 7.1 7.1 6.8 6.5 5.9 6.2 6.3 6.1 6 5.8 5.6 5.6 5.7
5.3 5.4 5.5 5.5 5.4 5.7 5.8 5.8 5.9 4.7 5.6 5.7 5.4 5.3 5.1 5.9 5.5 5.6 5.8 5.8 5.8 5.7 5.7 5.7 5.6 5.9 6 6 5.9 5.9 5.7 3.5 2.5 5.2 5.8 5.9 5.9 6.5 6.5 6.4 6.6 6.8 6.5 6.2 6.3 6.3 6.4 6.5 6.6 6.9 6.6 6.4 6.3 6.1 5.8 5.1 4.7 2.5 6.4 5.7 5.6 5.8 5.8 5.8 5.9 6 5.8 5.7 5.6 5.5 5.7 5.7 5.7 5.7 5.7 5.7 5.7 5.8 5.8 5.8 6.1 6.1 6.6 6.7 6.6 6.6 6.5 6.4 6.3 5.9 5.8 5.7 5.7 5.6 5.6
5.4 5.2 5.3 5.4 5.5 5.7 5.8 5.9 6.1 5.7 5.4 5.4 5.2 3.7 6 5.7 5.8 5.8 5.7 5.7 5.7 5.7 5.7 5.6 5.6 5.6 5.7 5.9 6 6 6 6.2 6.8 2.5 2.5 2.8 2.4 2.4 2.4 2.9 6.4 6.5 6.3 6.1 6.2 6.3 6.3 6.4 6.6 6.7 6.4 6.2 6.1 5.1 4.1 2.8 2.1 6.6 6.3 6.2 5.9 5.8 5.8 5.8 5.7 5.8 5.9 5.7 5.6 5.7 5.7 5.7 5.7 5.7 5.7 5.7 5.7 5.8 5.8 5.9 5.9 6.5 6.3 6.3 6.2 6.2 6.1 6.1 6 5.8 5.7 5.7 5.6 5.5 5.5
5.5 5.4 5.5 5.6 5.6 5.7 5.8 6 5.7 5.7 5.6 6 5.6 5.4 5.4 5.6 5.9 5.7 5.7 5.7 5.7 5.7 5.6 5.6 5.6 5.7 5.7 5.8 5.9 6 6.1 6.1 6.3 6.7 6.1 5.4 4.7 4.7 5 5 2.4 5.9 6.6 6.3 6.4 6.5 6.6 6.7 7 6.3 5.9 4.9 3.9 2.5 2.3 6.9 5.9 5.9 6.6 6.5 6.1 5.8 5.8 5.7 5.7 5.7 5.7 5.7 5.7 5.7 5.7 5.7 5.7 5.7 5.7 5.7 5.8 5.8 5.8 5.7 5.8 6.3 6 6 5.9 5.9 5.8 5.7 5.7 5.7 5.7 5.6 5.6 5.5 5.4
5.6 5.6 5.7 5.7 5.7 5.6 5.6 5.5 5.5 5.5 5.5 5.5 5.5 5.6 5.6 5.6 5.8 5.6 5.6 5.7 5.7 5.6 5.6 5.6 5.7 5.7 5.7 5.8 5.9 5.9 6 6.1 6.2 6.3 5.7 4.9 4.7 4.6 4.8 4.9 5.4 2.4 6.1 6.6 6.9 6.9 6.8 7 7.3 4.9 3.8 2.3 3.3 7.2 6.8 5.7 5.9 5.9 6.3 7.2 7 5.9 5.8 5.8 5.8 5.7 5.7 5.7 5.7 5.7 5.7 5.7 5.7 5.7 5.7 5.8 5.8 5.8 5.6 5.3 5.7 6.2 6 5.9 5.8 5.7 5.7 5.7 5.7 5.7 5.7 5.7 5.6 5.5 5.3
