app/static/ascii/ST36.asc
ncols 200
nrows 200
xllcorner 330000
yllcorner 160000
cellsize 50
[rows 88 to 131 of 200, columns 96 to 191 of 200]
11.2 10 9.1 8.2 7.3 6.4 6.1 5.9 5.8 5.7 5.6 5.5 5.4 5.1 5 5.4 4.8 5.9 5.9 5.8 5.7 5.6 5.5 5.4 5.3 5.2 5.1 5 5.1 5 4.9 5.6 5.5 5.4 5.3 5.1 5 4.8 4.6 4.9 5.2 5.6 5.8 5.8 5.6 5.6 5.8 5.7 5.6 5.6 5.5 5.4 5.5 5.6 5.7 5.7 5.7 5.7 5.7 5.7 5.9 5.9 5.8 5.7 5.9 6.4 6.2 6.4 6.7 7 7.1 7.1 6.5 2.9 2.9 6.7 7.2 7.7 7.6 7.6 7.3 7.3 6 5.3 5.3 5.3 5.3 5.1 5 5 4.8 5.1 5.6 6.1 6.6 7.1
11 9.6 8.4 7.5 6.7 5.8 5.7 5.6 5.5 5.4 5.3 5.2 5.1 5.1 5.4 5.6 5.5 4.9 5.9 5.8 5.7 5.6 5.5 5.4 5.3 5.2 5.1 5 4.9 5.5 5.6 5.5 5.4 5.4 5.3 5.1 4.9 4.8 4.8 5.2 5.5 5.8 5.8 5.8 5.8 5.8 5.9 5.8 5.8 5.8 5.7 5.7 5.6 5.6 5.6 5.7 5.7 5.7 5.8 5.7 5.8 5.7 5.8 5.8 5.9 6.4 2.1 6.3 6.6 6.7 6.8 6.6 6 5.7 5.9 2.9 6.7 6.5 4 5.7 3.1 3 2.9 6.8 5.5 5.4 5.4 5.2 5 4.9 4.9 5.3 5.8 6.4 6.9 7.3
9.6 9.1 7.9 6.9 6 5.5 5.4 5.3 5.2 5.1 5.1 5.1 5.2 5.2 5.7 5.8 5.2 5.4 5.1 4.5 5.8 5.7 5.6 5.4 5.3 5.1 5.7 5.4 5.3 5.6 5.6 5.5 5.4 5.3 5.2 5.1 4.9 4.7 5.1 5.4 5.7 5.7 5.7 5.7 5.8 5.8 5.8 5.8 5.8 5.9 5.9 5.7 5.6 5.6 5.7 5.7 5.8 5.8 5.8 5.9 5.8 5.8 5.8 5.8 5.7 5.7 5.9 6.1 6.4 6.5 6.1 5.9 5.7 5.4 5.1 6.1 3.9 5 6.9 7.2 7.4 7.9 7.7 6.8 5 5.6 5.6 5.3 5 5 5 5.2 5.7 5.7 7.2 7.5
8.5 7.9 7.3 6.2 5.4 5.2 5.1 5 5.1 5.1 5.2 5.2 5.3 5.3 4.4 5.4 5.5 5.4 5.3 5.1 4.9 4.3 5.5 5.8 5.9 5.8 5.6 5.4 5.3 5.1 5.4 5.4 5.4 5.3 5.2 5.1 4.9 4.8 5.3 5.7 5.7 5.7 5.7 5.7 5.7 5.8 5.8 5.8 5.8 5.9 5.9 5.7 5.7 5.7 5.7 5.8 5.8 5.8 5.9 5.9 5.8 5.8 5.9 5.8 5.8 5.7 5.7 4.4 6.1 5.6 5.6 5.7 5.5 5.2 5.1 5.4 6 6.3 6.6 6.4 6.8 7.3 7.9 6.5 6.1 5.4 5.4 5.4 5.3 5.5 5 4.8 6.6 7 7.4 7.2
7.3 6.7 6.1 5.5 5 5 5.1 5.1 5.2 5.2 5.3 5.3 5.3 5.4 5.2 5.3 5.3 5.4 5.4 5.5 5.3 5.2 6.4 6.2 6 5.7 5.6 5.5 5.4 5.2 5 5.3 5.3 5.3 5.2 5.1 4.9 5.2 5.6 5.7 5.7 5.7 5.7 5.7 5.7 5.7 5.7 5.7 5.7 5.8 5.9 5.8 5.7 5.7 5.8 5.8 5.8 5.9 5.9 5.8 5.7 5.8 5.8 5.9 5.8 5.8 5.8 5.7 5.5 5.4 5.6 5.5 5.3 5.2 5.4 5.7 5.7 5.8 6.1 6 6.2 6.8 7.6 4.9 6.8 5.6 5.6 5.6 5.7 5.6 5.2 4.7 7.2 7.3 7 6.6
6 5.4 5.1 5.1 5.1 5.1 5.2 5.2 5.3 5.3 5.3 5.4 5.4 5.2 5 5.1 5.2 5.2 5.3 5.3 5.4 5.4 2.5 6 5.8 5.7 5.6 5.3 5.5 5.3 5 5.1 5.1 5.1 5.1 5.1 4.9 5.5 5.7 5.7 5.7 5.7 5.7 5.7 5.7 5.7 5.7 5.7 5.7 5.8 5.9 5.8 5.7 5.8 5.8 5.8 5.9 5.9 5.8 5.7 5.6 5.7 5.7 5.8 5.8 5.9 5.8 5.8 5.5 5.6 5.6 5.4 5.3 5.3 5.7 5.8 5.8 5.7 5.6 5.7 5.9 6.7 7.5 6.8 7.1 6.1 6.1 5.8 6.2 6.3 6.2 7.1 7.1 6.5 6.2 6.1
5.2 5.2 5.2 5.2 5.2 5.2 5.2 5.3 5.3 5.4 5.4 5.5 5.5 4.9 4.9 4.9 5 5 5.1 5.2 5.2 5.4 5.4 6 5.9 5.8 5.6 5.6 5.5 5.3 5.1 4.9 4.9 5 5 5 5.2 5.6 5.7 5.7 5.6 5.6 5.6 5.6 5.6 5.6 5.6 5.6 5.6 5.8 5.8 5.8 5.8 5.8 5.9 5.9 5.9 5.9 5.7 5.6 5.6 5.6 5.7 5.7 5.8 5.8 5.9 5.8 5.7 5.6 5.5 5.5 5.5 5.6 5.7 5.8 5.8 5.7 5.6 5.6 6.1 7.1 4.9 6.7 6.3 6 6 5.8 6.5 6.9 7.2 6.7 5 5.9 4.5 5.1
5.2 5.3 5.3 5.3 5.3 5.2 5.3 5.4 5.4 5.5 5.5 5.5 5.4 4.7 4.7 4.8 4.8 4.9 5 5 5 4.9 4.8 3 5.9 5.8 5.5 5.7 5.6 5.4 5.2 4.9 4.7 4.8 4.8 4.9 4.7 5.6 5.6 5.6 5.6 5.6 5.6 5.6 5.6 5.6 5.6 5.5 5.6 5.7 5.8 5.8 5.8 5.9 5.9 5.9 5.9 5.8 5.6 5.5 5.5 5.6 5.6 5.7 5.7 5.7 5.8 5.8 5.6 5.2 5.4 5.5 3.1 5.7 5.8 5.9 5.8 5.7 5.6 5.6 6.4 7.7 6.8 5.9 5.1 5.4 6 5.8 6.9 7 7 6.6 6.1 6.1 5.7 4.9
5.2 5.3 5.4 5.4 5.4 5.3 5.3 5.5 5.5 5.5 5.6 5.6 5.1 4.5 4.6 4.6 4.7 4.6 4.6 5.1 5.2 5.1 5 5.3 4.5 5.8 5.4 5.8 5.6 5.4 5.2 5 4.8 4.6 4.6 5.2 4.4 5.2 5.6 5.6 5.6 5.6 5.6 5.6 5.6 5.6 5.5 5.5 5.6 5.6 5.7 5.8 5.9 5.9 5.9 5.9 5.9 5.7 5.6 5.4 5.4 5.5 5.5 5.6 5.6 5.7 5.7 5.3 5 5.1 5.3 5.5 5.7 2.1 5.9 5.8 5.8 5.7 5.7 5.6 6.3 7 6.3 5.4 5 5.4 5.6 6.7 7.1 6.9 6.6 6.3 6.3 2.6 6.1 5.5
5.3 5.3 5.3 5.5 5.5 5.5 5.4 5.5 5.6 5.6 5.7 5.6 4.8 4.3 4.5 5 5.1 5.1 5.2 5.3 5.3 5.4 5.4 5.5 5.5 5.8 2.8 5.9 5.7 5.5 5.3 5.1 4.8 4.7 5.1 5.2 5.1 4.6 5.6 5.6 5.6 5.6 5.6 5.6 5.6 5.6 5.5 5.5 5.6 5.5 5.6 5.7 5.9 5.9 5.9 5.9 5.8 5.6 5.5 5.3 5.4 5.4 5.5 5.5 5.6 5.4 5 5 5.1 5.1 5.1 5.1 5.1 5.2 2.4 5.9 5.8 5.6 5.6 5.6 6.6 6.9 3.4 5.9 5.3 5.4 7 7 7 6.8 6.5 4.3 6.6 5.5 6.9 6
5.3 5.3 5.3 5.3 5.6 5.6 5.5 5.5 5.6 5.7 5.7 5.5 5.1 5.1 5.1 5.2 5.3 5.3 5.4 5.4 5.5 5.5 5.6 5.6 5.6 5.6 5.7 3.9 5.5 5.4 5.4 5.3 5.3 5.4 5.1 5.3 5.3 4.9 5 5.6 5.6 5.6 5.6 5.6 5.6 5.5 5.4 5.4 5.6 5.5 5.4 5.5 5.8 5.9 5.9 5.9 5.7 5.5 5.4 5.2 5.3 5.3 5.4 5.4 5.1 5 5.1 5.1 5.1 5 5.1 5.1 5.1 5.1 5.2 5.5 5.6 5.6 5.6 5.6 6.1 6.1 6.6 6.6 5.9 7 7 6.2 6.2 6.2 6.3 6.5 6.5 6.8 7.5 7.5
5.3 5.3 5.3 5.3 5.4 5.6 5.6 5.5 5.7 5.8 5.7 5.5 5.2 5.3 5.3 5.4 5.4 5.5 5.6 5.6 5.6 5.6 5.7 5.7 5.7 5.7 5.7 5.8 3.5 5.8 5.8 5.9 5.8 5.4 5.1 5.3 5.4 5.2 4.7 5.5 5.6 5.6 5.6 5.7 5.6 5.4 5.3 5.4 5.5 5.4 5.3 5.4 5.6 5.7 5.8 5.8 5.6 5.4 5.3 5.2 5.2 5.3 5.2 5 5.1 5.1 5.1 5.1 5.2 4.9 5.1 5.1 5.1 5.2 5.2 5.5 5.2 5.6 5.6 5.6 5.4 5.9 6.9 6.4 7 7 6.6 6.2 6.2 6.1 3.3 6.1 5.9 5.9 6.1 6.6
5.5 5.4 5.3 5.4 5.4 5.3 5.4 5.5 5.6 5.7 5.6 5.4 5.4 5.4 5.5 5.6 5.6 5.7 5.7 5.7 5.7 5.7 5.7 5.7 5.7 5.7 5.8 5.8 2.7 6 6.4 6.1 5.7 5.5 5.2 5.3 5.5 5.4 5.2 4.9 5.6 5.6 5.7 5.6 5.5 5.4 5.3 5.4 5.5 5.4 5.2 5.2 5.4 5.7 5.9 5.7 5.5 5.3 5.2 5.1 5.2 5 5 5.1 5.1 5.1 5.2 5.2 5.2 5.2 5.1 5.1 5.2 5.2 5.2 5.4 5.1 5 5.7 4.9 5 5.6 4.7 7.1 7 7.1 6.8 6.3 6.3 6.1 5.9 5.5 5.2 5.4 5.4 5.4
5.6 5.5 5.5 5.2 4.9 5.2 5.4 5.5 5.6 5.7 5.4 5.2 5.6 5.6 5.7 5.7 5.7 5.7 5.7 5.8 5.8 5.8 5.8 5.8 5.8 5.8 5.8 5.8 5.8 5.8 6.3 6 5.5 5.7 5.3 5.3 5.5 5.5 5.3 5.1 5.4 5.8 5.7 5.5 5.4 5.3 5.2 5.4 5.4 5.3 5.3 5.3 5.5 5.7 5.8 5.6 5.4 5.2 5.1 5 5 5.1 5.1 5.1 5.2 5.2 5.2 5.2 5.3 5.3 4.9 5.2 5.2 5.2 5.2 5.3 5.1 5.1 5 5.5 5.7 5.7 7.1 7.2 7.1 6.7 4.4 7.4 7.3 6.7 5.2 5 5.1 5.3 5.4 5.2
5.7 5.7 5.3 5 4.8 5 5.2 5.4 5.6 5.7 5.5 5.6 5.7 5.8 5.8 5.8 5.8 5.8 5.8 5.8 5.8 5.8 5.8 5.8 5.9 5.9 5.9 5.9 5.8 5.7 6.3 6.1 5.5 5.4 5.6 6.3 4.2 5.6 5.4 5.1 5.8 5.9 5.6 5.4 5.4 5.2 5.1 5.3 5.4 5.6 5.5 5.5 5.6 5.8 5.7 5.5 5.3 5.2 5.1 5 5.1 5.1 5.1 5.2 5.2 5.2 5.3 5.3 5.3 5.4 4.8 5.2 5.2 5.2 5.2 5.3 5.2 5.2 5.2 5.1 2.7 7 7.1 3.1 6.7 6.4 6.7 6.2 5.5 5.7 5.4 5.3 5.3 5.3 5.3 5.2
5.8 5.8 4.4 5.3 5.4 5.4 5.5 5.5 5.6 5.6 5.7 5.8 5.8 5.8 5.8 5.8 5.8 5.9 5.9 5.9 5.9 5.9 5.9 5.9 5.9 5.9 5.9 5.9 5.9 5.7 4.9 4.9 5.8 5.8 6 6.1 5.9 5.6 5.6 5.7 5.8 5.9 5.9 5.7 5.4 5.2 5.3 5.4 5.4 5.5 5.6 5.7 5.7 5.8 5.7 5.6 5.5 5.4 5.2 5.1 5.1 5.2 5.2 5.2 5.3 5.3 5.3 5.3 5.4 5.4 4.8 5 5.2 5.2 5.2 5.3 5.3 5.3 5.3 5.3 6.4 2.3 6.1 5.1 6.5 5.5 5.2 5.3 5.3 5.3 5.4 5.3 5.2 5.2 5.3 5.2
5.8 4.6 5.2 5.3 5.4 5.4 5.5 5.5 5.6 5.6 5.7 5.7 5.7 5.9 5.9 5.9 5.9 5.9 5.9 5.9 5.9 5.9 6 6 6 6 6 6 5.9 5.8 4.6 5 5.5 5.8 7.2 8.2 6.1 5.8 5.7 5.8 6 6 5.6 5.8 5.5 5.4 5.4 5.6 5.8 5.9 5.8 5.8 5.8 5.8 5.8 5.7 5.6 5.5 5.3 5.2 5.2 5.2 5.2 5.3 5.3 5.3 5.4 5.4 5.4 5.5 5.1 4.9 5.2 5.2 5.3 5.4 5.3 5.4 5.4 5.7 6.8 5.7 4.2 6.3 3.9 5.9 5.1 5.3 5.2 5.2 5.2 5.2 5.2 5.2 5.2 5.2
5.4 4.9 5.1 5.2 5.3 5.4 5.5 5.5 5.6 5.6 5.6 5.7 5.7 5.7 6 6 6 6 6 6 6 6 6 6 6 6 6.1 6 5.9 5.8 5.2 5.5 5.7 7.1 8.1 8.4 6.7 6.2 5.8 6 6.1 6 5.9 5.6 5.9 5.9 5.9 5.9 5.9 5.8 5.8 5.8 5.8 5.7 5.7 5.7 5.8 5.9 5.3 5.2 5.2 5.3 5.3 5.3 5.4 5.4 5.4 5.4 5.5 5.5 5.5 4.7 5.1 5.3 5.3 5.4 5.4 5.5 5.6 6.7 5.6 5.6 5.5 5.5 5.5 5.2 5.1 5.2 5.2 5.2 5.2 5.1 5.1 5.1 5.2 5.2
5 5.1 5 5.2 5.3 5.4 5.5 5.5 5.6 5.6 5.6 5.6 5.7 5.7 5.8 6 6 6 6 6.1 6.1 6.1 6.1 6.1 6.1 6.1 6.1 6 5.8 5.7 5.7 5.7 5.1 6.1 7.7 8.1 8.4 7.6 6.7 6.1 6.3 6.1 5.9 5.9 5.9 5.9 5.9 5.8 5.8 5.8 5.8 5.8 5.7 5.7 5.7 5.7 5.7 5.8 5.3 5.3 5.3 5.3 5.4 5.4 5.4 5.4 5.5 5.5 5.5 5.6 5.6 4.6 4.9 5.3 5.3 5.4 5.5 5.6 6.7 5.7 5.5 5.5 5.4 5.4 5.2 5.2 5.1 5.1 5.1 5.1 5.1 5.1 5.1 5.1 5.1 5.1
5 4.9 5 5.1 5.2 5.3 5.4 5.5 5.6 5.6 5.6 5.6 5.6 5.6 5.6 5.8 6.1 6.1 6.1 6.1 6.1 6.1 6.1 6.1 6.2 6.2 6.1 6 5.6 5.7 6.1 6.2 6 5.3 5.7 7.5 9.8 10.5 8.8 7.4 6.7 5.3 5.6 5.8 5.9 5.9 5.9 5.8 5.8 5.8 5.7 5.7 5.7 5.7 5.7 5.6 5.6 5.8 5.4 5.3 5.4 5.4 5.4 5.4 5.5 5.5 5.5 5.5 5.6 5.6 5.6 4.7 4.8 5.2 5.3 5.5 5.6 6.6 6.4 5.4 5.3 5.3 5.3 5.2 5.2 5 5 5.1 5 5.1 5.1 5.2 5.1 5.1 5 5
5.1 5 5.1 5.2 5.2 5.3 5.4 5.5 5.5 5.6 5.6 5.6 5.6 5.6 5.6 5.6 5.8 6.1 6.2 6.2 6.2 6.2 6.2 6.2 6.2 6.2 6.2 5.8 5.5 5.8 6.8 6.7 6 3.1 5.7 6.1 7.9 10.3 11.4 10.3 8.2 5.4 5.7 5.8 5.8 5.9 6 5.8 5.7 5.7 5.7 5.7 5.7 5.7 5.6 5.6 5.6 5.7 5.7 5.4 5.4 5.4 5.5 5.5 5.5 5.6 5.6 5.6 5.6 5.7 5.7 5 4.6 5 5.3 5.8 5.9 6.6 5.3 5.1 5.1 5 5 5 5 5.2 2.7 5 5.1 5.1 5.2 5.1 5 5.1 5.1 5
5.1 5.1 5.1 5.2 5.3 5.4 5.5 5.5 5.6 5.8 5.7 5.6 5.6 5.5 5.5 5.6 5.6 5.8 6.1 6.2 6.2 6.2 6.3 6.3 6.3 6.3 6.1 5.6 5.5 6.1 6.9 7.5 6.7 6.1 5.3 5.9 6.4 7.5 8.5 8.4 7 5.6 5.7 5.7 5.8 5.9 5.9 5.9 5.8 5.7 5.6 5.7 5.6 5.6 5.6 5.5 5.5 5.7 5.7 5.4 5.4 5.5 5.5 5.6 5.6 5.6 5.6 5.7 5.7 5.7 5.7 5.4 4.5 4.9 5.7 8.7 6.6 5.4 5.3 5.3 4.8 4.7 4.7 4.7 4.8 5 5.3 5.1 5.1 5.2 5.2 5 5 5.1 5.2 4.9
5.2 5.1 5.1 5.3 5.4 5.5 5.6 5.6 5.8 5.9 5.8 5.7 5.7 5.6 5.5 5.5 5.5 5.6 5.9 6.1 6.3 6.3 6.3 6.3 6.3 6.3 5.9 5.4 5.6 6.9 8 8.5 7.1 5.7 6 5.3 5.9 6.2 6.5 5.7 5.5 5.6 5.6 5.7 5.7 5.8 5.9 5.9 5.9 5.8 5.6 5.5 5.6 5.6 5.6 5.5 5.4 5.5 5.5 5.5 5.5 5.5 5.5 5.5 5.6 5.6 5.6 5.7 5.7 5.8 5.8 5.8 4.9 6.9 7.2 6.7 5.7 5.3 5 5.1 5.3 4.5 4.4 4.5 4.8 5.1 5.2 5.2 4.8 5.3 5.1 5 5 5.1 5.2 5.2
5.2 5.2 5.2 5.3 5.4 5.5 5.7 5.7 5.9 5.9 5.9 5.8 5.7 5.7 5.6 5.5 5.5 5.5 5.6 5.9 6.1 6.4 6.4 6.4 6.4 6.2 5.7 5.2 6.4 7.9 9.6 9 6.8 5.8 5.9 6.1 5.6 5.8 6 5.5 5.4 5.6 5.6 5.6 5.7 5.8 5.8 5.9 6 5.8 5.7 5.6 5.5 5.5 5.5 5.5 5.4 5.5 5.3 5.5 5.7 5.6 5.6 5.6 5.6 5.6 5.5 5.5 5.6 5.7 5.8 5.8 8 4.8 5.9 6.8 5.4 5.1 4.8 4.6 4.8 5 4.7 4.7 5 5 4.9 4.8 5 2.4 5 4.9 5 5 5.1 5.3
5.3 5.3 5.3 5.3 5.5 5.6 5.7 5.8 5.9 5.9 5.9 5.9 5.8 5.7 5.7 5.6 5.5 5.5 5.5 5.6 5.9 6.2 6.4 6.4 6.4 6 5.7 6.1 7.9 9 9.4 7.9 6.7 5.7 5.5 5.7 4.5 5.5 5.4 5.3 5.4 5.6 5.7 5.6 5.7 5.7 5.8 5.9 5.9 5.9 5.8 5.7 5.6 5.4 5.4 5.4 5.3 5.4 5.2 5.1 5.1 5.2 5.1 5.2 5.3 5.4 5.5 5.6 5.7 5.8 5.7 5.7 4.9 9.5 6.8 5.6 5.4 5.1 4.8 4.5 4.3 4.5 4.8 4.5 4.7 4.5 4.6 4.8 4.8 5 4.6 4.9 5 5 5.1 5.3
5.4 5.4 5.3 5.4 5.5 5.6 5.7 5.9 5.9 5.9 5.9 5.8 5.9 5.8 5.8 5.7 5.7 5.6 5.5 5.4 5.7 5.9 6.2 6.5 6.6 6.8 7 7.5 8.7 8.8 8.1 6.8 6.1 5.6 5.6 5.8 5.8 3.6 5.3 5.3 5.6 5.6 5.7 5.5 5.6 5.7 5.8 5.8 5.9 5.9 5.9 5.8 5.7 5.5 5.4 5.3 5.4 5.5 5.3 5.3 5.2 5.2 5.2 5.3 5.4 5.5 5.6 5.7 5.8 5.7 5.7 5.6 4.7 6.8 8.2 5.6 5.4 5.1 4.8 4.5 4.2 4.2 4.4 4.2 4.2 4.4 4.5 4.7 4.9 5.1 5 5 5 5 4.9 5.2
5.4 5.4 5.4 5.4 5.6 5.7 5.8 5.9 5.9 5.9 5.9 5.9 5.8 5.9 5.8 5.8 5.8 5.7 5.6 5.5 5.5 5.8 6.1 6.5 7 7.4 7.7 7.8 7.3 7 6.6 6.2 5.9 5.6 5.7 5.7 5.8 5.8 5.1 5.3 5.6 5.6 5.7 5.7 5.6 5.6 5.7 5.8 5.8 5.9 6 5.9 5.7 5.6 5.5 5.3 5.7 5.6 5.5 5.4 5.4 5.4 5.4 5.4 5.5 5.6 5.6 5.7 5.7 5.6 5.6 5.5 5.6 6.8 7.4 6.5 5.5 5.1 4.8 4.5 4.4 4.4 4.3 4.2 4.3 4.4 4.6 4.8 5 5.1 5 5.1 5.3 3.7 4.4 4.7
5.5 5.5 5.5 5.5 5.6 5.7 5.7 6 5.9 5.9 5.9 5.8 5.8 5.8 5.9 5.9 5.8 5.8 5.8 5.7 5.7 5.9 6.2 6.6 7.3 7.7 7.6 6.7 6.3 6.2 6 5.9 5.8 5.7 5.7 5.7 5.8 5.9 4.1 5.6 5.6 5.6 5.7 5.7 5.5 5.7 5.6 5.7 5.8 5.9 5.9 5.9 5.8 5.7 5.6 5.7 5.7 5.7 5.7 5.7 5.6 5.6 5.6 5.6 5.5 5.6 5.7 5.6 5.6 5.6 5.5 5.5 6.7 5.5 5.5 5.5 5.4 5.1 4.8 4.6 4.6 4.7 4.6 4.5 4.5 4.5 4.7 4.8 5 5.2 5.1 5.1 5.4 5.1 5.1 5.9
5.6 5.6 5.6 5.5 5.6 5.6 5.7 5.9 5.8 5.8 6 5.8 5.8 5.8 5.9 5.9 5.9 5.8 5.8 6 6.1 6.2 6.3 7 7.4 7.7 7.6 6.6 5.9 6 5.9 5.8 5.7 5.7 5.6 5.6 5.7 5.6 5.7 5.5 5.6 5.6 5.7 5.7 5.6 5.6 5.7 5.6 5.8 5.8 5.9 6 5.9 5.8 5.7 5.9 6.1 5.9 5.8 5.8 5.8 5.8 5.8 5.7 5.7 5.7 5.7 5.7 5.7 5.7 5.6 5.9 6.6 5.5 5.6 5.6 5.4 5.1 4.8 4.8 4.9 4.9 4.9 4.7 4.8 4.7 4.8 4.9 5.1 5.3 5.2 5.3 5.5 6.4 5.5 5.5
5.7 5.6 5.6 5.6 5.6 5.6 5.6 5.8 5.7 5.6 5.7 6 5.7 5.7 5.8 5.9 5.9 6 6.2 6.3 6.5 6.4 7 7.7 8.5 8.8 8.1 6.9 6.1 6 5.9 5.9 5.8 5.6 5.4 5.4 5.5 5.6 5.8 3.6 5.6 5.6 5.7 5.7 5.8 5.5 5.7 5.6 5.6 5.8 5.9 5.9 6 4.8 6.5 6.1 5.9 5.9 5.9 5.8 5.8 5.8 5.8 5.8 5.7 5.7 5.7 5.6 5.6 5.6 5.7 6.6 5.5 5.6 5.6 5.6 5.4 5.1 5 5 5.1 5.1 5.1 5 5 5.1 5 5.1 5.2 5.3 5.2 5.8 6.3 6.2 5.9 5.5
5.7 5.7 6.3 6.3 6 6 6.1 6 5.8 5.9 5.8 6 5.8 5.7 5.8 6 6.3 6.4 6.5 6.9 7.3 7.1 7.5 8.5 9.5 9.8 8.6 6.9 6.5 5.7 5.8 5.8 5.7 5.6 5.4 5.4 5.5 5.6 5.7 5.9 6 5.7 5.7 5.8 5.8 5.6 5.5 5.7 5.6 5.6 5.8 5.9 5.7 5.8 5.9 5.9 5.9 5.9 5.9 5.9 5.9 5.8 5.8 5.8 5.8 5.8 5.7 5.6 5.6 5.6 6.2 6.7 5.5 5.6 5.6 5.7 5.4 5.2 5.2 5.2 5.3 5.3 5.4 5.2 5.3 5.3 5.5 5.2 5.4 5.3 5.8 5.1 5.2 5.3 5.3 5.4
6.4 6.9 7.3 7.2 6.4 6.5 6.7 6.4 6.2 6.4 6.4 6.2 6 5.9 6.3 7.1 7.8 8.1 8.2 8.5 8.7 8.8 9 9.6 10.5 11 10.4 8.1 6.5 5.8 5.9 5.9 5.7 5.6 5.5 5.5 5.5 5.5 5.6 6.1 5.1 5.7 5.9 5.8 5.8 5.7 5.5 5.7 5.8 5.5 5.8 5.6 5.6 5.7 5.9 5.9 5.9 5.9 5.9 5.9 5.9 5.9 5.9 5.8 5.8 5.8 5.7 5.7 5.6 5.6 6.9 5.4 5.4 5.6 5.7 5.7 5.6 5.3 5.4 5.4 5.5 5.5 5.6 5.5 5.5 5.6 5.7 5.7 6.4 4.4 4.6 5.1 5.1 5.2 5.3 5.4
8.4 7.6 7.6 8.7 7.6 7.5 7.4 6.9 7.5 7.8 7.8 7.2 7 7 8.5 9.3 10 10.1 10 10.2 10.1 10.3 10.7 11.2 11.8 12.3 11.5 9.7 6.8 5.9 5.7 5.7 5.6 5.6 5.6 5.5 5.5 5.7 5.8 5.9 6.1 5.9 5.6 5.9 5.9 5.9 5.6 4.4 5.9 5.8 5.6 5.5 5.6 5.7 5.8 5.8 5.9 5.9 5.9 5.9 5.9 5.9 5.9 5.9 5.9 5.8 5.8 5.7 5.7 6.2 7.2 5.4 5.5 5.5 5.6 5.7 5.7 5.3 5.4 5.4 5.5 5.6 5.7 6.4 5 5 5.7 6.1 5 4.2 4.5 5 5.1 5.2 5.3 5.3
12.7 11.9 11.4 11.1 10.9 10.6 10.4 9.5 10.9 12.1 14 13.4 12 10.4 10.6 11.4 12.2 12.2 12 12 12.1 12.3 12.7 12.8 13.2 13.8 13 10.4 7.7 6.3 6 5.6 5.9 5.7 5.7 5.9 5.9 5.9 6 5.6 6.1 6 6.1 6.4 6.1 6.2 5.8 6 5.9 5.7 5.5 5.4 5.5 5.6 5.8 5.8 5.8 5.8 5.8 5.9 5.9 5.9 5.9 5.9 5.9 5.9 5.9 5.6 5.7 7.5 5.5 5.5 5.2 5.3 5.3 5.5 5.5 5.2 5.3 5.3 5.3 5 4.6 4.6 7.7 6.5 5.9 6.2 5.2 4.6 4.4 4.8 5.1 5.1 5.2 5.3
15.1 17.1 17.3 17.3 16.4 15.8 15.4 12.1 15.3 16.7 16.7 16.8 15.6 14.2 13.5 14 14.2 14.1 14 13.6 13.8 13.9 14 13.8 13.9 14.1 13.7 11.8 9.1 7.1 6.1 5.7 5.8 5.6 5.6 5.7 5.8 5.9 5.9 5.7 5.7 6.1 6.6 6.5 4.4 6.6 6.4 5.9 5.8 5.6 5.4 5.3 5.5 5.6 5.7 5.7 5.7 5.8 5.7 5.8 5.8 5.9 6 5.9 5.9 5.9 5.9 5.6 5.7 7.8 5.4 4.9 4.7 5 5.1 5.2 5.4 5.1 5.2 5.2 5.3 5.4 4.7 5.5 5.9 4.4 5.7 5.7 5.7 5.1 4.5 4.7 5 5.1 5.2 5.2
14.4 17.6 21.6 23.3 22.3 21.1 19.6 18.3 19.1 20.3 20.8 20.3 18.7 18 16.7 16.2 15.7 15.5 15.6 14.9 15.2 15.1 14.9 14.6 14.5 14.8 14.9 13.8 11.2 8.8 6.7 6 5.8 5.5 5.6 5.6 5.7 5.8 5.8 5.9 5.9 5.8 5.9 6.7 6.2 6.3 6.5 3.5 5.8 5.7 5.3 5.3 5.4 5.6 5.6 5.6 5.7 5.7 5.7 5.7 5.7 5.7 5.8 5.9 6 6 5.9 6 8.5 6.6 5.2 4.5 4.1 4.7 4.9 5 5.2 5.1 5.1 5.1 5.4 5.7 6.3 5.8 5.6 5.7 5.4 5.4 5.5 5.6 5 4.5 5 5.1 5.1 5.1
16.6 17.8 18.7 24.2 25.4 24 22 19.4 16.6 19.6 18.7 18.2 18.7 17.8 18.4 16.7 16.7 16.3 15.5 13.9 14.2 15.5 15.1 15.8 15.8 15.4 15.9 16.1 13.4 10.8 7.9 6.4 6.1 5.5 5.5 5.5 5.5 5.6 5.6 5.7 5.7 5.7 5.7 5.7 3.9 6.3 6.4 6.5 5.9 5.5 5.3 5.3 5.4 5.5 5.6 5.6 5.6 5.6 5.7 5.7 5.6 5.6 5.7 5.7 5.8 5.9 6 6 8.6 5.6 5 4.3 3.7 4.5 4.7 4.8 5 5 4.9 5 6.2 5.1 5 5.4 5.4 5.3 5.1 5 5.2 5.3 5.4 4.9 4.8 5 5.1 5
19.5 20.8 22.2 22.3 24.1 24.3 20 17.4 14 14.9 14.3 12.6 12.8 13.4 15.7 17.4 17.4 17.2 15.9 13.1 11.6 13 14.5 16.4 16.7 16.2 17.1 18.5 15.5 11.9 8.8 7.1 5.8 5.5 5.4 5.4 5.4 5.4 5.4 5.4 5.5 5.5 5.4 5.3 5.7 3.9 6.2 6.2 6 5.4 5.3 5.3 5.3 5.5 5.5 5.5 5.5 5.6 5.6 5.6 5.6 5.5 5.6 5.6 5.7 5.7 5.8 8 9 5 5 4.6 4.2 4.6 4.7 4.7 4.8 4.9 4.8 5.4 5 5.1 5.1 5.2 5.1 4.6 4.6 4.7 4.8 4.9 5.1 5.2 4.7 5 5 4.8
23.5 25 26.5 26.9 24.6 20.9 18.4 15.9 13.5 11.7 9.8 8.7 7.4 7 7 8.4 12.3 13.9 12.4 10.5 8.7 8.9 10.2 10.9 11.6 14.4 16.2 17.5 16.2 13 10.2 7.3 5.7 5.5 5.4 5.4 5.4 5.4 5.4 5.4 5.4 5.4 5.4 5.4 5.6 5.8 4.8 6 5.9 5.5 5.3 5.4 5.3 5.4 5.4 5.4 5.5 5.5 5.5 5.6 5.6 5.5 5.4 5.5 5.6 5.6 5.7 9.9 6.4 5.3 5.2 5 4.6 4.7 4.8 4.9 5 6.2 5 5 5 5.1 5.1 5.2 5.2 5.3 5.3 4.9 4.8 4.6 4.7 4.8 5 4.9 4.9 4.9
28.3 30.2 31.9 32.5 29.1 24.9 20.6 18.4 15.6 13.2 10.6 7.5 6.6 6.8 6.8 7.1 6.3 7.1 7.5 6.8 6.8 6.8 6.9 6.7 6.5 8.4 11.3 11.9 11.1 9.4 7.7 5.9 5.7 5.5 5.4 5.4 5.4 5.4 5.4 5.4 5.4 5.3 5.4 5.5 5.6 5.7 4.1 6 5.5 5.3 6 5.4 5.3 5.3 5.4 5.4 5.4 5.4 5.5 5.5 5.5 5.6 5.5 5.4 5.4 5.5 6 10.4 5.6 5.5 5.5 5.4 5.2 4.7 4.9 5.2 5.1 4.9 5 5 5 5 5.1 5.2 5.2 5.3 5.4 5.4 5.3 5.2 5.1 5.1 5 4.9 5 5
33.1 35.2 42.2 38.4 34.2 30 26.4 20.5 18.9 16.2 14 9.8 8.3 6.6 6.6 6.6 6.2 6.5 6.5 6.8 6.8 6.8 6.8 6.6 6.5 6.4 6.4 6.3 6.2 6.1 6 5.9 5.7 5.5 5.3 5.4 5.4 5.4 5.4 5.3 5.3 5.4 5.4 5.5 5.5 5.6 4.2 5.6 5.6 5.7 5.6 4.9 5.2 5.3 5.3 5.3 5.3 5.4 5.4 5.4 5.5 5.5 5.5 5.4 5.3 5.4 10.5 10.6 5.9 5.7 5.7 5.6 5.7 5.3 6 5.2 5 4.8 4.9 4.9 5 5 5.1 5.2 5.2 5.3 5.4 5.2 5.3 5.2 5.1 5.1 5 4.9 4.9 5
44.9 55.7 68.2 66.3 54.8 40.4 31.8 29.3 22.3 19.5 17.9 12.7 9 7.5 6.8 6.4 6.6 6.5 6.5 6.7 6.7 6.7 6.7 6.5 6.4 6.3 6.1 6.1 6.1 6.1 6 5.9 5.7 5.5 5.3 5.3 5.4 5.3 5.3 5.3 5.3 5.4 5.5 5.5 5.4 5.7 4.2 5.9 5.8 5.6 5.5 5.7 4.3 5.2 5.2 5.2 5.3 5.3 5.3 5.4 5.4 5.4 5.5 5.4 5.4 5.7 11.6 6.9 5.7 5.9 5.8 5.8 5.9 5.9 5.3 5 4.9 4.6 4.7 4.9 5 5 5.1 5.2 5.2 5.3 5.3 5.4 5.3 5.2 5.2 5.1 4.9 5 4.9 4.9
77.4 77.8 77.8 77.1 65.6 53.8 40.5 35.8 28.4 25.4 19.7 15.3 12.9 8.7 7.7 7.4 6.6 6.4 6.6 6.6 6.6 6.7 6.6 6.4 6.3 6.1 6 6 6 6 5.9 5.8 5.7 5.5 5.3 5.3 5.3 5.3 5.3 5.3 5.3 5.4 5.4 5.4 5.3 4.6 5.7 5.8 5.6 5.4 5.3 5.5 5.6 5.2 5.2 5.2 5.2 5.3 5.3 5.3 5.3 5.4 5.4 5.6 5.3 7.2 12 5.8 5.5 5.8 5.9 5.9 5.8 5.7 5.6 5 4.7 4.5 4.4 4.8 4.9 5 5.1 5.1 5.2 5.3 5.3 5.4 5.3 5.3 5.2 4.9 5 5 5 4.9
81.3 80.7 80 79.8 79.8 35.3 43.2 37.9 37.2 29.3 24.3 22 19 14.9 10 9.4 7.1 6.4 6.5 6.6 6.7 6.6 6.5 6.3 6.2 6 5.8 5.8 5.9 5.9 5.9 5.8 5.7 5.5 5.4 5.2 5.3 5.3 5.3 5.3 5.3 5.4 5.3 5.3 5.2 4.7 5.4 5.9 5.5 5.3 5.2 5.4 5.5 5.6 5.4 5.4 5.4 5.4 5.4 5.3 5.4 5.4 5.4 5.6 5.7 12 12.4 5.7 5.6 6 5.8 5.7 5.6 5.7 5.6 5.2 4.8 4.4 4.2 4.5 4.8 5 5.1 5.1 5.2 5.3 5.3 5.4 4.8 5.3 5.2 5 5 5 5 5
