app/static/ascii/ST45.asc
ncols 200
nrows 200
xllcorner 340000
yllcorner 150000
cellsize 50
[rows 37 to 73 of 200, columns 83 to 165 of 200]
116.1 118.7 120.6 121.9 123.2 124.5 125.9 127.4 128.7 130.7 132.3 133.8 135.2 134.6 136.8 139.6 142.4 144 145.8 148 151.1 153.5 154.3 147.3 130.5 121.5 124.2 134.8 156 168.3 174.2 176.4 173.5 168.8 159.9 156.8 168.1 178 182.9 186.6 190.3 193.7 196.2 197 195.9 195.3 195.5 195.4 196.1 196.7 196.9 196.6 195.4 190.9 187.8 190.1 192.8 195.2 196.5 197.1 197.6 198.3 198.4 197.1 194.8 191 186.8 178.1 170.8 180.9 186.7 188 187.5 186.4 181.9 164.6 165.1 181.4 185 181.1 179.8 181.3 182.8
118.2 120.8 123.2 125 126.3 128.1 129.5 130.9 132.4 134 135.6 137 138.5 138.2 139.6 142.4 145.2 147.7 149.9 152.1 154.7 157.1 158.7 157.1 146.9 135 131 126.9 138.9 161 175.7 178.8 180.2 176.8 168.3 158.8 162.7 172.1 180.2 189.3 194.7 197.8 200.1 201.4 202.1 202.4 201.9 201.9 202.8 203.6 203.7 205.1 204.2 198.1 190.9 197.4 200.3 202.1 204.1 205 206 206.1 205.3 204.2 203.6 199.8 195.6 187.4 179 188.2 193.1 194 193.5 190.9 185.6 172.7 173.9 189.8 195.1 194.9 195.4 196.4 198.5
107.8 121.1 124.2 126.5 128.7 131.5 133 134.4 136 137 138.7 140.2 141.6 141.9 143.2 145.5 148.3 151.3 153.6 155.8 158 160.3 162.6 163.2 158.4 151.4 146.3 139 131.7 154.9 177.3 184.3 185.4 185 176.7 164.9 175.1 175.6 175.8 186.1 196.2 202.9 203.4 205.7 206.8 207.6 208.1 208.7 209.6 210.5 211.1 211.9 210.8 202.2 196.4 204.8 207.9 210.3 212.4 213.7 213.8 213.4 213.8 213.6 212.1 209.5 205.2 198 191.3 199.8 202.1 202 200.7 197.7 191.1 179.3 176.4 187.3 196.6 200.6 202.4 204.8 205.6
116.4 109.1 121.7 128.1 131.1 133.9 136.5 137.3 138.1 140.2 141.9 143.3 144.7 145.7 147.3 148.8 151.5 154.8 157.1 159.2 161.2 163.6 165.9 168.1 167.5 163.5 158.6 147.5 133.7 154.8 175.8 189.4 191.2 190.2 183.2 170.9 184.5 188 186.7 185.3 193.4 202.2 206.9 209.4 211.5 212.6 213.9 215.1 216 216.7 216.8 218.7 216.8 202.4 203.7 211.2 214.9 217.9 219.8 221.9 223.2 223 223.6 222.1 220.9 219.8 215.9 208.5 203.7 211.6 213.5 213 211.1 207.5 199.7 186.3 191.3 195.7 200.6 204.5 208.6 211.2 212.9
122.5 122.7 115 121.8 130.9 134.4 136.5 138.5 140.2 142.7 144.9 146.4 147.8 150 151.5 152.7 154.9 158.1 160.5 162.9 164.9 167.3 169.9 172.5 173.6 172 169.8 156.3 135.9 158.9 177 191 194.9 195.5 189.5 176.6 185.2 195.4 195.3 194.3 193.3 199.3 209.3 213.3 215.7 217.7 219.6 221.3 222.3 222.8 222.6 222.4 216.2 202.5 211.1 217.5 221.5 224.5 225.9 228.2 230.3 232.2 231.1 229.7 228.7 228 226.4 221.4 213.8 223.8 225.7 224.5 222.5 218.8 210.1 201.2 206.5 208.4 211.5 214.9 216.6 218.5 219.5
124.2 125.3 126.8 123.6 121.9 133.2 135.5 139.4 140.7 143.6 146.4 148.6 150.5 152.1 153.9 155.7 158.2 160.8 163.5 166.2 168.7 171.3 173.8 176.3 178.7 179.2 177.7 163.3 139 157.8 177.2 189.7 196.9 198 197.6 190.3 184.2 192.9 201.4 201.3 200.7 199.6 210.9 217.7 219.5 221.1 222.6 224.2 225.9 227.4 227.5 226 216.6 207.8 214.2 223.9 227.7 230.2 232.2 234.6 236.9 238.8 238.5 237.5 236.8 236.1 234.9 233.2 226.7 230.9 237.4 237.2 235.9 231.1 218.8 214.4 221.1 223.3 225 227.1 227.6 229.4 228.1
124.9 126.7 128.5 128.9 127.4 123.1 130.8 136.8 141.3 143.4 146.7 149.8 151.3 152.1 154.3 156.5 159 162.3 165.6 168.9 172.2 174.9 177.4 179.6 182.1 183.6 182.6 170.7 149.9 149.5 166.2 178.1 190.3 199.8 201.7 199.8 193.1 190.7 200.9 207.2 208.1 206.8 210.5 221.7 224 224.9 226.5 228.1 228.8 228.8 229 227.1 216.9 217.8 218.1 223.3 232.8 235.6 238.5 241.4 243.5 245.2 246.3 245.6 245 244.3 243.5 241.9 239.1 235.5 245.2 245.9 244.6 241.7 229.3 230 237.4 239.1 240.4 241.1 241.7 241.7 240.4
125.4 126.7 128.2 128.4 129.8 131 130.5 129.5 134.9 140.2 143.7 147.8 148.4 148.3 150.6 153.6 157.2 161.9 165.7 170.1 174.1 177.4 180.5 182.8 185.2 187.4 187.7 179 160.8 149.8 166.8 170.4 180.6 194.1 203.7 206.6 203.3 198.7 197.6 206.9 213 213.1 212.5 222.3 227.8 230.1 230.9 232.9 233.4 232.9 232.6 228.3 220.4 220.8 228.8 225.5 230.9 240.4 244 247.1 250.1 251.6 254 254.2 253.9 253.7 252.6 250.3 247.4 240.4 251.1 253.5 252.1 249.7 240.3 240.2 249.2 251.3 253.8 255.2 255.4 255.1 253.8
122.1 124.5 126.4 128.6 130.5 132.7 134.8 136.5 137 136.2 137.1 138.7 140.5 142.7 145.8 149.4 153.8 159.3 164.6 169.2 174.6 178.4 182.2 185.5 187.8 191 190.8 187 172.9 156 161.6 170 179.9 191.1 199.2 208.3 210 208.9 205.3 205.6 213.6 218.8 218.8 221.1 229.4 233.8 235.1 236.3 237.5 237.7 237.5 233.8 226.3 221.3 230.8 235.5 233.4 234.7 241.8 249.3 253.6 258.2 261 262.7 263.4 262.9 262 260 257 248 257.8 260.1 259.5 256.9 251.1 246.6 258.1 261.1 262.9 264.7 265.6 266.4 267.6
118.4 121.3 125.2 128.5 131.7 134.5 137.2 140.1 142.1 142.1 143.5 145.5 146.4 146.8 147.3 147.9 151.6 157.9 162.6 167.5 172.8 177.3 182.1 186.4 190.1 193 195.1 192.9 182.4 168 153.5 168.1 180 190.5 198.7 205.1 212.9 215.4 215.7 211.6 211.6 219.4 222.7 224.3 226.4 232.8 236.4 238.4 240.2 241.3 242.5 239.6 231.9 224 230 238.3 243.5 244 245 247 254.2 260 263.9 267.9 269.4 271.3 270.5 269.1 266.2 256.8 266.4 267.9 267.7 265.8 262.6 253.1 264.7 269.9 272.5 274.2 275.1 275.9 276.3
121.1 123.6 126 129.3 132.3 135.2 138.3 141.5 144 145.9 147.3 149.3 151.4 151.7 151.6 152.5 155.1 158.4 158.5 163.5 168.9 174.5 180.2 185.2 189.9 193.9 196.3 198.7 193.1 177.4 158.1 164.4 179 192 199.6 206.4 212.4 218.3 220.8 219.6 218.7 218.8 223.5 227.1 230.1 233.1 237.2 240.7 242.9 244.2 245.2 244.8 237.3 230.7 231.7 239.1 246.8 249.7 251.9 251.9 254.2 260.3 266.3 269.9 272.9 276.3 277.3 276.7 273.1 265.7 273.9 275.7 275.8 275.3 273.8 265.4 272.3 278.6 281.4 283.4 284.6 285.3 285.2
121.8 124.8 127.2 130.1 133.1 135.9 139.4 142.6 145.6 147.9 149.9 152.2 154.5 156 155.9 157 158.6 158.9 159 159.5 164.5 169.9 177.1 182.3 186.9 191.5 197.3 200.4 199.9 189.4 163.2 161.2 180.2 194.3 203.9 210.3 215.7 220.6 224 225.4 225.5 225.7 227.1 229.1 233.3 236.2 240.2 243.5 245.6 247.4 248.9 248.9 244.9 238.3 236.2 243.2 249.4 253.8 257.4 259.4 261.2 263 268 271.9 275.3 279.3 282.7 281.6 279.5 271.5 278.8 282 282.7 284.3 283 277.6 277.9 286.4 289 291.6 293.7 294.3 293.8
120.9 124.3 128 130.9 133.9 136.7 140.7 143.8 147 150.4 153 155.4 157.7 159.8 160.3 161.5 162.9 164.1 164.4 164.2 164.7 168.8 176 180.6 183.2 188.8 194.7 199.3 202.9 198.5 162.7 167.1 185.6 198.6 207.9 214.4 219.9 224 227.1 229.7 231.4 231.6 232.2 234.4 236.7 240 244 247 249.2 251.6 253.2 253.6 250.9 247.1 245.5 250.1 254.4 259.1 262.8 265.4 267.3 270 272.5 275 278.5 282.5 286.6 286.6 282.7 275.3 282 286.1 288.9 290.3 290.1 287.8 284 292.8 295.5 298.3 300.7 301.3 301.4
121.8 124.1 127.6 131.3 135.2 138.9 142.4 146 149.3 152.8 156 158.5 160.9 163 164.6 165.8 167.3 169.1 170.3 170.4 170.9 170.2 175.1 181.2 185.4 189.7 194.5 198.6 203.2 190 163.2 173.4 189.4 202.7 212.3 220 224.5 228.4 232 234.8 235.9 236.6 236.8 238.6 241.3 244.2 248.3 251.5 253.6 255.7 258.1 259.2 258.4 256.5 255.7 257.9 260.7 264.8 268.5 271.3 273.5 275.9 278.4 280.8 283.2 285.9 288.5 287.7 282.2 282.8 284.7 289.6 292.1 294.5 295.9 295.2 287.9 297 300.7 303.9 305.8 306.9 307.9
126.4 128 130 133.4 138.1 141.6 145 148.3 151.7 155.2 158.9 161.4 164 166.2 168.5 170.5 172 174.4 176.3 176.9 177.8 177.2 178 183.9 189.4 193.4 197 200.6 203 190.2 167.3 176.1 192 206.5 216.5 224.6 229.9 233.7 236.7 239.5 241.8 243.8 245 246.2 247.9 249.9 252.7 256.1 258.7 261.3 263.9 265.8 265.5 264.9 264 266 268.2 271.2 274.5 277.1 279.5 281.9 284.3 286.6 288.9 291.1 291.3 289.7 286.9 288.3 288.2 292.7 295.2 298.3 300.2 299.6 296.3 295.3 302.4 307.2 310 312.6 313.9
136.7 137.3 137.6 139.4 141.5 144.6 148.5 152 154.3 157.6 161.2 164.3 167.6 170.9 172.9 175.1 177.7 180 182.3 183.7 185.1 185.6 185.1 187.4 194 198.3 202 205.1 204.9 195.7 175.2 171.3 188.4 205.3 217.2 228.2 234.1 238 241.6 244.8 248 250.4 252.7 254.3 254.9 256.2 257.8 261.5 264.1 267.6 271.3 273.7 274.7 273.6 272.4 274.5 276.8 279.2 280.7 283.4 285.8 288 289.3 292.1 294.4 296.2 296.1 294.1 293.5 294.5 291.5 298.4 300.3 302.6 304.4 304.3 302.9 302.4 303.6 307.4 311.1 314.5 317.8
143.4 145.5 148.1 150.1 150.8 152.4 154 155.7 158.7 161.8 165.9 169.3 172.1 175.6 178.8 181.3 184.7 187 188.8 190.1 191.6 192.8 193.2 193.9 199 203.2 207 209.2 208.9 203.6 185.5 173.1 180.4 196.5 212.8 227.8 236.2 242 246.9 250.4 254.1 257.1 259.8 261.8 262.3 263.7 265.2 266.8 270.6 274.6 278.6 280.1 280.7 280.5 280 282.9 284.3 285.6 286.8 289 291.4 292.8 294.2 297 298.9 300.6 300.5 299.1 299.5 301 298.8 302.5 305.1 307 308.3 308.1 307.8 308.1 308.7 309.9 312.5 315.9 318.7
147.3 152.2 154.4 159.1 161.6 163.8 165.3 167 166.7 167.4 172.2 175.1 177.6 181.3 184.7 188 191.5 194.1 195.2 196.6 198 199.3 199.7 201.9 205.3 208.8 211.7 213.6 215.3 215.5 201.2 186.1 174.3 187.9 204.9 221.5 235.8 244.5 250.2 256.3 259.4 263.9 267.2 269.2 270 271.1 272.6 274 276.2 280.5 283.3 285.4 286.1 286.8 286.8 287.5 288.4 289.7 290.9 293.3 295.8 297.5 299.1 300.6 302.2 303.6 302.7 303.5 303.8 303.7 304.1 305.2 307.5 309.2 310.3 310.7 310.4 310.5 311.5 313.5 314.4 316.3 318.8
135.1 153.3 159 165.8 171.7 175.5 178 181.2 183.9 186.5 186 184.6 184.5 186.9 192.3 195.8 198.7 200.5 201.7 203 204.3 205.8 207.1 209.1 211.3 214.1 216.1 218.4 220.4 221.2 213.6 199.4 184.6 180.4 196.9 214.3 230.8 243.3 250.3 258.8 263.7 266.2 270.8 273.5 276.4 278.5 280.2 281.8 283.7 285.5 287.5 289 290.5 291.4 292.2 291.9 292.7 293.9 295.1 297.6 300.1 301.5 302.4 304.1 305.5 306.1 305.9 305.8 306.1 306.3 307.3 308.2 308.9 310.5 311.5 312.2 312.7 313.2 313.4 313.7 314.3 315.7 317.9
122.5 144.9 160.7 169.3 176.1 181.9 187.1 192.7 196.7 200.7 201.8 202.4 201.4 201.7 201.2 204.1 205.9 207.2 208.9 209.5 210.6 212 214.4 215.2 216.6 219.1 220.9 223 225.4 226.7 226.5 212.1 195.5 179.1 189.2 206.8 224.5 238.2 246.5 253.9 259 264.7 269.6 274.1 278.4 281.7 283.5 285 287.3 288.9 290.5 292 293.2 294.2 295.5 297.3 297.1 298 299.4 301.6 302.8 304.4 305.8 307 307.5 307.6 307.7 307.8 307.8 307.9 308.8 309.6 310.3 311 311.6 312.1 312.7 312.8 313 313.4 314.3 315.2 317.2
126 131.9 154.8 167.5 177 187.3 195.1 201.4 205.7 209.1 211 212 212.4 212.8 213 213.4 214.5 216.8 218.7 218.9 219 219.2 219.9 220.2 222.1 224 226.4 228.7 230.8 232.4 232.5 228.3 209.6 191.5 182.2 199.9 217.7 231.6 238.8 245.8 252.9 259.1 265.5 272 277.8 281.3 283.7 285.5 287.3 289.4 291.3 293.2 294.4 295.2 296.4 298 299.8 301.6 303 304.2 305.5 307.1 307.4 307.8 308.1 308.2 308.3 308.7 307.9 307.5 308.2 309.1 309.9 310.7 311.4 312 312.6 312.6 312.6 313.4 314.3 315.1 316.5
138.5 127.2 145.6 163.3 175.3 185.9 194.4 204 211.5 215.3 217.2 218 217.9 218.6 220 221.7 223.1 225.3 226.7 226.9 228.2 230.2 231.6 230.8 231.6 232.7 233.3 235.2 237 239.3 240.4 239.3 225.4 203.6 183.9 194.2 210.6 221.4 229 236.1 243.9 252 261 268.7 272.7 277.6 280.7 283.4 286.5 288.8 290 291.5 293.1 294.8 296.5 298.4 300.2 302 303.8 305.4 306.7 307.4 307.7 308.2 308.6 308.5 308.3 308.3 307.9 307.2 307.1 307.6 308.3 309 309.7 310.3 310.8 311.5 312 312.8 313.4 314 314.8
152.1 134.6 135.6 157.4 170.1 181.2 191.4 200.1 209.4 217.1 220.5 220.5 220.6 220.7 224.4 227.3 230.4 231.6 233 234.4 235.8 236.6 238.4 239.3 239.4 241.4 241.9 241.9 243.9 246.7 249.2 245.4 234.3 213.4 193.3 187.3 200.3 208.2 216.8 226.2 235.2 243.5 251.5 258.8 263.1 268.9 275.3 280.6 283.2 286.2 287.9 289.5 290.7 293.1 295.3 296.8 298.6 301.3 304 305.3 306.7 307.4 308 308.3 308.4 308.2 307.7 307.3 306.7 305.8 305.7 306.2 306.6 307.1 307.7 308.2 308.8 309.4 309.7 310.3 310.8 311.4 312.3
163.4 147.8 133 150.8 166.2 176.2 186.1 194.8 203.1 210.3 214 215.3 215.7 217.9 222.4 226 229.2 230.4 231 232.7 232.9 234.1 234.7 235.8 235.5 234.8 235.4 236.2 237.5 240.1 241.1 239.3 233.6 219.8 203 190.3 192.8 201.6 208.5 217.1 226 234.5 242 248.5 254.1 259.9 266.6 273.8 278.2 281.4 282.6 284.2 286.8 289.6 292.4 295.1 297.2 300.3 303.1 304.3 305.2 305.9 306.6 307.3 307.5 307 306.2 305.6 305 304.4 304.3 304.5 304.6 305.1 305.6 306.1 306.7 307.1 307.4 307.7 308.3 308.9 309.7
169.8 157.7 140.6 144.3 160 171 179.9 188.6 196.4 202.6 205.9 206.8 207.4 208.7 212.5 215.9 218.9 220.5 221.4 222.3 222.8 223.6 224.2 224.2 224.3 224.8 225.5 226.8 228.1 230.1 231.5 230.8 229.4 227.8 216.5 203.7 192.1 195.3 202.9 210.4 218.5 226.3 233.4 238.6 245.6 251 257.5 264.3 270.3 274.3 275.7 277.4 281.7 284.5 287.7 290.8 294.7 298.2 301.3 302.3 303.5 304.4 305.1 305.1 304.7 304.2 303.5 303 302.5 302 301.9 302.1 302.5 303 303.5 304 304.1 304.8 305.1 305.3 305.8 306.3 307.2
174.7 163.6 147.9 140.9 156.2 164.9 173.2 182 188.1 192.1 193.9 195 196 199.4 202.8 205.6 207.3 208.5 209.8 210.2 210.7 211.6 212 212.1 212.5 213.5 214 215.6 220 221.6 222.7 222.9 222.7 222.7 220.5 216 205.8 198.2 195.6 202.8 211 218.2 223.9 229.1 236.7 241.5 247.6 255 260.2 264.9 264.9 267.7 272.5 276.6 280.9 282.9 288.2 292.9 296.1 299.7 301.1 301.9 302.2 302.1 301.7 301.3 300.7 300.2 299.8 299.6 299.5 299.5 300 300.2 300.2 300.1 300.5 301.8 302.7 303 303.2 303.8 304.7
178.3 167.9 152.6 140.3 152.7 159.6 166.9 173.4 177.7 180.4 181.9 183.1 184.4 187.2 190.9 192.9 194.9 196.3 197.9 198 199.6 201.4 202.4 203.5 203.9 204.8 205.7 207.2 210.2 211.9 213 214.4 214.8 215.6 218.3 218.5 219 216.8 206.3 198.2 202.5 210.1 218.1 224 229.9 233.1 237.4 241.2 246.1 248.2 251.8 255.5 261.2 266.6 271.3 275.8 280.8 285.8 289.3 293.4 296.2 297 297.9 298.7 298.6 298.4 297.9 297.5 297.4 297.2 296.7 296.3 296.2 296.2 296.2 296.2 296.8 298.2 299.6 300.5 300.9 301.3 302.1
175.2 167.1 153.3 141.1 148 153.6 160.2 165.3 169.6 172.5 172.8 173.3 173.1 175 178 181.7 184.5 186.4 189.8 190.5 191 192.4 193.2 193.9 194.5 196.1 196.8 197.9 200.7 202.7 203.6 205.8 207.5 210.6 213.2 216.8 219.9 222.7 222.9 218.6 210.9 200.6 207 215.5 222.2 226.6 230.4 233.9 237.7 239.9 243.4 248.3 254.4 259.8 265.8 270.2 274.8 279.3 283.4 287.5 289.6 291.3 291.8 293.5 293.6 293.8 294.1 294.1 293.6 293.1 292.6 292.4 292.3 292.2 292.2 292.2 293.2 294.5 296 297.5 298.2 298.9 299.4
171.6 164.1 154.1 145.7 143.1 145.4 152.9 158.9 163.5 166.7 166.1 162.5 159.5 160.8 164 168 172.4 177.2 177.9 181.9 182.5 184.3 185.3 184.3 186.6 188.7 191.1 193.6 195.5 197.5 199.8 201.6 204.1 207.2 209.3 212.5 215.8 218.6 221.9 223.7 222 213.6 205.7 204.7 210.1 216.1 221.5 226 228.5 230.9 237.1 242 247.5 254.5 260.4 265.4 270.2 274.6 278.7 281.4 283 284.5 286.3 288.3 288.4 288.6 289.1 289.4 289.5 289.1 288.7 288.6 288.4 288.3 288.2 288.3 289.6 290.9 292.3 293.8 295.3 296 296.6
172.7 167.8 162.3 155.9 151.4 147.3 145.3 151.1 155.2 154.1 154.6 157.2 164.7 168.1 171.7 172.6 172.2 172.2 174.7 178.4 181.3 183.9 186.2 189.9 192.8 195.8 198.8 201.5 203.6 205.8 207.2 209.1 209.8 210.3 211.3 212.6 213.8 215.9 218.7 220.4 218.8 214 211.8 210.3 209.6 209.8 211 215.6 219.2 221.9 228.5 234.5 242.1 249.1 255.1 260.6 265.6 269.9 273.6 275.2 277.4 279.6 281.1 283.1 283.2 283.7 284.2 284.6 284.7 284.7 284.8 284.7 284.5 284.3 284.3 284.7 286 287.3 288.2 289.6 290.9 292.7 293.8
178.8 176.5 171.6 165.5 160.9 155.7 150.5 150.2 151.5 154.3 160.4 166.5 174.4 180.4 184.8 186.4 187.2 187.8 188.4 189.4 191.3 193.3 195.2 197.9 200.9 203.7 206.6 209.6 215.4 220.4 223.7 226 225.5 224.5 223.1 221.9 220.5 219.8 220.7 221.1 220.2 220 218.8 217.5 217.9 217.4 218.4 219.8 219.9 219.9 221 225.8 236.4 243.9 250.2 255.7 261.2 265.8 269.3 271.3 273.3 275.3 276.4 277.9 278.3 278.8 279.3 279.8 279.9 279.9 280 280.1 280.2 280.4 280.3 281.1 282.2 282.8 283.2 284.8 286.3 287.9 290
187.5 188.9 185 177.6 169 163.3 157.8 153.8 154.6 156.9 164.3 176.8 187.1 194 196.7 197.5 198 198.6 199.2 201.1 201 203 204.7 208.6 215 221.9 228.7 233.2 236.9 238.7 240.5 240.6 239.6 239.2 237.7 237.3 235.5 233.9 231.1 228.1 227.2 226.5 226.1 225.6 229 232.1 233 232.5 233.2 233.5 230.8 226 228.7 237.1 245.6 252.8 258.4 262.7 266.2 268.7 270.2 271.7 272.9 273.6 273.9 274.2 274.5 274.9 275.1 275.1 275.2 275.3 275.4 276 276.7 277.2 277.5 277.9 278.3 279.7 281.3 282.9 284.6
207.4 204.8 201.1 191.7 181.9 172.9 163.8 159 156.9 163.4 177.3 192.4 203.8 218.1 222.8 223 222.6 220.5 220.6 220.5 220.3 222.9 228.2 235.7 238 240.5 242.2 243.5 245.5 246.3 246.9 247.4 247.7 247.8 247.8 247.6 246.2 244.7 242.8 240.5 236.6 236.3 235 235.1 238 240.4 241.5 241 241.1 241.5 240.5 236.1 231.8 238.3 245.6 252.5 256.8 260.4 263.7 266 267.6 268.3 269.6 270.3 270.8 271.1 271.4 271.4 271.3 271.2 271.2 271.6 272.3 273 273.7 273.5 273.8 273.4 273.4 274.6 276 277.3 279.3
225.8 223.5 217.9 206.2 194.5 182.8 173.7 164.4 160.8 169.2 180.1 195.9 212.7 227.8 237.5 240.5 241.4 241.9 240.6 240.9 240.6 240.8 241.6 242.9 243.2 244.8 246.6 247.7 249 249.8 250.6 251.1 251.5 252 252.4 251.8 251.2 250.5 249.6 247.9 245.8 245.6 244.3 243.6 245.6 247.3 248.7 248.8 248.4 247.9 247 244.6 239.2 241.4 249.3 253.3 256.6 259.3 262 263.7 265.2 266.2 267 267.4 267.7 267.9 267.9 267.9 267.8 267.9 268.1 268.5 269.3 270 270.6 270.4 270.2 269.8 269 269 270.2 271.7 274
234.6 235 234.2 223 207.5 194.4 180.8 170.6 165.2 171.1 179.5 192.8 209.5 223.5 235 240.8 243.5 244.4 244.3 243.9 244.2 244.5 244.8 246 246.3 248.2 249.7 251 252.4 253.1 253.6 254.1 254.6 254.9 255.1 254.6 254.1 253.5 253 252.4 251.7 251.1 250.3 250.3 250.7 251.8 252.5 253 253.2 252.8 251.3 249.6 248.7 248.9 249.2 253.8 256.7 258.5 260.1 262 263.3 264.1 264.9 265.4 265.6 265.6 265.3 265 264.9 264.8 265 265.4 266.2 266.9 267.5 267.2 267.4 264.8 263.8 263.1 264.3 266.3 268.6
238.2 239.2 239.9 231.9 216.4 201.3 187 175.1 169.9 172.8 179.1 188.9 204.7 218.7 231.2 239.4 243.6 244.9 245.6 245.7 245.7 245.5 245.8 247.4 249.2 250.2 251.7 253.1 254.3 254.9 255.5 256.2 257 257.1 256.8 256.5 256 255.4 254.9 254.7 254.3 253.8 253.6 253.5 254 254.5 255 255.3 255.6 255.6 254.8 253 252.4 252.8 252.8 254 255.8 257.4 258.8 260.3 261.1 261.9 262.8 263.3 263.4 263.3 263 262.7 262.6 262.6 262.4 262.5 263.2 263.8 264.4 265 265.6 263.8 261.3 257.2 259.1 260.8 262.6
241.9 242.2 243.3 242.5 225.8 206.9 192.3 179.1 173.7 174.3 179.3 186.5 200.6 213.9 225.4 234 243.1 245 245.7 245.4 245.8 245.9 246 247.3 249.7 251.1 252.5 253.8 254.9 255.8 256.5 256.8 257 258.3 258.2 257.9 257.6 257.3 257 256.8 256.6 256.3 256 255.8 256.4 257 257.3 257.6 257.8 258.1 257.4 256.5 256 256 256 255.6 255.1 256.7 258.2 259.2 259.9 260.7 261.2 261.2 261.2 261 260.7 260.4 260.2 260.4 260.2 260.3 261 262 262.5 262.9 263.5 262.9 261.3 256.9 254.5 255.3 256.4
