app/static/ascii/ST47.asc
ncols 200
nrows 200
xllcorner 340000
yllcorner 170000
cellsize 50
[rows 156 to 194 of 200, columns 0 to 87 of 200]
-3.9 -3.9 -3.9 -3.9 -3.9 -3.9 20.2 35.7 43 48.7 49.6 50.8 52.5 56.7 59.4 61.4 62.6 63.6 63.8 62.1 60.8 60.1 59.4 58.7 57.4 56.4 55.1 52.5 31.6 19.1 15.5 13.9 14.3 16.4 19.3 30.4 39 47.8 56 57 57 59.2 50 43.5 44.6 44.7 49.3 45.3 43.1 44 47.8 49.3 51.1 54.2 57.2 59.8 60.4 64 68.3 73.6 76.4 79.7 81.1 85 86.8 87.3 87.1 86.8 81.5 71.5 58.3 57.1 68.3 71.2 71.4 72 71.9 71.1 71.4 74 75.5 76.2 75 69.9 68.4 66.3 64.6 63.5
-3.9 -3.9 -3.9 -3.9 -3.9 2.2 26.6 37.7 48.6 51.8 52.1 53.7 58.7 61.7 63.9 65.9 68.2 71.3 68.6 64.6 62.8 61.6 60.4 59.5 58.4 57.4 56.1 50 25.7 16.3 13.8 12.8 14.2 17.6 30 41.6 49.6 58.2 66.1 70.1 70.8 46.4 43.6 63.1 58.5 64.2 66.2 63.9 62.5 64.4 67.3 72.6 75.6 81.3 84.8 89.2 85.1 85.1 88.6 91.2 90 87.7 87 86.7 86.8 79.6 74.7 67.4 58.7 53 54.8 65 66.2 64.3 61.9 58.2 57.9 58.4 57.8 59 60.9 60 54.7 53.7 52.6 49.9 49.1 49.1
-3.9 -3.9 -3.9 -3.9 -3.9 9.5 32.6 38.3 49.3 55.9 57.3 59.3 62 65.5 68.2 72.8 77.7 77.7 71.6 66.8 65.1 63.6 61.9 60.9 59.9 58.6 54.9 36.9 20.3 15.2 13.1 11.7 14.6 33.5 46 53.3 59.7 66.4 72 75.1 73.5 52.5 66.8 66.3 68.8 80.2 83.6 83.5 82.5 84.9 88.1 87.4 86.9 86.9 87.5 87.7 88.3 86.7 84.3 82.9 82.6 82.2 81.2 81.7 76.6 67.5 58.6 49.3 50.3 59.8 57.5 56.9 56.1 50.3 45.2 43.4 42.2 42.9 43.5 47.4 46 46.1 45.6 44.5 43.4 42.5 42.1 41.5
-3.9 -3.9 -3.9 -3.9 4.2 23.6 32.5 38.2 42.7 60.5 61.1 62.2 65 69.1 74.7 82.5 86.3 80.8 71.8 68.4 65.9 63.9 63.1 62.7 62.3 60.9 57.9 42.1 22.7 17.1 12.2 11 15.8 27.2 37.9 50.4 60.7 69 73.4 77.1 78.5 79 78.2 78.2 85 84.9 86.2 87.3 87.1 86.1 84.9 83.8 83 82.9 83.5 84.2 83.3 78.8 74.9 73.2 72.9 74.3 70.7 70.6 59.4 49 45.7 49.7 55.9 50 46 42.5 39.7 38 37.1 36.6 36.5 37.3 37.7 38.8 39.8 39.9 38.9 37.9 36.9 36.2 35.4 34.7
-3.9 -3.9 -3.9 -3.9 18.4 23.9 28.9 32.4 37.7 39.8 60.3 64.1 67 71.3 80.2 89.3 84.3 75.2 71.7 68.5 65.9 65.3 64.8 64.4 63.9 65.2 66.1 51.6 28.8 18.8 12.7 10.8 14.1 18.6 27.6 46.5 65 73 78 81.5 83.2 83.2 84.5 87.4 87.5 86.6 87.2 87.2 85 83.5 81.9 80.5 78.4 79.1 79.5 79.8 72.4 64.5 63.2 60.9 59.3 57.5 55.1 50.8 41.4 43.2 42.8 41.5 39.3 38.3 37.1 35.9 35.2 34.4 33.3 32.7 32.3 32.9 33.1 33.4 34.1 33.2 32.3 31.3 30.6 29.9 29.6 28.9
-3.9 -3.9 -3.9 2.6 17.3 20.6 25.1 30 32.6 34.7 43.3 57.6 66.9 72.6 82.6 85.1 76.2 72.2 69.4 67.3 66.2 66 65.6 64.9 67 69.1 72 63.8 36 21.3 14.8 10.2 11.5 15.1 20.6 44.8 69.3 79 82.5 84.3 86.5 87.1 87.7 89.7 89.5 88.7 88 85.5 83 78.6 74.2 67.5 64.3 63.7 65.4 62.5 58.1 50.8 47.8 44.3 42.1 40.6 37.2 38.2 38.3 36.5 35.9 35.2 34 33.5 32.8 32.1 31.3 30.4 29.7 28.8 28.5 28.4 28.7 28.1 27.5 26.7 26.3 26.5 26.4 26.4 26.3 25.5
-3.9 -3.9 -0.1 3.8 14.2 19.8 23.1 27 28.4 28.5 31.6 35.7 55.9 70.9 77.5 79 75.3 70.6 68.4 67.4 66.8 65.7 65.2 65.2 69 71.9 74.2 70.2 44.9 24.6 17.3 11.2 9.9 12.3 18.8 44.3 71.1 82 83.2 83.8 85.4 85.8 87.8 90.7 89.6 87.5 84.5 83.3 79.6 70.1 62.2 54.1 50 48.9 46.5 43.1 40.8 39.6 36.8 35.7 34.6 33.4 34.3 32.8 32.8 32.3 31.7 30 29.8 29.4 29 28.3 27.5 26.6 25.8 25 24.6 24.4 24.3 23.1 22.2 22.1 22.6 23.1 23.2 23.1 23.1 22.1
-3.9 -3.9 0.8 4.1 8.4 14.3 19 22.4 22 23.6 27 32.9 41.6 62 73.8 73.1 71.2 69.6 67.8 67 65.4 63.9 63.6 64.5 69.2 73.5 71.2 70.6 56.3 34.7 19.3 12.8 8.7 9.7 15.4 39.2 66.1 79.9 80.3 80.8 81.9 82.5 83.4 84.3 82.9 81.9 80.6 78.5 69.7 60.1 51.4 43.2 38.7 36.5 35.7 34.4 33.6 32.3 31.2 29.2 31.1 30.3 29.7 28.4 28.6 28.2 27.5 26.4 25.7 25.2 24.8 24.4 23.7 22.9 22.1 21.4 21.1 21 20.2 18.3 18.4 18.4 18.8 19.3 19.8 19.9 19.8 18.8
-3.9 1.9 4 4.8 10.4 12.3 14.2 15.6 18.9 22.1 26.5 31.4 36.4 41.6 70.7 70.2 68.6 68.2 67.1 65.5 64.1 62.2 62.8 64 67 69.9 70.4 69.3 69.4 55.8 32 13 8.2 8.1 13.2 32 56.8 74.2 74 73.4 75.7 76.9 78.2 76.2 73.1 70.3 67.3 64.7 57 49.3 41 34.3 31.7 30 29.2 28.3 27.2 25.4 26.6 26.6 25.7 25 24.6 24 24.4 23.9 23.3 22.9 22.6 22.1 21.6 21 20.5 19.5 18.7 18 17.9 17.9 16.9 15.9 15.9 16 16 16 16.1 16.6 16.4 15.4
-1 3.4 4.8 4.8 9.4 10.2 12.4 16.6 19.6 23.4 26.2 31.4 35 39.3 62.5 68.6 67.8 66.8 65.9 65.5 64.2 62.3 60 61.5 64.4 66.9 68 68 66.7 60.3 41.7 14.5 8.2 7.3 11 24.6 43.6 55 56.7 59.2 60.1 62.4 64.3 63.7 59.2 56 52.6 49.9 44.8 37.2 31.3 28.5 26.3 24.5 23.5 23.2 22.1 22.7 23 21.2 21.1 20.6 20.1 20.7 21.2 20.7 20 20 19.8 19.3 18.7 18.3 18 16.8 15.4 14.8 14.7 14.8 13.6 13.5 13.4 13.5 13.5 13.5 13.5 13.6 13.7 12.9
0.3 4.1 4.8 4.8 7.2 11 12.8 18.7 21.8 24.9 28.3 31.2 33.9 37.6 43.7 64.3 65.8 65.4 65.3 65.6 64.8 63.6 60.3 57.5 58.2 61.2 63.8 63.3 63.3 49.5 32.8 16.4 9.3 6.8 8.2 14.3 33 36.1 38 40.3 44.4 46 47.8 47.7 43.7 40.2 36.5 33.2 29.2 25.1 24.3 22.1 20.5 18.2 18.5 19.8 16.6 16.9 17 17.4 17.5 17.7 17.3 18.1 18.5 18 17.2 17.1 17 16.4 16 15.7 15.3 14.3 12.7 11.6 11.7 11.7 11.1 11 11 11 11 11.1 11.4 11.5 11.5 11.5
1.9 4.8 4.8 4.8 14.2 15.1 16.4 20.6 23.7 25.6 28 30.4 32.6 35.6 39.9 51.8 61.7 63.2 64.7 64.6 64.6 63.6 60.8 55.6 48.3 53.1 54.8 57.2 61.8 51.4 25.7 13.7 9.1 5.3 6.2 8 24.5 24.1 23 23.3 27.6 27.6 29.9 30.8 25.7 21.7 19.6 18.1 18.3 18.6 17.5 17.1 16.6 16.2 17 14.4 14.5 14.3 14.4 14.5 14.7 14.8 14.7 15.3 15.8 15.3 14.9 14.4 14.1 13.8 13.4 13 12.6 11.8 10.3 9.7 9.3 8.8 8.7 8.7 8.7 8.7 9 9.4 9.4 9.4 9.4 9.4
3.6 4.8 14.9 16.5 17.4 20.8 23 24.5 25.3 26.9 28.4 30.4 32.4 34.5 37.6 39.1 44.8 59.3 62.8 62.2 63.1 62 58 52.9 37.3 44.8 41.6 37.5 45.3 44.3 22 10.3 8.1 5.4 5.4 7.1 12.1 16.6 16.1 16.4 15.6 14 14.6 16 15.4 14.3 13.4 13.6 13.1 13.6 13.1 13.5 14.5 10.8 10 11.2 11.8 10.3 11.3 11.9 12.2 12.1 12.5 12.8 13.1 13.1 12.7 12.3 12 11.4 10.9 10.4 10 9.2 8.4 7.9 7.8 7.9 7.5 7.1 7 7 7.3 7.3 7.3 7.3 7.2 7.2
7.7 14.4 16.6 18.1 19.8 23.1 24.9 25.9 27.1 28.2 29.5 31 32.4 34 35.9 38.4 41.2 46.3 52.7 56.9 56.9 53.2 47.6 41.1 30.3 31 27.4 23.4 23.7 24.5 17.1 7 5.6 5.5 5.2 6.1 7.6 10.8 11.2 10.6 10.1 9 9.7 9.4 9.8 9.8 9 9 8.6 7.8 13.3 13.4 8.5 8.8 9.2 8.4 8.6 8.9 9.3 9.7 10.1 10.4 10.5 10.9 11.2 11.2 10.9 10.7 10.5 9.8 9.1 8.4 7.9 6.9 6.7 6.9 7.1 6.9 6.5 6.2 5.8 5.4 5.6 5.9 6.2 6.5 6.8 7.1
12.9 14.5 17.1 20.3 22.5 24.9 26.6 27.6 28.8 29.8 31 31.9 32.2 33.3 34.6 36.5 37.4 41.2 44.5 44.1 45.8 42.2 39.1 29.4 21.3 18.1 16.5 15.9 13.7 9.8 6.6 6.1 5.7 5.5 5.2 5.3 5.9 6.6 6.7 6.7 6.8 6.7 6.5 6.4 5.9 7.2 6.1 5.7 7.3 10.8 10.9 7.3 7.3 7.2 6.9 6.9 7.2 7.7 7.9 8 8.2 8.5 8.5 8.9 9.2 9.5 9.4 9.2 8.9 8.3 7.6 6.9 6.1 5.7 6 6.2 6.2 5.9 5.5 5.2 5.2 5.3 5.6 5.9 6.2 6.5 6.8 7.1
12.6 13.9 16.4 19.4 23 25.2 27.4 29.1 30.1 31.4 32.2 32.2 31.8 32.7 32 32 35.3 36.4 36.9 32.3 29.6 33.1 32.7 25.3 16.2 14 13 11.6 9.3 6.7 6.3 5.8 5.8 5.8 5.5 5.3 5.6 5.7 5.7 5.5 5 5.6 5.4 5.2 5.1 6.6 6.7 7.6 9.4 8.1 5.7 5.7 5.7 5.2 5.5 5.8 6 6.3 6.9 7.1 7.1 7.3 7.4 7.4 7.5 7.4 7.5 7.3 7.2 6.9 6.3 5.7 5.3 5.1 5.3 5.6 5.2 4.9 5 5.1 5.2 5.3 5.5 5.8 6.1 6.4 6.7 7
12.4 13.7 14.3 17.6 21.4 24.5 27.4 28.7 30.3 30.4 30.8 27.9 24.3 22.5 22.3 24 29.2 31.4 32.2 24.5 19 17 14.9 12.1 11.6 10.7 9.5 7.2 6.7 6 5.9 5.9 5.8 5.8 5.8 5.1 5.5 5.1 5 5 5.1 5.3 5.4 6.4 5.3 6.1 7.5 8.7 7.4 6 5.5 5.5 5.5 5.3 5.4 5.5 5.6 6 6.4 6.7 6.4 5.9 5.9 5.9 5.9 5.8 5.7 6 6.3 6.3 5.7 5.2 5 4.8 4.6 4.6 4.7 4.8 4.9 5 5.1 5.2 5.5 5.8 6.1 6.4 6.7 7
11.4 12.5 13.7 15.3 18.7 21 23.1 25.1 26.4 26.6 24.1 22 19.8 17.7 17.1 17.9 19.4 28.5 31.4 26.2 15.1 12.7 10.8 9.1 8.3 8.1 6.2 6 5.7 5.9 6 6 6 5.9 6 5.1 5.3 5.1 5 5.5 5.5 5.7 5.9 6.2 6.3 6 7.9 6.3 6.6 6.1 5.3 5.3 5.3 5.3 5.6 5.6 5.6 5.7 5.9 6.2 6.2 6.1 5.9 5.7 5.6 5.5 5.4 5.6 5.8 5.7 5.2 5 4.8 4.8 4.7 4.5 4.7 4.8 4.9 5 5.1 5.2 5.4 5.7 6 6.3 6.6 6
10.9 12.4 13.4 14.6 15.6 17.2 19.5 23.5 26 25.5 21.4 18.9 16.6 14.8 14.8 15.1 17 18.5 18.1 16.8 12.2 9.1 7.5 6.5 5.7 6.1 5.8 5.8 5.9 6 5.8 5.4 5.8 6 6 5.9 5.3 5.2 5.1 5.6 5.9 5.9 5.8 5.8 5.8 7.2 5.3 5.7 6 6 4.9 5.1 5.2 5.4 5.6 5.6 5.5 5.4 5.6 5.8 5.9 5.7 5.6 5.4 5.3 5.3 5.3 5.2 5.2 5.2 5.2 5.2 5.2 5.1 4.9 4.7 4.6 4.7 4.8 4.9 5 5.1 5.4 5.7 6 6.3 6 5
11.1 12.5 12.8 12.5 11.3 12.1 14.8 17.6 25.7 28.5 20.9 17.5 13.4 11.6 11.6 10.2 11.1 13.7 11.7 9.3 7 6 5.8 5.6 5.9 6 5.8 5.7 6 5.9 5.4 5.1 5.4 5.7 5.9 5.9 5.8 5.5 5.8 5.6 5.7 5.6 5.6 6 6.9 5.5 5.7 5.7 5.7 5.5 4.7 5 5.2 5.4 5.5 5.3 5.1 5.1 5.2 5.4 5.4 5.3 5.2 5.2 5.2 5.2 5.3 5.3 5.3 5.5 5.6 5.5 5.5 5.3 5.1 4.9 4.6 4.6 4.7 4.8 4.9 5 5.3 5.6 5.9 6 5 4.9
11.9 12.3 11.9 8.4 7.4 8.3 10.7 18.1 25.1 28.8 25.4 12.8 9.2 7.8 7.4 7.1 7.2 6.5 6 5.5 5.5 5.9 5.9 5.8 5.9 5.9 5.9 6 6 6.1 5.6 5.2 5.2 5.5 5.8 5.9 5.9 5.8 5.8 5.6 5.6 5.6 5.5 6.8 6.8 5.9 5.8 5.7 5.5 5.5 4.7 4.9 5.2 5.4 5.5 5 4.8 4.8 4.9 5 5 5 5 5 5.1 5.1 5.2 5.2 5.5 5.8 5.9 5.9 5.7 5.5 5.3 5.1 4.8 4.6 4.7 4.8 4.9 5 5.3 5.6 5.9 5 4.8 4.8
12.3 13.3 11 7.1 6.5 6.3 7.4 15.7 23.2 15.3 9.3 7.3 6 5.9 5.7 5.7 5.7 6.1 5.8 5.5 5.6 5.8 5.7 5.9 5.8 5.8 6 6 6 6.2 5.6 5.5 5.5 5.9 5.9 5.9 5.8 5.6 5.7 5.5 5.4 5.4 6.8 6.4 6.6 5.6 5.8 5.9 5.7 5.7 4.9 4.9 5.1 5.4 5.6 4.9 4.8 4.8 4.7 4.7 4.9 5 5 5.1 5.1 5.2 5.2 5.3 5.6 6.2 6.3 6.1 5.9 5.7 5.5 5.3 5 4.8 4.6 4.7 4.8 4.9 5.2 5.5 5 4.8 4.8 4.8
11.3 13.3 10.4 6.1 5.9 6 6.2 6.1 5.7 5.7 5.7 6.1 5.4 5.7 5.7 5.7 5.7 6 5.7 5.6 5.8 5.7 5.6 5.9 5.6 5.7 5.8 5.8 5.6 5.9 6 5.9 5.9 6 5.9 5.8 5.5 5.7 5.7 5.5 5.3 7.6 6.8 5.9 6 5.8 6 6.1 5.9 5.4 4.9 4.8 5.1 5.3 5.6 5.2 5.1 5 4.9 4.8 4.9 5 5 5.1 5.1 5.2 5.3 5.3 5.8 6.5 6.6 6.3 6.1 5.9 5.7 5.4 5.2 5 4.8 4.7 4.8 4.9 5.2 5 4.8 4.8 4.8 4.7
8.4 8.1 5.9 5.9 5.8 5.9 5.9 5.8 5.6 5.4 5.5 6 5.7 5.7 5.7 5.7 5.7 5.9 5.7 5.7 5.7 5.6 5.7 6 5.6 5.7 5.5 5.5 5.5 5.7 6 6 6.1 5.8 5.8 5.5 5.6 5.7 5.7 5.5 7.3 7.3 5.5 5.6 5.6 5.9 6.1 6.2 5.8 5.3 4.7 4.8 5 5.3 5.5 5.4 5.3 5.2 5.1 5 4.9 5 5 5.1 5.2 5.2 5.3 5.4 5.8 6.6 6.7 6.5 6.3 6.1 5.9 5.6 5.4 5.2 5 4.7 4.7 4.8 5.1 4.7 4.7 4.7 4.7 4.7
6.2 6 5.8 5.7 5.7 5.8 5.6 5.6 5.5 5.4 5.4 5.7 5.8 5.8 5.8 5.8 5.8 5.9 5.7 5.7 5.7 5.7 5.8 5.8 6 5.9 5.9 5.6 5.6 5.7 6 6.4 6 5.7 5.6 5.6 5.6 5.7 5.7 7.2 7.1 5.6 5.6 5.6 6 6 5.3 5.2 5.2 5.3 4.7 4.7 5 5.3 5.6 5.4 5.3 5.2 5.1 5 4.9 5 5.1 5.1 5.2 5.3 5.3 5.4 5.6 6.4 6.7 6.6 6.4 6.2 6 5.8 5.6 5.4 5.1 4.9 4.7 4.8 4.7 4.7 4.7 4.7 4.7 4.7
5.8 5.7 5.6 5.6 5.7 5.7 5.6 5.6 5.6 5.5 5.4 5.5 5.5 5.6 5.7 5.8 5.8 5.8 5.8 5.8 5.8 5.8 5.8 5.8 5.8 5.9 5.8 5.6 5.7 6 6.1 6.1 5.7 5.6 5.6 5.6 5.6 5.6 6.8 6.9 5.6 5.7 6 6.2 6.2 5.8 5.3 5.3 5.3 5.2 4.8 4.9 5.3 5.7 5.6 5.4 5.2 5.1 5 5 5 5 5.1 5.1 5.2 5.3 5.3 5.4 5.5 6.2 6.6 6.6 6.4 6.2 6 5.8 5.6 5.4 5.2 5 4.8 4.7 4.7 4.6 4.6 4.6 4.6 4.6
5.7 5.6 5.5 5.5 5.4 5.4 5.8 5.8 5.7 5.6 5.5 5.5 5.6 5.7 5.7 5.8 5.8 5.8 5.8 5.8 5.8 5.8 5.8 5.9 5.9 6.1 6 6 6.2 6 5.9 6.2 5.5 5.6 5.6 5.6 5.5 7.6 6.9 10 5.8 6 6.1 6.1 6.2 5.8 5.4 5.3 5.3 5.5 5.4 5.2 5.7 5.7 5.5 5.3 5.1 5 5 5 5 5 5.1 5.2 5.2 5.3 5.3 5.3 5.4 6.1 6.5 6.6 6.4 6.2 6 5.8 5.6 5.4 5.2 5 4.9 4.9 4.8 4.6 4.6 4.6 4.6 4.6
5.6 5.6 5.5 5.4 5.6 5.9 5.9 5.8 5.8 5.7 5.6 5.6 5.6 5.7 5.8 5.8 5.8 5.8 5.8 5.8 5.9 5.9 5.9 5.9 5.8 6.2 6.3 6.5 6.2 5.9 5.9 5.6 5.7 5.7 5.7 5.7 9 6.9 10.2 5.9 5.9 6 6.1 6.1 6.2 5.7 5.5 5.4 5.4 5.4 5.6 5.6 5.9 5.7 5.5 5.3 5.1 5 5 5 5.1 5.1 5.1 5.2 5.3 5.3 5.3 5.3 5.4 5.9 6.3 6.5 6.4 6.2 6 5.8 5.6 5.4 5.2 5.1 5.1 5 5 4.9 4.6 4.6 4.6 4.6
5.5 5.5 5.4 5.5 5.2 5.8 5.9 5.9 5.8 5.7 5.7 5.6 5.7 5.7 5.8 5.8 5.9 5.9 5.9 5.9 5.9 5.9 5.9 5.8 5.7 6.2 6.3 6.5 6 6.6 5.7 5.2 5.2 5.5 13.4 13.5 10.4 6.8 11.9 5.9 5.9 6 6 6.1 6.2 5.7 5.6 5.5 5.5 5.5 5.4 5.4 5.8 5.5 5.3 5.2 5 5.1 5.1 5.1 5.1 5.1 5.1 5.2 5.3 5.3 5.3 5.3 5.4 5.7 6.2 6.3 6.4 6.2 6 5.8 5.6 5.4 5.3 5.3 5.3 5.2 5.1 5.1 5 4.7 4.6 4.5
5.5 5.4 5.4 5.5 5.5 5.5 5.9 5.9 5.8 5.8 5.8 5.7 5.7 5.8 5.8 5.9 5.9 5.9 5.9 5.9 5.9 5.9 5.9 5.8 5.7 6.3 6.4 6.2 5.9 5.7 5.7 6.7 12.3 13.4 5.4 4.7 6.9 10.6 13.5 5.9 5.9 6 6 6.1 6.1 5.7 5.7 5.6 5.6 5.6 5.4 4.5 5.6 5.4 5.3 5.2 5 5.3 5.3 5.2 5.2 5.2 5.2 5.2 5.3 5.3 5.3 5.3 5.4 5.5 6 6.2 6.3 6.2 6 5.8 5.6 5.4 5.4 5.4 5.4 5.4 5.3 5.2 5.2 5.1 4.8 4.6
5.4 5.4 5.4 5.5 5.8 5.5 5.9 5.9 5.9 5.8 5.8 5.8 5.8 5.8 5.9 5.9 5.9 5.9 5.9 5.9 5.9 5.9 5.9 5.7 5.6 5.8 6.3 6.1 5.8 5.7 5.6 5.7 5.7 13.4 6.8 7 7.3 11.8 13.1 5.9 5.9 6 6 6.1 6.1 5.8 5.8 5.7 5.7 5.6 5.6 2.9 5.5 5.4 5.3 5.2 5 5.4 5.6 5.5 5.5 5.4 5.4 5.3 5.2 5.3 5.3 5.3 5.4 5.4 5.9 6 6.2 6.2 6 5.8 5.6 5.6 5.6 5.6 5.6 5.5 5.4 5.4 5.3 5.4 5.2 4.9
5.6 5.5 6 5.7 5.7 5.6 5.8 5.9 5.9 5.8 5.8 5.8 5.8 5.9 5.9 5.9 5.9 5.9 5.9 5.9 5.9 5.9 5.8 5.7 5.6 5.4 6.2 6 5.7 5.5 5.5 5.7 5.7 12.9 11.1 7.1 12.5 13.4 9.8 5.9 5.9 6 6 6 6.1 5.9 5.8 5.8 5.8 5.8 5.5 3.7 5.6 5.4 5.3 5.2 5.1 5.4 5.8 5.8 5.7 5.6 5.5 5.5 5.5 5.5 5.3 5.3 5.3 5.4 5.7 5.9 6 6.2 6 5.8 5.8 5.8 5.8 5.8 5.7 5.7 5.6 5.5 5.5 5.5 5.5 5.3
5.3 5.3 6 5.9 5.8 5.7 5.9 6 5.9 5.8 5.8 5.8 5.9 5.9 5.9 5.9 6 6 6 6 6 5.9 5.7 5.6 5.6 6.5 5.5 5.8 5.6 5.2 5.4 5.6 5.7 11.5 7 9.3 9.3 5.6 5.8 5.9 6 6 6 6 6.1 6 5.9 5.9 5.9 5.9 5.7 5.5 5.6 5.5 5.3 5.2 5.1 5.4 5.8 6 5.8 5.7 5.7 5.7 5.6 5.7 5.7 5.6 5.3 5.4 5.6 5.7 5.9 6.1 6 6 6 6 6 6 5.9 5.8 5.8 5.7 5.6 5.6 5.6 5.7
5.8 5.8 5.5 5.8 5.8 5.8 5.9 5.9 5.9 5.8 5.8 5.9 5.9 5.8 5.6 5.7 6 6.1 6 6 6 6 6.1 6.2 6.2 6.3 6.1 5.8 5.5 5.2 5.4 5.6 6 7.5 7.5 8.3 5.6 5.6 5.8 6 6 6 6 6.1 6.1 6.1 6.1 6.1 6.1 6.1 6.1 6.1 5.4 5.3 5.3 5.2 5.1 5.4 5.8 6 6 5.9 5.9 5.9 5.8 5.8 5.9 5.9 6 5.7 5.4 5.5 5.3 5.7 6.1 6.1 6.1 6.1 6.1 6.1 6.1 6 5.9 5.9 5.8 5.7 5.7 5.8
5.9 6.1 5.8 5.7 5.8 5.9 5.9 5.9 5.8 5.8 5.8 5.9 6 5.8 5.7 5.6 6 6.3 6 6 6 6 6.1 6.2 6.3 6.2 6 5.8 5.7 5.5 5.6 5.7 8.1 7 8.1 5.8 5.8 5.7 5.8 5.9 6 6 6 6.1 6.1 6.1 6.1 6.1 6.1 6 6 6 5.4 5.3 5.2 5.1 5.2 5.4 5.8 6.1 6.1 6.1 6.1 6.1 6 6 6 6.1 6.1 6.1 5.5 5.1 5.4 5.6 5.9 6.1 6.1 6.1 6.1 6.1 6.1 6.1 6.1 6 6 5.9 5.8 5.9
5.9 6.1 5.7 5.7 5.8 6 5.9 5.8 5.7 5.8 5.9 5.9 6.1 6 5.8 5.8 6.1 6.4 6.1 6 6 6 6 6 6.1 6.1 5.9 5.7 5.7 5.7 5.7 5.7 7 7.5 5.7 6.1 6 5.9 5.9 6 6 6 6.1 6.1 6.1 6.1 6.1 6.1 6.1 6 6 6 5.3 5.2 5.3 5.3 5.4 5.6 5.8 6.1 6.1 6.1 6.1 6.1 6.1 6.1 6.1 6.1 6.1 6.1 5.9 5.7 6 6.1 6.1 6.1 6.1 6.1 6.1 6.1 6.1 6.1 6.1 6.1 6.1 6.1 6 6
5.9 5.9 5.7 5.8 5.9 5.9 5.8 5.7 5.8 5.9 5.8 5.9 6.1 6 6 6 6.1 6.5 6.3 6 6.1 6.1 6.1 6.2 6.2 6 5.8 5.6 5.6 5.7 5.7 6.7 7.1 6.1 5.9 5.9 6.1 6 6 6 6 6.1 6.1 6.1 6.1 6.1 6.1 6.1 6.1 6.1 6.1 6.1 5.3 5.4 5.4 5.5 5.5 5.7 5.9 6.1 6.1 6.1 6.1 6.1 6.1 6.1 6.1 6.1 6.1 6.1 6.1 6.1 6.1 6.1 6.1 6.1 6.1 6.1 6.1 6.1 6.1 6.1 6.1 6.1 6.1 6.1 6.1 6.1
5.5 5.7 5.7 5.8 5.9 5.7 5.6 5.8 5.9 6 5.9 6 6.1 6 5.9 6.2 6.1 6.4 6.3 6.1 6.1 6.1 6.2 6.2 6.2 6.1 5.8 5.6 5.6 5.6 5.7 7.2 7.5 5.8 5.9 6 6.1 6.1 6.1 6.1 6.1 6.1 6.1 6.1 6.1 6.1 6.1 6.1 6.1 6.1 6.1 6.1 4.5 5.6 5.6 5.7 5.7 5.9 6.1 6.1 6.1 6.1 6.1 6.1 6.1 6.1 6.1 6.1 6.1 6.1 6.1 6.1 6.1 6.1 6.1 6.1 6.1 6.1 6.1 6.1 6.1 6.1 6.1 6.1 6.1 6.1 6.1 6.1
5.6 5.8 5.8 5.8 5.8 5.8 5.7 5.8 6 6.1 6.2 6.1 6.1 6 6.1 6.1 6.1 6.3 6.3 6.1 6.1 6.2 6.2 5.7 6.1 6 6 5.8 5.8 5.7 5.9 6.8 5.3 5.3 5.6 5.8 6.1 6.1 6.1 6 5.9 6 6.1 6.1 6.1 6.1 6.1 6.1 6.1 6.1 6.1 6.1 4.1 5.6 5.8 5.8 5.9 6.1 6.1 6.1 6.1 6.1 6.1 6.1 6.1 6.1 6.1 6.1 6.1 6.1 6.1 6.1 6.1 6.1 6.1 6.1 6.1 6.1 6.1 6.1 6.1 6.1 6.1 6.1 6.1 6.1 6.1 6.1
