app/static/ascii/ST59.asc
ncols 200
nrows 200
xllcorner 350000
yllcorner 190000
cellsize 50
[rows 38 to 75 of 200, columns 0 to 85 of 200]
261.5 259.4 255.3 247.3 240 231.4 224.7 220.2 217.2 215.3 213 212.8 213 213.3 214.4 214.8 216 217.2 218.6 220.8 223.4 230.7 239 243 244.4 247.1 250.4 252.8 254.7 256.4 257.7 259.2 260.7 260.9 258 250.1 237.9 226.1 217.2 210.2 202.5 197.3 192.8 187.1 189.3 192.1 193 192.5 191.8 191.3 192.7 193.3 193.5 194.2 195.2 196.6 198.2 200.3 204.1 207 209.8 208.4 198.5 180.2 160.7 125.5 98.4 85.2 71.5 56.5 49.6 37.6 23.8 12.7 -3.6 -3.6 -3.6 8 11.2 14.9 21.2 28.3 33 38 44 47
261.7 259.9 257.1 253.5 244.1 237.3 231.8 227.4 222.8 220.6 218.1 217.2 218.7 220.3 220.1 221.3 222.7 224.3 226.3 231.1 235 241.2 240.9 240.4 241.7 244.9 248.2 249.6 252.4 254.2 255.7 257.1 258.3 258.7 254.5 248.1 238.2 227.6 220.4 212.7 204.5 199.8 195.7 192 194.4 194.7 193.7 193 191.9 192.7 194 194.7 195.6 197.3 198.3 199.4 200.6 202.7 204.7 207.1 208.4 207.4 198.5 180.4 165.4 137 113.5 93.2 84.3 66.7 51.9 41.8 34.4 21.5 9.8 -3.6 -3.6 -3.6 8.2 8.5 11.3 17.5 22.1 25.1 28.8 31.3
262.6 261.4 257.5 252.6 248 242.4 239.6 237.6 233.9 229.9 226.4 222.9 224.4 226.2 227.7 231.8 234.6 236.6 239.1 238.7 237.9 237.6 237.8 238.9 238.9 242.3 245 246.7 249.6 251.8 253.4 254.7 255.9 255.9 253 247.7 239.8 230.5 222.4 212.9 206 200.8 198.8 195.9 197.7 196.1 194.5 193.4 193.3 194.1 195.4 197.2 199 201.2 202.4 203.8 205.8 207.9 208 210 210.7 208 197.3 181.5 161.6 146.1 128.8 115.1 97.5 86.2 65.1 49.4 40.1 30.2 19 11 -3.6 -3.6 -3.6 -3.6 -3.6 7.5 10.1 15.9 20.2 22.9
264.3 261.5 257.9 254.2 249.7 246.3 247.4 246.4 244.2 241.8 239.8 236.3 235.4 235.4 235.5 237.2 236.4 235.3 234.6 234.3 233.9 233.1 233.7 234.2 236.9 239.9 241.6 243 248.4 248.6 250.6 251.8 253.3 253.8 252.4 248.6 241.6 233.5 224.8 212.6 208.4 202.8 200.5 198.8 198.1 197.1 195.5 194.2 194.5 195.6 197.2 199.4 202.2 204.7 207.1 209.7 211.6 213 214.2 214.9 214.5 210.4 198.7 182.7 163 146.3 131.1 117.2 108.7 102 90.1 67.1 54.1 44.1 33.4 19.9 12.5 -3.6 -3.6 -3.6 -3.6 -3.6 -3.6 -3.6 7.8 10.5
264.7 262.1 258.6 256.1 252.8 249.9 250.3 250 248.7 246.9 244.3 241.2 239.3 236.4 234.9 233.6 232.1 231.5 230 229.9 229.3 228.5 229.8 230.7 233.8 235.7 238 240.1 242.3 245.6 246.8 248.2 250.1 251.5 250.9 247.5 242.5 235.9 227.9 214.4 210 204.2 200.4 199.1 198.4 197.5 196.1 195.3 195.5 197 198.9 201.8 205 208.2 211.3 214.4 216.9 218.9 221 220.1 217.8 212.3 201.7 185.2 166.9 148.6 132 119.4 110.6 104.4 97.9 91.9 84.1 72.2 61.3 44.9 31.9 19.9 10.7 -3.6 -3.6 -3.6 -3.6 -3.6 -3.6 -3.6
263.1 262 259.9 256.6 253.2 252 252.2 252 251.4 249.2 246.8 244.1 240.1 235.9 233.3 230.4 228.4 227.2 226 225.5 224.4 224.3 225.3 226.8 228.8 229.9 233 235.7 237.7 240.8 243 244.7 246.5 247.7 247.3 246.2 242 236.1 228.7 219 211.4 205.3 200.2 198.9 197.3 196.5 196.3 196.4 197 198.3 200.9 204 207.8 212 215.2 218.3 221.3 223.8 225.8 223.1 220.1 211.9 201 187.6 169.7 151.7 135.9 120.9 110.7 103.2 97.4 93.2 89.3 85.6 82 77.7 71.1 62.3 45.7 31.9 20.8 13.7 11.4 10.7 -3.6 -3.6
261.2 259.9 259.1 256.6 254.3 251.2 252.5 252.7 252.8 251.4 249.4 246.4 242.1 236.2 231.5 227.8 224.8 222.1 220.5 220 219.5 220.4 221.5 222.9 223.5 225.2 227.9 230.8 233.7 236.7 238.9 239.8 241.3 241.8 241.6 242.4 240.1 235.3 229.4 223 215.8 206.4 201.1 197.9 196.3 195.2 197.1 199.1 200.6 200.6 203.1 206.6 210.8 215.1 219.2 222.4 225.5 228.7 228.3 224.1 219.2 213.8 202.2 187 170.5 153.4 136.7 124.8 111.8 100.4 95.2 91.6 88.3 84.9 81.4 79 78.7 77.8 77 73.8 64.3 55.9 44.8 12.8 11.3 10.3
258.5 256.8 255.7 254.8 253.3 251.9 252.4 253.2 253.5 252.5 250.4 247.9 243.4 237 230.1 225.7 221.1 217.3 214.4 213.6 212.7 213.6 215.2 216.8 217.1 218.8 221.9 224.7 227.9 231.2 232.7 234.7 235.4 235.3 237 237.8 237.6 234.3 230.4 224.8 218.8 208.6 200.6 197.8 194.1 193.9 198.5 202.6 204.1 204.5 206 209.4 213.9 218.2 222.1 226.6 230.7 231.4 230 225.3 219.9 214.2 203.6 189.5 172.5 154 137.2 122.4 109 98.1 93.2 89.2 85.5 83 79.9 77.5 75.4 74.7 74.6 74 72.6 70.3 60.3 11.6 11.4 15.1
254.6 252.9 251.8 250.9 249.9 248.3 248.8 250.2 250.7 250.6 249.5 247.6 244.2 238.5 232.2 225.6 219.5 215.4 210.4 207.7 206 208.1 209.9 209.5 210.3 212.4 215.8 220.4 223 225.3 228.1 229.1 229.9 229.4 231.7 233.7 233.9 232.2 228 223.8 218.1 211.6 200.3 196 192.7 191.8 196.8 204.7 207.8 208.1 209.6 212.3 217.1 221.1 225.2 229.5 233.2 233.3 229.4 224.6 219.5 213.9 203.5 188.7 169.3 151.4 136.8 121.4 105.2 97.2 91.9 86.8 82.9 80.4 78.4 76.6 73.8 71.8 72 71.6 70.6 69.3 59.4 11.3 9.2 14.9
249.9 247.4 247.1 246.1 244.2 243.2 243.5 245.5 246.3 245.9 245.2 244.3 242.1 238.7 234.3 229 224.3 214.7 208.1 202.6 198.1 200.3 202.1 201.9 202.6 205.4 211.3 213.7 218.1 221.6 222.5 222.4 222 223.1 226.4 228.4 229.5 228 224.6 220.7 216.5 210.7 203.7 195.6 189.7 188.4 193.7 203.8 209 210.5 212.8 215.2 219.6 223.9 228.2 232.7 234.3 233.2 228.4 223.4 218.3 212.1 201.5 184.8 164.8 148.3 132 117.9 102.8 95.4 89.7 84.6 80.8 77.9 75.9 74.9 73.1 70.8 69.1 69.5 68.9 67.5 22 12.1 9 18.9
245.1 243.7 241.9 239.7 237.9 237.6 237.8 239 239.2 240.1 239.8 238.2 237.4 236 234 230.6 226.8 219.1 211.6 199.4 194.2 191.6 192.8 192.8 194.9 201.2 206.3 210.9 214.6 216.3 215 215.5 215.1 216.7 219.7 222.5 224.5 223.2 221.6 217.7 213.4 209.2 204.7 195.1 188.3 186 189.5 197.6 206.3 210.2 214.1 217 221.2 225.5 229.9 233.3 234.5 232.1 227.2 221.2 215.9 209.4 196.5 178.9 159.1 143.2 128.5 114.9 99.1 93.2 87.3 82.8 78.8 75.9 73.6 72.4 71.4 70.9 68.1 66.4 67 65.2 13 11.9 8.8 7.5
245.5 240.1 236.7 233.3 231.7 231.4 232.3 232.6 232.8 232.5 232 231.8 231.7 231.1 230.1 229.5 226 219.7 213.6 204.7 193.7 188.3 184.1 184.9 189.1 196 201.5 206.9 210.8 209.8 206.8 207.4 207.2 211 213.9 217.5 219.1 218.7 217 214.3 210.4 206.5 203.5 197.1 186.6 183.1 184.6 189.7 202.6 208.3 212.3 216.6 221.5 225.8 230.3 232.2 232.8 229.5 223.8 217.1 210.6 203.5 190.4 169.8 154.1 136.9 122.9 106.2 97 90.7 85 80.8 76.8 73.9 71.3 70.1 67.7 52.1 49 64.1 64.2 59.3 14.8 9.4 6.8 6.8
242.6 239 234.2 229.7 227.2 226.3 226.2 226 225.6 225.8 225.4 225.8 225.6 226.2 226.9 227.1 224.2 219.5 213.6 206 197.1 187.6 178.6 177.9 184.2 191.4 197.5 202.6 204.5 203.2 200 199.8 200.1 203.9 208.1 211.8 213 212.4 211.1 209.3 207.1 204.9 202 196.4 185.7 179.9 180 183.8 196.3 205.7 210.2 214.1 219.5 224.6 228 223 217.5 215.7 207.9 202.8 195.9 189.5 178.8 163.4 147.3 131.3 117.9 98.9 93.1 87.4 82.3 78.1 74.7 72.2 69.6 67.7 55 44.5 43.1 40.5 58 52 13.2 6.8 6.8 6.8
238.7 236 232.5 227.6 222.5 219.9 218.6 214 218.4 218.7 218.5 218.8 220 221.3 223.3 223.8 221.6 217.8 212.6 205.8 198 189.6 177.5 173.5 178.6 188.2 193.7 197.7 199.1 197.3 193.9 192.5 193.3 197.7 202.6 205.1 207 205.9 204.7 203.6 202 200.7 199 196.1 187.5 179.3 176.8 178.8 186.3 198.8 207.7 211.7 217.6 221.7 220.5 199.2 172.7 175.9 175 163.5 164.9 164.4 159.6 152.2 137.4 125.4 104.5 94.3 87.6 83.3 79 75.6 72.6 70.1 67.6 63.3 47.6 26.5 22 17.8 16.4 16.4 10.5 8.2 8.8 8.8
235.4 232.9 228.9 223.8 219.7 215.8 212.8 211.3 210 210.5 211 211.7 213.5 216.5 219.5 221.1 218.9 215.3 209.5 203.8 196.2 187.6 175.9 168.3 176.8 185.6 190.4 193.6 192.3 190.9 187.8 183.8 186.2 191.3 197.2 199.9 200.2 200.5 199.4 197.1 196.1 195.7 194 192 187.7 181.8 176.7 174.4 179.5 190.7 201.6 206.4 206.3 199.2 191.6 164.5 150.8 141.7 126.2 115.2 108.6 119.8 129 128.2 119.6 106.7 95.3 88.1 83 78.8 75.2 72.4 70.1 67.8 65.4 62 51.3 24.9 21.3 15.3 10.7 10.9 8.5 7.9 12.4 26.2
230.3 228.2 224 219.9 216.5 213.5 210.1 206.7 204 203.5 204 205.2 208.8 212.5 217.7 219.6 217.4 212.7 206.5 200.4 194.4 183.7 171.1 165.6 175.8 183.5 184.9 187 186.2 184.7 180.9 177.1 180.4 186.1 190.2 194.3 195.1 195.3 194.6 191.1 191 189.9 187.5 186.8 184.9 180.4 177.7 170.6 174.3 183.4 188.2 186 173.4 161.3 155.7 147.3 137.6 130.4 116.4 103.4 96.4 92.2 92.8 96.3 96.8 93.7 87.5 83.4 78.5 74.4 71.5 69.2 66.3 64 61.7 60.7 56.1 54.5 35 22 9.7 8.7 7.9 12.3 28.5 28.6
225.2 222.9 219.3 217.1 214.3 211.3 207.4 203.6 199.9 197.4 197.6 199.8 204.5 209.4 212.8 214.8 215.3 210.7 204.1 198.3 190.8 180.5 166.9 163.1 171.8 177.9 179.4 179.6 181.1 178.4 174.2 171.1 175.4 181.4 186.1 189.3 190.5 188.7 187 185.6 185.8 184.3 181.3 180.3 180 176.6 172.4 167.7 164.6 167.8 163.1 154.3 143.7 140.7 136.5 128.8 127 119.2 106.8 93.2 86.9 81.1 71.3 69.1 68.5 72.4 75.4 75.8 72.4 69.8 67.1 64.4 61.6 59.5 57.9 55.9 55.5 52.3 50.8 46.2 29.4 18.1 19.8 30.1 26.3 19.7
218.6 216.7 214.4 212.8 211 207.7 203 198.9 194.6 191.3 189.6 194.7 199.4 203.7 206.6 208.8 210.1 208 202.1 196.2 188.9 179.7 165.3 159.6 165 171 172.9 175.6 175 171.8 167.2 166 171.3 176 179.4 184.4 184.9 184.7 181.7 180.9 181.8 179.1 175.2 174.3 174.4 171.3 165.2 164.5 157 152.3 149.8 140.1 133.7 130.2 123.6 115.5 112.1 107.7 95.7 83.5 81.5 75.7 66.8 60.8 53.7 45.8 44.6 45.1 48.4 55.2 59 59.8 57.2 54.3 53 52.5 52.1 46.4 45.9 43.5 39.4 31.9 23.8 20 16.6 13.8
213 211.3 209.6 207.8 205.5 202.3 198.9 195 190.8 185.2 182.3 188 192.9 197.6 200.5 202.6 204.6 203 199.8 194.6 187.1 179.8 167.6 156.3 155.9 162.8 165.7 169.1 170.4 167 161.5 160.4 166.1 170 174.2 179.2 178.8 179.5 174.8 176.9 177.8 175.7 170.3 167.6 168 165.9 161.9 160.6 157.2 142 129 122.6 121.6 119.4 111 107.1 101.3 88.8 78 71.5 67.1 60.1 54.1 50.6 43.5 38.6 32.5 31.2 31 36.6 40.7 46.4 49.4 50.9 48.6 48.1 45.7 41.8 37.2 32.4 25.3 19 15.4 12 8.7 7.9
206.9 204.8 202.6 201.7 200.3 197.4 194.2 190.6 187.3 180.9 173.5 179.5 185.3 190.5 194.6 196.8 197.6 196.4 194.2 191.6 186.7 180.9 174.7 162.7 149.1 148.1 156.8 161.8 164.5 163.9 157.8 154.6 159.8 165 168.3 171.2 172 169.3 168.1 171.1 171.7 170.1 166.5 162 159.4 155.5 155 160.4 152.9 138.2 124.8 120.2 113.8 105.9 96.8 84.5 74.6 65.1 54 47.9 41.5 36.6 32.7 33.1 31 28.7 23.6 19.2 18.4 21.4 19.7 22.9 19.8 24.1 30.1 30.4 30.7 27.1 20.8 16.2 11.6 8.7 7.9 7.8 6.8 -3.6
200.4 198.7 196.5 195.4 194.8 191.6 188.5 186.1 184.1 179.9 170.5 168.2 175.9 182.4 186.7 190.8 190.8 189.2 187.4 185.6 183.3 178.8 172.6 166.3 154.2 144.3 146.4 155.2 158.3 158.2 155.3 147.5 153.1 158.3 161.9 163.7 163.9 162.6 162.3 165.5 166.5 164.6 161.2 156.1 151.9 151.8 155.8 151.6 146.5 131.1 119.6 113.6 106 90.7 71.9 54.1 41.6 34.3 31.4 26.5 19.7 15.1 14.3 13.6 12 11 9.9 9.1 9.7 9.8 10.6 10.7 11.6 11.3 11.3 9.3 8.8 8.2 7.7 5.5 6.4 6.1 -3.6 -3.6 -3.6 -3.6
194.3 192.3 190 188.8 188.2 185.9 182.8 181.1 179.4 175.9 170.6 159.8 163.8 173.1 178.5 182.6 182.8 181.2 180.2 178.9 177.2 174 168.6 163.3 158.8 146.5 139.1 144.8 150.4 152.3 150.5 145.1 145.8 151.3 155 156.6 156.1 155.4 157.2 158.7 161.1 157.8 154.3 148.8 151 159.7 160.6 148 132.9 127.1 112 102.9 85.4 73.6 48 34 27.2 18.2 14.5 10.9 -3.6 -3.6 -3.6 -3.6 -3.6 -3.6 -3.6 -3.6 -3.6 6 5.9 4.9 5.1 5.9 7.5 7.4 6.9 8 5.3 -3.6 -3.6 -3.6 -3.6 -3.6 -3.6 -3.6
185.5 184.1 182.5 180.7 179.9 178.7 176.5 175.1 172.8 169.9 165.3 155.8 153.8 164.9 170.6 172.9 173.9 171.9 170.9 169.7 169.1 166.6 163.5 157.5 153.3 150.4 141.1 134.4 143.2 144.5 144.1 141.2 138.8 144.5 147.8 150.7 150.7 150.1 152.4 153.8 154.9 151.4 146.5 144.9 155.1 160.8 152 135.3 126.4 113 97.7 74 54.2 48 31.2 21.5 14.4 8.2 -3.6 -3.6 -3.6 -3.6 -3.6 -3.6 -3.6 -3.6 -3.6 -3.6 -3.6 -3.6 -3.6 -3.6 -3.6 5.3 6.4 5.4 -3.6 -3.6 -3.6 -3.6 -3.6 -3.6 -3.6 12.7 23.9 33
173.6 173.1 172.9 171.5 169.6 168.1 167.3 166 163.9 160.8 156.1 147.7 147.4 156.3 162 163.1 163.5 162.8 161.4 159.8 158.2 156.8 154.4 150.8 147 144 140.6 132.5 133.1 135.5 136.6 132.1 132.7 137.6 141.7 145.7 146.8 145.7 147.6 148.8 148.5 146.2 141 145.4 153 148.9 139.5 128.3 113.3 100.3 83 58.1 40.7 31.5 17.8 9 -3.6 -3.6 -3.6 -3.6 -3.6 -3.6 11.2 11.4 11.7 12.1 10.9 8.2 -3.6 -3.6 -3.6 -3.6 -3.6 -3.6 -3.6 -3.6 -3.6 -3.6 -3.6 -3.6 8.4 17.9 31.5 41.7 51.8 75.2
168.2 166.7 164.2 160.5 159.4 158.4 155.9 154.2 152.3 150.1 147 141.9 140.4 145.4 152.2 153.1 151.7 150.1 150.4 149.2 145.9 144.5 142.9 138.4 136.9 136.1 135.3 131.5 128.2 129.1 130.9 129.4 128.6 133.5 137.7 141.9 140.5 140.7 142.5 143 143.1 139.3 137 143.8 148.5 133.7 120.6 111.9 100.3 88.2 73 47.7 28.9 20.5 7.2 -3.6 -3.6 -3.6 -3.6 10.4 14.1 20.8 26.3 29.8 34.9 36.8 34.9 32.6 22.2 19 15.5 9.6 -3.6 -3.6 -3.6 -3.6 -3.6 9.2 17 25.4 35.9 48.3 61.7 76.8 94.2 110.6
162.4 158.7 156.3 153.6 152.3 149.8 148.7 147.1 145.2 143.1 140.5 136.7 135.5 136.9 141.3 143.5 142.3 141.2 138.6 136.2 136.7 134.5 132.2 130.1 129.2 129.6 123.8 123 125.1 124.6 125.5 126.9 127.1 129.6 132.9 134.4 134.8 136 138.1 138.3 137.9 134.4 133.5 141.2 144.6 123.1 110.7 98.6 85.3 75.9 63.7 38.6 23.7 16.5 -3.6 -3.6 -3.6 8.3 11.8 17.6 23.5 29.6 36 41.7 51 63.8 72 75.1 65.1 53.3 38.3 26.3 24.3 30.7 31.5 32.8 38.2 48.5 54 60.6 69.9 84.4 100.7 109.3 114.5 116
156.2 152.8 151.1 147.8 145.9 144 143.4 142.6 136.2 136.8 135.9 133.1 131.7 132.3 133.2 133.8 133.8 133.5 132.2 129.7 128.2 125.7 124.5 124 123.4 121.2 121.3 121.4 121.9 121.2 121.3 123.5 124.9 125.3 128.9 129.2 130.6 131.8 132.4 133.8 133.2 130.7 129 138.6 142.5 129.5 110.6 94.6 81 68.9 53.8 44.2 32.6 14 -3.6 -3.6 8.3 12.1 16.5 22.9 30 36.9 44.8 54.3 63.5 74.2 78.7 82.3 84.4 87.5 86.2 82.9 79.5 75.7 70.8 67.6 66.9 70.4 73 91.9 105.6 110.9 115.3 115.4 115.4 117.1
151.1 146.5 142.1 140.2 139.8 138.4 137.4 137.1 137.5 135.1 131.6 129.9 128 127.6 127.6 127.4 127.2 127 125.3 122.9 121.7 119.9 118.5 117.8 117.5 116.9 116.2 117.2 118.7 118.6 120.4 122.5 123.6 122.4 124.8 125.9 127.4 128.5 128.8 129.4 129.5 127 128.7 136.9 139.8 138.8 124.7 96.3 79.8 65.6 41.1 34.6 26.5 9.6 -3.6 -3.6 9.8 14 19.5 25.8 33.3 41.4 51.6 61.1 69.3 72.8 75.9 80.3 85 85.9 82.8 80.8 80.8 87.4 102.3 105 104.3 106.2 112 111.9 112.5 112.9 112.9 112.6 113.4 114.4
142.6 138.3 136.4 135.1 135.4 134.6 132.5 133.2 134.4 133 131 127.8 125.6 124.3 123.5 123.4 122 120.9 120 117 114.6 113 113.1 112.7 113.3 113.1 113.8 114.6 115.6 116.9 118.8 121.2 122.2 122.3 119.9 123.4 124.3 125.2 125.5 125.8 125.4 124.5 127 132.2 135.5 137.8 136.1 123.3 83.2 59.9 37.4 25.5 16.9 8.4 -3.6 -3.6 10.6 15.4 22.1 27.6 34.6 43.2 54.8 62.7 66.6 69 72.3 77.8 81.2 79.8 76.3 72.6 70.5 76.3 86.4 93.1 94.7 92.3 92.8 101.1 109.2 111.3 112 111.7 112.4 112.6
136.5 133.2 131.3 131.4 131.6 132 129.9 129.6 131.3 131.8 131.1 127.2 124.8 121.4 120.5 118.8 117.3 115.9 114 112.7 110.8 109.6 108.9 108.7 109.5 110.8 111.5 112.2 113 114.2 117.5 119.7 120.7 121.4 117.6 119.7 120.8 121.6 122.1 122.9 122.3 122.3 123.3 127.2 131.1 134.5 135.2 131 116.6 67.9 31.5 14.3 8.5 -3.6 -3.6 -3.6 10.8 16.8 24.6 29.6 36.1 44.1 54.8 60.9 63 66.1 69.1 73.1 73.3 70.3 65.3 59.3 55.5 57.3 66.5 67.2 65.6 59.4 59.2 63.5 71.2 100.5 112.5 112.5 113.4 113.4
134 132.2 129.2 128.1 128 128 127 127.3 130.3 130.9 130.7 129.4 126 122.4 119 116.3 114.4 112.1 110.6 109.3 108.1 106.8 105.6 106 107.1 108.9 109.7 110.5 111.2 113.2 116.1 119.4 119.9 119.3 117.1 116.3 117.4 118 119.2 120.3 120.2 119.8 119.9 122.9 126.3 129.9 130.5 129.5 118.2 77.1 30.5 8.4 8.4 -3.6 -3.6 5.2 11.2 18.2 26.1 31.8 38.2 47.9 54.6 58.5 61.3 63 64.5 65.9 64.9 57.3 52.2 47.2 44.9 45.8 43.9 36.6 24.1 18.4 22.8 33.3 47.4 58.3 96.2 113.4 114.4 113.3
137 133.5 129.7 123.8 123.7 122.8 124.5 125.5 128.2 129.1 128.7 128.2 127.1 126 123.1 119.1 116.9 114.5 111.1 107.9 106.4 105 102.9 104.1 105 106.4 107.9 109.6 112.2 114.3 116.3 117.8 118.6 117.9 116.2 113.9 114.5 115.5 116.8 118.2 117.9 117.6 117.4 119.3 122.6 125.2 126 125.7 115.4 77.5 29.4 7.9 5.9 -3.6 -3.6 7.4 12.4 20.1 27.4 33.1 38.1 44.7 50.2 54.1 57.2 59.2 59.5 59 57.5 53.3 46.4 39.8 35.7 31.1 25.4 15.4 5.1 -3.6 -3.6 3 11.8 27.9 53.6 112.4 114 113.2
138.7 136.1 132.5 127.3 121.1 119.6 120.7 125 127.2 127.8 126.6 125.3 124.6 123.6 121.7 120.1 118.6 117.1 114.1 110.8 106.2 99.6 101.9 102.4 103.5 106.1 108.7 111.4 113.6 115.4 117.1 117.9 118.7 117.4 115.8 113.4 112 113.3 115.6 116.2 116.2 115.8 115.2 116.3 118.6 121.3 121.5 121.6 111.8 74.1 29.6 7.9 -3.6 -3.6 -3.6 8.4 13.8 22.3 27.7 32.1 36.8 40.7 44.1 47.2 50.6 53 53.6 53.1 50 44 37.2 27.8 21.1 17.6 11.6 -3.6 -3.6 -3.6 -3.6 -3.6 -3.6 7.5 25.3 108.6 110.5 109.7
140 136.6 135.8 132.1 122.2 117 119 125.6 128.1 128.3 127.3 125.1 122.7 121.5 120 118.3 116.9 115.3 113.4 109.6 105.8 104.3 100.9 101.6 105.4 108.9 110.8 112.1 114 115.8 115.7 117.2 117.1 116.4 114.7 112.9 110.4 111.3 114 114.3 114.6 114.6 113.6 114.3 116.2 117.1 116.7 116.7 107.8 69.6 28.5 7.9 -3.6 -3.6 2.4 8.9 14.6 23.1 26.6 30.3 34.4 37 38.6 41.1 41 43.8 44.9 42.3 35.9 27.8 23.6 19.4 14.1 8.9 -3.6 -3.6 -3.6 1.4 1.9 -3.6 -3.6 -3.6 15.7 100.3 101.1 98.4
137.8 134.5 132.9 129.3 123.6 114.9 118.5 125 128.1 128.9 127.4 125.1 122.7 120.4 118.1 116.6 115 113.3 111.6 108.4 105.4 102.4 99.5 102.6 106.9 108.2 110.3 112.5 114.1 115.1 114.2 114.7 114.3 113.5 112 110.4 110 109.5 110.8 113.5 112.7 112 111.1 112.1 113.7 113.8 113.4 112.6 104.6 70.4 24.4 6 -3.6 -3.6 5.3 7.3 15.9 23.2 25.7 28.9 31.5 33.1 33.9 35.5 35.3 33.6 31 27.6 22.4 18.5 15.7 11.4 8.9 -3.6 -3.6 -3.6 6.4 8 5.3 5.4 -3.6 -3.6 7.5 42.1 94.6 89.6
131.5 129.7 126.3 123.3 120.4 112.6 117.9 124.7 126.5 127.4 126.5 125.1 123 120.7 118.5 116.3 114.2 112.1 109.9 107.3 104.8 100.4 99.7 104.1 105.6 106.7 108.8 111.4 114 113.6 112.5 112 111.2 110.5 109.3 108.6 108.4 107.9 108.9 111.6 110.5 109.5 108.6 109.6 110.7 110.5 109.8 108.4 103.9 74.2 23.3 5 -3.6 -3.6 6.3 8 15.5 22.8 25.3 27.8 29.3 30.1 30.8 31.5 30 26.5 24.7 22.2 18.3 14.4 10.9 8.5 5.6 -3.6 -3.6 -3.6 10.7 5.3 5.3 3.8 -3.6 -3.6 6.7 32.2 92.9 84.1
121.6 119.9 117 116.5 114.8 110.7 115.8 120.5 123.1 124.9 124.5 123.2 122.5 121.2 119.3 116.6 113.7 112.3 110.6 107.3 104.7 99.9 98.5 101.9 103.1 104.4 107.5 109.9 112.3 111.8 110.8 110 109.4 108.3 107.1 107.1 106.3 106.4 107.4 108.5 108.1 107.2 106.7 107.9 108.2 108 106.6 105.3 102.6 75.5 25.8 -3.6 -3.6 -3.6 6.8 8.2 14.7 21 22.8 24.2 25.4 25.6 25.6 24.9 24.2 22 20.2 17.7 14.9 11.9 8.6 7.8 -3.6 -3.6 -3.6 19.5 17.5 13.4 9.1 1.9 -3.6 -3.6 9.8 42.1 92.4 84
114.3 112.8 111.4 110.8 109.6 109.4 112.8 116.1 118.6 120.7 121.5 121.9 121.7 120.2 118.1 115.7 113.5 111.4 109.3 106.9 104 99.3 96.9 98.9 100.5 103.7 107 109.8 111.5 111.5 109.9 108.2 107.7 107.1 105.8 105.2 104.7 104.6 104.9 105 105.3 104.9 105.1 105.7 105.7 105.2 103.5 102.2 99.9 77.9 30.1 -3.6 -3.6 -3.6 8.5 8.1 11.1 17.8 19.4 20.5 21.4 21.2 21.7 21.5 20.6 17.8 15.6 12.8 11.6 8.2 7.6 -3.6 -3.6 -3.6 19.5 31 28.6 19.8 10.4 2.3 -3.6 -3.6 9 56.8 92.2 85.2
