app/static/ascii/ST60.asc
ncols 200
nrows 200
xllcorner 360000
yllcorner 100000
cellsize 50
[rows 140 to 174 of 200, columns 79 to 157 of 200]
253.5 254 253.8 252.7 251.3 249.8 247.8 244.7 239.3 233 226 216.3 204.3 188.6 174 167.2 165.6 165.1 163.3 160.6 159.7 158.5 156.8 155.3 153.3 151.1 147.5 147 145.6 144.5 143.1 142.7 144 147.1 150.1 153.4 154.3 154.1 155.9 159.8 162.7 168.7 171.6 169.8 166.2 161.9 155.3 150.7 147.8 143 138.7 137.9 141.8 143.5 144.9 146.9 149.6 152.7 157.6 162.7 169.9 187.6 205.1 222 232.2 240.5 245.2 246.7 247.1 245.6 243.2 236.9 226.5 218.5 219.3 219.5 218.9 217.6 213.9
253 253.3 252.9 251.7 249.7 246.2 241.8 237 232.2 226.5 216.8 206.2 194.1 180.1 171.6 168.7 170.9 169.9 166.7 163.4 163 162 159.7 158.1 154.6 152.1 149.5 149.2 147.4 146.3 144.4 142.5 141.2 141.8 143 145.5 146.5 145.6 147.5 149.2 151.5 157.6 170.8 169.6 166 161.6 155.6 150.7 147.4 144.9 141 138 139.3 141.5 142.9 145 148.5 152.2 157.4 164.3 174.7 190.5 213.6 225.6 234.5 241.3 245.5 246.7 247.1 246 243.5 239 233.1 230.8 230.4 229.4 227.7 224.9 221
252.6 252.7 252.1 249.7 246 239.9 232.9 225.1 218.7 212.9 204.7 194.1 182.8 175.3 173.2 174.2 175.4 172.9 169.1 166.4 165.4 163 160.3 158.1 154.6 153 152.4 152.6 150.6 149.4 146.7 145 143.4 141 140.3 139.6 140.1 141.2 140.3 142.4 145.5 151.8 164.5 167.9 165.1 160.9 156.4 152 148.8 146.5 142 136.8 138.7 140.2 142.2 145.1 149.1 153.6 160.6 167 183.4 205.7 218.8 229.1 237 242.4 246 247 247.2 246.3 245.4 242.4 239.5 238.5 238.2 237 234.7 231.4 226.2
252.5 252.5 251.8 249 243.6 234.8 221.8 210 201.5 196.6 191.5 183.8 178.7 176.7 177.8 180.6 181 177.1 172.9 170.6 168.3 164.7 161.2 158.5 155.8 154.5 154.5 154.6 154 153 151.3 149.8 147.4 144.5 142.5 140.4 139.4 137.8 137.5 137.6 140.3 146 155.9 164.4 163.6 160.5 156.4 151.8 148.4 145.8 141.1 137.1 138 140.2 142.9 145.8 150.2 155.9 162.6 176 195 213.2 226 233.5 239.5 243.8 246.3 247.3 247.7 247 246.3 245.3 243.7 242.7 242.2 240.5 238.3 234.3 228.1
252.8 252.9 252.1 250.1 246.7 241.5 231.6 219 206.5 195.3 188.6 186.1 186.3 186.9 188.6 189.8 189 184.9 179.9 177.9 175.4 171.2 164.6 161.1 158.9 157.5 157.2 157.1 156.1 155.2 152.8 151.6 150.7 148.6 145.8 142.9 141.6 139.7 137.5 137.5 137.5 141.4 148.9 158.3 161.6 159.7 156.1 151.6 146.9 144.6 138.7 137.6 138.2 140.9 143.6 147.3 152 158 170.8 187.9 209.1 221.3 230.6 237.2 241.9 245.1 246.6 247.7 247.7 247.3 246.8 246.3 245.3 244.6 243.7 242.2 240.1 236.3 230
252.8 253.3 253.1 251 249 246.2 242.4 232.6 222.2 212.4 204.2 200.2 200.2 202.6 201.5 200.3 198.4 195.1 191.6 190.2 188 182.8 176.2 166.9 162.4 160.6 160.3 159.9 159 156.6 152 149.8 150.1 149.8 148.8 146.9 144.7 142.4 139.4 138.5 137.5 137.6 142.9 152 157.8 157.8 155.1 150.8 145.3 141.3 136 136.6 138.3 141.2 144.7 148.7 154 161.7 181.1 203 216.2 226.5 233.9 239.3 242.8 245.4 246.9 247.7 247.7 247.4 247 246.6 246.1 245.2 244.4 243 240.8 237.8 232.6
252.4 252.9 252.7 251.7 250.4 248.5 245.8 241.9 235.5 228.1 223 218.1 217.4 216.5 214.1 211.3 209.1 206.2 203.8 201.3 198.2 195.1 188.2 179.1 167.9 165 163.7 162.6 161.2 156.9 150.9 147.6 148.1 149.8 149.6 149 147.5 145.1 143.8 141.2 137.5 137.5 137.9 145.1 152 154.1 154.2 150.2 144.6 137.9 136.4 137.7 139.5 142.3 146.1 150.1 155.8 167.4 187.7 208.3 220.3 229.8 236 239.9 242.9 245.1 246.6 247.2 247 246.6 246.2 245.9 245.5 244.5 243.5 243.2 241.4 238.9 235.2
251.8 252.4 252.3 251.9 250.9 249.5 247.4 244.2 240.7 237.2 233.6 230.2 228.3 226.1 223.8 221 219.1 217.1 214.8 211.4 207.4 202.2 195.9 187.9 177.2 170.1 167.4 163.6 159.3 153.6 148 145.4 146.1 146.6 147.9 149.1 149.8 147.7 145.5 142.9 138.5 135.3 135.8 141.1 147.5 151.9 152.6 149.2 142.6 136.3 133.6 138.6 141.1 143.8 147.6 151.9 159.3 170.3 189.4 210.9 222.9 231.2 237.1 240.2 243.3 244.8 245.1 245.7 245.4 245.1 244.9 245 244.6 244.1 243.1 242.8 241.6 239.6 236.9
251 251.9 251.9 251.5 250.8 249.6 247.5 244.9 241.9 239.7 237.8 236.3 234 232.3 230.2 228.2 226.5 224.2 222 218.8 214.8 208.1 199.8 191.6 182.1 174.8 167.8 160.3 153.7 148.8 145 143.5 143.6 143.9 144.5 146.5 149.3 149.5 146.8 142.9 138.1 133.2 136.2 140.8 146.4 151.6 151.1 146.3 138.6 135.4 134.6 140 142.2 145.3 149.1 154.2 161.9 174.3 192.1 212.1 224.6 232.6 237.8 241.1 242.7 243.8 243.9 243.2 242.6 242 242.5 242.9 243.3 243 242 241.2 240.9 239.9 238.1
250.1 250.9 250.9 250.7 250.2 249.1 247.1 244.7 241.9 238.9 237.2 236.4 235.3 234.8 233.8 231.2 229 226.4 223.7 220.9 217.1 211.3 202.9 194.2 185.2 174.2 163.6 154.3 147.7 144.6 143.1 141.7 141.6 141.7 142.4 143.8 146 147.2 146.8 143.4 137.3 132 135.3 143.8 150.1 152.3 149.8 144.6 135.8 135.3 136.5 140.9 142.7 146.3 151.1 156 164.2 179.3 199.4 216.3 227.3 234.3 237.8 241.1 242.4 242.4 241.6 239.8 236.8 235.6 236.9 238.5 240.1 240.7 240.5 239.5 239.9 239.4 238.8
249.2 249.7 249.9 249.6 249.1 248.1 246.2 243.3 239.8 236.4 233.7 231.5 229.9 228.2 227.4 228.8 228.8 226.7 223.8 220.5 216.6 211 203.3 193.7 181.4 164.2 153.7 146.8 143.7 142.3 141.8 140.2 138.6 139.7 140.5 141.3 142.3 143.1 144.1 142.8 136 132.6 135.9 145 151.4 153.2 148.9 143 135.1 133.8 137.2 140.5 142.2 146.1 150.8 157.3 167.6 182.7 204.7 220.3 230.2 235.4 238.7 240.3 241.5 241.2 238.8 233.6 227.3 223.2 223.3 225.6 229.8 233.2 235.2 236.7 237 238.2 238.7
247.9 248.4 248.5 248.2 247.7 247.1 245.3 242.6 238.4 231 223.5 218.4 215.7 215 215.7 217.6 220.6 220.8 219.7 218.3 213.9 207.9 198.9 188.4 167.9 155.1 147.5 144.2 143.3 142.7 142 140.4 138.7 137.2 138.8 139.4 139.9 140.5 142 142.8 134.9 132.9 138.2 145 150.1 152.1 149.1 141.3 134.2 133.3 135.8 138.2 141.3 145.8 150.9 158.1 171.9 193.7 213.1 223.5 231.6 235.6 238 239.4 240 239.4 235.9 227.2 213.4 205.4 203.1 206.9 212.9 218.6 224 229 232.2 234.2 236.8
246.3 246.6 246.7 246.6 246.1 245.9 244.5 242.8 238.9 234.8 227.1 215.6 201.4 198.3 199 201.8 206 209.3 212 213.7 209.1 201.4 192.6 176.5 158.9 149.2 145.5 145.4 145.8 144.2 142.3 140.1 138.8 137.5 136.4 137.1 138.1 139.2 140.9 142.3 133.7 132.2 136.8 144.3 149.2 150.6 148.3 139.5 133 133.2 135 137.9 141.6 146.3 151.7 162.5 177.9 202.8 217.1 226.6 232.1 235.2 237.2 238.1 238.6 237.6 233.8 224.9 208.2 195.6 186.7 190.7 195.8 199.8 210.8 218 224.4 229.5 233.2
244.4 244.3 244.9 244.9 244.6 244.7 244 242.6 240 236.8 232 224.4 209.2 196.5 188 187.2 190.2 195.5 200.3 203.1 200.6 194.2 183.8 166.7 153 147.5 147 148.1 148.2 145.8 143.6 141.6 140.7 140.1 138 135 134 134.9 136.4 138.9 132.6 129.2 136.9 142.6 146.1 148.9 146.8 140.2 133.5 131.3 135.1 138.9 142.6 147.7 155 166.1 182 206.5 220.3 228.4 232.8 234.7 235.8 236.7 236.8 235.9 231.7 225.1 211 192.6 178.9 179.4 183 186.7 199.8 202.1 211.9 220.8 228.6
239.5 239.2 241.8 242.9 242.8 243.3 242.7 241.9 240 237.2 234 225.8 214.6 202 190 180.5 177 180.4 185 191.1 191.6 184.9 172.3 157.1 150.1 147.8 148.7 150.4 150.9 149.1 147 145 143.8 142.8 140.9 138.4 135.8 133.7 133.5 131.5 129.6 128.8 135.5 140.4 141.1 146.2 144.1 138.8 132.7 131.4 135.8 139.9 143.5 148.8 157.2 170.9 187.9 210.2 222.4 230.4 232.4 233.4 232.1 230.5 229.6 230.4 228.9 223.9 211.3 191.7 172.1 169.8 174.2 177.8 182.1 188.2 195.4 210.6 222.9
227.9 230.1 236 238.6 239.3 241.5 241.6 240.9 239.6 236.9 234.5 225.3 214.9 202.2 189.9 178.8 172.1 169.8 171 173.8 175.4 169.9 160.2 153.6 149.4 149.4 151.1 152.7 153.4 153 150.8 148.7 147.6 146 142.6 139.7 137 136.3 136 134 130 128.6 133.4 137.8 140.5 142 142.2 137.9 132.1 129.8 136 138.8 143 149.4 159.7 176.7 199.3 214.2 224.7 230.5 231.1 229.7 223 214.5 214.2 216.6 217.2 214.2 204.4 182.5 164.7 165.1 167.3 169.8 172.8 177.2 187.4 199.6 216.7
215.8 218 225 227.8 233.3 239.3 240.5 239.8 238.5 236 232.3 223.3 211.8 196.7 184.2 174 168.2 166 163.9 163.2 162.9 160.1 155.9 151.9 150.4 152.4 154.7 156.1 157.2 157 154.7 152.8 152.2 150.7 146.4 141.4 138.3 137.4 137.9 137 132 127.5 129.5 133.9 138.1 138.6 140.5 138.2 131.4 128.9 134.7 138.4 143.2 150 163.8 186 204.9 217.6 226.8 229.8 227.9 223.4 210.5 194.5 191.6 195.3 195.9 190.5 185.4 170.3 158.9 160 161.5 164 167.4 173.3 182.6 196.7 213.4
201.6 201 208.9 218.3 230 237.6 238.8 238.4 237.4 234.8 229.1 220.4 206.2 189.8 178.6 174.2 168.8 165.4 162 159.5 157.8 156.4 154.1 152.1 152.4 155.2 157.4 159.1 160.5 161 159.7 158 156.8 154.2 149.3 143.8 140.4 138.9 138.7 137.7 135 128.4 125.5 130.8 136.1 136.7 138.7 136.4 130.8 128.8 135.1 138.9 144.4 151.4 164.7 187.9 208 220.9 227.7 227.8 223.8 215.2 198.5 181.4 173.4 175.8 173.9 168.9 163.9 157 153 154.3 156.1 159.2 164.3 171 179.4 192.5 211.3
195.1 190.3 198.8 214.4 227.1 235.8 237.2 237.5 236.4 233.6 227.6 217.4 205.6 190.3 182.5 186.6 183.2 174.3 167.7 161.9 158.2 156.1 154.6 154.5 154.2 156.9 160.4 162.7 163.9 165.4 164.5 163 160.7 155.9 149.7 143.1 140.3 139.6 138.9 137.6 136.5 130.7 126.1 128.2 133.6 132.9 136.9 133.3 128.6 128.8 134.6 138.8 145.4 155.1 168.8 189.7 211.4 222.9 226.4 223.4 215.9 200 184.2 171.8 166.3 162.3 157.1 152.6 150 149.2 149.5 151.2 154.1 157.7 163.2 169.8 177.6 190.5 206.6
190.8 184.2 197.6 212.6 224.5 234 236 236.6 235.2 233 227.6 220.2 212.8 207.9 202 201.1 197.4 190.5 182.2 172.9 163.4 159.3 157.1 156.7 156.9 158.6 162.2 166.5 168.8 169.5 168.9 166.6 162.4 154.3 146.5 141.3 138.9 137.1 136.6 135.2 133.7 130.3 126.2 126.3 130 128.9 134.9 129.7 126.7 130.7 134.9 140 147.4 159.4 177.4 198.9 216.8 224.1 223.3 216.1 199.2 183.9 171.3 163.5 154.4 151.4 148.8 146.6 146.3 148.7 150.5 152.8 155.7 158.9 163.8 171.3 181.8 199.4 213.6
183.9 178.2 193.8 211.3 224.4 232.2 234.9 236 235.7 234 231.7 227.8 223.7 220.2 216.1 214.6 209.7 203.1 193.8 184.9 170.2 163 160.9 161.1 161 162.2 166.1 170.9 173.1 173.3 171.3 165.7 158 150.2 143.5 139.8 137.2 135.1 133.8 133.1 132 130.3 128.1 124.9 126.3 129 131.4 127.3 126.5 132.8 136.8 142.8 153.7 170.3 189.2 208.9 219.9 223.5 217.5 198.1 181.1 169.7 161.8 154.1 148.8 145.9 143.4 143.8 147 150 152.1 154.4 158 161.7 166.3 174.2 188.2 205.6 216.5
175.3 175.8 191.1 210.4 223.3 230.4 233.5 235.2 235.6 234.9 233.6 232.5 230.5 228.3 225.4 222.8 218.1 210.9 201 190.7 179.2 169.7 169.6 170.5 170.7 172 175.9 178.3 179.2 178.2 173.4 164.9 157.5 149.1 144.3 141.3 139 136.7 135.3 134.4 133.8 132.9 130.5 126.9 124.6 125.5 127.1 125.7 128.5 133.3 137.9 144.6 162.8 185.4 201 213.6 221.1 218.9 202.6 184.5 169.7 158.7 153.3 147.9 144.3 141.2 141.4 143.4 147 150.2 152.2 156.1 161.6 165.2 170.1 179 194 208.5 219.8
171.1 173.2 188.4 208.3 219.1 226.9 231.7 233.9 235.5 235.1 235 234.5 233.6 231.8 230.3 227.4 222.7 216.6 207.7 198.4 187.7 185.6 185 186.8 186 186.5 187.5 186.9 185.7 184.6 181.1 175.2 165 154.3 149.7 146 142.8 140.3 138.6 136.9 135 133.6 131.7 128.5 125.1 123.7 124.4 126.9 131.3 133.3 138.3 147.5 171.6 192.1 205.7 215.8 218.3 209.7 191 173.2 160.5 152.5 147.6 142.9 139.2 139.3 142.1 143.9 146.3 149.1 151.7 156.3 163.2 169.4 175.9 185 199.8 212.9 223.1
166.6 168.3 185.3 202 210 216.7 224.2 230.8 234.1 235 235.2 235.4 234.6 234.2 233.2 230.4 226.2 220.4 212.3 204.8 201.2 199.6 199.2 198.2 197.3 196.6 196.6 196.3 195.1 193 190.2 184.2 175.8 169.9 163.9 156.8 148.7 144.8 141.9 138.7 135.9 134.1 132.8 131.1 128 124 123.1 127.7 131.4 133.1 136.5 146.6 171.9 192 205.2 213.1 212.2 199.1 179.7 162.4 153.6 147.6 142.5 138.6 137.4 139.8 144.6 147.1 148 149.4 152.5 157 164.4 174.2 184.5 194.5 206.9 216.5 225.7
163.4 161.9 174.7 184 191.5 203.7 213.8 222.8 230.2 234.2 235 235.3 234.9 234.9 234.5 232.7 229.1 224.3 219.2 212.2 211.1 210.2 210.1 208.8 207.9 205.9 205 203.8 202.6 200.4 197.8 194.4 190.5 184.5 178.4 171.7 163.6 154.8 146.2 139.9 136.7 134.4 133.5 132.7 131 125.9 122.6 125.4 129.1 131.4 135.3 141.1 162.2 186.1 200.7 208.3 203.8 186.4 165.2 154.7 149 142.7 138.2 136 137.6 142 149.8 152.2 152.3 152.7 154.5 159.3 168 178.8 192.5 202.7 211.6 220.5 228.4
160 157.2 162.9 171.5 180 190 203.2 215.7 226 232.2 234.3 235.1 235.4 235.8 235.7 234.6 231.7 228.4 224.5 221.3 219.3 219.2 218 217.6 216.1 213.6 212.3 211.3 209.4 207.1 204.6 201.7 198.4 194.3 189.1 182 175.4 164.9 152.9 142.4 137 134.5 133.4 132.5 131.4 127.2 122.6 123 127.3 130.2 133.9 140.3 152.6 175.5 194.2 202.6 195.6 175.2 158.9 149.1 144.2 139.4 135.7 135.5 138.8 144.7 153.3 156.5 156.7 156.9 158.1 162.5 170 184.5 196 206.5 216.3 224.2 230.6
157.5 154.8 160.8 168.4 176.3 186.7 191.5 208 223.7 231 233.4 235.1 235.7 236.3 236.8 236.1 234.1 231.7 229.1 227.3 225.3 224.2 222.8 221.8 220.7 219.4 218.4 216.5 214.9 212.6 209.9 206.8 203.5 200.2 194.7 188 179.1 170.9 156.5 143.1 137.5 134.3 132.9 131.9 130.6 127.8 122.9 122.3 125.1 130.1 133.3 138.3 146.7 167.9 188.3 196.1 183.4 165.2 152.6 144.1 139.9 136.5 133.5 135.3 139.9 146.1 152.3 154.9 157.7 160.1 159.8 163.4 173.4 187 198.4 208.9 218.4 226.1 231.7
152.7 155.7 169.5 183 194.5 202.1 209.9 217.8 226.3 231.7 233.9 235 236 236.7 237.4 237 235.7 233.6 231.3 229.7 227.9 226.2 224.3 223.4 222 221 219.4 217.7 215.8 214 211.7 208.5 205.3 201.8 196.2 188.9 178.8 169.2 154 141.7 136.4 133.6 131.2 130.3 130.5 127.8 123 121.9 124.1 130.3 132.8 136.4 142.1 161.5 180.1 183.5 169.6 156.4 145.9 140 136.6 133.3 132.7 135.2 138.9 144.5 149.3 149.6 151.8 154.6 155.1 160.2 172.4 187.3 199 210.4 219.6 226.9 232.4
151.1 161.1 175.5 194.7 209.1 214.2 220.9 226.2 230.9 232.8 233.8 234.9 235.9 236.9 237.4 237.4 236.1 234.4 232.7 231 229.2 227.1 224.8 223.8 221.8 219.7 216.9 214 211.2 208.9 207.5 206.1 204 199.2 193.1 184.7 170.6 153.9 143.5 137.9 134.8 132 130.3 129.1 129.4 128.3 125.4 121.8 123.7 129.1 131.4 132.8 135.9 149.1 159.8 161.6 154.6 143.8 140.9 136.7 133.3 131.4 132 134.7 137.9 140.9 142.4 143.5 144.8 147.3 150.8 156.6 165.3 177.9 197.1 211.7 220.1 227.3 232.5
152.5 165.2 182.4 202.4 213.8 221.2 227.8 230.9 233.1 234 234.4 234.9 235.8 236.8 237.6 237.4 236.3 234.5 232.8 230.9 228.5 226.1 224.8 221.5 216.7 211.7 207 202 197.8 195.3 195.1 195.4 197.9 194.2 185 167.4 151.8 143.2 137.9 134.8 132.8 130.8 129.3 128.2 127.8 127.7 127.2 122.4 122 126.2 129.7 130.2 131.7 135.7 143.2 144 139.6 139.1 136.9 133.7 131.2 130.3 132.9 135.4 136.7 137.6 138.8 140.1 142.5 146.3 150.6 155.8 164.6 180.7 200.5 212.6 221.1 228.1 233.3
153.4 168.3 189.5 204.5 213.8 221.9 228.7 231 232.6 233.7 234.1 234.4 235.4 236.1 236.5 236.5 235.1 233.4 232.5 230.6 226.6 222.7 218.6 213.4 206.8 199.5 191.6 184.1 178.7 175.3 174.7 178 186.4 186.4 171 152 143.9 137.6 133.7 131.8 131.2 129.8 128.2 127.3 126.7 127.4 127.5 124 122.6 124.5 127.3 128.3 128.7 130.1 132.7 134.2 135.1 134.4 132.9 130.9 129.3 129.7 133.6 136.2 135.4 135.3 136.8 139.4 144.3 149.4 156.1 161 168.1 184.2 204.7 216.3 224.1 229.9 233.8
153 163.9 177.8 191.9 205.9 216.8 225 229.7 231.3 232.3 233 233.7 234.4 234.8 234.7 234.3 232.8 231.1 228.7 224.8 220.5 216.1 210.7 203.1 193 183.2 175.7 168.1 162 160.9 159 162.8 170.9 172.8 157.9 143.9 137.2 132.9 130.1 129 128.7 127.6 126.1 125.9 125.4 126.9 127.2 122.1 121.5 123.8 125.4 126.6 126.5 126.7 126.9 130 130.4 129.9 129.4 128.5 128.3 129 131.6 133.5 133.3 134.4 138 142.1 147.9 156.3 171.7 176.6 184.4 196.6 209.9 219.5 226.6 231.7 235.2
156.5 159.9 169.2 178.2 189.4 202.1 214.6 220.7 228.3 231.9 232.8 233.8 234 233.7 232.9 232 230.1 225.8 220.8 215.3 209.5 204.4 198.2 189.7 177.5 165.7 159.8 155.3 149.8 147 146.4 149.2 154.3 153.4 144.1 138.2 133.1 129.7 126.7 126.4 125.3 124.4 123.4 123.1 123.2 125.3 124.3 119.3 119.3 121 123 124.1 124.8 124.4 125.6 127.1 127.6 127.3 127 126.3 127 128 129.6 130.5 132.3 135.2 138.4 144.1 151.5 165.9 183.7 192.8 199.2 207.2 216.2 223.6 229.3 233.3 236.5
168.2 167.4 167.8 171.7 179.3 188 200 214.8 228.3 231.4 233.2 233.8 233.7 233.2 230.8 229.6 226.4 215.4 209.7 199.6 193.2 187.4 183 174.1 164.7 156.7 149.8 145 142 140.6 140.9 141.6 142.6 141.2 138.3 134.3 130.5 128.6 127.9 127 126.3 125.5 124.5 123.3 122.3 122.4 120.3 117.8 117.6 119 120.9 121.1 120.9 123.4 124.5 124.8 125.3 124.8 124.7 125.4 126.6 128.1 129.7 130 131.8 135 138.8 145.6 154.4 174.7 191.2 200.5 208.1 214.8 220.9 226.6 231.4 235 236.8
188.4 182.8 181.1 182.2 185.5 195 207.5 220.1 228.5 230.8 232.9 234.1 234.1 234.1 232.7 231.1 226.4 218.1 206.5 191.4 178.4 172.9 169.4 164.2 157.8 150.4 146.1 144.2 141.9 139.9 138.2 137.2 137.4 136.4 134.7 131.6 130.1 130.3 130.3 128.3 127.1 126.5 125.8 125.1 122.9 123.6 123.5 121.3 117.1 117.5 118.6 120.9 121.5 122.9 123.4 123.3 123.1 124.2 125.4 127.2 128 129.1 130.5 131.2 131.9 134.7 138.8 146.6 157.5 181 195.4 204.6 211.7 218.4 223.8 228.7 232.8 236.1 237
