app/static/ascii/ST63.asc
ncols 200
nrows 200
xllcorner 360000
yllcorner 130000
cellsize 50
[rows 0 to 37 of 200, columns 85 to 169 of 200]
120.9 122.6 120.6 120.9 121.9 121.4 121.6 122.1 122.5 121.6 121 121.2 120.6 119.8 118.8 116.3 114.2 112.1 109.7 109.6 110.8 112.9 114.1 115.1 115.1 114.1 111.9 109.9 105.4 101.9 103.9 109.6 115.9 117.6 118.8 120.5 123.3 126.2 129.5 134.1 140.3 145.7 150.7 155.2 160.2 164 165.2 163.6 154.5 147.4 150.3 158.5 165.9 174.8 184.7 194.6 200.7 199.9 197.7 195.4 193 190.7 188.6 186.7 184.5 182.2 179.2 173.4 166 161.3 158.8 157.5 156.4 154.2 143.8 132.6 120.7 111.6 103.4 94.9 106.8 117.8 124.1 133.5 144.9
116.6 116.3 114.7 114.4 115.4 115.2 115.4 116.5 116.8 116.1 115.5 115.7 115.2 114.1 113.1 112.4 111.3 109.7 108.3 108 108 108.5 110 110.2 109.8 109 107 105.1 101.7 101.4 104.4 110.9 116.2 118.5 119.2 120.1 122 124.4 127.4 131.6 137.3 143.9 145.6 148.4 151 152.8 153.8 152.9 148 140.1 145.8 153.1 159.8 167.8 178.5 187.5 198.6 199.3 198 195.8 193.6 191.3 189 186.8 184.6 182 179.6 175.9 167 163.3 163.4 162.5 161.5 155 145.9 131.9 120.1 110.3 96.1 98.1 107.2 117.2 122.9 131.3 141.6
112.1 111.6 110.1 109.2 110.4 109.7 110.1 110.6 111.2 111.2 110.5 111.1 110.9 110 109.5 109 108.6 107.9 106.6 106 105.4 105.3 106 106.2 106 104.8 103.1 101.5 100 100.8 104.9 111.4 116.8 118.7 118.9 119.1 120.6 122.5 125.2 129.8 134.2 136.8 139.8 143.1 144.4 145.5 144.5 143.4 141.7 134.8 138.5 146.9 154.2 161.7 171.8 182.1 192.1 198.3 197.7 196.1 193.8 191.5 189.2 186.9 184.6 182.1 178.4 163.9 156.7 152.5 152.5 151.3 150.5 147.4 136.2 127 117 104.9 94.5 103.1 111.3 118.4 122.6 128.7 138.9
107.7 107.6 106.5 105.6 105.6 105.9 106.3 107 107.8 107.8 107.7 108.1 108.4 107.7 107.3 107.2 107.5 107.3 106 105.2 104.1 103.7 103.6 103.2 102.8 102.3 101.1 99.9 99 100.1 104.7 110.9 117.2 118.5 118 118.1 119.7 120.4 122.7 125.6 128.9 130.8 134.2 137 138.4 139.9 140 137.9 136.5 131 133.1 141.7 149.1 156.8 166.2 177.3 186.4 196.8 197.1 195.9 193.8 191.5 189.2 186.5 183.8 180 167.7 154.6 146.9 142.1 140.4 139.5 138.4 135.4 128.8 119.3 111.6 98.8 95.8 107.4 116 120.9 123.5 129.2 139.2
103.6 104 103.3 102.6 102.7 103.1 103.7 104.5 105.4 105.5 105.6 105.7 105.9 105.8 105.7 105.7 106.1 106.6 106.4 104.6 103.5 102.4 102 101.6 101.2 100.7 99.7 98.7 98.5 99.6 105.9 113.3 118.1 118.4 117.8 117.3 118.1 118.8 120.2 122.3 124.8 126 128.3 129.1 131.6 134.5 135.6 134.1 131.3 127.1 129.3 138.7 144.2 150.8 158.6 171.2 181.4 193 196.2 195.5 193.7 191 188.2 185.4 182.7 172.7 158.1 145.3 137.9 132.1 130.9 128.6 127.8 127.3 124.3 118.6 105.3 94.3 98.6 112.2 117.9 119.5 122.7 130.5 141
100.3 100.5 100.4 99.9 100.4 100.9 101.7 102.5 103.4 103.9 104.1 104.2 104.4 104.6 104.2 104.5 105 105.5 106.1 105.2 103.2 101.9 100.8 100.1 99.8 99.4 98.5 97.7 97.7 99.5 105.7 112.8 117.9 118.4 117.6 117.4 117.6 117.1 118.5 120.3 121.2 121.3 123.1 122.8 126.1 129.9 131.5 131.2 129.1 120.6 127.1 133.1 139.1 145.2 153.9 165.6 177.3 187.5 194.9 194.4 193.2 190.5 187.7 185 182.2 171.5 155.4 142.4 134.4 128.5 126.3 120.8 117.9 116.3 116.5 113.9 101.8 93 99.4 110.7 113.5 117.4 122.1 130.5 141.7
98.3 98.9 98.2 97.8 98.4 99.2 99.9 100.7 101.5 102.4 102.6 102.8 103 103.2 103 103.5 104 104.6 105.1 105.8 104.2 101.7 100.4 99.5 99.1 98.5 97.6 96.8 97 99.7 105.3 111.8 118.1 119 117.9 116.6 115.8 115.3 116.8 117.9 118.5 117.8 118.2 119.5 121 125.9 127.6 126.9 126.1 123.3 121.1 127.2 134 141.2 149.2 160.2 173.6 184.4 193.2 193.2 192 190.1 187.4 184.6 182.5 175.3 160.1 148.3 139.1 132 128.2 126.7 123.1 114.5 108.1 102.4 95.5 92 97.1 103.6 111.6 117.1 122.5 131.5 142.2
96.3 96.6 96.1 96.1 96.9 97.8 98.5 99.3 100 100.8 101.2 101.4 101.6 101.8 102 102.6 103.3 103.9 104.5 105.1 105.3 102.9 100.4 99.2 98.3 97.5 96.7 95.9 96.4 98.9 105 111.4 117.2 120 118.5 117.1 115.9 114.4 114.9 115.8 115.7 114.8 114.3 114 119 120.8 122.5 123.2 122.5 120.4 116.9 123.4 130.7 137.8 146 156.2 169.1 181.2 191.7 191.9 190.9 189.2 187 185 182.2 178.8 169.5 158.3 148.7 139.7 137 132.8 124.9 120 116.3 109.7 99.2 91.4 97 106.4 113.5 119.4 125.1 134.9 144.9
98.5 94.1 93.8 94.5 95.4 96.3 97.1 97.9 98.7 99.7 100.3 100.5 100.6 100.8 101.3 101.7 102.3 102.9 103.5 104.1 104.1 104.1 100.8 98.5 97.4 96.5 95.7 94.9 95.5 98.1 103.7 109.8 115.1 119.1 119.1 117 114.9 114.2 113.4 113.7 113.1 112.7 111.9 111.5 114.8 115.9 117.2 118.3 118.9 115.4 114.1 120.4 127.6 135.6 143.7 153 164.2 175.6 188.5 190.5 189.7 188.4 186.7 184.7 182.2 179.7 176.1 167.9 159.2 153 146.3 136.8 126.6 120.7 117.9 115.5 104.5 95 94.7 105.9 113.1 120.6 129.8 138.5 148.6
92.2 92.3 92.6 93.2 94 94.9 95.7 96.6 97.6 98.7 99.3 99.6 99.7 99.9 100.6 100.9 101.4 102 102.6 103 103 102.7 101.8 98.4 96.6 95.5 94.7 94.1 94.4 96.6 101.8 107.1 111.3 115.3 116.6 115.9 113.9 113.2 112.5 111.9 111.1 110.7 110 108.3 110.8 111.6 112.8 113.8 114.2 111.4 113.4 119.7 127 133.6 141.6 150.6 159.5 168.3 178.5 188.6 188 187 185.7 183.6 181.3 178.8 175.6 173.1 169.8 161.3 154.1 140.6 127.8 120.8 117.2 114.2 108 97.3 91.2 103.3 112.7 121.6 131.2 141.6 153.4
90.4 96.2 90.6 92 92.8 93.6 94.5 95.6 96.6 97.6 98.3 98.6 98.8 98.9 99.9 100.3 100.6 101.1 101.7 101.8 101.6 101.2 100.8 98.9 96 94.5 93.7 93.5 93.8 95.5 99 103.2 106.6 109.5 110.6 112.3 112.6 112.2 111.6 110.9 110 109.1 108.1 106.3 106.7 107.9 108.4 109.2 109.3 109.8 114.5 120.4 127.1 133.2 141.1 147.9 154.4 161.2 168.1 176.1 184.8 185.7 184.5 182.5 180.4 178.4 172 171.1 167.8 162.1 153.7 140.8 126.4 119.2 115.3 111.5 105.1 95.8 90.9 102.4 111.9 119.8 131.2 142.2 154.1
88.7 88.9 89.4 90.6 91.7 92.7 94.2 94.5 95.5 96.6 97.2 97.7 97.9 98 99.2 99.6 99.9 100.3 100.7 100.5 100.2 99.8 99.4 98.6 95.7 93.8 92.7 92.9 93.2 94.4 97.7 99.4 102 104.4 106.5 108.9 111 111.4 110.6 109.9 109.1 108.1 106.8 105.1 103.4 105.1 105.4 105.3 105.9 109.9 114.8 119.4 126.5 133.6 140.5 145.8 149.1 152.8 158.5 164.7 171.1 174.9 182.3 181.6 180.1 174.7 163.9 160.2 156.4 152.4 146.7 137.7 125.5 118.1 114.3 109.7 102 92.6 92.2 103.2 112.1 119.6 131.7 141.8 153.5
87.3 87.6 88.6 89.6 90.5 91.7 93 93.7 94.6 95.5 96 96.4 96.8 97.2 98.3 98.6 98.9 99.1 99.7 99.1 98.8 98.4 98.1 97.9 96 93.7 91.9 91.3 91.6 93.6 94.8 96.3 97.8 100 102.5 105.6 108.4 110.9 110 109.1 108.2 106.9 105.6 104.3 102.3 101.3 102.9 102.9 105.3 110 115 118.7 126.6 134.8 140 144 144.6 146.2 150.8 154.5 159.6 163.2 168 172.7 172.9 166.1 155.9 151.1 145.8 142.3 137.5 128.8 121.9 117.5 114.2 108.6 100.3 92.1 90.1 104.7 113.2 120.8 131.7 141.2 152.9
86.6 86.8 88.5 88.5 89.6 90.7 91.8 92.9 93.7 94.5 95 95.2 95.5 96 97.1 97.2 97.4 97.9 98.9 98 97.7 97.6 97.5 96.9 95 92.8 91.4 90.7 90.6 91.8 93 94.2 95.5 96.7 99 102.6 104.9 108 109.7 108.5 107.2 105.9 104.6 103.2 101.5 98.9 99.9 100.7 104.3 108.7 115 117.7 125.9 134.1 139 141.7 142.1 142 142.5 146.5 149.6 152.5 157.1 158.6 158.9 155.4 147.4 143.7 138.6 134.7 129.2 124.5 120 116.1 114 107 98 90.7 91.4 105 113.6 121.3 130.8 140.2 149.7
85.6 85.7 92.5 87.5 88.7 89.7 90.6 91.9 92.7 93.5 94.2 94.4 94.5 94.9 95.9 96.4 96 96.6 97.1 97.1 96.9 96.6 96.3 94.9 93.2 92.2 91.1 90.1 89.7 90.1 91.4 92.4 93.6 95.1 95.9 98.9 101.2 106 109.8 108.5 106.5 105 103.7 102.4 100.8 98.2 97.3 100.9 103.3 107 111.7 116.8 123 131.2 136.2 137.7 139 138.1 138.1 139.4 141.1 143.6 146.4 148.5 148.7 147.3 141.4 139.3 135.9 132.5 127.8 122.8 118.6 114.6 108.9 102.4 93.9 87.1 95.5 107 113.3 119.2 127.1 136.1 146.7
84.7 84.8 88.8 86.4 87.4 88.4 89.4 90.9 91.7 92.5 93.3 93.5 93.7 94.3 94.8 94.7 94.9 95.4 96 95.9 95.1 94.8 94.5 92.9 92 91.3 90.5 89.4 89.1 89.4 89.7 90.8 92.4 93.3 94.1 95.2 99.3 103.5 108.3 108.2 106.2 104.3 102.9 101.2 99.4 96.9 96.8 99.7 102.2 105.5 110.7 115.7 120.5 126.4 130.1 133.2 134 134.4 134.2 135.3 135.8 136.8 138.2 139.2 138.1 138.7 136.6 134.3 133.1 129.9 128.4 125.4 120.7 114.1 107 97.3 89.5 86.4 100.5 107.3 111.8 116.6 123.5 131.6 142
84 84.1 84.3 85.1 86.3 87.1 88.4 89.9 90.7 91.5 92.3 92.7 93.2 93.9 93.5 93.8 94 94.3 95.2 95 94.2 93.4 92.6 91.7 90.7 89.9 89.3 88.7 88.8 89 88.7 89.4 91.3 92.1 92.8 92.8 95.3 100 105.4 107.9 106.1 104.2 102.3 100.9 98.8 96.7 95.1 98.4 101.1 104.1 108.4 112.4 115.9 120.8 125.2 127.7 129.5 128.4 130 130.8 131.6 132.6 133.5 133.8 133.7 134.1 132.8 131.7 130.8 128.5 127.2 124.2 120.9 118.1 114.5 102.6 91.7 85.5 96.7 105 109.5 113 119.4 127.3 136.2
83.4 83.5 84.1 85.7 85.5 86.3 87.4 88.8 89.7 90.5 91.3 91.9 92.6 92.8 92.6 92.8 93 93.2 94.5 94 93.2 92.4 91.6 90.5 89.4 88.6 88.3 88.4 87.9 87.6 88.1 88.5 91 90.6 90.4 90.8 93.2 97.4 102.4 106.4 105.3 103.6 102.3 100.5 98.4 96.1 94.1 97.1 100.4 103 105.5 108.2 111.2 115.6 119.4 122.1 123.6 121.9 124.2 126.1 126.6 128.6 129.9 130.3 130.7 130.7 130.6 130.7 129.1 127.3 125.9 123.4 122 119.5 116.1 106.4 95.1 84.6 93.1 102.7 106.4 108.7 114.7 121.4 129.3
82.9 85.8 80.8 88.5 85.3 86.2 87.1 88 88.8 89.6 90.4 91.1 91.4 91.6 91.7 91.6 91.7 92.1 93.3 93.2 92.4 91.6 90.6 89.5 88.5 87.5 87.2 87.1 87.2 87.1 87.7 87.6 88.8 89.7 88.8 88.8 91.1 94.4 99.3 104.2 105 103.2 101.2 99.8 98.1 95.8 93 94.3 97.4 99.6 101.5 103.3 107.5 111.6 114.2 116.8 117.7 116.2 118.1 120 122.2 125.8 127.1 127.9 128 128.3 129.2 128.2 127.3 126.5 124.9 123.3 121.5 119.6 115.1 106.7 95.8 86.5 86.1 94.9 101.6 104.1 111.3 116.8 122.4
80.3 80.2 80.3 84 84.4 85.6 86.5 87.3 88.1 88.9 89.7 90.6 90.9 91.2 91 90.8 90.7 90.9 91.8 92.5 91.7 90.8 89.7 88.6 87.6 86.6 86 86.7 87.1 87 86.2 87 88.8 88.6 87.4 86.8 89 91.7 95.3 100 102.6 102.2 100.2 99 97.4 95.6 93.1 90.9 94.9 97.5 98.6 100.5 104.5 107.9 110.3 111.2 111.7 112.5 113.3 115.7 118.9 122.5 124.6 125.9 126.4 127.1 127.9 127.5 126.7 125.9 124.4 122.7 120.8 118.3 114.5 108.1 100.1 92 83.3 87.4 93.7 101.7 108.1 112.3 117.1
78.9 79 79.5 83.2 83.5 84.6 85.8 86.6 87.5 88.3 89.1 90 90.5 90.7 90.3 90 90 90 90.2 91.6 91.1 90 88.9 87.7 86.7 85.8 85.2 85.7 86.6 86.7 85.6 86.5 88.4 87.5 86.7 85.5 86 88.5 91.7 95.1 99.4 101.1 99.5 98.2 96.8 95.3 92.2 87.7 94.6 95.7 96.8 98 101.3 104 105.1 105.5 106.9 109 109.8 111.9 115.8 119.1 120.6 122.9 125.2 125.8 126.9 126.7 126 125.3 123.8 122.4 121.3 119.9 117 113.6 106.7 96.9 89.2 84.4 90.2 99.9 104.4 108.4 111.1
79.2 77.6 78.7 79.5 84 83.9 84.9 86 86.8 87.7 88.5 89.4 90 90.3 89.7 89.3 89.2 89.2 89.2 90 90.3 89.2 88 86.9 85.8 85.3 84.6 84.9 86.5 86.7 85.7 85.2 86.2 87.2 86 84.8 84.8 85.8 88.6 91 95 98.1 98.1 97.1 96.1 93.9 91.5 88.1 93.6 93.6 93.4 95.8 98.2 99.9 100.6 100.9 102.6 104.1 106.4 110.3 113.7 114.4 115.8 120.2 122.9 124.6 126 126 125.7 125.3 124.5 123.1 121.7 120.3 117.8 115.1 110.2 101.4 92.5 84.6 85.7 97 101.3 105.1 106.9
79.1 78.3 78.6 79.1 87.3 83.1 83.6 85.1 86.1 87 87.9 88.8 89.4 89.7 89 88.5 88.5 88.3 88.1 89 90 88.9 87.6 86.3 85.5 84.9 83.9 83.2 84.3 85.6 85.4 84.3 84.1 86.4 85.4 84.2 83.3 84.1 85.2 87.5 91.2 93.7 94.4 93.8 94.7 92.6 90 87.2 92.5 92.8 91.8 92.5 94.9 96 96.2 96.5 98.9 101.3 104.5 106.3 107.6 108.4 113.4 118.3 120.7 123.1 124.6 125.8 125.6 125.2 124.8 123.5 122.2 120.7 118.2 115.7 111.5 105.3 96.6 88.7 81.8 89.6 97.6 101.7 103.6
78 78.3 78.3 79 80.1 81.7 82.6 84 85.2 86.2 87.1 88 88.9 89.1 88.3 87.7 87.2 87 86.8 87.7 89.3 88.1 86.8 85.9 85.3 84.6 83.6 82.6 82.7 84.2 85.3 84.1 83.1 84.1 84.7 83.7 82.7 82.3 82.9 84.1 86.7 88.7 90 90.9 92.8 91.6 88.5 84.8 91 92.3 90.7 90.3 91.2 92.2 93 94.8 96.8 99.2 100.8 101.5 102.5 104.6 110.7 115.7 118.3 120.8 123.7 124.9 125.2 125 124.6 123.6 122.3 120.3 117.9 115.6 112.1 107 99.6 90.2 82.7 83 92.1 97.5 99.4
77.1 77.4 78.1 79.7 81.4 82 81.7 82.8 84 84.7 85.3 86.8 88.3 88.4 87.7 87.1 86.6 86.2 85.7 87.1 88.3 87.3 86.3 85.7 85.2 84.3 83.3 82.3 81.4 82.7 85.2 83.8 82.9 82.3 83.7 83.2 82.1 81.1 80.9 81.4 82.4 83.7 85.3 86.7 89.5 91.4 88.1 82.7 88 90.9 89.7 88.4 89.1 90.1 92.1 93.8 95.2 96.2 96.7 97.4 99.5 102.9 107.8 112.9 115.8 118.5 122.1 123.7 123.6 124 123.9 122.8 121.2 119.7 117.6 115.3 111.5 107.7 101.5 93.7 85.2 81.5 86.9 89.8 90.6
76.1 77.2 78.2 79.3 81 81.6 80.8 81.2 82.4 83.2 83.9 85.4 87.1 87.4 87.1 86.5 85.9 85.1 84.3 86.7 87.4 86.7 86.5 85.8 84.9 84.1 83.1 82.1 81.2 81.6 83.5 83.8 82.6 81.9 81.3 82.7 81.7 80.6 79.6 79.3 79.5 80.5 80.8 82.6 86 88.7 87.7 81.8 85.2 88.8 88.6 87.6 87.5 89.3 91.4 92.2 92.1 92.8 93.6 94.2 97 100.8 104.8 109.7 113.8 117.3 119.2 121.1 122 122.5 122.1 120.9 119.9 118.7 116.8 114.6 111 107.2 101.8 94.1 85.4 80.6 82.6 82.7 82.3
74.8 76.9 77.7 78.8 80.8 81 80.2 80 79.9 81.8 82.5 83.9 85.5 85.9 86.1 85.6 84.6 83.7 82.7 86 86.5 86.8 86.4 85.5 84.6 83.8 82.9 81.9 80.9 80.6 82.7 83.4 82 80.7 80.3 81.6 81.2 80.1 78.8 77.8 77.2 77.5 77.7 79.1 82.4 84.5 84.5 80.9 82.2 86.9 87.2 86.7 86.2 87.3 88.6 88.7 88.9 89.5 90.1 91.3 93.8 97.9 101.6 106.2 111.4 113.7 115.6 117.6 118.4 118.9 118.8 118.8 117.7 116.6 114.8 112.6 109.5 105.9 100.2 93.7 84.9 79.6 80.6 80.1 85.8
73.5 75 77.2 78.1 79.7 79.7 79.3 79.1 78.9 80 81.2 82.5 84 84.5 85.1 84.5 83.5 82.7 81.8 84.9 86.3 86.6 86.1 85.2 84.4 83.5 82.6 81.7 80.6 79.9 81.4 82.3 80.8 80.2 80.1 79.8 80.6 79.2 77.9 76.6 76.1 75.7 75.3 76.5 79.2 81.4 81.4 78.6 80.1 84.4 85.3 85.5 85.1 84.7 85.4 86.5 86.1 86.9 87.9 88.4 90.7 94.2 98.7 102.5 106.5 109.2 111.7 114 115 115.5 115.6 115.4 115.2 114 112.2 109.9 107.6 103.9 96.9 89.9 81 79.2 79.6 89.6 92.6
73.4 74.1 75.4 76.4 79.1 79.1 78.5 78.1 78.1 79.3 80.5 80.6 82.6 83.9 83.7 83 82.2 81.3 80.5 83.7 85.4 85.9 85.8 85 84.1 83.2 82.3 81.2 79.7 78.7 79.9 81 80.6 80.7 79.9 79.1 79.7 78.9 77.3 76.1 75.3 74.8 74.6 74.9 76.7 78.3 79.8 77.2 77.8 81.5 82.7 83.3 82.8 82.8 83.7 84.2 84.2 85 86 85.9 88 91.8 95.5 98.3 100.3 103.4 107.5 109.5 110.5 111.9 112.4 112.3 111.7 110.6 109.2 107.9 105.8 101.3 93.7 85.4 77.5 81.1 87.8 94.4 100.2
72.9 73.6 74.2 75.2 76.2 77.5 77.7 77.2 77.5 78.6 79.4 79.5 81 82.8 82.3 81.5 80.7 80 79.9 81.9 83.8 84.8 85 84.6 83.8 83 81.9 80.4 78.9 78.3 78.2 79.4 81.4 80.6 79.6 78.5 78.4 78.3 76.9 75.6 74.4 74 73.9 74.2 75 75.8 76.7 76.3 75.4 78.8 79.8 79.9 80.2 81 81.5 81.9 82.4 83.8 84.4 83.9 85.5 87.7 91 93.7 94.8 99 101.9 103.8 104.6 106.5 108.3 108.5 107.8 106.7 105.6 105.5 102.8 97.4 89.8 81.9 77.7 81.7 90.3 98.3 105.8
72.2 72.4 72.8 73.3 74.5 76 76.3 76.1 77.4 77.8 77.9 78.1 78.5 81 80.9 80.5 79.7 78.8 78.1 80.2 82.6 83.3 84 83.6 82.9 82.1 81.1 79.8 78.3 77.7 77.1 77.4 79.5 80.5 79.2 78 77.6 77.9 76.4 75.2 74.1 73.2 72.9 73.2 74 74.9 75.6 74.9 74.6 76.6 77.5 78.2 79 80.6 80.9 80.6 81.1 82.2 82.3 81.7 83.2 84.2 86.9 89.1 92.5 95.3 96.8 98 98.8 101.4 103.5 104.3 103.9 103.5 102.9 101.5 98.7 94.3 85.9 77.6 77.9 82.3 92.7 99.7 110.1
71.2 71.1 71.5 76.5 73 74.4 74.9 75.9 76.3 75.9 76.4 76.6 77 78.4 79.4 79.1 78.7 77.9 77.1 78.4 80.9 82 82.7 82.5 81.8 81 80 78.9 77.7 77.1 76.5 76.6 78.4 79.3 78.4 77.2 77.1 76.6 76 74.9 73.8 72.7 72.4 72.5 72.9 73.7 74.5 73.7 73.5 75.5 75.8 76.7 78.1 80.1 80 79.7 80.2 80.6 80.2 79.6 80.4 81.1 82.9 85.9 89.3 91.1 92.9 93.5 93.4 96.4 98.6 100.3 100.9 100.4 98.9 97 94.2 90.3 82.9 77.6 79.2 90.6 95.3 103.5 113.3
69.7 70.5 70.9 71.5 72.4 72.7 73.8 75.4 75 75 75.1 75.2 75.6 76 77.8 77.6 77.6 76.8 76.1 76.7 78.9 80.8 81.3 81.2 80.6 79.9 78.8 77.7 76.8 76.3 75.8 75.8 76.5 77.3 77.6 76.6 76.4 75.8 75.1 74.1 73 72.2 72 71.9 72.2 72.5 73.3 72.3 72.3 74.3 74.5 75.2 77 79 79.2 78.7 78.6 78.4 78.6 77.8 78.1 79.5 80.1 82.9 85.7 86.4 88 88.8 88.6 92.1 93.6 94.8 94.3 94 93.8 91.5 87.9 85.5 77.7 77.2 82.1 91.4 98.4 106.9 117.2
68.9 69.6 72.6 71.1 71.7 70.9 72.1 72.7 73.2 73.2 73.2 73.6 73.9 74.2 75.5 76.5 76.5 75.8 75.2 75.1 77.3 79.3 79.6 79.2 78.7 78.5 77.2 76.2 76.1 75.7 75.3 74.6 74.4 75.2 76 75.9 75.6 75.1 73.9 73.3 72.3 71.8 71.6 71.4 71.6 71.9 72.1 70.5 71.8 73.4 72.9 73.9 75.7 77 78.3 77.6 76.7 76 76.9 75.8 76.6 78.4 77.6 79.5 80.9 81 82.8 83.3 83.6 87.2 89.2 88.3 88.3 87.7 86.1 85.2 82 80.4 75 79.5 89.1 94.6 102.2 110.8 121.9
68 69 70.8 70.4 70.6 69.4 69.8 70.4 71 71.1 71.2 71.9 72.3 72.5 73.4 74.4 75 74.8 74.3 73.7 75.7 77 77 77 77.5 77 75.2 75.4 75.9 75.4 74.9 74.1 73.3 73.1 73.8 74 73.9 74 72.6 72.6 71.7 71.5 71.3 71 71.1 71.3 71.5 70 69.7 71.6 71 72.2 73.2 74.5 75.8 75.7 74.7 74.1 75.2 74.2 74.2 74.8 73.5 72.3 74.5 73 74 75.8 78.2 77.8 78.5 78.2 81.9 80.3 76.6 76.7 76.3 75.2 81.8 86.8 93.9 100.8 108.2 116.5 127.3
67.2 68.7 69.9 70.4 69.7 67.6 68.2 68.7 68.9 69.1 69.5 70.3 70.7 70.9 71.3 72.6 73.4 73.7 73.2 72.8 73.3 74.2 74.4 75.2 75.5 75.2 74.2 72.8 73.7 74.7 74.4 73.5 72.6 72 71.7 72 72.5 73.7 71.3 71.5 71.4 71.1 70.9 70.7 70.5 70.7 70.2 69.1 68.5 69.4 69.2 69.6 69.8 71.2 71.6 71.9 70.9 73 72 73.5 71.5 70.5 70.9 71.3 71.6 72.4 72.8 73.1 73.2 73.8 74.7 74.5 74.7 74.4 75.4 75.7 82.2 84 90.8 96 100.6 107.9 115.5 124.4 134.2
67.2 71.5 69.8 69.3 68 66.1 66.2 66.5 66.9 67.1 67.8 68.6 69.1 69.4 69.8 70.6 71.6 72.3 71.8 71.4 71.6 71.8 72.6 73.3 73.8 73.2 72.1 71.5 71.5 72.1 72.1 71.7 70.1 70.2 69.9 70.4 71.1 72.9 71.4 69.7 70.5 69.6 68.9 68.8 69.3 69.2 68.7 67.8 66.7 67.4 67.7 68.2 67.7 67.7 68.1 68.5 68.7 69.7 69.3 68.6 70.4 70.7 72.1 72.3 72.1 72.3 73 73.2 73.7 74 75.4 75.8 75.9 79.4 81.3 85.7 92 92.4 96.9 102.2 108.9 116.1 123.6 134 140
67.7 68 68.1 66.2 66.6 64.2 64.1 64.6 65 65.5 66.3 67 67.5 67.9 68.3 68.7 69 70.5 70.4 70.2 70.4 70.2 71 71.4 72.3 71.2 70.1 69.3 69.1 69 69 68.5 68.1 68.3 68 68.6 69.4 71 71.3 69 68.7 68.8 67.8 67.3 67.9 67.4 66.9 66.3 65.7 66.4 66.7 66.7 67 68 69.6 69.2 68.8 69.3 69.7 70.9 71.2 72.2 73.2 72.6 72.9 72.5 73.2 73.7 74.8 75.8 78.3 79 78.1 84.7 87.9 90.3 94.5 97.6 100.9 107 114.8 124.2 133.2 140.5 143.4
