app/static/ascii/ST73.asc
ncols 200
nrows 200
xllcorner 370000
yllcorner 130000
cellsize 50
[rows 105 to 139 of 200, columns 79 to 157 of 200]
167.5 173.7 179.1 184.5 187 192.4 202 207.9 211.1 201.7 202 213.1 223.7 233.6 243 251.7 250.1 249 245.4 233.6 228.2 221.9 213.8 202.9 196.4 192 187.1 182.2 183 184 185.3 188.7 195.2 199.9 205.2 206.2 191.9 182.2 173.8 169.7 170.6 177.6 186.2 193 204.4 216.5 220.9 221.6 221.4 221.2 217 201.3 186.6 176.3 169.7 171.4 176.7 190.1 204.1 210.8 208.8 207.2 206.9 207 207.2 206.5 206.1 205.3 204.7 204.1 203.5 202.9 202.2 201.2 200.1 199 197.9 196.9 195.8
166.1 171 175.5 178.3 183 188.5 195 198.4 196.8 198 198.8 205.7 215.1 225.4 236 247 250 249.4 248.2 245.1 238.1 230.2 219.3 207.7 198.2 192.7 188.7 185.1 182 178.1 179.1 181.9 186.4 190.5 194.6 194.5 188.7 181.4 173.6 169.1 168.5 172.6 179.4 184.7 193.6 205.8 214.8 220.6 221.1 220.1 218.8 211 195 180.6 171.8 166.7 170 177.7 189.3 199.5 206.6 205.5 205.2 205.3 205.3 205.7 205.5 204.8 204.2 203.6 203 202.5 201.9 200.8 199.7 198.6 197.5 196.4 195.4
163.2 166.4 169.8 175.8 181.6 186 191.2 190.6 188.7 191.9 193.3 196.9 206.3 216.9 231.6 242.5 249.3 249.4 248.4 246.4 243.4 235.7 224.5 212.4 201 192.5 189.2 186.4 183.9 180.6 174.9 176.4 179.9 183.9 186.2 184.5 181 175.1 170.9 167.5 166.7 168.4 172.7 176.2 183.6 194.3 208.9 215.9 217.8 219.4 219.4 217.7 205.2 190.5 177.6 168.9 164.5 168.6 175.5 182 189.3 195.8 202.8 203 203.3 204.2 204.2 204.4 203.7 203.2 202.5 201.9 201.3 200.4 199.3 198.2 197.1 195.9 194.6
157.7 163.6 169.3 174.6 179.9 184.7 184.9 182.2 183.3 185.6 188 190.5 197.5 211 226.4 239.4 247.8 248.6 247.9 246.5 244.4 240.4 229.8 218.8 209.9 197.5 190.3 187.2 184.2 182 178.2 171 174.6 177.2 179 177.3 173.4 171.7 168.1 165.6 165 166.3 167.5 172.1 178.5 183.4 195.3 207.5 214.5 215.7 218.1 218 215 202.6 186.8 176.2 169.1 162.6 166.4 169.5 173.2 178 182.3 191.1 201.3 202.4 203.1 203.4 203 202.6 202 201.4 200.8 200 198.7 197.5 196.2 195 193.7
158.1 162.5 167.1 171.6 175.9 179.8 178.6 176.9 179.9 181.8 183.4 186 193.6 205.3 220.8 234.8 246 248.1 247.6 246.3 244.5 242.1 235.8 225.1 217.5 206.2 197.3 194.8 192.6 185.8 179.9 174.3 170.2 171.5 172.3 170.7 166.3 166.1 165 163.3 162.6 163.9 165.2 171.1 174.3 176.1 183.9 195.1 205.7 212.5 215.7 216.4 216 212.6 199.2 185.5 174.9 164.9 161.5 163.1 164 166.6 170.3 174.8 182.9 192.5 200.6 201.5 201.2 200.8 200.4 200.7 200.1 199.3 197.9 196.6 195.4 194.1 192.9
153.5 158.4 163.4 167.7 171.8 174.9 173.3 172.7 177.5 176.4 181.5 185.5 192.4 201.3 215 226.9 240.2 246.1 246.9 245.6 244.3 242.2 239.9 232.9 225.1 216.6 212.1 204.6 193.3 186.9 181.6 179.5 177.3 171.1 168.8 168.4 164.4 164.4 162.7 159.3 159.1 160.8 162.7 165.8 168.1 169.6 171.9 181.7 192.5 204.3 211.5 212.8 214.4 212.4 211.3 199.4 188.5 176.7 167.3 160.7 159.4 157.9 160.4 163.8 169.3 180.6 191 198.9 199.1 198.7 199.4 199.9 199.3 198.4 197.5 195.9 194.6 193.3 192
149.4 155.4 159.7 163.5 167.2 169.8 168.1 167.3 170.3 173.9 179.9 185.6 191.5 197.4 208.4 219.1 229.6 237.5 243.7 243 243 241.1 239.8 237.2 234.7 228.1 218.9 203.9 191.9 185.9 183.2 180.9 178.5 176.1 174.6 173.3 171.2 168.5 164.4 161.8 159 157.9 157.2 159.6 162.6 163.4 167 169.7 178.9 192.3 205.1 211.1 212.9 211.8 210.7 209.9 203.3 191.3 179.9 170.1 164.1 159.9 156.2 156.2 159.8 167.4 178.6 191 196.9 197.7 198.8 199.1 198.4 197.5 196.6 195.6 194 192.5 191.3
149.1 153.4 157.1 160.6 164.7 166.4 163.5 160.9 164.6 169.4 175.5 181.9 187.6 193.8 202.5 212.7 219.3 223.4 230.2 238.8 241 240.2 239.4 238.1 235.8 233.1 225.9 214 199.4 190.8 186.2 183.6 181.6 179.6 178.1 176.9 175.3 171.6 166.6 162.9 161 160.4 157.9 155.2 156.5 159.1 162.1 165.3 169.1 180.8 194.2 206.7 210.6 210.7 209.7 209.3 208.3 205.6 195.5 185.8 176.2 166.5 160.7 156.2 150.4 158.8 166.6 180 193.8 197.2 198.1 198.3 197.5 196.6 195.7 194.8 193.7 192.1 190.5
150 153 155.7 159.2 161.7 161.6 159.7 158 163.1 165.1 170.8 177.2 183.3 189.7 197.2 206.1 212.3 215.3 218.9 227.3 231.7 236.5 237 236.1 235.6 234.8 232.5 228.8 215.9 205.8 195.8 190.4 188.6 187.4 184.2 181.3 178.1 174.1 169.1 165.9 164.2 163.2 159.1 156.8 154.4 154.4 156.2 161.5 165.5 169.6 183.8 199.7 206.8 208.1 208.6 208 207.3 206.4 204.3 201 191.2 178.6 167.6 160.1 154.2 149.2 156.1 170.2 187 196.1 196.8 197.2 196.5 195.6 194.8 193.9 193 190.8 188.6
149.8 152.4 155 157.1 157.9 154.5 154.9 161.8 165.7 169.2 169.1 171.7 177.7 186.4 194.3 199.5 206.9 208.9 210.6 214.3 218.9 224.2 228.4 231.2 234.1 233.7 232.3 230.5 228.5 220.8 204.7 197.5 193.8 191.5 190 186.6 183.2 178.8 173.6 170.1 167.4 166.6 163.5 163.2 161.9 157.8 152.7 157.5 161.1 164.2 171.9 187.2 201.1 205 205.8 206.6 206.5 205.8 204.5 201.3 198.6 192.8 180.5 167 156.5 149.7 149.5 162.6 179.2 192.4 195.2 195.5 195.5 194.5 193.2 191.9 190.6 188.7 186.5
149.6 152.3 152.3 153.8 148.1 152.3 160.7 165.4 169.9 174.7 176.5 178 178.9 184.7 191.5 196.7 201.5 202.7 204 205.8 209.2 213.5 218.7 222.4 226 229.7 231.4 230.4 229.3 222.8 207.2 197.9 191.1 190.7 190.5 188.5 186 182.3 178.6 174.8 172.6 173.6 170.5 167.7 164.8 161.8 157.8 151.2 155.1 158.4 163.1 175.6 190 199.6 202.7 204.6 204.9 203.8 202.2 199.4 197 193.7 187.4 172.6 159.1 152.7 149.6 158.1 172.5 189.1 193.1 193.3 193.2 192.1 190.8 189.5 188.2 186.3 183.9
146.7 147.7 148.1 144.8 151.9 158.3 164.2 169.2 174.3 179.9 184.6 186.5 188.5 185.9 190.8 197.2 197.3 197.8 198.5 199.9 203.7 207.3 208.2 212 215.5 217.4 221.1 225.3 227.6 217.7 205.3 195.2 188.1 185.6 187.4 189.3 188 184 180.9 178.3 177.8 177.5 174.9 168.3 163.8 160.5 158.6 153.1 147.7 150.2 157.8 163.2 176.8 188.6 197.7 201.3 201.6 200.9 199.8 197.1 194.3 190.7 185.4 172.4 157.1 149.6 149.6 154.1 165.7 183.9 190.8 191.3 190.4 189.6 188.4 187.1 185.8 184.1 181.2
139.8 140.3 138.4 147.1 154.1 160.5 166.6 173.6 178.8 183.5 190.7 193.8 195.4 192.2 194.4 195.6 194.4 193.4 193.8 194.9 198.3 202.4 199.3 201.3 204.4 205.5 210.5 215.9 218.9 209.7 202.4 193.1 186.6 179.5 178.8 180.2 182.7 183.8 184.6 183.8 181.1 178.1 175.2 166.6 160.9 159.3 157.6 153.9 149.5 144.7 152.8 157.9 164.9 178 188.8 197 197.5 197.1 196.1 194 191.8 188.5 182.1 165.6 153 149.6 149.6 150.8 159 176.1 187.5 188.2 187.6 186.8 186 184.8 180.7 177.8 178.7
143.6 144.9 147.4 150.8 155.4 162.1 168.5 175.2 182.1 186.7 195 201 202.4 200.6 198.1 196.8 196.1 192 186.9 190.1 193.4 197.1 193.5 193.8 192.9 194.4 199.3 203 204.3 201 196.4 191.5 185.7 179.3 173.1 173.5 175.6 176.7 178.2 183.4 180.5 174.4 169.3 163.5 158.3 155.8 154.2 151 147.2 145.4 147.6 154.3 160.4 167.3 179.2 187.8 189.9 190.6 191.3 190.7 188.3 185.3 174.3 161.3 149.6 149.6 149.6 149.6 154.1 165.1 180.1 184.9 184 180.8 174.7 169.8 168.4 177 183.5
145 147.3 149.6 152.8 157.7 162.7 168.7 176.8 184.1 191 199.2 207.3 212.1 206.2 203.6 202.1 200.6 197.2 192 184.8 189.2 192 189.2 187.2 190 187.8 191.8 195.7 191.4 187.2 187.1 187.8 186.9 180 175 169.5 172.8 172.7 171.2 172.5 170.6 168.8 167.3 162.9 159.1 156.1 152 153 150 146.2 145.3 150.4 155.6 162.3 170.1 177.3 179.5 180.4 180.1 183.8 184.2 180.6 167.2 156.1 149.6 149.6 149.6 149.6 149.6 156.8 163 167.6 168.8 166.1 162.6 166.8 175.9 184.1 185.2
147.3 149.6 151.8 153.7 158 160.8 166.3 175.1 182.4 189.4 197.8 208.3 219.6 215.4 211.2 208.6 204.6 197.7 192.8 187.2 181.3 184.4 184.6 180 182.2 183.2 186.7 190.5 189.6 179.5 180.1 181.6 181.2 178.4 173.4 166.7 170.2 171.5 167.8 166.9 165.7 169 169.2 165.9 163.6 160.4 157.1 154.9 152 146.3 144.4 149.6 156.5 166 167.3 169.1 167.5 170.3 167.7 171.8 178.2 175.3 158.1 149.6 149.6 149.6 149.6 149.6 149.6 149.4 152.6 157.8 159.6 161.7 165.2 175 184.8 185.4 184.5
149.6 151.9 154 155.7 157.9 161.3 165.3 173.4 178.2 185.5 193.2 202.6 215.2 212.8 215.8 212.2 202.6 195.2 190.5 186.3 185.5 181.8 175.3 173.8 172.4 176.5 180.4 184 181.9 177.3 175.1 175.6 175.1 173 170 164.6 168.2 168.9 166.8 162 163.7 165.9 167.4 168.7 168.5 163.4 157.6 154.1 151.6 146.3 143.6 150.2 154.9 167.6 167.8 166 164.3 164.9 161 160.2 166.8 167.9 154.4 149.6 149.6 149.6 149.6 149.6 149.6 151.9 153.7 156.3 159.9 168.3 177.7 185.1 185 184.2 183.3
150.9 153.8 156.1 157.7 159.8 162.9 166 170.8 175.5 182.6 191.8 200.9 205.4 209.6 219.7 213.3 201.9 195.5 193.2 191.5 190.8 188.4 186.4 183.5 178 168.7 174.7 177.9 179 174.7 171.1 169.8 169.9 167.1 164.6 161.4 167.1 168.6 164.6 158.8 158.7 160.4 162.9 167.7 168.4 161.2 156.1 152.2 149.7 145.2 143.1 147.7 156.5 164.9 167.3 164.5 160 158.9 155.8 153.9 153.5 154.4 149.6 143.7 140.5 148.7 149.6 154.1 156.6 159.1 162 168.3 175.6 181.3 184.8 184.9 183.9 183.1 182.2
150.2 153.2 156.1 158.6 161.4 164.5 166 169.4 175 183.2 190.3 195.7 203.5 209 217.3 222.3 209.7 200.8 196.8 195.5 193.8 190.6 187.8 184.9 180.6 174.6 166.4 172.9 173.6 173.7 167.8 164.6 164.3 163 159.9 162.8 168.7 171.4 163.4 156.9 153.1 155.5 159.3 166 166.2 159.2 153.3 150.1 147.7 143.9 140.8 145.9 152.9 159.3 165.7 166.7 163.2 156.5 151.5 149.1 149.1 148.5 143.3 139.5 139.5 145.9 154.7 166.7 175.2 178.5 181.3 183.5 183.7 184.2 185 183.7 182.9 181.9 181.1
149.2 151.7 154.3 156.7 159.4 161.7 163.4 166.8 174.1 181.4 187.9 192.2 199.1 212.6 221.7 229.1 219.5 209.2 204.6 199.7 193 187.8 182.6 178.2 176.1 173.4 168.6 167.8 169.9 170.4 166.4 161.1 158.2 158.2 158.4 163 166.8 167.3 162.1 158.6 154.1 148.6 153.4 158.4 159.9 156.2 151.6 147.5 144.6 141.3 138.6 144.9 151 158.4 166.6 168.1 163.7 156.8 151.2 148.5 146.3 145 142.5 139.5 143.7 151.3 167.1 182.7 184.5 185.5 185.5 185.1 184.3 184.7 183.7 182.5 181.7 180.8 179.9
148.2 150.2 152.5 154.9 157.7 162.9 168.1 172 174.2 175.7 181.3 190 198.9 211.5 225.7 233.2 225.7 219.5 211.7 201.9 193.7 189.8 184.2 178 172.1 168.3 165 164.4 166.4 166.9 165 161 158.6 151.1 157.3 160.1 164.3 164.3 163.5 164.3 159.8 152.5 146.8 151.4 153.8 154.5 151.1 147.8 142.4 138.6 140.4 145.8 154 163.8 176.8 176.1 167 157.3 150.7 146.5 144.6 140.4 139.5 139.5 146.5 159.5 175.7 183.9 185.9 186 185.9 185.5 184.8 183.8 182.7 181.7 180.6 179.6 178.7
147.3 148.4 150.9 154.7 159.5 165.7 171 178.2 183.4 185.5 185.5 192 200.8 212.7 226.7 234.4 230.9 223.4 215.7 204.3 196.2 190.5 184.3 179.4 174.8 169.6 167.9 163.9 162 162.4 162.2 161.3 159.3 156.6 151.3 157.9 160.8 161.4 163.6 165.7 160.6 152.5 145.8 146.5 149.1 151.2 150 146.3 139.9 137.3 144.9 155.1 161.3 171.2 185.1 186 177.4 163.4 155.5 155 149.5 143 139.5 139.5 151.7 166.4 179.4 184.6 186.5 186.4 186.2 185.4 184.4 183.2 182.1 180.9 179.8 178.8 177.8
145.3 147.7 151.1 155.3 161.3 167.3 174.3 181.4 188.9 194.1 195.8 196.5 204.7 216.5 230.8 238.6 235.7 226.6 218.2 206.4 195.4 190 184.8 182.7 180.5 176.8 173.1 167.8 161.7 155.8 156.9 160.9 160.6 156.4 148.8 154.3 155.5 156.4 159.1 159.8 156.9 151.3 144.3 142 146.8 147 145.9 143.4 136.4 139.5 147 151.4 161.5 168.1 173.8 179 173.9 165.5 160.5 152.5 145.6 137 139.5 145.4 158.8 173.3 181.6 184.7 186.6 186.7 185.9 184.7 183.5 182.3 181.2 180 179 178 177
144.1 147.7 151.1 156.2 161.7 167.7 175.2 181.5 187.4 196.5 200.1 201.2 206.8 219.3 232.8 241.8 238.3 232.1 219.3 205 195.7 190.5 190.5 190 186.2 183.4 178.3 172.7 163.7 162.1 154.7 158.3 158.1 155 150.9 147.8 150.2 152.5 151.3 151.8 149.2 147 142.2 143.9 146.2 145.7 143 140.2 135 139.5 146 154.1 154.8 162.6 165.3 167.1 166.1 161.7 157.4 147.6 142.5 137.3 139.7 150.9 165.4 179 182.9 184.8 185.9 186 185 183.8 182.6 181.4 180.2 179.1 178.2 177.3 176.2
144.7 144.4 149.4 155.4 160.9 166.6 172.1 178.8 185.6 195.6 202.3 204.2 208.3 218.1 228.3 242.1 240.6 238.1 224.8 207.8 197.6 196.4 196.2 193 191.4 186.6 181.1 175.9 170 162.8 157.9 151.1 150.3 150.3 149.4 147.7 145.3 145.7 144.1 142.2 141.1 140.9 138.7 140 140.5 141.2 140.2 138.6 135.2 135.6 142.7 147.9 154.5 158.6 158.6 159.2 158.2 157.6 149.5 146.5 141 134.2 142.3 156.4 170.3 180.2 184 184.9 185.3 185.1 184.1 182.9 181.7 180.5 179.3 178.3 177.4 176.5 175.5
148.4 149.9 152.1 154 158.9 164.4 170.2 177.2 184.2 192.2 198.1 199.2 202.7 213 221.8 234.6 239.8 239.2 236.7 220.4 207.2 200.4 197.4 195.3 190.3 187.7 182.3 178.2 173.5 166.9 160.3 162.9 162.8 158 157.9 152.1 146.6 145.8 146.4 147 147.4 143.2 142.5 138.5 136.4 134.1 136.9 136.7 135.3 132.3 136.8 142.9 150 155.2 155 153.2 153.3 155 145.5 143 138.1 133.9 146.1 162.7 175.4 180.2 183.6 184.5 184.7 184.1 183.2 182 180.8 179.6 178.4 177.5 176.6 175.7 174.7
151.1 152.9 154.8 157.1 160.6 163.7 170.4 176.5 182.7 187.4 191.3 191.3 196.7 204.9 215.5 227.4 239.4 240.2 238.7 232.6 218.5 208.2 201.5 196.8 194.1 188.9 184.6 180.5 176.3 170.3 166.8 167.7 170 166 160.3 154 149.7 152.3 154.2 156.7 153 148.6 151.1 148 140.4 138.5 135.7 134.2 133.4 131.8 132.5 138.8 145.5 150.6 151.7 149.3 149.8 151.7 144.3 142 134.7 136.5 148.8 163.1 174 179.6 183.1 183.9 184.1 183.1 182.2 181.1 179.9 178.7 177.6 176.7 175.8 174.9 173.9
153 155.5 157.4 160.5 164.1 167.5 170.7 175.6 178.4 181.4 183.4 186.9 191.5 197.2 210.6 223.9 237.4 242.3 240.5 238.7 229 215.4 209.4 203.6 196.4 193.1 186.8 181.8 177.2 173.4 169.8 175.5 172.3 166.1 159.7 153.7 157.8 160.4 161.1 162.3 158.2 152.6 148.9 142.6 143.7 143.9 140.1 137.8 137.4 135.7 131.1 133.5 139.5 145.7 146.4 144.4 149 151.6 143.4 139.8 133.8 135.6 148.8 162.3 173.3 178.9 182.6 183 183.1 182.2 181.2 180.2 179 177.8 176.8 175.9 175 174.1 173.1
153.7 155.8 158.3 161.5 164.7 168.3 171.3 171.8 172.6 175.2 176.2 179.4 187.3 198 213 226 238.6 243 241.4 239.9 238.2 229.8 216.9 208.2 199.7 193.8 188.6 184.4 180.2 176.4 177.6 179.3 172.7 165.3 161.3 160.7 164 166.2 167.4 165.5 163.4 156.2 151.1 150 149.8 146.6 143.2 141.4 142 139.4 134.8 129.2 134.8 140.7 141.9 139.8 149.2 153.3 143.2 139.1 133 135.2 147.4 160.8 172.7 177.9 181.6 182.3 182.3 181.2 180.3 179.3 178.1 176.9 176 175.1 174.2 173.3 172.3
154.3 156.4 158.5 161.6 164.9 168.2 170 167.6 166 167.3 174.7 182.8 191.4 202.5 214.8 226.7 238.9 243.1 241.8 240.3 238.8 237 234.5 220.6 208.8 199.1 194.7 190.3 186.8 187.5 186.4 181.7 178.5 171.9 166.7 165.9 171.9 175.5 171.7 169.3 165.8 160.1 157.1 157.6 156.5 150.4 148.1 145.8 144 140.4 133.7 129.6 131.1 135.4 136.8 140.8 146.7 147 142.7 140.4 132.3 135.2 146.5 161 172.1 178.1 180.7 181.5 181.7 180.4 179.3 178.4 177.2 176.1 175.2 174.3 173.4 172.5 171.5
154.9 156.9 158.2 160.9 163.4 165.6 165 162 164.1 170.4 179.3 187.3 194.8 205.3 215.6 227.7 240 242.4 241.4 240.5 239.3 237.7 236.4 234.8 230.5 216.9 207.7 204.9 205.1 203.2 198.7 194.8 189.6 177.9 172.3 171.3 172 173 170.9 170.7 166.2 165.5 165.4 165.4 161.6 156.2 151.9 148.6 146.5 142.7 141.9 135.7 130.6 130.7 134.3 138.2 140.2 144.7 140.4 137.9 131.6 135 147.6 160.6 171.4 178.3 180.6 180.8 180.5 179.7 178.4 177.4 176.3 175.3 174.4 173.5 172.6 171.7 170.7
154.5 155.5 156.2 157.6 159.9 160.3 158.3 158.3 166.4 174.8 182.5 190.3 198.6 209.8 221 232.5 243.2 242.2 241.1 240.1 239.1 238 236.6 235.1 233.1 231.1 228.5 227 225 222.5 219.2 215.4 205.1 188.9 177 169.6 166.1 166.3 166.1 164.1 167.1 170.3 171.3 169.3 165.3 160.8 156.1 151.9 148.9 146.1 145.2 139.8 130.8 128.6 130.5 133.3 136 140.9 139.6 133.5 130.7 136.2 149.1 162.4 171.6 178.5 179.9 179.5 179.2 178.8 177.7 176.5 175.4 174.5 173.6 172.7 171.8 170.9 169.9
154.5 153.4 153.1 154.4 154.3 154.4 152.8 159.7 166.9 175.8 185.1 193.3 203 215 226.5 238.4 243 242.1 241 240 238.9 237.7 236.5 235.3 233.5 231.6 230.5 228.8 227.6 224.1 221.3 215.1 203 191.8 179.2 171.2 164.7 160.4 159 159.2 160 162.5 167.2 168 166.7 162.9 159.4 155.4 152.2 148.8 144.2 136.9 136.4 130.2 128.6 128.6 133 135.9 135.9 129 132.4 139.4 151.4 165.1 173.6 178.6 179.8 179 178.3 177.5 177.1 175.8 174.6 173.7 172.8 171.9 171 170 169.1
151.9 150.8 150.3 150.7 149.8 149.8 155.2 161.5 168 177.5 186.8 195.4 205.9 218.2 231.8 241.6 242.9 242 240.9 239.8 238.6 237.4 236.2 235 233.7 231.9 230.3 228.5 225.8 219.3 206.8 198.9 193.5 187.2 177.7 174.1 167.4 161 156.2 154.4 155.1 156.4 156.9 157.5 160.3 160.9 160.5 158.6 154.9 149.5 144.9 143.4 140.9 136.9 129.8 128.6 128.6 130.6 128.6 128.6 134.1 141.4 155.8 169.1 174.7 178.9 179.3 179 178.2 177.4 176.5 175.5 174.4 173.4 172.1 171 170.1 169.2 168.3
149 148.7 148 147.9 146.7 150.8 156.3 162.3 169.2 178.3 188.2 197.2 205 213.7 228.1 240.2 240.9 241.6 240.7 239.6 238.4 237.2 235.9 234.6 233.4 232 230.2 228.4 224.1 211.7 195.2 185.5 180.4 177.2 174.2 170.1 165.2 161.3 157.2 152.1 149.5 150.2 151.9 153 153.7 154.9 159.3 160.2 158.9 156.1 152.1 149.6 143.5 137.7 133.1 128.6 128.6 128.6 128.6 131.6 137.5 144 161.8 171.7 175.9 179 179 179 178.1 177.1 176 174.8 173.6 172.6 171.6 170.6 169.6 168.6 167.5
