app/static/ascii/ST76.asc
ncols 200
nrows 200
xllcorner 370000
yllcorner 160000
cellsize 50
[rows 37 to 73 of 200, columns 84 to 167 of 200]
220.8 211.6 201.7 187.7 162.4 146.1 126.3 118.6 115.6 104.1 105.1 108.5 108.5 107.5 107.9 106.4 104.1 100.9 95.2 89.5 82.2 72.4 62.6 52.1 47.2 47.1 42 40.1 46.6 51.8 58.5 63.6 67.1 73 78.2 81 84.5 87.1 88.9 97.9 99.7 111.8 119.3 127.3 137 144.9 153.2 161.5 170.1 173.9 172.9 173.5 173 171.8 170.4 169.3 170.7 168.9 164.3 154.1 138.9 127 115.1 104.8 96.2 85.2 77 69.8 63 57.2 50.6 43.8 37.1 33.7 28.9 32.6 41 48.3 55.4 64.6 72.6 79.3 85.6 90.2
223.1 214.9 205.7 195.1 178.1 160.8 144.5 137.1 123.2 116.2 119.7 123.5 120.3 116.8 114.3 111.6 108.9 103 94.2 85.9 76.1 68.7 59.8 53.4 55.2 54.8 48.7 40.4 40.5 45.6 50.3 58.6 66.9 71.4 75.1 77 77.6 78.2 89 97.5 102.9 112.2 121.1 130.4 138.4 145.9 154.7 162.7 173.3 183.7 186.6 187.7 186.6 186.2 185.1 183.2 183.5 174.7 163.7 152.5 137.4 124.9 112 101.8 93 84.4 76.2 68.8 62.3 54.7 48.4 41.4 35.5 31.7 28.8 37.4 44.7 52.9 62 71.1 78.6 83.4 88.1 93.1
224.3 219.8 212.9 204.3 192.8 179.3 167.1 155.7 145.4 137.2 138.5 134.3 129 124.4 120.3 117 110.9 101.5 90.6 81.6 73.2 66.8 60.8 60.3 64.5 63.1 55.5 46.8 39.8 39.3 47.4 55.5 62 68.6 69.8 70.3 70.9 78.7 88.8 95 101.9 111.8 120.3 128.1 138.3 146 152.8 162.2 171.6 184.6 188.7 190.2 190.2 189.6 188.3 186.7 182.7 169.5 159.5 149.4 136.3 122.6 109.2 99.3 93 85.3 77 68.9 61.1 54.4 46.8 39.1 34.5 29.4 31.9 40 47.6 56.8 67.2 75.8 81.3 86.2 91 96
226 222.7 219.1 212.3 203.3 191.7 182.1 171.3 162.2 153.5 151 146.2 136.6 129.8 125.1 121 115.1 104.2 92.9 82 74.3 69.5 66.9 72.1 73.3 69.7 60.1 53.2 43.7 38.9 42.7 47.5 54.6 60.8 61.6 64.4 71.4 80.5 85.6 92.7 98.8 109.2 117.3 124 133.4 143.6 152.1 160.4 170 181.2 190 191.7 191.5 190.1 188.5 185.7 176.3 164.7 156.4 146.4 133.5 119.8 106.7 95.6 88.5 82.1 76.7 71.2 63.2 55.2 47.4 37.8 32.4 26 32 40.2 48.8 58.7 69.8 76.5 82.4 87.6 92.8 97.1
227.2 226.1 223.5 218.3 210.7 202.8 193.2 182.8 175.1 166.4 161.4 155.9 146.4 140.9 132.2 123.7 117.6 107.8 98.1 87.7 79.4 78.9 78.8 80.5 79.9 76 63.8 56.9 48.4 39.7 38.1 41.6 46.8 52.2 53.5 63.9 72.9 75.9 82.5 90.1 97.7 105.1 113 120.8 129 138 147.4 155.8 165.5 175.8 189.9 192.1 191.8 190.4 188.1 184.2 170.3 161.4 153 142.1 129.6 117.3 103.3 89.2 80.8 77.8 72.1 64.6 57.5 51.8 44.8 37.4 30.9 26.8 30.6 38.8 47.3 56.9 65.3 73.9 80.5 88.1 92.6 95.2
227.8 226.7 226.3 224.6 218.5 210.8 203.2 193 185.5 176.5 170.4 165.8 154.5 150.3 144.5 131.1 119.6 112 103.2 94.8 88.5 89.3 89.2 87 83.6 78.9 67.7 57.9 50.1 43.4 37.6 37.5 39.7 42.4 51.3 61.8 65.5 73.1 78.5 85.1 95.3 99.4 107.7 118 125.6 134.6 143 152.1 161.8 171 184.5 191 191.2 189.7 186.8 179.1 166.3 158.9 148.9 137.7 124.6 112.9 99.4 86.8 78 70.1 68.6 63.2 56.7 50.9 43.6 36.1 30.8 26.2 25.9 35.7 43.7 50.6 58.4 65.5 73.6 81.7 89 91.1
228.2 227.7 227.3 226.4 224.5 218.8 211.8 204.2 196 189.3 180 174.2 166.6 155.4 149.6 143 125.9 116.2 108.5 102.8 100.1 97.4 95.1 92 86.8 78.4 67.1 57.6 53.6 49.4 45.3 39.2 36.2 39.3 46.7 55.8 63.4 69.9 75.2 80.4 89.5 97.6 106.2 115.6 125.6 132.5 141 149.2 158.3 168.5 180.2 189.3 190 188 182.8 172.4 163.6 155.4 144.1 132.4 119 104.3 89.1 78.9 73.2 65.3 60.1 59.9 55.6 50.3 43.6 35.7 29.1 27.2 24.9 31.4 38 44.5 52.9 59.4 68.2 77.6 84.4 86.9
228.3 228 226.2 226.7 225.8 223.7 218.4 210.9 203.2 198.8 190.9 183.1 174.2 165.1 155.1 147.9 139.9 124.6 117.2 113.3 110.1 105.9 99.9 95.7 89.3 79.7 70 66.9 61.3 57.6 53.2 45.1 36.4 36.3 43.3 53 59.6 66.6 72.9 77.8 84.7 93.8 100.3 109.8 121.2 130.7 139 147.7 155.6 164.7 172.9 182.5 186.2 182.7 175.9 168.2 160.4 151.5 140.5 125.6 109.8 95 81.2 71.8 64.9 59.1 54.4 51.1 49 44.4 39.6 35.8 33.3 28.8 24 27.3 33.4 40.9 47.8 54.2 65.6 74.7 80 83
227.8 227.7 227.1 225.9 225.8 224 221.9 219.1 213.4 206.8 199.8 191.9 181.3 171.9 162.1 153.8 147.7 137.9 127.9 121.1 117.6 111.6 105.7 99 93 87.9 80 75.5 70.5 66.3 57.7 47.9 36.1 36.6 44.3 54.8 62.8 68.1 71 73.8 79.7 89 94.7 104.8 114.5 124.7 134.3 143.2 151.2 159.8 166.8 172.8 173.7 172.9 168.5 162 154.4 144.3 134.9 124 106.7 88.9 77.9 71.3 68.3 64.8 59.2 52.6 49.2 47.9 46.4 44.7 36.8 30.5 24.4 26.5 30.4 36.7 43.8 51 64 72.6 76.9 78.9
228.1 227.6 226.8 225.8 224.2 222.2 220 216.9 214.3 212.9 206 196 185.7 176.6 169.3 161.9 157.5 149.2 140 130.9 123.3 117.7 109.2 102.9 97.4 92.6 86.5 78.8 70.4 65.1 56.3 46.9 36.3 37.1 44.8 60.3 65.4 66.9 67.3 68.2 73.5 83.2 91.1 99.6 109.7 117.9 126.7 135.9 144.7 153.2 159.2 162.2 163.5 163.3 160.1 154.3 147.6 139.6 132.7 122.4 105.9 90.5 83.6 79.4 76.7 72.9 68.7 63.8 60.8 58.7 53.3 47.6 39.6 32.3 24.3 24.6 28.2 34.3 42.5 50.8 61.5 70.3 73.3 75.2
227.1 226 224.5 221.6 217.4 215.1 212.4 209.1 204.8 203.3 201 193.7 186 181.9 177.6 170.5 164.6 158.3 151.4 144.1 132.7 124.7 114.7 106 100.6 95.1 89.4 77.8 66.9 57.8 52.7 44.2 35 35.9 43.7 52 61.1 62.5 61.6 63.8 70.8 79.3 85.8 92 104.1 113 122.2 129.5 135.9 142.2 146.8 149.7 151.5 151.5 148.4 144.2 139.8 134.8 130.8 125.1 113.3 102.7 96.5 93.4 90 86.1 81.5 75.1 67.1 62.2 56.3 49.8 41.7 33.9 25.1 24.8 26.3 31.6 40.3 49.9 58.8 66.8 69.5 70.4
224.8 221.2 219.2 214.6 209.4 205.8 202.8 199.6 195.6 192.6 190.5 185.7 182.6 180.5 179.2 175.5 171.5 165.5 160.3 153.8 143.6 132.3 121.7 110.5 104 98.2 90 80.1 67.8 56.1 50.1 45.1 37 33 38.4 46 51.5 55.5 55.4 59.8 65.9 70.7 78.7 88.3 97.7 110.5 117.9 124.7 129.7 134.2 136.7 138.5 139.3 139.4 138.4 136.7 133.9 131.6 128.7 126 119 112.6 107.6 101.2 96.5 91.3 85.7 78.5 71 62.1 55.3 49 42.3 35.1 27.4 23.5 24.4 29.6 38.7 47.5 56.5 64.2 66.4 66.3
222.1 216.7 212.6 206.1 200.5 195.9 192.7 193 188.2 183.1 181.7 177.5 174.9 174.1 174.5 173.3 170.6 167.2 164.3 160.2 150 138.6 127.8 117.8 107 100.2 92.7 83.5 72.7 62.7 57.8 49.6 41.7 36.3 33.1 39.7 44.7 46.7 47.9 54.7 62.8 69.1 73.3 79.6 88.3 104.2 114.5 120 124.8 128.4 130.3 130.8 131.5 130.9 130.9 130.4 129.1 127 126.8 125.5 119.8 113.4 108.6 104.8 99 92.8 81.5 71 62.2 54.9 49.9 45.3 39.9 33.4 27.9 23.1 23.6 28.2 36 44.7 53.2 61.1 63.2 61.1
218.6 211.5 203.5 197.7 191.7 187.1 184.4 186.4 182.4 174.4 172.2 168.9 167.3 166 167 166.3 163.9 161.4 159.3 158.1 151.5 141.6 131.2 121.1 111.3 102.9 95 86.6 78 68.7 58.6 53.4 48.5 42.1 34.7 32.6 36.6 40.9 44.9 52.8 58.5 63.3 68.1 78.6 84.8 97.3 110 116.1 120.6 122.8 123.6 123.5 124.5 124.8 125.1 124.3 123 122.5 122.1 121.5 119.7 114 108.6 104 96 81.1 67.6 58.7 52.1 46.6 42.9 37.7 32.5 28.9 25.6 22.9 22 26.1 33 40.8 48.7 53.7 56.6 56.1
218 209.7 199.2 190.5 185.9 181.5 177.4 179.1 174.1 166.4 158.5 154.3 152 151.2 151.4 151.4 151.2 150.5 150 149.9 149.4 141.2 132 123.6 113 105.2 97.7 89.9 81.2 71.6 66.2 62.1 55.3 49.1 41.7 33.7 31.4 35.5 39.2 43.5 49.1 57.3 66.4 78.8 84.9 87.6 103.4 110.9 114.3 116.6 117.7 118 119.7 119.3 119.3 118.9 118 116.9 116.1 115.8 114.1 104.3 97.2 88.2 81.4 71.9 60.9 54.1 47.6 41.4 36.5 32.8 28.4 24.6 23.7 22.9 23.1 23.4 28.8 35.3 41.6 46.2 48.7 52.6
219.6 211.3 200.9 189.9 182.8 177.2 172 172.4 164.2 152.9 138.8 135.7 130.4 129.3 130.4 129.4 133.6 133.1 134.1 136.8 140.3 135.2 130.6 123 114.6 107 99.1 92.7 86 79.7 75.7 71.6 62.5 54 48.7 40.8 32.9 30.4 31.4 36 42.5 52.9 63.4 71.7 79.2 79.9 94.9 101.3 106.8 109.2 110.8 111.1 112.9 113 113.4 113.4 112.7 109.4 103.7 96.3 89.6 85.5 82.8 77.7 70.3 62.8 53.6 47.4 41.1 37.3 33.4 28.4 22.1 20.6 20.6 20.8 20.9 22.4 24.8 28.7 33.4 37.6 41.4 47
221.2 213.5 204.3 193.4 186.2 179 169 156.7 148.9 136.9 128.3 123.1 118.3 116.4 115.2 116 115.5 115.6 116.7 118.8 122.6 125.8 125.7 121.4 114.9 108.4 101.8 95.6 89.9 84.6 80.3 76 71.3 62.4 54.4 45.6 39.3 33.7 29.9 31.9 38.9 47.5 57.2 65.9 76 76.1 87.6 93.2 97.7 100.3 103.5 104.6 106.3 107 107.5 107.3 106.6 96.9 88.6 84.7 80.2 76.9 72.4 67.5 61.1 55.6 47 41.8 38.2 33.3 28.4 23 20.3 20.5 21.8 20.6 20.7 20.2 23.1 24.1 26.8 31.4 34.7 39.6
220.5 214.2 205.8 198.1 186.3 177.4 166.8 150.1 134.1 124.2 118.7 111.9 109.2 106.6 107.2 106.5 106 105 105.5 106.4 108.4 112.3 116.3 117.6 114 108.6 103 97.7 91.8 87.4 83.2 79.2 74.6 67.2 57.2 47.7 39.8 34.4 29.9 30 38 46.8 56.4 66.7 71.9 76.8 81.8 86.4 89.8 94.4 96.9 97 99.4 101.9 102 101.8 94 85 80.1 75.2 70.9 66.5 62.1 58.8 54.9 48.7 42.9 37.3 31.9 26.9 22.3 20.3 20.1 20.2 20.2 20.5 20.5 20.6 20 20 21.3 25.7 27.8 32.2
219.2 214.6 209.4 200.8 190.9 180 168.5 151.5 132.4 118.8 111.9 106.9 101.2 99 98.1 96.7 95.9 96 97.4 96.7 99.5 101.2 103.6 105.5 107.1 106.9 103.6 98.9 93.4 88.5 84.7 81.4 76.9 68.4 58.5 49.4 40.9 33.5 29.5 31.8 41.1 48.9 57.4 62.9 68 72.2 75.9 80 85.5 90.1 92 89.6 91.7 95.8 96.4 89.2 82.7 77.2 72 66.8 61.7 58.7 54.8 51.6 46.7 39.9 35 29.5 25 21.2 20.3 20.3 20.2 20.5 20.5 20.7 20.8 20.6 20.5 19.6 20.2 20 22.1 24.4
218.5 216.5 210.6 202 190.8 178.3 166.1 150.5 134.7 120 108.3 99.4 93.1 89.8 87.2 86.6 84.7 85.7 87.1 89.2 89.5 90 91.8 95.1 96 100.6 102 98.1 94 89.6 83.3 81.8 78.1 69.4 59.4 50.7 42.1 34.1 29.3 33.3 41.4 48.5 54.8 59.1 63.2 67.1 65 75.6 80.6 84.5 85.8 82.4 84.1 89.8 87.1 79 73.8 67.6 63.8 59 54.4 50.1 47 44.6 38.6 31.6 26.6 22.6 20.9 20.9 20.5 20.3 20.5 20.8 21 21 21.1 20.8 20.4 19.9 19.9 19.7 20.2 20.8
218.7 217.2 210.6 200.9 191.1 178.2 164.6 148.6 135.5 123.4 111.3 100.4 90.6 88.7 86.7 84.2 79.6 74.9 77.5 77.6 81.6 84.9 84.1 84.3 86.5 88.1 91.2 91.3 89.4 88.5 84.4 81.4 77.4 72.3 62.4 51.5 43.4 34.8 29.4 31.2 37.3 45.1 50.5 54.6 59.4 63.8 60.3 70.6 74.4 78.4 79 76.7 79.1 83.6 78.5 72.1 66.7 61 56.3 52.1 47.8 43.5 40.5 35.7 30.3 25.2 21.7 21 20.8 20.3 20.4 20.5 20.8 21 21.1 21.2 21.2 21 20.3 19.8 20.3 20.2 20.1 20.2
218.6 215.8 209.8 199.8 188.9 177.6 164.3 148.9 135.6 123.3 112.7 100 99.2 99.3 98.9 95.1 87.1 77.5 71.9 69.4 71.9 73.3 73.9 73.2 73.2 75.5 76.6 77.9 79.2 81.5 82.8 79.4 74.8 68.8 61 53.2 44.4 35.9 29.6 28.7 33.9 40.6 46.3 50.9 55.8 58.5 63 64.1 66.7 69.5 70.7 70.9 73.7 75.2 70.8 64.4 59.1 54.4 49.1 43.3 39.1 35.8 30.8 26.1 22.6 21 20.5 20.3 20.6 20.7 20.4 20.8 21.1 21.2 21.3 21.3 21.4 20.4 20.1 20.4 20 19.9 20.1 20.2
218.9 215.3 208.1 198.7 188.6 178.1 164.5 150.7 139.1 128.1 121.4 112.5 112.6 111.8 108.9 105.2 98.2 87.6 77.7 69.3 65.3 66.1 65.6 64.2 63.2 63.2 64.4 65.8 67 72.4 75.1 73.8 69.4 62.2 54.4 47.4 40.2 33.2 29.5 28.2 31.5 37.8 43.5 47.8 51.4 54.7 56.9 58.5 59.4 62.3 64 67.7 70 68.5 63.2 57.3 52.3 45.9 39.9 35.4 31.5 27.2 22.6 22.6 20.5 19.9 20.5 20.7 20.7 21 21 21.1 21.3 21.4 21.5 21.5 21.6 20.5 20.2 20.5 20.4 20.8 22.9 27.7
218.4 214 206.6 197.8 189.2 179.4 168.1 157.2 148 136.8 129.4 125 121.9 119.4 113.5 108.1 100.5 92.5 83.3 72.5 63.7 59.9 59.4 57.4 56 55.5 55.3 56.7 58.9 63.7 67.2 66.9 63.8 56.9 48.5 41.5 36.9 32.3 29.3 27.8 30 36.4 42.2 45.4 48.7 51.9 53 48.1 53.7 57.5 61 64.7 65.3 61.7 55.2 48.8 42.9 37.6 33.5 27.8 25.5 21.4 20.5 20.1 18.5 20.3 20.6 21.2 21.1 21.2 21.4 21.6 21.5 21.6 21.7 22.1 21.5 20.8 20.7 20.7 23.7 26.4 26.4 25.7
215.1 211.8 204.6 196.9 189.2 181.9 171.8 161.8 153.8 146 138.8 131.9 126.3 120.9 112.8 102 92.1 84 76 70.3 67.2 64.8 61.4 57.6 54.8 51.2 48.6 47.5 49.9 54 58.2 59.6 57.6 52.8 46 39.8 35.8 32.9 29.8 27.7 29.7 35.1 40.1 44.1 47.4 48.6 50 44.3 49.9 53.2 58.3 60.3 59.6 55.5 48 41.1 34.7 29.5 24.7 23.9 21.4 20.4 20.5 19.3 18.1 21 20.8 21.7 22.3 23 23.1 23.9 23.1 23.1 23 22.5 21.6 21.1 23.3 27.2 26.9 26.1 30.7 21.2
210.3 207.6 201.6 194.2 188.5 183.1 175.9 167.4 159.6 151.9 144 136 127.4 117.3 104.8 94.4 88.8 86.2 79 77.8 75.5 72.4 68.4 63.8 59.2 54.7 52.8 50.4 44.2 45.7 47 50.4 51.4 50 44.7 40.6 37.9 35.2 31 27.3 27.8 32.3 38.4 42.5 44.5 46.1 46.9 47.8 45.9 48.8 53.3 55.4 54.9 48.6 41.8 35.2 27.3 22.4 21.1 20.4 21.3 21 20.5 18.6 20.4 21.2 22.6 24 24.6 25.2 25.6 25.4 25.2 24.8 24.2 24 25.2 28.4 27.7 26.6 30.4 22.5 21.9 20.9
201.6 200.1 195.9 191.1 187 183.2 177.5 170.8 163.6 156.3 148.6 139.9 127.1 113.2 104.2 102.6 99.5 94.8 88.7 83.9 80.2 75.7 70.4 64.9 59.6 54.7 53.9 53.1 47.4 42.9 41.8 43.1 46.5 47.5 44.7 42.1 40.6 37 32.5 26.9 26.9 30.8 36.6 40.1 42 43.9 44.7 44.8 39.3 42.9 44.5 46.4 45.6 39.2 34.2 27.7 21.5 20 20.1 20 20.1 20.4 19.7 19.6 21.7 23.4 24.7 25.8 25.7 26 26.9 27.1 28.2 28.7 27.8 29.1 28.1 27.1 30.1 22.6 22.6 22.3 22.1 21.4
191.2 191.1 188.7 186.8 184.7 182 177.7 171.7 165.1 158.5 152.3 144.3 135.1 125.1 116.7 112.2 107.4 101 94.1 87.5 81.3 74.4 68.1 63.1 62.1 61.7 61.3 58.7 53.3 47.1 41.8 38.7 40.9 44.8 45.2 43 40.8 38 33.4 27.9 26.3 29.1 35 38.1 40.3 42.2 42.4 41.3 32.9 39.5 37.2 37.4 35.9 31.9 26.4 21.8 19.9 20 20 20.1 20.2 20 19.8 22.4 24 24.4 25.4 26.9 26.2 27.1 28.2 29 30 30.5 27.9 30.1 30.2 26.4 24.3 23.3 22.9 22.6 22.4 21.9
184 185.1 184.8 183.7 181.5 178.3 175.4 171.4 166.3 160.3 158.6 150 142.4 133.3 125.1 119.2 112.5 104.5 94.7 85.8 81.4 78.4 73.7 69.5 70.8 72 70.8 64.9 57.4 49.3 43.8 39.4 37.9 41.9 42.9 41.5 40 37.9 33.7 28.8 25.8 29 33.6 36.3 38 39.7 41 38.7 35.4 35.6 35 33.2 29.6 24.5 21.4 19.8 19.9 20 20.1 20 19.6 18.9 22.2 24.8 25.5 26.2 27.5 28.5 27.8 28.2 28.7 29.7 27 31.9 30.2 30.4 30.7 29 26.1 24.3 23.7 23 22.6 22.2
179.1 179.7 180.5 179.9 178 173.9 172.9 171.6 168.6 165.2 159.3 155.2 147.8 139.4 131.6 123.7 115.3 105.7 96.3 95.3 92.7 88.2 81.9 81.1 82.6 83.5 77.8 67.9 58.5 50.8 43.3 39.7 36.9 37.8 39.1 39.4 39 37.2 33.6 28.1 25.9 27.6 31.7 34 35.2 37.3 37.4 37.2 35.1 28.1 33.8 27.4 23.4 21.5 19.8 19.7 19.8 20 20.1 20.4 23.2 24.3 24.5 26.4 28.5 29.3 30.1 30.8 28.7 28.8 26.2 33 29.5 30.1 29.5 29.7 30.3 29.8 28.8 26.5 24.9 23.9 23.2 22.7
172.8 174.1 174.1 173.5 173.4 171 168.7 169.4 171 166.6 163 158.2 152.1 144.3 136.4 128.2 120.6 111.5 106.3 105.9 102.2 96.1 90.7 91.1 90 86.2 77.8 67.5 59 54.2 47.2 40.1 37.5 35.7 34.9 35.8 36 34.7 32.2 27.1 24.1 25.5 29.6 31.4 32.1 34 35.4 35.3 34.7 34.5 33.4 27.6 21.7 19.6 19.9 19.7 19.7 19.8 23.3 24.4 24.9 25.7 27.4 29.4 30 31.5 31.9 30.7 25.5 32.4 29.7 30.9 30.8 32.1 32.9 33 32.9 32.8 30.7 29 26.8 24.9 23.8 23.1
166.2 167 167.4 166.8 167.4 167 164.7 166.5 167.8 165.9 163.8 159.7 154.2 147.6 140.3 133.5 127.3 120.9 116.2 114.1 109.5 103.2 99.4 97.3 93.1 87.4 77.8 70.6 64.8 58.1 50.9 45.2 42 36.5 33 32.2 31.5 31 29.3 26.8 23.7 23.5 27.1 30.4 31.4 32.2 32.5 33.3 34.8 32.1 28.9 28.2 20.6 19.8 19.4 19.9 20.5 23.3 24.5 25.4 26.8 28.5 29.9 31.3 31.9 31.7 26.5 27.5 29.3 30.9 32.1 33 33.3 34.2 34.7 34.4 34.5 33.5 32.1 30.1 28.3 28 24.5 23.6
161.6 162.2 161.6 160.4 160.8 161.5 160.8 161.6 163.3 164.1 162.5 160.3 154.8 150.1 144.4 138.7 134.5 129.2 125.6 121.9 115.9 110.5 105.2 100.9 95.2 87.1 80.3 76.3 70.2 62.6 54.7 50.5 45.2 39.6 35.6 33.3 31.5 29.9 29.3 27.1 24.1 22.5 25.3 29.3 30 29.8 30.6 30.4 28.6 26.4 25.8 22.1 20.7 19.7 20.1 20.5 22.5 24.5 26 28.2 30.6 31.2 30.7 31.2 29 26.2 29.8 30.1 31.7 34.2 34.2 35.2 35.8 35.3 35.6 35.3 35.6 34.1 32.4 29.8 28.1 27.4 26.5 23.5
156.7 157.4 156.5 155 155.7 156.9 156.7 155.7 157.8 159 160.4 159.8 156.5 152.6 149.1 144.7 140.2 135.9 133.3 128.6 122.3 115.5 109 104.1 97 91.9 86.4 80.8 73.4 65.3 57.3 51.9 46.5 42.5 39.8 38 35.4 32.9 31.1 28.9 26.1 22.6 23.2 25.5 26.8 27.6 27.7 23.9 21.7 19.8 19.6 19.2 19.5 19.3 20.4 22.5 24.4 26.2 28.9 30.7 31.1 30.9 29.6 26.7 30.3 29.9 32.2 32.6 32.6 33.4 35.5 35.5 35.5 36.9 38.3 38.1 35.4 34.4 32 29.2 28.7 27.9 25.9 22.9
152.7 152.8 151.9 149.5 150.5 152 151.6 152 153.5 155 156.3 156.8 156.5 154.9 153 149.7 145.4 142.5 140.1 135.2 127.1 118.4 111.8 107.8 102.5 96.4 89.2 82 73.8 65 58.6 54 49.3 45.7 43.3 40.2 35.7 34 31.3 28.6 26.1 23.4 23.2 23.8 24.8 25.2 24 21.3 18.8 19.6 20.1 19.7 19.9 23.3 28.1 28.5 27.8 27.3 27.7 27.8 27.5 28 30.2 30 32.6 33.6 34.9 35.3 35.6 36.1 36.3 37.3 37.4 37.2 38.1 37.4 35.7 34.1 32.1 28.5 27.7 27.7 26.8 27
148.3 148.3 146.6 144.5 145 146.8 146.9 147.6 148.9 151.6 152.3 152.3 152.4 155.3 155.8 153.1 149.3 147.9 144.9 139.4 130.7 122.6 116.8 111.2 104.5 97.3 90 81.3 74.2 68.4 62.5 56.7 51.6 47.9 43.5 39.3 35.1 33.1 30.7 27.9 25.5 23.3 20.9 21.4 23.2 24.4 22.8 19.6 19.7 19.5 19.8 19.9 20.5 22.2 24 25.3 29.9 32.8 32.5 31.6 29.4 30 33 34.8 35.3 36.5 37.4 37.6 36.7 37 37.9 38.1 39.1 39.1 38.6 37.9 36.7 34.1 31.6 29.2 27.8 27.9 27.6 24.6
142.6 142.1 140.6 138.5 140 141.5 141.4 142.9 145 147.6 149.7 150.6 151.3 154.7 157.6 157.3 155.4 152.5 147.6 140.7 134.9 124.7 116.2 109 102.3 95 88 82.3 75.5 69.1 63 57.3 51.2 46.7 42.1 37.5 34 32 29.1 26.3 25.5 23.6 20.8 20.6 22.3 21.3 20.4 19.9 19.4 19.9 20.3 20.2 22 24.9 25.8 26.2 29 32.4 29.2 30.9 33.9 35.2 37.6 38.6 38.6 40.3 40.4 40.1 40.2 42.2 42.4 41.2 41.2 40.9 40.3 39.1 38.8 35.3 32.5 30.6 29.3 29.9 28 21.6
