app/static/ascii/ST79.asc
ncols 200
nrows 200
xllcorner 370000
yllcorner 190000
cellsize 50
[rows 72 to 107 of 200, columns 0 to 80 of 200]
25.6 25.8 25.2 25.3 25.4 25.5 24.1 23.2 22 21.7 22.3 22.3 22.1 22.3 22.2 22.3 22.4 22.4 22.4 22.9 22.8 22.4 23 23.5 24 24.6 26 27.6 29.8 32.7 33.6 34 32.1 30.3 30.5 30.8 33.5 36.9 41.5 44.5 45.7 45.7 45.6 44.7 43.6 42 40.4 39.5 39.9 39.1 38.1 39.8 40.7 41.5 42.3 43.1 44 45.8 47 48.2 49.3 51 53.5 56.7 58.9 60.9 63.7 70.3 77.3 85.1 91 92.9 92.3 79.1 73 86.3 93.3 98 97 87.7 74.6
26 26.2 25.8 25.5 25.4 24.9 24.2 23.3 22.5 22.2 22.6 22.6 22.4 22.6 22.6 22.6 22.7 22.7 22.6 22.7 22.7 23.2 23 23.5 24 24.9 25.5 26 26.8 33.9 30.1 28.6 29 29 29.6 30.8 31.9 34 38.2 43.1 44.9 45.8 45.7 44.9 43.3 41.4 40.3 39.9 40 40 39.3 40.5 41.4 42.3 43 43.8 44.9 46.9 48.3 49.4 50.8 52.8 55.9 59.5 62.9 66.3 64.4 71.9 81.6 90.1 96.8 99.6 97.4 82 82.5 93 99.5 102.1 98.7 90.1 77.7
27.3 27.1 26.5 25.7 25.8 25.5 24.9 24.1 23.4 22.8 22.9 23 23 23 23 23 23 22.9 22.9 22.7 22.8 23.5 23 23.5 24 24.5 25.8 25.8 33.9 32.2 27.2 28.1 28.5 29.3 30.2 31.9 34.8 36.2 33.6 40.5 44.3 45.4 45.5 45 43.1 41.7 41 41.1 41.2 40.7 39.8 40.4 42.2 43 43.7 44.5 45.8 48 49.4 50.7 52.6 54.9 58.5 62.9 67.3 71.8 70.2 73.3 82.9 95.4 100.9 105 97.8 85 92 98.8 104.1 105.1 101 92.2 81.1
29 28.8 27.2 26.4 26.5 26.1 25.6 24.9 24.3 23.5 23.3 23.4 23.5 23.5 23.4 23.4 23.3 23.1 23.1 22.9 22.9 23.5 23.5 23.6 24.1 24.7 26.4 32.7 33.8 26.1 26.4 28 29.8 31.3 32.3 34.1 38.4 41.2 40.3 38.9 43.4 45 45.2 44.9 43.7 42.5 42.2 42.2 42 41.2 40.3 40.4 42.7 43.8 44.5 45.2 46.6 48.9 50.5 52.2 54.6 57.5 61.9 66.7 70.5 74.3 74.8 77.6 83.4 96.6 104.9 106.3 99.7 93.5 100.4 104.1 106.1 106.1 103.6 96.5 85.3
30.8 29.5 27.8 27.1 26.6 26.3 26 25.6 24.8 23.9 23.9 23.9 23.9 23.9 23.9 23.9 23.7 23.4 23.2 23.3 23.6 23.4 24.2 24 24.2 24.8 27.6 33.9 25.9 26.5 27.7 29.5 31.6 33.1 34.4 36.8 41.8 43.8 44 39.6 43.5 44.8 45.1 45.1 44.3 43.5 43.5 43.4 42.5 41.6 40.8 41.2 43 44.6 45.2 45.9 47.5 49.8 52 54 56.5 59.8 64.6 69.7 74.6 78.4 78.9 86.8 90.6 98.3 106.9 110.8 105.1 101.6 107.3 108.2 107.8 107.6 106.6 101.1 91.1
32.3 30.2 28 27.4 26.7 26.4 26 25.6 25.3 24.4 24.4 24.4 24.3 24.4 24.4 24.4 24.1 24 25.3 24.6 24.3 24 24.1 24.9 25 31 28.1 26 26.3 27.2 29 30.4 32.3 34.7 37.1 42.1 44.3 46.2 46.5 43.4 44 44.9 45.3 45.1 44.2 45.1 45.6 44.5 42.9 43.5 41.8 41.6 43.6 44.8 45.8 46.8 48.5 50.7 53.1 55.4 58.2 62.6 67.7 73.9 79.2 84.3 86.5 95.4 102.3 104.4 110.9 113.4 111.2 109.8 110.2 110.3 109.8 108.4 107.4 104.1 94.9
33.5 30.7 28.3 27.5 26.8 26.4 25.8 25.5 25.2 24.9 24.9 24.8 24.8 24.8 24.9 24.9 24.9 24.9 25.5 25.4 24.8 24.7 24.6 25.6 31.7 34.2 28.2 26.4 27 28.4 30.2 31.9 33 35.9 42.3 45 46.5 48 47.1 45.6 44.3 44.9 45.5 45.4 45.1 46 47.2 45.1 43.5 43.5 42.3 42.1 44.3 45.1 46.1 47.5 49.5 51.8 54.3 57.1 60.2 65.1 71.1 77.5 85.9 92.6 97.8 105.3 110.9 111.8 114.8 115.4 114 113 112.6 112 111.2 109.9 109 106.1 98.5
33.7 31.1 28.6 27.7 27 26.5 25.8 25.5 25.4 24.5 25.2 25.2 25.2 25.1 24.7 25.7 25.7 25.7 26.8 27.8 26.5 26.5 26.6 32.6 34.2 27.5 28.2 27.8 27.9 29.9 32.1 34.2 37.2 39.1 45.3 46.6 48 47.6 47 45.6 44.3 45.4 45.7 46 46.4 46.9 48 45.8 44.3 43.9 43.1 41.9 44 45 45.8 47.7 50.4 53.2 56.1 59 62.2 67.1 74.3 82 90.2 98.3 107.3 114.1 118.9 119.2 119.4 117.7 115.9 114.8 114.2 113.6 112.5 111.8 110.2 106.9 101.5
33.9 31.5 29.8 28.3 27.3 26.2 25.9 25.9 25.4 25.9 25.4 25.5 25.3 24.9 25.3 26.4 26.5 28.3 29.4 29.8 29.5 28.9 34.5 26.6 28.4 28.4 30.1 28.2 29.5 32 33.9 36.8 43.5 44.9 47.3 48.2 48.3 47.9 47.4 46.3 45.1 46.4 47.7 48.3 49.5 49.4 49.1 47.1 45.1 44.3 43.6 42.7 43.1 44.4 46 47.8 49.8 52.7 56.2 60.2 64.2 70 77.5 85.8 94 104 113.4 120.4 123 122.4 121.3 119.1 118 116.4 115.7 115 114.1 112.5 111.5 110.1 107.7
34.4 32.3 30.5 28.8 27.6 28.2 27 26.5 26.3 26.5 25.7 25.7 25.6 25.2 26.6 27.3 28.6 30.2 31.5 31.7 31.5 34.6 33.5 29.2 29.8 29.3 30.3 28.5 31.7 35.1 38 41 46.2 47.4 48.8 50.3 49.5 48.7 47.9 47.3 45.8 47.8 49.5 50.6 52.1 52.6 51 49.3 47.3 45.5 44.8 44 42.9 43.9 46.2 48.6 50.7 53.1 56.5 60.7 65.9 71 79.4 87.4 96.8 107.6 117.5 124.7 124.8 124 122.3 120.7 119.6 118.8 117.2 116.5 116.2 114.2 112.6 111.7 109.2
35.6 33.5 31.3 29.5 28 31 30.7 29.9 27.6 27.6 26.5 25.9 25.8 27.4 29.9 30.5 29.9 31.2 32.8 33.8 34.5 33 31.9 31 30.5 30.7 31.7 32 31.8 34.7 37.3 44.4 48.4 48.7 49.9 51 51 50.1 49.3 48.2 47.7 49.1 50.8 52.6 54.2 54.2 53.3 52.1 49.5 46.8 46 45 43.3 44.3 46.7 49.2 51.6 54 56.9 62.1 66.9 71.7 79.5 87.9 97.8 110.1 122 127.2 126.6 125.1 123.6 122.3 121.3 120.4 119.5 118.4 117.7 116.1 114.9 113.3 110.7
37.7 34.5 33 30.8 32.3 35.9 35.6 34.8 32.3 28.7 27.4 26.9 28.7 31.7 32.9 33.3 32.4 32.9 34 34.5 34.5 33.9 32.9 32 31.2 31.4 32.3 31.8 32 36.3 39.4 43.9 48.3 49.4 50.5 51.7 51.8 51.2 50.3 49.2 47.5 49 51.4 53.5 54.8 54.6 54 53.7 51.5 48.8 46.9 45.8 44.6 45.4 47 48.5 51.5 54.7 57.5 61.7 66.4 71.6 79.4 88.3 97.8 112 124.9 129 128.8 128 126.5 124.9 123.5 122.2 120.3 120.8 121 120.1 118.6 117.2 114.1
40.1 39.3 37.6 36.3 40.8 41.5 40.9 39.8 36.4 31.7 31.5 33.3 34.9 36.9 36.8 35.7 34.9 34.6 34.7 34.5 34.4 34.5 34 33.3 32.6 32.1 32 33.1 33.4 37.3 40.7 46.8 49.8 51.5 52.5 52.7 52 51.2 50.4 49.6 48.8 49 51.4 53.8 55.3 55.7 55 55.9 54.3 50.8 48.7 47.1 45.7 46.9 47.6 49 51.1 53.9 57.8 61.8 65.7 70 77 85.5 95 108.8 122.5 130.6 131.4 130.8 129.3 127.7 126.3 125.2 124.7 124.7 125.7 129.9 130.4 125.3 117.9
42.8 49.3 48.1 47 46.9 46.6 46 44.7 40.9 35.7 37.2 39.1 40.2 40.4 40.2 38 34.7 34.7 34.8 34.7 34.7 34.4 34 33.5 32.7 32.3 33.4 33.9 34.8 37.4 40.8 46.3 51.6 52.8 53.3 53.2 52.7 51.6 50.7 50.2 49.6 49.5 51.6 54.1 55.8 56.8 57.1 58.3 56.8 53.4 50.4 48.5 46.3 47.5 48.4 49.6 51.1 52.9 57 60.9 64.2 68 74.2 81.5 90.9 104.9 118.7 129 131.8 131.5 130.5 128.9 127 125.6 125.6 125.3 125.5 127.3 129.4 126.6 121.1
43.7 52 51.9 51.8 51 50.6 50.5 49 46.2 41.3 41.7 42.7 42.3 43.6 36.2 34.7 34.6 34.7 34.9 34.7 34.2 33.7 33.4 33.2 33 32.7 33.4 34.7 34.9 36.7 39.7 45.2 49.4 52.3 53.8 53.8 53.3 52.5 51.8 51.3 50.4 50.7 51.7 54.3 56.3 57.4 59.2 60.3 58.5 55.4 52.6 49.7 46.9 48 49.4 50.6 51.7 52.1 54.7 58.2 62.2 66.4 71.1 77.1 85.1 96.1 110.3 121.3 126.2 126.9 126.9 128 126.7 125.2 124.8 124 123 122.3 120.9 119.7 119.9
37.3 51.8 55.8 54.3 53.9 53.5 53.3 52.8 50 46.5 45.6 44 39.7 34.4 34.4 35.1 34.5 34.3 33.9 33.9 33.5 33 32.7 32.8 33.4 33.8 33.6 34.9 35 36.7 38.7 42.7 46.9 50.6 54.5 54.9 54 53.5 52.9 52.3 51 50.6 52 54.6 56.9 58.1 60 61.8 60.4 57.9 54.1 51.2 48.2 48.1 48.8 49.9 52.4 53.3 53.5 56.4 60.3 64.4 68.1 72.8 79.1 87.1 96.7 105.9 116.4 116.8 116.5 117.6 122 124.1 123.1 122.2 120.9 119.5 118.6 118.3 120
34.7 42.2 52.4 55.6 55.2 54.7 54.6 53.9 51.9 47.5 42.2 36 34 36.6 36.2 35.1 34.2 33.4 32.7 32.6 32.8 32.3 32.4 32.8 33 33.8 34 32.5 34.9 36.7 38.7 41.3 44.4 50.6 55.1 55.8 54.7 53.6 53.1 52.6 51.4 51.1 52.7 55 57.4 59 60.9 62.6 63.5 59.8 56.9 54 50.9 48.3 50 50.6 52.3 55 56 55.5 58.4 62.2 66 70 75.1 80.8 88.5 96.4 100.8 104.3 105.6 109.6 118.9 122.7 122.8 122.3 119.9 118.7 117.9 117.8 119.3
33.3 35.6 43.4 48.1 50.5 50.4 49.3 47.6 44.2 38.4 33.3 33.7 37.3 36.6 35.5 34.5 33.7 32.9 32.2 32.1 31.9 31.8 32 32.2 32.5 33.3 33.7 31 35.9 37.1 38.4 40.8 43.8 51.3 55.3 56.5 55.3 54.1 53.5 52.8 51.8 51.6 53.4 55.5 57.7 59.1 60.3 61.8 63.7 62.5 59.6 56.7 53.6 50.1 49.8 51.6 53.3 55.2 57.2 58.5 59.2 60 62.5 67.6 72.2 76.6 82.6 88.6 92.8 95.7 102.1 114.9 124.4 127 125.7 122.9 122.3 120.7 119 117.2 118.7
31.5 33.4 37 39.6 40.6 38.6 37 34.8 34.9 33.1 33.8 36.7 36.4 35.9 34.9 34 33.2 32.3 31.9 31.8 31.6 31.5 31.5 31.5 31.9 32.6 33.3 29.8 36.3 37 37.4 40.3 44.3 51.4 55.7 56.7 55.6 54.1 53.7 52.9 52.1 52.2 54.2 56.1 57.8 59 60.4 61.8 63.9 64.9 62.5 58.9 54.9 52.5 51.3 50.3 51.4 53.3 55.1 57 59.5 61.9 65 67.3 69.4 73.4 78.1 82.4 86.3 91.4 100.1 110.3 120.3 121.8 125.2 122.8 122.8 120.8 119 115.7 117.2
29.9 31.6 35.6 35.6 35.2 35.6 34.5 34 32.8 36.2 36.2 35.8 35.9 35.8 34.7 33.7 32.7 31.8 31.6 31.5 31.3 31.3 31.3 31.2 31.7 32.2 32.9 29.9 34.8 36 37.5 41.3 44.4 52.3 55.9 56.5 56.1 54.9 54.4 53.1 52.3 52.7 54.2 56.5 58.4 59.4 60.5 61.8 63.4 65 64.3 60.3 56.7 54.9 53.3 51.1 51.6 53.7 55.6 56.9 60.3 63.2 65.7 68.6 71.3 74.5 77.9 80.7 84.9 87.7 93.9 99.2 106.4 113.6 117.6 119.4 116.8 115.5 117.6 111.7 113.4
28.9 30.3 32.8 34.2 35.2 34.9 32.2 32.5 34.7 35.5 35.4 35.7 36.1 36.1 35 33.8 32.9 32.1 31.8 31.5 31.1 31 31 30.9 31.5 32 32.6 30.6 35 35.7 37.9 41.1 44.3 52.1 55.6 56.4 56 55.2 54 53 52.7 53.2 54.8 57.1 59.1 59.9 61 62.6 64.2 65.8 65.5 61.7 58.7 56.4 54.8 53.3 53 53.7 55.9 58.4 61.2 64.6 67.4 69.6 72.8 75.9 78.4 79.8 80.7 84 88.5 92.7 98.1 103.9 108.5 109.8 107.4 108.2 112.5 108 107.3
28.9 30.8 32.8 33.6 34.1 31.2 32.3 35.5 35.8 35.4 35.6 35.8 36 36.3 35.5 34.2 33 32.5 32.1 31.7 31.4 31.1 30.8 30.6 31.2 31.6 32 32.4 34.6 35.5 36.9 39 42 50.9 55.5 56.2 55.6 54.9 53.8 53.4 53 53.8 55.5 57.7 59.8 60.6 61.8 63.7 65.5 66.4 66.1 63.6 60.8 57.8 56.1 54.9 54.9 54.1 57.3 60.1 63.2 66.4 68.8 70.6 73.1 75.5 77 77.5 78.5 81.3 84.3 88.4 91.3 93.8 97.2 98.2 95.7 98.8 100.4 98.5 98.9
29.8 30.9 31.7 32.5 30.4 32 37.8 37.8 37.1 36.6 36.8 37 36.9 36.7 35.8 34.6 33.5 32.7 32.4 32 31.7 31.4 31 30.5 30.8 31.1 31.4 32.8 33.9 34.7 35.7 37.3 40 50.3 54.2 55.6 53.9 54.1 53.4 53.6 53.4 54.5 56.2 58.2 60.3 61.8 62 64.1 66.1 67.3 66.3 64.6 61.9 59.6 57.6 56.4 57.2 57.6 56.5 59.2 62.6 66.1 68.2 69.6 72 73.7 75.2 76.1 76.8 79.6 82.2 85 87.4 87.1 87.8 88.7 86.8 86.8 90 93.9 99.4
29.5 32.4 29.4 29.8 34.1 40.1 39.6 38.9 38.2 37.6 37.5 37.3 37.2 37 36.2 35 34 33.1 32.6 32.3 31.9 31.5 31 30.4 30.5 30.8 31.1 31.7 32.3 32.5 33.3 35.2 37.3 44.6 50.3 51.4 53.1 53.5 53.3 53.2 53.7 54.7 56.4 59.1 61.2 61.5 62.6 63.7 65.9 66.9 66.6 65.8 63.4 61.4 59.3 58.2 58.6 59.1 59 59.2 60.6 62.6 65.4 68.6 70.5 70.9 73.4 74.9 75.8 78.1 80.6 83.1 83.8 81.7 81.3 80.7 85 88.5 95.7 101 107.5
29.5 28.5 29.9 36.2 42.3 41.4 40.2 39.5 38.8 38.2 38 37.7 37.5 37.3 36.6 35.6 34.5 33.5 32.9 32.5 32 31.4 30.9 30.4 30.2 30.5 30.9 31 30.7 31.4 31.8 33 34.6 36.4 40.4 47.1 51.6 53 53.9 53.8 54.1 54.5 57.1 59.8 60.7 60.9 62.2 63.6 65.3 65.8 66.1 66 65 63 61 59.9 59.8 60.5 60.9 61.2 62 62.3 64 66.3 67 69.1 71.8 73.8 75.8 78.2 81 83 81.3 79 77.9 83.7 86.1 90.7 97.7 105 112.3
28.2 31.5 38.2 44.6 43.4 41.8 40.4 39.8 39.3 38.8 38.6 38.5 38.4 38.2 37.5 36.4 35.4 34.4 33.6 33 32.3 31.7 31 30.4 29.9 30.7 30.3 30 30.5 30.1 30.2 31 33.7 35.9 40.3 47.3 51.4 52.8 53.9 54 53.8 54.5 57.2 59.9 60.4 60.7 61.6 63.1 64.4 65.5 66.1 66.7 66.2 64.6 63 61.7 60.7 61.2 61.9 62.7 63.4 65.1 66.3 67.8 69.2 70 71.1 73.3 75.5 77.9 80.3 80.9 79.7 76.5 75.7 81.2 85.4 89.7 97.9 106.4 116.3
33.1 40.6 46.4 46 45.2 43.5 41.3 40.3 39.9 39.4 39.6 39.7 39.6 39.1 38.2 37.5 36.5 35.3 34.5 33.2 32.2 31.5 30.9 30.2 29.5 30.1 29.7 29.4 30.1 29 29.4 31.3 33.7 36.6 40.1 50.1 51.8 51.1 53 53.2 53.1 54.5 57.2 60 61.6 60.8 60.7 62.2 63.1 64.3 65.5 66.6 67.1 65.5 63.9 62.3 61 61.6 62.3 63 63.6 64.9 66.8 68.3 69.6 71.3 72.1 73.4 75.4 77.4 77.1 77.6 77.2 74.1 73.6 77.4 83.9 88.6 97.1 106.7 116.8
43.3 46.8 47.4 47.6 48.2 46.5 44.8 43.2 41.4 40.2 40.4 40.7 41.1 40.2 39 38.5 37.4 36.2 35 33.8 32.6 31.5 30.7 30 29.2 29.4 29 28.6 30 29.7 29.2 31.3 33.6 37.9 42.5 49.2 51.1 50.6 51.9 52.1 52.4 54.7 58.2 61 62.4 61.9 61 61 61.9 63.1 64.5 65.5 66.2 66 64.6 63.1 61.4 61.4 61.7 62.6 63.5 65.1 66.7 68.5 69.4 71.3 72.7 73.9 74.6 77.1 76.5 75.8 74.7 72.1 71.6 75.6 81.8 87.6 96 105.5 116.1
47.3 47.9 48.9 50.1 51.2 50.1 48.4 46.5 44.1 42.2 42.2 42.7 43.4 44 41.9 40.4 38.8 37.1 35.5 34.4 33.2 32 30.9 29.8 28.7 27.8 27.8 27.9 29.2 28.8 29.8 33.3 35.4 39.8 48.4 50.5 49.6 49.9 51 50.5 50.3 53.8 57 59.9 60.4 60 59.4 59.6 60.6 62.3 63.3 64.1 64.7 65.1 64 62.3 60.9 60.7 60.9 61.7 62.8 64.4 66.3 68.2 69.5 70.9 72.2 73.7 75.2 76.3 76.5 74.8 72.5 70 69.6 74.4 80.6 86.2 95.1 104 114.4
47.5 48.5 49.8 51.5 53.5 53.5 52.2 50.2 46.9 44.3 44.4 45.1 45.8 45.8 44.3 42.3 40.5 38.3 36.5 35.4 34.4 33.3 31.7 31.9 30.7 28.9 28.1 27.7 29 28.3 30.1 34 37 41.3 49 50.1 48 49.1 49.7 49.3 48.5 51.6 54.7 56.7 57.6 57.9 57.7 58.2 58.9 60.6 61.9 62.6 63.2 63.8 63 61.8 60.5 59.9 60 60.7 62.1 63.6 65.5 67.2 68.7 70 71.2 72.7 74 75.1 74.6 73.1 70.8 68.5 67.6 72.7 77.7 84.4 92.2 102.1 109.9
47.6 48.3 49.8 50.9 52.1 52.2 52.2 51.5 48.5 46.2 44.6 45.3 45.2 44.7 43.4 42 40.8 38.8 38.2 37.2 35.8 33.7 33.1 32.9 31.7 29.9 28.6 27.6 29.2 29.2 30.5 34.5 35.8 42.9 48.3 48.9 46.7 47.2 47.5 47.7 47.6 48.6 51.5 54.3 56.5 57.8 57.5 57.1 57.6 59.5 60.6 61.2 61.8 62.4 62.4 61.9 60.4 59.2 59.2 60 61.5 63 64.7 66.2 67.8 69.1 70.3 71.7 72.8 73 71.9 69.8 68.2 66.6 66.2 70 74.9 81.4 87.2 95.2 101.1
47.5 48.3 49.5 50.1 51 51.5 51.7 52.3 50.2 48.3 46.4 44.9 44.4 43.9 42.9 41.7 40.5 39.2 38.4 37.4 35.6 33.9 32.8 32.6 32.3 30.7 29.2 27.9 30.4 29.5 30.7 32.5 35.4 42.5 46.8 47.4 46.2 44.9 45.3 45.3 46.6 47 49.3 52.2 55.1 57.4 57.1 55.7 56.7 58.1 59.2 59.9 60.5 61.3 62.6 61.9 60.6 59.3 59.1 59.5 60.7 62.3 63.8 65.2 66.7 67.9 69.2 70.4 71.1 71 69.4 67.6 66.3 65 65.6 67.5 71.7 77 82.3 84.4 87
42.8 45.4 47.8 49.2 49.9 51.3 51.7 51.9 50.5 48.4 46.1 43.9 43.4 43.1 42.2 41 39.8 38.8 37.9 36.8 35.5 34 32.4 32.6 32 30.8 29.2 27.8 30.3 29 29.4 32 36.2 43.8 46.3 46.3 46.1 42.6 42.3 44.3 45.5 46.4 47.7 49.7 52.4 55 55.2 54.1 55.2 56.4 57.7 58.6 59.3 60.4 61.7 62 60.7 59.4 59 59.4 60.2 62 63.7 64.8 65.2 66.2 67.5 68.6 69.7 69.3 67.4 65.6 64 62.9 63.6 65.5 68.9 72.8 76.5 76 76.7
34.6 38.9 41.9 44.5 48.9 52.8 52.2 51.2 49.7 48.1 45.9 43.8 42.7 42.5 41.4 40.3 39.3 38.3 37.3 36.1 34.9 33.5 32.2 30.9 31 30.3 28.6 26.9 30.6 27.9 28.7 31.7 36.2 41.2 44 44.4 44.6 41.1 42.5 44.6 44.9 45.4 46.4 48.3 50.7 52.6 52.7 52.6 53.5 54.7 56 57.3 58.2 59.3 60.3 61.1 60.4 59.2 58.5 59.2 59.8 61.6 63.2 63.8 63.9 64.3 66.3 67.5 68.5 67.8 65.7 63.8 61.7 61.5 62.9 64.8 66.7 70 71.4 75.5 80.2
21.3 26.3 32.4 37.5 41.8 52.9 53.8 51.8 49.6 47.5 45.6 43.8 42.8 41.8 40.8 39.8 38.8 37.8 37 35.7 34.3 33 31 29 29.2 29.2 27.8 26.1 28.8 27.5 28.5 30.8 35.3 39.5 43.2 43.7 43.4 40.6 44.2 45.8 45.5 45 45 46.4 48 49.6 50 51.1 52 52.7 53.4 54.6 56.7 57.9 58.8 59.7 59.8 59.3 58.5 58 59.3 60.8 62.3 62.6 61.8 62.4 64.4 66.4 67.2 66.2 64 61.7 59.4 61.7 64.1 66 67.8 70.1 72.1 75.6 81
16.2 16.7 17.1 21.9 30.4 42.9 54.7 52.6 50.7 48.6 46.8 45.3 44.2 42.4 40.3 39 38 38.4 38 36.5 35.1 33.4 31 28.7 27.5 26.6 26.4 26.1 26.7 27.3 28.1 29.5 32.4 35.1 42.8 43.3 41.3 40.4 45.1 45.3 45.5 44.6 43.9 44.9 45.9 47.5 49.1 50.8 51.4 51.6 51.7 53.1 55.5 56.5 57.1 58.1 59.5 59.2 57.8 57.4 57.6 58.3 59.9 60.4 60.4 60.3 62.5 64.8 65.7 64.5 62.1 58.6 57.5 61.5 64.4 66 67.7 68.2 69.4 73.5 78.8
