app/static/ascii/ST82.asc
ncols 200
nrows 200
xllcorner 380000
yllcorner 120000
cellsize 50
[rows 144 to 179 of 200, columns 82 to 163 of 200]
107.1 105.6 99.7 93.8 89.8 89 87.9 90.9 94.1 98.4 100.5 103.1 106.4 110.2 113.8 114.9 112.8 112.3 112.4 119.5 126.5 132.3 137.3 143.8 153.7 162.3 169.4 173.9 177 182.7 188.3 195.4 214.4 214.8 215.4 216 215.8 215.1 214.1 209.2 195.2 188.2 185.8 181.2 175.9 172.8 173.2 181.7 199.9 201.9 209.4 209.6 208.6 210.5 209.8 208.5 207.4 206.4 205.9 207.3 207.5 208.9 208.9 208 207.3 207.5 206.7 205.6 204.1 202.3 200.5 200 199.6 199.2 198.9 198.5 196.3 196.6 195.6 194.4 191.9 187.8
97.4 96.9 96.4 92.2 87.1 86.4 87.6 91.8 97.4 101.3 104.2 107.5 110.3 114.1 114.8 113.6 111.7 111.5 115.3 119.9 126.9 132.6 137.4 145.5 156.3 165.6 170.4 173.8 176.7 182.5 185.9 188 204.9 213.9 214.8 214.1 212.9 207.4 195.6 187 185.4 182.9 182 178.6 174.1 169.5 169.6 178.5 189.6 199.8 203.2 208.2 209.5 208.1 208.4 207.9 207.1 204.8 205 206.1 206.4 207.5 206.9 206.1 205.6 205.5 205.1 204.4 203.3 201.7 200.1 198.7 198.8 198.6 198.4 198 197.5 197.1 196.6 195.6 194.5 194.3
92.5 92.8 91.5 86.5 85.9 88.8 92.6 98.6 102.6 105.6 109.2 112.3 114.9 116.8 116.1 113.2 110.5 114.4 119.5 124 128.4 133.3 141.1 147.1 159 165.2 169.1 172.1 176.6 180.4 185.2 186.2 202.1 209 209.5 208.2 194.2 184.2 182.1 181.1 181.1 180.3 178.8 174.4 170.6 165.9 167.2 175.3 185.4 197.7 200.2 207 208.3 207.4 205.9 206.8 206.2 204 202.8 204.7 205.5 205.6 205.1 204.9 204.2 203.6 203.4 203.3 202.2 200.7 198.5 197 197.4 197.3 197.1 196.8 196.5 196.2 195.8 195.5 194.7 193.9
87.1 87.5 85.2 87.5 91.3 93.6 100.5 105 107.2 109.8 113.1 116.6 118.9 121.5 118.7 113.5 110.7 115.7 122.6 126.7 131.8 135.7 140.3 146.3 155.3 162 167 170.4 175.4 178.4 181.7 186 194.3 205.9 195.5 185 182.2 180.8 179.6 178.9 177.9 175.8 174 169.8 165.3 164 167 174.8 181.1 191.1 198.6 205.4 206.6 206.6 205 204.1 204.2 202.4 200.6 201.8 202.7 203.8 203.9 203.5 203 202.5 202 201.5 200.9 199.7 198.4 197 196.7 196.5 195.8 195.6 195.4 195.2 194.7 194.1 193.7 192.7
84.2 85.8 93.1 96.2 100.1 99.8 103.5 106.9 109.3 111.9 114.5 116.5 118.7 120.8 115.4 108.7 112.1 117.5 123.6 127.6 132.5 136.2 140.2 146.4 154.5 162.3 165.6 169.5 172.8 177.6 180.9 184.2 187.6 188.3 185.9 183.5 180.4 177.4 175.4 175.6 173.9 172.2 170.2 166.3 161.3 161.9 166.1 173.7 179.2 189.1 200.2 200.7 203.8 204.6 204.7 204.1 203.2 202.7 199.2 199.7 200.6 202 202.3 202.4 201.9 201.4 201 199.9 199.7 198.8 197.7 196.2 195.5 195.6 194.5 194.3 194.3 194 193.4 192.9 192.5 191.4
83.9 91.9 99.8 104.2 106.8 106.4 104.4 105.2 106.8 109.4 111.2 112.9 115.2 114.5 107.6 106.7 111.9 119.1 122.9 125.6 129 132.9 138.5 147.9 154.7 161.2 164.4 167.7 171.8 176.4 178.2 181.5 183.5 183.7 182 179.8 176.4 173.8 172 171.2 169.7 168.5 164.6 158 157.3 158.3 164.4 170.8 175.5 188.3 197.5 203.6 204.5 204.8 204.5 203.9 203.1 201.7 199.4 200 200 200 200.9 201.2 200.7 200.4 200.1 198.7 198.3 197.4 196.7 195.8 195.5 194.5 193.2 193.3 193.3 192.6 192 191.7 190.4 187.3
85.5 93 99.8 104.2 107.4 106.7 103.6 101.1 101.2 102.7 104.6 107.6 110.4 107.4 102.2 104.3 110.3 118 122.5 124.6 129.2 132.9 137.8 143.5 153 159.5 162.9 167 171 174.7 175.6 178.5 179.7 179.4 178.2 176.5 174.4 171.3 169.1 168 167 161.3 156.2 154.3 153 153.8 162 167.2 174 187.5 199.8 203.5 203.7 203.6 203.6 202.5 202.3 200.5 200 198.5 198.2 198.9 199.1 199.9 199.5 199.4 199 198.1 197.3 196.3 194.2 193.6 193.4 193.2 192 192.1 192.3 191.1 190.8 190 187.3 184.8
86.4 92.3 97.7 99.7 104.7 104.4 100.8 97.5 96.5 97.8 99.4 102.3 101.8 100.1 97.9 103.3 109.5 117.1 122 125 128.8 131.4 139.6 141.3 152.4 157.8 161.6 167.8 170.6 171.9 171.3 175.6 177.1 177 175.8 173 171.8 168.2 165.9 165 160.3 155.9 151.8 150.9 148.6 152.9 161.1 166.5 174.1 184.3 199.1 202.3 202.5 202.5 202.4 201.7 201.2 200.3 198.8 198.4 195.2 194.9 197 197.5 198.1 198.2 197.8 197.3 197.3 196.4 195.2 194.7 195.2 194.8 191.9 191 190.2 189.8 189.6 189 187.9 188
86.3 90.9 94.2 95.8 97.4 99.7 97 93.6 92.4 92.6 94.3 95.1 94.3 95.1 96.4 99.1 105.4 114.5 120.3 123.8 126.7 129.8 135.4 141.1 148.6 157 161.4 167.9 168.8 169.8 170.4 173.3 175.6 173.9 173.4 171.6 167.6 166 163.6 163 153.7 149.3 147.6 143.5 147.8 153.6 161.8 168.7 174.7 187.7 195.4 201.1 201.4 201.3 200.9 200.6 200.1 199.6 198.5 197.4 193.9 187.4 193.2 194.4 195.5 196.9 196.7 196.5 196.5 195.5 194.8 194.8 196.2 195.6 191.8 190.9 190.3 189.8 189.3 189.1 189.1 188.8
86.4 89.4 91.9 92.8 93.9 94.5 92.4 89.6 88.4 91.1 91.3 94.2 97.8 99.1 99 99.5 102.1 110.4 116.1 120.7 124.5 127.9 134.2 139.6 150.5 158.1 162.1 164.1 164.9 165.9 167.7 171.1 173.6 169.7 169.8 167 164.6 163.2 159.3 155 147.7 147 143.9 143.5 150.8 157.3 163.9 169.5 174.7 184.5 192.6 199.9 200.2 199.8 199.3 199.2 198.7 198.1 197.3 195.9 194.8 185.5 174.6 185.1 192 194.1 195.3 195.1 194.8 194.1 194 193.5 195.7 194.9 191.7 191.1 190.3 189.7 189.3 189.3 189.4 189.1
84.8 87.5 90.3 90.9 91.8 91.2 89 87.8 92 94.4 96.1 97.9 98.6 98.7 99.5 99.7 102.3 105.8 111.3 115 119.2 124.7 130.2 139.3 151.6 157.9 159 159.4 160.1 161.4 164.1 168.4 170.3 167.6 166.2 164 159.6 157.6 154 147.3 142.6 142.9 136.9 144.4 152.1 159 164.4 169.1 172.9 182.7 191.9 198.9 198.9 198.7 198.3 197.8 197.2 196.4 195.6 194.1 193.2 194 181.8 169.8 182.7 193.4 193.1 193.2 192.8 192.7 192.7 192.7 191.8 191.6 191.4 191.1 190.4 189.7 189.4 189.7 189.7 189.2
83.6 86.3 88.6 89.2 89.7 88.5 87.8 90.6 93.7 95.7 97.7 97.9 98.1 98.2 98.6 99.8 101.3 102.8 105.5 109.4 114.1 120.6 127.9 136.8 146.4 155.1 154.1 155.2 156.5 157.7 160.2 164.3 166.5 164.2 162.7 159.4 155.7 153.5 148.9 140.3 138.4 138.2 137.7 145.1 150.2 157.4 163.3 167.5 171.7 184.7 192.4 197.5 197.6 197 196.5 195.2 194.8 194 193.2 192.4 191.1 192.5 188.2 168 171.4 183.4 191.4 190.9 191.4 191.3 191.7 191.8 191.1 190.8 190.7 190.6 190.4 190.3 190.3 190.2 189.9 189.2
82.2 84.8 86.9 87.2 87.3 85.9 87.9 90.9 94.1 96.3 97.3 96.8 97.3 97.5 98.7 100.6 102 103.4 105.1 108.6 112.2 117.3 124.6 132.7 139.5 144.9 145 148.3 152.5 154.5 158 161.5 162.1 160.9 159.7 156.9 153.8 146.5 141.7 137 136.1 130.9 141 146.4 151.6 156.5 161.7 166.3 170 183 191.5 195.6 195.6 194.9 193.9 192.2 191.7 191.6 190.8 188.9 187 189.6 190.7 173.5 161.1 166.5 179.6 190.6 189.4 190.9 191 190.7 190.7 190.1 190 189.9 190.5 191.2 191.2 191.5 190.1 189.1
81.1 83.4 85.6 85.7 85.4 83.8 87.8 90.7 93.5 95 95.3 95.5 95.6 96.7 98.4 100.3 102.3 104.3 105.9 107.4 109.6 113.8 120.1 126.7 131.3 134.5 137.6 141.1 144.5 149 153.9 157.8 157.6 156.4 156.5 153 148.1 144.2 139.2 134 133.1 128.3 137.5 144.9 151 153.3 156.2 164.9 169 181.7 192.6 193.3 192.8 192.3 191.4 189.5 188.1 187.5 187.2 182.1 176.6 184.8 188.4 185.6 170.6 157.9 165.4 180.9 189.5 189.4 190.1 189.5 189.5 189.4 189.4 189.7 190.4 191.1 191.8 191.4 191.2 189.4
79.1 81 83.4 85 83.4 83.9 86.7 89.8 92.6 93.6 93.9 94.1 93.9 95.8 98 99.9 101.8 104.5 106.6 109 110.9 111.5 114.2 119.1 123.5 129.4 131.8 133 138 145.8 150.7 154.1 151.6 150.7 151 149.5 143.9 139.2 135.7 129.9 129 127.1 138.4 144.9 149.8 151.5 154.3 158.1 167.7 179.5 189.8 190.3 189.7 189.1 188.2 186.2 182.5 178.7 181.2 173.2 164.8 175.4 185.5 186.9 178.1 153.4 159.4 175.7 188.8 188.7 186.9 188.1 188.5 188.7 189.1 189.4 190.4 191.4 191.8 190.3 191.9 190.3
78.3 79.2 80.9 82.6 82.5 84.2 86.2 89.3 91.7 92.3 92.6 92.7 92.8 94.6 96.6 99.7 103 105.9 108.2 111.9 114.1 112.9 111.6 114.4 119.6 125 128.2 130.4 135.2 141.4 148.2 150.7 146.6 144.5 146.3 145.9 141.2 135.6 130.6 124 123.5 129.7 138.1 142.9 148.3 150.7 153.6 156.7 161.8 178.2 186.7 186.7 186.2 185.5 184 180.5 176.2 164.8 161.9 160.5 157 165.2 179.9 183.6 176.5 156.5 156.2 172.4 187.7 188 187.2 185.7 187.2 187.9 188.3 188.9 189.8 190.5 190.6 189.5 191.1 189.5
77.5 78.8 79.5 81.5 82 84.5 86.3 88.9 90.7 91 91.2 90.7 92.4 94.9 97.8 101.2 104.9 109.2 114.2 119.2 121.8 119 112 114.6 117.3 122.6 125.8 126.1 127.7 138.4 146.3 148.3 141.5 139.4 141.1 142 139.8 134.7 125.3 120.5 125 129.7 136.7 144 147.3 150.3 153.1 156.3 160.8 173.7 183.5 183.1 181.2 177 173.1 170.2 167.8 161.3 153.9 150.8 150.2 159.5 173.7 179 172.5 155.1 153.2 167.3 185.6 186 185 183.3 183.9 186.4 186.9 187.5 188.4 188.8 189.1 188.3 190 188.9
77.8 78.5 79.2 80.4 82.1 84.6 86.8 88.2 89.5 89.9 89.9 89.5 93.6 96.8 100.6 104.8 109 113.3 119.8 126.4 128.3 122.8 113.9 112.6 115.1 120 121.1 125.2 132.9 140.3 144 142.3 134.4 132.8 133.4 136.6 137.6 134.2 124.3 119.2 124 131.3 137.8 142.9 145.7 149.1 152.5 156.3 161.2 172.6 179.6 177.1 168.9 165.7 162.9 160.7 160 157.1 151.7 146.9 145.6 152 165 176.5 171.9 154.7 148.7 157.6 171.2 182.5 181.2 176.7 178.1 183.4 185.5 186.1 186.6 187 187.3 187 187.8 187.6
77.4 78.2 79 80 82 84.6 86.7 87.6 88.4 88.5 87.5 90.8 94.1 98.5 102.7 107.8 111.9 117.9 123.2 128.4 125.7 118.8 110.9 108.5 111.9 115.2 122.8 130.4 136.7 136.8 138.3 134.5 127.3 125.9 127.1 130.4 132.8 130.9 122.5 121 122.3 129.3 137.5 142.3 144.2 147.6 152.6 156.4 161.2 172.7 174.7 167.3 160.4 158.7 156.8 154.1 154.5 153.1 150.8 147.1 141.5 146.4 156.4 169.6 177 158.7 146.6 147.7 155.5 166.6 167.7 163.3 173.8 181.4 183.4 184.3 184.8 185.1 185.5 185.9 185.6 185.4
76.9 77.7 79 80.2 81.3 83.7 86.2 87.2 88 86.8 88 90.7 93.9 98.2 103.7 109.6 113.9 120.2 124.2 125.4 121.3 114.1 105.8 104.4 109.5 118.1 126.4 130.2 132.3 135.4 132.9 128.4 122.2 121.9 121.7 123.6 127.2 126.4 120 119.1 121.3 129.6 137 141.3 142.8 146.6 152.1 155.5 161.3 171.9 170.3 162.4 156.8 153.2 151.7 150.4 150.4 148.9 146.2 144.4 138.6 145.2 153.6 167.6 177.7 166.8 153.5 142.8 144.2 149.4 149.4 158.3 172.6 180.7 182.1 182.7 183.1 183.5 184 184.2 183.9 183.8
76.3 77.4 78.7 80 81.3 82.8 85.3 86.7 87.5 85.9 88 90.6 93.6 97.9 103.7 109.5 115.1 118.4 121 120.3 116.6 109.9 102.7 104 112.2 121.1 127.9 128.4 128.9 128.4 126.3 123.2 118.2 118.6 116.4 117.9 121.8 121.4 115.6 115.5 122.2 128.4 132.8 139.1 143 147 151.6 155 162.4 167.7 164.6 155.8 153 148.5 147.4 146.4 146.4 144.5 141.9 140.1 140.1 146.7 156.9 170.6 178.1 176.8 160.5 147.3 140.2 142.4 149.6 158.9 173.3 179.9 180.7 181.3 181.8 182.4 182.9 182.8 182.4 182.2
75.7 77.1 78.5 79.8 81 82.2 84.3 86.2 86.5 84.5 87.5 90.4 93.7 97.7 103.3 108.8 113.7 115.8 117 115.2 110.8 105.6 100.1 104.5 112.2 119.3 126.2 123.3 122.4 121.5 120.1 119.5 118.8 113.2 111.2 111.7 115.7 115.7 107.6 114.4 120.7 125.7 131.5 137.7 144.6 147 151 154.2 161.7 162.3 157.4 151 147.6 143.5 142.4 140.6 138.9 139.1 139.1 138.5 143.6 153.8 161.6 171.5 177.8 173.9 159.8 148.5 140 142.1 150.3 164.3 174.9 178 179.5 180.2 180.8 181.3 181.7 181.4 181 180.8
75.3 76.9 78.3 79.6 80.7 81.9 83.3 84.9 85.1 84 86.7 89.4 92.5 96 101.1 106.7 110 111.8 111.9 110.1 106.1 101.5 98.8 105.2 111.6 119.4 122.8 118.9 115.7 115.5 116.2 114.7 113.6 108.9 104.6 105.9 108.9 107.9 109.1 114.7 119.1 124.3 130.6 136 143 146.8 149.9 152.8 160.6 158.7 152.2 147.6 144.8 138.2 135.6 136.3 136.8 135.2 133.4 140.6 146 154.9 162.1 173 176.3 164.1 153.9 147.1 138.9 141.6 153.1 170.4 175.3 176.9 178.1 179.1 179.8 180.3 180.5 180.4 180.2 180
75.1 77 78.1 79.2 80.1 81.2 82.4 83.5 83.7 82.9 85.6 88.1 91 94.2 97.8 101.6 104.5 106.6 105.6 104.1 102.1 98 99.2 105 111.4 116.7 118.4 113.6 109.3 113.4 113.2 109.4 107.1 104.4 99.9 100.1 102.4 104.6 107.3 112.9 118.6 123.3 127.8 133.6 140.9 144.5 148.4 153.5 156.9 155.2 148.3 144.5 138.9 134.6 131 131.2 130 129.8 134.8 140.8 145.7 152.7 162.5 172.9 174.7 158.4 149.5 142.7 136.7 140.7 154.9 170.1 173.8 175.8 177 177.2 178.2 179.1 179.4 179.3 179.2 179.1
75.6 76 77 78 79.3 80.7 81.7 82.4 82.7 83 84.8 86.8 89.4 91.9 95.2 97.6 99.7 101.2 100.4 100.1 98.5 95.7 98.7 103.2 108.7 111.9 112.5 108.7 107.8 110.2 110.6 107.4 101.6 98.2 101.9 105.3 107.5 109.3 111 112.3 118.2 122.8 127 132.9 138.9 144.2 146.7 154.4 153.2 152 146.4 142.3 137.7 132.5 127.9 124.7 124.9 132.1 137.1 141.7 145.6 153.5 162.8 172.6 170.2 155.7 146.4 140.5 134.5 138.3 149.8 167.2 171.5 174.7 175.9 175.8 176.5 177.6 177.8 178 177.9 177.8
76.7 76.5 76.7 77.4 79 80 81 81.6 81.8 82.6 84.3 86.1 87.5 89.4 92 94.4 96.2 97 97.7 96.7 94.8 95.5 99 102.4 104.9 107 106 104.5 104.6 105.7 108.3 106.2 99.5 97.6 105.1 108.8 111.6 113.8 115.5 115.5 117.9 121.7 125.1 131.4 137.4 142.4 146.4 151.8 150.7 149.3 144.9 140.7 136.3 130 123.3 120.5 127.4 133 137.3 141.6 146.2 152.6 162.5 171.3 164.6 154.8 145.9 140.1 133.1 136.9 148.4 163.9 170.3 173.6 174.7 174.3 175.2 175.6 176.4 176.4 176.3 176.1
78 78 77.5 77.6 78.5 79.5 80.4 80.9 81.1 82 83.5 84.8 86.2 88.5 90.3 90.9 93.2 93.4 93.6 93.8 93.4 95.2 97.6 99.7 100.6 101.3 101.5 100.1 101 102.7 105.2 105.3 98.7 98.3 106.1 109.4 111.7 114 116.6 116.6 115.8 118.5 121.6 129.2 136.1 140.9 146.1 148.8 147.8 146.3 140.9 138.6 134 128.4 121.8 115.2 125.6 131.4 136 139.8 145 151.3 159 167 158.6 152.6 146.2 140.4 133.7 134.1 145.3 161.3 168.9 171.4 172.6 173.2 173.7 173.8 174.8 174.9 174.8 174.5
79.2 80 79.8 79 78.5 79.1 79.7 80.1 80.8 81.7 82.9 84.2 85.6 87.2 88 89 91 91.1 91.3 91.6 92 94.1 96.2 97.6 98.5 98.5 98.2 98 99.1 101 103.4 105.5 100.2 93.4 100.6 104.6 106.8 107.9 110.4 109.3 111.4 115.1 120.9 127.1 133.7 137.2 138.6 143.2 143 138.9 138.5 135.1 130.1 125.3 118.5 115.9 123 128.6 133.7 137.1 143.1 150.1 155.5 157.1 154.4 149.1 144.5 139 132.6 130.2 141.7 158.5 166.5 169.6 171.2 171.8 172.2 172.5 173.4 173.5 173.3 173
82.8 82.9 82.6 81.3 79.6 79.9 79.8 80.2 81.3 81.7 82.9 84.1 85.6 87.4 87.4 87.8 89.4 89.7 90 90.3 90.6 92.9 94.2 95.3 96 96.3 96.6 96.8 98.2 98.9 101.7 103.5 100.1 91.6 95 96.9 101.7 103.8 104.4 105.4 110.4 118.6 124.2 123.9 128 132.2 136.6 139.5 136.8 134.1 132.5 129.6 124.6 119.2 115.9 114.3 119 125.4 130.2 136.3 142.2 149.5 151.4 150.8 149.2 145.2 140.7 136.3 129.5 128.8 140.1 154.3 163.3 167.3 169.6 170.3 170.7 171.2 171.6 172.3 172 171.5
86.6 86 85.4 83.2 81.7 80.8 80.7 81.3 82.5 82.5 82.3 83 85.5 86.1 86.6 87 87.8 88.3 88.7 89 89.5 91.2 92.5 93 93.6 94.2 94.9 95.5 96.5 97.4 99.2 99 95.4 90.3 99 101 101.2 100.6 100.7 105 112.1 118.9 120.7 119 123.6 128.2 133.2 134.9 132.1 128.6 126.1 124.3 120.3 114.5 110.4 113.2 117.4 123.2 128.8 135.8 140.8 142 144.7 143.3 142.5 140.3 136.9 129.5 127 128.2 140.8 152.8 160.2 165.2 168.2 169.1 170.1 170.5 170.5 171.5 171.1 170.6
91.4 91.5 89.8 85.4 83.4 83.2 83.1 83.4 83.6 83.2 82.6 82.6 84.6 85.4 85.9 86.4 86.4 87 87.7 88.2 88.8 90 91.2 91.7 92.4 93.1 93.9 94.3 94.9 95.8 96.1 96.1 91.2 95.4 101.5 103.6 101 97.1 100.1 103.8 109.4 112.1 113.9 112.9 119 122.9 127.5 132.4 129.3 121 121.5 121.8 118.4 113.6 105.4 109.3 118.2 124.4 130 135.5 137.6 138.5 139.9 139.2 139.3 136.7 130.4 127.9 123.2 125.7 138.5 147.2 158.3 163.3 166 167.1 168.2 169.2 169.2 170.3 170.1 169.3
95.3 95.9 92.6 87.5 86 87 86.4 85.9 85.4 84.8 83.9 83.2 83.7 85.2 85.7 86.4 87.4 87.2 87.9 88.8 89.8 90.2 90.6 90.7 91 92 92.5 93 93.7 94.6 94.8 94.5 90.3 94 97.2 97.5 94.3 95.1 102.2 104.3 107 108.3 106.6 113.3 117 119.8 122.1 124.8 125.1 118.7 115.5 117.1 115.2 109.4 103.3 109.5 119.9 128.8 133.5 135.4 135.1 135.5 136.9 136.7 136 132.2 125.2 125.2 119 126.2 136.2 146.4 158.6 161.9 163.9 165 166.2 167.5 167.8 168.4 168.4 168.4
97.6 97.2 93.4 88.9 90.4 93.1 92.1 90.2 89.1 89.1 86.5 84.9 84.4 85.2 87.3 88.9 89.2 89.6 89.5 89.8 91 91.3 91.2 91.6 92.1 92.5 92.9 92.9 93.3 93.9 94.4 93.9 89.7 89.2 92.1 91.6 91.7 94.4 99.1 101.7 104.5 100.9 107.4 111.8 114.5 115.8 115.1 118 118.8 113.9 110.9 113 113.7 106 100.6 111.5 120.3 131.1 133.6 131.4 131.7 133 133.7 133.4 131.9 126.5 124.2 119.6 119.4 126.5 135 146.8 156.8 159.5 161.1 163 164.2 165.6 166.5 167 167.3 166.9
99 97.9 94.1 91.2 95.3 97.1 96.5 95.3 94.4 93.1 89.6 86.7 86 87.5 90 91.1 92 92 91.8 91.5 92.1 92.5 92.8 93.2 93.8 94.6 94.8 94.7 93.7 93.9 93.6 93.3 91.3 87.6 87.4 88.1 88.4 90.5 93.3 96.1 95.7 93.9 103.7 105.9 107.6 109.4 107.8 110.9 110.8 107.5 106.3 110 110 103.5 99.1 109.9 119.5 127.7 126.5 126.8 127.8 129.9 130.5 129.2 127.7 121.5 121.2 115.8 120.6 127.3 135.6 147.8 152.9 154.3 153.5 158.4 162.4 163.8 164.2 164.4 165.2 165.7
99.1 98 95.8 94.9 98.2 99.9 100 98.6 98.4 96.4 91.9 88.1 88.4 91.1 93.3 94.2 94.5 94.1 93.7 93.5 93.2 94.3 95.8 97.4 97.2 97.3 97.2 96.4 94.9 93.9 92.5 91.7 90.4 88.3 84.9 85.4 86.4 85.3 86.7 87.9 86.8 91.3 94.6 97.9 101.4 102.8 102 104.5 104 101 105.2 107.6 105.2 99.3 98.8 109 115.6 121.7 120.8 120.3 122.3 125.3 126.8 125.6 123.4 117.6 117.5 112.7 120.4 128.2 136.6 143.9 145.6 139.9 146.6 156.5 160.6 162.1 162.7 162.9 163.2 164.3
98.7 97.6 96.3 96.6 98.3 101.1 101.3 100.8 100.2 97.2 91.6 89.8 92.9 95.8 96.7 97.2 96.6 95.8 95.3 95.1 96.2 98.3 100.3 101.8 102.6 102.8 102.1 98.7 94.1 90.3 88.7 88.7 87.7 85.5 84.3 85.4 86 85.3 87.1 87.4 87.4 87.8 87.8 89.8 94.1 95.4 95.8 98.2 97.1 97.2 104.1 103.7 98.9 96 101.4 105 107.4 111.6 114.2 115.7 117.6 119.1 122.2 121.6 118.5 115.5 113.4 113.8 120.8 127.7 133.1 136.3 132.9 133.2 144.8 153.7 158.3 160.6 161.3 161.7 161.4 162.5
