app/static/ascii/ST83.asc
ncols 200
nrows 200
xllcorner 380000
yllcorner 130000
cellsize 50
[rows 70 to 104 of 200, columns 78 to 155 of 200]
164.6 158.4 153.6 147.7 143.4 139.9 138.4 143.1 156.3 163.8 168.7 171 174.7 177.8 182.1 186.4 189.6 192.3 193.9 195 195.2 195.6 194.9 193.7 192.3 190.6 188.5 186.1 183.3 180.4 176.8 173.6 170.5 166.4 160 149.9 140.1 137.6 145.2 160.4 169.1 176.5 181 184.7 186.4 186.1 184.5 182.8 181.8 181.2 180.9 180.4 179.4 177.5 175.1 171.5 166.3 158.9 148.2 142.7 157.1 166.2 170.2 173.1 175 176.3 177.7 179 179.4 179.2 177 173.2 169.5 167.7 171.6 173.3 174.2 173.1
156.7 152.7 147.7 144.4 141.4 138.4 140.2 148.9 162.8 170.5 175.6 179.5 182.4 185 188.7 191.5 194.1 195.7 196.7 196.8 196.5 195.8 194.9 193.1 191.2 189.1 186.6 184 180.8 177.8 174.7 171.7 168.4 164.7 158.2 149.2 139.7 137.9 147.5 161.4 170 177.9 182.4 186.3 188.2 188.5 188.4 186.9 185.9 184.9 184.3 182.9 181.3 178.9 175.9 172.2 167.1 159.8 150.9 143.6 156 166 170.9 174.6 177.1 179.1 180.5 181.6 182.1 182.5 181 178.7 176.1 174.9 177.9 178.9 178.9 177.3
150 147.2 144.4 142 139.8 139.1 142.2 154.9 167.5 176.5 181.7 185.2 188.4 191.2 193.5 195.6 197.1 198 198 197.1 195.9 195 193.6 191.6 189.3 186.6 183.5 180.5 177.3 174.5 171.5 168.7 165.8 161.8 155.6 147.2 139.2 140.1 151.1 163.6 172.1 179.4 183.9 187.6 189.6 190.5 190.3 189.8 188.6 187.5 186.2 184.3 181.8 179.5 176 172.1 167.4 161 153.7 144.4 153.2 165.2 170.2 174.8 177.5 180 181.6 183.3 184.2 184.7 184.9 183.8 181.5 180.3 182.6 183.7 182.6 180.2
145.9 144 141.6 139.8 139 141 146.3 161.3 173.6 181.9 187.1 190.6 193.3 195.7 197.3 198.5 198.8 198.7 198.2 196.3 194.9 193.7 190.5 188.2 185.8 182.6 179.7 176.7 173.6 170.7 167.8 164.9 161.7 157.5 151.7 144.6 138.8 143.2 156.2 167.6 174.9 182.1 185.8 188.8 190.8 191.3 191.1 190.8 190 188.5 186.8 184.5 181.7 179 174.4 170.7 166.9 162 155.6 145.2 151.5 163.8 169.2 174.1 176.6 179 181.9 184 185.8 186.8 187.9 187.9 187 186 186.4 186.8 185.5 182.8
143 141.1 140.1 140 141.7 144.8 155.3 169.7 180.5 185.7 191.4 194.7 197.4 198.9 199.9 200 199.9 198.9 197.5 195.6 193.7 191.2 187.8 184.7 181.8 178.6 175.3 172.1 169.4 166.7 163.6 160.5 156.9 152.5 147.6 141.7 139.4 147.7 162.8 171.1 178.1 184.2 187.6 190.3 191.7 191.9 191.8 191.5 190.2 189 187 184.5 181.6 178.1 173.6 168.7 164.8 160.7 156.3 145.5 151.8 162.8 167.6 172.2 175.2 178.1 180.6 183.3 186.2 188.4 189.8 190.7 190.9 190 189.6 190.2 188.3 185.1
141.2 140.6 141.5 142.7 146.1 155 168 179.1 186.8 191.5 195.7 198.4 200 200.8 201.2 201 199.9 198.4 196.5 194.7 191.8 188.3 184.6 180.9 177.6 174.4 171.2 168 164.8 161.8 158.5 155.6 151.3 147.2 142.3 139.8 144.8 158 168.6 175.3 180.9 186.5 189.2 191.3 192.5 192.6 192.4 191.5 190 188.6 186.2 183.9 181.1 177.6 173.7 169.7 165.6 159.7 154 145.7 153.4 162.4 166 169.6 172.9 176.1 180 182.9 185.7 189.2 191.4 192.9 194 193.8 193.3 193.1 190.9 188.3
142.4 143 144.5 147.2 154.7 167.1 178.2 185.7 191.8 195.8 198.3 200.7 201.7 201.6 201.4 200.4 199.2 196.9 194.4 192.1 188.7 185 181 177 172.7 169.4 166.1 162.8 159.5 155.9 152.7 149 145.1 141.7 141.3 143.5 154.2 167.2 173.4 179.2 184.4 187.9 190.4 192 192.9 193 192.7 191.7 189.4 187.3 184.8 181.3 178.6 176.1 173 169.2 166.4 161.3 154.3 146.2 151 157.4 162.2 165.6 169.5 173.7 177.6 181.6 185.3 188.8 191.5 194.8 196.2 197.3 197.1 195.9 193.7 191.5
145.2 145.9 148.7 155.9 167.2 177.8 185.6 191.7 195.9 198.7 200.5 202.3 202.3 202.2 201.1 199.8 197.9 195.2 192.5 189 185.5 181.8 177.8 173.6 168.4 163.8 160.5 157.2 153.6 149.9 146.7 143 141.4 141.1 141.1 149.1 165.3 171.4 177.5 182.3 185.9 189.3 191 192.5 193.3 193.4 193.1 191.9 189.5 185.7 182 178.5 175.7 174 172 169 166 161.2 154.4 146.5 153.9 158.5 162.4 162.6 167.3 170.8 174.9 179.8 184.5 188.9 192.4 196.1 198.1 199.3 199.4 199.2 197.6 195.8
152 150.4 158.8 168.5 178.2 185.5 191.5 196.5 199.3 201.1 202 203 202.5 201.3 200 198 195.5 192.7 189.3 185.8 182.3 178.6 174.4 170.2 165 159.5 155 151.4 147.7 144 143.3 144.8 144.6 141.8 142.4 156 167.8 174.6 179.8 184.3 186.9 189.8 191.9 192.8 193.6 193.7 193.5 192.1 189.2 185 180.8 176.5 172.8 171.1 169.1 166.4 162.7 160 152.8 147.8 158.6 165.2 167.9 169.1 168.7 170.2 174.1 179.1 184 189.1 193.7 197.2 199.5 200.8 201.8 201.9 201.2 200.1
156.8 160.9 170.1 178.4 185.8 191.5 196.4 199.6 201.6 202.6 203.3 202.8 201.5 200.1 198.3 195.7 192.6 189.1 185.9 182.4 178.6 174.7 171.8 167.6 162.8 157.1 151.1 146.5 144.9 148.2 152.2 154.3 150.8 143.4 142.7 156.9 168.8 175.8 180.6 184.9 187.8 190.3 191.4 192.7 193.6 194.1 193.9 192.6 189.8 187.2 182.4 177.2 172.9 168.9 164.8 162 159.1 155 150 150.8 162.9 168.9 172.4 173.6 174.5 175.5 176.4 180.1 184.5 189.5 195.1 198.2 200.8 202.1 203.2 203.9 204 203.9
161.2 169.9 178.5 185.9 191.2 196.5 199.7 202 202.8 203.5 203 202 200.6 198.3 195.8 192.5 189 185.6 182.5 179 174.6 170.5 168.1 164.5 159.7 154 147.8 146.1 152.4 158.2 162.3 159.8 153.5 145.1 143 156.2 168.9 176 181.4 184.6 187.2 189.2 190.7 192.7 193.5 194.4 194.3 193.4 190.7 188.3 183.8 178.7 173.4 169.5 167.7 165.3 162.5 158 151.1 152.7 164.2 170.9 174.9 178 178.9 179.7 180.8 183.8 187 191.5 196.1 199.3 201.6 203.1 204.3 205.2 205.7 206.2
167.3 177.5 185.7 191.7 196.4 200.4 202.5 203.4 203.9 203.3 202.1 200.4 198 195.7 192.4 188.9 185.4 182.1 179 175.1 170.6 166.4 163.5 159.7 154.8 149.6 146.4 155.4 164.2 167.3 166.2 161.3 154.2 144.4 145.2 158 169.9 175.5 180.7 183.6 186 188 190 192.2 193.5 194.4 194.7 194.2 192.5 189.6 185.5 180.5 176.3 174.2 172.6 170.6 166.4 160 151.8 152.9 164.2 170.9 176.3 179.9 182.3 183.8 185.4 188 190.7 194.4 197.5 200 202 203.2 204.4 205.7 207 207.8
174.9 184.4 191.3 196.6 200.7 203.2 203.6 203.9 204.2 202.8 200.7 198 195.6 192.1 188.7 185.2 181.7 178.1 175.3 171.1 166.6 161.8 157.8 154.2 150 146.7 156.1 167.7 170.4 169.7 166.2 159.9 152.9 143.5 148.8 162.2 170.4 175.6 179.3 181 182.6 185.2 188.7 191.3 193.7 194.5 194.8 194.6 193.5 191.8 189.1 184.9 181.1 178.5 176.9 173.6 168.6 161.7 152.5 152.4 163.9 171.6 177.1 181.5 184.1 186.7 188.9 191.1 192.7 196.2 198.5 200.7 202.1 203.3 204.5 205.6 206.8 208
184.1 190 196.3 201.1 203.2 204.8 204.8 204.5 203.5 201.9 198.1 194.3 191.7 188.3 184.9 181.5 177.4 173.4 170.4 166.7 162.2 156.8 152.7 149.6 148.9 157.5 169.5 172.7 172.1 168.9 163.8 157.4 149.5 143.9 150.4 162.2 170.1 174.1 176 176.9 178.8 182.2 186.6 190.3 192.8 194.6 194.9 194.9 194.4 193.2 190.8 188.3 185.8 182.4 179.5 176.1 170.6 163.6 154.1 152 163.6 171.4 178.3 182.7 186.2 188.9 191.5 193.4 194.7 197.2 198.6 200 201.1 202.2 203.3 204.4 205.6 207
193.9 197 200.7 204.6 205.7 206.6 205.7 204.9 202.6 199.9 195.5 191.1 187.1 183.4 180.6 176 172.5 167.6 164.1 160.2 156.8 152.1 151.5 153.2 161.9 171.5 174.1 173.8 170.8 166 159.6 152.9 144.2 146.3 149 153.2 161.4 168.1 171.3 172.4 175.2 180.7 185 189.2 192.5 194.2 195.2 195.5 195 194.1 192.1 190.1 187.7 184.6 181.2 177.5 172.7 165.8 155.9 151.4 163.5 172.5 179.6 183.7 187.2 190 192.2 193.6 195.3 196.4 197.7 198.9 199.8 200.8 201.8 202.8 204 205.8
201.4 202.7 205.5 207.1 207.7 207.7 206.9 205 201.8 197.1 192.4 186.4 181.4 176.6 172.5 168.7 165.8 164.4 159.8 155.9 151.5 152.2 159.2 168.7 175.4 176.7 175.6 173 168.4 161.1 154.9 146.6 146 154.2 157.4 157 156.3 158.9 162.2 168.2 174.1 179.1 183.3 188 192.3 194.3 195.7 196.1 195.3 194.6 193.6 191.2 188.3 185.4 182.1 178.6 174 167 157.9 150.5 163.4 173.3 180.8 184.7 187.8 190.1 191.7 192.9 194 194.8 195.5 196.1 196.9 197.9 198.8 199.7 201.5 203.4
205.7 207.6 208.6 209 209.3 208.7 206.4 206.7 201.6 195.6 191.2 187.3 185 181 179.7 177.7 175.7 172.1 166.5 157.4 151.6 162.8 175.5 178.7 179.1 177.8 174.9 169.9 163.2 156.7 148.9 145.8 151.6 162.3 166.2 164.4 163.5 164.8 168.1 169.1 172.4 177.8 183 188.6 192.5 194.5 196.2 196.2 195.5 194.7 193.3 191.2 188.2 184.7 181.5 178.1 174.1 167.6 159.1 151 164 173.3 180.3 185.2 187.6 189.4 190.7 191.3 191.9 192.4 192.8 193.3 193.9 194.3 195.5 196.9 198.9 201.7
209.9 210.9 210.9 210.7 210.2 209.2 207.8 206.1 203.8 199.1 195.4 191.9 189.9 187.7 185.5 183.8 180.5 176.1 168.2 156.8 155.7 172.5 179.7 181.4 180 177.3 172.8 166.2 158.9 151.5 146 151.4 162.2 172.1 172.8 171.5 171.5 171.5 174.5 176.2 175.6 179.4 184.7 189.8 193 195 196.7 196.3 195.6 194.7 192.2 189.5 185.9 182.5 179.3 176.2 172.9 167.7 159.5 151.9 166.7 175.9 182.1 184.5 186.3 187.6 187.9 187.1 187.1 187.5 187.8 188 188.8 190.3 192.5 194.4 197.5 201.1
212.7 212.2 211.9 211.5 210.5 209.2 207.7 206.1 204.2 201.7 199.2 196.5 194.1 191.6 189.3 186.6 182.6 177.9 169.5 157.5 156 173.3 181.2 181.7 179.6 175.2 169.1 161.7 154.4 146.5 151.5 161.5 174.1 177.2 178.6 179 178.7 179.3 180.8 182.2 182 181.7 186.6 191.2 193.7 195.6 197.1 196.7 195.9 194.5 191.2 187.9 183.4 179.9 176.2 172.6 169.8 164.8 158.8 156.1 170.7 177.8 181.7 183.7 184.2 184.2 183.7 182.6 181.8 182.3 183 184.2 186.4 187.9 189.4 193.4 196.8 199.7
213.6 213.1 212.4 211.3 210.6 209.1 207.5 206 204.5 202.6 200.5 198.2 195.9 193.8 191.6 188 184.2 179.2 171.7 160.9 154.4 171.9 181.7 181.5 178.8 173.5 164.8 157.9 147 152.5 159.1 173.6 178.3 181.3 183.3 183.9 184.7 185.2 185.9 187.1 187.2 186.7 189.3 193 195 196.7 197.4 197.1 196.4 194.8 191.7 187.6 183.4 180.1 177.2 173.2 168.1 163.1 155.2 162.3 173.4 178.3 181.2 181.7 180.8 179 178.4 176.5 179.4 181.6 184.4 187.1 189.1 190.5 191.6 192.4 195 198
213.7 212.9 212 211 209.7 208.8 207.3 205.7 204.1 202.3 200.7 198.9 196.5 194.2 191.9 188.9 185.2 179.8 172.9 163.5 155.4 171.4 181.6 181.2 177.9 171.4 162.5 151.9 150.9 158.6 170.1 176.9 180.8 183.4 185.2 187 188.4 189.4 190.4 191.2 191.7 191.6 192.3 194 196 197.2 197.7 197.4 196.4 194.9 192.7 189.8 186.8 183.7 180.2 176.6 170.8 162 155.1 168.5 174.5 177.6 178.1 176.7 175.3 172.8 174.8 178.4 182.6 185.5 188.1 190.7 193.2 195.5 196.3 196.3 196.4 197.5
213.7 212.7 211.5 210 208.6 207.3 206.1 204.8 203.5 202 200.3 198.5 196.9 194.7 192.2 189 185.1 180 173.1 164 155.8 172.8 181.7 181.1 177.1 169.4 160.5 149.4 153.9 162.5 172.6 177.5 180.8 183.7 186.2 188.4 190.5 191.8 192.8 193.9 194.8 195 194.8 195.1 196.7 197.5 198.7 198.4 196.6 195.2 193.4 191 188.5 185.3 181.5 177.2 170.7 160.9 158.3 170.1 173.2 174 172.3 169 170 174.2 178.2 181.9 185.5 189 191.7 194.2 196.3 198.2 199.9 200.5 200.7 199.8
213.4 211 208.9 207.4 205.6 204.8 204.1 203 201.8 200.7 199.4 197.7 196 194 191.2 187.8 184.3 179.4 171.5 163.5 157.2 176.4 182.5 181.3 176.8 169 160.2 151.3 150.1 157.5 167.4 174.9 177.8 181 184.6 188.6 191 193.1 194.4 195.7 196.4 197 197.3 197.5 197.6 197.9 196.1 196.1 197.5 195.6 193.5 191.5 188.6 185.8 182.3 178 170.6 162.1 156.9 164.5 165.9 164.3 166.4 170.9 174.7 178.3 182 185.8 189.1 192.3 194.6 196.9 198.8 200.4 202 203.2 203.3 202.6
212.4 209.6 206.9 204.4 202.5 201.5 200.7 199.6 199.4 198.3 197.3 196.3 194.2 192.1 189.3 186.4 182 176.6 168.3 160.3 163.4 181.7 184.3 181.9 176.9 168.8 159.1 155.8 152.2 150.8 155.7 165.3 173.3 177.5 183.1 187.6 191.1 193.5 195.6 196.8 197.6 198.1 198.5 198.7 198.2 198.1 196.1 196.1 195.8 194.6 193.1 190.9 188.4 185.5 182.7 178.9 173.3 166 156.6 160.4 165.6 170 174.2 177.4 180.3 182.2 185.3 188.2 191.6 194.5 196.5 198.7 200.3 201.9 203.5 204.7 205.5 205.6
213 210.5 208.1 204.8 201.8 198.5 195.9 195.6 195.4 195.3 194.4 193.3 192.1 190.2 187.4 183.5 179 171.2 164 159.1 172.5 184.8 186.1 183.1 178.1 168.9 166.8 164.1 158.4 153.9 153.1 154.3 164.3 174.5 180.6 186.5 190.8 193.8 195.9 197.2 197.9 198.4 198.5 198.7 197.9 198.3 196.2 195.3 194.5 192.4 190.5 188.8 186.6 184.1 181.4 178.6 174.2 168.3 160.5 162.2 170.7 175.3 178.5 181.2 183.3 185.3 187.7 190.5 193.1 195.3 197.4 199.4 200.9 202.6 204.3 206.1 206.9 207.5
213 210.4 207.9 205.8 203.6 200.5 197.8 192.7 188.3 189.7 190.5 190.3 189.2 187.7 185 181.2 174.6 166.1 159.8 168.5 183.6 188.5 188.6 185.5 180.1 174.6 173.3 169.3 162.4 160.6 159 154.3 157.2 171.8 179.6 185.7 189.9 193.4 195.7 197.2 197.9 198.4 198.6 198.7 198.1 196.7 196 193.9 192.3 189.5 187.4 185.4 183.4 181.1 178.9 176 172 165.5 160.6 160.8 171.1 175.5 178.8 181.7 184.4 186.4 188.8 190.4 193.1 195.6 197.2 199.3 201 202.6 204.4 206.2 207.9 208.4
212.2 210.1 208.2 206.3 204.1 202.1 199.8 196 192.5 184.8 183.9 185.2 185.8 184.2 181 175.7 167.6 160.7 167.3 181.6 189 191.7 191 188.3 183.3 180 177.6 172.3 167.6 168.5 165.3 158.3 154.3 169.7 178.7 184.8 189.6 192.8 195.1 196.8 197.7 198.4 198.7 198.7 198.1 196.6 195 192 189.1 186.5 183.7 180.5 177.9 176.1 174.1 171.4 166.5 166.2 166.5 160.6 166.8 175 178.2 181.1 183.9 186.2 187.3 188.6 191.2 193.6 195.6 198.6 200.7 202.6 204.4 206 207.3 208.4
211.2 209.3 207.3 205.2 203.4 201.7 199.5 197.2 193.8 189.6 182.9 177.3 180.5 178.3 174.1 168.5 161.8 168.1 180.4 188.1 192.7 194.3 193.5 191.5 187.5 184.4 181.6 176.9 175.9 174.8 170.4 161.6 154.4 168 177.8 184 188.4 191.5 194 196.3 197.3 198.1 198.8 198.5 198.1 196.1 194.3 191.3 189 186.8 185.4 183.4 180.7 177.4 173.5 167 171.8 174.1 172.3 165.5 161.9 172.4 177.2 179.9 182.3 184.5 185.7 186.7 189.2 191.5 194.3 197.4 199.8 201.7 203.3 204.8 206.1 207.1
208.5 206.7 205.5 204.1 202.4 200.5 198 195.6 192.4 189 184.6 178.9 170.1 169.7 166.5 164.2 170.2 179.9 187.1 192.2 195.1 196.9 196.6 194.5 191.9 188.8 185.6 182.8 180.7 179.1 174.5 165.8 155.2 165.7 177 181.9 186 189.5 192.1 194.6 196.6 197.5 198.3 198.9 198.4 197.6 195.9 193.6 192 190.5 188 185.3 182.1 178.4 174.5 172.6 177.7 178 176.2 171.4 163.4 165.8 174.8 177.7 179.8 181.8 182.8 183.9 185.9 188.9 192.5 196.4 198.8 200.4 201.9 203.2 204.1 205.2
206.3 203.8 202.2 201.2 199.6 197.7 195.5 192.7 189.6 186.1 182 174.6 167.6 164.9 168.7 174 179.7 186.4 192.2 197.1 198.8 199.4 198.9 197.4 195.6 193.1 190.1 187.4 184.8 182.6 177.5 168.8 158.3 159.8 172.3 178.6 182.3 186.1 189.5 192.7 194.8 196.7 197.5 198.5 198.6 197.8 197 196 194.1 192.2 189.3 185 181.2 177 174.6 175.2 179.8 180.6 178.9 175.6 169.2 163 166.9 173.3 177 178.9 179.1 181 183.9 188.6 191.9 195.7 197.5 199 200.2 201.1 202 202.9
204.1 201.5 199.2 198.1 196.6 194.7 192.1 189.3 185.9 182.1 173.8 168.1 168.7 172.6 177.4 181.7 186.8 191.9 196.5 199.9 201.3 201.7 201.3 200.5 198.5 196.6 194.5 191.8 189 185.5 180.4 172.6 163.6 157.1 163.3 172.4 177.5 181.7 185.8 189.8 192.7 195.5 196.7 197.7 198 198.2 197.7 197.1 195.7 193.8 190.3 186.6 183.1 180 179.6 177.5 180.6 182.2 181.6 178.9 174.2 169.5 166.4 165.4 170.7 174.9 177.8 181.9 185.7 188.8 192 194.6 196.1 197.1 197.7 198.7 199.4 199.8
201.2 198.9 197.2 195.3 193.6 191.4 188.6 185.5 181.2 173.3 168.2 173.7 176.2 179.9 184.1 188.5 192.8 197.1 200.4 202.2 203.6 203.9 203.5 202.5 201.3 199.5 197.5 194.7 192 188 182.7 176.8 171 164 158.5 160.9 170.4 176.3 180.6 185.5 189.8 192.7 195.7 196.6 196.9 197.3 197.7 197.9 197.1 195.5 192.9 189.4 184.8 184.9 183.8 181.3 180.4 183.8 183.8 182.1 179.3 176.5 173.7 169.1 166.1 172.7 178.9 182.9 186 188.8 191.1 192.8 194 194.4 195.1 195.3 195.9 196.5
198.3 196.1 192.7 190.8 189.5 187.8 184.7 181.6 173.4 170.3 176.4 181.4 183.5 185.1 189.4 193.6 196.2 200.5 203 204.2 204.9 204.7 204.4 203.7 202.5 201.2 198.9 196.5 194.1 190.8 186.8 181.7 176.3 171.8 167 162.2 160.2 168.7 175.6 180.8 185.6 189.8 193.2 195.8 196.6 197.3 198.1 198.3 197.5 197 195 191.7 189.4 188.8 186.8 184.6 182 185.1 185.4 184 182.5 180.6 177.9 174.8 167.8 170.3 178.3 182.5 185.3 187.3 189.3 190.6 190.7 190.9 191.2 191.5 192.4 193.3
195.6 193.3 190.8 187.1 184.8 183.6 179.8 173.5 173.9 180.7 180.9 186 189 191.5 194.7 198.2 200.6 203.9 205 205.5 205.5 205.2 204.8 204.4 203.5 202.3 200.5 198.2 195.9 193.8 190.5 186.6 182.2 177.6 173.1 169.3 164.1 160.4 168.9 176 181.1 185.9 189.9 193.5 196.4 197.7 198.4 198.7 198.6 198.4 196.4 194.5 193.7 191.8 189.5 186.9 184.9 186.6 186.8 185.4 183.9 181.7 179.1 175.5 169.2 169.4 177.5 181.5 184.3 185.9 186.9 187.4 186.8 186.9 187 187.5 188.5 190.1
192.4 190.6 188.5 185.5 180.6 177.1 172.9 175.8 181.1 185 186.7 189.6 194 197.7 200 202.6 204.3 205.7 205.9 206 206 205.7 204.9 204 202.9 201.5 200.8 199.5 197.8 195.6 193.3 190.4 187.2 183.2 179.1 175.4 171.2 166.4 161.3 170.1 177.1 181.9 186.2 191 194.6 197 198.4 199.3 199.5 199.7 198.7 197.3 196.5 194.5 192.1 189.6 187.4 188.4 187.9 186.8 184.4 181.7 178 173.8 170.2 168.6 175.2 180.3 182.8 183.5 184.2 183.9 183.4 183.1 183.2 183.2 184.2 185.3
