app/static/ascii/ST87.asc
ncols 200
nrows 200
xllcorner 380000
yllcorner 170000
cellsize 50
[rows 0 to 35 of 200, columns 0 to 80 of 200]
139.7 139.1 138.5 138 137.8 137.8 138 138.2 138.4 138.9 139.3 138.9 138.3 137.7 137.3 137.5 137.1 136.7 135.7 134.7 133.8 133.6 132 131.9 131.6 131.2 131.5 131.9 132 131.6 131.2 130.8 130.9 131.2 131.1 131.4 131.2 130.9 130.7 130.6 130.5 129.4 127 127.1 127.2 128.2 128.6 128.4 128.3 128.6 128.6 128 127.6 126.6 125.5 124.5 123.8 123.7 123.9 124.3 125 125.8 126.7 128 128.2 128.7 129.1 129.3 129 129 128.8 128.8 128.8 129 129.1 129.1 129 128.3 127.7 127.5 127
140 139.4 138.9 138.5 138.2 138 138.1 138.2 138.3 138.5 138.5 137.9 137.6 137.1 137.4 137.7 137.4 137.3 136.6 134.9 132.3 132 135.3 132.1 131.9 132.2 132.7 132.9 132.9 131.7 131.4 130.8 130.6 130.4 130.5 130.4 130.3 130.1 130 129.9 129.8 129.6 128.8 128.1 128 127.9 126.4 126.6 127 128.1 128.2 127.3 126.5 125.4 124.2 123.1 122.7 122.6 122.8 123 123.7 124.6 125.4 126.4 127.2 128 128.2 128.9 129.1 129.1 129.2 129.6 129.7 129.7 129.6 129.6 129.5 129 128.6 128.3 127.7
140.2 139.6 139.2 138.9 138.7 138.3 138.1 138.2 138.4 138.2 137.8 137.2 136.9 136.7 137 137.3 137.4 133.2 132.8 134.5 135 134.3 138.5 132.4 132 132 131.9 131.9 131.8 131.5 130.9 130.3 130.2 130 130 130 129.8 129.6 128.9 128.8 128.7 128.4 127.8 127.5 127.6 127.5 127.1 127.3 127.2 125.9 125.9 125.8 125.4 124.2 122.9 122.1 121.5 121.4 121.7 122 122.5 123.3 123.7 124.4 124.8 126.5 127.4 128.3 128.4 128.5 128.8 129.4 130 130.1 130 129.8 129.6 129.6 129.4 129.3 128.7
140.6 140.2 139.5 139.2 138.7 138.3 137.9 137.9 137.7 137.8 137.6 137.1 136.7 136.4 136.6 133.7 133.2 137.5 138.1 137.8 136.1 134.6 133.8 132.5 132.2 131.9 131.3 130.9 130.8 130.3 130 129.7 129.6 129.5 129.2 129.1 128.8 128.6 127.8 127.6 127.7 127.2 126.5 125.4 125.9 126.4 125.6 125.5 125.3 125 125 124.2 125.5 125.5 125.4 120.7 120.5 120.4 120.4 121.1 121.8 122.4 122.9 124 124.7 125.5 126.9 127.5 126.6 127.7 128.6 129.3 130 130.1 129.9 129.8 129.8 129.7 129.6 129.7 129.7
140.7 140.3 139.7 138.7 137.8 137.4 137 136.5 136.5 136.7 137 137 136.6 134.1 133.7 135.9 135.9 137.9 138.9 136.2 134.4 132.9 133.2 134 132.6 131.6 130.5 129.5 128.4 127.5 127.6 127.8 127.9 127.8 127.7 127.3 126.8 126.6 125.9 125.5 125.5 125.4 124.6 123.4 123.3 124.1 123.4 122.9 122.9 123.2 123.9 123.3 123 122.2 121.4 125 124.9 124.7 120.4 121.5 121.9 122.8 123.6 124.1 125 125.7 126.2 124.5 126.3 127 127.9 128.8 129.8 129.9 130 129.9 129.9 129.8 129.6 129.4 129.4
140.8 140.3 139.8 138.7 137.5 136.4 135.5 135.2 135.4 135.6 136.1 135.5 134.1 134.9 134.7 134.5 134.6 134.7 134.7 133.7 132.6 131.3 131.6 131.6 130.2 128.8 127.8 127 125.8 124.9 125.1 125.4 125.7 125.6 125.3 124.8 124.9 124.5 124.3 123.9 123.6 123.2 122 120.6 120.3 121.2 120.8 121.3 122.8 123.4 123.5 123.2 122.8 122.2 121 119.5 119.9 121.6 124.2 124.7 124.8 124.1 124.3 124.8 124.7 125.2 125.5 122.9 125.5 126.3 127.1 128.1 129.4 129.7 130.1 130 129.9 129.9 129.6 129.1 128.9
140.8 140.2 139.7 138.7 137.5 136.3 135.2 134.6 134.2 134.5 134.5 133.8 133.4 133.4 133.3 133 133.1 133 132.4 131.8 131 129.6 129.8 128.8 127.4 126 124.9 124.5 123.4 122.4 122.7 123.2 123.5 123.4 122.9 122 121.9 122.1 122.3 121.8 121.3 120.7 119.4 117.9 117.6 118.5 120.3 122 123.5 124.2 123.7 123.2 122.7 121.7 119.2 117.3 120.8 122.6 124.1 124.3 124.7 125.1 125 125 124.8 124.9 125.2 120.9 124.7 125.5 126.3 127.5 129 129.4 130.1 130.2 130.1 130 129.6 128.6 127.6
140.3 139.8 139.3 138.7 137.4 136.4 135.4 135.1 134.5 134.8 131.6 131.7 131.6 131.6 131.7 131.6 131.4 131.2 131.1 131 130 127.9 127.3 126.1 124.7 123.3 122 121.4 119.5 116.6 117.9 117.9 119 120.7 119.8 117.6 118.3 118.1 120 119.8 119 116.7 113.8 110.8 114.5 120.1 121.1 122 123.7 123.2 122.6 122.1 121.7 120.6 117 117.3 121.5 123.5 125.1 125.4 125.4 125.2 125 124.8 125 125.1 125.2 119.2 124.5 124.9 125.7 127 128.5 129.2 129.9 130.3 130.2 129.8 128.3 127.1 126.1
138.7 138.8 138.6 138.3 137.6 136.3 135.6 135.2 134.6 131.1 129.9 129.8 129.9 129.8 129.8 130.1 130.7 130.6 130.5 130 129.1 127.3 125.5 123.8 122.7 121.6 118.1 116.4 114.7 112.3 112.5 112.5 112.7 113.8 112.8 111.4 111 112 111.4 113.8 111.1 108.1 106.3 106.4 105.3 115.4 121.8 122.4 122.5 122 121.2 120.8 120.7 118.3 113.3 119.3 122.5 124.3 126 125.7 125.5 125.3 125.1 124.9 124.7 122.2 121.2 120.1 123.7 126 126.4 126.8 128 129 129.7 130.4 130.2 129 127.4 126.1 124.9
136.3 136.3 136.1 135.9 135.8 135.2 134.8 134.3 133.7 131.9 129.8 128.3 128 128 128.3 128.8 129.7 129.9 129.8 129.1 128.2 126.8 125.2 122.3 120 117.2 114 114.7 115.8 116.1 115.8 113.5 111.7 112.3 112.1 112 111.2 111.1 109.9 109.3 110.5 114.4 118.1 113.9 105.4 105.5 120 120.2 121.1 120.8 119.8 119.6 118.5 110.4 114.6 121.1 122.9 124.3 125.7 125.8 125.6 125.4 125.1 125 122.8 120.6 119.9 120.7 122.5 123.9 125.3 126.6 127.5 127.6 127.9 128.1 129.6 128.3 126.6 125.2 123.6
134.4 133.8 133.6 133.8 133.7 133.1 133.6 134.2 133 132.2 130.1 128.6 127.1 126.5 127 127.6 128.3 129.3 128.7 128.1 127.3 126.3 124.9 120.9 115 115.4 117.8 120.2 120 119.3 118.8 118.5 118.7 116.6 116.7 117.7 118.3 118.6 117.3 116.3 120.8 121.1 120.1 117.6 109.6 103.9 110.9 113.6 113.8 113.1 112 111.6 110.2 103.4 116.5 121.1 122.3 123.2 125 125.5 125.5 125.4 125.2 123.5 120.3 119.9 117.6 120 121.9 123.5 125 126.3 127.3 127.5 128.3 129.2 128.4 128.7 129 128.7 122.5
137.7 135.4 132.2 131.7 131.6 131.5 133.4 134.1 132.9 131.7 130.7 129 127.7 123.5 124.2 125.7 126.9 126.5 126.4 125.8 124.2 121.3 118.2 116.3 117.8 120.3 122.5 122.9 122.8 122.2 121.6 121 121.1 120.6 120 120.1 120.7 122.3 122.8 122.5 124 123.5 121.3 119 113.6 106.2 103.5 104.4 102.5 103.3 102 102 102.2 99.9 101.1 113.6 121.1 122.5 124.3 125.1 125.3 125.1 124.5 122.1 119 116.4 117.2 119.6 121.2 123.1 124.6 125.9 126.6 126.9 127 127.2 126.8 125.1 123.3 122.2 126.8
137.9 136.5 133.5 130.3 129.6 131.2 133.1 133.9 132.5 131.2 129.8 128.6 126.7 123.2 120.7 122 121.3 121.4 120.4 119.1 117.1 117.8 120.2 122.1 122.6 123.7 124.9 125.2 124.6 124 123.4 122.8 122.8 122.2 121.8 122.4 123.1 123.7 124.9 126.1 125.8 125.3 122.9 120.2 118.3 117.3 116.7 116.4 115.8 116.1 115.7 115.1 113.2 108.7 100.8 99.6 113.8 122.1 123.7 124.4 124.2 123.6 123 121.1 118.3 115.3 116.3 119.3 121.1 122.4 124.2 125.5 125.9 126.3 126.3 126.1 125.1 123.1 121.1 121.3 122.7
137.3 136.1 134.3 131.6 128.3 131.2 132.6 131.7 130.8 129.7 127.9 123.9 120.8 119.4 119.2 119.6 118.1 117.9 117.9 119.2 120.9 123.7 125.5 125.6 125.3 126.1 127.2 127 126.4 125.8 125.2 124.6 124.4 123.8 124.2 124.8 125.4 126 126.7 127 125.9 124.9 123.2 121.7 121 121 120.5 119.7 119.8 120.8 120.7 119.9 118.4 116 111.5 99.2 102.4 119.4 122.7 123.2 122.9 122.2 121.4 119.7 117.1 113.6 115.6 118.3 121.2 122.5 123.9 124.8 125.2 125.6 124.9 123.8 122.4 120.8 119 121 123.6
137.2 135.7 133.9 131.5 128.5 128.5 130.6 129.5 127.4 124.2 122 120.8 122.6 123.7 123.1 122.7 122.3 122.8 123.3 123.6 124.7 126.1 127 127.4 127.3 128.5 129.4 128.8 128.2 127.6 127 126.4 126.1 125.9 126.5 127.1 127.4 126.9 126.5 126.6 126.7 126.1 125 124 123.7 123.5 122.8 121.7 121.2 120.7 120.1 119.2 118.6 118.5 115.3 104.6 97.3 116.3 120.7 121 121.3 120.9 119.8 119.1 116.3 110.9 115 119.7 121.2 122.7 124 124.3 124.7 124.4 123.6 121.3 119.6 118 119.3 121.9 124.4
136.7 135.1 133.4 130.3 127.1 124.9 125 123.6 122.6 122.2 124.3 125.9 126.9 126.5 126.4 126 126 126.4 126.5 126.6 126.8 127.7 128.6 129.2 129.7 130.7 130.8 130.3 129.8 129.3 128.8 128.2 127.6 127.8 127.3 126.8 126.3 125.8 125.4 126 126.7 126.4 125.8 125.3 124.7 123.8 122.5 121.1 120.6 120.1 119.5 118.5 117.6 117.5 114.1 106.5 97.1 109.4 117.3 116.1 117.4 117.5 117.8 118 115.4 106.4 115.4 118.9 120.8 122.8 123.5 123.8 123.2 121.5 120.2 118.3 116.8 117.9 119.8 122.7 125.3
136.6 134.8 132.8 129.5 125.9 123.5 122.4 123.2 125.3 127.3 128.1 129 128.8 128.4 128.8 128.5 128.6 129.3 128.9 128.7 128.3 128.6 129.8 131 131.5 131.9 132.1 131.6 131 130.5 130 128.9 127.2 126.7 126.2 125.7 125.2 124.7 124.6 125.4 126.1 126.6 126 125.6 124.7 123.4 122.1 120.7 119.8 119.5 119 117.9 116.7 115.5 108.6 98.2 96.5 98.5 108.7 109.4 108.1 105.7 104.5 111 114.8 102.9 112.7 117.2 120.4 122.7 123.3 122.3 121.2 119.9 117.4 115.6 115.4 117.3 120.2 123.5 126.1
136.4 134.2 132 129 126.2 123.6 125.2 128.2 129.4 130.2 131 130.9 130.6 130.3 130.7 131.1 131.2 130.3 129.2 128.8 129.1 129.4 130 130.5 130.9 132.1 133 132.8 132.2 131.2 129.5 127.1 126.2 125.5 124.7 124.6 124.1 123.6 124 124.7 125.5 126.2 126.3 125.7 124.4 123.1 121.7 120.4 119.1 118.7 117.4 115.4 113.8 107 99.5 104.2 100.8 97.2 95.5 95.5 95.5 95.5 95.5 95.1 101.8 99.8 110.3 116.2 119.5 121.8 121.4 120.3 119.3 117.8 115.4 112.9 115.1 117.6 120.7 124.3 126.7
135 132.8 129.6 125.8 124.7 127.6 130.8 131.9 133 133 132.8 132.5 132.4 132.2 132.6 132.6 132.1 131.2 130.1 129 128.6 129 129.6 129.8 130.1 130.5 131.7 131.5 131.2 130.2 127.7 125.9 125.2 124.4 123.8 122.7 123 122.6 123.4 124.1 124.9 125.3 125.3 123.9 122.3 121.1 119.9 119.1 118.3 116.4 114.2 111.3 103.5 101.7 113 116 113.3 106.8 100.5 102.1 102 106.2 101.8 95.5 93.2 95.5 111.4 115 116.4 118.7 118.4 118 117.3 115.3 109.7 113.8 116.2 118.9 122.1 125 127.2
132.4 129.2 125.7 126.3 129.2 132 133.7 134.6 134.2 134 133.9 133.4 133.1 132.7 132.1 131.6 131.2 130.6 130.1 129.5 128.8 128.6 128.8 129.1 129.3 129.6 130.1 130.2 129.9 128 125.9 124.9 124.2 123.4 122.6 122.2 120.5 121.4 122.2 122.9 123.8 124.1 123.7 122 120.3 119.1 117.8 116.8 116.1 113.5 109.2 102.3 107 114.8 119.2 119.6 120.1 118.5 118 116.9 114.8 111.3 107.4 99.4 93 94.3 111.3 112.2 114.4 115.6 115.3 114.8 113.7 107.6 108.5 115.1 117.8 120.4 123 125.3 127.6
127.7 125.2 127.5 131.4 134 135.1 135.7 135.5 134.9 134.7 134.1 133 132.7 132 131.1 130.6 130.1 129.7 129.2 128.6 128.1 126.9 126.9 127.2 127.6 128 128.4 128.1 127.3 125.4 123.9 123 122.2 121.5 120.5 118.4 117.4 118.2 119.7 120.5 122 122.3 121 119.8 118.5 117 115.8 114.5 113.3 108 102.4 108.2 117 119.2 121.5 121.6 121.3 121.1 120.8 119 116.6 113.7 110 103.5 95 91.9 95.8 98.6 98.8 99.5 101.9 108.1 105.8 101.9 114 117.5 119.8 121.3 123.2 125.5 127.4
126.5 128.7 132.3 135.3 136.9 136.9 137.3 136.5 135.6 134.8 133.7 132.7 132.3 131.3 130.1 129.7 129 128.8 128.3 127.7 127.1 125.6 123.9 124.3 124.7 125.1 125.2 124.9 123.9 122.2 121.1 120.5 119.5 118.1 115.7 113.7 112.4 113.9 116.3 117.8 120 119.6 118.3 116.7 113.4 111.7 109.9 107.9 104.9 105.2 112.7 118.3 120.9 122.1 121.8 121.6 121.3 121 120.7 119.7 117.4 115.1 112.5 105.6 98.5 98.7 91.7 92.2 93.2 90.7 90.9 91.4 94.3 112.7 117 119 120.3 121.8 123.3 125.1 126.9
131.1 133.2 135.3 136.3 137.3 137.9 137.8 136.7 135.5 134.4 133.4 132.4 131.9 130.5 129.2 128.7 128.1 127.8 127.4 126.8 125.8 124.2 122.3 121.3 121.7 121.6 122.1 121.8 120.5 118.9 116.3 114.5 114.2 112.9 112.1 112.2 112.2 111.5 111.1 109.6 112.1 111.5 111.7 108.1 107.9 107.3 106 105.5 109.9 114.1 118.3 121.3 122.2 121.8 121.6 121.4 121.2 120.9 120.6 120.1 118.1 115.8 112.8 109.5 110.4 110.9 110 107.7 106.3 102.6 97.8 91.3 91 105.9 117.3 119.4 120.6 122.1 123.4 124.6 126.2
135.7 135.6 136.3 136.7 137.5 137.7 137.4 136.4 135.3 134.2 133.1 132 131.2 129.8 128.5 127.7 127.1 126.7 126.5 125.9 124.4 122.8 121 119.1 118.5 118.4 118 117.5 118.4 115.3 114.9 115.8 116.8 116.9 117.1 117.6 117.2 117 117 113.7 112.9 111.8 112.7 113 113 112.7 111 108.4 114.3 117.8 120.4 121.4 121.9 121.6 121.4 121.2 121 120.7 120.5 120.2 118.5 116.5 114.8 114.7 114.9 115.1 115 114.6 113.3 111.3 105.5 96.7 89.7 94.5 116.1 118.3 120.8 122.1 123.4 124.6 125.3
137.2 137 136.8 137.5 137.3 137.1 136.8 136.2 135 133.9 132.8 131.7 130.4 129.1 127.8 126.8 126.1 125.6 125.5 124.5 123 121.4 119.7 118.3 118.5 117 117 116.7 116 117.8 119.3 120.1 120.6 120.6 121.2 120.3 119.3 119.5 119.5 117.9 118.1 118.1 117.1 117.3 116.5 115.8 114.8 110.4 113.2 116.5 118.6 119.7 121.1 121.6 121.4 121.1 120.8 120.5 120.3 120.1 119 118.1 117.3 117.4 117.2 117 116.5 115.8 114.4 112.4 110.4 103.3 90.6 91.5 115.1 118.3 120.5 121.9 123.2 124.4 125.1
139.1 138.7 138.2 137.9 137.1 136.4 136.2 135.8 134.9 133.8 132.7 131.5 130.2 128.7 127.3 125.7 124.9 123.9 123.6 122.5 120.9 119.5 118 120.7 121 120.9 120 118.2 117.2 118.6 120.1 121.7 123 123.4 122.9 122.1 121.2 120.5 120.1 119.7 119.9 120.1 119.9 118.9 117.5 116.7 116 111.8 111.4 114 116.8 118.2 119.7 121.1 121.4 121.1 120.9 120.6 120.3 120 119.9 119.1 118.6 118.3 118.1 117.8 117.3 116.8 115.4 113 110.3 103.8 90.9 90.9 114 118.4 120.1 121.6 123 124.3 125.1
140.3 139.5 138.7 137.9 137 135.8 134.3 133.3 133.1 133.2 132.5 131.2 130 128.5 126.6 124.4 122.7 121.7 120.6 120.1 119.4 118.7 121.1 123.2 124.2 123 120.9 118.6 118.4 119.3 120.8 122.4 124 124.9 123.9 122.9 121.9 121.3 121.3 121.7 121.8 121.9 121.4 120.3 118.8 117.1 116.2 113.4 112.2 114.7 116.6 117.4 118.2 119.7 121.1 121.2 120.9 120.6 120.4 120.2 120.5 119.8 119.4 119.2 118.9 118.5 118 116.8 115.4 113.3 109.6 106.7 90.4 90.9 112 118.4 119.9 121.2 122.7 124.1 124.9
140.6 139.7 138.8 137.7 136.2 134.7 132.8 130.9 130.6 130.7 130.5 130 129.2 127.6 125 123 121.7 122.2 121.2 120.3 119.6 121.7 123.3 124.8 124.1 123 121.1 119 119.8 120.4 121.1 122.7 124 125.3 124.5 123.7 122.7 122.7 123.2 123.6 123.7 123.7 122.9 121.6 120.1 118.4 116.1 114 112.9 114.8 116.6 117.7 118.1 118.5 119.7 121.1 121 120.7 120.4 120.5 120.8 120.5 120.2 120 119.8 118.9 117.8 116.6 115.7 113.5 112.4 105.9 89.8 94.1 113.7 118.5 119.8 121.1 122.4 123.5 122.9
140.3 139.3 138.1 136.7 135.2 133.7 131.8 129.7 128.4 128.2 127.9 127.7 127.2 125.1 123.1 123 123.5 123.5 122.3 120.8 121.3 122.8 124.2 125.5 124.5 123.1 121.5 120.2 120.7 121.1 121.6 122.7 124 125.2 124.9 124.1 123.3 124.3 125.1 125.6 125.5 125.5 124.4 123 121.5 119.9 117.6 115.3 113.5 114.8 116.6 117.9 118.3 118.8 119.2 119.7 121 120.8 120.6 120.9 121.2 121.2 121 120.7 120 118.6 117.6 116.6 115.9 113.8 110.1 99.9 87.8 95.1 114.1 117.7 118.9 120.2 121.4 121.6 120.8
139.6 138.4 137 135.6 134.2 132.6 130.6 128.3 126.8 126.5 126.5 125.6 124.4 124.1 124.7 125.4 125 123.6 122.2 121.5 122.4 123.7 125.1 125.8 125 123.6 122 121.2 121.4 121.8 122.3 123 123.9 125.1 125.3 124.6 123.9 124.6 125.7 126.4 126.6 126 125.3 123.7 122.2 120.4 118.1 115.9 114.8 115.5 116.8 118.2 118.6 119 119.4 119.8 120.3 120.8 121 121.3 121.5 121.7 121.3 120.8 120.3 118.6 117.5 116.7 114.6 111.1 105.9 100 88.8 87.8 100.7 110.8 118.1 119.2 119.9 119.6 118.7
138.8 137.4 136 134.6 133.2 131.2 128.7 127.1 126.3 126.2 126 125.7 125.6 126.2 126.8 126.4 124.9 123.5 122.1 122.8 123.7 124.6 126.1 126.1 125.5 124.1 122.5 122.3 122.4 122.6 122.9 123.7 124.6 125.4 125.8 125.1 124.4 124.7 126 125.7 125.4 124.9 123.9 123.4 122.7 120.6 118.2 116.3 116.8 117.2 118.1 118.8 119 119.4 119.9 120.3 120.7 120.9 121 121.3 121.5 121.6 121.2 120.9 120.5 119.2 118.3 116.7 115.7 115 113.3 107.9 90.1 87.2 88.4 93.4 104.3 117.4 118.1 117.7 116.3
137.3 135.7 134.2 132.6 130.8 128.8 127.9 128 128 127.9 127.8 127.6 127.3 127.9 127.8 126.5 124.8 123.4 123.4 124.1 125.1 125.5 126.8 126.5 126 124.6 123.1 123.3 123.5 123.8 124.2 124.5 125.4 126.4 126.6 125.8 125 124.7 124.9 124.5 123.5 123.1 122.8 122 121.2 119.3 118.3 118.1 118.5 118.9 119.9 119.7 119.6 120 120.4 120.8 121.2 121 121 121.3 121.5 121.4 121.1 120.8 120.5 119.8 119.1 118.3 117.6 116.8 116.6 115.1 100.1 88.1 87.5 87.9 88.1 96.3 111.9 114.2 111.8
135.1 133.5 131.8 130 129.8 129.8 129.7 129.8 129.7 129.6 129.5 129.4 129.1 129.2 127.9 126.5 124.8 124.3 125.1 125.8 126.5 126.8 127.1 126.8 126.4 125.2 124.4 125.6 125.9 126.3 126.3 126.3 126.4 127.3 127.4 126.6 125.8 125 125 125.1 124 123 122 120.9 120.7 120.7 120.7 120.4 120.1 120.5 120.8 120.6 120.5 120.5 120.9 121.3 121.3 121.1 121 121.2 121.5 121.3 121 120.7 120.5 120.7 120.6 120.2 119.4 118.7 118.3 117.2 114.8 102.6 90.5 87.1 86.6 85.3 99.8 105 99.8
132.9 131.6 131.8 131.9 131.8 131.7 131.5 131.5 131.4 131.3 131.1 130.9 130.6 129.2 127.9 126.6 125.2 126.3 126.6 127.3 128 128.1 127.8 127.5 127 126.2 125.7 126.9 128 128.3 128.4 128.5 128.5 128.5 128.2 127.4 126.7 125.9 125.1 125.4 124.6 123.6 122.5 121.6 121.3 121.6 121.6 121.6 121.5 121.8 121.7 121.5 121.4 121.2 121.4 121.5 121.4 121.2 121.1 121.2 121.5 121.2 120.8 120.7 120.9 121.1 121.2 121 120.9 120.5 119.8 118.8 117.1 115.2 111.2 98.1 87.4 85.6 89 94.1 105.1
133.9 133.9 133.9 133.9 133.7 133.4 133.1 132.6 132.4 132.1 131.9 131.7 130.7 129.3 127.9 126.7 127.3 128.7 129 129.2 129.1 128.9 128.7 128.3 127.7 127.1 127 128.2 129.1 128.9 128.8 128.6 128.6 128.7 128.6 128.3 127.6 126.8 126 125.5 125.1 124.1 123.1 122.4 121.9 122.1 122.4 122.5 122.5 122.6 122.4 122.3 122.2 122 121.9 121.7 121.5 121.4 121.2 121.2 121.3 121 120.9 121.1 121.4 121.6 121.8 121.5 120.9 120.2 119.4 118.6 117.6 116.7 112.1 94.4 85.6 85.5 97 109.1 116.6
136.1 135.9 135.7 135.4 135.1 134.8 134.5 133.9 133.3 132.9 132.7 132.3 130.8 129.4 128 127.8 129.4 130.2 130.3 130.4 130.1 129.7 129.5 128.9 128.3 127.7 128.2 129.4 129.9 129.7 129.5 129.3 129.2 128.9 128.8 128.6 128.4 127.7 126.8 126 125.7 124.6 123.9 123.2 122.4 122.6 122.9 123.2 123.4 123.2 123 122.8 122.6 122.4 122.3 122.1 121.8 121.5 121.3 121.2 121.2 121.2 121.4 121.6 121.7 121.7 121.5 121 120.4 119.6 118.8 118 117.2 115.4 106.9 89.2 84.8 95.2 111.3 117 120.3
