app/static/ascii/ST91.asc
ncols 200
nrows 200
xllcorner 390000
yllcorner 110000
cellsize 50
[rows 37 to 73 of 200, columns 82 to 163 of 200]
143.9 136.3 127.6 117.6 107.2 112.1 130.6 143.9 150.5 153.9 155 153.6 151 146.2 140.3 131.3 116.4 109.5 124 137.3 146.6 152.2 155.6 157.1 157.4 156.9 155.4 153.4 150.9 146.9 143.7 143.5 145.7 150.4 153.1 155.1 155.6 155.8 154.8 153.9 152.7 151.7 150.5 148.4 146.5 145.5 143.9 142.5 139.6 136.5 133.9 131.7 129.1 125.5 120.8 116.7 122.1 126.3 128.6 130.3 129.9 128.1 130.6 133.2 134.5 134.5 134.1 133.4 132.8 133.4 131.8 128.9 128.3 127.4 126.3 125.8 124.5 123.5 122.2 120.4 118.3 115.1
146 139 131.2 120.5 108.4 108.8 124.4 139.7 147 151.5 152.5 151.6 148.9 144.4 137.8 130.1 115.9 108.7 122.2 137.4 147.1 151.8 154.3 155.5 155.5 154.5 153 150.7 149.1 147.2 143.4 141.5 146.9 150.6 153 154.4 154.7 154 153.7 152.9 151.4 150.5 148.9 147.2 145.5 144.2 142.9 141.6 140.2 137.7 136.3 134.1 131.8 128.4 123.4 117.6 116.9 122.4 126 128 126.8 125.6 129.5 131.7 132.5 132.5 132.5 132.1 133.5 133.3 130.9 127.8 126.8 126.2 125.1 124.7 124.1 123 122 121 119.5 117.8
146.4 140.9 134 124.1 111 105.9 118.7 133 142.9 148 150.2 149.9 147.6 142.8 136.7 128.2 116.6 107.8 121.4 138.1 145.7 150.4 152.4 153.5 153 152 150.4 148 147.4 147.8 145.8 143.7 148.1 150.7 152.7 153.2 153.7 153.5 152.5 151.6 150.8 149.2 147.5 145.8 144.1 142.6 141.9 140.7 139.5 138.2 137.2 135.2 133 130.6 127.1 121.5 118.1 117 121 123.9 123.4 126.9 129.8 130.4 130.8 130.4 131 131.6 131.5 129.9 127 125.4 125.9 124.7 123.6 123.4 123.1 122.5 121.7 120.9 119.7 118.2
144.3 140.4 135.1 126.9 115.2 104.1 112.3 126.5 138.3 144 147.4 147.8 146 141.7 136.2 126.3 115 107.6 120.4 138.2 144.6 147.9 149.8 150.4 150.2 149.3 147.2 144.6 144.7 145 144 144.3 148.3 150.6 151.9 152.7 152.7 152.8 151.3 150.5 149.3 147.7 146 144.5 142.6 140.3 139.1 139.2 138.3 137.5 137.7 135.9 133.7 133.1 130.8 126.8 120.8 115.6 115.7 119.5 122.7 127.3 129.6 129.2 129.2 128.8 128.5 128.9 126.9 127.4 128.1 127.2 124.3 123.2 122.1 121.5 121.6 121.2 120.6 119.8 119 118.2
140.4 137.2 133.4 127.2 120.2 106.2 105.9 117.9 132.3 139.7 144.5 145.5 144.1 140.5 135.1 125.1 113.1 107.4 121.3 134.5 141.7 144.7 146.2 147.2 146.8 145.6 143.5 140.9 140.1 140.8 140.3 145 148.9 151.5 152.5 151.7 152 151.7 150.3 149.3 148.1 146.5 144.7 142.9 141 138.8 136.8 136.4 136.5 135.7 135.8 135.8 135.2 134.3 132.2 129.1 125.5 120.3 112.8 114.3 120.6 125.3 127.4 127.5 127.8 127.4 127.3 126.6 126.2 127.3 127.8 126.6 123 121.8 120.7 119.7 119.9 119.8 119.4 118.7 117.9 117.1
134.5 131.1 128.9 124.8 118 110.1 104.2 108.4 120 133.9 140.8 143.5 143.2 139.3 133.3 124.4 111.1 107.1 122.4 133.4 138.3 140.7 142.5 143.4 143 141.6 139.4 136.4 131.9 134.4 140.3 145.5 150.4 153.1 153.1 150.9 151.1 150.3 149.5 147.8 146.2 144.5 143.1 141.3 139.4 137.9 135.8 133.6 133.6 133.8 133.2 133.8 133.8 132.8 129.9 128.8 127.3 123.9 117.8 111.7 116 121.2 123.2 125.1 125.8 125.9 125.4 124.1 124.1 125.2 125.4 124.9 122.1 120.4 119.4 118.4 118.4 118.2 117.8 117.4 116.6 115.6
126.9 122.3 118.4 116.5 113.8 109.5 105.5 103.1 103.8 120.1 136.1 141.3 142 138.7 133.7 124.2 110.4 106 118.7 127.5 132.6 136.4 138.2 139.3 139 137.4 134.4 130.7 125.7 134.4 141.3 146.8 151 152.8 152.8 152.1 150.6 149.1 148.2 146.7 144.8 142.5 140.9 139.5 138.4 137 134.9 133.1 131.1 130.8 130.9 130.9 130.4 129.9 129.4 128.6 127.9 126.1 120.8 116.1 112.8 115.6 119.8 122.4 123.6 124 123.8 123 121.2 123.4 123.4 124.2 122.4 119.7 118.4 117.1 116.3 116.3 116.3 116 115.1 114
119.4 116.8 116.6 114.7 114.7 112.6 110.2 107.2 103.3 105.8 129.7 138.6 140.5 138.9 134.4 126.9 113.1 104.6 110.1 117.6 124.5 130.7 133.9 135.1 134.5 132.5 130 125.2 128 136.7 143.4 147.7 151.3 153.4 153.3 151 150.5 148.8 147.4 145.4 143.7 141.3 138.9 137.2 136.1 135.7 133.9 132.7 130.8 129 127.9 128.5 128.6 128.5 128.2 127.8 127.2 126.4 124 119.4 114.5 112.3 116 119.6 121.6 121.5 121.9 121.4 119.6 121.3 121.3 122 120.9 117.9 117 115.8 114.5 114.1 114.8 114.5 113.8 112.6
130.2 132.2 132.8 132.3 128.7 120.8 115.9 111.4 105.4 103 119.9 135.4 138.9 139 135.8 131.1 119.5 106.1 102.7 106.4 114.8 124.4 129 130.3 129.3 127.2 123.5 122.3 131.7 138.7 144.5 147.1 148.2 150 150.7 150.2 151.2 149.8 147 144.5 142.8 140.5 138 135.3 133.5 133.8 133.2 132 130.5 128.7 126.9 125.5 126.2 126.4 126.4 126.2 125.5 124.2 123.6 121.2 117.4 112.1 112.2 115.8 118.6 119.3 120.8 120.7 120.9 120.6 120.2 121.2 120.3 116.5 115.5 114.6 113.3 112 112.8 113.1 112.7 111.7
144 144.5 144.5 140.3 133 125.1 117.7 112 106.8 102.5 113.7 131.8 136.5 138.2 136.5 132.7 126.2 115.4 105.1 101.5 103.6 116 124 125.5 123.6 119.5 118.1 127.6 135.2 141.3 144.5 145.7 146.2 147 147.4 147.8 148.5 149.4 147 143.3 142.2 139.6 137.2 134.6 131.8 131.1 131.6 131.2 130 128.5 126.7 124.3 123.2 123.8 124.3 124.5 124.1 123.1 122.2 121.5 118.7 114.8 110.7 111.5 115.1 116.9 119.6 121.2 120.6 118.8 118.3 119.3 118.8 115.3 114.1 113.3 112.2 110.9 110.7 110.9 111.4 110.8
152.3 151.7 149.2 144.4 137.3 129.3 120.5 113.2 108.3 103 109.5 127.4 133.3 136.2 136.6 133.9 129.6 124.3 114.6 105.1 101.4 106.6 118.4 119.5 114.2 115.4 124.6 132.3 138.1 142.9 144.9 144.1 145.4 146.4 146.9 146.4 146.3 146.6 146.3 142.6 141.2 139.1 136.7 134 131.4 128.9 129.1 129.3 128.7 127.7 126.4 124.4 122.1 120.6 121.8 123 122.7 122.4 121.4 120.8 119.6 116.1 111.9 110.5 110.6 114.3 117.2 119.4 119.7 116.8 113.7 114.5 115.5 114.3 113.3 111.9 111.1 109.9 109 109.3 109.9 109.7
157.2 155.1 152.1 147.9 141.3 134 126.7 118.6 110.1 102.6 103.1 120 129.3 133.4 135.1 134 130.9 126.5 119.6 111 102.8 101 111.4 109 113.9 122.1 129.5 134.2 139 141.9 143.1 143.4 144 144.3 145.1 144.7 145 144 145.1 141.3 139.7 138.3 136 133.9 131.2 128.6 126.6 126.9 127 126 125.1 124.1 122.4 119.9 118.7 120.4 120.7 120.5 120.5 119.7 118.8 117 114.3 110.4 107.4 110.4 114.1 116.7 117.7 116.1 112.9 111.9 111.4 111.7 111.9 110.5 109.9 108.9 107.7 108 108.6 108.3
158.5 156.5 153.5 149.8 144.2 137.9 130.6 121.5 112.5 104.9 100 110.4 124.8 129.7 132.9 133.7 131.7 127.9 123.2 113.6 104.5 99.9 103.3 111.6 119.2 125.7 130.5 135.1 138.8 140.2 140.6 141.4 142.4 142.6 143.2 143.4 142.8 143.7 144.1 140.8 138.6 137.1 135.5 133.7 131.2 128.9 126.5 124.2 124.2 124.4 123.6 123 121.7 119.7 117.7 117 118.7 118.9 119.1 118.4 117.6 116.5 115.1 112.3 109 106.3 109.8 113.3 115.1 114.5 113.3 110.8 108.5 110 110.4 109.1 108.5 107.6 106.3 106.9 107.4 107
159 156.8 154 150.1 145.8 140.4 134.5 125.5 116.6 109.8 99.9 101.2 113.7 125.9 129.9 131.8 131.2 128.7 123.8 116.2 105.9 99.8 105.7 113.8 121.2 126.1 130.1 133.5 137.6 139.4 138.9 139.3 139.7 140.4 141.3 143.2 142.3 142 143 139.7 138 136.1 134.6 133.1 131.1 129.2 126.8 124.4 122.3 121.4 121.7 121 120.2 119 117.4 115.5 116 117.3 117.4 117.2 116.8 116 114.6 112.2 109 103.7 105.4 108.5 111.1 112.1 112.2 110.3 106.8 107.8 108.8 107.6 106.9 106 104.9 105.8 104.3 105.9
159.4 156.7 154.1 150.3 146.6 144.1 139.5 131.4 120.6 114.7 105.9 98.8 105.4 118.5 125.8 129.2 130 128.7 124 119.1 108.8 99.7 104.5 113.4 119.8 123.7 127.9 131.6 135.6 137.9 137.3 136.9 137.4 137.6 139.8 141.7 142.7 142.5 140.9 137.3 135.7 135.1 133.7 132.2 130.8 129.1 127.1 124.9 123.1 120.8 119.4 118.3 118.1 117.3 115.9 114.4 114 114.5 115.6 115.6 115.4 114.7 113.7 112.5 109.6 105.3 103.5 103.3 107.5 108.8 109.8 109.4 105.8 105.6 106.8 106.2 105.5 104.4 103.7 105 104.8 105.6
159.8 156.7 153.7 150.4 146.8 145.2 141.7 135.5 127.2 119.4 112.1 103.1 98.8 109.1 121.3 126.1 127.6 127.7 124.8 120.5 113.8 101.2 100.3 109.9 116.9 121.5 125.7 129.8 134.1 135.8 135.7 134.7 133.9 135.5 136.9 138.9 137.7 138.5 137.2 134.8 134.3 133.8 132.8 131.4 129.9 128.5 127 125.2 123.4 121.7 119.5 117.7 116.2 114.8 113.8 112.7 111.7 111.5 112.5 113 113.3 113.1 112.5 111.4 110.2 107.1 103.2 102.5 104.7 106.1 106.7 107 106.1 103.1 104.4 104.8 103.5 102.7 102.6 103.7 104.3 104.5
158.4 154.6 151.6 149.6 146.6 143.6 140.5 136.7 130.6 123.7 116 107.8 100 100.1 113.4 121.2 124.3 125.2 125 123.3 118.4 109 99.4 103.4 112 118.5 123 128.3 132.5 134.4 133.1 132.4 132.2 134.6 136.1 136.9 135.7 134.2 132.9 133 132.8 132.4 131.5 130.6 129.3 127.9 126.5 125.3 123.6 122.1 120.7 119.3 117.6 116.1 114.7 113.8 112.8 111.1 109.4 109.6 110 109.9 109.9 109.3 108.6 107.5 104.4 104 104.4 103.9 104.8 104.4 103.4 101.4 102.2 103.2 101.7 101 101.3 102.5 102.9 103.6
155.5 152.6 149.3 147.1 145.1 142.6 139.2 136 131.2 125.7 119.6 112.6 104.1 98.2 105 114.8 120.3 122 122.8 121.7 119 113.8 103.2 97.9 106 114.8 120.3 125.1 129.4 131.4 131.4 129.7 129.9 130.9 132.5 133 131.3 131.1 130.8 131.2 131.5 131 129.7 129.4 128.6 127.4 126 124.8 123.9 122.6 121.3 120.7 119.1 118.2 117.3 116.3 114.8 113 111.5 108.9 107.6 106.5 105.9 105.3 105.4 104.4 103.1 103.2 104 103.1 102.4 102 101.4 99.8 100.8 101.6 100 99.3 100.1 101.1 102.1 103.5
150.9 147.8 145.1 143.7 142.2 140.4 137.9 134.9 131.4 127.5 122.8 116.6 108.7 99.7 97.8 105.5 114.7 118 119.8 119.9 118.3 115.1 108.8 97.9 101.1 111.3 117.6 122.4 125.8 128.2 128.8 127.3 124.3 126.8 128.1 127.7 126.7 127.4 128.9 129.7 129.9 129.6 128.5 128.2 127.4 126.6 125.4 124.3 123.5 122.6 121.5 120.8 119.5 118.6 117.9 117 115.5 114.7 113.3 111.8 109.5 108.8 107.7 106.3 104.8 103.7 102.9 102.5 101.6 100.7 102.5 102.4 102 101 98.5 100 98 97.3 98.8 100.4 102.4 103.9
144.7 141.9 140.3 139.1 138.1 136.1 134.5 131.9 129.3 125.9 122 117.4 111.7 104.4 97.7 96 103.6 112.5 115.6 116.9 116.5 114.6 109.8 100.2 97.8 108.3 115.6 120.5 123.6 125.6 126 125.1 122 120.6 122 122.3 122.5 124.6 127.1 128.2 128.4 128.3 127.8 126.9 126.2 125.4 124.8 123.9 123 122 121 120.2 119.4 118.8 118.1 117.3 115.8 114.8 113.9 112.8 112.1 110.8 110.3 109.4 108.2 106.9 105.5 104.8 103.9 102.3 102.9 103.4 101.7 101.4 99.3 98 94.7 95.3 98.1 100.4 102.7 104.3
135.7 134.7 133.6 132.5 131.7 130.7 129.4 126.5 123.9 120.3 116.2 111.3 106.6 101.5 99.5 97.3 95.2 102 109.5 112.7 113.5 112.3 109.6 103.2 95.3 105.1 113.4 118.6 121.6 123.6 123.9 123.3 120.8 117.1 118 117.2 119.8 123.4 125.3 126.8 127.1 126.9 126.5 125.8 125.1 124.4 123.5 123 122.2 121.2 120.3 119.7 119.1 118.5 117.8 116.9 116 115.2 114.4 113.5 112.5 111.8 110.8 110 109.1 107.8 106.9 106.3 105.6 104.7 103.8 102.7 101.5 101 99.1 95.9 93.3 93.5 96.6 100.7 103 104.7
138.7 137.3 133.3 130.1 125 121.9 119.4 117.9 114.9 112.1 110.8 111.1 111.3 110.2 106.8 102.2 96.5 95.5 99.7 106.9 108.8 109.2 107.1 102.4 96.6 102.2 111.6 116.3 119.6 121.4 121.9 121.4 119.8 115.1 113.6 115.3 119.9 122.8 124.1 125.5 125.7 125.6 125.1 124.2 123.4 122.5 122.1 122.1 121.4 120.4 119.4 118.7 118 117.4 116.8 116.2 115.7 114.6 113.7 112.9 111.8 110.9 109.1 109.2 108.2 106.9 106.3 105.5 104.7 104 103.8 103.4 103.8 103.7 102.4 98.3 95 92.3 96.1 101.3 103.7 104.4
144.5 142.5 140.5 137.6 135 132.1 128.1 125.5 124 123.7 123.8 123.9 124 119.7 115.4 109 102.5 96.6 94.2 97 101.8 104 103.6 100.3 94.6 100.4 109.7 114 117.3 119 119.9 119.4 117.8 114.3 110.8 116.3 120 122.1 123.6 124.1 124.3 124.1 123.5 122.4 121.5 120.7 120.7 120.3 119.9 119.4 118.5 117.8 117.2 116.5 115.7 115.2 114.6 113.7 112.7 111 110.1 109.7 107.6 107.7 106.8 105 105.1 104.4 103.7 103.6 103.5 104 104.4 104.6 103.3 99.8 95.2 91.8 96.1 102.2 104 103.9
146.6 145.8 143.8 142.1 140.4 139.1 137.2 135.5 134.3 134.4 134.1 133 131.1 127.7 123.4 117.8 111.5 104.8 97.8 93.7 94 95.6 97.1 97.1 93.3 98.1 106.7 110.9 113.9 115.6 117.1 117 115.4 111.7 110.3 116 119.2 121.2 122.1 122.4 122.7 122.4 122 120.8 119.6 119.1 118.5 118.2 118.3 118.1 117.6 116.9 116.1 115.4 114.5 113.9 113.2 111.7 110.9 110.3 108.2 108.1 107.1 106 105 104.1 103.7 102.9 102.2 101.9 102.4 103.5 104.2 104.3 102.6 99.3 94.3 91.3 96.7 102.2 103.8 103.4
147.6 146.7 145.3 143.9 142.8 142.1 141.8 141.1 140.3 139.9 139.4 138 136.4 133.6 130 126 121.3 115.7 110.5 102.9 99 93.9 92.3 92.4 91.8 95.1 100.8 106.2 110 112.6 114.4 114.3 112.4 108 110.1 115.9 117.9 119.7 120.5 120.8 121.1 120.8 120.2 119 117.9 116.8 115.9 116.3 116.7 116.7 116.2 115.7 115 114 113.3 112.7 110.8 110.7 109.9 108.8 107.7 106.9 105.8 104.8 103.8 102.8 102.1 101.3 100.7 100.2 101.3 102.5 103.4 103.3 101.2 97.7 93.2 91.1 97.2 102.1 103 102.5
147.1 146.1 144.6 144.7 143.9 143.3 142.6 142.1 141.7 141.2 140.6 139.7 138.6 136.1 134.1 130.6 127.7 125.1 121 116.3 111.5 106.7 102.4 98.7 94.7 91 93.1 99 105 108.7 110.9 111.2 108.9 104.5 110.6 115.1 116.7 117.6 118.9 119.2 119.3 119.1 118.5 117.4 116.2 114.6 113.4 113.8 114.5 114.9 115 114.5 113.6 112.8 112.2 111.5 109.8 109.3 108.6 107.3 105.9 105.2 104.3 103.2 102.1 100.5 100.4 99.5 98.9 98.8 99.8 101.4 102.6 101.6 99.5 95.3 91.8 91.1 98.4 101.9 101.9 101.8
146.2 145.2 144.3 143.7 143.4 143 142.5 142.1 141.7 141.4 141 140 139 137.9 136.3 134.6 132 130 127.7 124.4 120.7 116.1 111.8 106.2 101.5 94.5 90.4 91.4 98.2 104.3 106.5 107.2 104 104.8 110.7 113.5 114.9 115.3 116.7 117.3 117.8 117.7 116.9 115.8 114.3 112.7 110 111.3 112.4 113.4 113.4 112.7 111.1 111 110.8 110.7 109.5 108.2 108.2 106.7 105 103.2 102.3 101.3 100.5 99.6 97.6 95.9 97.6 97.3 98.9 100.6 101.1 99.4 97 92.9 90.7 92.9 99.6 101.4 101.2 100.8
143.8 142.7 142.8 142.2 141.7 141.8 141.4 141.3 141 140.7 140.2 140.4 139.2 138.2 136.3 135.8 134.4 132.9 131 128.7 126.2 122.5 118 112 106.7 101.4 93.2 89.8 91.9 98.6 102.2 102.4 99.1 105.8 109.8 111.6 111.8 112.8 113.8 115.6 116.9 117 115.3 113.7 112.8 111.1 108.4 108.5 110.1 111.1 111.6 111.7 111 110.5 109.4 109.5 110 109.9 108.8 107 104.7 102.6 100.7 99.5 98.7 97.6 95.1 95.2 95.5 96.4 98.1 99.5 98.5 97 93.9 91 90.8 96 100 100.6 100.5 99.9
140.5 140 139.6 139.8 140.1 140 139.9 139.9 139.6 139.1 138.6 138.5 137.8 137.2 136.6 135.7 134.7 133.5 132.4 131.1 128.7 125.9 121.9 116.8 113.2 107.2 97.2 91.4 89.7 91.7 96.6 97.9 99.1 104.8 107.6 108.6 108.6 110.3 111.8 112.9 114.5 114.8 114.2 112 111 109.3 106.9 105.5 107.4 108.8 109.5 109.7 109.8 109.5 108.6 109.2 110.1 110.2 109.2 107.9 105.6 102.8 100.2 98 96.5 95.5 93.8 94.3 93.8 95 96.8 97.2 96 93.2 90.6 88.9 92.5 97.2 99.5 99.7 99.6 98.8
135.9 137.1 136.7 136.8 137.3 137.6 137.6 137.8 137.6 137.3 136.9 135.9 136.2 135.7 135.2 134.7 134 133.3 132.4 131.1 129.6 127.7 125.2 122.7 118.8 112.2 103.8 95.4 89.8 89.1 91.7 94.1 97.9 102.7 104.3 104.7 106.3 108.2 109.9 110.9 111.9 112 112 110.1 109 107.3 105 102.9 104.7 105.9 106.9 107.6 107.8 107.9 108.1 108.7 110.2 110.2 109 107.5 105.2 101.7 99 96.8 94.9 93.5 92.6 92.3 92.9 93.1 94.8 94.2 92 89.6 88.3 90.8 97.1 99.4 99.5 98.8 98.5 97.4
132.6 133.1 134.6 133.7 134.1 134.5 134.8 135 135.2 134.7 134.2 134 133.5 133.3 133.2 132.6 132.2 132.4 131.8 131 129.8 128.4 127.6 125.9 122.4 116.2 109.5 101.5 94.5 89.2 88.2 90.6 94.4 97.5 99.9 100 103.2 105.8 107.5 108.5 110 110.9 110.3 108.3 106.8 105.1 103 100.9 101.8 103.4 104.5 105.9 106.3 106.6 107.6 108.8 109.4 109.4 108.4 107.2 104.5 101.3 98.7 96.6 94.5 92.7 91.2 90 89.4 91 92.1 91.1 89 87.5 89.1 95.3 98.2 99 99.1 98.4 97.4 95.9
133.2 131.2 132.3 133.3 132.1 130.8 131.5 131.8 132 131.1 130.8 130.7 130.3 130.3 130.2 130 129.8 130.4 130.4 130.1 129.3 128.5 127.4 126.5 123.5 118.8 114.2 108.7 101.8 94.9 88.9 87.8 89.5 92.2 94.6 96.6 100.5 102.9 104.7 105.6 107 108.5 108.3 106.1 104.2 102.7 100.6 98.7 99.2 100.7 102.4 104.4 105.4 106 107.1 108.2 108.7 108.8 108.5 107.5 105.7 103 100.3 97.5 94.9 92.7 90.6 89.3 87.9 88.8 89.3 88.2 87.1 88.4 92.9 96.5 97.6 98.6 98.4 97.4 96.4 95
135.5 133.2 133.4 133.2 134.1 132.1 129.2 128.5 128.4 127.5 127.3 126.9 126.5 126.2 126.4 126.9 127.4 127.7 128.5 128.6 128.3 127.8 126.9 125.7 124.1 121.8 118.1 113.2 108.4 102.7 96.2 89.9 87.4 87.6 89.8 92.9 96.1 98.6 100.9 102.5 103.5 104.5 104.3 103.5 101.6 99.8 98 96.8 99.4 101 102.4 103.2 104.5 105.7 107 108.3 108.7 108.7 108.7 108 106.4 104 101.4 98.7 96 93.3 90.9 88.6 87.3 87 87.1 86.4 86.7 92.1 94.9 96.6 97.5 98.5 98.7 97.6 96.7 95.3
136.8 134.9 134.8 135.4 135.2 133 130.5 128.9 123.7 123.4 122.9 122.4 122.2 122 122.2 122.8 124.2 124.7 125.7 126.5 126.8 126.7 126 124.8 124 122 120.7 117.7 113.3 108.4 103.8 97.7 91.4 88.2 86.6 88.4 90.4 93.3 96.6 98.8 100.2 101.4 101.7 101 98.8 97.2 94.7 98.8 102.1 103.3 103.1 104.2 104.8 105.7 107.1 108.4 108.7 108.6 108.6 107.6 106.5 104.1 101.1 98.4 95.5 92.8 90.7 88.6 86.7 85.8 85.3 85.4 89.8 93.7 95.2 96.4 97.4 98.2 98.7 97.9 97.4 96.2
137.2 135.5 133.9 133.9 134.2 132.4 131.6 127.9 122.2 120.3 118.7 118 117.3 117.6 117.5 118.6 120.2 121.6 122.5 123.7 124.6 125 124.9 124.3 123.6 122.4 120.9 119.8 116.8 112.3 108.4 104.3 98.5 92.9 88.6 86 86.6 88 90.4 94.3 96.2 97.7 98.6 98.3 96.5 93.9 96.1 99.9 101.8 102.5 102.7 104.1 105.4 106.2 107.2 108.5 108.6 108.5 108.2 107.1 105.6 103.2 100.1 97.4 94.3 91.5 89.3 87.3 85.8 84.8 84.7 86.6 91.6 93.5 94.7 95.9 97 98 98.4 98.4 98.1 97.3
137.2 135.7 134.4 133 131.6 131.3 130.9 127.4 125.6 123.9 122.4 120.5 118.4 116.3 115.2 113.5 114.9 116.9 118.7 120.4 122.1 123 122.9 123 122.6 121.7 120.2 119.1 118.3 116.1 112.2 109.1 105.3 99.9 94.4 89.8 86.4 86 86.3 88.9 91.3 93.7 95 94.8 92.6 91.9 97.4 99.1 100 101.7 102.3 103.7 105.2 106.6 107.6 108.6 108.6 108.5 107.8 106.8 104.5 101.3 98 95.1 92.5 90.1 88.1 86.5 85 84.1 84.1 87.4 90.8 92.7 93.9 95.1 96.4 97.7 98.4 98.5 98.8 98.2
137.2 135.8 134.4 132.9 131.5 130.3 129.1 127.9 126.8 124.9 124.2 123.1 122.2 120.1 118.4 115.2 112.2 111.5 114.3 116.5 119 120.5 121.3 121.6 121.3 120.3 119.7 118.8 117.1 116.4 114.6 110.5 108.6 104.9 100 95.5 92 87.5 84.9 85.2 86.8 88.1 90.1 90.8 89 93.6 96.8 97.2 99.1 100.7 102.1 103.6 105.1 106.6 107.8 108.6 109 108.4 107.5 106.4 104.4 101.5 98.4 95.4 93 91 89.1 86.7 84.8 83.6 83.5 86.6 89.6 91 92.3 94 95.8 97.1 98.3 98.7 99 99.1
