app/static/ascii/ST93.asc
ncols 200
nrows 200
xllcorner 390000
yllcorner 130000
cellsize 50
[rows 70 to 104 of 200, columns 78 to 155 of 200]
164 162.1 159.1 155.3 151.1 147 142.3 136.5 136 142.1 147.3 153.4 154.7 152.5 149.6 144.6 137.6 137.6 147.9 161.7 173.9 184.7 193.7 196.5 196.1 193.2 188.2 181.8 173.9 164.9 156.8 150.7 147 143.5 140.7 138 133.9 128.3 125.2 130.4 137.6 145.5 155.3 166.2 175.3 182.7 188.6 193.4 197.4 198.7 198.7 198.6 198.2 196.7 194.7 192.1 186.9 180.5 171.1 164.3 160 154.6 150.4 145.8 140 136.4 135.7 134.1 132.3 130.7 129.2 126.7 124.1 123.4 121.8 126.1 132.4 144.1
159 157.5 154.9 151.8 148.2 144.8 140 136.5 142.8 148.6 154 156.3 156.3 152.7 148.8 142.3 137.4 145.1 156.4 168.1 179.8 188.9 195.7 197.8 196.5 193 187.9 180.9 172.7 163.5 154.8 149.3 145.1 142.3 138.8 135.1 131.7 126.9 126.8 129.4 132.5 136.4 143.1 153.6 165.9 176.9 185.8 192.1 196.4 198.3 199 198.8 198.8 197.8 195.6 191.8 185.8 176.6 174.6 170.6 164.9 159.9 154.3 147.3 141 138.2 136.4 133.5 130.6 128.6 127.3 126.8 127.1 128.3 132.2 139.9 150.6 153.4
154.4 152.4 149.9 147.4 144 140.3 139.7 144.2 148.1 153 157.6 156.7 154.8 147 141.6 142 146.4 155.1 167.1 177.7 187.1 193.9 197.8 198.7 197 192.9 187.5 180.1 171.4 162.3 153 147.1 142.7 139.5 136.2 132.5 129 127.9 129.1 132.1 135.8 138.8 141.5 145.1 156 169.5 182.2 190.3 194.8 197.9 199.2 199.2 199.2 198 196.1 191.7 185.3 183.9 180.7 175 171 165 157.1 148.3 146.8 147.1 146.3 141.8 138.5 138.2 138.8 137.8 140 143.8 150.9 156.8 159.1 159.1
149.1 147.2 144.7 142.5 140.6 144.1 147.5 153 155.8 158 156.9 154.2 149.6 147.1 148 150.8 157.1 167.4 177.9 187.5 194.6 198.6 200.8 199.9 197 192.5 186.7 178.9 170.1 161.2 151.7 145.8 141.1 137.5 134 130.6 130.7 131.7 132.7 135.1 138.6 143.1 146.1 148.8 151.2 163.3 177.4 187.1 193.1 196.7 199.1 199.4 199.9 198.4 196.9 192.9 190.7 188.2 185.2 181.2 176.3 169.5 158.7 154.4 157 158.6 159.1 157.6 155.1 156.4 157.8 157.9 160.5 162.1 163.6 164.5 163.5 161.9
147.9 147 146.6 147.1 149.3 152 157.2 161.5 162.8 163.4 161.4 157.3 155.1 156.2 159.3 164 168.6 176.4 185.1 193.2 198.1 202.2 202 198.5 195.5 189.9 183.8 176.4 167.5 159.1 149.8 145 140.2 136.7 133.8 133.2 134.4 135.5 136.6 138.1 142.7 147.8 152.8 157.6 161.8 162.5 173.1 184.4 191.6 195.7 198.2 200 200.6 199.4 198.8 197.3 195.2 192.7 189.7 186.2 181.4 174.4 167.5 167.7 169.3 172 172.7 171.7 171 171.5 172.2 171.8 171.3 170.9 169.7 168.3 166.5 163.1
156.2 156.4 156.9 157.6 160.3 164.1 166.6 168.9 171.7 171.4 168.7 166.6 167.4 168.6 172.3 176.3 180.2 184.9 191.9 198 202.5 204.4 201.7 198.6 194.1 187.5 180.2 172.6 164.4 155.5 148.8 144.2 139.3 136.3 135.8 137 138.4 140 141.6 143.8 150.1 156.3 162.1 166.7 171.2 173.1 173.7 182.7 190.1 195.1 198.3 201 201.7 201.3 200.6 200 198.5 196.9 194.5 191.2 187.5 182.2 179.8 180.2 180.7 181.2 181.9 181.2 180.7 180.1 179.4 179 177 174.5 173.4 169.9 166.6 161.9
173.1 172.7 172.9 174.5 176.1 177.2 177.9 178.9 179.6 179.9 178.4 177.3 178.6 180.2 183 186.7 190.4 193.5 199.8 204 206.8 203.7 200.7 197.7 192.1 184.4 176.9 168.2 159.6 151.8 146.5 141.1 139.2 139.3 140.2 142.5 148 148.7 151 154.6 160.4 166.2 172 176.7 180.9 183.6 184.4 186.4 191.4 196.3 199.8 201.9 202.9 203.1 202.4 201.9 201.2 200.1 199 196.3 193.9 191.3 189.8 188.8 188.7 188.9 187.9 187.4 186.9 185.8 184.4 183 180.4 177.5 173.5 169.5 165 159.7
187.6 187.5 188 187.7 187.6 188.6 187.6 186.6 186.6 187.6 187.7 187.5 189.3 191 193.3 196.4 199.5 202.3 206.8 208.2 206.5 203.3 199.9 196.5 190.3 182.2 173.7 164.3 155.3 148.3 144.2 143.1 144.4 144.8 149.9 154.1 158 160.9 163.4 166.7 170.1 175.4 181.2 185.8 189.7 191.8 191.9 193 194.9 197.7 201.3 202.9 203.9 204.8 204.4 203.9 203.5 202.4 201.9 201.3 200.1 198.3 196 194.4 194.8 194.6 193.8 192.6 191 189.1 186.7 183.6 180.4 175.8 172 167 161.3 155.1
197.4 197.3 197.1 196.4 195.8 195.2 194.1 193.1 193.9 194.9 195.6 197.3 198.4 200.1 202.1 204.7 208.4 209.4 210.5 208.3 206 203.2 199.8 196.1 189 180.6 170.7 160.9 152.7 151.4 151.1 153.6 157.3 159.9 163.4 166.7 169.9 172.7 175.4 178.1 180.8 185.2 188.2 192.5 195.3 197.1 198.1 199.5 200.3 202.4 203.1 204.2 205.3 205.9 205.9 205.9 205.7 205.2 204.8 204.9 204.3 203.4 202.1 200.4 199.9 198.5 196.9 194.8 192.8 189.9 186.3 182.3 177.7 173.6 168 162.1 154.9 148.9
203.6 203.5 203.1 202.5 202.2 201.8 201.1 200.6 201.4 201.1 201.8 202.7 204.5 206 208.3 210.3 210.4 210.6 210.8 209.3 206 203 199.5 195.7 187.8 178.6 167.5 162.7 163.2 164.7 165.5 168.1 171.9 175.3 177.1 178.9 181.4 184.2 186.7 188 190 192.7 195 196.5 198.5 200.7 202.1 203.1 203.5 203.9 204.4 205.6 206.8 206.8 206.8 206.8 206.9 206.6 206.3 206 205.4 204.7 204 203.4 202.3 201 198.8 196 192.7 188.3 183.8 178.5 172.5 167.1 161.1 154.5 147.8 141.7
208.6 208.7 208.8 208.5 207.8 207.5 207.9 208.1 207.7 207.4 208 208.1 208.8 210.2 211.7 211.2 211.4 211.6 211.5 210.7 207.4 203.6 199.7 195.5 188 177.3 174.1 175.5 176.8 178.5 179.9 181.6 184.2 187.2 188.3 190.5 191.9 192.8 193.6 195 196.5 197.7 199.6 200.4 201.8 203.8 204.3 204.4 204.8 205.2 205.7 206.9 207.3 207.6 207.6 207.6 207.9 207.7 207.4 207.1 206.5 205.8 205.1 204.5 203.9 202 199.9 196 191.4 185.7 178.4 171 163.5 157.5 151.6 146.2 140.3 135.5
211.6 211.6 211.1 211 211.6 212.1 212.2 211.6 210.7 210.4 211 210.9 211.6 212 211.9 212.1 212 211.9 211.8 211.2 208.7 204.5 201.2 197.4 190.4 184.2 186.2 187.5 188.6 190.5 191 193.1 194.1 195 195.7 198 199.1 199.4 200.1 200.8 202 203.1 203.9 204.7 205.3 206 206.1 205.9 206 206.3 207.1 207.6 207.9 208.2 208.5 208.5 208.8 208.7 208.4 208.1 207.7 207 206.3 205.6 204.7 203 200.5 196.3 190.4 182.6 174.2 167.2 157.2 150.9 146.2 142.7 140.5 139.4
212.2 211.9 211.8 212.2 212.8 213.5 213.7 213.6 213.4 213.1 213.1 213.1 212.9 212.9 212.7 212.7 212.4 212.3 212 211.4 209.8 206.3 203.7 201.2 196.7 194.3 195.9 196.8 197.7 198.7 199.6 200 200.7 201.6 202.4 203.1 203.5 203.6 203.8 205.1 205.3 205.2 204.9 205.8 206.7 206.6 206.9 207.1 207.4 207.4 207.9 208.2 208.5 208.8 209.1 209.3 209.8 209.7 209.5 209.2 208.8 208.1 207.5 206.8 205.3 203.8 201.7 197.9 192.4 187.1 180.9 175.1 168 161.6 157.1 155.1 154.2 154.9
212.3 212.7 212.9 213.2 213.6 213.8 213.7 213.6 213.4 213.3 213.3 213.4 213.5 213.6 213.5 213.5 213.1 212.7 212.1 211.3 210 208.1 206 204 201 200.6 201.5 202.3 203 203.4 203.9 204.1 204.7 205.4 205.4 205.8 206.4 206.5 206.4 206.7 206.9 206.1 205.5 206.4 207 207.2 207.4 207.4 207.5 207.5 207.7 208.3 208.6 208.9 209.2 209.5 209.3 209.5 209.6 209.5 208.9 208.3 207.7 206.7 205.6 204.1 202.7 199.8 195.9 192.2 187.7 183.5 179.2 175.4 171.9 171.2 170.9 171.9
212.6 212.6 212.8 213.1 213.8 213.8 213.8 213.6 213.4 213.2 213.2 213.4 213.5 213.5 213.5 213.5 213.2 212.8 211.9 211.1 210.1 208.2 206.7 206.5 204.2 204.2 204.8 205.1 205.5 206 206.2 206.3 207 207.3 207.3 207.2 207.2 207 207 207.3 207.6 207 206.1 206.9 207.1 207 207.1 207.1 207.1 207.1 207.1 207.5 208 208.6 209.1 209 208.8 208.8 209.2 208.7 208.1 207.5 207 206.2 205.1 203.8 203 201.7 197.7 195.2 192.7 191.1 187.7 185.8 183 182.1 181.2 181
212.1 212.6 212.8 212.8 212.6 213.3 213.8 213.6 213.4 213.2 213.2 213.3 213.4 213.4 213.4 213.4 213.1 212.7 211.9 210.7 209.4 207.6 206.3 206.1 206 205.1 205.8 206.6 207 207.1 207.4 207.4 207.3 207.5 207.7 207.9 207.5 207 207.4 207.5 207.5 207.3 206.8 206.9 206.6 206.3 206.5 206.7 206.7 206.7 206.7 206.7 207.2 207.7 208.2 208.2 208.2 208.1 208.2 207.8 207.3 206.7 206.2 205.7 204.5 203.1 202.3 201.3 199 197.3 196 194.7 193.4 191.4 189.6 188.6 188.1 186.9
209.6 210.5 210.6 210.8 210.5 211.3 211.9 212.5 213.2 213.2 213.2 213.3 213.3 213.2 213.3 213.1 212.9 212.6 211.5 209.9 208.4 207.1 205.9 205.8 205.7 205.1 205.9 206.9 207.6 207.4 207.4 207.4 207.4 207.7 207.6 207.4 207.5 207.5 207.4 206.9 206.7 206.4 205.9 205.6 205.3 204.6 204.6 204.5 204.4 204.7 205 205.3 205.9 206.6 207 206.9 206.9 207.3 207.2 206.8 206.4 205.9 205.3 204.3 203.7 202.4 201 200.6 200.4 199.3 198.2 197.1 196.3 195.1 194.1 193.2 192.5 191.1
207.2 207.8 208.2 208.3 208.5 209.1 209.4 209.9 210.7 211 211.6 211.4 211.1 210.8 210.5 210.3 210.2 209.9 209.4 208.5 207 205.9 205.6 205.5 205.4 205.1 206 206.4 206.7 207 207 207.5 207.4 207.1 206.8 206.8 206.6 206.2 205.8 205.3 205.1 204.7 204.2 203.7 202.5 201.8 202 202 202.1 202.4 202.7 203.4 204 204.7 205.2 205 204.8 204.6 204.9 204.7 204.4 203.3 202.8 201.9 201.5 200.6 199.7 199.7 199.8 199.3 198.2 197.5 197.7 196.6 195.8 195.5 195.3 194.2
204.7 205.1 205.6 205.9 205.9 206.2 206.6 206.6 207 207.3 207.3 207.1 206.5 206.6 206.3 206 206 206 205.9 205.2 204.2 203.4 203.2 203.3 203.5 204.6 204.9 205.2 205.5 205.8 205.7 205.6 206.2 206.1 205.9 205.5 204.6 203.9 203.6 203.4 202.6 201.9 201.2 200.5 199.4 199.1 199.2 198.5 198.8 198.9 199.4 200.4 201 201.4 202.1 202.2 202 201.8 202.2 202.5 201.3 199.8 199.6 199.3 199 198.1 198.5 198.8 198.8 199 198.4 197.9 198.2 197.5 196.3 195.3 195.1 195.1
201.9 202.3 202.4 202.1 202.5 202.6 201.9 201.6 201.8 202 202.4 202.3 200.9 201.2 201.7 201.7 201.7 201.6 201.5 201.5 201 200.5 200.5 201 201.8 202.8 203.4 203.8 204.1 204.5 204.7 204.7 204.6 203.8 203.7 203.3 202.6 201.9 201.1 200.4 199.2 198.5 197.8 197.1 196.3 196 194.8 194 194.4 194.8 195.4 196.1 197.2 197.9 198.8 199.3 199.1 199.1 199.6 198.9 197.9 196.4 196 195.5 195.2 195.6 196.8 197.8 197.9 197.7 197.3 196.9 196.2 196.1 195.6 194.6 194.6 194.8
198.2 197.3 196.7 196.2 196.2 195.8 195.4 196.5 196.6 196.6 196.6 195.7 195.3 195.6 195.6 195.6 196 196.4 196.9 197.1 197 196.9 196.9 198.9 199.8 200.8 201.8 202.2 202.6 203 203.3 203.3 202.6 201.7 200.7 200.2 199.5 198.8 198.1 197.3 196.2 195.2 194.5 193.8 192.3 191.2 190 189.4 189.6 190.5 191.7 192.1 193.1 194.7 195.5 196.1 196 195.9 195.7 195.2 194.4 193.4 192.2 191.4 191.4 191.6 193 193.7 194.2 195.1 195.1 194.7 194.1 194.4 194.9 194.1 194.3 194.8
191 190.8 190.5 190.1 189.4 189.1 188.9 190 190.3 190.4 189.8 189 188.7 188.5 188.2 188.5 189.5 189.5 189.7 190.2 191.3 192.5 193.2 195 197.7 198.9 200.3 200.7 201.2 201.7 201.8 201.5 200.5 199.5 198.6 196.6 195.7 195 194.4 193.6 192.8 191.9 191 188.9 187.6 186.8 185.8 185.2 183.7 184.1 184.2 185.4 188.3 191.2 193 194.1 193.9 193.5 191.9 191.2 189.7 187.8 186.5 185.7 185.7 186.5 188.1 190.2 191.2 192.3 192.8 192.6 192.4 192.8 193.3 193.5 193.6 193.7
183.5 183.3 183.8 183.5 182.8 182.4 182.4 183.1 182.8 182.4 181.9 181.4 181.3 181.1 180.8 181.5 182.4 183.4 183.1 183.3 185 186.6 189.4 191.5 193.7 196.7 198.5 199.1 199.8 200.2 199.8 199.1 198.3 197.3 195.5 193.1 192.1 191.3 190.1 189.2 188.1 186.4 185.2 183.3 182.5 182.3 182.5 181.5 178.7 178.2 178 180.8 184.7 187.7 190.3 191.1 190.9 190 188.1 186.9 185.2 183.2 181.2 180.2 180.1 181.6 184 186.3 188.2 189.4 189.9 190.4 190.6 190.8 191.1 191.2 191.8 192.5
179.5 175.8 175.8 176.9 176.3 175.4 175.7 176 175.3 174.5 173.9 173.7 173.6 173.6 173.7 174.4 175.3 176.3 177.2 176.4 178.1 180.6 185 189.1 192 194.4 196.4 196.9 197.5 198 197.4 196.7 196 195 192.3 189.9 188.5 185.9 184.2 184.3 181.9 180.5 179.3 178.3 177.3 177.2 177.6 177.2 174.6 172.3 172.3 176.7 182.1 184.9 187.1 188.3 188.2 186.3 184.5 182.7 181 178.7 176.1 174.4 173.9 176 179 182.1 184.3 185.6 186.3 186.4 186.4 186.8 187.2 188.5 189.5 190.6
178.7 171.7 167.8 169.1 169.7 168.6 168.7 168.8 168.4 167.6 167.1 166.8 166.6 166.9 167.4 168 168.4 168.9 169.6 170.2 171.6 174.9 182.1 186.8 190.3 193.6 195.2 196 196.4 196 194.8 194.3 193.7 191.9 189.2 186.7 184.3 181.1 180 178.5 177.7 175.6 174.2 173.2 172.2 171.7 172.7 172.7 171.3 167.7 168.1 173 179.1 182.5 184.8 185.6 184.5 182.6 180.8 179 177 174.3 171.5 168.5 167.3 170.3 174.1 178.1 180.4 181.6 182 182.2 182.2 182.3 183.7 185.6 187.2 188.2
176.1 170.6 166.5 162.2 163.3 162.1 162.1 162.3 162 161.4 160.9 160.5 160.3 160.2 161.5 161.8 162.5 163.1 163.5 163.9 165.5 174.7 182.1 185.2 189.3 192.7 194.4 195 195.4 194.1 192.3 191.3 190.7 189.4 185.1 183.6 182.1 180 177.8 175.7 173.2 171.1 169.2 168.3 167.4 167.1 168.5 168.7 168.2 165 163.9 170.9 176.5 180.3 182.8 183 181.5 178.3 176.3 174.5 173.9 171.4 168.7 164.6 162.4 166 170.3 173.9 176.4 177.5 177.7 177.2 177 177.1 179.2 182.2 184.5 185.6
173.4 168.7 164.5 158.8 156.4 156 156.3 156.6 156.2 155.5 155 154.8 154.7 155.1 155.7 156.3 157 157.6 158 162.4 169.7 178.2 183.5 186.6 189 192 194 194.3 193.6 192.3 190.5 188.6 186.3 186.5 185.8 184.2 182.3 180.4 177.1 174.1 171 169 167.1 164.7 162.8 162 164.8 165.2 164.8 161.9 160.8 168.9 175.1 178.5 180.2 179.8 178.4 175.8 172.6 170.5 170.5 169.7 166.3 161.8 158.3 162.1 166.6 170.5 172.4 173.2 172.6 171.9 171.7 172 176.2 179.5 181.3 182.5
170.8 166.6 162.8 158.5 154 150.7 150.8 151.2 151.3 151.2 151.1 151.1 151 150.8 151.3 151.6 151.9 153.2 158.5 167.2 174.8 180.8 184.6 187.3 189.5 191.3 193 193 191.9 189.8 187.9 185.8 184.7 183.8 183 183.9 182.5 180.9 178.1 174.3 170.7 168 165.6 161.5 157.9 158.4 161.5 161.9 161.8 158.7 159.9 167.8 174 176.4 177.9 177.2 175.3 172.3 169.1 166.2 167.1 166.8 164.1 160.1 154 158.9 163.1 167.1 168.6 168.3 167.6 166.8 166.3 168.8 174 176.5 178.2 179.2
167.5 164.5 160.8 157 152.8 148.9 146 146.2 146.4 147 147.1 147.4 147.6 147.4 147.1 147.7 150.5 157.8 166 172.6 178.2 182.4 185.5 188.2 190.3 191.5 191.4 190.7 189.7 187.4 185.3 183.1 181.4 180.3 180.1 181.7 182.3 181.6 179.6 176 172 168.3 164.3 160 152.5 154.3 157.6 158.7 157.9 154.1 160 167.7 172.2 174.9 175.3 174.4 172.1 168.7 165.6 162.1 163.5 163.5 161.8 159 153.6 155.9 160.9 163.6 164.3 163.9 163.1 161.8 162.1 167.7 171.7 173.8 174.3 175.2
163.4 161.5 158.7 155 151.2 147.8 144.7 142.1 141.6 142.5 143 143.5 143.6 143 144.1 149.3 155.5 165.4 171.6 177.7 181.9 184.9 187.4 188.6 189.3 189.8 189.5 188.2 187.2 185.3 182.7 180.4 178.1 176.5 178.1 180.3 181 180.6 180.1 177.7 173.6 169.6 165.8 159.2 154.7 150.8 152.6 154.4 152.8 153 162.4 168.7 170.9 173.4 172.6 171.7 169.3 165.5 162 158.8 159.7 159.9 158.9 156.6 151.6 153.9 158.6 159.9 159.6 159.5 158.3 157 161.5 166.6 169 170.3 170.4 170.8
159.5 157.2 155.7 152.1 149.1 145.5 145 143.7 138.3 138.3 139.2 139.8 139.2 141.8 147.7 156.7 165.1 172 177.4 181 184.1 186.4 187 188.1 188.3 188.2 187.8 186.7 184.8 182.7 180.2 177.7 175.2 172.5 175.8 179.2 179.9 179.6 179.6 178.6 175.9 172.2 168 162.6 156.6 151 148.2 149 149 156.8 164.3 168.8 170.7 171.2 170.1 169 166.4 162.6 158.7 155.2 156.2 156.8 155.6 153.4 149.6 152.3 155.8 156.6 156.5 155.4 153.5 157.4 161.4 164.3 165.3 165.1 164.9 165
155.7 152.6 151.6 149 145.6 145.3 144.6 142.6 138.3 135.4 135.8 137.1 141.4 147 156.3 164.9 171.5 176.2 180.2 183.6 185.2 186.3 187.1 187.6 187.1 187.2 185 183.5 181.5 179.6 177.1 174.4 172.1 169.8 173.9 177.1 178.1 178.5 178.3 178.2 176.3 173.8 170.8 166 160.3 154.7 148.5 145.3 150.9 159.5 164.7 167.6 169 168.9 167.8 165.5 163 160.1 156.2 152.4 152.5 153.5 152.3 150.5 146.4 149.7 152.7 153.2 152.7 150.9 151.4 156 158.4 159.7 159.5 160 164.8 169.3
152.3 149 147.4 146.1 142.7 141.3 141.3 139.4 135.5 133.5 135.8 140.6 147.8 156.3 163.6 170.2 175 179.1 182 184.4 185.4 186.1 187 186.6 185.6 184.1 181.3 179.7 177.8 175.8 174 171.4 168.3 166.6 171.4 174.5 175.9 176.4 176.5 176.3 175.3 173.7 170.7 167.3 163 158.2 150.8 143.6 150.1 158.6 163.3 165.7 166.7 166 164.5 162 159.4 156.7 153.6 149.8 148.7 150.3 149.1 147.2 143.9 147.6 149.1 148.9 147.6 146.7 148.7 150.9 153 155.6 159.8 164.7 169.2 172.6
149.2 145.8 143.3 141.4 139.6 136.7 136.4 133.7 131.5 135.4 141.9 147.7 155.6 162.5 168.8 173.9 177.8 180.6 182.5 184.3 185.4 185.6 185.4 184.9 184.1 181.4 178.4 175.8 174.1 172 169.9 168.3 165.4 162.8 168.4 171.6 173.1 173.8 174.4 173.8 172.7 171.5 169.4 166.3 162.7 158 152.2 143.4 145.5 156.2 161.3 163.3 163.8 162.9 161.1 158.5 155.9 153.2 150.2 147.2 144.9 146.6 145.9 143.9 141 143.8 144.2 143.5 145.2 149.2 152.1 154.4 157.3 159 164 168.3 171.3 173.3
146.5 143 139.6 137.8 136.1 133.7 131 130 135.8 142.4 149.1 156 161.6 167.2 171.7 175.4 178.8 181 182.2 183.6 184.4 184.4 184.1 183.2 181.3 178.7 175.6 172.3 170.4 168.3 166.2 164.5 161.8 159.8 165.4 167.5 169.7 171.2 171.6 171.3 170.3 169.1 167.6 164.7 161.4 157.2 151.7 144 141.7 153.8 158.9 160.5 160.6 159.5 157.6 155 152.3 149.6 146.9 143.8 141.1 142.7 142.1 140.6 139.4 140.1 141.8 145.4 149.7 153.9 156.7 159.3 161.2 162.5 167 169.6 171.5 173.1
