app/static/ascii/SU07.asc
ncols 200
nrows 200
xllcorner 400000
yllcorner 170000
cellsize 50
[rows 108 to 143 of 200, columns 0 to 80 of 200]
68.7 68.6 69.5 70.7 71.6 72.3 74.4 76.4 78.3 80.5 84.5 87.1 88.7 89.1 89 88.4 86.1 83.2 81.2 80.6 84.7 86.8 87.9 88.2 88.5 88.9 89.5 90.3 91.1 92 92.9 93.3 94.1 94.1 93.6 92.8 91.6 90.8 90.7 91.2 92 92.4 93 93.6 94.4 94.3 94.4 94.5 93.7 93.4 93 91.8 91.1 90.5 89.7 88.9 87.5 86.9 87.3 87.7 88.2 88.5 88.5 88.4 89 89.5 90 90.6 90.5 90.9 91.4 91.9 92.3 92.8 93.3 93.9 94.4 95.4 95.7 96 96.4
68.7 69.4 70.8 72.5 74.7 77.4 79.3 81.2 83 87 89.1 90.6 92.1 92.6 92.5 91.6 89.3 87.4 84.5 83.4 84.2 86.7 87.7 88.3 88.6 89.1 89.5 90.3 91.3 91.9 92.1 92.5 93.2 93.5 92.8 91.7 90.7 90.6 90.9 91.5 92.2 93.1 93.6 93.9 93.9 94.4 94.3 94.1 93.4 93 92.3 91.7 90.9 90.4 89.9 88.9 87.8 87.4 88.1 88.5 88.9 89.3 89.2 89.4 89.8 90.1 90.4 90.6 91.2 91.4 91.7 92.2 92.8 93.2 93.8 94.4 95.1 96.2 96.6 96.8 97
69.3 70.2 71.6 76 79.9 82.6 84.3 87.7 90.2 91.4 92.7 94 95.1 95.3 95 94.1 92 90.4 88.5 86.4 86.2 87.3 87.7 88.1 88.5 89 89.5 90.4 89.9 90 90.2 90.5 91 91 90.7 90.2 90.2 90.2 91.2 91.8 92.4 93 93.2 93.3 92.9 94 94.6 94.3 93.8 93.4 92.4 91.6 90.8 90.1 89.7 89.2 88.2 88.5 88.9 89.3 89.8 90.3 90.1 90.6 90.9 91.2 91.5 91.5 91.9 92.1 92.2 92.4 93 93.5 94.4 95.2 96 96.8 97.6 97.9 98.1
69.7 70.9 73.1 78.2 84.1 88.8 91 92.8 93.9 95 95.9 96.8 97 96.5 95.5 94.2 93.3 92.4 90.4 88.5 87.3 87.1 87.1 87.6 88.3 88.9 89.4 89.6 88.7 88.1 88.2 88.3 88.6 88.7 88.9 89.7 90.3 91 91.2 92 92.3 92.5 92.5 92.6 93.4 93.9 94.8 94.8 94.6 93.8 92.9 91.9 91 90 89.1 88.5 88.4 89.2 89.7 90.1 90.6 90 91.2 91.8 92.1 92.3 92.6 92.4 92.5 92.7 92.9 93 93.2 93.8 94.6 95.6 96.6 97.5 98.3 99 99.3
70.5 72 75.5 80.5 86.4 91.1 93.5 96.2 97.1 96.6 97.3 97.7 97.4 96.4 94.3 92.9 91.6 91.1 90.2 89 87.5 87.1 86.5 86.7 87.2 87.9 88.1 87.6 87.1 87.3 87.4 87.5 87.7 88.3 88.9 89.4 89.9 90.5 91 92 91.6 91.3 91.8 93.2 94 95.3 96 96 95.3 94.6 93.5 92.5 91.5 90.4 89.7 89 89.3 89.9 90.4 90.9 92 92.1 92.6 92.9 93.2 93.4 93.6 93.3 93.2 93.4 93.6 94.1 94.5 94.1 95 96 97 98 98.9 99.7 100.2
73.5 76.4 80 84.5 89.2 92.9 95.8 97.8 98.7 97.6 98.1 98.2 96.1 94.4 93 92 90.8 90.2 89.1 88.2 87.3 86.7 86 86.1 86.1 86.6 86.5 86.4 86.5 86.5 86.7 86.9 87.3 88.1 88.9 88.9 89.4 89.5 89 89.9 89.9 91.2 92.5 93.8 95.6 96.6 97.2 97.7 97.2 96.2 95 93.9 92.7 91.5 90.4 89.7 89.8 90.8 91.3 92.2 92.7 93.2 94.3 94.3 94.7 94.7 94.5 94.3 94 94.2 94.5 94.7 94.9 94.8 95.5 96.5 97.5 98.5 99.5 100.3 101.1
79 82.1 86.5 88.8 91.9 94.4 97 98.4 99.5 99.5 98.9 97.4 94.8 93.1 91.8 91 90.2 89.1 87.9 86.8 86.2 86.1 85.6 85.5 85.7 86.1 85.8 86 86.1 86.2 86.2 86.6 87.1 87.9 88.4 88.3 88.1 88.1 88.1 88.6 89.9 91.8 94 95.3 96.6 97.7 98.3 98.1 98.7 97.9 96.7 95.6 93.9 92.1 91.5 90.5 90.5 91.8 92.4 93.1 93.6 94.3 95.1 95.6 96.3 96.3 96 95.7 95.4 95.3 95.3 95.7 95.7 95.6 96.6 97.5 98.1 99 100 101.2 102.3
85.8 88.4 90.6 93 95 96.9 98.6 99.5 100.2 99.2 97.9 96.2 93.5 91.4 90 88.9 87.8 86.7 85.7 85 84.8 84.8 84.7 85.1 85.2 85.2 85.3 85.9 85.7 85.7 85.9 86.3 86.9 87.7 87.6 87.6 87.3 87.6 88.3 89.7 91.3 92.6 94.3 96.4 97.7 98.8 99.8 99.7 99.5 98.8 97.9 97.8 95.5 94 94 91.9 91.6 93.1 94.2 94.8 95 95.6 96.3 97 98.1 97.8 97.4 97 96.9 97.2 97.5 97.7 97.4 97.2 98.1 98.6 99.1 99.8 100.8 102.1 103.4
91.4 92.9 94.4 95.7 97.5 98.9 99.3 98.8 97.7 95.9 94.4 92.2 90.6 88.6 86.8 85.9 85.3 84.7 84.1 83.7 83.6 83.6 83.6 84.3 84.6 84.9 85.2 85.2 85.2 85.2 85.6 86.1 86.7 86.9 86.7 86.4 86.5 87.5 88.8 89.9 92.4 94.1 95.5 96.5 97.7 99 100.2 100.7 100.5 100.1 100.2 100.1 98.8 97.3 96.5 94 93 94.8 95.7 96.4 96.6 96.9 97.7 98.6 99.5 99.7 99.5 98.6 98.8 99 99.5 100 99.4 98.8 99.3 99.8 100.3 101 102.1 103.4 104.5
94.5 95.7 97 97.6 97.5 96.9 96.2 95.2 93.2 91.2 89.5 88.2 86.8 86.2 84.6 83.9 83.4 83 82.8 82.5 82.5 82.5 82.7 83 83.3 83.7 84.2 84.3 84.3 84.6 85 85.6 85.4 85.6 85.5 86 86.7 87.5 88.8 90.5 92.6 94.1 96.3 97.5 98.4 99.4 101.6 102 102.1 101.9 102.3 102.3 101.6 100.8 99.9 97.8 96.2 97.1 97.8 98 98.3 98.4 99.2 100.1 101 101.3 100.9 100.3 100.4 100.8 101.3 101.8 101 100.2 100.4 100.8 101.6 102.8 103.6 104.5 105.4
94.6 97.2 96.7 96.3 95.9 95 93.8 92 90.2 88.4 87.2 86 84.9 84 83.2 82.8 82.2 81.6 81.6 81.4 81.4 81.7 82.2 82.2 82.5 82.8 83.1 83.4 83.6 83.9 84.2 84.7 85.1 84.9 85.3 85.9 86.5 87.5 89.4 91.2 93 94.6 95.8 97.1 100.3 102 102.7 104 103.7 103.9 104.1 104.1 103.6 102.8 102.1 101.2 100.4 99.5 99.5 99.5 99.9 99.8 100.4 101.4 102.4 102.3 101.8 102 101.9 102.3 102.3 102.2 102 101.6 101.4 102.2 102.8 103.5 104.5 105.7 106.5
93.4 95.7 95.3 94.8 93.3 91.9 90.7 89.5 87.7 86.8 85.8 84.5 83.2 82.5 82 81.5 81.1 80.8 80.4 80.6 80.9 81.2 81.5 81.7 81.9 82.2 82.5 82.8 83 83.2 83.5 83.9 84.1 84.9 85.5 86.3 87 88.2 90.3 92.4 94.2 95.7 98.1 100 101.3 103 105.3 105.8 106.1 106.4 106.4 105.9 105.1 104.7 103.8 103.2 102.2 101.3 101 100.9 101 100.9 101.7 102.2 102.9 103.1 102.6 102.5 102.9 103.1 103.1 103 103 102.9 102.8 103 103.5 104.2 105.6 106.9 108.1
92.2 94.2 93.6 92.3 91 89.7 88.2 86.8 86.2 85.1 83.7 83.1 82.3 81.2 80.7 80.3 80.2 80 80 80.2 80.4 80.6 80.9 81.1 81.4 81.7 81.9 82.1 82.4 82.6 82.9 83.5 84.1 85.4 86.6 87.4 88 89.7 91.7 93.7 95.8 98.5 100.6 102.3 104.1 105.7 107 108.3 108.6 108.9 108.4 107.4 106.4 106 105.2 104.6 103.6 103.1 102.2 102.6 102.4 101.7 102.3 103 103.7 103.9 103.5 103.1 103.3 103.6 103.6 103.6 103.9 103.9 104.2 104.6 104.8 105.7 107 108.4 111.1
91.6 92.6 91.4 90.1 88.8 87.5 86.2 85 84.6 83.5 82.7 82.1 81.4 80.4 79.9 79.9 79.6 79.3 79.6 79.8 80 80.1 80.3 80.7 81.1 81.3 81.5 81.7 82 82.5 83 83.5 84.2 85.1 86.1 87.4 88.6 90.8 93.7 95.9 98.8 101.3 103.7 106.1 107.7 108.5 109.2 109.9 110.1 109.5 109 108.6 107.8 107.2 106.5 105.5 104.4 103.9 103.5 103.1 102.8 102.6 102.8 103.5 104 104.3 104.4 103.8 103.6 104 104.2 104.3 104.6 104.8 105.3 105.9 106.8 107.6 109 111.5 113.9
91.1 90.8 89.7 88.1 86.7 85.7 84.7 83.8 83 82.3 81.7 81.1 80.5 79.9 79.5 79.2 78.9 78.9 79.2 79.7 80.1 80.3 80.2 80.4 80.7 81 81.2 81.8 82.3 83 83.9 84.2 85.2 86.3 87.5 88.2 89.7 92 95.7 98.9 101.9 104.2 106.7 109.2 110.2 110.5 110.7 110.9 110.4 110.1 109.7 108.4 108.2 107.5 106.8 106.3 105.3 104.5 104.2 103.5 103.5 103 103 103.6 104.1 104.1 104.6 103.8 103.9 104.1 104.9 105 105.5 105.8 107 108 109.5 110.9 112.3 115.1 119.6
90.7 89.4 88.2 86.8 85.6 84.6 83.8 82.8 82 81.5 80.9 80.4 79.9 79.1 78.5 78.3 78.6 78.9 79.2 80.4 80.3 80.4 80.3 80.5 80.7 81 81.6 82.1 82.7 83.3 84.1 85 86.3 87.5 88.8 90.7 92 95 98.5 102 104.9 107.1 109.1 110.5 110.9 111.1 110.9 110.8 110.1 109.7 109.1 108.8 108.2 107.2 106.5 106 105.8 105.2 104.6 104 103.8 103.5 103.1 103.6 104 104.5 104.6 104.5 103.8 104 105.2 105.8 106.2 107 108.8 110.4 112.4 114.2 116 120.6 122.4
90.1 88.6 87.2 85.9 84.7 83.6 82.9 81.9 81.3 80.8 80.3 79.7 79.4 78.6 78 79 79.8 80.1 80.5 80.7 80.9 81.1 80.8 81 81.3 81.4 81.9 82.4 83 83.7 84.4 85.2 86.6 87.9 89.4 92.2 95.4 98.6 102.1 105.5 107.1 109.3 111.1 110.5 110.3 110.9 110.9 110.6 109.7 109.3 108.5 108.1 107.4 107 107.1 106.2 105.2 104.6 104.3 103.8 103.5 103.2 103.5 103.5 103.9 104.3 104.6 104.3 103.7 104 105 106.1 106.9 108.2 109.9 112.2 115.7 118.4 121.3 125 127.3
89.2 87.9 86.5 85.2 84 83 82 81.3 80.6 80.1 79.6 79.2 78.9 77.6 78.7 79.7 80.2 80.5 80.8 80.9 81.1 81.2 81.3 81.5 81.8 82 82.1 82.7 83.3 84.1 84.9 85.9 87.2 88.4 90.4 93.5 97.8 102.1 105.9 108.5 109.7 110.3 110.3 110.3 110.4 109.7 110.2 109.6 109.3 108.8 107.8 107.1 107.4 107.4 106.9 106.3 105.7 104.4 104.1 103.5 103.2 102.9 102.6 103 103.3 103.5 103.7 103.6 103.3 103.6 104.7 105.6 106.8 109 110.7 113.9 118.3 123 127.6 131.1 132.3
89 87.2 85.9 84.6 83.4 82.6 81.8 81 80.6 80.1 79.3 78.8 78.5 77.7 78.8 79.7 79.8 80 80.2 80.9 80.7 80.8 81.5 82 82.3 82.5 82.4 82.9 83.8 84.8 85.7 86.9 88.4 89.9 91.7 94.9 98.8 103.5 108.1 110 110.1 110 109.8 109.6 109.6 109.3 109.5 108.6 108.4 107.7 107.3 107.1 105.7 106.9 106.8 106.2 105.6 105.1 104.6 103.8 103.3 103 102.2 102.1 102.4 102.6 102.7 102.6 102.6 103.5 104.4 105.3 106.8 108.5 111.2 115.3 121.1 127.7 132.3 136.4 138.8
88.2 86.9 85.6 84.3 83.2 82.4 81.8 81.4 81 80.3 79.5 78.8 78.2 77.2 79 79.5 79.2 79 79.5 80.3 80.2 81 81.7 82.2 82.5 82.9 83.1 83.2 84.2 85.2 86.2 87.4 89.6 91.5 93.4 96.5 100.3 104.4 108.1 109.6 109.8 109.8 109.1 108.9 109 109 108.8 108.1 107.2 107 106.5 105.8 104.8 105.5 106.5 105.8 105.3 104.8 104.3 103.7 102.6 102.5 102.2 101.6 101.6 101.7 101.8 101.9 102.1 103.5 104.2 105.3 106.8 108.7 112.5 118.1 123.5 129.9 135.6 141.3 146.6
87.6 86.9 85.6 84.4 83.5 82.8 82.2 81.8 81.3 80.5 79.6 78.9 78.1 76.2 79 79 78.7 78.5 78.4 79.3 79.8 80.6 81.4 82.2 82.7 83.3 83.8 83.8 84.6 85.6 86.7 88.2 90.5 92.5 95.5 98.2 101.8 105.2 107.6 108.3 108.7 108.5 108.4 107.6 108 108.2 107.7 107 106.4 106.3 105.4 104.4 103.9 103.6 104.1 105 104.9 104.6 104 103.5 102.6 102.5 102.3 101.3 101.1 101.1 100.9 101.5 101.6 102.4 103.3 104.7 106.4 108.8 114.1 119.8 125.1 131.3 138.8 146.3 151.7
87.1 86.5 85.7 84.8 83.9 83.2 82.7 82.2 81.3 80.6 79.8 79.2 78.1 76 77.9 78.4 78.3 78.1 78.2 78.6 79.2 80.1 81 82.2 83.3 83.9 84.3 84.8 85.4 86.2 87.5 89.2 91.5 94.9 98.5 101.2 103.2 105.2 107.3 107.7 107.2 107.2 107.5 106.8 106.4 106.5 106.6 106.1 105.5 105.4 104.1 103.8 103.9 103.2 102.9 103.5 103.6 103.6 103.5 102.8 102.4 102 101.8 100.9 100.6 100.6 100.6 101 101.3 102 103 104.1 106 109.8 114.6 119.4 126.6 132.6 141.2 150.1 154.4
87.2 86.5 85.7 85.2 84.5 83.6 82.9 82.3 81 80.5 79.3 78.2 76.6 75.8 77 77.5 77.8 77.8 78.3 79.2 80.1 80.9 81.8 82.9 84.1 84.8 85.5 85.7 86 86.7 88.6 90.3 93 96.2 100.2 104.1 106.4 107.3 107.2 107 106.6 106.3 106.1 106.4 106.4 106.1 105.1 105.4 104.9 105 104.2 103.6 103.9 103.3 102.5 102.6 103 102.8 102.7 102.4 102.1 101.2 101.1 100.6 100.2 99.7 100.6 100.4 101 101.8 102.9 103.9 105.9 110.3 114.8 119.4 126.9 133 141.5 152.8 158.4
87.3 86.5 85.5 85.3 84.9 84 83.2 82.3 80 77.6 76.7 76 75.5 75.6 76.3 76.8 77.5 78 79.5 80.1 81.1 81.9 82.8 83.7 84.8 85.5 86.2 86.4 86.6 87.1 89.4 91 94.3 97.8 101.9 105.5 107.8 107.6 107.6 106.9 106.1 105.8 105.8 105.2 105.7 105.4 104.9 104.8 105.1 104.3 104 103.7 103.5 103.3 102.7 102.1 102.2 102.4 102.1 101.7 101.4 100.5 100.4 100.2 99.9 98.3 99.2 99.9 100.8 101.7 102.8 103.8 105.5 110.1 114.1 119.4 125.7 132.6 141.1 153.8 161.3
87.2 86.2 85.2 84.7 84.2 81.1 79.8 77.9 76.3 75.3 74.9 75.1 75.4 75.9 76.4 77.1 77.9 78.6 79.8 80.8 82 82.9 83.8 84.7 85.6 86.2 86.8 87 87.3 87.7 89.4 92.3 95.7 99.3 103.3 106.4 108.1 107.9 108.1 107.3 105.9 105.3 105.1 104.7 105 104.8 104.7 104.5 104.7 104.1 103.6 103.8 103.1 103 102.9 102.6 101.9 101.1 101 101 100.8 99.8 99.9 99.6 99.2 98.4 98.8 100 100.7 101.6 102.6 103.9 105.6 108.6 113.8 118.2 123.6 132.5 137.6 147.8 162.3
86.5 85.1 84.1 81.8 79.6 77.2 76.3 75.4 74.9 74.7 75.2 75.9 76.5 77 77.5 78.1 77.9 78.6 79.6 81 81.9 82.7 83.3 84 86 86.8 87.9 88.4 89.1 89 89.9 93.3 97.1 100.8 104.9 107.6 108.5 108.2 108 107.7 106.3 104.9 104.2 104.1 104.4 104.6 104.6 104.4 104.2 103.8 103.5 103.8 103.4 103 102.7 102.4 102.1 101.7 101.3 99.8 99.3 99 99.3 99 98.4 97.8 99.6 99.4 100.8 101.5 102.7 104.1 105.9 110.6 113.6 116.4 122.1 128.3 133.7 142.8 157.3
83.6 80.7 78.4 77.2 76.6 75.4 74.6 74 74.5 75.2 75.6 76.2 76.8 77.4 78.1 79.1 79.5 80.1 80.4 80.2 81.2 82.4 83.6 85.3 87.6 89.2 90.2 90.4 91.3 91.9 91.9 94.9 98.4 102.3 105.9 108.6 109.5 109.1 108.3 107.3 106.2 105.1 104.3 103.4 103.1 103.4 104 104.1 103.6 103.8 103.4 103.6 103.3 102.9 102.5 102.2 101.9 101.6 101.3 100.9 99.9 98.4 97.5 97.6 96 97.8 99 99 100.5 101.5 102.9 104.4 106.7 111.1 113.4 116.5 121.3 126.1 131.4 139 152.6
77.3 75.7 74.8 74.3 74.6 73.4 73.7 74.5 75 75.7 76.2 76.6 77.1 77.7 78.8 79.4 80.2 80.8 81.4 81.2 81.8 84 85.8 88.2 90.9 92.9 93.4 93.7 94.6 95.8 96 97.9 101.7 105.3 107.6 109.5 110 109.6 108.2 107.3 106.2 105.2 103.9 103 102.4 102.3 103.4 103.4 102.8 102.9 103 103.3 103.2 102.6 102.4 102.1 101.6 101.2 100.9 100.5 100 98.9 97.4 96.7 97.8 98.8 99.4 100 100.5 101.7 102.9 104 107.4 110.5 113.6 117.2 119.3 125.3 131.1 135.8 149.2
72.9 72.1 72.7 73 73.2 73.3 74.5 75.2 75.8 76.1 76.5 76.8 77.2 77.6 78.9 79.9 80.4 81.2 82.2 82.3 83.2 85.6 88.1 92.7 96.5 99.6 98.9 97.7 98.2 99.4 100.7 102.2 105.1 107.3 108.9 110.2 110 109.6 108.1 107.4 106.3 104.8 103.8 102.9 101.6 100.5 102.7 103.5 102.9 102.1 102.2 102.8 102.8 102.2 102.2 101.9 101.4 100.7 100.4 100.2 99.9 99.1 98.3 96.8 97.9 99 99.6 100 100.2 100.9 102 103.3 104.8 110.4 113 116 118.9 124 129.7 136.2 143.8
72.5 73.1 73.3 73.3 73.9 73.9 74.1 74.8 75.5 76 76.5 76.8 77.2 78.6 79.1 80.5 81.7 82.9 83.8 83.8 84.4 85.9 90 96 102.3 105.7 103.6 102.1 101.9 103 104.2 105.7 107.5 109.3 110.3 110.2 109.8 109.3 108.2 106.9 105.9 104.8 103.8 103 101.6 99.9 101.8 102.9 103.1 102.6 101.8 101.9 102 101.8 102 101.6 101.2 100.1 100 99.9 99.7 98.5 97.4 95.1 97.5 99 99.3 99 99.6 100 101 102.2 103.7 107.7 112.4 114.9 118.6 122.6 127.6 136.1 142.7
74.3 74.2 74 73.9 74.1 74.6 75.1 75 75.1 75.9 76.5 76.8 77.5 78.5 79.9 81.6 83 84.2 85.5 85.7 86.4 87.5 90.4 96.8 104 108.8 107.7 105.9 105.9 106.8 107.7 108.6 109.5 111 110.5 109.9 109.5 109.2 108.2 106.7 106.1 105.3 104.3 103.1 101.9 99.5 101 102.8 103.3 102.4 101.5 100.5 101.3 101.3 101.4 101.1 100.7 100.1 98.9 99 98.8 97.9 96.5 94.5 97.6 98.5 98.9 98.8 98.1 99.6 100.6 101.5 103.3 105.9 110.3 114.2 117.8 120.5 126.4 135 141.3
75 74.5 74.5 74.6 74.5 75.3 75.8 76.2 75.7 75.9 76.5 77.2 78.2 79 80.2 81.9 84.1 85.3 86.5 87.3 88.5 91.8 93.2 95.8 102.9 108.9 109.5 109.1 109.6 110.8 111.4 111.2 111.8 112.4 111 110.3 109.3 109.2 108 106.6 106.2 105.3 104.3 103.4 102.1 98.9 100.8 102.6 102.8 102.3 101.7 100.5 100.4 100.5 100.6 100.6 100.2 99.6 98.2 98.3 98 97.2 94.7 95.2 97.4 98 98.5 98 98.1 98.4 100.1 100.6 102.9 104.8 107.5 111.9 116.6 120.3 124.8 131.7 139.7
75.7 74.9 75 75.3 75.2 75.3 76 76.7 76.4 76.9 76.7 77.9 78.2 78.9 80 81.8 83.7 85.8 87.7 89.3 92.5 97.5 100.1 100.3 103.3 107.3 110.2 110.8 111.3 111.6 112.5 113.2 113.2 111.3 108.2 108.3 108 107.7 107.1 106.4 106.2 105.3 104.3 103.3 101.7 97.9 100 102.3 102.3 102.2 101.5 100.8 99.1 99.7 99.8 99.9 99.6 98.9 98 96.9 96.9 96.2 93.7 96.4 96.8 97.2 97.8 97.9 98.2 99.3 99.7 100.9 102.8 104.5 106.2 110.5 115 119 123.3 129.2 136.6
75 75.3 75.5 75.9 75.9 75.9 76.6 77.2 77.4 77.4 77.8 78.4 79 79.8 80.7 82.3 84.7 87.1 90 93.9 98.7 102.4 106.1 108.4 110.3 110.8 112 112.3 112.2 113.3 113.4 113.6 112.9 111.9 107.4 107.3 107 106.8 106.3 105.7 105.3 104.6 104.3 103.1 100.8 96.5 98.6 101.5 101.6 101.4 100.9 100.4 99.8 97.3 99.1 99.3 99 97.8 97.9 96.4 95.7 94.1 94.6 96.2 96.6 96.9 97.2 97.7 98.2 98.5 99.7 100.3 103.1 104 105.4 108.9 113.5 118.6 122.9 128.1 134.7
75.3 76.1 76.1 76.5 76.6 76.4 77.2 77.5 77.9 78.7 79.4 79.9 80.6 80.9 81.8 83.8 86.1 89.7 95.2 98.9 103.8 109.2 111.1 112.5 112.9 113 113.4 113.3 112.1 112.4 112.5 112.9 112.4 111.5 107.6 107.4 106.3 106.5 105.3 104.4 103.6 103 102.7 101.7 99.8 94.9 97.9 100.6 100.2 100.5 100.3 99.7 99.4 98.5 98.1 98.3 98.1 97.6 96.7 95.1 93.5 93 95.5 95.9 95.9 96.5 96.4 97.5 97.9 98.7 99.8 100.8 101.6 103 104.5 106.7 110.3 115.8 121.5 126.4 131.3
75.7 75.8 76.2 76.9 77.1 77 77.5 78.3 79.3 79.9 80.4 81.2 81.5 82.3 83.7 85.4 88.3 93.6 99.5 104.3 108.8 111.4 112.4 113.6 113.4 113.3 112.8 110.4 106.8 106.8 111.4 111.6 111.3 110.3 107.7 106.2 105.7 105.2 103.5 103.5 103.3 102.3 100.4 99.8 97.4 93 97.8 100 99.7 99.7 99.8 99.5 99.1 98.3 96.7 97.9 97.6 96.9 95.8 93.6 93.1 95.2 95.6 95.7 95.6 96 96.4 97.3 97.4 98.1 99 99.9 100.9 102.2 103.7 105.8 108.6 112 118.8 124.4 127.9
