app/static/ascii/SU09.asc
ncols 200
nrows 200
xllcorner 400000
yllcorner 190000
cellsize 50
[rows 38 to 75 of 200, columns 86 to 171 of 200]
95.3 95.6 99.5 105.2 107.1 104.1 101.9 97.9 94.8 92.5 91.3 90.9 90.4 90.4 90.4 90.5 91.3 91.6 92.2 93.9 95.9 97.9 99.3 100.6 101.4 101.9 102.5 102.8 102.7 102.4 102 101.6 101.3 100.9 100.4 99.8 99.3 98.5 98 97.9 97.2 96.7 96.3 95.6 94.5 93.5 92.7 92.1 91.4 90.5 89.7 89.3 89.1 87.9 87.7 88 88.6 88 87.5 87.1 87.5 87.9 88.5 89.3 89.7 90.1 90.7 92.2 94.3 96.7 98.3 99.6 100.8 101.3 101.8 101.4 100.6 99.8 98.9 97.2 95.5 93.4 91.3 90.3 89.9 89.4
95.2 95.4 99.1 105.7 101.8 102.9 101.1 97.8 95.3 93.1 92 91.2 90.4 90.2 90.2 90.3 90.8 91.2 91.8 94 96 97.7 98.9 100.1 100.8 101.4 102 102.3 102.6 102.6 102.1 101.8 101.3 100.9 100.3 99.9 99.5 99.2 98.8 98.2 97.6 96.9 96.1 95.4 94.5 93.7 93.2 92.7 91.9 91 90 89.2 88.8 88.4 87.2 87.6 87.7 87.7 85.9 87.5 87.9 88.7 89.4 90.2 90.8 91.8 93.8 95.7 98.3 100.1 100.9 101.6 101.8 102 101.6 100.9 100 98.5 96.6 94.8 93.1 91.6 90 89 88.6 88.1
95.1 95.4 99.5 106.8 106.2 99.9 101.3 98.8 96.1 94.1 92.7 91.4 90.4 90 90.1 90.3 90.5 91.1 91.9 93.8 95.7 97.3 98.6 99.5 100.3 100.9 101.5 101.8 102.1 102.3 102.3 101.8 101.2 100.6 100.1 99.7 99.4 99.2 98.4 97.8 97.3 96.5 95.8 95.2 94.3 93.6 93.2 92.8 92.2 91.3 90.4 89.5 88.9 88.4 87.3 87.4 87.6 87.4 87.5 88 88.4 89.2 90.2 91.1 91.9 93.8 95.5 98.8 100.9 101.4 101.7 101.9 102 101.8 101.2 100.4 98.7 96.9 94.9 93.2 91.8 90.4 89.2 88.2 87.6 87.4
95 95.4 100.6 106.6 105.9 104.2 101.7 97.8 97 94.9 93 91.6 90.5 89.8 89.9 90 90.3 90.4 91.3 93.4 95.4 96.9 98 98.9 99.7 100.3 101 101.4 101.6 101.7 101.7 101.5 101.3 100.3 99.9 99.7 99.4 98.7 98 97.2 96.7 96.2 95.6 94.9 94.1 93.7 93.2 92.8 92 91.3 90.6 89.7 89.1 87.7 87.7 87.3 86.2 87.4 87.6 88 88.8 89.5 90.6 91.4 91.7 93.4 95.7 98.2 100.6 101.7 101.9 102 101.8 101.3 100.7 98.9 97.1 95.3 93.9 92.6 91.1 90 89 88.1 87.2 87
94.7 96 102.3 106.6 106.3 104.3 102.2 99.5 96.9 95.3 91.9 91.2 90.3 90.1 89.6 89.7 89.9 89.7 89.9 92.5 94.3 96.1 97.5 98.4 99.2 99.7 100.4 100.9 101 101.1 101.1 100.8 100.2 99.9 99.8 99.5 98.9 98.2 97.5 96.7 96.1 95.9 95.4 94.7 94.2 93.7 93.2 92.6 91.8 90.9 90.3 89.6 88.6 87.6 87.5 86.8 86.8 87.7 88 88 88.8 89.5 90.2 90.9 91.5 92.5 93.5 95.4 97.8 100.6 101.6 101.2 101.1 99.6 98.6 97 95.4 94.2 93.3 92.1 90.6 89.7 88.8 87.9 87 86.6
94.8 96.3 104.4 106.7 105.6 103.3 101 98.5 95.4 93 90.9 90.8 92.4 90.7 90.3 89.5 89.4 89.7 90.5 91.4 93.2 94.9 96.4 97.7 98.6 99.1 99.7 99.6 100.4 100.5 100.4 100 99.3 99 99.1 99 98.4 97.8 97.1 96.2 95.5 95.4 95 94.6 94.1 93.6 93 92.2 91.4 90.6 89.9 89.1 88.2 87.1 87.3 87.9 87.3 88.4 88.5 88.4 88.6 89.1 89.5 90.4 91 91 92.4 92.1 95.9 99 99.6 99 98.2 96.6 95.9 94.7 93.7 92.6 92.4 91.7 90.3 89.4 88.7 88 87.6 87.1
94.6 96.8 105.2 106.8 104.9 102 99 96.2 93.8 91.6 90.5 89.9 90 89.9 92.8 89.5 89.2 89.7 89.8 91 92 93.3 94.2 95.2 96.3 96.9 96.6 96.3 96.7 97.6 97.8 97.2 96.4 95.9 96.8 98.1 97.8 97.3 96.6 95.3 95 94.9 94.6 94.2 93.7 93.2 92.6 91.8 91.1 90.3 89.6 88.5 87.6 86.7 87.3 87.3 87.1 88.3 88.7 88.6 88.5 88.7 89.3 90 90.1 90.2 90.4 93 93 95.3 95.1 95 94.6 93.9 93.2 92.6 91.7 91.2 91.1 91.5 90.5 89.7 89 88.6 88.3 87.7
94.7 97.8 105.6 106.3 103.7 100.5 97.5 95.2 92.3 91.1 90 89.8 89.8 89.7 89.6 89.6 90.9 89 89 89.3 90.7 91 91.6 92.5 93.7 93.7 93.9 93.7 93.6 94.2 94.4 92.7 92.4 92.9 94.5 95.9 97.1 96.7 95.6 94.2 94.1 94.5 94.1 93.8 93.3 92.7 92.1 91.3 90.6 89.9 89.1 88 87 86.1 86.2 87.1 87.6 86.9 88.9 88.7 88.4 88.4 88.8 89.3 89.4 89.4 89.5 89.7 91 92.1 92.2 92.1 91.6 91.7 91 90.6 90 90.2 90.2 91.1 90.8 90.1 89.5 89.2 89 88.4
94.7 99 105.5 105.2 102.7 100 97.7 95.5 93.4 91.4 90 89.9 89.8 89.8 89.7 89.6 89.5 89 88.9 89 88.9 88.9 90.9 89.4 89.8 91.4 91.4 91.3 90.9 91.3 90.9 89.4 89.8 90.1 92.1 93.9 95.1 95.8 94.6 93.1 93.5 94 93.6 93.1 92.7 92.1 91.6 90.8 90.1 89.5 88.7 87.6 86.7 86 85.1 87 87.2 87.8 87 88.7 88.4 88.1 88.4 88.7 88.7 88.7 88.7 88.8 89 89.2 89.8 89.3 89.3 89.4 89.3 89.2 89 89.2 89.9 90.8 91.2 90.7 90.2 89.5 89.4 89.2
95.3 101.4 106.2 104.9 102.9 100.9 99 97.1 94.7 91.7 90.6 89.9 89.9 89.8 89.7 89.7 89.5 89 88.7 91 89 88.9 88.8 88.6 88.9 88.8 89.1 89 89 89.3 89.5 89.6 89.7 88.4 90.1 91.8 92.9 93.5 92.9 91.8 92.6 93.4 92.9 92.3 91.9 91.5 90.9 90.2 89.6 89 88.3 87.3 86.6 86 86.7 86.2 86 86.6 87.1 87.6 88.3 88 88.8 88.4 88 88 88.2 88.4 88.6 88.7 88.6 88.3 88.3 88.4 88.4 88.2 88.2 89 90.2 91.2 91.7 91.4 90.8 90.1 89.7 89.5
94.9 101.1 105.3 105 103.3 101.3 99.4 97.5 94.8 92.1 90.5 90 89.9 89.9 89.8 89.7 89.4 89 88.8 88.6 88.7 88.9 88.4 90.1 88.4 88.7 88.9 89 88.8 88.5 88.6 88.6 87.9 88.1 89.4 90.5 90.1 90.9 91.1 90.7 91.5 92.1 91.9 91.5 91.1 90.7 90.2 89.7 89.1 88.5 87.9 87.1 86.5 86 86.2 86.5 85.9 85.9 86.4 87 88.4 88 87.6 87.5 87.5 87.6 87.7 87.9 88.1 88.1 87.8 87.5 87.4 87.5 87.6 87.4 88 89.3 90.4 91.6 92.2 91.8 91.1 90.1 89.3 88.8
94.7 99.9 105.3 105 103.7 101.8 99.9 98.1 94.9 91.9 90.6 90.2 90.1 89.9 89.8 89.7 89.4 89.2 89 88.8 88.8 89.1 88.7 88.1 88.4 88.6 88.8 88.8 87.8 88.2 87.4 87.5 87.5 87.4 87.5 87.7 88 90.1 88.8 90.3 90.7 90.9 90.6 90.4 90.4 90.1 90.1 89.2 88.6 88.4 87.9 87.2 86.6 86.3 86 86.2 86.2 85.8 85.9 86.4 87.5 88.3 87.6 87.1 87.4 87.3 87.3 87.5 87.7 87.4 87.1 87 86.6 86.7 86.8 87.1 87.9 89 90.2 91.5 91.8 91 90.3 89.6 88.8 88.3
94.5 95.7 103.3 105 104.1 102.4 100.6 98.6 93.7 91.8 90.8 90.6 90.4 90.2 90 89.8 89.6 89.4 89.2 89 89.1 89.4 89 88.6 88.4 88.6 89.1 88.6 88.6 87.3 86.8 87.5 87.5 87.5 87.4 87.5 87.4 87.4 87.5 87.9 89.6 90 88.4 89.4 90.2 89.9 90.1 88.8 88.7 88.5 88 87.4 86.9 86.6 86.4 85.9 85.8 85.2 85.8 86 87.4 87.6 88.3 87.3 87 86.9 86.9 87.1 86.9 86.8 86.6 86.5 85.9 86 86.4 87 87.8 88.8 90 90.9 90.9 90.1 89.5 89 88.3 87.6
94.6 94.8 96.9 103.8 104.1 101.9 100.4 97.1 92.9 91.7 91.1 91 90.7 90.5 90.4 90 89.8 89.6 89.4 89.2 89.5 89.2 89.1 88.1 88.9 89 88.7 88.2 88.5 88.6 87.8 87.4 87.4 87.4 87.5 87.4 87.4 87.5 87.5 87.4 88.2 88.8 89.1 89.1 89.2 89.2 89.3 87.7 89 88.6 88.1 87.6 87.2 87 86.6 86 85.5 85.6 85.6 85.5 85.3 88.6 88.3 91.1 92.7 88.5 86.8 86.6 86.4 86.2 86.1 85.9 85.2 86 86.2 86.8 87.6 88.6 89.3 89.9 89.9 89.3 88.7 88.2 87.7 87.2
94 93.8 94.2 95.9 102.5 101 99.5 96 92.5 91.7 91.4 91.5 91 91 90.9 90.3 89.9 89.9 88.8 89 89.8 88.5 89.5 87.9 88.8 88.5 88.3 87.8 88.2 88.2 86.8 87.7 87.4 86.7 86.6 87.1 87.1 87.5 87.5 87 87 87.6 88.1 88.1 88 87.9 87.7 87.3 87.5 88.2 88.8 86.2 87.7 87.3 86.7 86.1 85.5 84.6 85.4 85.2 85.8 90.9 87.5 89.2 94 93.1 89.5 86.3 85.8 85.7 85.6 85.5 84.3 85.5 86 86.5 87.3 87.7 88.4 88.6 88.7 88.4 88 87.6 87.1 86.7
93.6 93.6 93.9 94 95.7 98.5 98 94.7 92.6 92.1 91.1 90.8 91 91.3 90.5 89.9 89.9 90.1 89.7 89.8 88.5 89.8 89.7 88.9 89.2 89 88.3 88.7 88.2 88.4 88.2 86.3 86.3 88.5 88.1 88.2 88.6 88.1 87.4 86.6 86.7 87 87.5 87.4 87.2 86.6 86.2 86 86 86.2 87 87 87.1 87.7 86.8 86.9 85.3 85 85.2 85.2 86.1 92 92.3 87.6 92.5 92.3 88.6 85.5 85.3 85.4 85.2 85.1 84.8 85.2 85.6 86.1 86.4 86.8 87.2 87.4 87.6 87.2 87.2 87 86.6 86.2
93.1 93.3 92 93.6 94.1 94 93.5 92.9 92.2 91.9 91.6 90.7 91 90.9 90.2 90 89.2 90.4 89.7 89.4 89.4 89.6 89.5 88.9 88.3 88.2 88.4 87.2 88.4 87.2 87.2 87.9 86.3 87.2 87.2 87.3 87.2 87.2 86.9 87.1 87.2 87.3 87 86.6 86.3 86.3 87.2 86.2 86.1 86 85.4 85.9 85.8 85.4 86.4 87.2 85.1 85 83.2 85.6 86.1 91.3 91.7 87.3 88.5 89.8 87.8 85.2 85 85 84.9 84.9 84.6 84.7 85.2 85.7 86 86.2 86.2 86.2 86.4 86.3 86.4 86.4 86 86.1
93 93 93.3 92.3 91.6 92.7 91.9 92.1 91.7 91.6 92.1 90.6 91.7 91.1 90.7 90.2 90.3 90.2 89.6 89.1 89.1 89.3 89.3 88.8 88.3 88.1 88.4 89.3 87.7 87.5 87.2 87.2 87.2 87.2 87.2 86.5 87.2 87.2 87.2 87.4 87.4 87 86.3 86 87.2 86.8 86.8 88.5 85.7 86.1 86 85.5 85.2 85 85.2 85.7 85.1 84.8 84 85.4 87 85.5 89.7 88.6 86.9 88 87.1 86.2 84.7 84.7 84.8 84.8 84.8 84.4 84.9 85.4 85.6 85.9 86 85.8 85.6 85.6 85.6 85.6 86 86.3
92.6 92.6 92.8 92.8 92.9 92.8 92.3 92.9 92.1 91.8 91.5 90.2 91 90.4 90.3 90.1 90 89.8 89.6 89.2 89.3 89.5 88.9 88.6 88.3 88.4 88.5 88.8 87.2 88.3 87.2 87.2 86.3 86.3 87.2 86.5 86.5 87.2 87.2 87.2 87 86.9 86.1 86.8 86.4 86.4 86 85.9 84.3 83.6 83.6 85.5 84.5 84.8 85.7 85.9 85.5 83.3 85.1 85.2 84.4 85 84.8 88 83.7 87 85.1 86.6 85.4 84.7 84.7 84.7 84.7 84.6 84.5 85 85.3 85.5 85.7 85.6 85.6 85.6 85.3 85.9 86.6 86.7
92.5 92.4 92.4 92.6 92.6 92.4 92.4 92.3 92.1 91.7 91.2 90.3 90.3 90.7 90.5 90.1 89.8 89.5 89.6 89.1 89.1 88.9 88.8 88.6 88.2 88.2 88.5 88.7 88.1 87.8 87.6 87.1 87.3 87.1 86.5 86.5 86.5 86.5 86.5 87.4 87.4 87.4 87.4 86.3 86.4 86.4 86 85.8 83.6 83.6 83.6 83.6 85.5 85.2 83.6 85 85 86 84.2 85 84 84.2 84.6 84.1 86.3 87 84 84 87.3 85 84.6 84.5 84.6 84 84.6 84.7 84.9 85.2 85.4 85.5 85.5 85.4 85.9 86.5 86.7 86.7
92.4 92.3 92.3 92.3 92.2 92.2 92.1 92.1 91.8 91.4 91.1 90.4 89.9 90.2 90.2 89.6 89.6 89.1 88.8 88.5 88.4 88.8 88.6 88.5 88 87.7 88 86.8 87.1 85.6 84.5 84.5 84.6 84.5 84.5 86.4 86.6 86.5 86.4 86.7 86.8 86.2 87.5 87.7 87.8 86.4 85.9 86 83.6 83.6 83.6 83.6 83.6 83.6 83.6 83.6 85.7 83.6 84.3 83.5 84.1 84.6 84.6 84.6 84.5 85.2 84.1 84 84 85.8 84.7 84.3 84.4 84.6 84.4 84.5 84.7 84.9 85.1 85 85.1 85.5 86.1 86.4 86.3 86.2
92.2 92.2 92.1 91.9 92 92 91.9 91.8 91.6 91.3 91.2 90.6 90 90 89.8 90.2 89.4 88.8 89.1 88.7 88.5 88.7 88.2 88.3 87.2 84.6 84.2 84.1 86.4 84.5 84.6 84.6 84.5 84.6 84.6 84.6 84.6 86.3 85.7 85.7 85.8 85.8 87 87.3 87.6 85.9 86 85.9 85.3 83.6 85.1 85.3 83.6 83.6 84.7 85 84.2 83.9 83.5 83.7 84.1 84.6 84.6 84.6 84.6 84 85.5 84 84 84 84.7 84.2 84.3 84.3 84.3 84.3 84.5 84.6 84.9 85 85.1 85.7 86.3 86.2 86.1 86.1
92 92.1 91.8 91.7 91.6 91.6 91.7 91.8 91.7 90.9 90.6 90.8 90.6 90.4 90.2 90.1 89.3 88.6 88.7 88.9 88.7 88.6 88 84.2 84.1 84.2 84.2 84.2 84.2 86.7 84.6 84.6 84.6 84.6 84.5 84.6 86.2 85.8 85.7 85.8 85.8 85.8 85.8 85.8 86.9 85.9 84.8 86.1 86 85.8 85.7 85.5 83.6 84.6 84.4 83.8 83.7 82.7 82.7 82.7 83.9 84.6 84.6 84.6 84.6 84.6 85.8 84 84 84 84 84.3 84.2 84 84.5 83.2 84.8 84.6 84.8 85 85.2 85.8 86 86 86 86
91.9 91.9 91.7 91.5 91.2 91.2 91.1 91 91.1 90.7 90.5 90.6 90.4 90.2 90 89.9 89.3 88.7 88.5 88.5 88.5 84.1 84.2 84.1 84.1 84.2 84.2 84.2 84.2 84.7 87 84.5 84.6 84.6 84.6 85.6 85.7 85.8 85.8 85.8 85.8 85.7 85.7 85.7 85.9 86.4 86.2 85.9 82.7 82.7 84.3 85 85.3 84 84.8 83.5 82.8 82.7 82.7 82.7 82.7 84.1 84.6 84.6 84.6 84.6 83.8 84 84 84 83.9 83.8 84.1 83.8 84.3 83.8 84.1 84.4 84.7 84.9 85.3 85.9 86 86 86 85.9
91.9 91.8 91.8 91.4 91.2 91.2 91.1 91.2 91.3 90.7 89.5 89.3 89.5 89.5 89.6 89.4 87.5 88.9 88.6 88.5 88.8 84.2 84.2 84.2 84.1 84.1 84.2 84.2 84.5 86.6 87.2 87.2 84.6 84.6 84.9 85.8 85.8 85.8 85.8 85.8 85.8 85.8 85.7 85.8 85.8 85.8 85.8 86 82.7 82.7 82.7 85.6 84.7 84.4 84.1 83.1 82.7 82.7 82.7 82.7 82.7 84.2 83.8 84.6 84.6 84.6 83.7 85.4 83.9 84.6 84.6 84.6 83.9 84.1 83.9 83.6 84.2 84.4 84.6 85 85.4 85.8 86 85.9 85.9 85.8
91.4 91.3 91.2 91.3 91.2 91.2 91.2 91 90.7 91 89.7 89.1 89.3 89.3 89.2 89.6 89.3 89.3 88 88.2 88.3 84.2 84.1 84.2 84.2 84.1 84.2 84.2 84.2 86.8 87.1 87 87 86.7 86.6 85.8 85.8 85.8 85.8 85.8 85.8 85.7 85.8 85.8 85.8 85.8 85.7 85.5 86.2 86.3 85.7 85.8 85.7 84.1 82.7 83.5 82.7 82.7 82.7 82.7 82.7 82.7 84 82.1 84.6 84.6 84.6 85.8 84.6 84.6 84.6 84.6 83.7 83.8 83.7 83.9 86.5 84.3 84.6 84.9 85.1 85.5 85.8 85.9 85.8 85.7
91.3 91.2 91 91.1 91.2 90.5 90.1 90.3 90.3 90.5 90 89 89 89.4 89.7 90.1 89.7 89.3 89 88 89.1 87.8 84.2 84.2 84.2 84.2 84.2 84.2 84.2 84.1 86.7 86.7 86.4 86.2 86.2 86.5 86.2 85.8 85.8 85.8 85.8 85.7 85.8 85.8 85.8 85.8 85.7 85.8 86 85.4 89.4 86.7 85.8 83.3 82.7 82.7 82.7 83.7 82.7 82.7 82.7 82.7 82.7 83.6 83.2 84.6 84.6 84.8 84.4 84.6 84.6 84.6 83.5 83.4 83.6 83.8 84.1 84.1 84.4 84.6 84.9 85.2 85.5 85.8 85.7 85.3
91.3 91.1 90.9 90.8 91 90.7 90.1 89.8 90 90.3 90.6 89.8 88.2 89.2 89.6 90.2 89.8 89.5 88.4 88 87.9 87.1 84.1 84.1 84.2 84.2 84.2 84.2 84.2 84.1 84.2 86 86.5 86.2 86.2 86.2 86.4 85.9 85.7 85.7 85.8 85.8 85.8 85.8 85.8 85.8 85.7 85.6 84.1 84.2 84.8 86.1 87.6 84 83.6 84.3 85 85 82.8 83.2 82.7 82.7 82.7 82.7 83.4 84.6 84.6 83.5 84 84.6 84.6 84.6 84.6 83.4 83.5 83.8 84 83.9 84.1 84.4 84.6 84.9 85.2 85.5 85.4 85.2
91.3 91.1 90.9 90.8 90.8 90.6 90.4 89.5 89.7 89.9 90.2 90.3 89.6 89.6 88.2 89.9 89.3 89.3 89.3 85.2 84.2 84.1 84.2 84.2 84.1 84.1 84.2 84.2 84.1 84.1 85.3 84.3 84.2 86.6 86.4 86.2 86.2 86.3 86 85.9 85.8 85.8 85.8 85.8 85.8 85.8 85.9 82.6 82.6 84.9 85.6 85.7 85.8 85.8 85.3 83.6 82.6 82.6 82.6 83.1 83.5 82.7 82.7 82.7 83.3 83.4 84.6 84.6 85.1 84.6 84.6 84 83.2 83.1 83.4 83.7 83.9 83.8 84 84.2 84.4 84.7 84.9 85.1 85 84.9
91.3 91.1 90.8 90.6 90.6 90.5 90.3 89.7 89.2 89.6 89.9 90.3 90 89.7 88.8 88.8 88.8 88.8 88.5 84.1 84.2 84.1 84.2 84.2 84.2 84.2 84.2 84.2 84.2 84.1 84.2 84.2 84.1 84.1 86.5 86.2 86.2 86.2 86.1 85.6 85.8 85.6 85.8 85.8 85.7 85.6 83.8 82.6 82.6 82.6 82.6 82.6 82.6 82.6 85.9 86.5 84.9 82.6 82.6 82.6 82.6 84.1 83.6 83.5 83.2 84.2 84.4 83.4 83.7 84.3 82.4 83.3 83.4 83.4 83.4 83.3 83.6 83.9 83.9 83.9 84.1 84.3 84.5 84.7 84.6 84.5
91.4 90.4 90.8 90.6 90.4 90.2 90.1 89.9 89.7 90 90.2 90.3 90.2 89.6 89.1 88.9 88.9 88.3 87.7 87.1 84.2 84.1 84.2 84.2 84.2 84.2 84.2 84.2 84.2 84.1 84.2 84.2 84.2 84.2 86.6 86.2 86.2 86.2 86.2 86.2 86.3 85.9 85.7 85.8 85.7 85.7 84.1 83.5 82.6 82.6 82.6 82.6 82.6 82.6 82.6 86.1 85.8 86 83.9 83.2 82.6 84.2 83 83 83.2 84 83.9 84 84 84.1 83.5 83.4 83.8 83.7 83.5 83.4 83 83.6 83.9 84 84 83.9 84 84.2 84.3 84.2
91.2 90.9 90.8 90.5 90.2 90 89.9 90.2 90.4 90 89.9 89.7 90.1 89.3 89.2 89 88.9 88.6 87.7 87.2 86.7 84.2 84.2 84.2 84.2 84.2 84.2 84.2 84.2 84.2 84.2 84.2 84.2 84.2 84.2 86.6 85.4 86.2 86.2 86.2 86.2 86.2 86 85.4 84.9 85.1 85.3 84.1 82.6 82.6 82.6 82.6 85.5 82.6 83.1 86.9 86.1 84.5 84 84 83.6 84.1 82.9 83.2 83.4 84 83.1 83.4 83.5 84.4 86.5 83.7 84.1 83.2 83.3 83.6 83.6 83.3 83.9 84 84 84 84.1 84.1 84.1 84
91.2 91 90.6 90.4 90.1 89.9 89.9 90.2 90.4 90.1 89.5 90.1 90.5 89.4 89.1 88.8 88.6 88.6 87.6 87 86.6 84.2 84.1 84.2 84.2 84.2 84.2 84.1 84.2 86.6 84.2 84.2 84.2 84.1 84.1 84.2 84.2 85.9 86.2 86.2 86.2 86.2 86.2 85.1 84.5 84.5 84.7 85.3 82.8 82.6 82.6 82.6 85.5 83.5 86.6 84.1 84.3 84.2 84.8 84.3 83.6 83.5 84 82.8 83.1 83.8 83.8 83.5 83.6 83.5 83.9 83.7 84.5 81.6 83.2 83.6 82.8 83.3 83.9 84.1 84.1 84.1 84.1 84 83.9 83.9
93.5 93 90.6 90.4 90.2 89.7 89.7 90 90.2 90 90 90.1 90.1 90 89.1 88.8 88.7 88.6 86.9 86.3 84.2 84.1 84.2 84.1 84.2 84.1 84.2 84.2 84.5 86.2 86.2 86.6 84.2 84.2 84.2 84.1 84.2 86.5 86 86.2 86.2 86.2 86.2 84.5 84.5 84.5 84.5 84.7 83.4 82.6 82.6 82.6 82.6 86.8 84.6 84.3 84.2 84.3 84.3 84.9 83.8 83.9 83.8 82.6 82.9 83.2 83.6 82.7 83.6 83.7 84.4 84.1 81.9 83 83.1 83.7 83.3 83.3 83.9 83.9 84.1 84.1 84.1 83.9 83.8 83.8
95.5 94.1 91.8 91.3 90.1 89.4 89.5 89.7 90.3 90.3 90.2 90.1 90 89.6 89.5 88.8 87.9 88.9 87.8 84.1 84.1 84.2 84.2 84.2 84.1 84.2 84.2 84.1 86.2 86.2 86.2 86.2 86.2 86.4 84.1 84.1 84.2 84.1 86.4 85.8 85.5 86.2 86 84.5 84.5 84.5 84.5 84.5 84.5 84.4 85.5 82.6 84.9 84.5 84.3 84.3 84.2 84.3 84.3 84.2 84.2 84.2 83.7 83.7 82.6 82.9 83.3 83.2 82.6 83.5 83.3 84.2 81.9 83.3 83.3 83.8 83.3 83.9 83.9 83.9 83.2 84 83.9 83.8 83.7 83.8
96.5 95.4 93.7 92 91.2 89.4 89.4 89.6 90.4 90.3 90.2 90.1 89.2 89 89.2 87.7 88.9 86 88.9 84.2 84.1 84.1 84.2 84.2 84.2 84.2 84.2 86.1 86.1 86.2 86.1 87.2 86.2 86.1 86.2 86.6 84.2 84.2 84.2 85.4 84.9 85.9 85.5 84.5 84.5 84.5 84.5 84.5 84.5 84.5 84.5 85 84.4 84.3 84.3 84.2 84.3 84.2 84.9 84.3 84.2 84.3 83.8 83.6 83.5 82.7 82.7 82.3 83.2 83 83.5 83.6 82.1 81.9 83.8 83.5 83.9 83.9 83.9 83.7 83.3 83.6 84 83.9 83.8 83.6
96.4 95.7 94.8 93.4 92.1 90.9 89.6 89.7 90.1 89.8 89.8 89.6 88.7 88.8 89.1 88.5 88.9 88.9 88.9 88.9 84.3 84.2 84.2 84.2 84.2 84.2 86.5 86.2 86.2 86.2 86.1 86.2 86.1 85.6 86.2 86.1 86.2 86.3 84.2 84.2 84.7 85.8 84.6 84.5 84.5 84.5 84.5 84.5 85.7 84.5 84.5 84.6 84.3 84.3 84.2 84.3 84.3 84.3 84.7 84.3 84.3 84.2 84.2 83.3 82.8 83.9 83.3 82.9 83.2 83.4 83.4 83 84.5 83.6 83.3 83.4 83.9 83.9 83.9 83.9 83.5 83.6 83.8 84 83.8 83.4
95.7 95.3 94.6 93.3 91.7 90.2 90.4 89.9 89.8 89.5 89 88.9 88.8 88.6 88.4 88.8 88.9 88.9 88.9 88.9 86 84.2 84.1 84.2 84.2 84.3 86.2 86.2 86.2 86.2 86.2 86.2 86.1 86.2 86.2 86.1 86.2 86.2 86.2 86.6 85.8 85.4 85.6 86.5 84.5 84.5 84.5 84.5 85.8 85.8 85.5 85.1 84.3 84.2 84.3 84.3 84.3 84.2 84.3 84.2 84.2 84.3 84.3 83.7 83.2 83.3 83.5 82.8 83.2 82.1 83.7 83.2 83.3 84 87 83.3 83.9 83.9 83.9 83.9 83.5 83.3 83.7 83.8 84 83.5
