app/static/ascii/SU17.asc
ncols 200
nrows 200
xllcorner 410000
yllcorner 170000
cellsize 50
[rows 70 to 104 of 200, columns 78 to 155 of 200]
227.8 231.5 233.5 232.3 230.5 229.2 228.6 228.2 227.2 226.2 225.1 223.6 221.9 218.7 221 223.1 228 235.8 241.5 243.3 244.7 248.4 250.3 248.6 249.4 251.3 250.2 250.7 250.7 249.9 248.1 244.4 238.6 230 222.3 216.2 221.4 220.5 210.7 214.7 218.9 217.6 217.6 219.3 220.8 222.2 221.9 221.3 219.9 218.7 215.9 213.4 211.5 208.5 204.3 200.4 196.6 194.3 192.8 191 188.9 185.9 183.2 180.7 177.9 176.3 174.5 172.8 171.6 170.5 169.2 167.6 166.3 165 163.9 162.9 161.7 161
232.1 235.8 238.3 237.5 236.3 235.1 234 231.5 230.1 229.5 228.9 227.8 226.8 225.9 228.5 232.6 238.8 245.4 251.1 252.8 253 254.9 256.8 256.3 257.3 257.2 257.3 257.3 257.1 255.7 254.4 250.5 244.7 238.6 226 227.5 231.3 226.7 221.2 230 232.1 231.3 230.5 231.2 232.3 232.3 232.1 231.2 229 227 224.7 222.5 220 214.8 208.1 204.1 200 198 195.7 194.2 192.2 190.3 186.8 183.5 180.3 178 175.9 174.2 172.8 171.7 170.6 169.1 167.6 166.1 164.8 163.4 162.2 161.5
238.5 241.5 243.8 242.5 241.4 239.8 237.8 235.7 232.7 231.9 231 230 229.6 230.3 234.6 240.2 246.7 252.9 255.1 258.2 258.9 259.8 259.6 260.7 262.2 262.4 262.3 262.3 262.3 261.4 259.1 256.7 251.5 244.2 232.8 240.6 240.1 229.7 237.1 242.3 243.4 242 242 241.7 241.4 241.2 241.3 239.7 234.9 230.3 229.7 231.8 228.7 218.8 210.7 204.9 201.5 199.2 197.5 195.8 193.5 191.3 187.8 184 181.1 178.7 176.6 174.9 173.6 172.6 171.6 170.8 169.5 168.2 166 164.7 163.3 162.7
246 247.9 248.3 247 245.4 243.2 239.8 236.6 233.6 231 230.1 229.9 229.7 231.3 234.5 243 252 254 258.7 260.9 262.4 264 264.3 261.8 265.3 265.2 265.3 265.2 265.3 264.4 263 261.3 256.8 250.4 243.5 249.5 245.6 240.9 248 250.2 250.9 249.9 247.7 247.2 246.5 242.5 237.4 231.8 225.6 221.4 220.7 223.8 225.9 217.3 210.3 204.6 200.8 198.4 196.8 194.9 192.4 189.6 185.6 181.5 178.8 176.8 175.3 173.8 173.6 172.4 172 172.1 171 170 168.3 166.2 164.9 163.6
253.5 253.7 252.7 250.5 247.5 243.3 239.1 235.6 232.5 229.7 228.2 227.4 226.5 227.8 231.4 240.1 251.2 257.3 259.7 262 263.7 264.6 264.7 264.5 264.8 265 265.6 266.3 266.6 266.2 265.4 264 261 257.2 253.6 255.3 251.3 251.4 255.3 256.1 255.7 253.8 250.7 247.3 241.5 234.5 225.6 219.2 213 209.4 208.2 214.1 217.7 213.7 207.8 202.8 198.7 195.6 194.1 192.4 189.7 185.4 181.1 178.1 176.5 175.3 174.4 173.7 173 172.1 171.5 171.7 171.3 170.7 169.3 167.3 165.8 164.3
258 257.4 255.9 252.8 248.4 243.3 238.4 234 230.9 228.7 227.7 224 223.4 223.8 226 236.8 248.2 254.3 257.8 261.9 263.7 264.8 264.1 263 263.2 263.3 264.2 265 266.7 267 266.8 265.9 264.3 262.1 260.6 260 256.8 258.6 260.3 260 258.6 255.5 250.3 243.8 235.6 227 222.1 216.7 213.7 209.9 204.5 204.7 209.8 208.8 205.4 200.9 197.1 193.5 191.2 188.9 185.1 181.4 178.7 177.2 177.1 176.6 175.5 174.7 173.5 172.2 170.5 170.6 170.7 170 169.5 168.5 166.9 165.5
258.9 258.1 257.1 253.8 249.6 243.9 238.9 235.4 232 229.4 227.5 224.8 221.5 219.4 221.5 230.3 241.1 250.3 254.9 258.6 260.6 261.4 260.8 260.2 258.2 257.3 258.6 262.5 264.9 265.5 266.8 267 266.5 265.6 264.2 263.8 261.7 262.8 263.3 262.1 260.1 256.7 251.2 243.1 235.6 234 229 223.9 218.7 212.3 205.9 199.5 202.6 203.2 202 199.4 195.8 193.5 190 185.6 182.3 179.7 178.9 178.8 179.4 178.3 176.9 174.8 173.5 172.2 170.6 169.3 169.7 169.6 169 168.2 167.2 166
258.4 257.6 256.7 254.5 250.2 244.9 241.2 237.6 234.3 230.7 227.1 225.1 221.9 218.2 217.5 223.2 231.7 244.9 252.6 257.6 260.4 261.2 260 256.4 251.3 248.6 252.2 259.2 262.6 264.7 266.6 267.3 267.3 267.3 266.7 265.8 265.8 265.7 265.2 264.1 261.5 258.9 253.9 248.3 244.6 240 234.3 227.7 220.1 212.9 206 199.9 195.8 197.9 197.7 196.5 194.5 192.7 190.7 186.7 182.1 179.7 180.9 181.7 182.6 181 178.5 175.1 172.9 171.9 170.6 169.2 168.4 168.6 168.3 167.6 166.3 165.2
258.7 257.8 256.8 255.7 252.5 249.2 244.3 239.9 235.1 230.6 226.3 223.1 221 217.2 213.8 214.7 222.8 237.1 248.6 254.8 258.2 259.1 257.6 252.6 243.6 241 244.8 253 257 260.2 263.9 266.5 267.4 268 267.8 267.9 267.2 266.9 266.5 265.4 263.7 260.7 257 252.8 248.6 243.8 237.4 229 220.9 212.5 205.2 199.3 195 192.7 192.3 190.8 189.8 189.2 188.3 185.3 181.9 181.6 183 185.1 187 183.9 179.6 175.7 173 171.6 170.1 168.9 168.1 167.2 166.6 166.3 165.4 164.5
259.1 258.1 256.9 255.6 254.7 251.6 246.8 240.3 234.1 229.4 225.2 221.2 218.5 216.1 212.5 212.3 215.1 228.5 243.2 251.1 255.8 256.9 255.9 251.4 243.1 232.1 237 246.1 247.5 252.4 260 265.2 267.5 268.1 268.1 268.1 267.9 267.5 267.2 266.4 264.8 262.3 259.1 254 249.1 243.3 235.8 226.4 217.2 208.1 202.5 198.9 196.4 194.1 192.6 190.9 188.6 186.5 184.4 183.2 183.5 184.4 186.8 189.1 189.1 185.4 180.5 176.3 173.8 172.1 170.8 169.6 168.3 167.6 166.9 166.3 165.8 165.3
257.9 256.8 256.6 255.3 253.2 250.6 244.4 237.4 231.4 227.1 222.9 218.9 216.1 214 211.2 209.7 211.6 221 235.9 247.9 253.3 253.5 252.5 248.4 240.9 231.9 227.9 235.4 233.9 243.5 257.4 263.5 266.8 267.9 267.7 267.8 267 267.2 267.3 266.5 265.7 262.7 259.1 253.8 248 240 231.8 222.5 215 212.2 207 202.7 201.3 199.2 199.1 197 192.9 188.2 186 185.9 186.9 187.9 190.7 191.5 190.2 187.3 183.2 178.8 175.6 173.3 171.7 170.3 169.5 168.8 168.3 167.7 167.1 166.1
255.3 254.3 253.8 250.3 245.8 241.8 237.2 232.2 227.6 223.3 219.2 216.6 214.4 212 209.8 207.7 209.1 215.1 229.1 241.8 248.3 249.7 248.1 243.1 236.2 229.3 219.3 221.9 228.2 244.5 255 261.7 265.4 267 268.6 267.5 268 267.7 267.2 266.6 264.9 262.8 259.1 255.5 249.9 244.4 238.2 230.9 225.7 220.4 213.1 210.3 209.5 207.2 206.1 201.4 195.5 191 190.2 190.2 192.4 193 194.6 194.9 192.9 190.1 185.7 180.6 177.6 176 173.7 171.6 170.8 170.4 169.7 168.8 167.9 167
248.1 247.2 246.3 241.7 236 232 228.7 225.9 222.8 219 216 213.6 212 210.4 208.2 205.9 206.6 212.6 220.7 231.5 240.2 244.8 240.5 234.1 229 223.6 216.3 216.5 228.8 245.1 253.4 259.5 263.5 265.5 266.9 267 267.7 267.8 267.3 266.5 265.1 263 259.6 256.8 252.6 249 244.8 239.1 233.4 227.7 222.8 221 219.6 217.1 213.5 208.8 202.2 199 199.5 200.3 201.8 200 200.2 199.4 196.6 192.4 187.8 182.9 182.2 179.7 176.3 173.6 172.3 171.4 170.9 169.6 168.5 167.6
240 235.2 232.8 228.9 225.7 222.7 221.4 220.1 217.6 214.9 212.7 211 210.1 208.6 206.6 204.4 204.4 208.6 213.1 219.1 226.6 230.8 228.8 226.5 222.5 218.1 213 214.6 226.9 242.3 250.9 256.3 260.5 264.5 266.3 266.8 266.7 267 266.6 265.6 264.1 262.7 260.2 257.4 254.3 251.4 247.4 244.4 240.3 234.4 231.8 230.4 229 226 222.4 218 214.5 212.5 212.5 212.5 211.8 209.6 208.5 205.2 201 195.6 190.5 186.5 185.9 182.9 179.3 176.2 174.4 172.8 172 170.8 169.8 168.5
233 227.3 223.3 221.5 217.8 215.6 213.7 213 212.3 211.7 209.8 208.1 207.8 206.7 204.8 202.9 202.3 204.8 209 213.1 218.4 220.8 221.6 219.3 216.7 212.9 208.4 218.4 233.8 244.9 249.6 251.7 256.9 261.9 265.3 266.3 266.1 266 265.2 263.6 261.7 260.2 258.3 256 254 251.9 248.4 245.4 242.5 239.8 238.1 237 236.6 234.6 231.5 227.2 225.2 224.9 224.2 222.9 221.2 218.8 216.2 212.3 206.6 200 193.7 189.9 188.4 184.9 181 177.7 175.7 174.1 173 171.9 170.6 169.4
234.8 230.3 228.7 226.6 224.1 220.3 215.3 210.9 208.6 207.8 206.6 205.5 205.2 205 203.3 201.5 200.6 203.6 205.7 209.2 212.7 215.2 216.5 215.5 212.7 205.9 209.4 221.7 235.1 244.1 246 246.2 253.1 258.7 262.9 264.5 265.1 264.7 263.2 261 257.9 256.5 254.5 252.2 252.2 251.6 248.5 246.5 244.2 242.4 241.3 240.1 241.1 239.2 235.7 233.3 233.2 233.1 233.2 231.4 229.4 227.6 224.2 219 212.2 205.7 199.7 194.5 190.7 186.6 182.2 179.2 177.4 175.8 173.9 172.3 170.9 169.3
240.9 240.7 238.6 235 229.6 223.9 217.7 212.4 209 206.1 204.3 203.3 202.8 202.6 201.8 200.2 199.3 202.1 203.4 205.9 209.1 211.6 212.9 211.4 207.8 203.5 213.1 221.8 231.5 238.4 237.9 237.4 249 254.6 258.4 261.5 263.2 263.7 262.4 258.6 253.7 251.1 249.6 247.3 247.1 248 245.9 244.5 243 242.7 242.6 242.2 241.2 238.2 234 232.8 234.6 237.9 235.7 234.8 234.2 233.8 230.8 225.2 218.9 211.6 206.1 200.4 194.4 188.8 184.8 182.1 180.2 177.5 175 172.7 171 169.5
252.1 250.1 246.4 241.3 234.2 226.2 218.5 213.3 210.3 207.6 205.4 203.3 201.4 200.2 199.4 198.6 198 200 200.8 203.6 207.2 209.1 209.9 208.9 205.3 202.9 210.7 216.3 221.6 225.3 222.3 235.7 243 249.2 253.3 256.6 260.8 262.1 261.5 260 256.5 251.7 246.3 242.2 238.3 238.5 235.1 234.1 232.1 229.8 228.3 226.4 224.7 221.1 217.7 216.7 219.9 224.8 229.7 234.5 235.9 237.1 231.8 228.7 224.4 218.1 212.1 206.1 199.6 193.1 190 186.1 182.1 178.9 175.8 173.4 171 170.1
257.3 254.7 250 243.1 234.7 225.8 220.3 215.8 212.1 208.7 205.9 204.1 202.2 200.3 198.6 197.4 196.3 197.1 199.2 202.4 205 207.2 207.4 207.1 203.9 200.4 205.4 208.3 211.3 211.8 220 229.4 237.5 243.2 245.8 250.8 257.3 260 261.4 261.1 259.8 256.1 253.1 250.2 245.2 238.9 232.7 224.3 217.4 213.5 212.6 212 209.8 205.8 200.3 198.9 204.1 208.7 214.3 219.8 224.8 229.3 230.9 229.2 227.3 224.1 218.2 212.4 206 200.8 194.9 189.3 183.3 180.1 177.7 174.3 172.1 173.5
258.3 254.9 250.6 244.2 236.3 230.2 223.9 217.6 212.2 208.8 206.4 204.4 202.5 200.6 199 197.4 196 195.4 197.5 200.6 202.7 204.9 205.8 205.4 202.1 198.9 198.6 201.7 203.7 205.5 213.3 221.9 233.8 234.7 234.5 246.4 251.7 256.7 260.3 261.7 261.1 259 257.1 253.6 248.7 243.3 237.8 230.8 223.6 216.6 208.8 207.6 204.6 203.8 203.2 201 196.3 194.5 200.4 204.7 207.8 210.5 216.5 222.9 226.6 226 223.8 218.6 213.3 207.4 200.3 192.8 189.1 184.5 183.5 180.4 178.7 181.2
258.7 254.9 250.7 245.6 238.8 231.3 223.9 217 212.3 209.5 206.8 204.7 202.5 200.6 199.1 197.7 195.8 194.5 195.6 199 200.9 203.1 203.5 203.6 202.5 199.9 196.1 196 197.9 202.7 209.5 216.4 221.4 220.6 232 239.7 246.5 254.4 259.3 261.9 261.9 260.9 259.1 255.7 251.2 245.2 238.6 231.7 224.2 216.7 218.6 216.4 211.7 211.3 209.6 206.3 200.1 193.5 190.3 192.2 192.7 193.9 199.1 206.6 216.3 224.2 225.2 223.3 219.3 212.8 205.1 201.7 196.6 191.4 190.5 187.9 186.3 191.4
258.1 255 251.3 246.6 239.7 231.6 225.6 219.8 215.2 211.3 208.4 205.8 203.6 201 199.3 197.9 195.6 194.1 193.5 196.8 199.1 200.4 201.5 201.1 200.7 199.1 196.4 192.9 195.4 199.8 203.1 206.5 207.7 215.6 223 234.5 244.3 251.9 257.7 260.8 262.1 261.7 260.4 257.1 253.2 247.5 241.1 235 227.8 226.8 227.2 224.6 222.1 220.2 215.8 209.5 202 194.7 190.9 190 189.1 187 184.7 192.2 200.8 211.5 221.8 224.6 222.8 217.9 213.8 211.3 205.8 199.3 196.6 196.8 199.7 200.2
257.2 254.9 253.1 250.1 245 238.7 232.9 227.5 221.8 215.4 211.1 207.5 204.3 201.7 199.5 198.1 195.9 194.1 192.8 194.2 197.1 198.5 199.1 198.8 198.4 197.6 196.3 192.9 191.4 194.8 197 198.3 201.2 209.4 218.5 230.4 242.1 248.5 254.7 258.8 260.8 260.9 260.3 257.9 254.5 250.4 245.4 240.8 238.8 237.6 236.7 234.4 231.2 226.6 219.5 211.6 201.2 194.7 194.1 194.4 193.4 192.1 187.7 183.1 188.2 197.2 210.4 222.8 223.8 222.6 221.4 219.6 215.2 212.8 211.4 211.3 210.6 206.8
254 255.2 255.9 253.4 250.4 244.9 238.9 233.2 226.2 219.6 214.1 209.1 204.8 201.7 199.3 197.1 195.8 194 192.5 192 194.7 196.6 196.7 196.4 196.1 195.6 194.6 192.5 189.6 190.3 192.4 193.9 197.6 204.3 214.7 227.7 237.6 245.3 251.3 255.6 258 259.1 259 257.4 255.5 252.5 249.2 246.1 244.4 243.8 242.4 240.1 236.4 230.9 221.9 211.6 205.2 202.1 201 199 197.7 194.8 190.2 184.7 181.4 188.6 200 217.6 223.3 223.7 223.5 223.2 221.7 220.9 221.2 220.9 218.1 211
244.2 246.3 251.4 252.7 251.1 248.5 244.2 236.7 229.5 222.9 216.6 210.3 205.8 202.3 199.2 196.7 194.5 192.9 191.8 190.8 192 194.6 194.6 194.3 193.4 193.4 192.6 191.5 189.1 187.2 188.5 191.4 195 199.9 210.7 226.2 235.8 242.7 247.1 251.2 253.8 256.1 257.1 256.4 255.8 254 251.4 250 247.6 246.7 245.6 243.9 240 234.3 227.3 220.1 215.4 213.2 209.8 205.7 201.1 195 189.4 184.6 180.7 182.3 191.5 203.1 210.8 214.1 221 222.3 222.5 222.7 223.1 223 217.9 209.9
224.8 230.9 237.2 241.5 244.3 247.4 244.7 239.9 232.6 225.7 219.1 212.4 206.7 202.4 198.9 196 194.4 193.1 192 190.2 189.8 191.2 192.1 191.6 190.8 190.3 189.3 189 187.6 185.8 187.4 191.2 196 202.9 214.3 227.2 235.7 240.6 243.5 246.5 249 252 253.3 252.7 253.6 252.6 251.1 250 248.2 247.1 247.1 246.3 243.1 238.8 233.5 228.3 223.5 220.2 215.7 209.2 202.1 194.6 187.8 183.3 181 179.3 185.3 188.6 192.4 197.1 203.9 211.5 219 221.7 222.1 221 215.9 208
211.7 214.3 218.3 221.3 229.7 240.1 243.2 241.6 235 228.3 220.9 213.4 206.6 201.9 197.9 196.8 196.1 195.2 193.4 191.5 190 188.5 188.8 188.2 187.8 186.6 185.8 185.7 184.5 184.1 187.1 191.5 197.9 206.8 219.2 228.6 234.6 237.7 239.5 240.7 242.6 246.1 247.9 247.3 247.3 246.4 245.6 244.9 245 247.3 248.2 248.8 247 244 239.5 234.7 229.8 224.7 217.8 209.4 200.9 192.2 185.8 182.2 179.6 179.1 177.7 178.5 181.8 185.3 188.3 194.5 203.9 213.8 219.4 220 215.7 207.2
213.1 209.5 206.3 206.6 213.1 221.3 231.3 239.7 237.5 230.6 223.5 214.8 206.1 202 200.9 200.4 199.3 197.9 195.5 192.9 191 189.3 188.4 186.9 187 186.4 186 185.2 183.8 182.9 186.7 192 199.1 208.5 219.4 228.7 232.4 234.2 235.4 235.4 236.8 239.4 240.4 240.1 239.1 238.5 239 240.4 241.8 244.9 249.3 251.4 249.8 247.5 244.1 239.1 232.6 226.1 217.4 207.5 197.1 189.2 184.6 181.2 181.4 181.1 179.4 177.6 176 176.1 178.6 182 187.4 198.4 214.2 219.1 215.6 207.3
217.4 213.5 209.7 204.6 201 205.8 214.4 231.6 237.3 235.1 228.9 221.2 215.4 211.4 209.5 207.3 205.6 202.5 199 195.9 193.3 190.8 189.4 188.9 188.4 188.2 187.5 187.2 185.2 182.8 184.5 192.2 198.9 206.6 216.4 226 229.7 230.5 230.9 230.6 231.3 232.9 233.5 232.7 231.3 230.9 233.8 235.6 237.7 243.1 247.3 251.3 251.4 250.1 246.7 241.4 234.8 227.1 217.4 207.7 196.2 187.4 183.7 182 182.9 183.5 182.7 181 178.5 176.3 174.2 173.2 176.8 188.1 206.2 216 215.2 209.3
217.9 215.9 212.6 207.4 201.4 198.5 204.5 221.4 235.2 238.3 234.2 229.3 225.5 222 219.3 216.3 213 208.9 204.8 200.8 197.2 194.6 192.5 192.1 191.6 191.5 191.2 190.2 188 183.8 181.9 190.2 196.3 203 210.6 216.5 222.8 224.6 224.3 226.1 225.2 227.7 227.6 224.9 223.4 221.9 227 227.4 231.4 236.2 241.5 248.6 252.1 252.1 248.5 242.2 235 226.4 215.9 205.9 195.5 188 184.6 183.4 184.7 185.6 184.9 182.5 181.2 179.2 176.9 174 171.9 179.1 191.2 206.8 215.8 212.4
213.1 211.7 210 207.8 202.9 197.1 201 219.6 234.1 239.2 237.7 235 231.7 228.7 226 223.3 219.5 215.5 211.7 208 204 200.6 198.7 196.6 195.5 195.4 193.9 191 189 185.6 181.3 186.3 192.3 197.8 202 205.8 210.6 214 216.2 219.4 216.5 219 218.6 216.7 213.9 216.5 220.7 218.3 219.9 225.7 238.8 249.8 253.1 252.8 248.6 242.1 232.8 223.4 212.4 202.7 193.8 188 185.5 184.9 186.9 187.8 186.4 184.8 183.2 181.7 180.9 178.3 173.1 171.3 179.1 192.2 209.4 213.2
208.3 206.9 206 204.5 201.8 194.9 201.8 221.4 231.9 238.4 237.8 236.8 235.2 233.1 231.1 228.2 224.4 220.7 216.6 213.2 209.8 207.1 204.5 201.9 199.6 197.3 194.4 191.5 188.9 185.9 179.8 182.4 188.9 192.4 195.8 197.3 200.7 203.3 207 207.9 206.2 206.6 205.8 205 202.9 207.9 209.4 208.6 210.1 223.3 239.2 250.7 254 253.3 248.8 242.7 233.4 223.7 211.2 199.7 191.4 189.1 187.2 187.7 189.7 190.2 188.9 186.5 185.1 184 182.4 179.8 175.7 171.2 172.1 182.8 196.6 206.6
203.5 202 200.8 199.7 198.7 193.5 202.5 218.6 227.1 233.2 233.7 233.9 233.7 231 231.9 230.9 227.5 223 218.6 215.1 211.7 209.1 206.4 203.2 200.7 197.7 194.3 190.9 187.7 184.8 181.5 180.1 186.4 189.7 191.3 192 194.1 197.5 200.5 200.3 199 196.9 196.9 196.9 195.9 198.1 199.5 201.1 212.2 226.3 242.3 251.8 254.9 253.8 250.5 244.6 236.2 225.2 212.5 202.5 197.2 194 190.5 191.3 193.6 192.4 190.3 187.6 184.8 183.6 182 180.2 177.5 173.1 169.5 175.1 186.7 203
199.5 198.4 197.5 195.2 194.2 193 195.5 207.8 217.3 223.1 223.8 224.5 225.1 225.4 225.4 228.3 226 222.3 217.5 214.6 212.1 209.4 206.6 203.6 200.6 196.6 192.8 189.3 186 183.5 180.8 179.1 184.6 187 187.5 188.5 190.7 193.1 194.3 194.1 192.8 190.7 190.4 190.6 190.7 191.7 194.7 202.7 215 232.2 244.7 252.2 255.3 254.7 251.5 246.4 238.6 228.8 219.4 210.7 207.2 201.9 196.9 197.8 197.7 195.3 192.2 188.3 184.8 181.5 181 179.6 177.8 174.4 169.8 170.2 179.5 191.7
202 200.6 199 197.6 196 193.1 191.2 195.8 206.5 209.9 211.7 213.3 215.1 216.8 217.5 218.8 218.4 216.4 214.5 212.2 210.1 207.9 205.6 202.6 199.4 196.3 192.2 187.9 185 182.5 180.5 179.4 182.4 184.2 185.2 186.2 188.2 189.4 189.3 188.9 188.4 186.7 185.7 185.8 187.3 192.7 199.3 210 224.1 237 246.2 252.6 255.6 255.3 252.7 248 242.1 233.8 226.2 219.9 214.9 208.6 206.5 204.3 202.1 198.3 193.6 188.5 184.5 181.2 178 178.5 176.9 174.7 171.1 167.8 172.3 182.9
