app/static/ascii/SU19.asc
ncols 200
nrows 200
xllcorner 410000
yllcorner 190000
cellsize 50
[rows 38 to 75 of 200, columns 86 to 171 of 200]
82.7 82.7 82.7 82.8 82.9 83.1 83.6 83.5 83.2 83.4 83.7 83 82.7 82.3 82.1 81.8 81.6 81.3 81 80.8 80.5 80.2 80 79.7 79.5 79.2 79.1 79.1 79.1 79.1 79.1 79 78.5 78.1 78.2 77.5 77 77 77.1 77.7 77.4 77.4 77.1 76.9 76.6 76.3 76.3 76.4 76.4 76.4 76.5 76.5 76.4 76.4 76.3 76.1 76 75.8 75.7 75.8 72.8 72.8 74.4 72.8 72.8 72.8 72.8 74.6 75.5 74.8 74.7 74.5 74.9 75.9 76.4 76.9 77.5 78.5 79.3 80.6 82.3 84.1 85.6 86.3 86.7 86.8
82.3 82.5 82.6 82.7 82.8 82.9 83.2 83.5 83.2 83.5 83.5 83.5 83.1 82.7 82.4 82.2 82.1 81.8 81.6 81.3 81.2 80.6 80.4 80.1 79.9 79.6 79.5 79.5 79.4 79.4 79.4 79.3 78.8 78.3 78.3 77.3 77 77.3 77.4 77.4 77.3 77.3 77.3 77 76.7 76.6 76.4 76.3 76.4 76.4 76.4 76.4 76.3 76.3 76.3 76.2 75.9 72.8 72.8 72.8 72.8 72.8 72.8 72.8 72.8 72.8 72.8 72.8 75.9 75.1 74.5 74.8 75.9 76.6 77.2 78.2 79.3 80.1 82 83.8 85.5 87.6 89 89.4 89.9 90.3
82.1 82.4 82.6 82.6 82.4 82.5 82.8 83.1 83.3 83.4 83.6 83.7 83.5 83 82.7 82.4 82.2 82.7 83 82.4 81.6 81 80.7 80.5 80.3 80 79.8 80 79.9 79.9 79.8 79.6 79.1 78.6 78.2 77.4 77.2 77.1 77.4 79.9 77.2 77.4 77.5 77.2 76.8 76.8 76.7 76.6 76.4 76.4 76.4 76.4 76.4 75.2 72.8 72.8 72.8 72.8 72.8 72.8 72.8 72.8 72.8 72.8 72.8 72.8 72.8 73 72.8 75.6 74.8 75.9 76.5 77.3 78.8 80.1 81.2 83 84.9 86.7 88.5 89.5 90.7 91.8 91.9 91.6
81 82.4 82.3 81.7 81.7 81.9 82.6 82.9 83 83.5 83.7 83.8 83.7 83.3 82.9 82.5 82.1 82.6 83 83.1 82.3 81.4 81 80.9 80.7 80.3 80.1 80.4 80.4 80.3 80.1 79.8 79.3 78.8 78.2 77.8 78.5 77.4 76.7 77.1 79.7 77.9 77.9 77.3 76.8 76.8 76.8 76.6 76.5 76.5 74.7 74.7 74.7 74.3 73.3 72.8 72.8 72.8 72.8 72.8 72.8 72.8 72.8 75.1 72.8 74.7 72.8 72.8 72.8 74.4 76 76.6 77.1 78.8 80.4 82 83.8 85.8 87.7 89.6 90.6 91.2 92.2 92.4 92.2 91.7
80 81.1 80.9 80.8 81.3 81.4 82.5 82.6 82.6 83 83.7 83.5 83.7 83 82.6 82.5 82.2 82.5 82.8 83 82.4 81.6 81.2 81 80.9 80.7 80.4 80.8 80.7 80.5 80.2 79.9 79.5 78.4 78.1 79.1 78.4 76.9 76.6 76.5 76.9 77.4 77 77.1 76.9 76.8 77 76.5 76.1 74.7 74.7 74.7 74.7 74.5 73.8 72.8 72.8 72.8 72.8 72.8 72.8 72.8 72.8 72.8 72.8 73.8 72.8 72.8 74.6 76 76.5 77.1 78.9 81.1 82.9 84.6 86.5 88.5 90.3 91.1 91.5 91.9 92.4 92.5 91.6 90.1
79.9 80.1 80.2 80.3 81 81.3 81.8 82.3 82.7 82.6 83.3 88.2 83.5 82.5 82.3 82.2 82.2 82.2 82.6 82.6 82.1 81.5 81.2 81 80.8 80.7 80.6 80.5 80.5 80.8 80.5 80.1 80.4 79 78.9 79.7 77.6 76.8 76.5 76.2 76.3 76.4 76.4 76.9 76.9 76.8 76.6 76.3 75.8 74.7 74.7 74.7 74.7 74.7 73.9 73.1 72.8 72.8 72.8 72.8 72.8 72.8 76.3 77.1 72.8 72.8 74.5 73.2 75.7 76.4 77 78.7 80.6 83.3 85.3 87.1 89.2 90.6 91.3 91.7 92.1 92.5 91.8 91.4 89.8 88.1
79.8 79.3 79.5 79.8 80.6 81 80.9 81.4 81.5 81.9 82.5 83.1 88.9 82.5 82.3 82.1 82 81.7 81.9 81.8 81.9 81.5 81.3 81.1 80.9 80.8 80.8 80.9 81.2 80.9 80.6 80.4 80.8 79.3 79.2 79.2 77.3 76.9 76.8 83 76.1 79.1 76.3 76.9 77.1 76.8 76.5 76.2 75.8 74.5 74.7 74.7 74.7 74.7 74.7 74.7 74.4 72.8 72.8 72.8 76 76.6 75.2 72.8 72.8 72.8 74.9 75.4 76 76.7 78.1 80.2 82.3 85.2 87.1 89.1 90.4 91.3 91.6 92.3 92.3 91.6 90.5 89.3 87 85.4
79.7 79.2 78.9 78.6 79.2 80 79.9 80.2 80.6 81 81.3 81.8 82.4 82.5 82.3 82 81.9 81.5 81.2 81.5 81.8 81.6 81.5 81.3 81 80.9 81 81.1 81.2 80.9 80.6 80.6 80.7 79 80 78.5 77.4 76.8 76.4 76.3 76.2 76.2 76.1 76.5 76.8 76.6 76.3 76.1 75.8 75.8 74.7 74.7 74.7 74.7 74.7 74.6 73.8 73 76.7 75.8 76.5 73.6 72.8 72.8 72.8 74.7 75.3 75.6 76.3 77.7 79.1 81.5 84.4 86.6 88.6 89.9 91 91.9 91.9 91.8 91.1 90.3 88.5 86.5 84.1 82.7
79.6 78.8 78 77.9 78.4 78.6 79.1 79.5 79.9 80.2 80.5 81 81.7 82.1 82.1 82 81.8 81.4 81.4 81.6 81.8 81.8 81.7 81.7 81.6 81.2 81.3 81.3 81.2 80.9 80.7 80.7 80.4 79.2 79.1 78.2 77.5 76.8 76.6 76.4 76.4 76.3 76.3 76.3 77 76.6 76.1 75.9 78.6 75.7 74.7 74.7 74.7 74.7 74.4 72.8 73.1 75.3 75.7 75.5 72.9 72.8 72.8 72.8 74.6 75.3 75.6 76.2 76.9 78.6 80.1 83.2 85.8 88 89.3 90.5 91.1 91.4 90.9 90.2 88.8 86.1 84.4 82.7 81.8 81
78.9 78.3 77.8 77.8 77.8 78.3 78.4 78.8 79.1 79.6 80 80.5 81.1 81.6 81.7 81.7 81.7 81.5 81.5 81.7 81.7 81.8 81.6 81.7 81.7 81.6 81.4 81.2 81.1 81 80.7 80.6 80.2 79.8 79.1 78.4 77.7 77.3 76.9 76.5 76.4 76.3 76.3 76.5 76.8 76.5 75.9 79 79.4 75.6 74.7 74.7 75.8 72.8 72.8 72.8 72.8 72.8 75.1 72.8 72.8 72.8 72.8 75 75.4 75.7 76.1 76.9 77.6 79.1 81.1 84.5 87.2 88.7 89.9 90.3 90.4 89.3 87.7 86.6 84.9 82.9 81.3 80.6 80 79.6
78.2 77.8 77.7 77.7 77.7 77.8 77.9 78.1 78.6 79 79.5 80 80.5 80.8 81.3 81.4 81.6 81.5 81.3 81.8 81.8 81.8 81.6 81.6 81.5 81.4 81.3 81.1 81 81.1 80.7 80 79.2 79.8 79.2 78.6 78 77.4 76.9 76.5 76.3 76.2 76.4 76.6 76.9 76.7 75.9 75.9 78.4 75.9 74.2 75.6 75.4 75.2 74.2 73.6 72.8 72.8 72.8 72.8 72.8 72.8 75.1 75.9 76.1 76.3 76.9 77.6 78.3 79.4 81.3 84.3 86.4 87.1 87 87 86.5 85.1 83.3 82.4 80.5 79.6 79.2 78.9 78.5 78.2
77.9 77.6 77.5 77.6 77.6 77.6 77.7 77.9 78 78.5 78.9 79.4 79.7 80.1 80.4 81.2 81.5 81.5 81.3 81.2 81.7 81.8 81.5 81.4 81.3 81.2 81.2 81.1 81.2 81.1 80.7 80.4 80.3 79.8 79.3 78.9 78 77.3 77 76.6 76.3 76.2 76.4 76.7 76.8 76.3 75.2 76.6 75.9 75.7 73.7 73.7 73.9 73.7 75 75 74.9 75 75.6 74.9 74.9 75.1 75.7 76.4 76.9 77.2 78 78.6 78.9 79.7 81 81.9 83 82.7 82.5 82.2 81.8 81 79.9 79 78.4 77.8 77.3 77.1 77 76.8
77.7 77.5 77.4 77.5 77.5 77.4 77.3 77.6 77.8 77.9 78.4 78.7 79 79.4 79.7 80.1 81 81.2 80.8 80.6 80.6 81.2 81.7 81.3 81.3 81.3 81.3 81.4 81.3 81 80.7 80.2 80.5 79.9 79.5 79.2 77.9 77.4 77.1 76.7 76.4 76.1 76.2 76.2 76 75.6 75.6 75.1 74.4 75.4 75.3 75 75 75 75 75 75 75 75 74.6 75.3 75.6 76.2 76.9 77.6 78.2 79 79.8 80.1 80.3 80.6 80.3 80.4 79.8 79.2 78.8 78.7 78.6 78.1 77.4 76.5 75.8 77 76.6 76.3 76
77.7 77.5 77.5 77.4 77.2 77.1 77.1 77.1 77.3 77.6 77.9 78.2 78.6 79 79.3 79.4 79.8 80.5 80.3 80.3 79.5 79.6 80.3 80.9 81.6 81.4 81.4 81.1 81.4 81 80.5 80.6 80 79.8 79.7 79.3 78.1 77.3 77 76.7 76.4 76 75.6 75.4 75.2 77.7 75.4 75.4 76.3 75.4 75.1 75 75 75 75 75 75 75 74.6 75.4 75.7 76.1 76.9 77.7 78.4 79.8 81 81.7 82.1 82.2 81.6 80.6 79.1 78.2 78 77.8 77.6 77.3 76.9 77.8 76.1 75.6 75.4 75.3 75.1 75
77.3 77.1 77.2 77.1 77 76.9 76.7 76.8 77 77.2 77.5 77.8 78.2 78.6 78.8 79 79.3 79.7 80.1 80.7 80 79.5 80 81.4 81.9 81.6 80.6 80.6 81.1 80.7 80.6 80.2 80.1 79.9 79.7 79.4 78.4 77.4 77 76.7 76.3 76 75.6 75.2 75.2 75.2 74.9 75.4 75.5 75.3 75.1 75 75 75 75 75 75 75 75.3 75.7 76.3 76.9 77.9 78.7 79.5 80.9 82.5 83.6 84.3 84.5 82.7 80.8 79.1 77.5 77.5 77.5 76.1 77.4 75.4 75.4 75.4 75.2 75.1 74.8 74.6 74.5
76.5 76.5 76.4 76.7 76.7 76.6 76.4 76.6 76.8 76.9 77.2 77.5 77.8 78 78.1 78.3 78.7 79 79.2 80.1 80.4 80.6 81.1 81.6 81.9 81.2 80.4 80.1 80.1 80.5 80.3 80.1 80.2 80.1 79.8 79.3 78.6 77.6 77.2 76.8 76.4 76 75.7 75.3 74.9 74.8 74.9 76.1 75.8 75.5 75.1 75 75 75 75 75 75 74.2 75.5 76.1 76.9 77.7 78.7 79.7 80.8 82.1 83.8 85.4 86.4 84.7 82.4 80 78.2 77.6 77.7 77.3 76.9 76.3 75.5 75.3 75.3 75.2 75 74.6 74.2 73.9
76.4 76.3 76.2 76.3 76.3 76.3 76.3 76.3 76.5 76.7 76.7 76.7 76.9 77.3 77.5 77.7 78 78.3 78.5 79 79.9 80.7 79.8 81.2 82.6 80.6 79.9 79.6 79.8 80.7 80 80.1 80 80.1 79.8 79.2 78.6 77.8 77.3 76.9 76.5 76.1 75.7 75.3 75.2 74.8 75.3 78 75.9 75.5 75.1 75 75 75 75 75 75.9 75.4 75.9 76.5 77.7 78.8 79.6 81 82.3 84 85.4 86.7 85.6 83.8 81.2 79 77.8 77.8 78 76.3 76.2 76.2 75.7 75.4 75.2 75.1 74.8 74.4 74 73.9
76.1 76.3 76.2 76.2 76.1 76.2 76.2 76.1 76.2 76.3 76.2 76.2 76.2 76.2 76.5 77.1 77.3 77.4 77.6 78.7 79.5 79.7 79.3 79.2 79.9 80.2 80 79.3 79.2 79.8 79.8 79.9 79.9 80.2 79.9 79.1 78.5 77.9 77.4 76.9 76.6 76.2 75.8 75.4 75.4 74.8 75.6 75.5 75.7 75.3 75.1 75.1 75 75.1 76.2 75.1 75.1 75.4 75.8 77.4 78.8 79.9 82 83 84.5 85.8 86.9 87.1 84.6 82 79.9 78.4 77.6 77.7 76.8 76.3 76.2 76 75.7 75.5 75.2 74.9 74.5 74.1 73.9 73.9
76.4 76.3 76.2 76.1 76 76 76 76 75.9 75.9 75.9 75.9 75.9 75.8 76 76.4 76.6 76.6 76.7 78 79.1 79.2 79.2 79.5 79.5 78.9 79 78 79.4 79.9 79.9 79.8 79.7 79.8 79.3 78.9 78.3 77.7 77.5 77 76.7 76.2 75.8 75.4 75.2 75.1 75.4 75.3 75.1 76.6 77.2 75.1 75.4 75.7 75.4 75 75 75.3 76 77.7 79.3 81.6 83.5 84.9 86.4 87.4 88.2 86.6 83.9 81.3 79.1 78.1 77.7 77.8 77.2 76.7 76.4 76 75.6 75.3 75.1 74.7 74.3 73.9 73.9 73.9
76.3 76.2 76.2 76.1 76 75.9 75.9 75.9 75.9 75.7 75.8 75.6 75.6 75.6 75.6 75.8 76 76.1 76.2 76.6 77.8 78.8 79.4 79.7 79.5 78.9 79.1 77.8 78.7 78.8 79.8 79.7 79.5 79.4 79 78.6 78.1 77.6 77.4 77.1 76.7 76.2 75.8 75.5 75.2 75 75 75 74.9 75 75.6 75.9 76.1 76 75.2 74.6 75 75.2 76.1 77.5 79.2 82.3 85 86.4 88 88.6 87.3 84.9 82 80.1 78.9 78.2 78.3 78 78.2 78.2 77.9 77.2 76.3 75.3 75 74.6 74.2 73.9 73.9 74
76.4 76.2 76.1 76 75.9 75.8 75.8 75.8 75.8 75.5 75.6 75.6 75.5 75.7 75.7 75.7 75.7 75.4 75.8 75.9 76.6 77.7 78.8 79.1 79.1 78.7 78.8 79.1 79 78.9 79.7 79.6 79.4 79.2 78.9 78.5 78 77.5 77.3 77.1 76.5 76.1 75.7 75.4 75.1 75.1 75 74 74 74.8 75.2 75.6 76.1 76.2 75.1 74 74.9 75.1 75.5 77.2 79.7 82.7 85.6 87 87.5 86.2 84.5 82.4 81.1 79.8 78.3 78.6 79.3 79.9 80.3 79.7 78.9 77.6 76.5 75.5 74.9 74.7 74.4 74 74 73.9
76.4 76.2 76.1 76 75.9 75.8 75.8 75.8 75.8 75.5 75.4 76 76 75.9 75.9 75.9 75.7 75.6 75.8 75.7 76 76.9 77.8 78.5 78.3 78.3 78.6 79 79.8 79.6 79.6 79.4 79.2 79.1 78.8 78.3 77.9 77.6 77.4 77.1 76.6 76 75.7 75.4 75.1 75.2 75.1 74.7 74 74 75 75.5 76.1 76 74.8 74 74 74.9 75.4 76.7 80 83 84.6 84.9 84.2 83 81.3 80.4 79.4 78.3 79.6 80.7 81.6 82.4 81.4 80 79 77.5 76 75.4 74.8 74.8 74.6 74.3 73.8 73.8
76.4 75.6 76.1 76 75.9 75.8 75.8 75.8 75.9 75.9 76 76 76 76 76 76 75.5 75.7 75.8 76 76 76 76.7 77.4 78.1 78.2 78.4 79 79.5 79.5 79.3 79.2 79.1 78.9 78.6 78.5 78.3 77.9 77.7 77.2 76.7 76.2 75.7 75.3 75.1 75.2 73.9 73.9 74.7 74.3 75 75.5 75.7 75 74.3 74 74 74.9 75 76.4 78.7 80.2 80.8 81.1 80.6 80.1 79.3 78.6 77.7 79 81.8 84.3 85.6 84.1 81 79.7 78.4 76.9 75.8 75.3 74.7 74.7 74.7 73.7 73.7 73.7
76.3 76.2 76.1 76.1 76 75.8 75.8 75.9 76 75.3 75.9 76 75.7 75.6 75.8 75.6 76 76 76 76 76 76 76 76 76.6 77.4 78.4 78.9 79 79 79 79 78.9 78.6 78.3 78.1 78 77.9 77.8 77.3 76.8 76.3 75.8 75.3 74.8 73.9 73.9 73.9 73.9 74.9 75.1 75.2 75.1 75 74.9 74 74 74.9 74.9 75.4 77.2 78 78.8 79.2 78.8 78.2 77.8 77.2 78.3 80.9 85.2 88.2 86.4 83.2 80.1 78.8 77.4 76 75.5 75.1 74.6 74.6 74.6 73.7 73.7 73.7
76.2 76.2 76.2 76.1 76 75.9 75.9 76 75.9 75.6 75.5 75.7 75.6 75.7 75.8 75.8 75.8 75.8 76 76 76 76 76 76 75.9 76.8 77.8 78.5 78.6 78.6 78.9 78.8 78.7 78.3 78 77.8 77.9 77.9 77.8 77.3 76.8 76.3 75.8 75.4 74.9 74.3 73.9 73.9 73.9 73.9 74.9 75.4 76 76 75.6 75.8 76.1 75.3 74.6 74.8 75.8 76.2 76.9 77.3 77.1 76.8 76.9 77.6 77.4 79.7 83.8 85.3 82.8 80 78.3 77.2 76 75.7 75.3 74.8 74.6 74.6 74.1 73.7 73.7 73.7
76.1 76.2 76.2 76.2 76.1 75.6 76 75.9 75.7 75.5 75.4 75.5 75.4 75.5 75.5 75.5 75.6 75.7 75.6 75.8 75.9 75.9 75.9 75.9 75.9 75.9 76.6 77.4 78.1 78.6 78.7 78.6 78.4 78.2 78.1 78 78 77.8 77.7 77.3 76.8 76.3 75.9 75.5 75 77.1 73.9 73.9 73.9 73.9 74.2 75.4 76 76.6 76.8 76.7 76.7 76.2 74.5 74.6 74.8 74.8 75.3 76.1 76.1 76.3 76.3 76.5 76.6 77.1 79.1 79 78.2 77.5 76.5 75.9 75.6 75.3 75 74.6 74.4 74.2 74 73.8 73.7 73.7
76.2 76.3 76.2 76.1 76.1 76.1 75.9 75.8 75.6 75.4 75.4 75.4 75.5 75.5 75.2 75.3 75.3 75.6 75.4 75.6 75.2 75.5 75.7 75.7 75.6 75.6 75.9 76.1 77 77.6 78.4 78.4 78.2 77.6 78 78 78 77.8 77.5 77.3 76.8 76.3 76.1 75.7 75.2 75.1 73.9 73.9 73.9 73.9 73.9 75.3 75.9 76.4 76.5 76.4 76.5 76.1 74.4 74.8 74.7 74.6 74.9 75.1 75.2 75.3 75.4 75.5 75.6 75.6 75.8 75.9 75.9 75.8 75.7 75.5 75.2 74.9 74.7 74.5 74.3 74.1 73.9 73.8 73.6 73.7
76.3 76.3 76.2 76.1 76 76.1 75.9 75.7 75.5 75.3 75.3 75.3 75.3 75.5 75.5 75.2 75.1 75.5 74.2 75.3 74.7 74.2 74.2 75.4 75.4 75.5 75.4 75.8 75.9 76.7 77.2 77.4 77.6 77.3 77.7 77.8 77.9 77.8 77.3 77.2 76.8 76.6 76.2 75.8 75.5 75.4 75.5 73.9 73.9 73.9 73.9 75.1 75.7 75.8 75.7 75.6 75.4 74.1 75.2 74.8 74.1 74.4 74.7 74.8 74.9 75 75.1 75.2 75.3 75.4 75.6 75.6 75.6 75.5 75.2 75.1 74.8 74.5 74.5 74.4 74.2 74 73.9 73.8 73.7 73.6
76.3 76.3 76.2 76.1 76.1 76.1 75.8 75.6 75.4 75.3 75.2 75.2 75.2 75.3 75.5 75.5 74.2 75.1 75.3 75.4 75.5 75.5 75.5 75.3 75.2 75.4 74.2 75.2 75.6 75.7 75.8 75.6 76.1 76.5 77.6 77.8 78 77.6 77.9 77.8 77.3 76.7 76.3 75.8 75.7 75.7 75.8 75.9 75.2 75 75.1 75.3 75.3 75.3 75.1 74.7 74.5 74.3 74.1 74.5 74.6 74.2 74.4 74.5 74.5 74.6 74.8 74.9 75 75.2 75.4 75.3 75.3 75.3 74.8 74.7 74.7 74.5 74.3 74.2 74 73.9 73.9 73.8 73.7 73.6
76.3 76.3 76.2 76.2 76.1 76.1 76 75.7 75.4 75.3 75.4 75.2 75.1 75.1 75.4 74.7 75.1 75.1 75.3 75.4 75.5 75.5 75.5 75.5 75.2 75.4 75.5 75.5 75.5 74.2 75.3 75.5 75.5 75.4 78 78.1 78.1 78.1 77.9 77.6 77.2 76.6 76.1 75.6 75.5 75.3 75.4 75.4 74.9 74.9 74.9 74.8 74.6 74.5 74.6 74.4 74.4 74.5 74.7 74.8 75 74.3 74.1 74.2 74.3 74.4 74.6 74.6 74.7 74.7 74.6 74.5 74.4 74.3 74.4 74.4 74.4 74.2 74.1 74 73.9 73.8 73.8 73.8 73.8 73.7
76.3 76.3 76.2 76.2 76.2 76.1 76 75.9 75.4 75.4 75.8 75.7 75.5 74.2 75.9 75.2 75.1 75.2 75.3 75.4 75.5 75.5 75.5 75.5 75.3 75.5 75.5 75.5 75.5 75.5 75.5 75.5 75.7 75.2 76.3 78.1 78.3 78 77.8 77.4 77.1 76.5 76 75.5 75.2 75.1 75 75 74.7 74.7 74.6 74.6 74.5 74.5 74.5 74.5 74.5 74.5 74.6 74.7 74.9 74.9 74.8 74.8 74.8 74.9 74.6 74.5 74.6 74.6 74.6 74.6 74.5 74.4 74.5 74.3 74.1 74 74 74 73.1 71.9 71.9 73 72.8 72.9
76.3 76.3 75.8 76.3 76.2 75.9 75.6 75.5 75.7 74.2 74.9 75.9 75 75.9 75.4 75.1 75.1 75.2 75.3 75.4 75.5 75.5 75.5 75.5 75.3 75.5 75.5 75.5 75.5 75.5 75.5 75.6 75.6 75.7 75.4 77.6 78.3 78.2 77.3 77.1 76.8 76.4 75.9 75.5 75.2 75.1 75.1 75 74.8 74.7 74.6 74.6 74.6 74.6 74.5 74.5 74.4 74.4 74.5 74.6 74.7 74.9 73.9 74.9 74.9 74.8 74.6 74.6 74.6 74.7 74.7 74.7 74.7 74.6 74.5 73.8 72.8 72.7 72.7 72.8 72.7 72.6 72.6 72.8 72.8 72.7
76.2 76.2 76.2 76.1 76 75.7 75.5 76 76 75.9 75.8 75.6 75.1 75.1 75.1 75.2 75.2 75.3 75.3 75.4 75.5 75.5 75.5 75.5 75.4 75.5 75.5 75.5 75.5 75.5 75.5 75.6 75.6 75.6 75.6 76.2 77.8 76.8 76.8 76.7 76.4 76.1 75.9 75.6 75.3 75.1 75 74.9 74.8 74.7 74.6 74.6 74.7 74.6 74.6 74.5 74.4 74.3 74.4 74.5 74.6 74.8 74.9 74.9 74.9 73.4 74.7 74.7 74.7 74.8 74.8 74.8 74.8 74.5 73 73.1 73.3 73.3 73.2 73 73 72.9 72.9 73 72.9 73
76.1 76 76.1 75.9 75.9 76 75.4 75.6 75.8 75.7 75.6 75.4 75.2 75.2 75.3 75.3 75.3 75.4 75.4 75.4 75.5 75.5 75.5 75.5 75.5 75.5 75.5 75.5 75.5 75.5 75.5 75.6 75.6 75.6 75.5 74.4 76.9 76.6 76.4 76.2 76 75.8 75.7 75.6 75.3 75.1 75 74.9 74.8 74.7 74.7 74.7 74.7 74.6 74.6 74.5 74.4 74.3 74.3 74.5 74.6 74.7 74.9 74.9 74.9 74.1 74.8 74.8 74.8 74.8 74.3 74.4 73.3 73.2 73 73.5 73.6 73.4 73.2 73.2 73.2 73.2 73.2 73.2 73.3 73.3
76 75.9 75.9 75.8 75.7 76 74.2 75.2 75.4 75.6 75.4 75.3 75.1 75.4 75.1 75.5 76.1 76.1 76.1 76.1 76.1 76.1 76.1 76.1 76 75.9 75.8 75.8 75.7 75.6 75.1 75.5 75.5 75.4 75.3 75.1 75.6 75.8 75.8 75.8 75.8 75.7 75.6 75.5 75.2 75.1 75 74.9 74.8 74.7 74.8 74.9 74.7 74.5 74.5 74.4 74.3 74.3 74.4 74.5 74.6 74.8 74.9 74.9 74.8 74.9 74.8 74.8 74.6 74.4 73.3 73.6 73.3 73.7 73.5 73.5 73.7 73.5 73.4 73.4 73.4 73.4 73.3 73.3 73.4 73.4
76 75.8 75.8 75.7 75.5 75.8 76 75.4 75.1 75.2 75.3 74.8 76.1 76.2 76.2 76.1 76.1 76.1 76 76 76 76 76 76 76 75.9 75.8 75.7 75.6 75.6 75.5 75.4 75.2 75.1 75.1 75 75.2 75.2 75.2 75.4 75.5 75.5 75.4 75.3 75.2 75.1 75 74.9 74.9 74.8 74.7 74.6 74.4 74.3 74.3 74.3 74.3 74.3 74.4 74.5 74.7 74.8 74.8 74.8 74.7 74.7 74.8 74.8 74.6 74.5 73.8 72.9 72.3 74 73.8 73.7 73.7 73.6 73.6 73.6 73.5 73.5 73.5 73.4 73.5 73.4
76.1 75.9 75.8 75.5 75.4 74.2 75.7 75.5 75.2 75.1 75.9 76.2 76.2 76.2 76.2 76.2 76.1 76 76 76 75.9 75.9 75.9 75.9 75.9 75.8 75.8 75.7 75.6 75.6 75.5 75.4 75.3 75.1 75.1 75 75.3 75.2 75.1 75.3 75.4 75.4 75.3 75.2 75.1 75 74.9 74.8 74.8 74.7 74.6 74.5 74.3 74.3 74.3 73.9 74.3 74.3 74.4 74.6 74.7 74.7 74.7 74.6 74.5 74.5 74.6 74.6 74.4 74.3 73.7 74.2 74.1 74.1 74 73.8 73.7 73.7 73.7 73.7 73.6 73.6 73.6 73.6 73.5 73.5
76.1 75.8 75.7 75.9 75.9 75.9 75.5 75.2 75.1 75.9 76.5 76.4 76.3 76.3 76.3 76.2 76.1 76 76 75.9 75.9 75.9 75.9 75.9 75.8 75.8 75.7 75.7 75.6 75.5 75.5 75.4 75.4 75.3 75.1 75.1 75.3 75.2 75.2 75.3 75.2 75.2 75.1 75.1 75 74.9 74.8 74.7 74.7 74.6 74.5 74.4 74.3 74.3 74.3 74.3 74.3 73.9 74.4 74.5 74.6 74.6 74.5 74.5 74.4 74.3 74.5 74.4 74.3 74.3 74.3 74.2 74.2 74.1 74 73.9 73.8 73.7 73.7 73.7 73.8 73.7 73.7 73.7 73.6 73.5
