app/static/ascii/SU35.asc
ncols 200
nrows 200
xllcorner 430000
yllcorner 150000
cellsize 50
[rows 140 to 174 of 200, columns 0 to 77 of 200]
147 147 149.8 152.7 154 154.7 154.7 154.1 153 150.4 151.6 153.8 156.5 158.5 160.6 162.6 163 163.1 162.7 160.9 158.1 153.9 149.4 145.6 150.3 156.3 162.3 166.9 170.7 173.3 175.4 177.2 178.2 179.1 179.9 179.8 179.7 179.8 179.9 180 180 180.1 180.4 180.6 179.7 177.8 174.1 170.8 173.4 176.5 179.9 182 183.9 185.1 185.4 183.9 183.4 183.1 183 182.7 181.4 179.3 175.4 170.5 177.2 181.4 184.5 185.3 185.5 185.1 184.4 182.5 179 178.4 181 183.4 185.2 186.4
147.9 145.5 147.6 150.9 152.7 153.3 153.6 152.9 151.2 149.5 151.2 153.7 156 157.8 159.3 160.8 162.3 162.2 162.1 160.3 157.1 152.1 147.4 145.3 151.8 157.8 163.7 168.3 171.8 174 175.9 177 178 178.4 178.3 178.2 178.1 178.2 178.3 178.4 178.8 179 179.5 179.9 178.8 176.9 173.1 169.4 171.6 175.8 179.4 181.4 183.3 184.1 184 182.5 181.5 181.4 181.4 180.5 179.1 176.5 172 170.2 176.5 181.3 183.7 184.6 184.2 183.8 183 181.1 177.7 177 179 181.6 183.8 185.2
149.3 144.3 145.5 149 150.7 151.5 152.2 151.3 149.2 147.6 149.8 152.5 154.5 155.6 157.9 160.1 161.2 161.6 161.3 159.2 155.4 150.7 145.6 146.2 153.2 159.5 164.9 169.3 172.3 174.4 175.9 176.4 176.9 177.4 177.1 176.6 176.5 176.6 176.8 177.1 177.8 178.8 179.3 179.4 178.2 176.1 172.1 167.5 170 174.4 178.8 180.8 182.2 183.3 183.2 181.9 180.4 179.9 179.2 177.7 176.3 173.2 167.8 170.1 176.3 180.5 182.7 183.6 183.3 182.8 181.4 179.4 176.4 174.5 175 179 182.7 184.1
149.9 144.7 143.4 146.3 148.4 149.8 150.5 149.8 147.6 146.4 148.4 150.8 152.7 154.1 157.1 159.5 160.3 161 160.4 158.2 154.3 148.8 144.3 146.8 155.2 161.8 166.4 169.7 172.4 174.2 175.3 175.9 176 176.3 175.8 175.3 174.9 175.1 175.4 176.1 177.1 178.1 179.1 178.8 177.5 175.4 171.1 166.4 168.6 173.7 177.8 179.9 181.5 182.5 181.4 180.4 179.3 178.2 177 175.2 173.2 169.8 163.2 170.5 175.9 179.7 181.8 182.6 182.4 181.6 179.9 177.9 174.9 171.9 173.6 177.7 180.7 183.1
150.3 146.1 142.8 143.2 146 147.7 149.1 148.8 147 145.2 146.9 148.6 150.8 154.3 157.2 159.4 160.2 160.3 159.1 156.8 152.5 147.3 143 147.8 156.2 162.3 166.7 170.4 172.5 173.8 174.5 174.9 175 174.8 174.3 173.9 173.1 173.3 174.2 175.6 176.6 177.7 178.5 178.2 176.7 174.6 170.4 165.6 167.6 172.7 176.8 179 180.9 181.3 180.6 179.6 178.5 177 174.5 171.6 169.9 165.6 165 171 175 178.9 180.7 181.4 181.2 180.3 178.3 176.1 172.1 168.7 172.7 177 179.8 181.6
150.3 147.3 143.6 141 144.1 146.9 147.8 147.6 146.3 145.1 144.5 147.6 151.4 154.5 157.3 159.3 160 159.4 157.7 155.4 150.6 145.4 143 149 156.5 162.4 167.3 170.6 171.8 173.1 173.6 173.6 173.5 173.1 172.7 171.9 171.1 171.4 173.4 175.2 176.3 177.4 177.7 177.5 176.1 173.9 169.8 164.8 167 171.5 175.5 178.4 180.1 180.1 179.7 178.8 177.7 175.9 173.2 169.9 167 162.1 165.4 171.1 175 177.9 179.3 179.9 179.8 178.6 176.8 173.9 169.7 167.5 171.7 175.8 178.8 180.2
150 147.1 143.2 139.5 143.2 145.8 146.7 146.4 145.3 144 143.6 147.9 152.1 155.4 157.7 159.3 159.7 158.5 156.8 153.9 148.8 143.1 142.4 150.1 157.4 163 167.7 170.1 171.5 172.3 172.2 172.2 171.9 171.4 170.6 169.8 169.3 170.9 172.6 174.6 175.9 176.9 176.9 176.6 175.1 173.1 169.1 163.8 165.8 171 174.6 177.4 178.9 179 178.5 177.9 176.8 175.2 171.9 169.3 165 159.5 164.5 170 174.5 176.6 177.9 178.1 178.1 176.5 174.7 171.5 167.3 166.1 170.3 174.5 177.3 178.9
149.4 147.2 143 138.9 141.4 144.4 145.2 144.9 143.8 141.4 143.7 148.5 152.9 156.3 158.3 159.7 159.6 158.5 156.2 151.7 146.9 141.5 143 152.2 158.7 163.8 167.4 169.8 170.8 171 170.9 170.7 170 169.3 168.5 167.7 169.2 171 172.6 174.2 175.3 176.1 176 175.7 173.9 171.9 167.6 162.9 164.5 170.4 174 176.4 177.6 177.9 177.4 176.9 176 174.2 172 168.1 162.6 156.8 162.9 169.2 173.1 175.2 176.4 176.5 176.2 174.4 172.5 168.6 164.4 164.9 169.6 174 176.5 177.9
148.8 146.6 142.9 138.2 139.2 142.5 143.4 142.6 141.1 140.7 144.7 149.9 153.7 157.3 159.1 160 159.6 158 155.2 149.9 144.8 140.3 143.5 153.4 159.5 164 167.1 168.8 169.8 169.7 169.4 168.3 168 167.1 166.3 167.2 169.4 171.1 172.7 173.9 174.8 175.1 175.1 174.5 172.7 170.7 166.1 161.6 163.6 169.2 172.9 175.7 176.8 177 176.8 176 175.2 173.9 171.8 168.2 162.6 155.8 160.6 167.3 171.3 173.6 174.5 174.9 174.3 172.5 170 166.2 161 163.9 168.7 173.4 175.9 176.7
149.1 147 143.9 138.7 137.3 139.7 141 140 140 142.5 146.6 151.7 155 158 159.7 160.4 159.8 157.3 154.2 149.6 143.5 140.5 144.4 154 159.8 164 166.4 167.8 168.5 168.2 167.1 166 165.2 164.4 165.5 167.5 169.6 171.2 172.5 173.4 174.2 174 173.9 173.2 171.4 169.2 165.9 160.3 163.1 168.7 171.9 174.6 175.7 175.9 175.5 175.1 174.4 173.2 171.2 167.6 162.3 156.3 158.3 165.4 169.5 171.9 172.7 173.1 172.3 170.3 167.8 164.1 157.1 163.3 168.3 172.5 174.8 175.6
148.9 147.3 144.9 140 135.3 136.5 137.4 137.8 141.3 145.2 149.2 153 156.4 158.7 160.2 160.8 160.7 158.4 154.2 149.6 143 139.4 145 154.1 159.7 163.5 165.7 166.7 166.9 165.8 164.7 163.6 162.5 163.1 166 168.1 169.8 171 171.9 172.8 173.1 172.9 172.6 171.3 169.3 167.2 163.2 158.9 162.9 168.4 171.5 173.4 174.6 174.6 174.1 173.7 173.3 172.2 170.3 165.7 161.2 155.1 157.5 164 167.9 170.1 171.3 171.2 170.1 168.1 165.7 161.9 156.8 161.8 167.2 171.2 173.5 174.4
148.5 147.6 145.5 140.4 136.1 134 134.3 138.2 141.8 146.3 150.5 154.3 157.5 159.4 160.8 161.1 160.5 158.4 154.2 148.7 143 138.6 145.7 153.9 159.4 162.4 164.3 165.1 164.7 163.1 160.8 159.7 160.2 163.2 166.3 168.5 169.8 170.5 171 171.9 172.2 171.8 171.1 169.4 167.3 164.6 160.5 156.9 163.5 168.2 170.5 172.4 173.6 173.5 172.9 172.3 171.8 171 167.7 163.5 159.6 154.3 154.3 162 166.2 168 169.3 168.8 167.9 166.1 163.6 159.8 156.4 160.5 165.3 169.9 172.2 173.1
148 147.9 145.9 141.4 138.6 133.8 133.2 138.2 142.4 147.4 151.6 155.5 158.2 160.2 161.3 161.4 160.3 158.5 154.1 148.7 143.1 137.8 144.5 153.2 158.6 161.2 162.6 162.9 162.3 160.5 158.2 157.4 160.5 163.4 166.5 168.4 169.6 169.9 170.3 170.9 171.3 170.9 169.7 167.7 165.1 161.8 157.7 157.8 163.7 168.1 170 171.4 172.6 172.4 171.8 171.2 170.6 169.7 166.4 162.9 157.8 152.4 153.2 159.8 164.1 166 167.2 166.4 165.6 164 161.5 158 154.9 159.4 164.6 168.8 170.8 171.4
147.6 147.6 146.5 144.3 141.2 135.3 132.8 137.4 143.1 148.3 152.7 156.4 158.9 160.9 161.8 161.6 160.6 158.6 154 148.8 142.8 137.7 142.6 151.2 156.4 159.1 160.3 160.5 159.5 157 154.2 158.5 161.5 163.7 166.3 168 169.1 169.4 169.7 170.1 170.4 169.4 168.3 166.1 163.1 159.1 154.3 159 164.3 167.6 169.7 170.4 171.5 171.4 170.7 170.4 170.2 169.2 166.2 162 156.7 151.2 150.2 157.3 161.7 164 165.1 164.6 164 161.9 158.9 155.5 153.7 159.6 164.3 167.6 169.5 169.7
147.5 147 146 144.3 141.5 135.8 132.1 138.1 145.3 150.8 154.5 157.4 159.6 161.1 162.1 162.2 160.7 158.8 154.7 149.1 143 137.1 140.3 148.8 154.2 157 157.9 157.6 156.2 152.1 154.9 159.4 162.1 164.2 165.8 167.3 168.9 169.2 169.5 169.8 169.3 168.1 166.9 164.1 160.4 156.1 153.6 159.7 164.1 167 168.8 169.8 170.6 170.9 170.8 170.6 170 168.8 166.4 163.1 157.7 151 148.6 154.5 159.2 161.8 162.5 162.9 161.9 159.2 156 152.7 155 160.2 164.1 166.9 168.1 168.1
146.2 146 145.1 143.6 140.3 134.8 130.9 138.8 146.8 153 155.7 157.8 159.9 161.4 162.2 162.1 161 159 155.4 149.6 143.3 137.5 137.7 146.3 151.7 153.6 154.9 154.6 153 150.6 155.9 159.8 161.9 164 165.4 166.7 168.2 169.2 168.9 168.7 168.1 166.7 164.7 161.8 157.5 152.9 154.6 160.2 163.8 166 167.5 168.4 169.5 170.4 171 170.4 169.6 168.3 166.6 164 159 152.5 145.5 150.4 156.3 159.7 161.1 160.7 159.4 156.3 152.9 150.2 155.7 160.2 163.8 166 166.6 166.4
145.1 145.1 144.1 142.4 139.1 133.7 131 140.3 147.8 153.1 155.9 158.1 160.2 161.5 162.2 162.1 161.3 159.2 156.1 150.3 144.8 138.6 135.4 143.9 150.2 151.3 151.4 150.9 146.8 152.1 156.9 159.9 161.8 163.7 165 166.2 167.5 168.1 167.8 167.6 166.8 165.2 162.5 159.4 155 150.6 155.5 160.3 163.1 165.1 166.1 167.1 168.2 169.2 170.1 170 169.3 168.1 166.7 164.2 160.4 154.4 148.1 144.1 151.9 156.9 159.4 159.1 156.9 153.3 149.8 150.8 155.9 160.1 163.6 165.2 165.1 164.4
143.8 143.2 141.9 140.3 137 131.7 131.1 140.6 148.1 153.3 156 158 160 161.1 161.7 161.8 161.6 160.3 157.3 151.9 146.6 141.2 135.1 139 146.8 148.2 146.9 143.1 148.7 154.1 157.7 159.8 161.8 163 164.3 165.6 166.5 166.8 166.6 166.5 165.5 163.9 160.7 157.3 152.4 150.1 155.1 159.2 162 164 165.2 166.3 167.3 168.3 169.3 169.1 168.5 167.5 166 164 161.2 156.3 150.7 144 145.8 152.2 155.9 156.6 154.2 150.1 146.3 150.8 156 159.6 162.7 163.4 163.2 161.9
143 141.4 139.8 138.1 134.5 129.7 132 141.3 148.4 153.7 155.6 157.4 159.1 160.2 161.2 161.3 161.4 160.9 158.6 153.8 148.3 142.8 137.5 135.3 143.2 144.7 140.1 145 150.7 154.8 157.6 159.7 161.2 162.3 163.6 164.7 165.4 165.5 165.6 165.6 164.3 162.4 158.8 155.1 150.1 149.8 154.2 157.9 161 162.8 164.5 165.5 166.7 167.8 168.3 168 167.5 166.4 165.2 163.3 161.1 157.6 152.3 146.3 140.7 145.4 149.1 152.4 150.3 147 146.3 150.9 155.8 159.2 160.8 161.6 161 159.5
141.4 139.8 138.2 135.3 131.9 128.1 132.9 141.7 147.9 152.1 154.2 156.4 157.9 159.2 160.2 160.8 160.8 160.2 158.9 155.7 150.1 144.5 139.7 133.8 138 137.9 142.1 147.7 151.8 155.3 157.4 158.9 160.2 161.6 162.7 163.6 164.3 164.6 164.8 164.5 163.1 160.9 157.3 153.2 147.9 149.2 153.4 156.8 159.9 161.7 163.5 164.9 166.1 166.8 167.2 166.9 166.4 165.3 164.2 162.3 160 157 153.3 148 141.1 139.2 143.2 146.4 145.9 142.8 146.4 151.3 155.6 157.3 158.8 159.8 158.7 157.3
140.9 138.2 135.6 131.9 128.8 127.9 133.7 144.3 148.4 150.7 153.2 155 156.8 158.1 159.2 159.6 159.9 159.1 158.2 155.8 152.1 146.9 142.1 135.9 133.4 136.7 143.2 148.3 151.9 155.2 156.4 157.6 159.1 160.5 161.7 162.4 163 163.5 164 163.4 161.8 159.7 156.4 152.1 146.6 148.5 153.2 156.8 159.1 160.9 162.7 163.8 164.9 165.5 165.8 165.6 165 164 162.6 160.8 158.8 155.7 151.8 148.5 142.2 137.5 138.6 141.5 141.4 141.3 146.3 151.4 155.5 157.4 157.8 157.9 156.4 154.9
139.9 137.1 133.6 130 127.1 129.1 135.1 143.1 148 150.7 152.9 154.6 156.4 157.1 157.9 158.2 158.3 157.8 157.3 155.6 152.9 148.4 144 137.7 133.1 135.4 142.5 148.3 151.7 155.1 155.6 156.5 158 159.4 160.9 161.5 162.1 162.6 162.8 162 160.5 158.4 155.3 150.9 145.2 148.3 153 156.3 158.2 160.1 161.7 162.8 163.6 164.2 164.5 164.2 163.6 162.6 161 159 157 154.5 150.9 147.6 143.7 138.3 135.5 136.9 137.1 140.3 146.2 151.4 154.8 156.5 156.6 155.7 154 152.3
138.4 135.5 131.8 127.5 125.4 130.9 138.7 145.4 149.1 151.5 153.7 154.8 156 156.2 156.4 156.7 156.7 156.3 155.8 155.7 153.8 150.3 145.7 139.2 132.9 133.2 140.8 146.6 150.2 153.9 155.2 155.9 157 158.4 160.1 160.6 161.2 161.7 161.4 160.5 159 156.9 153.9 149.4 144 147.4 153 156.2 158 159.6 160.6 161.5 162.2 162.8 163.2 162.9 162.2 161.1 159.1 157.1 155.5 153.7 150.5 147.1 143.9 139 134.7 133.2 133.7 140.1 146.5 151.2 153.5 154.6 154.8 153.5 151.9 150.3
136.4 133.1 128.7 125.7 127.8 134.7 142.1 147.7 150.2 152.5 154.1 154.9 154.9 154.9 154.9 155.2 155.1 154.9 155.3 155 154.1 151.4 146.1 139.8 132.6 131.5 138.3 143.5 147.2 151.5 154.6 155.3 156 157.7 159.2 159.8 160.4 160.7 159.9 159.2 157.4 155.3 152.5 148.8 143.6 147.6 152.9 155.4 157.1 158 159 160.1 160.4 161.1 161.4 161.5 160.9 160 158.5 156.9 155.4 153.4 150.9 147.4 144.4 141.5 137.1 132.1 132.9 139.2 145.6 149.7 151.8 152.7 152.9 151.7 150.1 148.6
133.8 129.9 125.3 126.1 131.5 138.7 144.7 149.4 151.6 152.7 153.6 154.2 154 153.7 153.5 153.7 154.1 154.5 154.9 154.3 153.4 150.5 145.9 140.2 133.1 130 134.7 139.2 143.6 148.6 152.5 153.9 155.7 157.3 158.4 159 159.6 159.3 158.7 157.8 155.9 153.7 151 147.7 143.1 147.1 152.3 155 155.9 156.7 157.4 158.4 159.2 159.5 159.7 160 160.1 159.2 158.3 156.8 155.2 153.3 151.2 149.2 146.8 143.8 139.6 133.9 130.3 135.9 142.5 147 149.8 150.7 150.8 149.8 148.4 146.9
130.9 126.9 123.2 126.7 135.2 142.4 146.5 149.9 151.3 152.2 153.1 153.4 153.2 153 152.8 152.5 153.1 153.7 154.2 153.6 152.7 149.5 145.6 140 134 129.5 132.2 138 142.6 147 150.3 152.8 155.4 157 157.8 158.2 158.6 158.1 157.6 156.2 154.3 152.1 149.4 145.9 141.9 146 151.6 153.8 154.6 155.4 156.2 156.9 157.8 158.2 158.4 158.6 158.8 158.4 157.4 156.5 155.1 153.3 151.3 149.2 147.6 144.9 140.7 135.3 130 133.5 139.4 144.2 147.5 148.6 148.7 147.7 146.5 144.8
128.3 124.6 123.1 129.1 140.6 144.7 146.8 149.3 150.5 151.6 152.5 152.6 152.4 152.4 152.3 151.8 151.9 152.6 153.2 153.1 151.9 148.8 146.2 141.2 135.8 131.1 130 137.2 142.1 146.4 149.3 152.1 154.6 156.6 157 157.4 157.6 157.1 156.4 154.5 152.4 150.1 147.5 143.6 141 146.6 151.3 152.5 153.3 154.1 154.8 155.6 156.4 157 157.2 157.3 157.5 157.4 156.4 155.4 154.3 152.7 151 149.3 147.2 144.7 141.4 136.2 130.6 129.6 136.1 141.3 144.7 146.2 146.4 145.7 144.5 142.7
125.9 121.4 124.2 132.1 142.1 145.3 146.6 148.5 149.7 150.6 151.1 151.4 151.6 151.7 151.5 151 150.9 151.8 152.5 152.7 151.4 149 146.3 142.2 136.3 130.3 129.4 135.9 141.9 145.2 148.1 151.1 153.7 155.5 156 156.5 156.5 155.8 155 152.8 150.6 148.2 145.9 141.4 141.1 146.8 150.6 151.5 151.9 152.7 153.5 154.3 155.2 155.8 156 156.1 156.3 156.1 155.2 154.2 153.2 151.7 150 148.4 146.5 143.8 140.8 136 130.6 126.7 132.8 138.3 141.1 143.4 143.8 143.3 142.1 140.2
122.1 121.7 126.8 134.4 142.1 144.9 146.3 147.6 148.6 149.4 149.6 149.8 149.9 150 149.8 149.7 150.7 152.1 152.6 152.3 151.1 149.9 146.9 142.8 137.2 130.8 129 135.4 141.6 144.1 147 149.8 152.5 154.2 154.8 155.3 155.4 154.4 153.5 151.5 149.3 147 143.8 139 141.2 146.6 149.1 150.3 150.6 151.3 152.1 153.1 154 154.5 154.8 154.9 155.1 154.8 154.1 153.1 152.1 150.6 149 147.4 145.8 143.1 140.2 136 130.7 126.9 128.9 134.5 137.8 139.7 140.6 140.7 139.2 137.2
119.2 121.8 129.1 136 142.2 144 145.2 146.4 147.5 147.8 147.9 148.1 148.2 148.3 149 149.9 150.9 151.8 152.4 152 150.7 149.5 146.7 142.9 138 131.9 126.8 132.2 139.2 142.9 145.8 148.6 151.2 153 153.7 154.1 154.3 153.2 152.2 150.4 148.1 145.9 141.5 136.5 141.4 145.7 147.5 148.6 149.2 150 150.9 151.8 152.8 153.3 153.5 153.7 153.7 153.4 152.9 151.9 151 149.5 148 146.4 144.8 142.8 140.5 137.2 131.9 127.6 124.6 129.6 133.8 136.3 137.3 137.2 135.9 133.6
118.7 124 130.2 136.2 141.6 142.6 143.7 144.9 145.6 145.9 146.2 146.4 146.5 147.4 148.7 150.1 150.9 151.6 152.2 151.5 150.3 148.3 146.2 142.6 138.4 131.8 126.8 130 137.8 141.5 144.4 147.9 150.6 152 152.6 153.1 153.1 152 151 149.3 147.3 144.8 140.5 135 140.9 144.4 145.8 146.3 146.8 148.5 149.8 150.7 151.6 151.9 152.1 152.4 152.4 152.1 151.7 150.7 149.8 148.4 146.9 145.5 143.9 142.5 140.5 138.1 134 128.9 125 125.6 129.2 132.7 133.8 132.8 131.9 128.9
119.3 125.7 132 137.8 140.2 140.9 142 143.1 143.7 143.7 144.4 144.6 145.7 147 148.3 149.8 150.7 151.2 151.7 150.6 149.1 147.4 145.6 142.5 138.8 132.3 126.3 128 136.5 140.5 144.2 147.8 149.9 151.1 151.7 152.2 152.1 151.2 149.6 147.7 145.9 143.8 139.6 134 138.8 142.5 143.6 143.9 145 146.9 148.8 149.6 150.4 150.3 150.6 150.9 151.2 150.9 150.3 149.3 148.8 147.6 145.9 144.4 142.9 141.5 139.5 137.6 134.6 130.8 126.4 122.8 124.6 128.5 129.7 129.3 127.5 124.9
120.4 126.2 132.4 136.6 137.5 138.4 139.5 140.4 141.2 141.6 142.4 144.3 145.8 147.2 148.5 149.3 149.7 149.9 150 149.4 147.9 146.3 144.8 142.8 139.4 132.8 127.1 125.1 135.1 139.8 143.7 147 148.8 150.1 150.9 151.2 150.9 150.5 147.9 146 144.2 142.4 138.5 133.5 137.1 140.2 140.7 141.9 144.4 146.2 147.5 148.4 149 148.8 149 149.5 150 149.7 148.9 148.1 147.8 146.9 145.1 143.4 141.9 140 136.9 134.2 132.7 131.1 127.3 123.6 121.4 124.1 126 126 124.1 122.3
121 126.5 132.3 135.7 136.5 137.2 137.3 138.8 140.3 141.7 143 144.5 146.1 147 147.8 148.5 148.7 148.9 149 148.2 146.6 145.2 144.3 143 139.7 133.9 128.3 123.7 131.1 138.4 143.3 146.1 147.8 149.2 150.2 149.9 149.8 149 147.6 145.8 144.1 142.4 138.5 133.7 134.3 137.8 138.7 141.2 143.7 145 146.1 147.2 147.5 147.3 147.5 148.2 148.7 148.5 147.6 147.1 146.8 146.2 144.4 142.6 141 139.1 136 132.9 130 128.8 126.4 124 121.5 119.8 121.8 122 120.6 120.3
123.8 129 133.7 135.6 136.5 137.4 139.4 140.9 141.7 143 144.3 145 145.5 146.3 147.1 147.5 147.7 147.9 148.1 147.1 145.6 145 144.3 142.9 140.3 135.7 129.9 123.6 128.2 135.8 140.6 145.4 146.8 147.9 149 149 148.9 148 147.1 146 144.1 142.3 138.8 133.9 132.3 135.4 138.2 140.7 142.8 143.7 144.8 145.9 146 145.8 146.1 146.8 147.4 147.2 146.4 146.1 145.8 145.5 143.7 141.9 140.1 138.3 135.3 132.6 129.9 128.2 127.5 125.8 123.3 120 118.4 118.2 117.4 118.4
