app/static/ascii/SU36.asc
ncols 200
nrows 200
xllcorner 430000
yllcorner 160000
cellsize 50
[rows 140 to 174 of 200, columns 0 to 77 of 200]
171.2 170.6 168.7 164 159.8 159 159.1 162.6 166.4 169 172.2 172.1 171.6 171.3 168.3 161.6 154.6 147.7 140.7 136 131.9 129.1 129.4 129.7 130.1 131.1 132.6 134 135.6 137.7 139.4 138.9 139.7 139.8 139.8 139.4 138.6 137.5 136.4 135.3 134 134.1 134.3 135.6 137.6 139.1 139.6 141.6 143.6 143.7 143.2 141.5 139.4 139.4 139.9 140.5 141.2 141.9 140.8 139.8 139.1 140.2 138.9 139.6 141.6 144 144.4 144.8 147.7 150.5 152.4 153.9 155.6 158.2 158.6 159 160 160.9
171.4 168.6 164.9 160.7 159.4 160.8 163.6 166.2 169.5 171.9 172.4 171.7 171.2 168.2 162.7 156.5 150.2 143.3 137.7 133.9 130.9 129.1 129.3 129.6 130.1 130.7 131.9 133.5 135.3 137.3 139.4 140.6 141 141 141 140.3 139.4 138.4 137.3 135.8 134.3 134.5 134.5 135.6 136.8 138.3 140.7 142.6 144.7 144.6 143.9 142.1 140.5 140.3 140.4 141 142.4 144 143.3 142.5 140.6 139.7 139.5 141.3 142.8 144.5 144.8 144.1 147.3 149.2 150.8 152.4 153.8 155 155.5 156.4 158.7 159.8
169 166.5 164.5 160.5 162.3 164.6 167.2 169.9 171.5 172.4 172.4 171.4 168.5 163.5 158.7 152.4 145.8 139.6 135 132 129.5 129 129.1 129.5 130.2 130.7 131.4 133 135.1 137.3 139.4 140.6 141.1 141.1 141.1 141 140.3 139.2 137.6 135.9 134.8 134.6 134.6 135.8 137.3 139.6 141.9 144 145.8 145.7 144.5 142.1 141.7 141.5 141.5 141.5 144 145.6 145.5 143.5 141.6 143.2 142.5 142.6 143 144.7 145.9 145.5 145.9 147.4 148.8 150.4 152.1 153.4 153.5 154 157 157.9
169.4 167.5 165.3 163.5 165.3 167.6 169.5 171.3 172.9 174.3 172.3 169.7 165.7 160.1 154.4 148.3 142.5 136.8 133.5 131 129.5 128.9 128.9 130.4 131.4 132.4 133.2 133.7 135.4 137.9 139.4 140.6 141.2 141.2 141.1 141.1 141 139.4 137.6 135.7 134.4 134.6 134.7 136.4 138.2 140.6 143.2 145.3 145.7 145.6 144.1 143 142.9 142.7 142.5 142.6 144.5 146.2 146.8 145.4 145 145.9 145.5 144.4 142.9 144.6 145.1 145.1 146.1 147.2 148 148.8 151.6 151.5 152.3 153.9 155.8 155.6
169 169.1 167.7 166.9 168.3 170.4 171.8 173.4 172.8 173.5 170.9 167.3 162.3 155.4 148.4 143.5 139 135.1 132.6 131.3 130.2 130 130.3 132.4 133.5 134.4 135.3 135.6 136.7 138.7 139.9 140.6 141.3 141.2 141.1 140.8 140.5 139 137.2 135.4 134.1 133.3 134.6 137 139.1 141.1 142.6 144.6 145.2 144.8 144.4 144.2 144.1 143.9 143.6 143.6 144.6 145.7 146.7 148.6 148.1 148.3 147.5 146.1 144.6 144.4 144.8 145.7 146.8 148.2 149.2 149.7 150.6 149.9 151.2 152.6 154.3 154.7
170.8 171.5 170.6 170.3 171.3 172.7 174.2 173.5 172.7 172 169 165.1 158.7 151.3 145.9 140.6 136.5 133.3 131.7 131.3 130.8 131 132.1 134 135.4 135.4 135.5 136.2 137.8 139.3 140.3 141 141.2 140.9 140.6 140.3 140 138.6 136.8 135.2 134.1 133.6 134.7 136.9 138.9 140.7 142.3 144 145.5 145.1 145 145.2 145.3 145.1 144.9 144.5 145.3 146.2 147.1 150.3 150.6 150.6 148.8 147.5 146.1 144.9 145.4 146.5 147.5 148.5 150.4 149.8 150.4 149.8 149.3 150.8 153.3 155.1
172.2 173.1 172.7 172.9 173.8 175.1 174.2 172.7 172.2 170.3 165.5 160 153.8 147.7 142.1 137.7 134 132.4 131.4 131.4 131.9 132.3 134.4 136.2 137.3 137.1 136.9 137.9 139.4 139.4 140.2 141.1 141.4 140.8 140.3 139.8 139.6 138.3 136.5 135.1 134.2 133.9 135.1 136.9 138.5 140.3 141.9 143.5 144.9 145.3 145.3 145.5 145.7 145.9 146.1 145.7 147 148.6 148.3 149.5 150.3 150.6 150 148.6 147.5 146.4 145.8 146.9 148 149 150.7 151.1 150.4 150.7 151 151.3 153.7 155.3
177.1 176.4 175.6 175.3 175.7 176 172.9 171.1 168.6 165 160.6 154.9 149.1 143.6 140.1 136 133.2 131.5 131 132.2 133.2 134.5 136.5 138.5 139.7 139.2 138.3 140.5 139.8 140 140.3 141.1 141.6 141 140.4 139.8 139.3 138.2 136.6 135.6 134.6 134.6 135 135.3 136.5 139.2 141.5 143.3 144.4 145.5 145.6 145.7 145.6 145.5 146.2 147.8 149.3 150.8 150.4 151 151.2 150.7 150.1 149.3 148.3 147.7 146.8 147.2 148.2 148.9 150.5 151.9 152.3 152.7 152.9 152.6 154.2 155.3
181 179.7 178.6 177.6 177.1 174.3 171.5 166.8 162.4 159 154.8 150.8 145 140.7 137.2 134 132.4 130.9 131.8 132.9 134 136.4 138.5 140.6 141 141 140.6 140.4 140.6 140.9 141.1 141.3 141.5 140.9 140.3 139.7 139.2 138.6 137.4 136.6 136 135.4 135.7 136 136.6 138 141.1 142.9 144.6 145.6 145.5 145.3 145.2 145.9 148.5 150.4 150.9 152.3 153.5 154.7 153.3 151.7 150.3 149.9 149.4 148.8 148.1 147.4 148.3 148.8 149.6 152.2 154.2 153.4 154.5 155.1 154.8 155.4
181.6 181.2 179.9 178.3 175.9 172.1 168.5 163.1 157.6 152.8 149 145.7 141 137.8 135 133.1 131.5 131.6 132.2 133 133.8 136 138.5 141 141 141.3 141.2 141 141.2 141.5 141.7 141.9 141.7 141 140.3 139.7 139.1 139.1 138.7 138 137.3 136.6 136.4 137.3 138.3 139.2 140.4 142.5 144.5 145.4 145.9 145.6 146.9 148.5 150.2 151.9 152.5 153 152.1 153.6 154.6 153.3 151.7 150.3 150.6 150 149.3 148.3 148.4 148.9 150.6 153.1 155.7 154.3 155.2 155.4 155.9 156.8
181.3 181.2 180.6 177.1 174.2 168.8 163.6 158.3 153.4 149.1 145.2 141.7 138 135.6 134.1 132 132.1 132.1 132.7 133.2 134 135.9 138.5 140.6 141 141.5 141.7 141.6 141.9 142.1 142.1 142 142 141.5 140.8 140.3 140.1 140.2 139.6 138.8 138.1 137.4 137.2 137.6 138.2 139 139.8 141.8 144 144.7 146.2 146.9 148.5 149.4 150 152.1 151.7 150.7 150.7 152.6 153.6 154.5 153.3 151.9 152.2 151.2 150.8 149.2 149.3 149.6 151.6 154 154.5 155.8 156 156.9 157.3 157.8
182 180.3 177.6 173.7 169.4 164.2 159.4 154.5 149.5 145.6 142.2 138.7 135.2 133.8 132.5 132 133.2 132.8 133 133.6 134.4 136.4 138.7 140.3 141 141.8 142.3 142.2 142.5 142.3 142.1 142.1 142.1 142 141.7 141.5 141.2 141 140.5 139.6 139 138.4 138 138.4 138.8 139.3 139.7 141.2 143.5 145.3 147.2 148.5 149.5 149.8 150.1 151.6 149.7 151 151.1 151.8 152.7 153.6 154.6 155.5 153.9 152.4 151.9 151.6 151 151 151.6 153.7 154.2 155.3 156.8 158.2 158.7 159.3
179.5 176.5 174.3 170.3 166.2 161.5 156.8 152 147 142.9 139.7 136.5 133.8 132.8 131.6 132.9 134.1 134.3 133.7 133.9 135.3 137.2 139.4 139.9 140.9 142 142.7 142.9 142.5 142.2 142.2 142.2 142.5 142.7 142.5 142.1 141.7 141.4 140.8 140 139.8 139.3 138.8 139.2 139.6 140.4 139.9 140.8 141.8 145.2 147.6 149.6 149.9 150.2 150.5 151 150.9 151 151.2 151.9 152.9 153.9 154.8 155.5 154.8 153.7 152.8 152.3 152.2 152.7 153 153.9 154.4 156.4 158.1 159.4 159.3 160.9
177.2 173.2 169.7 167 162.9 158.9 154.1 149.4 144.8 141 138.2 135.4 133.6 131.8 132.6 133.9 135.1 135.9 134.4 134.8 136.3 137.9 139.6 139.6 140.3 141.4 142.6 142.7 142.3 142.4 142.7 143 143.3 143.3 143.4 143.1 142.7 142.3 141.4 140.4 140.2 140 139.7 140.3 141.2 140.7 140.2 140.2 141.9 144.4 146.8 148.7 149.4 150.1 150.6 150.7 150.9 150.9 151.4 152.1 152.9 153.9 155 156 155.7 155.5 154.7 153.7 153.3 154.4 154.8 155.3 156.1 157.9 159.9 162.3 162.6 165.5
173.2 169.2 165.8 162.7 159.6 155.7 151.5 147.2 143.4 140.2 137.4 134.7 134.6 132.7 133.9 135 136.1 136.1 135.7 135.9 137.6 139 139.4 139.2 139.4 141.1 142.9 143.1 142.8 143.1 143.5 143.8 143.9 144 144.1 144.2 143.7 143.3 142.7 142.3 142.2 141.8 141.7 142.4 142.1 141.7 141.3 140.6 141.9 143.8 146 147.6 147.9 148.1 149.2 150.2 150.8 150.9 151.7 152.4 153.1 154 155 156.5 157.6 157.8 156.8 155.7 154.6 155.3 155.8 156.5 158.6 159.6 161.8 165.1 165.5 166.9
168.6 165.2 162 158.8 155.7 152.8 149.6 145.8 142.7 139.4 136.7 134.3 135.1 133.8 135.4 136.5 136.6 136.7 136.2 135.7 138.5 140.5 139.4 139.1 139.9 141.4 143.2 143.5 143.7 143.9 144.2 144.4 144.5 144.6 144.7 144.8 144.8 144.4 144.3 144.1 144.2 144.3 144.2 144.3 144.2 143.4 142.3 141.5 142.2 142 144 146 145.9 146.5 147.6 148.8 149.9 151.2 151.9 152.6 153.4 154.1 155 156.9 159.1 159.8 158.8 157.7 156.7 156.5 156.9 157.5 159.4 161.5 163.7 165.4 166.8 169.4
163.8 161.2 158.1 155.7 153.6 150.8 148.6 145.6 143.3 139.3 136 134.2 135.1 135.1 136.7 137.4 137.6 137.7 137.8 137.3 140 139.4 138.7 139.3 140.5 142 143.6 144.4 144.6 144.7 145 145.1 145.2 145.3 145.4 145.5 145.6 145.5 145.6 144.9 144.6 145.3 145.8 146.1 145.7 144.3 143.3 142.4 142.7 141.9 142.8 144.1 144.1 145.4 146.9 148.4 150 151.3 152.1 152.9 153.6 154.4 155.2 158.7 160.9 160.3 160.9 160.4 159.4 159 159.2 159.4 160.9 162.3 162.5 163.8 167.3 173.5
159.5 158.2 156.1 153.9 151.4 148.7 145.9 143.9 141.5 138.6 135.3 134.1 135.1 136.4 137.7 138.5 138.5 138.6 138.8 138.9 139 137.9 138.8 140.3 141.4 142.8 144.4 145 145.2 145.4 146 146.3 146.4 146.5 146.6 146.7 146.8 146.6 146.3 145.7 145.4 146.4 147.3 147.7 146.9 146.1 143.6 142.9 143.2 143.1 143.2 143.6 144.4 145.7 147.2 148.8 150.3 151.3 152.4 153.1 153.9 154.8 157 159.9 161 161.4 162.7 163.5 162.5 162.1 162.6 164.1 166.8 165.7 165.3 166.5 170.9 177.8
156.7 155.9 154.2 152.1 149.3 146.6 143.8 141.2 138.7 136.2 134.2 135.7 137.2 138.7 139.2 139.4 139.5 139.5 139.7 139.2 138.1 137.8 138.8 141.2 142.7 144.1 145.3 145.6 145.5 145.8 146.9 147.7 148.1 148.6 148.7 148.8 148.9 148.3 147.7 146.6 146.5 147.3 148.6 148.8 147.7 146.7 143.7 143.3 144.1 144.1 143.9 143.9 145 146.2 147.6 149.1 149.5 149.6 151.5 153.4 154.4 156.2 158.4 159.8 161.8 163.5 164.6 165.9 165.7 167.5 171.1 172.5 176 176.8 175.4 176.3 181.8 192
154.1 153.6 152.4 150 147.2 144.4 141.8 139.5 137.7 136.2 136.8 138.1 139.4 140.8 140.3 140.1 140.3 140.5 139.8 139.1 139 139.2 139.6 140.1 142.1 143.6 145.1 144.9 145.9 146.6 147.7 148.8 149.4 149.8 150.3 150.7 150.7 149.9 148.8 147.8 146.9 148.3 149.3 150.2 149.1 147.4 145.3 145 145.8 145.6 145.9 146 147.1 148.4 149.7 149.8 149.4 149.4 150 153.3 155.4 157.4 159.8 162 163.9 165.2 167 168.5 171.5 174.9 179.8 187.9 193.6 195.5 195.5 195.8 203.6 217.8
152.2 151.2 150.5 147.9 145.2 142.6 140 138.3 138.5 139 139.8 140.2 140.7 141.2 140.7 140.9 141.1 141.5 140.7 139.8 140.2 140.5 140.2 140.7 141.3 143 144 144.4 145.1 146.7 148.1 149.6 150.7 150.8 150.7 151.7 151.6 151.2 150.3 149.4 149.3 149.8 150.1 150.6 150.8 149.2 147.6 148.9 149.3 146.4 149.6 149.1 149.3 150.5 151.1 151.6 150.5 149.7 150.1 153.5 154.9 156.8 160.9 163.7 165.6 167.2 169.5 173.4 177.8 183.5 196.9 206.4 215.4 219.5 220.3 220.2 226.5 232.7
151.4 150.4 148.2 146 143.4 140.7 138.6 138.7 138.8 140.2 140.6 141.1 141.7 141.8 141.7 141.8 142.1 142.4 141.5 140.7 139.9 140.6 140.8 141.4 141.9 142.5 143.8 144.3 144.6 146.1 147.6 149.4 151.2 151.1 152 153 152.5 152.3 152.1 151.3 151.5 151.7 152 151.9 151.9 151.6 153.2 154.5 156 157.8 156.1 152.5 152.2 151.3 152.2 152.8 151.8 150.4 150.2 153.8 156.1 158.2 161.9 164.1 164.8 170.5 172.8 178.7 184.8 198.6 214.5 225.9 229.6 231.2 232.1 233.4 236.5 240.9
150.5 148.8 145.8 143.8 141.5 139 139 139 139.1 141 141.6 142.2 142.6 142.9 142.6 142.7 143.3 143.2 142.4 141.6 140.8 139.7 140.3 140.8 141.9 143 143.7 144.6 144.3 146.2 148.1 150.1 151.3 152.1 153.3 154 153.6 153.4 153.3 153.3 153.9 154.3 154.2 155.3 155.8 157 161.8 167 169.8 169.3 166.4 160.3 154.6 153.7 153.6 154.6 154.2 152.6 152.3 155.1 157.3 160 161.1 162.2 163.8 169.9 174.8 182.9 197.7 212.7 227.7 229.7 236.6 240.7 243.3 245.2 246.8 248.3
149.8 145.9 143.6 142.2 139.7 139.1 139.2 139.2 140.1 142.1 142.8 143.2 142.7 143.1 143.4 143.7 144.5 144.1 143.2 142.6 141.5 140.3 140.5 141.5 142.6 143.6 144.4 145.1 145.8 146.8 148.8 150.7 151.5 153.1 154.6 154.9 154.7 154.7 155 156.2 156.6 157.2 157.7 162 169 171.3 179.2 183.4 184.3 183 177.4 170.1 163.8 158.3 157.7 157.1 155.7 154.1 154.1 155.9 157.5 159.8 161.4 163 166.2 170.7 176.8 192.9 207.5 222.6 229.8 235.8 242.8 247.9 250.5 252.2 252.3 254.2
147 143.6 141.7 140.7 139.1 139.1 139.2 139.3 141.3 143 143.2 142.4 142.5 143.2 143.7 144.6 145.7 145 144.4 143.5 142.2 141 141.4 142.2 143.3 144.3 145.1 145.8 147.2 148.2 149.4 151.4 152.5 154.1 155.8 156.2 156.2 156.7 157.4 158.8 159.8 161.8 166.6 170.6 178.2 186.2 191.8 194.8 195.7 193 188.2 179.4 174.1 168.9 163.4 160.7 158.7 157.9 157.5 157 157.9 160.4 162.9 165.5 168.7 174.9 178.7 201.3 214.1 225.5 232.2 241.6 249.1 254.5 255.5 255.2 255 255.2
145.1 142.8 141 139.4 139.1 139.1 139.1 139.5 140.9 141.8 142 141.6 142.8 143.4 144.3 145.2 146 146 145.4 144.2 142.9 141.5 141.7 142.9 144 145 145.8 146.6 148 149.5 150.6 152.1 153.5 155.3 157.3 157.9 159.3 161.3 162.5 165.4 166.2 171.3 178.1 184.4 191.3 199.2 203 203 202.5 200.7 196.1 192.2 187.2 180.5 174.5 168.7 163.5 162.3 161.6 160.5 160.7 163.7 166.2 171.1 176.8 182.1 187.6 206.3 217.9 227.7 236.2 245.5 253.2 255.9 256.2 256.6 256.5 256.2
143.9 142.3 140.9 140.5 140.6 140.4 139.9 139.3 139.6 140.2 140.7 141.5 142.8 144 145 145.8 146 145.9 145.9 144.8 143.4 142.3 142 143.2 144.5 145.7 146.5 147.3 148.8 150.6 151.8 152.8 154.9 156.9 158.9 160.3 162 165.9 168.8 172.7 178.7 184 190.5 196.9 203 207 209.2 208.9 208.3 206.8 204.6 202.4 197.6 192.1 186.8 182.7 176.7 172.2 169.6 169.2 168.3 172.5 176.9 182.7 188.3 191.2 195.3 206.7 219.6 229.6 237.5 243.9 250.5 256.1 256.4 256.8 257 256.6
144.1 142.3 141.6 141.3 140.9 140.4 140 139.9 139.4 139.8 140.3 140.8 142 143.4 144.6 145.7 145.7 145.6 145.6 144.3 144.1 143.4 143.4 144.1 145.3 145.5 145.4 147 148.7 150.2 151.8 153.9 156.5 159 162.8 163.8 166.6 174.1 181.3 186.9 192.2 197.4 203.4 207.3 211.1 212.9 214.4 214.2 213.9 211.9 210.9 209.7 207.3 202.8 198.1 194.7 190.8 185.7 184.8 182.2 180.7 185 189.4 194.5 198.5 198.8 203.8 212.6 223.5 230.8 239.9 245.8 249.6 254.8 256.3 257 256.6 256.3
144.3 143 142.3 141.8 141.3 140.8 140.7 140.4 139.6 139.8 140.1 140.4 141.3 142.7 144.2 145.3 145.3 145.7 146.4 146.3 146.2 145.5 145.1 145.3 146.2 145.8 145.1 146 148 149.2 152.4 155.9 160.3 166.2 169.5 169.7 183 191.2 197 201 202.9 207.3 210.8 213.1 215.8 217.7 217.7 217.5 217.8 217.6 216.7 215.4 214.9 211.9 207.2 204.4 201.1 197.8 197.9 195.1 193.8 197.4 201.8 205.7 209 210.5 213.7 221.8 227.8 234 240.8 246.2 250.9 252.9 256.5 257.3 256.9 255.9
144.9 144 143.5 143 142.3 141.5 141.3 140.9 140.1 139.8 140.1 140.4 140.9 142.5 144.1 146 146.7 147.3 147.9 148.3 148.7 149.4 148.7 148.1 148.1 147.4 146.9 147.4 149 152.2 155.7 162.4 172.3 177.8 179.9 190.6 198.6 203.1 206 208.3 212.2 214.8 216.4 217.7 219.8 221.5 221.3 221.4 221.1 219.9 219.2 218.3 218.3 217.1 215.3 211.2 209.8 207.7 207 208.1 206.6 208.5 211.6 215.8 217.3 220.6 223.8 227.6 232.9 238.3 242.7 247.4 250.2 253.5 255.7 256.5 255.7 256.1
146.6 145.3 144.6 144.1 143.4 142.5 142 141.3 140.6 139.9 140.1 140.5 141.3 143.4 145.3 147.4 149 149.5 150.5 151.5 151.9 152.9 152.6 153.7 152 151.4 151.2 151.9 155.3 160.6 168.5 179.3 187.6 192.9 198 203.3 207.8 211.3 213.6 215.9 216.8 219.4 221.2 222.5 223.8 225.4 225.1 224.5 222.6 221.8 221.1 220.4 220.6 219.2 218.7 218.4 217.4 216.5 215.3 215.4 215.1 215.9 219.2 222.8 224.6 228 229.1 232.4 237.9 240.3 244.3 247.8 250.1 252.7 252.6 255.6 256 256.4
148.2 146.9 145.8 145.2 144.5 143.5 142.7 141.9 141.1 140.4 140.5 141.7 143.1 144.7 146.6 148.6 150.6 151.8 153.4 154.9 156.3 158.4 160.5 162.3 163 162.1 163.8 167 169.9 177.7 186.8 195.1 202.6 207.2 209.6 211.1 214.3 216.9 218.7 220 219.7 221.7 224.7 225.6 225.8 225.6 225.9 225.6 224.5 223.8 223.2 222.5 223 222 222.5 222.6 221.9 221.9 221.3 222.3 222.5 223.4 226.3 228.4 229.5 232 234.4 237.4 239.9 242.3 244.8 246.7 248.7 251.5 251.7 252.6 255 256.6
149.8 148.6 147.3 146.3 145.4 144.5 143.8 143.2 142.4 141.9 143 144.2 145.7 146.7 148.4 150.4 152.7 156.6 160.9 164.3 167.8 177.2 179.9 182.5 183.4 183.6 184.1 185.6 188.3 195.4 201.4 206.4 211.1 214.3 216.2 218.3 220.4 221.5 222.7 223.4 222.9 223.4 226.4 225.8 225.7 225.1 225.2 225.2 224.2 225 225.2 224.5 224.6 225.1 225.3 225.2 226.1 226.1 226.4 227.6 227.9 228.3 229.1 230.6 232.6 234.7 236.4 238.7 240.4 241.4 243.1 244.3 246.6 248.9 251.1 252.7 254.5 256.3
151.1 150.4 149.1 147.4 146.4 145.2 144.4 143.9 143.7 144.1 145.2 147.2 149.1 151.7 153.6 155.2 161.7 167.1 175.7 185.3 194 197.8 200.3 201.1 201.9 201.7 200.7 202.8 206.2 205.8 210.2 213.6 218 219.2 220.6 221.6 222.5 224 225.9 226.2 226.2 225.7 226.7 225.9 225.2 224.9 224.3 223.5 223.5 223.9 224.3 225.2 225.5 224.4 225.3 227.1 228.4 229.7 230.5 231.3 231.4 231.7 232.5 233.4 234.3 235.3 236.4 237.6 238.2 240.1 240.4 243 245.3 247.5 248.7 251.6 254.5 255.8
152.6 151.6 150.6 148.9 147.3 145.8 144.3 144.2 144.4 146.2 149 151.3 153.9 157.5 162.1 170.1 179.2 187.1 194 202.8 208.1 210.2 212 212.7 213.7 212.8 213.7 214.5 214.6 215.4 218.8 221 220.9 220.7 222 223.5 224.5 225 225.4 225.7 226.1 226.8 227.1 224.2 223.5 224.8 220.1 220.5 220.2 219.9 221.5 223.2 224.6 223.8 225.9 227.9 230 231.1 231.4 231.6 231.7 232.5 233.7 233.8 233.8 234.6 236.1 235.9 235.9 236.7 239.1 241.7 243.5 245 245.9 248.8 251.8 253.7
