app/static/ascii/SU49.asc
ncols 200
nrows 200
xllcorner 440000
yllcorner 190000
cellsize 50
[rows 152 to 189 of 200, columns 86 to 171 of 200]
62.4 62.5 62.6 62.8 62.7 62.5 62.8 63.2 63.3 63.3 63.2 63.2 63.2 63.1 63.1 63 62.9 62.9 62.9 63 63.1 63.1 63.2 63.3 63.3 63.4 63.5 63.5 63.5 63.5 63.4 63.4 63.3 63.3 63.2 63.2 63.2 63.1 63 63.1 62.9 62.4 62.4 62.2 61.8 61.6 61.4 61.3 61.2 61 60.8 60.5 60.6 60.6 60.7 60.8 60.8 60.8 60.4 60 59.7 59.6 59.4 59.2 59.1 59 59.1 59.2 59.4 59.6 59.9 59.3 58.9 59 59.2 59.3 59.1 59 58.9 58.9 58.6 58.4 58.5 58.6 58.8 59
62.5 62.7 62.8 63 62.9 62.7 63 63.4 63.6 63.5 63.5 63.5 63.4 63.4 63.3 63.3 63.2 63.1 63.1 63.2 63.2 63.3 63.4 63.4 63.5 63.6 63.6 63.7 63.7 63.6 63.6 63.5 63.5 63.4 63.4 63.4 63.3 63.3 63.2 63.1 63 62.8 62.7 62.5 62.3 62.1 61.8 61.7 61.6 61.4 61.2 61 60.9 61 61.1 61.1 60.9 60.7 60.4 60 59.7 59.5 59.3 59.1 59.1 59 59.1 59.3 59.5 59.9 60.1 61.6 58.9 59 59.2 59.2 59 59 58.9 58.8 58.6 58.4 58.5 58.6 58.8 59
63 63 63.1 63.1 63.1 63 63.2 63.6 63.9 63.8 63.8 63.8 63.7 63.7 63.6 63.6 63.5 63.4 63.3 63.3 63.4 63.5 63.5 63.6 63.7 63.7 63.8 63.9 63.8 63.8 63.7 63.7 63.6 63.6 63.6 63.5 63.5 63.4 63.3 63.3 63.2 63.1 63 62.9 62.8 62.5 62.3 62.1 61.9 61.7 61.5 61.4 61.3 61.4 61.3 61.1 61 60.9 60.6 60.2 59.7 59.5 59.3 59.1 59.1 59.1 59.2 59.5 59.8 59.8 60.1 61.2 59 59.1 59.2 59.1 59 58.9 58.8 58.7 58.7 58.3 58.5 58.6 58.8 59
63.3 63.4 63.5 63.5 63.3 63.3 63.4 63.9 64.1 64.1 64.1 64 64 63.9 63.9 63.8 63.7 63.6 63.5 63.5 63.6 63.6 63.7 63.8 63.8 63.9 64 64.1 64 63.9 63.9 63.8 63.8 63.7 63.7 63.7 63.6 63.5 63.5 63.4 63.3 63.2 63.1 63 62.9 62.8 62.7 62.5 62.3 62.1 61.9 61.7 61.7 61.5 61.5 61.4 61.3 61.3 61.1 60.9 60 59.4 59.2 59.1 59.1 59.2 59.4 59.5 59.6 59.6 60.3 61.2 62.1 59.1 59.1 59 58.9 58.8 58.8 58.7 58.6 58.4 58.5 58.6 58.7 59
63.7 63.8 63.9 63.7 63.6 63.5 63.5 64 64.4 64.4 64.3 64.3 64.3 64.2 64.2 64.1 64 63.9 63.8 63.7 63.7 63.8 63.9 63.9 64 64.1 64.2 64.3 64.2 64.1 64 64 63.9 63.9 63.9 63.8 63.7 63.7 63.6 63.5 63.4 63.3 63.2 63.1 62.9 62.8 62.8 62.7 62.6 62.4 62.2 62 61.9 61.9 61.8 61.8 61.7 61.6 61 60.5 60.7 59.1 59.2 59.1 59.1 59.3 59.3 59.3 59.4 59.5 60.9 60.7 62.2 59.1 59 58.9 58.9 58.8 58.7 58.6 58.5 58.4 58.4 58.6 58.8 59.1
63.7 64.2 64.2 64 63.8 63.8 63.7 64.2 64.6 64.6 64.6 64.6 64.5 64.5 64.4 64.4 64.2 64.1 64 63.9 63.9 64 64.1 64.1 64.2 64.3 64.4 64.5 64.4 64.2 64.2 64.1 64.1 64 64 63.9 63.9 63.8 63.7 63.6 63.5 63.4 63.3 63.2 62.9 62.8 62.8 62.9 62.7 62.6 62.4 62.2 62 62 62 62 62 61.8 61.2 60.4 59.5 59.1 59.5 59.6 59.3 59.1 59.1 59.1 59.2 59.9 60.8 60.3 59.8 62.8 59.1 59 58.9 58.8 58.7 58.6 58.5 58.4 58.4 58.7 58.9 59.2
63.2 63.9 64.1 64 64.1 64 63.9 64.3 64.8 64.9 64.9 64.8 64.8 64.8 64.7 64.6 64.5 64.4 64.3 64.2 64.1 64.2 64.2 64.3 64.4 64.4 64.5 64.6 64.6 64.4 64.3 64.3 64.2 64.2 64.1 64.1 64 63.9 63.8 63.8 63.7 63.5 63.5 63.2 63 62.8 62.8 62.9 62.8 62.7 62.5 62.4 62.2 62.1 62.1 62.1 62.2 61.8 61 60.1 59.6 59.6 60 60.2 59.8 59.4 59.1 59.1 59.1 61 61 60.6 60 63.4 59.7 59.6 59.4 59.2 59 58.8 58.6 58.3 57.9 57.7 58 58.6
63.5 63.6 63.8 64.1 64.4 64.3 64.2 64.5 64.9 65.2 65.1 65.1 65.1 65 65 64.9 64.8 64.7 64.6 64.5 64.4 64.3 64.4 64.5 64.5 64.6 64.7 64.8 64.8 64.6 64.5 64.4 64.4 64.3 64.3 64.2 64.1 64 64 63.9 63.8 63.7 63.5 63.3 63 62.8 62.8 62.9 62.9 62.7 62.6 62.4 62.3 62.2 62.2 62.2 62.3 61.8 61 60.7 60.3 59.9 60.9 60.6 60.3 60.1 59.6 59.1 59.1 59.5 60.4 61 60.6 59.6 63.2 59.7 59.5 59.3 59 58.7 58.4 58.1 57.7 57.8 58 58.2
63.8 63.9 64 64.3 64.6 64.5 64.5 64.6 65 65.4 65.2 65.2 65.2 65.3 65.2 65.1 65 64.9 64.8 64.7 64.6 64.5 64.6 64.6 64.7 64.8 64.9 65 65 64.8 64.6 64.6 64.5 64.5 64.4 64.3 64.2 64.2 64.1 64 63.9 63.8 63.6 63.3 63.1 62.8 62.8 62.9 63 62.8 62.6 62.5 62.3 62.2 62.1 62 61.8 61.9 61.4 60.9 60.6 60.4 59.9 60.1 60.2 61 60.6 60.2 59.3 59.6 60.1 60.6 60.9 60.1 64.8 59.7 59.4 59.1 58.9 58.6 58.2 57.9 57.7 57.7 57.7 57.8
64.1 64.2 64.3 64.4 64.6 64.6 64.7 64.8 64.9 65 65.4 65.5 65.2 65.1 65.3 65.3 65.3 65.2 65.1 65 64.9 64.8 64.7 64.8 64.9 65 65.1 65.2 65.2 65 64.8 64.7 64.7 64.6 64.5 64.4 64.4 64.3 64.2 64.1 64 63.8 63.6 63.3 63.1 62.8 62.9 62.9 63 62.9 62.7 62.5 62.4 62.2 62 61.8 61.8 61.8 61.5 61.1 60.9 60.8 60.3 59.7 59.7 60.9 61.9 61.4 60.2 59.7 60.2 60.6 61 60.3 61.7 60 59.8 59.4 59 58.6 58.2 57.8 57.8 57.8 57.7 57.7
64.4 64.5 64.6 64.7 64.7 65.1 65.4 65.1 65.1 65.2 65.5 65.7 65.3 64.9 65.3 65.2 65.3 65.3 65.2 65.2 65.2 65.1 65 65 65.1 65.2 65.3 65.4 65.4 65.2 65 64.9 64.8 64.7 64.6 64.6 64.5 64.4 64.3 64.2 64.1 63.9 63.6 63.4 63.1 62.9 62.9 63 63 63 62.7 62.6 62.4 62.2 62 62 62 61.9 61.7 61.5 61.4 61.2 60.7 60.1 60.2 60.7 61.8 62.1 61.2 60.2 60.2 60.6 60.9 59.9 60.3 66.6 59.9 59.4 59 58.6 58.2 58.4 58.3 58.3 58.2 58.1
64.7 64.8 64.9 64.7 64.3 65.4 65.8 65.4 65.4 65.4 65.3 65.4 65.3 65.4 65.4 65 65.4 65.3 65.3 65.2 65.2 65.2 65 65.2 65.2 65.3 65.3 65.4 65.4 65.3 65.2 65.1 65 64.9 64.8 64.7 64.6 64.5 64.4 64.3 64.2 63.9 63.7 63.4 63.2 62.9 62.9 63 63.1 63.1 62.8 62.7 62.7 62.3 62.1 62 62 62 62.1 61.9 61.8 61.7 61.2 61 61.1 61.1 61.7 61.7 61.4 60.8 60.6 60.8 60.3 60.1 60.4 66.6 62.7 59.5 59 58.6 58.5 58.9 58.7 58.7 58.6 58.6
65 65.1 64.8 64.5 64.7 65.4 65.5 65.6 65.6 65.6 65.6 65.6 65.6 65.8 65.9 65.2 64.5 65.4 65.3 65 64.8 64.9 65.4 65.4 65.4 65.4 65.4 65.4 65.4 65.4 65.3 65.3 65.2 65.1 65 64.9 64.8 64.7 64.6 64.4 64.4 64.1 63.9 63.6 63.4 63.2 63 63.1 63.2 63.2 63.2 63.2 63.2 63 62.1 61.9 61.9 62.5 63 62.3 62.2 62.1 61.9 61.9 61.9 61.8 61.8 61.8 61.8 61.7 61.5 61.3 61 60.8 60.8 61 68 59.5 58.9 58.7 59.1 59.5 59.2 59.1 59 58.8
65.1 65.1 65.1 65.2 65.3 65.6 65.7 65.8 65.8 65.8 65.8 65.9 65.9 66 66.2 65.5 65.7 65.8 65.7 65.2 65.2 65.4 65.8 65.9 66 66 65.9 65.7 65.6 65.5 65.4 65.4 65.4 65.3 65.2 65.1 65 64.8 64.5 64.3 64.3 64.3 64.3 64.1 64 63.6 63.3 63.4 63.5 63.7 63.8 63.7 63.7 63.6 62.8 62 62.2 63.1 63.9 63.2 63 62.6 62.6 62.6 62.5 62.1 62.2 62.4 62.5 62.4 62.2 62 61.8 61.6 61.6 61.5 68.7 62.6 60.2 59.6 59.8 60.4 59.9 59.5 59.2 58.9
65.1 65.2 65.3 65.4 65.5 65.7 65.8 65.9 65.9 66 66.1 66.1 66.2 66.3 66.5 66.1 66.3 66.5 67.1 67.4 67 66.5 66.2 66.3 66.5 66.4 66.2 66 65.8 65.6 65.5 65.5 65.4 65.4 65.3 65.2 65.1 65 64.7 64.5 64.5 64.4 64.5 64.4 64.3 64 63.6 63.7 64.1 64.2 64.3 64.3 64.2 64.1 63.5 62.9 62.7 63.2 63.7 67.2 64.1 63.3 63.4 63.4 63.3 63 62.9 63.1 63.2 63.1 62.9 62.8 62.6 62.4 62.2 62.2 61.9 69.4 61.4 60.6 62.8 60.6 60.4 59.8 59.4 59
65.2 65.4 65.5 65.6 65.7 65.9 66 66 66.1 66.2 66.3 66.4 66.5 66.6 66.6 66.7 66.8 67 67.1 67 67 66.9 66.4 66.6 66.7 66.6 66.6 66.4 66.3 66.2 66.2 66.2 66.2 66.3 66.4 66.1 65.7 65.3 64.9 64.8 64.7 64.7 64.6 64.6 64.6 64.8 64.9 64.8 64.9 64.9 64.8 64.8 64.7 64.6 64.5 64.3 64.1 64 64.3 64.1 64.1 64 64 64 64 64.1 64.1 64 63.9 63.8 63.7 63.5 63.3 63.2 63 62.9 62.7 70.1 63.3 66.9 61.4 60.7 60.6 60.1 59.7 59.3
65.6 66 66.4 66.6 66.9 67.1 67.3 67.5 67.6 67.6 67.5 67.4 67.3 67.3 67.3 67.3 67.3 67.3 67.4 67.3 67.3 67.3 67.2 67.1 67 66.9 66.9 66.9 66.4 66.3 66.2 66.2 66.1 66.1 66.3 66.2 66.1 65.6 65.5 65.5 65.4 65.4 65.3 65.4 65.3 65 64.8 64.7 64.6 64.8 64.7 64.5 64.2 64.3 64.7 64.5 64.5 66.2 66.8 66.6 71.2 69.3 68.2 68.2 68.1 68.1 68 67.9 67.8 67.6 67.1 66.6 66.5 66.4 66.1 65.3 64.1 65.3 64.2 62.5 62.5 62.5 62.6 62.6 62.6 62.5
66.2 66.7 66.8 66.5 66.1 66.2 66.3 66.4 66.6 66.8 67 67.1 67.2 67.2 67.1 67.1 67.4 67.4 67.5 67.4 67.4 67.3 67.3 67.3 67.3 67.1 66.9 66.9 66.7 66.3 65.8 65.2 65.2 65.4 65.7 65.8 65.8 64.7 64.4 64.9 65 64.9 64.9 65.3 65.2 64.8 64.5 64.2 64.3 64.7 64.5 64.2 63.8 64.7 65 65.6 67.2 68.9 69.6 70.2 73.2 73.8 73.5 73.5 73.6 73.8 74 73.4 72.7 71.9 70.5 70.7 69.9 69.2 68.4 67.6 66.9 68.2 72.2 68.5 63.1 62.9 62.2 62.1 61.6 61
66.2 67.2 66.9 66.2 66.3 66.5 66.6 66.7 66.9 67.1 67.3 67.5 67.5 67.5 67.5 67.4 67.4 67.6 67.6 67.5 67.5 67.5 67.5 67.6 67.5 67.2 67 66.9 66.9 66.5 66.1 65.4 65.4 65.4 65.4 65.4 65.4 64 64.4 64.9 65.2 65.7 64.8 65.7 65.1 64.5 64.2 64.1 64.4 64.5 64.8 64.1 64.2 65.6 67.4 68.5 70 72.5 76.2 77.6 77.9 78.1 76.9 79.4 79.5 79.8 80.1 79.3 77.8 76.8 74.8 75.1 74.7 73.7 72.8 71.8 70.8 70.3 72.6 71.7 67.1 66.5 64.9 63.3 62.1 61.8
66.3 67.2 66.5 66.5 66.6 66.7 66.8 67 67.2 67.4 67.6 67.7 67.7 67.7 67.7 67.7 67.7 67.6 67.7 67.7 67.7 67.8 67.8 67.8 67.6 67.4 67.2 67 66.9 66.8 66.3 65.8 65.6 65.7 65.7 65.7 64.9 64 64.4 65.2 65.4 65.9 65.7 65.5 65 64.3 64.1 64.6 65 65.2 64.4 65.4 66.8 68.5 70 72.6 74.2 78.1 81.8 83.3 83.8 84.4 85.1 83.5 84 84 83.9 83.5 82.3 81.3 80.2 80.1 79.6 78.5 77.4 76.2 74.8 73.4 72.8 73.8 68.5 64.8 66.7 64.3 62.7 62.5
66.4 66.8 66.6 66.7 66.9 67 67.1 67.3 67.5 67.7 67.8 67.9 68 68 67.9 67.9 67.9 67.9 67.9 68 68 68.1 68.1 68 67.8 67.6 67.3 67.1 66.9 66.9 66.6 66.1 65.7 65.8 65.9 65.9 65.1 64.6 64.7 64.3 65.6 66 64.7 65.1 64.6 64.4 64.7 65.3 65.7 65.8 66.1 66.7 68.4 70.5 71.8 77.3 80.8 84.1 86 87.5 87.7 87.6 88 84.1 87.8 87.5 87.2 86.7 86 85 84 83.5 83 82.1 81.1 80.2 78.6 77.1 76 70.3 68 66.8 66.7 65.7 64.4 63.3
66.6 66.8 66.9 67 67.1 67.3 67.4 67.6 67.8 67.9 68 68.1 68.2 68.2 68.2 68.1 68.1 68.1 68.2 68.3 68.3 68.4 68.4 68.2 68 67.7 67.5 67.3 67.1 66.9 66.8 66.4 65.9 66 66.1 66.1 65.7 65.3 65.5 65.4 65.7 65.2 64.4 65.3 65 64.8 64.9 66.1 66.5 67 67.2 69.2 71.6 75.4 78.3 83.1 86.4 88 88.9 90.3 91 91 91 90.4 89.7 89.9 89.8 88.9 88.3 87.5 86.7 86.2 85.7 85.3 84.6 84 82.4 80.7 78.8 72.4 73.9 72.5 67.6 66.7 64.9 64.4
66.8 67 67.1 67.3 67.4 67.5 67.7 67.9 68 68.1 68.2 68.3 68.4 68.4 68.4 68.4 68.3 68.3 68.5 68.6 68.6 68.6 68.6 68.4 68.1 67.9 67.7 67.5 67.2 67 66.9 66.6 66.1 66.1 66.2 66.3 66.2 66.1 65.7 65.9 65.5 64.4 65 65.7 65.6 65.3 65.5 66.6 67.5 67.9 69.8 73.5 76.3 80.1 84.2 88.1 89.7 90.7 91.6 92 92.4 92.9 92.9 92.3 88.7 92.2 92.4 89.9 89.7 89.4 89 88.7 88.5 86 82.8 82 80.7 77.4 74.3 72.2 71.9 72.7 71.2 68.2 67.5 66.1
66.8 67.3 67.4 67.5 67.7 67.8 68 68.2 68.2 68.3 68.4 68.5 68.6 68.6 68.6 68.6 68.5 68.6 68.8 68.8 68.9 68.9 68.8 68.5 68.3 68.1 67.9 67.6 67.4 67.2 67 66.9 66.5 66.3 66.4 66.4 66.3 66.3 66.3 66.1 64.9 64.6 65.9 66.2 66 66 66.3 67.1 68.4 69 73.2 77.4 81.1 84.9 88.4 90.1 92.5 92.8 93.1 93.5 94 94.4 94.5 94.2 92.6 95 92.9 92.9 93 92.5 91.8 91.2 90.4 89 87.4 87.3 86 84.1 83 82.1 79.9 72.9 75.8 73 71.5 70.7
66.8 67.3 67.7 67.8 67.9 68.1 68.3 68.4 68.4 68.5 68.6 68.7 68.8 68.8 68.8 68.8 68.7 68.9 69.1 69.1 69.2 69.2 68.9 68.7 68.5 68.3 68 67.8 67.6 67.4 67.1 66.9 66.7 66.4 66.5 66.5 66.5 66.4 66.4 66.3 66.5 66.3 66.6 66.3 66.2 66.9 67.2 67.7 69.3 72.7 76.9 81.2 84.9 87.8 90.6 91.7 93.8 94.2 94.5 95.1 95.6 95.9 95.9 95.7 95.4 93.9 94.7 94.1 93.9 93.5 92.8 92.1 91.6 90.8 89.9 89.3 86.7 85.4 84.5 83.7 82.8 82.1 80.8 75.3 75.8 75.4
66.9 67.4 67.9 68.1 68.2 68.4 68.5 68.6 68.6 68.7 68.8 68.9 69 69.1 69 69 68.9 69.1 69.4 69.4 69.5 69.3 69.1 68.9 68.6 68.4 68.2 68 67.8 67.5 67.3 67.1 66.9 66.6 66.6 66.6 66.6 66.5 66.5 66.4 66.4 66.5 66.1 66.3 66.6 67.6 68.2 69.8 72.6 75.8 81.2 84.7 88.1 90.6 92.4 94.1 95.2 95.6 96 96.6 97.1 96.9 96.8 96.6 96.5 95.9 95.6 95.3 94.9 94 93.3 92.8 92.2 91.6 90.6 90.3 87.8 86.9 86.1 85.2 84.4 83.6 82.8 82.7 78.4 75.9
66.9 67.4 68 68.3 68.5 68.6 68.7 68.8 68.8 68.9 69 69.1 69.2 69.3 69.3 69.2 69.2 69.4 69.7 69.7 69.7 69.5 69.3 69 68.8 68.6 68.4 68.1 67.9 67.7 67.5 67.2 67 66.8 66.8 66.7 66.7 66.6 66.5 66.5 66.5 66.2 66.2 66.4 67.3 68.3 69.4 72.6 77 80.9 84.1 87.2 90.4 92.2 93.8 95.5 96.7 96.8 96.9 97.5 97.7 97.5 97.3 97.2 97.1 96.8 96.4 96.1 95.4 94.5 93.9 93.4 92.8 92.3 91.6 90 89 88.3 87.6 86.8 85.9 85.1 84.6 83.8 81.7 78.3
67 67.5 68 68.5 68.7 68.8 68.9 69 69 69.1 69.2 69.3 69.4 69.5 69.5 69.4 69.4 69.7 69.9 70 69.9 69.7 69.4 69.2 69 68.8 68.5 68.3 68.1 67.9 67.6 67.4 67.2 67 66.9 66.8 66.8 66.7 66.7 66.7 66.9 66.8 66.8 67 67.9 69.2 71.9 76.6 81 83.9 86.9 89.3 91.6 93.3 94.9 96.5 97.2 97.5 97.7 97.9 98 97.9 97.9 97.8 97.7 97.6 97.2 96.4 95.5 94.6 93.7 93.5 93.4 92.9 91.8 90 88.8 88.8 88.1 87.5 86.8 86.1 85.5 84.6 83.9 81.2
67.1 67.7 68.2 68.7 68.9 69 69.1 69.2 69.3 69.4 69.4 69.5 69.6 69.7 69.7 69.6 69.7 70 70.2 70.3 70.1 69.8 69.6 69.4 69.2 68.9 68.7 68.5 68.3 68 67.8 67.6 67.3 67.1 67 67 67 66.9 66.9 67 67.2 67.4 67.4 67.9 69.4 70.7 75.2 80.3 84.5 86.7 88.3 90.6 92.9 94.4 96 97.1 97.7 98 98.2 98.4 98.4 98.3 98.2 98.1 98 97.9 97.3 96.5 95.7 94.7 93.7 92.8 92.7 92.6 91.9 90 88.5 88.6 88.6 87.9 87.3 86.6 86.1 85.5 84.8 83.6
67.4 67.9 68.4 68.9 69.2 69.3 69.4 69.5 69.5 69.6 69.7 69.8 69.9 70 70 70 69.4 70.1 70.5 70.5 70.2 70 69.8 69.6 69.3 69.1 68.8 68.6 68.3 68.1 67.9 67.6 67.4 67.3 67.3 67.2 67.1 67.1 67.1 67.4 67.6 67.8 68.3 70.2 71.5 73 78 84.4 87.4 88.2 89.6 91.9 94.1 95.6 96.8 97.7 98.2 98.4 98.6 98.8 98.6 98.5 98.4 98.3 98.2 97.6 97 96.5 95.8 94.9 93.9 92.9 92 91.7 91.1 90 88.2 88.3 88.3 88.4 87.7 87.3 86.8 86.3 85.7 85.1
67.6 68.1 68.6 69.1 69.4 69.5 69.6 69.7 69.8 69.9 70 70 70.2 70.3 70 70 69.8 69.5 70.6 70.6 70.4 70.1 69.9 69.6 69.4 69.1 68.9 68.6 68.4 68.1 67.9 67.6 67.4 67.5 67.5 67.4 67.4 67.3 67.5 67.7 67.9 68.1 68.8 69.5 72.1 75.5 81.2 85.7 88.4 89.7 91 93.2 95.3 96.4 97.3 98.2 98.5 98.7 98.9 99 99 98.7 98.6 98.5 97.9 97.3 96.8 96.2 95.7 94.6 93.5 92.6 91.6 90.9 90.2 89.6 88.2 88 88 88.1 87.9 87.4 86.9 86.3 86.2 86
67.9 68.3 68.8 69.4 69.6 69.7 69.8 69.9 70.1 70.2 70.2 70.3 70.5 70.5 69.4 69.9 70.6 69.9 70.9 70.6 70.4 70.2 69.9 69.7 69.4 69.2 68.9 68.7 68.4 68.2 67.9 67.7 67.6 67.7 67.7 67.6 67.6 67.6 67.7 68 68.2 68.4 69 70.8 73.4 76.9 82.7 86.7 89.2 91 92.4 94.5 95.8 97 97.9 98.4 98.8 98.9 98.9 98.9 99 99 98.8 98.2 97.6 97.1 96.5 96 95.4 94.5 93.1 91.7 90.6 90.3 89.6 88.8 88.1 87.7 87.7 87.6 87.4 86.8 86.3 85.9 86 85.5
68.2 68.6 69.1 69.6 69.9 70 70.1 70.2 70.3 70.4 69.9 70.6 70.7 70.7 70.7 70.8 70.9 70.9 71 70.7 70.4 70.2 69.9 69.7 69.5 69.2 69 68.7 68.5 68.2 68 67.7 67.7 67.8 67.9 67.9 67.9 67.9 67.9 68.2 68.5 68.7 69.5 71.9 74.2 78.6 83.2 86.9 89.9 91.8 93.6 95.1 96.3 97.2 97.9 98.5 98.8 98.8 98.9 98.9 98.9 99 98.7 98.1 97.6 97 96.4 95.8 95.2 94.4 92.9 91.5 90.1 89.4 89.1 88.3 87.5 86.9 86.8 86.7 86.7 86.3 85.8 85.6 85.6 84.5
68.4 68.8 69.3 69.8 70.1 70.2 70.3 70.5 70.6 70.7 70.2 70.9 70.9 70.9 70.9 71.1 71.4 71.3 71.1 70.9 70.5 70.2 70 69.7 69.5 69.2 69 68.8 68.5 68.3 68 67.8 67.8 68.1 68.2 68.2 68.1 68.1 68.1 68.4 68.7 69 70.8 72.7 75 78.9 83.4 86.7 89.4 91 92.9 95.4 96.3 97.1 97.7 98.4 98.7 98.8 98.8 98.9 98.9 98.8 98.4 98.1 97.5 96.9 96.2 95.6 94.9 94.2 92.8 91.4 90 89.4 89.1 88.2 87.1 86.1 85.9 85.7 85.4 85.4 85 84.3 84.1 83.5
68.7 69.1 69.5 70 70.3 70.6 70.5 70.8 70.9 71 71.1 71.1 71.1 71.1 71.1 71.5 71.8 71.7 71.3 71.2 70.5 70.3 70 69.8 69.5 69.3 69 68.8 68.5 68.3 68.1 68 68 68.3 68.4 68.4 68.4 68.4 68.4 68.6 68.9 70.4 72.3 73.9 75.7 80.1 84.7 86.5 88.8 90.1 92.6 95.4 96.3 96.9 97.7 98.4 98.5 98.7 98.8 98.8 98.9 98.6 98.2 97.8 97.3 96.7 96.1 95.4 94.7 94 92.7 91.3 90 89.4 89 88 86.9 85.8 84.5 84.3 84.3 84.4 84.1 83.4 82.7 82
68.9 69.4 70 70.7 70.8 71 70.5 71 71.2 71.4 71.4 71.4 71.4 71.4 71.4 71.7 71.9 71.8 71.6 71.4 70.6 70.3 70.1 69.8 69.6 69.3 69.1 68.8 68.6 68.6 68.6 68.4 68.3 68.6 68.7 68.7 68.7 68.6 68.7 68.9 69.9 71.1 72.6 74.4 76.3 79.5 84.9 86.8 88.6 90.3 92.6 95.4 96.2 96.9 97.6 98.3 98.4 98.5 98.7 98.8 98.7 98.3 97.9 97.5 97 96.4 95.9 95.4 94.5 93.7 92.6 91.4 90.4 89.3 89.3 87.9 86.6 84.4 82.1 82.1 82.4 83.2 83 82.2 81.5 80.1
68.9 69.5 70.2 70.9 71 70.7 70.8 71.3 71.6 71.7 71.8 71.7 71.7 71.6 71.6 71.8 72 71.8 71.6 71.4 70.6 70.4 70.1 69.9 69.6 69.4 69.2 69.2 69.2 69.2 69.1 68.8 68.6 68.8 69.1 69.5 68.9 68.9 68.9 69.8 71.3 71.7 72.5 74.8 76.8 78.8 83.8 86.3 88.3 90.3 92.4 94.9 96.1 96.8 97.6 98.1 98.3 98.4 98.5 98.6 98.7 98.3 97.9 97.5 96.8 96.2 95.6 95.3 94.5 93.9 93 92.1 91.3 90.6 89.9 88.9 87.3 85.6 83.8 81.4 80.1 80.9 80.6 79.9 79.4 77.9
68.4 69.4 70.7 70.8 71.1 71.3 71.4 71.8 72.1 72.1 72.1 72 72 71.9 71.9 72 71.9 71.7 71.5 71 70.7 70.4 70.1 69.9 69.7 69.7 69.7 69.7 69.7 69.7 69.4 69.2 68.9 69.1 69.4 69.6 70.8 69.8 69.8 70.8 71.6 72.1 72.5 73.9 76.1 78.5 82.7 86 88 90.1 92.2 95.1 96.1 96.8 97.5 98 98.1 98.3 98.3 98.4 98.4 98.5 98.1 97.7 97.2 96.2 95.3 95.3 95 94.3 93.4 92.6 92.1 91.5 90.9 89.8 87.9 86.4 85.3 82.2 80.5 79.2 77.7 77.1 76.4 75.2
