app/static/ascii/SU79.asc
ncols 200
nrows 200
xllcorner 470000
yllcorner 190000
cellsize 50
[rows 140 to 174 of 200, columns 0 to 77 of 200]
140.5 142.5 144.5 147.4 150.1 152.4 155.1 158.6 162.2 166.3 171.5 178.5 188 197 203.4 207.8 213.4 219.1 224.2 228.6 231.6 234.6 236.2 236.9 237.8 238.3 238.4 238.1 237.8 237.5 236.7 236.1 235.5 234.9 234.1 232.5 231 229.2 226.6 223.5 219.4 220.9 224.5 226 227.5 228.2 228.8 228.8 228.4 227.9 227.5 227.1 226.7 226.2 225.5 225 224.2 224.1 224.3 223.6 223.2 222.5 221.6 219.8 218.3 217.2 215.7 214.2 212.3 210.4 208.2 205.7 203.2 200 195.4 190.4 183.8 176.6
140 142.3 144.4 147.8 151 155.4 159.7 164.3 170.2 176.8 182.8 189.6 198.2 205.3 209.9 214.4 219.4 224.4 228.8 231.8 234.2 235.8 236.8 237.3 237.6 237.9 237.6 237.3 237 236.5 235.8 235.2 234.7 234 233.2 231.5 229.9 228.1 225.3 222.1 218 218 222.3 224.3 226 226.9 227.6 228 227.8 227.4 227 226.6 226.3 225.5 224.7 223.7 222.6 223.1 224 224 223.4 223.2 222.3 221.8 221.1 220.3 218.9 217.8 216.3 214.6 212.5 210.3 207.8 204.5 199.6 192.4 184.1 175.1
139.5 141.9 145.3 150.2 156 161.6 167.1 172.4 179.2 185.8 192 199.5 205.9 210.9 215.5 220.1 224.6 229 231.9 233.9 235.4 236.6 237.1 237.4 237.2 237 236.8 236.5 236.2 235.6 235 234.4 233.7 233.1 232.5 230.7 229 226.5 223.4 220.4 216.4 215.4 219.7 222.6 224.3 225.6 226.3 227.1 226.9 226.8 226.4 226 225.1 224 222.8 222.1 221.1 222 222.9 223.7 223.5 223.4 223 222.3 221.5 221.1 220.2 219 217.4 215.7 214 212 209.7 206.2 200.7 192.9 182.7 169.4
140 143.6 149.5 156.8 164.9 171.1 176.5 182.4 188.3 194.7 200.9 206.9 211.6 215.7 219.7 224.2 229.1 232.2 233.7 234.7 235.8 236.6 236.6 236.5 236.4 236.2 235.9 235.7 235.3 234.7 234.1 233.4 232.8 232.2 231.5 229.9 227.4 224.5 221.7 218.3 214.4 212.7 216.3 220.2 222.4 223.9 225.1 226 226 225.9 225.4 224.6 223.4 222.2 220.8 219.7 220 220.9 221.7 222.5 222.8 223 223.2 222.7 221.9 221.2 219.8 218.5 216.9 215.6 214.2 212.3 210.1 206.7 200.9 192.6 180.1 164.7
141.1 145.6 153.5 163.6 172.6 180.1 186.3 192.4 197.4 202.9 208.7 212.8 216.6 220.6 224.6 228.5 231.9 233.3 234 234.8 235.2 235.4 235.4 235.3 235.2 235.1 235 234.8 234.4 233.8 233.1 232.5 231.8 231.2 230.6 229.6 227.3 223.9 221 218 214.6 211 211.8 215.5 218.8 221.1 223.9 225.1 225.2 224.7 224 223 221.6 220.4 218.8 216.6 217.7 219.5 220.4 221.4 221.7 221.8 222.1 222.1 221.7 220.4 219 217.6 215.7 214.4 213.2 212 210 206.5 200.9 192.8 181.2 166.1
142.4 148.9 156.6 166.5 176.7 185 192.7 199.1 205.3 210.3 214.5 218 221.9 225.6 228.9 231.5 232.7 233.2 233.5 233.5 233.9 234.2 234.2 234.1 234 233.9 233.8 233.7 233.1 232.7 232 231.4 230.7 230.1 229.8 229.2 227.6 224.8 222.5 219.6 215.8 211.9 208.4 210.5 215.7 218.9 222.2 224.2 224.1 224.1 223.5 221.9 220.4 218.3 215.7 213.5 215.4 217.5 219.2 220.2 220.5 220.6 221.1 221.2 220.5 219.4 218.2 216.4 214.6 213.3 212.2 211.1 209.3 205.2 200 194 184.4 171.6
143.6 149.1 157.7 168.5 178.2 186.5 195.4 203.9 210.3 215.5 219.4 223 226.9 229.8 231.2 232.1 232.5 232.3 232.4 232.3 232.7 233 233 232.9 232.8 232.7 232.6 232.5 231.9 231.2 230.9 230.3 229.6 229.3 229 228.8 226.9 225.5 223.1 220.4 216.8 212.7 208.3 206.5 211.5 217.1 221 223.2 224.2 223.9 222.7 221.6 220.5 218.4 215.5 211.6 212.3 215.7 218.1 219.1 219.2 219.5 220 220.3 219.3 218.2 217 215.1 213.4 212.2 211 209.7 208.3 206 201.9 196 188.3 178.6
145 149.1 156.4 166.1 175.5 184.4 194.6 204.4 211.6 218.3 223.4 227.2 229.8 230.6 231.3 231.8 231.6 231.4 231.4 231.1 231.3 231.8 231.8 231.7 231.7 231.5 231.5 231.4 230.6 229.8 229.4 229.2 228.8 228.6 228.5 228.1 227.8 225.2 222.3 219.4 216.3 213.2 209.2 204.6 208.7 214.6 219.5 222.4 223.8 223.8 222.7 221.7 220.5 218.6 215.8 210.9 209.6 214 216.7 218.2 217.9 218.5 219 219.1 218.1 216.8 215.5 213.5 210.9 209.7 208.7 208 206.6 205.2 202.5 198.2 191.6 184.1
146 149.1 154.2 162.2 170.9 181.2 193.5 204.2 211.6 218 223.8 228.7 230.2 230.7 231 230.8 230.7 230.5 230.4 229.9 230 230.5 230.6 230.5 230.5 230.2 230 229.9 229.1 228.3 227.4 227.3 228.1 228 228 227.6 226.6 224.4 221.4 218.4 215.3 212 207.3 202.4 206.1 212.4 218.2 222.1 223.3 223.4 222.6 221.5 220.3 218 214.8 209.1 207.4 212.9 216.1 217.3 217.2 217.2 217.7 217.6 216.9 215.6 214.2 212.1 208.6 206.8 206 205.4 204.9 203.6 202.5 199.8 195.2 188.5
146.7 149.6 153.5 159.5 167.9 178.8 192.5 202.9 211.1 217.6 223.6 228.7 230.2 230 229.8 229.9 229.7 229.2 228.3 227.7 228 228.5 229.4 229.2 228.4 227.9 228.6 228.2 227.1 226 224.4 225.6 227 227.3 227.3 227 226 223.8 221.1 218.4 213.6 209.4 203.9 199.4 204 210.4 216.4 221.1 222.2 222.4 221.9 221 219.4 216.9 213.2 206.9 205.9 211.5 215.4 216.7 216.8 216.4 216.6 216.3 215.8 214.5 213.2 211.9 209.1 206 203 201.5 200.6 201.2 200.9 200.1 196.6 191.9
147.3 150 153.3 158.7 165.9 176.6 188.8 200.2 210.2 217 222.8 227.7 229 228.7 228.6 228.3 227.8 227.1 226 224.8 224.5 226.3 228.3 228.4 227.5 226.6 227.6 226.5 225 222.7 221.4 223.4 225.5 226.5 226.7 226.2 225.7 223.8 221.4 218.7 213.4 208.5 202.2 197.5 201.6 208.2 214.6 219.4 221.2 221.5 220.8 220 218.3 215.7 211.3 204.6 203.4 209.9 214.1 215.9 216.3 215.7 215.3 214.9 214.6 213.5 212.2 211 209.1 207.1 204 200.2 196.5 196 198.3 199.3 197.8 194.7
147.4 150.1 153.1 157.8 163.9 172.7 185.4 197.8 208.4 216 221.9 226.5 227.5 226.7 226.1 225.8 225.4 224.3 222.3 220.2 221.7 224.4 226.3 228.1 228.1 227.1 226.6 224.7 222.1 219.7 217.6 220.9 224.2 225.8 225.8 225.5 225.2 223.6 221.7 219 215.1 210.2 203.3 196.6 198.9 205.3 211.5 217.7 219.6 220.3 219.6 218.8 216.9 214.1 209.3 202.4 200.4 207.6 212.9 214.8 215.1 214.5 213.8 213.3 212.8 212 210.9 209.8 208.8 206.9 204.4 201.8 197.3 192.3 193.1 196.9 197.9 196
147.5 150.2 153.3 157.8 163.8 172.6 185 197.2 208 215 219.5 223.4 223.5 222.9 222 221.5 221.1 219.5 217 215.8 220.2 225.2 226.5 228.1 228 226.9 226.1 224.3 221.4 217.8 214.4 218.2 222.5 224.4 225.1 224.7 224.4 223.5 221.9 219.5 216.5 212.4 205.1 196.9 194.8 200.8 207.1 213.7 217.8 218.8 218.1 217.3 215.4 212.2 206.7 199.8 197.4 204.8 211.3 213.6 213.8 212.9 211.9 211.3 210.8 210.3 209.2 208.2 207.3 205.9 204.1 202 199 193.1 188.2 191.5 194.8 196.2
147.7 150.5 153.8 158.4 165.1 174.6 186.2 197.7 208.3 214.3 217.9 217.4 217.6 217 215.8 214.5 214.4 212.6 211 214.4 220.2 226.2 227.4 228.7 227.8 226.7 225.7 224.1 221.4 217.2 212.1 214.8 219.8 222.8 223.9 223.9 223.4 223 221.8 220.1 217.3 213.9 207.8 199.7 192.6 195.4 202.2 208.7 214.1 217 216.4 215.6 213.7 210 204.1 196.6 195.1 203 209.7 212.1 212.1 210.9 209.4 208.4 208.6 208.6 207.7 206.8 205.8 204.7 203.2 201.4 198.9 193.5 187 186.2 191.1 194.5
148 150.9 154.7 160.5 167.9 176.8 188.1 199.2 208.3 212.7 212.1 209.7 209.5 208.6 206.5 206 205.8 205.5 209.9 216.2 222.1 226.9 228.5 228.6 228.2 227 225.5 223 220.8 217 210.9 211.3 217.5 220.5 222 223 222.5 222.1 221.5 220.1 218.2 215 210.3 202.7 194.5 190.6 197.1 202.6 208.2 213.3 214.7 213.8 211.7 207.4 200.6 192.9 192.9 202 208.1 210.7 210.2 209.2 206.4 204.7 205.9 206 205.8 205 204.1 203 201.9 200.5 198.3 193.5 186.9 181.9 184.5 190.8
148.2 151.8 155.8 162.6 170.9 179.2 189.7 199.4 206.2 208.5 205.3 202 200.5 199 197.1 197.6 201.6 208.3 214.1 219.1 224.6 228.1 228.8 229 228.2 226.7 223.8 221.3 218.4 214.3 209.4 207.5 214 218.7 220.8 221.7 221.7 221.5 221.1 219.8 218.5 215.8 211.9 205.8 197.9 190 190.2 195.9 202.2 208.2 211.2 211.4 208.7 204.3 197.2 188.8 190.9 200.2 206.4 209.2 208.8 206.8 203.4 200.7 202.9 203.3 203.1 203 201.8 200.8 199.9 199.1 197.6 193.7 186.7 177.7 176.8 183.9
149.2 153 158.5 166.1 173.9 181.9 190.6 198 201.8 201.6 197.6 194 192.6 190.4 193.2 199.6 206.6 213.2 218.7 223.2 227.3 228.7 229.5 229.5 228 226.5 223.1 219.7 215.4 211.2 206.5 204.5 210.7 216 218.8 219.6 220.6 220.8 220.4 219.7 218.3 216.1 212.6 207.6 200.5 192 185.6 190.3 197.7 203.2 206.8 207.3 204.7 200.7 193.7 185.6 189 198.2 204.7 207.3 206.8 204.2 199.6 197 199.3 200.8 201 200.2 198.2 197.2 196.7 196.8 195.7 193.3 185.6 176.7 170.5 174.2
153 158.2 163.7 169.9 177.2 182.3 187.5 192.6 193.8 192.6 188.9 186.4 186.5 191.5 198.9 205.4 212 217.5 222.2 226.7 228.9 229.9 230.2 229.5 228.4 226.2 222.1 218.1 212.9 208.2 202.1 200.7 207.1 212.1 215.4 217.1 218.3 219.5 219.5 218.8 218 216.2 213.1 208.9 203.2 195.1 186.1 186.2 192.3 197.9 201.4 202 199.6 196.5 190.1 182.4 186.7 196 202.4 205.4 204.9 200.9 195.9 193 195.9 197.5 198.2 197.6 195.3 193 192.8 194.6 193.6 192.7 186.4 178 169.6 166.2
159.4 164.5 168.5 173.2 177.3 179.4 182.3 184.1 184.5 183.4 180.7 182 188.5 197.4 204.8 211.1 216.4 220.8 225.4 228.7 230.4 230.8 230.6 230.3 228.1 225.8 223.1 217.6 211.2 205.2 199.4 196.5 200.8 204.7 208.6 213.1 214.9 216.7 218.4 218 217.5 215.9 213.9 210.4 205.3 198.3 189.5 182.2 184.3 190.2 195.4 196.7 195.2 192.7 186.6 179.5 184.5 193.6 200 202.7 202.6 197.4 191.8 189 191.6 194.1 194.9 194.7 192.6 189.2 188.8 191.5 192.5 191.6 186.9 179.8 171.4 162.4
164.1 168.4 171.1 172.6 173.4 174.3 175.9 176.3 176.4 176.1 176.9 182.4 190.8 200.5 209.6 215.4 219.9 224.3 227.8 230 230.8 231 230.8 230.3 228.5 226.2 223.2 219.3 214.4 208.6 202.5 195.6 193.3 196.2 200.6 206.6 210.7 213.4 215.5 216.6 216.7 215.7 214.3 211.5 207.6 202 195 187 180 181.1 186.6 190.8 191.6 189.6 183.7 177.1 181.9 190.5 196.5 199.5 199.8 196 188.3 184.4 186.7 189.9 191 191.4 190.3 186.9 184.3 187 190 190.6 186.8 179.2 170 160.4
162.7 166.6 167.7 167.9 168.5 169.4 170.3 170.9 171.4 173.2 177.2 184.3 192.6 202.1 211.7 218.3 223.1 226.7 229.6 231.2 231.2 231.2 231 230.3 228.4 226.6 224.3 221.4 217.8 212.4 206.5 200.2 192.8 189 192.1 196.5 202.9 206.1 210.6 213.5 214.7 215 214.3 212.4 209.2 205.7 200.5 193.3 185.9 178.7 177.6 181.5 185.5 185 179.4 174.1 177.6 184.6 189.2 193.1 195.6 193.9 187.6 181 179.3 182.2 186.3 187.7 187.2 184.5 180.4 180.2 186.1 188.6 186.7 178.4 169.1 159
157.7 160.9 162.5 163.2 164.5 165.3 166.5 167.4 169.5 173.9 179 186.8 195.3 204.1 213.5 220.4 225.2 228.7 230.8 231.7 231.8 231.5 230.4 229.6 228 226.2 224.3 222.5 219.7 216.5 211.4 206.2 199.8 192 186.1 185.1 190 197.8 203 207.3 211.9 213.6 214.2 213.1 210.8 208.1 203.8 198.9 192.6 184.4 176.4 174.8 178.3 179.1 174.5 169.5 170.8 174 178.5 183.6 188.6 190.6 187.3 180.8 174.9 175.3 179.8 182.5 182.8 180.7 174.8 173.1 179.9 186.4 186.8 180.9 172.2 163.4
155.2 156.9 158.6 160.9 162.1 163.6 165.6 169.1 172.1 176.3 182.2 190.6 199.7 208.7 216.7 222.2 227.3 230.2 231.8 232.1 231.8 231 229.8 228.7 227.3 225.4 223.4 222.2 220.6 218.7 215.6 211 205.6 199 191.6 184.5 180.7 185.2 192.8 201.2 206.6 210.8 212.6 213 211.6 210.3 207.5 202.5 196.6 188.9 181.6 175.3 172.3 172.9 170.9 166.8 165.6 165.3 166.7 172.9 179.9 185.4 185.2 180.6 172.9 170 173.1 176.4 175.8 172.3 168.3 169 178.1 185.4 187.1 184 177.5 169.5
157.4 158.4 160 162.4 165.3 167.9 171.2 174.6 177.7 181.6 188.2 196.5 204.9 214 220.7 225.8 229.3 231.2 231.8 232.1 231.4 230.2 229 227.9 225.9 224.3 222.6 221.7 220.4 219.3 217.2 213.9 209.8 204.6 198 190.6 182.9 177.2 182.5 191.3 200 206.2 209.9 211.4 211.7 211 208.7 205.6 200.4 193.1 186.5 180.6 175 170.6 168.2 165.6 164.3 162.3 161.1 162.7 171 178.7 181.8 178.8 172.9 166.4 166.7 168.9 166.7 164 162.9 169 177.7 184.3 187.3 185.7 181.7 175.4
162.5 162.7 165 167.7 170.6 175.2 180 184.6 188.4 192.5 197.9 204.4 210.9 218.5 224.2 228.1 230.5 231.7 231.9 231.8 230.6 229.3 228.2 226.4 224.3 222.7 220.5 220 219.8 218.6 217.4 215.1 212.5 208.3 202.3 196.2 188.1 179.5 174.4 181 190.7 199.4 205.1 208.8 210.7 210.2 208.8 206.6 203.7 197.1 191.6 188.5 183.9 179.3 175.6 173.4 171.2 167.9 163.4 158.9 163.4 172 177 175.2 170.2 163.5 161.4 162.4 159.9 157.6 159.5 167.5 175.2 181.8 186.6 187.4 184.8 179.8
171.5 170.6 173 176.4 180.4 185.6 191.4 196.6 200.6 204.7 208.6 212.7 218.2 223.1 227.1 229.6 231.2 231.7 231.3 230.9 229.7 228.5 227 224.9 222.8 220.5 217.9 218 218.3 218.1 217.4 215.3 213.2 210.1 205.8 199.5 192.7 183.7 174.1 172.4 181.3 190.7 198.4 204 206.8 208.6 208.5 206.5 203.8 197.7 194.3 193.9 191.4 188.7 185.9 182.4 177.4 172.3 166.6 160.1 160 165.2 170.2 168.2 164.8 159.3 157 157.1 154.7 151.7 155.7 161.6 168.3 176.5 183.9 187 186 182.5
183.9 182.9 185.7 189.5 193.5 198.4 202.3 206.7 210.1 213.4 217 220.3 223.6 226.6 229.2 230.9 231.7 231.1 230.4 229.9 228.7 227.4 225.7 223.8 220.8 216.4 213.3 214.4 216 216.1 215.9 215.4 213.6 211.2 207.7 202.5 195.3 187.3 177.1 169.3 171.8 181 189.1 196.7 202.3 205.8 206.6 205.1 199.3 193.9 192.2 194.9 194.9 193.7 191.3 187.5 181.8 176.1 170.1 162.7 156.4 159.2 162.6 161.4 159.4 155.4 152.8 151.6 148.9 146.7 149.2 153.9 161.6 171.3 180.2 185.6 185.5 183.3
196.8 196.3 198.2 201.8 205.2 209.1 212.7 216.3 217.2 219.7 221.8 224.9 227.3 229.3 230.7 231.4 231.2 230.6 229.7 228.4 227.2 225.9 224.3 222.1 218.4 212.7 208.3 209.9 212.6 214.4 214.3 213.8 213.1 211.5 208.4 204.7 198.6 189.8 180.6 172 165.9 169.6 179.8 186.4 195.3 201.4 204 201.8 193.9 188.7 189 192.5 194.1 193.9 193.2 190.5 186.9 181.6 175.1 167.3 159.3 153.9 155.4 154.8 153.2 150.9 148.5 146.3 144.2 143.1 143 147.1 155.5 167.5 177.8 184.8 185.4 182.8
207 207.4 208.2 211 214.1 217.5 219.9 222.1 223.4 224.9 226.6 228.6 230 230.6 231.1 230.9 230.4 229.3 228.2 226.8 225.6 224.4 222.8 220.2 217.3 211.5 204.5 204.9 208.3 211.3 212.3 212.3 211.7 210.7 208.9 205.4 200.4 193.6 184.3 176 167.7 163.1 168.9 176.9 186.1 194.6 200.1 196.8 189.1 185.9 188.9 191.8 193 193 192.9 192.9 190.8 187.1 182.8 175.9 166.2 160.3 156.4 154.1 152.5 151.3 150.3 149.4 147.4 144 141.1 142.7 151.6 164.6 177 184.6 185.1 182.1
214.8 215.8 216.8 218.6 220.8 222 224 225.4 226.9 227.6 228.9 229.9 230.5 230.5 230.6 230 229.1 227.9 226.7 225.2 223.9 222.8 221.1 218.9 216.2 211.4 203.6 199.3 202.6 206.6 209 209.9 209.8 209 207.6 205.9 202 195.1 187.9 179.4 170.9 164.1 161 168.8 177 185.6 193.1 191.1 185.4 184.6 189.4 192.1 191.9 191.8 192.7 193.6 192.5 190.8 187.8 184.1 178 170.4 167.7 164.2 161.9 160.1 159.2 156.3 150.9 145.7 140.7 141.3 149.9 164.9 177.3 184.7 184.8 182.5
221.6 222.2 222.2 224.1 225.2 226.4 227.1 227.6 228 229.1 229.3 229.5 229.5 229.2 229.1 228.7 227.7 226.5 225.1 223.7 222.3 220.6 218.8 216.9 214.1 209.6 203.2 195.4 197 201.1 204.9 206.3 206.6 206.5 206.2 204.9 201.9 197.4 190.7 182.5 174.2 166.7 159.6 160.1 167.8 176.7 184.7 184.6 181 185.6 190.9 191.5 190.8 191.7 192.5 193.3 193.1 192.4 191.1 189.7 187.5 183.1 178.1 174.7 172.3 169.2 165.4 159 151.2 144.5 139.8 140.2 150.3 165.3 177.9 185.2 186 183.9
224.9 225.5 225.8 227.5 227.5 227.9 228 228.4 228.6 228.8 228.9 229.1 228 227.8 227.4 227.1 225.7 224.3 222.5 221.2 219.4 218.2 216.4 214.5 212 209.3 203.3 194.9 191.8 194.8 198.2 200.8 202.7 203.2 203.5 203.2 201.4 197.8 191.4 183.8 176.2 169 161.7 155.9 160.5 167.7 175.2 176.7 178.8 185.8 190.9 190.4 189.6 190.6 191.5 192.2 192.4 192.4 192.3 191.9 190.9 189.4 186.2 182.4 178.4 173.7 166 156.9 148 142.3 138.3 141.6 152.7 165.8 178.8 185.9 186.8 186.9
226 227.3 227.7 228 227.6 227.8 227.8 227.9 228.1 227.9 227.8 228.1 226.7 226.3 226.1 225.7 223.9 222.1 219.8 218.1 215.9 215.2 214 212.1 209.9 208 203.9 196.3 188.4 188 190.7 193.4 195.7 198.4 200.1 200.1 199.5 197.2 191.3 184.3 177.5 171 164.2 156.8 153 158.9 165.8 171.7 180.2 187.2 189.6 189.4 188.5 189.3 190.4 191.1 191.4 191.8 192.1 191.8 191.3 189.8 187.9 184.8 179.8 173.3 164 153.6 145.1 139.5 136.6 142.8 154.9 168 179.9 186.1 187 187.4
226.5 227.2 227.4 227.6 227.6 227.6 227.6 227.6 227.6 227.4 227.1 226.9 225.9 225.4 225 224 222.1 220.2 217.8 214.9 212.1 211 209.7 208.7 207.7 205.7 203.1 198.4 190.3 183.6 182.5 185 188.3 191.5 195.4 196.2 196.6 194.9 190.6 184.7 178.4 172.1 164.8 157.6 151.2 152 160.7 171.6 182.3 189.1 189.3 188.7 187.6 187.5 188.6 190 190.4 190.9 191.4 191.1 190 188.4 185.9 182.9 178.2 170.7 162.1 151.7 143 136.8 135.8 143.6 155.9 168.6 180.2 184.8 186.9 187.4
226.5 226.6 226.9 226.9 226.8 226.8 226.7 226.6 226.3 226.2 225.9 225.7 224.8 224.4 223.7 222.6 220.7 218.6 215.8 211.6 208.2 205.9 204.6 203.4 203.1 202.1 200.3 197.6 192.8 185.4 178.5 176.6 179.7 184.2 188.7 191.9 193 191.7 188.5 183.6 177.6 169.9 163.2 156.5 150.2 149.7 161.1 173.2 184.2 189.4 188.5 187.9 186.3 185.4 186.7 188.5 190 190.1 190.5 190.1 188.8 186.3 183.1 179.1 173.6 166.7 159.2 149.9 141.4 134.8 135.2 143.3 155.7 167.8 178.2 183.4 185.6 186.8
