app/static/ascii/SU81.asc
ncols 200
nrows 200
xllcorner 480000
yllcorner 110000
cellsize 50
[rows 144 to 179 of 200, columns 81 to 161 of 200]
80.4 83.3 86.3 89.8 96.1 104.6 113.9 123.2 131.2 137.3 142.2 146.2 148.9 149.9 149.1 147.6 144.6 140.9 136.9 132.6 127.3 122.2 117.1 110.2 99.8 85.7 66.9 63.6 67.3 77.9 86.7 94.8 97.6 101.2 102.8 101.1 98.8 94.1 88.1 81.2 74.7 68.9 65.1 62.2 59.7 57.9 56.7 55.6 54.6 53.9 54.1 53.7 53.6 53.7 53.8 54.2 54.4 54.9 55.5 56 57 57.8 58.2 59.1 60.1 61 62.2 63.3 64.6 66.4 66.9 67.5 65.7 65.6 68.4 72 76.2 80.4 83.7 86.6 87.9
85.4 88.8 91.5 98.2 106.3 115.2 124.3 131 135.9 140.8 144.1 147.5 148.9 149.3 148.2 146 142.9 138.8 134.8 128.8 123.7 119.2 114.1 109 99.7 87.2 69.4 61.4 63.6 69.5 76 81 85.9 90.6 92.5 92.7 90.2 86.3 80.3 74.3 68.2 65.1 61.9 59.8 57.7 56.1 55 54.1 53.2 52.7 53.2 53.8 53.5 53.6 53.7 53.9 54.7 55.4 56.3 58 59.5 60.4 61.4 62.7 63.6 64.4 65.9 67.7 69.5 70.7 69 69.3 67.1 67.6 72.3 77.9 84 91.5 96.1 99.9 102.1
89.8 94 98.6 106.7 115.7 123.4 130.4 135 139.5 143 145.7 147.6 148.4 148 146.8 143.9 140.6 136 130.5 124.5 119.4 114.8 110.7 106.5 99.8 87.6 74.7 61 59.5 60.7 64.4 66.7 70.8 79 82.6 83 81.6 77.1 72.3 67.1 64.4 62.3 59.6 56.9 55 54 53.5 52.9 52.7 52.7 52.9 53.3 53.4 53.7 54.1 54.7 55.5 56.7 58.2 60.1 62.3 63.5 64.7 66.4 67.7 68.8 71.5 74.3 76.9 76.4 72.7 71.7 68.5 70.9 77.5 84.2 93.5 102.1 107.9 112.6 115.5
93.7 97.9 105.6 113.3 121.6 128.5 133.9 138.3 141.7 144.5 146.5 147.5 147.2 146.7 144.9 142 137.8 132.8 125.8 119 112.5 108.6 106.1 102.9 97.9 90.9 80.2 68.2 59.7 57.6 57.7 58.3 63.2 69.1 74.1 72.7 71.6 69.3 65.2 63.2 60.2 57.8 56.2 53.9 52.8 52.5 52.4 52.1 52.2 52.7 52.9 53.3 53.7 54.4 55.5 56.3 57.5 59.2 61.1 62.7 64.6 66.1 68.1 70.5 73 77.1 80.4 84.9 85.8 84.1 78.1 74 69.8 72 80.9 89.7 99.6 108.4 115.1 120.3 123.1
97 103.4 111.9 119 126.1 131.9 136.8 140.3 143.1 145 146.5 146.4 146.1 145.1 143.1 140.5 136 130.3 121.7 112.7 105.4 100.7 99.4 97.2 94.7 89.8 83.7 74.9 65.4 60.1 57.8 57 58 62.4 66.5 66.7 63.6 62.1 60.5 58.4 56.5 54.3 53.8 52.2 51.8 51.8 52 51.7 52.1 52.9 53.6 53.9 54.9 56.4 57.8 59.4 61.2 62.9 65 66.5 68.2 69.8 72.1 75.4 80.5 85.6 92.9 98.8 98 94.6 85.9 76.9 71.7 71.9 82.1 90.6 102.2 111.6 119.5 124.6 127
100.9 108.1 116.1 123.2 129.3 134.4 138.5 141.5 143.8 145.1 145.6 145.4 144.5 143.3 141.4 139.2 135 130 122.8 114.2 103.4 94.3 89.3 88.9 89.2 87 83.3 77.9 72.4 64.8 59.6 56.9 56 56.8 59.4 59.5 59 57.1 54.6 54 52.6 51.4 51.6 51 51.2 51.4 51.8 51.6 52.2 53.1 54.5 55.8 57.4 59.5 61.4 62.9 64.8 67.2 70.2 72.7 74.2 74.4 76.4 83 89.4 97.8 104.6 109.3 109.1 106.2 95.7 84.7 74.2 72.7 75.6 89.7 102.2 113.3 121.4 126.5 128.6
105.2 112.4 119.7 126 131.6 136.2 139.7 142.4 143.7 144.4 144.2 143.5 142.4 141.1 139.7 137.6 134.7 130.8 125.3 119 111.5 102.3 92.8 83 80.3 81.1 80.6 76.9 72.2 67.2 62.6 58.3 54.8 54.3 55 55.2 54.4 52.1 51.8 50.2 49.9 50.3 50.4 50.8 50.9 51 51.6 52.3 53.2 54.1 55.9 58.5 60.8 63.1 65 67.1 69.9 74 78.8 82.2 84.5 81.5 82.2 91.3 99.9 107.6 112.9 116.6 117.9 114.8 105.6 92.9 81.6 74.9 75.6 82.4 100.3 112.9 122.2 127.3 128.8
109.4 116.1 122.4 128.4 133.2 137.3 140.2 141.9 143.1 142.8 142.1 140.7 139.7 138.5 137.5 135.7 133.8 131 127.6 122.9 117.3 110.3 101.8 91.4 80.9 74 74.6 74.3 70.4 65.6 60.7 57.3 54.5 52.9 52.8 52 50.8 50.4 50 49.8 50.2 50.5 50.3 50.8 51.3 51.7 52.4 53.3 54.8 56.9 59.5 62.4 65.2 68 70.1 73.2 78.6 85 90.1 93.5 94.7 90.2 89.7 99.9 108.9 115.2 120.3 122.9 123 121 114.4 102.2 90.9 77.3 76.4 81.9 99.2 113 123.4 128.5 129.1
112.6 118.1 124.1 129.6 134.2 137.6 140 141.3 140.7 140.5 139.1 137.5 135.5 134.6 134.5 133.3 132.2 130.6 128 124.6 120.6 115.4 108.6 99.7 87.2 74.4 68.9 68.9 66.7 62.9 59.2 56.2 54.3 52.6 51.5 50.8 49.3 48.4 49.2 49.8 50.3 50.9 51.1 51.9 52.3 52.7 53.6 55.5 58.5 61.2 64.5 67.6 71.4 75.2 79.2 84.1 89.9 96.6 101.3 104.1 103.4 98.5 98 108.2 116.2 122.1 126.2 128.6 127.3 124.4 117.9 108.5 95.5 80 78.2 84.7 99.6 114.1 124 128.8 128.6
115.4 120.4 125.6 130.4 134.4 137.5 139.3 139.9 139.3 137.5 135.4 133.4 131.4 130.7 130.1 130.2 129.7 128.5 127.4 125.1 121.7 117.7 112.2 104.5 93.8 80.8 69.9 65.4 62.9 60.3 58.2 55.9 54.8 52.5 51.1 49.3 48.4 49 49.3 49.6 50.4 51.4 52.6 53.1 53.6 54 56.1 59.6 63.5 66.9 71.7 78.1 83.5 87.9 91.7 95.3 101.1 106.4 110.2 112.2 112.2 107.4 103.8 113.7 121.2 127.4 131.6 132.7 130.1 126.1 118.6 109.8 95.3 81.4 79.9 87.3 102.4 116.2 125.6 129.4 128.2
116.8 121.5 126.5 130.5 134.4 137.1 137.8 138.2 136.6 134.2 131.2 128.2 126.3 125.9 126 126 126.1 125.8 125.2 123.2 121.4 118.4 113.8 108.1 99.5 88.1 76 67.5 64 61.7 59.2 56.3 54.1 52.4 50.7 48.5 49.2 49 49.1 50 50.6 51.9 53.1 54.4 54.9 55.8 59.1 64 69.1 76 83.3 90.6 94.9 99 102.7 106.3 111.1 115 117.9 119.5 119.1 115.6 111.6 119.8 126.2 131.5 135.2 135.8 132.2 126.6 119 107 92 82.2 83.2 92.6 105.9 119.7 128 130.5 128.2
118.2 122.2 126.9 130.8 134.1 136.2 136.6 136.3 134.4 130.6 126.9 121.5 120 121 121.2 121.2 121.7 122 121.9 120.9 119.6 117.5 114.2 109.7 103.7 96.1 86.3 77.8 71.9 67.5 63.6 58.3 54.2 51.2 49.4 48.3 49.1 49.2 49.3 50.5 51.7 53.5 54.9 56.2 55.7 56.8 60.1 66.8 74.7 82.4 90.6 96.8 102.6 107 110.9 114.7 118.6 121.7 124.2 125.5 126.1 124.1 121.7 126.3 131.3 135.5 137.5 137 133.3 126.4 116.6 101.2 87.9 82.7 87.7 98.3 112.4 124.6 130.7 131.5 128.3
118.6 122.7 127 130.6 133.2 135.2 135.3 134.6 131.9 128.1 122.4 116.4 113.4 114.5 116.1 116.6 116.9 117.3 117.7 117.5 116.6 115.1 113.2 109.9 105.3 99.8 93.2 86.9 80.4 75 68 60.4 55.2 50.7 48.2 48 48.6 49 49.5 50.8 53.2 55.7 58.4 59.9 59 57.6 59.8 67.4 77.1 86.4 94.2 100.3 106.9 111.7 115.9 119.8 123.4 126.5 129.2 131.2 132 131.7 131.3 133.1 136.1 138.5 139.6 137.5 132.3 124.7 109.9 96.4 84.9 85.7 93.8 105.6 120.2 128.7 133.3 134 128.7
118.1 122.2 126.3 129.6 132.2 134 134.1 133.1 130.5 126.2 120.3 114 108.1 108.5 110.2 111.3 112 112.4 112.7 113.1 112.7 111.8 110.6 108.5 104.7 100.1 95.1 88.7 82.7 75.9 68.1 54.6 54 49.7 47.9 47.7 48.1 48.6 49.8 52.6 55.4 59.2 62.1 65.9 66.6 61.2 60 64 74.9 86.5 94.9 102.4 108.5 113.8 118.9 122.7 126.4 130 132.8 135.1 136.6 136.7 137.8 139.2 140.6 141.8 140.9 137 131.2 120 103.5 91.3 85.5 90.2 100.4 115.3 126 132 135.7 135 130.1
117.5 121.5 125.4 128.5 131.3 132.8 132.8 131.9 129.4 125.4 119.3 112.6 105.7 102.2 103.5 105 105.9 107.2 107.6 107.9 108 107.7 107.1 105.5 102.6 98.6 93.8 88 81.8 74.7 66.1 59.4 52.8 48.7 47.6 48 48.4 49.4 51.3 54.9 58.2 62.4 67.2 72.4 74.5 68.7 62 62.9 70.5 83.4 94.9 102.6 109.1 114.6 119.6 123.7 127.8 131.8 134.9 137.5 140.1 141.3 142.5 143.7 144.5 144.1 141.7 137.1 129.1 113.2 97.4 88 88.2 96.6 110.8 121.7 129.4 134.9 137.7 136.7 131.8
116.2 120.2 123.9 127.4 129.9 131.4 131.3 130.1 128.4 125 119.6 113.3 106.2 99.1 96.1 98.1 99.4 100.2 100.7 101.4 102.8 103.1 102.6 101.7 99.2 95.8 91.3 85.9 79.6 73.4 64 57.7 51.9 48.1 47.5 47.6 48.1 50.1 53 56.6 61.4 67.3 74 81 81.4 75.4 67 63.1 68.6 81.1 94.7 101.1 108.4 113.6 119.1 123.6 128.1 132.1 135.7 139.1 141.5 143.7 145.4 146.3 146.7 145.7 142.2 136.8 126.4 109 93.5 89.8 94.5 105.1 117.4 126 132.6 137.3 139.4 138.2 134.7
114.7 118.4 122.1 126 128.4 129.8 130.1 128.5 127.1 124.3 120 114.2 107.4 100.3 92 89.4 90.8 92.3 93.8 94.9 96 97.1 98.3 97.5 95.3 92 87.6 82.3 75.8 69.6 61.9 56 50.4 47.7 47.4 47.2 48.6 51.5 55.6 59.3 65.4 73.4 82 86.8 87.4 81.2 71.7 64.9 68.6 79.9 91.7 99.3 106.1 111.9 117.7 122.5 127.2 131.5 135.3 139.1 142.1 144.6 146.9 148.2 148.3 146.8 142.5 136.7 127.2 107.7 93.2 91.7 100.4 112.8 121.8 129.2 134.8 139.1 140.7 139.2 134.5
112.7 117.3 121.2 124.5 127 128.4 128.5 127.2 125.9 123.8 119.3 114.6 109 102 95.1 88.6 83.9 82.9 84 87 89 91.5 93.1 92.9 91.1 87.8 83.9 78.7 72.7 66.1 59.3 53.4 47.8 47.1 47 47.5 49.7 53.9 58.2 62.9 71.7 81 86.8 90.9 92 85 74.4 66.7 70 81.5 89.7 97.4 103.3 109.5 115.9 120.9 125.6 130 134 138 141.9 145.2 147.5 149.2 149.2 147.4 142.9 136.2 127.8 108.8 94.5 95.3 105.6 117 125.1 131.6 136.8 140.4 141.7 139.8 135.2
110.8 115.3 119.4 122.8 125.3 126.7 126.7 126.2 124.7 122.1 118.6 114.1 109.1 103.5 97.7 91.6 86.4 80.6 77.2 76 79.5 85.7 87.7 87.6 86.7 83.9 79.9 74.7 69 62.6 57.2 51.9 47.2 46.5 46.5 48.2 51.5 56.2 60.7 67.2 78 85 90.4 94 94.8 87.8 76.7 67.9 72.4 81.2 88.2 95.5 101 107.3 113.9 118.8 123.7 128.3 132.8 137 141.1 144.6 147.6 149.9 149.9 147.8 143.4 137.2 128.8 110.5 96.7 99.3 110 120.3 127.3 133 137.4 140.9 142.3 140.4 136
109 113.7 117.9 121.3 123.6 125.3 125.6 124.7 123.2 120.8 117.7 113.8 108.8 102.9 96.7 91.2 86.7 82.7 79.1 73.3 71.4 75.5 82.2 83 82.4 79.7 76 71 66.1 59.6 55.2 50.2 46.8 46.2 46.2 48 53.1 58.5 65.4 73.6 81.5 87.8 92.4 96 96.2 90.2 79.1 68.9 74.3 81.5 87 93.1 99 105.5 112.1 117 122 126.7 131.2 135.5 139.8 143.7 147 149.5 150.2 148.3 144.1 138.1 129.6 114.1 99.5 101.9 112.7 122.4 128.6 133.4 137.5 141.1 142.7 141.2 136.7
107.9 112.7 116.4 120.6 123 124 123.7 123.2 121.5 119.2 116.7 113 108.3 102.5 95.6 88.9 83.4 79.2 76.4 73.7 68.9 69.4 75.1 78.7 77.7 75.4 71.9 67.6 62.5 57.2 52.9 48.5 46.5 46.4 47.1 49.9 55.5 62.4 70 77.8 84.2 89.8 94.3 97.2 97.8 92.5 82.2 70.7 74 80.8 85.9 90.7 97.1 104.4 110.4 115.7 120.5 125.1 129.6 133.9 138.2 142.4 145.9 148.8 150 148.7 145.4 139.6 131.7 117.7 103 104.8 114.7 123.5 129.1 133.4 137.4 141.3 143.1 142.1 137.2
106.8 111.2 114.9 119 121 121.9 122.4 121.7 120.5 118.8 115.7 112.4 108.2 102.6 96.9 89.8 84 78 72.6 69.4 66.4 65.4 70.1 73 72.7 70.8 67.9 64.1 59.5 55.2 50.6 47.2 45.8 45.9 47 51.9 58 65.1 72.9 79.8 85.6 90.9 95 98.3 99.4 95.5 86.9 74.4 73 79.3 84.8 90.2 97.1 103.8 109.4 114.1 119.2 123.6 127.5 131.6 136 140.2 144.2 147.1 149.2 149.1 146.1 141 133.9 122.7 106.6 107.6 117.3 124 129 133.3 137.3 141.7 144.9 143.5 138.2
106.4 109.7 113.7 116.9 118.8 119.9 119.9 119.5 118.7 117.2 115.3 112.4 109.7 105.3 100 94.2 87.9 80.8 74.6 69.2 65 62.1 64.9 67.6 67.8 66.2 63.4 60 56.4 52.5 48.4 46.1 45.4 45.7 47.8 54.5 60.4 66.9 74.2 80.8 86.3 91.2 95.6 99.2 100.8 98.9 90.9 79.2 74 80.4 86.3 92.5 98.4 103.7 108.4 113 117.6 121.3 125.4 129.4 133.4 137.7 141.8 145.3 148.2 149.1 147.4 143.4 136.9 127.5 113.7 109.2 118.4 124.8 129.4 133.5 138.6 143.8 146.7 145.3 139.8
105.4 108.5 112.2 115 116.4 117.4 117.2 116.6 116 115.3 113.9 112.1 109.5 107 102.6 97.6 91.5 86.4 80.5 73.9 68.6 63.1 60 59.8 60.6 60.1 58.4 56.8 53.7 50 47.1 45.8 45.4 45.8 49.8 55.3 61.6 68.1 74.6 80.5 86.2 91.3 95.7 99.7 101.6 100.3 94.8 84.2 75.2 81.9 88.8 93.9 98.7 103.6 108 111.7 116 119.2 122.6 126.7 130.8 134.9 138.9 143.1 146.8 148.6 148.5 145.6 140.3 132.8 122 111.4 118.3 125.3 129.8 133.9 139.8 146.2 148.9 146.8 141.4
104.4 107.1 110.1 112.1 113.6 114.3 114 113.9 113.6 113.1 112.3 111.1 109.3 107 103.7 99.2 94.8 90.3 86 81.1 76.3 70.3 64 59.3 56.5 54.6 53.5 52.2 50.1 47.6 46.5 45.2 45 46.7 51.7 55.3 60.5 67.5 74.1 80.4 85.9 90.7 95.9 100 102.7 103.3 98.5 89.2 77.4 80 89.1 93.7 99 102.4 106.8 110.4 113.8 117.1 120.2 123.2 127.1 131.1 136.1 140.8 145.4 148.7 149.8 147.8 143.8 137.9 129.4 117.3 119.5 125.9 130.7 135.6 142.8 148.8 151.2 148.6 142.7
102.3 105 107.4 109.2 110 110.4 110.6 110.5 110.5 110.7 110.3 109.5 108.3 106.4 104.1 100.3 97.1 92.9 88.8 84.4 80 76.7 72.2 66.3 60.7 56.5 52.8 50.2 48.4 46.6 45.8 44.8 45 49.4 55.5 59.3 61.3 66.8 74.3 80.2 85.2 90.5 95.9 100.5 104.1 105.2 102.9 95.2 84.2 79.5 86.1 92.4 97.8 102 105.3 108.2 111.2 114.4 117.3 120.4 123.7 127.9 132.8 138.6 143.9 148.5 150.7 150.1 147 141.9 133.1 122.6 120.8 126.8 132 138.3 146.4 151.8 153.3 150.2 144.1
100.2 102.5 104 105.4 105.7 106.2 106.3 106.8 107.1 107.5 107.9 107.7 106.8 105.4 102.3 99.7 97.2 93.5 89.5 85.3 81.2 77.1 73.2 69.3 65.2 59.5 54.5 49.8 47.5 45.8 44.6 44.4 45 51.2 58.2 63.3 64.1 68.8 74.7 80 86 90.8 96.1 101.5 105.7 107.8 106.9 101.2 92.7 82.2 83.1 88.9 94.9 99.2 102.6 105.4 107.8 110.3 113.3 116.3 119.6 123.9 129.3 135.8 142.7 147.6 151.3 152.3 149.6 145 138.3 131.2 124.3 128.5 134.5 142.4 149.7 154.8 155.5 151.5 145.1
97.5 99.2 100 100.8 101.2 101.4 101.2 101.9 102.9 103.7 104.5 104.7 104.5 102.5 101 97.3 95.6 92.4 88.3 83.5 79.7 75.7 71.7 68.4 64.1 59.2 54.2 49.6 46.2 45.3 44.2 44.4 46 52.5 59.7 65.7 67.3 70.4 75.5 80.7 86 91.7 96.7 102.7 107 110.5 110.3 106.8 100.5 92.3 84.2 85.4 90.4 95.2 98.6 101.7 103.7 106.3 109.2 112.6 116 120.7 125.6 133.4 141 147.5 151.8 153.7 152.6 149.4 144.2 137.9 131.1 132.9 139.2 146.2 153.4 157.5 156.8 152.5 145.3
94.3 95.6 96.5 97 97 97.3 97.2 98.2 99.1 100 101.7 102.6 101.9 100.6 99.1 96 94.2 90.3 86 81.7 76.8 72.8 69.1 66 62.7 57.6 53.1 48.7 45.1 44.3 44 44.2 46.9 53.5 61.1 67.2 69.9 72.4 76.7 81.2 86.8 92.6 98.4 103.7 109.2 112.4 113.4 111.2 106.5 100.4 93.1 86.7 87.8 91.7 95 97.6 100.6 102.4 105.8 109.6 114.1 118.4 123.2 131 139.2 147.1 152.3 155.3 155.7 154.1 150.7 145.1 137.5 138.4 145 151.1 156.7 159.6 158 153.3 145
90.6 91.5 92.1 92.5 92.9 93.2 93.1 94.1 95.2 96.7 98.7 99.7 100.2 98.7 97.1 94.2 92.2 88 83.5 78.8 73.9 69.3 65.7 62.4 59.7 56 51.5 47.3 44.6 43.8 43.8 44.6 48.3 54.5 62.2 68 72.5 74 77.5 82.1 87.6 93.3 99.3 104.9 110 113.9 115.6 114.2 110.8 105 98.4 92.6 89.9 90.7 92.8 95.2 98.3 101.7 104.5 109.4 114.7 119.9 124.7 132.9 140.5 148.1 154.5 159.1 161.5 161.2 158 153 147.9 146.3 152.7 157.3 161.1 162.9 161.3 156.8 148.3
86.4 87 87.2 88.4 88.2 88.7 88.7 89.8 91.8 93.8 95.7 97.1 97.9 97.1 95.1 92.3 88.7 85.5 80.7 76.1 71.2 66.1 62.6 59.4 56.6 53.7 49.7 45.9 44.2 43.5 43.9 44.7 49.7 55.6 62.7 68.6 73.1 76.2 79.3 82 87.2 93.7 99.9 106 111.1 115.2 117.2 117.1 113.9 109 102.4 96.8 94.8 93.7 94.8 96.6 99.4 103.4 108.5 113.5 118.7 124.4 131 138.3 146.4 155.4 162.6 166.6 169 169.4 168.6 165.7 163.4 161.6 164.1 168.9 172.9 173 170.5 164.4 156
82 82.6 83.1 83.4 84 84.2 83.5 85.3 88.2 91.1 93.1 94.5 95.9 94.9 93.3 90.4 87.3 83.4 78.1 73.2 68.2 63.4 60.2 56.5 53.3 50.9 47.9 45.3 43.2 43.5 43.7 45.6 50.9 56.2 62.4 68.3 72.7 77 80.7 84.7 88.6 93.4 99.5 106.3 111.9 116.3 119.4 119.4 117.6 112.9 108.2 104 100.4 98.8 99.7 100.5 103.6 107.2 112.8 118.5 125.5 133.7 141.4 148.9 156.6 164.1 168.9 172.3 175.7 177.4 178.2 179.3 180 181 183.1 184 184.1 182 178.1 171.7 160.6
77.4 78.1 78.6 79.1 79.2 78.9 78.4 80.9 84.9 87.9 90.4 92.2 93.4 92.8 91.2 88.5 85.5 81.3 76.4 71.5 66.4 61.8 57.5 54 50.6 48.2 46 43.9 42.9 43.1 43.5 47.4 52.6 57.6 62.7 68.4 72.5 77.4 82.4 89.2 95.6 99 101.1 105.4 112.2 117.5 121.4 122.2 121.7 119 117.3 115.5 112.8 109.9 109.9 109.3 110.3 113.5 119 128.2 137.7 145.3 152.2 157.9 163.8 168.6 172.6 175.6 179.9 184.6 187.3 189.4 192.1 193.6 194.2 194.9 192.4 188.5 183.2 176.2 166.5
72.6 73.4 73.7 74 74 73.7 73.8 78.7 82.4 85.7 87.8 90 91.5 90.4 88.8 86.4 83.2 79.7 74.9 69.8 65.3 61.1 57 52.9 49.5 46.8 45.1 43.7 43 43.1 44 47.9 53.7 58.2 62.9 68.2 72.9 78.9 87.7 96.2 102.6 106.7 109 110.6 114.2 119.5 123.3 125.7 126.5 127 128.3 128.9 128.4 127.4 126.5 127.2 125.5 128.8 135.2 141.5 148.1 154.2 158.2 163.1 167.1 170.9 174.9 179.3 184.5 189.3 192.7 196.1 198.7 200.7 201.6 200.1 196 192 185.2 176.7 167.3
67 67.6 68.2 69.2 68.8 69 71.5 76.2 80.6 83.6 85.6 87.5 89.1 88.2 86.9 84.3 81.2 77.6 73.6 68.7 64.1 60 56.6 52 48.7 45.6 43.9 42.5 42.4 42.7 46.3 49.7 54.8 59.4 64 68.4 75.1 84.4 94.7 102.9 109 113.3 116.5 118.4 119.9 123.5 127.1 130.5 134.2 137.3 139.1 140.8 141.6 141 141.3 142 142 144 147.3 150.8 154.7 159.1 161 164.4 166.7 170.1 174.3 179.9 185.7 190.3 194.1 198.9 202.7 204.9 205.2 203 196.6 191.5 183.5 173.7 164.8
62.7 63.3 63.9 63.4 63.8 65.3 70 74.4 78 80.6 83.3 84.8 86.6 85.9 84.2 81.9 78.8 75.6 70.9 66.6 62.5 59.2 54.3 50.6 47.4 44.4 42.6 42.3 42.5 43.6 47.2 52.1 56 60.2 64.4 70.1 80.8 91.9 100.4 107.4 113.2 117.5 121.2 124 126.1 129.1 132.6 136.6 140.5 143.6 146.5 148.6 149.8 150.5 150.7 151.6 152.2 153.2 154.4 155.7 157 158.3 159.8 161.8 164.2 167.3 172 178.3 184.1 188.8 193.9 198.8 203.4 205.5 205.9 202 195 187.8 177.7 166.7 158.8
