app/static/ascii/SU82.asc
ncols 200
nrows 200
xllcorner 480000
yllcorner 120000
cellsize 50
[rows 0 to 35 of 200, columns 0 to 80 of 200]
108 114.4 117.1 118.8 120.3 122.1 123.2 123.8 124.7 126.7 128.3 129.9 128.6 126 121.8 117.9 114.7 112.5 110.1 107.3 105.5 104.7 103.8 102.3 100.6 100.4 101.6 103 100.9 99.1 99.4 99.7 99 96.3 94.5 93.6 92.7 92.7 92.7 92.7 92.7 92.7 93.9 94.3 93.1 91.5 92.2 93.2 95.6 97.2 98.7 100.3 102.4 103.5 103.6 102.5 101.7 101.1 101 101.6 104 105 106.2 106.2 105.5 104 105 101.9 104.7 106.3 106.3 106.5 105.2 109.2 110.2 111.8 112.3 113.7 115.9 116.3 115.3
109.1 114.4 118.1 120.2 122.1 123.2 122.1 122 123.5 126.2 129 131.4 132.8 131.1 126.4 120.1 116 113.5 110.6 107.2 104.7 103.9 103.1 102.4 102 102.4 102.2 100.3 98 97.4 96.4 95.4 96.1 94.7 94.4 92.7 92.7 92.7 92.7 92.7 92.7 92.7 93.1 93.6 94 93.5 94.4 93.3 94.3 96 97.9 99 100 102.5 104.5 104.3 103.8 103.2 102.5 102.4 104.5 106.5 107.6 108.1 106.7 105 102.9 102.9 105.6 107.3 108 108.8 106.7 109.2 112 114.1 114.3 114.6 116.9 117.7 118.1
110.1 114.5 118.1 119 120.9 121.1 119.3 118.8 121 123.6 127.4 130.5 134.4 134.8 129.3 122.7 117.6 114.3 111.7 107.9 103.8 102.9 102.7 102.9 104.3 104.1 101.2 99.5 97.1 96 95.8 94.9 95.5 95.7 95.3 92.7 92.7 92.7 92.7 92.7 92.7 92.7 92.5 92.5 93.8 94.1 95 94.3 93.9 94.4 94.9 95.7 96.4 98.9 102.1 103.6 104.3 104.7 103.9 103.5 106.1 108.3 109.3 109.2 105 105.7 103.5 103.2 107.3 109.4 110.2 110.4 107.9 109.8 113.5 115.7 116.3 116.8 117.2 118.8 119.1
107.4 110.1 114 113.1 118.1 119.7 115.3 114.6 118 122.6 125 127.7 131.5 132.6 129.1 123.3 116.9 112.3 108.9 106.1 103.8 103.4 104.3 106 106.5 104.9 103.1 100.7 99.1 97.9 95.8 94.3 94.4 95.4 93.6 93.1 92.7 92.7 92.7 92.7 92.7 92.5 92.5 92.5 94.5 94.5 94 94.5 94.5 94.5 94.5 95.5 95.2 95.9 98.9 101.6 103.2 104.5 104.2 104.4 106.9 108.5 109.2 107.6 109.2 108.3 104 104 110.5 113 112.8 112.2 109.6 110.2 113.8 115.7 117 118 118.8 119.8 120.8
102.9 105.2 109 110.9 115.9 119.4 117 113.5 116.4 120.1 122.4 122.7 124.5 126.6 125.1 120.6 115.1 109.7 106.9 104.6 104.4 104.4 105.9 108.1 108.8 108.9 108.1 106.1 104.3 100.3 97 94.9 94.8 95.4 93.6 93.6 93.6 92.6 92.7 92.9 93.2 94.2 94 94.7 95.6 94 93.3 93.9 95.2 96.4 95.1 96.6 97.1 96.8 96.8 100.7 103 104.2 104.7 105 106.7 107 108.7 109.9 111.2 109.8 106.1 104.1 109.6 112.6 114.1 113.9 111.3 109.7 112.8 115.1 116.9 118.2 118.8 120.4 121.9
100.8 103 105.7 109.4 113 118.5 117.2 111.1 116.7 118.3 118.9 118.8 119.5 120.6 121 117 113.7 109.4 106.6 105.4 105.8 106.8 107.7 109.6 111.4 113.1 114.1 113.8 109.1 102.4 99.1 96.2 94.7 95 94.8 94.6 94.1 93.3 93.2 94.5 94.6 94.5 96.4 97.2 97.2 95 94.1 95.1 98 98.6 96.9 98.1 100.3 100.3 98.7 99 103.2 104.6 104.3 105.5 104.6 107.2 109 109.6 111.3 111.1 107.5 104.7 108.8 111.2 114 114.8 113.4 110.3 113.3 116.1 117.8 119.2 119.6 121.5 122.1
101.1 103.5 105.6 108 111.9 116.2 115.4 107.4 114 115.9 116.5 116.8 116.7 116.6 115.9 112.9 110.6 108.2 106.8 107.2 108.2 109.1 109.9 111.2 112.8 114.9 116.3 116.7 111.1 103.5 99.7 96.7 94.6 94.7 95.2 94.8 94 93.5 93.7 94.2 94.3 95.5 97.8 99.1 98.9 97 95.3 96 98.9 99.6 98.5 98 100.3 102.4 102.2 100.1 99.7 102.3 104 106.3 106.7 107.2 108.4 109.5 111.5 112.3 108.9 105.2 108.6 112.2 115 116.2 115.6 112.1 113.1 117.1 118.9 120.4 121 122.3 123.2
102.9 105 106.7 108.6 112.6 116.4 115.5 107.4 106.6 109.3 110.7 113.9 113.9 113.5 112.2 111.3 109.5 108.6 108.5 109.1 110.4 111.3 112.2 113.4 114.9 116.8 118.4 118.9 112.6 104 100.4 97.6 95.9 95.6 95.2 94.7 94.1 93.7 94 94.4 95.2 96.8 98.1 99.2 99 97.5 96.2 96.4 99.4 101 99.7 99.2 100.3 102.6 103.6 102.7 103.9 101 104.7 107.3 107.7 108 108.7 109.8 112.5 113.4 110.2 106.5 110.3 114 116.4 117.8 118.1 115.2 112.7 116.8 119.7 121.8 123.5 124.1 125.1
103.6 106 108.1 111.6 115.8 116 114 108.1 103.6 103.7 106.4 107.7 110.7 110.5 110.6 110.3 109.6 109.8 110.2 112 113.5 114.1 114.8 115.6 116.9 118.6 120.1 118.6 110.7 104.8 102.3 98.6 97.1 95.8 95.3 94.9 94.1 95 95.2 95.3 96.4 97.1 97.8 98.5 98.7 97 95.9 96.2 100 101.3 101.5 101.3 101.5 103.4 105.1 104.8 103.1 101.6 103.5 107.9 109 109.3 109.8 111.5 114.2 114.5 111.9 107.8 112.5 115.8 118.4 119.9 120 118 115.2 116.1 119.4 122.7 125 126 127
106 110.5 112.7 115 115.7 114.1 110.7 105.5 101.6 100.7 100.9 102.3 103.6 106.8 109.5 109.9 110.4 111 112.2 114.3 115.2 117 117.4 117.7 118.6 121.1 122.1 119.7 114 106.8 101.5 97.9 96.4 95.9 95.5 95 94.8 95.7 96 96.3 96.6 97.4 98.8 99.2 98.6 96.5 96.6 96.2 99.2 102.6 102.7 103.6 103.4 103.5 104.8 106.4 105.4 103.7 103 106.9 109.9 110.8 111.3 112.9 114.9 115.4 113.2 109.5 112.2 117 120 121.1 121.6 119.9 116.2 117.4 121 122.7 124.9 127.3 129.9
109.1 114.6 114.7 114.2 112.9 107.4 103.9 99.1 98.8 98.8 99.1 100.2 102.7 106.5 109.6 111.4 112.4 113.2 114.2 115.9 117.8 119.1 119.9 120 120.2 121.5 120.1 118.3 114.1 105.5 100.1 97.2 96.7 95.9 95.8 94.7 94.6 95.9 96.5 96.6 96.9 98.2 99.6 99.8 97.8 96 96.7 96.8 102.3 103.6 103.9 103.9 104.4 104.5 104.8 105.3 105.9 105.5 104.5 106.7 110.4 111.8 112.9 114.2 115.5 116.1 115.5 111.1 113.9 119.4 122 123.8 124 122.2 117.9 118.6 122.5 125.9 126.5 129.1 132
108.8 110.7 111.2 109.5 105.5 104 97.3 96 96.5 98.5 99.8 101 103.5 108.6 110.8 112.6 114.8 116.8 117.5 119.6 121.1 120.4 121.9 122.1 121.1 118.5 116.1 113.9 108.4 103.4 99.3 97.9 98.1 96.8 94.9 94.7 95.3 95.9 96.6 97.6 98.2 99.1 100.2 98.5 97.5 102.5 96.2 98 99 104.7 104.7 104.9 105.6 105.9 106.1 106.6 107.3 107.9 107.1 105.6 110 112.5 113.9 115.3 116.4 117 117 113.3 115 119.3 124 126 126.1 124.5 120.3 119.5 124.7 128.7 129.7 131.4 133.4
103.4 103.5 103 100.9 100.1 95.1 93.3 95.1 97.5 100.5 102.6 102.7 106.6 108.8 111.1 113.2 114.5 115.7 116.7 117.9 118.4 118.4 121.7 123.6 118.8 113.8 110.8 109.1 105.2 101.8 100.1 99.7 97.7 96.2 95 95.4 96.6 97.8 99.1 100 100.1 99.6 102.5 97.8 98.1 98.5 100.5 103.3 100.2 101.9 104.9 105.8 107 107.1 107.5 108 109.1 110.2 110.3 107 108.9 112.2 114.5 116.9 118.1 118.8 119.1 115.2 116.6 120.8 125.4 127.6 128 126.8 122.6 119.1 124 127.9 131.1 134.2 136.1
96.4 94 94.6 95.9 94.8 91 92.2 94 100.3 107.6 110.1 107.6 109.6 110.5 112.4 113.4 114.4 115.2 116.3 116.6 116.5 116.5 116.3 114.9 112.6 109.4 107.7 105.7 103.5 101.5 99.1 97.1 95.8 96.2 96.2 96.9 98.7 101.3 102.5 102.5 101.5 100.7 98.9 99.3 99.8 101.4 102.5 105.6 104.8 101 103.8 106.5 107.3 108.6 109.4 110.1 110.8 112 112.4 109.4 110 114.7 117 118.6 120 120.6 119.5 117.3 117.5 120.6 125.1 128.6 130.2 129.5 126 121.4 124.9 128.9 132.1 134.5 136.5
93.5 90.8 90.2 91.1 89.2 90.8 92.7 97.2 105 111.4 109.9 109.9 111.1 113.1 113.9 114.8 115.2 116.2 115.3 114.2 113.4 110.1 110 109.7 109.4 106.5 104.5 103.3 101.3 98.5 97.3 97 97.7 96.9 97.4 98.4 102.2 103.5 106.3 105.1 102.9 101.3 99.6 100.9 103.3 103.8 104.2 106.4 106.6 102.7 104.6 107.7 108.4 109.9 111.4 112.1 113 113.7 114.3 111.3 109.3 116.3 118.8 120.1 121.6 122.7 122.3 118.6 121 125.2 125.5 128.8 131 132.4 129.4 124.2 124.8 128.2 132.1 134.6 137.5
88.4 87.4 87.6 88 89.8 91.9 94.9 99 106.7 111 110.6 110.2 111.6 113.5 114.8 114.6 113.8 112.8 110.9 109.8 108.8 108.1 108.9 107.7 106.2 103.4 100.4 98.8 97.4 98 98.5 98.6 98.6 101 99.3 100.9 102.3 104.9 108.7 107.5 105.3 102 102.1 104.4 105.9 106.2 106.4 107.7 108.6 104.5 106.7 110.2 111.4 112.1 112.8 114.5 115.1 115.7 115.7 112.6 111.1 115.9 118.5 121.2 123.5 124.7 124.9 121.3 122.8 128.1 130.1 129.1 132.3 133.7 132 126.7 127.3 131.1 133.2 136.2 139.3
85.7 86.5 89 90.9 92.8 95.7 96.6 100 106.3 110.8 110.9 110.6 111.7 111.9 111.9 110.6 109.9 108.6 108.2 108.3 107.1 106.6 105.7 103.9 102.2 99.4 98.2 98.9 99.5 100.1 101.2 100.8 100.5 99.7 101.3 103 104.4 105.9 107.5 108.9 106.4 103 103.3 106.5 108.3 108.3 108.5 110.2 110.4 105.6 109.6 112.6 113.7 114.4 115.8 117 117.6 118.3 117 113.4 112.9 114.3 118.2 122.7 125.6 127 127.1 123.8 122.3 129.3 132.6 133.2 134.5 135.7 133.2 129.4 129 133.5 136.2 139.2 141.3
87.4 90.4 94.1 95.4 95.3 98.2 101.5 105.1 108 108 107.4 103.4 100.5 103.1 108.5 107.7 106.6 106 105.2 104.4 104.5 103.8 102.4 100.2 99.5 99.8 100.2 101.5 102.1 102.4 102.9 103.1 102.1 101.3 103.3 104.9 106.5 107.9 108 108.8 107.8 103.5 105.7 108.9 110.7 111.3 111.4 112.4 111.9 106.6 110.5 114.1 117.2 117.5 118.2 119.9 120.7 120.3 118.4 114.1 115.3 115.3 120.5 125.3 128.2 129.4 129 126 123.4 128.8 133.7 137.3 138.6 137.2 134.6 130.1 129.7 133.6 137.6 140.7 142.5
93.2 94 96 99.2 102.5 107.4 109.4 110.3 111.7 110.9 110.3 109.5 108.9 108.9 108.2 107.4 104.4 102.2 102.2 102.8 102.6 102.6 102.5 102.5 101.3 102.2 102.8 102.8 103.5 104.9 105.1 104.3 103.5 102.1 104.6 106.8 108.7 109.9 109.7 110.1 107 105.9 108.3 111.9 113.2 114 114 114.9 111.9 107.8 110.8 116.7 117.9 118.5 120 122.5 122.8 122.1 119.1 116.4 118.9 116.7 120.9 126.8 130.5 132.1 131.3 128.2 125.5 129.2 134.2 139.6 140.8 139.6 136.7 132.7 131 133.3 137.3 140.6 144.5
94.8 96.2 97.2 101.3 107.1 111.9 114.8 114.5 112.5 111.3 110.7 109.8 109.7 110.2 109.9 109.2 107.8 106.1 105.2 104 102.4 101.9 102.4 102.7 102 103.5 104.2 104.3 105.8 106.5 106.6 106.2 104.8 103.4 106.1 109 111.1 111.7 111.8 110.3 109.2 107.8 109.6 115.1 116.2 116.7 116.9 116 111.7 110.8 112.7 115.7 119.1 121.5 123.4 124.4 124.5 122.9 119.4 120.2 122.5 119 121.1 127.5 132 134.5 133.9 130.7 127.2 131.7 136.9 141.7 142.9 141.2 138.1 133.7 133.6 135.7 137.7 140.4 144.4
95.8 99.1 103 105.5 111 117.2 116.6 114.3 112.4 111.4 110.8 110.1 110.2 110.7 111.5 111.6 110.3 107.2 105.2 103.7 103 104.1 104.1 104.4 104 103.6 104.8 105.6 106.7 106.9 107.5 107.5 106.2 105 107.5 111.2 113.8 114.4 114.6 113.6 113 109.9 110 117.7 118.9 119.9 119.7 118.2 111.8 113.9 116.4 116.4 120.1 123.1 125.7 126.4 125.9 123.4 119.1 124 125 121.3 121.9 127.8 133.3 136.8 136.5 133 129.4 131.7 138.5 143 143.7 142.2 139.4 135.7 136 138.3 140.7 142.9 145.9
94.5 98.8 103.4 109.5 116.2 118.3 116 114 112.3 111.6 110.9 110.3 109.6 109.5 109.4 109.8 110.5 107.7 105.7 104.1 104.1 105.2 105.1 104.9 105.2 105 106.2 107.5 107.4 108.2 108.9 108.5 108.7 106.9 107.7 112.3 114.4 115.9 116.7 116.3 116.3 112.8 111 117.6 120.6 122 120.6 117.6 112.3 118 119.6 120.3 120.2 124 127.1 127.7 126.7 123.8 122.3 125.9 126.3 122.9 122.5 128.7 134 138 137.9 135.1 134.2 132.6 137.9 143.1 144.6 143.1 140.9 137.8 138 140.3 142.5 144.5 146.8
93.2 96.4 101.1 108.1 117.3 116.7 114.9 113.8 112.6 111.9 111.3 110.8 109.9 108.8 107.8 107.4 108.1 106.8 105.4 104.1 104.9 105.5 105.6 106.3 106.2 105.7 107.2 108.8 109.3 109.8 110.4 110.9 110.5 109.5 108.6 111.2 115.1 116.8 119 118.9 118.5 115.9 112.3 117.5 122 122.4 122.4 119.2 114 119.6 122.7 123.7 124 127.2 129.4 129.8 127.3 123.3 126.2 128.2 128 124.7 123.7 128.7 134 139.6 141.5 140.8 140 137.3 137.2 143.2 145.7 144.7 142.8 140.1 139.8 141.8 143.6 145.5 147.5
95 95.6 98.7 105.7 114.9 114.7 113.5 112.9 112.8 112.3 111.6 111.3 110.1 108.6 107.3 106.5 106.2 105.5 105.3 105.1 106.2 106.8 106.9 106.5 107.5 106.9 106.7 109.1 109.9 110.8 111.6 112.6 112.9 111.6 110.6 111.4 115.9 118.9 120.7 121 120.6 117.4 113.7 120 123.5 124.7 124.3 121.5 116.3 122.4 124.2 126 127.5 130.3 131.4 130.2 127.1 126 129.4 130.2 129.7 126.3 124.9 130.5 136.1 141 143.9 144.7 144 142.1 139.5 143.7 146.8 146.7 144.6 142.4 141.6 140.9 143.7 145 147
95 95.9 97.7 101.8 106.4 108.5 109.4 112.6 112.7 112.3 111.9 112.4 109.5 108.1 107.3 108.1 107.9 107.7 106.9 106.6 107.4 107.5 107.6 107.8 108.7 108.5 108.4 109.5 111.2 112.1 113.3 114 115.2 114.8 111.9 113.7 117.8 120.2 122.5 122.6 121.5 118.1 115.5 121.2 124.6 126.4 126.4 122.5 117.9 125 127.2 128.8 131.1 132.5 132.6 130.9 127.4 129.2 131.5 132.1 131.8 127.8 127 132.7 138.2 141.6 144.5 146.8 146.1 145.8 143.2 144.2 147.1 147.7 146.6 144.4 142 132.2 133.8 137.7 143.2
94.4 95.6 96.7 99.2 101 105.1 110 112.7 112.5 112.2 111.9 110.3 109.1 108.2 108.3 109.4 109.2 109.6 108.4 107.5 108.1 109 109.5 109.4 109.7 109.7 109.1 110.4 112.4 114 115 116.4 117.6 117.8 114.1 114.5 120.5 122.6 123.8 123.9 122.3 118.8 118.5 123.5 126.3 128.5 128.4 124.3 121.1 126.1 129.5 131.6 133.3 133.8 133.1 131.2 128.8 132.4 133.7 134.3 133.4 130.2 128.2 133.6 138.1 141.5 144.9 147 146.7 147.3 147.3 146.1 148.6 149.7 148.5 145.5 139.5 123 118.7 118.1 117.8
94.4 96.2 97.1 99.1 101.9 107.1 112.6 112.5 112.3 112 111 110.2 109.6 108.6 109.3 110.9 110.3 110.4 109.7 109.6 109.9 110.9 111 111.7 112.3 111.2 109.3 111.5 113.1 115.4 116.9 117.5 118.8 119.1 116.5 115.6 121.6 124.3 125.2 125.2 123.7 120.2 120.3 126.7 129.4 130.4 130.1 126.8 121.1 125.1 129.2 132.5 134.7 134.5 133.9 131 131.6 134.7 136.1 136.1 135.1 132.5 129.8 132.6 136.5 138.8 143.2 146.3 148 149.2 150.2 151 151.7 151 150 146.5 136.3 116.1 106 105.5 109.3
95.7 96.9 98.5 100.6 103.1 107 112.1 112.3 112.2 112.2 111.9 111.3 110.3 109.3 110.2 110.7 111.3 111.1 110.8 111.2 112.1 112.8 113.9 115.1 114.3 112.2 111.4 112.5 114.5 116.5 118.4 119.6 120.2 120.7 118.5 116.3 121.6 125 126.9 126.6 124.6 121.2 120.9 126.9 130.8 132.2 131.9 129.4 124.9 129.2 133.7 135.2 137.2 136.2 135 132.6 134.8 136.9 137.6 137.9 137.3 134.3 131.9 131.7 133.9 137.2 141.4 144.3 147.6 150 151.9 153.1 153.9 152.5 150.2 145.5 128.5 111.6 100.1 97.2 99.1
97 98.9 100.2 102.3 104.7 107.1 109.9 112.6 112.7 112.7 112.7 112.3 110.9 110.2 111.2 112.3 113.3 113.7 113.5 112.6 116.2 116.9 116.9 117 116 113.8 111.9 113.6 115.5 117.1 119.5 121.3 122 122.1 119.9 118 121.5 125.1 128.4 128.4 126.7 124.7 121.1 126.9 132 134.5 134.6 132.6 127.4 130 135.8 138 138.2 138.1 136.1 133.7 136 138.5 139.1 139.4 138.2 136 132.6 128.5 132.2 135.7 138.4 141.4 145.8 149.1 151.8 153.7 154.3 151.8 149.4 144.6 125.3 107.8 96.4 93.4 95.3
98.2 100 101.9 103.9 106.6 109.1 111.7 113 113.2 113.2 113.2 113 111.6 110.9 112.4 114.2 115.7 116.6 116.1 115.5 118 118.9 118.1 117.8 117.1 115.2 112.9 115.3 117.3 118.7 120.3 122.2 123.7 123.5 122 118.8 124.2 126.5 129.9 130.4 129.4 127.6 123 128.4 133.4 136.1 136.4 135 130.6 130.6 136.4 139.4 140 139.6 137.5 135.6 138.2 140.7 140.6 140.1 137.7 133.3 125.7 121.8 128.9 136.6 141.2 141.7 144.2 147.9 150.7 152.7 153 151.4 146.5 134.8 117.8 104.6 93.4 89.1 89.9
99.5 101.1 103 105.4 109 111.7 112.9 113.3 113.7 113.9 113.9 113.7 112.1 111.6 113.5 115.6 117 118.1 117.5 116.9 118.3 119.6 119.9 119.3 119.8 117.6 114.2 117.3 118.9 120.4 121.3 123 124.8 124.9 123.1 120.5 126.3 130 131.6 132.8 131.7 129.9 126.1 127.6 133.8 136.8 137.9 136.7 133.4 132.8 138 140.7 141.6 140.5 138.6 137.5 140.3 141.6 139.3 135.9 127.6 118.4 110.8 111.4 118 131 141.5 144.2 144.9 146.9 149.8 151.8 152.7 149.9 137.2 120.1 106.6 99.4 94.5 89.9 85.6
100.8 102.3 104.4 108.2 111.1 113.1 113.6 113.9 114 114.3 114.5 114.4 112.7 112.5 113.9 115.6 117.5 118.8 119.5 118.8 118.9 120.4 121.4 121 121.6 118.6 115 118.1 120.3 122 122.9 124.2 125.5 125.6 123.8 122.7 127.5 131.1 132.6 133.9 133.6 132.3 129.2 127.3 133.6 137.1 138.4 137.9 135.8 136 139.4 142.1 142.8 141.2 139.4 140.4 142.6 141 136.4 127 112.2 103.4 102.4 101 107.6 121.4 134.7 144.8 146.7 147.7 143.7 143.3 146.3 139.8 122.1 109.2 100.4 94.7 92.3 88.6 84.5
101.9 104.2 107.8 111.4 112.7 113.8 114.6 115.2 115.2 115 115.3 114.8 113.7 113.5 114.5 115.6 117.5 119.3 120.8 120 120.2 121.6 122.7 123.5 123.1 118.6 116.5 118.2 120.8 122.8 124.6 125.1 125.8 125.7 123.1 124.3 127.7 131.3 133 134.4 134.9 133.5 131.2 128.9 133.7 137.1 138.9 138.4 137.9 136.7 140.8 142.5 143.1 141.7 141 143.1 142.9 138.3 130.5 119.3 107 97.1 94 94.3 98.9 109.4 120.2 135 140.7 134.2 123.2 125.4 129.9 121.9 109.8 98.9 92.8 87.9 88.4 85.5 82.2
102.1 106 110.5 113.2 114.2 115.4 115.9 116.5 116.6 116.3 116 115.3 114.3 114.1 114.9 115.7 117.1 118.8 121 122.1 122.5 122.7 124.6 125.4 123.6 118.4 119.8 120.1 121.8 123.8 125.8 126.8 127.3 125.5 125.9 128.3 128.6 130.2 133.7 135.5 136.3 135.8 133.8 131.4 133.2 136.9 138.2 138.8 139.2 138.7 141.6 143.4 143.4 142.7 143.3 143.5 140.2 133.2 123.3 110.8 97.8 93.5 88.4 89.4 93.5 99.6 113.4 123.7 122 114.8 107.8 109.8 111.5 108.2 101.3 94.2 89.5 86.7 84.2 81.9 79.6
101.6 105.8 112.3 116 116.6 117.2 118 118.5 118.1 117.6 117.3 116.1 114.9 114.8 115.7 116.5 117.4 119 121.5 123.4 122.8 123.6 126.4 125.5 124 118.9 122.2 122.7 123.8 125.5 127 128.3 128.1 126.3 126.7 130.1 132.3 134.5 135.5 137.4 137.7 137.4 136.1 133 134.9 138.1 139.7 141.3 141.6 141.6 143.5 144 144.7 144.2 144 143.6 135.7 124.9 113.5 102.6 92.4 90 86.3 84.5 88.5 95.7 105.8 109.1 104.7 100.1 96.7 99.8 99.1 97.7 96.8 91.6 87.8 87.1 83.7 81.3 77.2
102.2 108.1 114.9 117.6 118.3 118.4 118.6 119.4 119.7 119.6 119.2 117.3 115.3 115.3 116.5 117.7 118.3 119.8 121.7 125.2 125.9 126.3 127.1 125.4 124.5 120.5 123.8 125.5 125.9 127.6 129.4 130.2 129.1 128.8 129.1 130.1 133.6 136.2 138.3 139.2 139.3 138.8 138.3 138.6 135.9 137.2 140.6 142.7 143.8 144.7 145.8 146.3 146.5 145.5 144.5 138.5 124.4 110.5 102 92.9 90.5 87.1 84.6 82.9 84.6 89.7 96.6 96.1 93.9 92 91.8 93.1 92.7 92.9 91 88.6 85.7 86 85 82 76.8
