app/static/ascii/SU89.asc
ncols 200
nrows 200
xllcorner 480000
yllcorner 190000
cellsize 50
[rows 140 to 174 of 200, columns 0 to 79 of 200]
166.3 164.7 163.9 164.6 166 167.4 167.2 165.8 162.8 160.3 157.4 153.4 148.5 146.2 148.6 152.8 155.6 157.3 157.3 156.4 154.4 151.3 146.6 139.6 132.2 132 139.3 148.8 155.7 159.2 160.3 160.6 160 159.2 157.6 154.8 149.9 142.7 134 127.1 127.8 138 145.8 151.1 152.1 150.6 148.8 144.8 139.3 130.8 123.5 117.4 114.3 116.7 122.9 128.2 130.6 130.5 128.1 125.1 121.7 119.5 118.7 117.9 117.1 116 116.9 118.1 116.4 112.2 106.1 98.7 94.1 92.6 96.7 104.1 110 109.6 106.9 104.4
168.1 165.9 163.6 161.8 161.6 162.9 163.9 161 157.4 155.2 152.4 149.4 150 152.9 156.5 159.2 160.4 160.7 159.6 158.2 155.4 151.5 146.2 139.8 133.5 133.5 141.1 150.5 157.4 160.6 161.6 161.7 161.2 160.2 158.1 154.1 147.8 140.1 132.7 128.3 133.6 143.6 150.7 153.3 153 151.6 149 144.7 138.5 130.4 122.8 118.4 120.3 124.2 131.3 137.3 140 141.3 140.2 137.3 132.9 129.7 128 126.7 123.8 120.9 121.7 124.1 122.9 116 107.3 99.6 94.6 95 102 113.8 122.2 123 119.3 115.4
169.5 166.6 163.8 161.2 159.7 157.9 156.7 156.5 154.1 152.6 152.4 153.4 156 159.1 160.7 162.5 162.7 161.6 160.5 159 156 151.7 145.6 139.7 134.6 134.6 141.9 152.2 158.3 161.5 162.8 162.5 161.8 160.4 157.5 152.8 145.7 137.9 131.1 131.8 139.7 148.4 153.2 154.2 152.9 151 148 143.1 135.9 128.3 122.1 123.7 128.1 132.1 137.8 144.2 147.3 148.6 148.4 146.7 142.1 139 136.5 133.5 129.6 125.2 124.3 126.4 124.1 117.3 108.1 100.1 95.4 98.6 106.4 120.1 129 132 130.2 125.1
168.8 165.7 163.2 161.8 161.4 160.1 159.4 159.4 159.1 158.4 158.4 159.4 161.1 162.9 163.9 164 163.7 162.3 161.1 159.7 156.9 152.5 147.6 140.8 135.5 135.6 143.2 153.6 159.3 162.4 163.4 163.1 161.8 159.8 157.3 152 144 136.2 132.7 138.1 145.8 151.7 154.7 155.3 152.6 150 144.9 139.5 133.1 126.6 126 130.4 136 140.3 144.6 149.6 152.1 152.7 152.6 151.5 148.6 147.1 144.1 139.3 134.6 130.3 128.3 128.1 123.4 116.2 108 100.6 96.3 100.3 111.2 124.8 133 137.1 136.3 131.9
167 164.9 163.9 164.3 165.5 164.9 164.9 164.7 164.4 163.8 163.3 163.9 164.4 165.1 165 165.1 164.4 163 161.5 159.9 157.6 153.5 149.2 142.5 136.3 136.8 144.4 154.5 160.2 163.1 163.9 163.6 162.4 159.8 157.3 150.9 143.4 135.7 136.9 144.4 150.7 154.4 156.4 156.2 153.2 148.8 142.6 136.4 130.6 130.6 132.9 137.4 143.1 147.8 151.1 153.7 155.3 155.2 154.5 153.4 151.8 150.7 147.6 143.4 139.5 135.4 131.7 128.1 121.5 114.2 106.4 100.5 97.3 102.9 115.4 127.8 136.8 141.4 141.5 137.5
168.9 168 167.4 168.4 169.5 169.6 169.6 169.6 168.9 168 167.5 167.3 166.7 166.3 165.9 166.1 164.8 163.3 161.9 159.9 157.6 154.1 150 143.6 137.1 138.7 146.3 155.2 160.9 163.3 164.2 164.1 163.1 160.7 157.7 151.5 143.8 137 140.9 148.2 153.8 157 158.6 157.6 155.1 150.6 144.5 137.2 133.2 136.9 140.3 144.2 149.6 153.1 155.5 157.1 157.5 157.1 155.8 154.3 152.7 150.5 147.6 143.7 139.7 135.2 130.8 125.6 119.1 112 105.6 100.9 98.2 104.9 116.8 129.2 138.4 143.7 144.3 140.4
172 171.7 171.8 172.3 172.2 172.2 172 171.6 171.1 170 169.6 168.8 167.3 167 166.7 165.7 164.2 163 161.5 159.2 156.4 152.9 148.6 142.8 137.6 141.7 149.6 156.8 161.3 163.6 164.5 164.3 163 160.9 157.4 151.8 144.5 138.9 143.2 150.9 156.1 159 160.6 159.7 156.9 152.3 145.7 138.6 137.5 142.7 147 151.1 154.6 157.8 159.1 159.7 158.9 158.1 156.4 154.4 152.4 149.2 145.5 141.3 137.6 134.1 130 125.9 120.4 112.9 106.9 101.8 98.9 106.3 118.6 130.6 140.2 145.8 146.5 143.6
177.6 175.7 175.5 175 174.8 174.2 172.9 172.8 172 171 169.9 169.1 167.3 166.8 166.1 165.2 163.7 162.3 160.7 157.8 154.7 151.6 147.9 142.2 138.7 144.8 151.6 157.7 161.8 164 164.6 164.2 162.7 160.4 156.9 151 144.8 142.1 147 153.5 158.2 161.1 162.8 161.2 157.9 152.2 145.5 142.5 144 148.3 152.7 156.1 159.1 160.6 161.1 160.7 160.3 159 156.9 154.4 151.8 148.7 145.4 143.2 140.5 137.7 133 127.8 122.1 115.4 108.6 103 99.8 107.2 119.3 132.4 142.1 147.1 148.2 146
178.6 178.3 177.8 177.1 176.1 174.9 173.6 172.6 172.3 171.1 169.8 168.4 166.9 166.2 165.4 164.3 162.8 161.1 159 156.3 153.3 150.2 146.1 140.9 139.7 146.1 152 157.4 161.8 164 165 164.6 162.7 160.3 156 150.3 144.8 146.3 151.4 157.5 161.1 163.5 164.4 162.3 158.5 152.9 150.5 149.4 151.4 154.4 157.3 160 161.8 162.4 162 161.6 160 158.5 156.6 154.6 152.1 149.8 147.5 145.4 143 138.8 133.2 128.3 123.3 117.2 110 104 101.1 109.1 122 134.7 144.3 148.5 149.6 147.6
180.4 180 179.2 177.7 176.1 174.9 173.7 172.5 170.5 168.9 167.8 166.5 165.5 164.9 163.7 162.1 160.3 158.1 156 154 150.6 145.5 142.1 139.8 140.4 146 151.9 157.5 161.7 164.2 165.5 165 163.6 161 156.2 150.5 147 151.2 156.4 160.7 164 166 166.3 164.1 160.7 158.1 157.2 156.7 158.1 159.6 161.1 163 163.2 163.3 162.8 161.4 159.5 157.8 155.9 154 152.4 150.5 148.4 146.2 143 137.4 131.6 126.7 121.8 116.9 110.4 105 102.6 112 124.8 136.3 145.5 149.7 149.9 148.8
180.6 180.2 178.6 176.9 175.3 174 172.8 171 168.5 166.6 165.7 164.3 162.1 161.4 159.3 158.1 155.3 152.4 150.1 148.4 146.8 151.4 152.8 153 151.8 145.8 152 157.8 161.6 164.1 166.4 166 165 162.5 157.5 151.8 151.3 156.5 160.8 164.3 166.5 168.1 168.1 166.6 165 163.9 162.6 162.3 162.7 163.7 164.5 164.5 164.6 163.7 162.6 160.8 159 157 155.2 153.5 151.8 150.2 147.8 144.8 140.6 135.3 129.9 124.7 119.6 114.2 108.9 104.7 104.3 114.6 127.5 138.1 146.2 150.7 151 149.7
180.5 179.2 177.7 176 174.5 173.2 171.3 169.5 167.4 165.3 163.5 161 158.6 160.6 156.4 150.1 146.1 146 147.5 148.4 148.1 149.4 149.4 151.1 148.1 151.4 151.5 152.8 161.4 164.3 166.5 167 166.5 164.5 159.3 153.6 155.2 160 163.6 166.7 169 169.6 169.4 168.3 167.7 167.2 166.3 165.7 165.9 166 165.8 165.3 165 163.7 162.3 160.2 158.2 156.4 154.7 152.9 151.2 149.2 145.8 141.1 136.2 130.5 125 119.8 115.7 110.9 107 104 107.1 117.7 130.2 139.9 147.3 151.6 152.5 151
178.9 177.8 176.4 175 173.1 171.2 169 166.7 164.2 162.1 160 157.9 156.6 158.6 153.6 151.4 152.5 153.3 153.8 154.5 155 155.3 155.4 154.2 150.5 148.1 151.4 156.2 152.2 153.3 163.1 168 167.3 165.9 161.1 156.1 158.3 162.4 165.9 168.3 170 171.1 170.6 170.1 169.7 169.3 168.9 168.3 168 167.4 166.8 166.1 165.2 163.3 161.3 159.3 157 155.1 153.2 151.4 149.2 146.2 141.9 137.1 131.8 126.9 123.5 120.8 118.3 113.5 107.4 105.3 111.1 121.7 132.4 141.4 148.2 152.3 153.3 152.6
177.2 176.2 174.9 173.5 171.1 168.9 166.8 163.6 161 158.6 157.9 157.2 157 157.1 157.8 153.6 155.5 157.5 158.5 159.2 159.1 158.8 158.2 156.6 152.7 149.8 152.4 155.9 159.5 161.7 155.3 158.2 168.3 167.6 163.5 159.3 161.2 164.5 167 169.6 170.7 171.4 171.2 170.4 170.3 170.2 169.8 169.3 169 168.2 166.9 165.8 164.6 162.5 160.3 158.4 155.2 152.5 150.9 148.6 145.7 142.2 137.6 134.7 133.2 131.4 127.6 123.8 121 114.7 108.8 107.8 114.6 125.5 135.1 142.8 149.4 153 153.8 153.4
175.5 174.5 173.4 172 169.5 166.8 164.6 161.5 159.9 160.8 161.1 161.3 161.1 159.3 157.4 156.1 158.5 160.2 161.3 161.6 161.4 161.4 160.4 158.4 154.1 152.2 154.6 158.4 162.1 162.7 163.8 159.4 159.1 167.9 165.8 162.3 163.2 165.9 168.5 170.2 171.2 171.4 171 170.4 170.3 170.2 170.1 170.1 169.2 167.8 166.5 165.2 163.9 162.4 159.9 157.3 154.3 150.4 147.4 145.1 142.4 140.2 139 139.6 139.3 136.4 131.8 127.2 122.9 116 109.7 110 117.7 127.7 137 144.8 150.5 153.8 155.1 154.6
173.8 172.8 171.7 170.5 167.8 165.2 162.7 161.8 163.1 164.1 164.4 164.4 164.3 162.1 157.6 158.6 161.1 162.8 164.1 164 163.8 163.4 162.2 159.9 155.2 154.7 158.4 162.5 166 166.7 167.4 168.2 167.9 160.6 163.7 166.7 165.9 167.8 169.9 170.8 170.9 170.9 170.4 169.7 169.6 169.4 169.4 169.2 168.1 166.9 165.5 164.2 162.9 161.5 159.6 156.9 153.9 150.8 148.5 146.9 145 143.9 144.4 144.6 142.1 140.2 136.2 131.3 123.8 116.8 110.7 111.3 119.4 128.9 138.3 146.1 151.2 154.7 155.7 154.9
172.2 171 170 169 166.4 164.2 163.2 164.7 165.9 166.6 166.3 165.6 165.6 163.8 160.5 161.4 163.7 165.9 166.8 166.1 165.8 164.9 163.7 159.9 156.4 158 162.1 165.5 168.3 170.7 171.4 172.1 170.7 170 164.5 163.4 168.9 169.3 170.6 170.8 170.6 170.4 169.6 169 168.8 168.7 168.7 167.7 166.7 165.4 164 162.7 161.2 159.7 158.2 156.5 154.1 152.2 150.7 149.6 148.2 147.9 147.3 146 143.7 141.7 138.9 133.1 125.7 118.2 111.8 112.3 120.3 129.8 139.4 146.8 151.9 155.4 156.5 155.8
171 169.7 168.8 167.6 165.9 165.4 165.9 167.4 168.2 168.9 168.4 167.8 166.8 164.3 162.5 164.1 166.4 168.1 168.5 168.1 167.6 166.4 164.6 160.9 158.3 160.9 164.3 167.3 170.1 173.2 175.4 175.9 174.4 172.9 171.9 171.6 165.7 166 170.8 170.5 170.2 169.7 168.9 168.2 168.1 167.6 166.3 164.9 164.1 163.4 162.5 161 159.4 157.9 156.3 155 153.1 151.8 150.6 149.4 149 147.5 146 144.5 143.3 141.2 138.3 133.9 126.7 119.3 112.7 113.2 121.3 130.9 140 147.3 152.7 156.2 157.1 156.7
171.9 170.9 170 169.7 169.1 168.7 168.4 169.7 170.9 171.1 170.2 169.2 167.6 165.2 163.8 166.6 168.3 169.5 169.6 169.1 168.3 166.8 164.8 161.6 160.3 162.2 165.8 169 172 175.2 178.4 180 178.5 177 174.9 174.5 173.6 168.8 165.4 170.3 169.6 168.6 167.9 167.1 166.2 164.9 163.3 161.6 160.6 159.5 158.9 157.8 157.2 156 154.5 153.1 151.6 150.5 149.5 148.4 147 144.8 143.2 142.5 141.5 140 136.7 132.5 125.8 119.5 113.4 114 122.3 132.1 140.8 148.2 153.5 156.7 157.7 157.7
174.1 173 172.8 173.2 173.5 173.8 173.2 172.3 172.7 172.5 171.5 169.9 168.3 167.6 167.1 168.3 170 170.4 170.2 169.8 168.4 166.7 164.7 163.1 163.1 164.7 167.1 170.9 174.3 177.7 180.9 182 181 179.1 177.8 178.7 177.7 174.9 172.2 166.4 167.2 167.6 167.2 165.8 163.3 161.2 159.4 157.6 156.2 155.3 154.9 153.7 152.8 152.2 151.5 150.4 149.1 147.7 147.2 145.7 143.2 140.7 139.6 138.9 138.1 135.9 133.3 130 124.2 118.3 113.4 115.6 124.6 134.4 142.9 149.6 154.2 157.2 158.6 158.5
176.3 175.4 176.2 178 179.5 180 178.7 176.6 175.7 174.5 172.1 170.5 170.2 170.2 169.5 169.4 170.7 171 170.7 170.1 168.4 166.5 165.7 164.8 166.1 167.7 169.5 173 176.5 180.1 182.6 183.2 182.5 180.9 180.7 181.4 179.9 176.7 173.7 170.8 168.1 166.8 165.9 163.4 160.7 158 155.6 153.7 152.1 151.4 150.9 149.9 148.5 147.6 146.7 145.8 144.4 142.7 141.8 139.7 137.5 135.1 133.9 133.2 130.8 129 127.2 125.1 120.9 116.2 114 118.3 126.8 136.8 145.5 151 155.1 158 159.4 159.7
177.8 177.6 179.8 182.5 184.3 185 183.6 180.8 178.5 177.3 175.3 173.8 173.4 173.1 171.4 171.3 171.9 172.1 171.7 170.6 168.8 167.6 167.3 167.7 169.1 170.9 172.7 175.8 179.2 181.2 183.6 185.1 185.7 184.8 184.6 185 182.8 179.5 175 171.2 168.2 165.4 165.3 166 159.4 158.7 157.4 155.7 153.3 150.5 148.5 146.7 145.1 143.7 142.8 141.5 140 138.1 136.4 134.8 133.2 131.2 128.7 126.5 124.6 122.9 121.4 119.4 117.2 115.4 117.7 122.4 129.2 138.4 146.7 151.7 156.1 158.7 160 160.5
177.7 178.5 181.4 185.4 187.7 189.4 187.5 184.3 181 179.5 177.9 177.2 176.5 175 173.3 173.2 174.1 173.7 173.2 171.7 169.9 169.1 168.7 169.8 172.1 174.2 176.2 178 179.8 182.4 184.9 187 189.1 190.5 190.5 189.9 186.2 181 176 171.1 167 165.2 162.8 163.3 166.6 162.4 161.1 159.3 157.4 154.9 152.7 151 148.8 146.5 144.6 143.5 141.9 141.1 140.3 140 138.2 133.5 128.9 126.3 124.5 122.6 120.9 119.4 117.8 119.5 123.5 128.1 134 140.6 147.7 152.7 157 159.5 160.5 161
176.6 178.3 182.8 187 191.3 193.9 193.4 190.6 184.5 181.5 179.9 178.9 178 176.7 175.2 175.5 175.7 175.3 174.8 173 171.5 170.3 169.8 171.1 172.7 175 176.7 178.1 180 182.3 185 188.2 191.6 195.5 196.5 194.6 188.9 182.4 175.6 171.2 169.3 168 165.9 163.5 161.9 164.3 163.8 160.7 158.7 157.8 156.8 155.2 152.9 151.2 149.5 149.4 148 146.7 146.9 145.9 142.9 135.8 129.8 127.3 125.2 123.2 121.6 120.4 121.2 125.3 129.6 134.8 140.1 144.5 149.2 153.7 157.8 159.8 160.6 161.2
171.8 176.7 182.5 188.1 193.3 196.5 198.5 197.2 188.9 183.3 180.1 179.2 178.3 177.5 177.2 177.3 177.2 176.9 175.9 173.7 171.6 170.3 169.8 171.4 172.9 174 174.7 177.1 179.4 181.6 183 186.2 190.7 197.1 202 199.2 192 185.1 177.9 174.2 172.8 171.3 169.3 166.2 164.2 162.1 162.2 164.3 160 158.8 158.1 157.2 156.2 155.5 154.5 153.3 152 150.4 149 147.4 143.7 137.2 131.1 128.3 126.3 124.2 123.3 124.5 127.7 131.8 136 141.2 146.4 150.3 151.5 155.1 158.3 159.8 160.8 161.2
170.3 177 181.5 186.2 191.3 194.6 196.3 194.1 188.4 183 180.1 177.9 176.4 175.6 176 177.1 177 176 174.3 172.5 170.3 168.3 167.8 168.9 170 171.1 172.9 176.2 178.5 179.2 179.9 183.2 189.3 196.4 202.6 201.2 193.9 186.5 179.4 176.2 175 174.1 170.9 166.8 164.5 162.5 162.2 162 161.8 162.2 158.9 158 156.7 155.9 154.5 153.2 152.1 150.4 148.1 145.6 141.7 137.2 132.1 129.3 127.6 126.4 128.7 131.8 134.6 138.4 142.4 147.3 151.9 154.7 154.8 156.1 158.2 159.6 160.8 161.2
171.1 176.7 178.4 181.9 185.9 189.7 190.7 187.7 184.4 182.4 179.2 177.5 175.7 173.4 173.6 174.3 174.8 174.4 172.5 170.5 168 165.9 165 166.1 167.1 168.1 171 174.1 176.8 176.8 176.4 178.7 186 194.5 200 197.8 192.5 186.1 180.6 177.5 176.3 174.7 170.5 165.1 162.1 162.3 161.9 161.5 161 160.8 162.8 158.4 156.9 155.7 154.3 152.9 151.5 149.2 146.9 143.9 138.4 135.7 133.7 131.7 130.3 130.6 135.2 138.9 141.3 144.8 148.9 153 155.6 156.4 156.9 157.6 158.2 159.7 160.4 161
168.2 171.6 173.6 177.3 181.5 183.9 183.6 182.3 181.8 182.2 180 177.8 175.9 172.9 170.3 170.8 171.8 171.3 170.4 168.3 165.9 163.8 162.9 162.9 163.9 165.1 167.4 170.4 172.8 173 171.5 170.1 177 189.7 193 191.1 187.5 183.1 178.9 176.8 175.3 172.9 169.3 166.2 163.6 163.5 169.1 160.7 159.9 159.2 158.5 161.6 159.8 155.4 153.8 152.3 150.5 148.5 146.3 143.3 139.2 139.2 137.5 135.5 133.8 135.2 140.7 144.9 148 151.1 153.2 155.8 156.9 157.6 158 158.3 158.4 159.5 159.9 159.9
162.9 165.9 171.1 175.7 177.5 178.5 178 177.4 179.6 183 181 178.4 175.9 173.8 168.4 167.4 168.5 168.4 167.5 165.9 163.9 161.8 160.7 160.3 161.1 162.9 164.1 166.1 167.1 167.2 167.5 166.5 172.5 184.8 186.7 184.7 181.4 177.8 175.3 173.5 171.6 169.9 166.7 165.2 164.7 162.2 169 159.7 158.6 157.7 157 156.9 158.4 159.6 152.5 150.8 149.4 148.4 148.2 147.6 145.8 145 142.9 140.2 137.6 140.3 145.4 148.7 151.4 153.6 155.3 156.6 157.1 157.7 158.1 158.4 158.7 158.7 158.7 158.7
160 163.7 169 173.8 174.5 173.8 173.2 174.5 180 182.9 180.6 178 175.6 172 167.2 164.8 165.2 165.2 164.3 163.6 161.8 159.7 158.5 157.9 158.7 160.7 161.3 162.2 162.8 163.3 164.2 164 169.1 180 182 178.9 175.5 172.2 169.9 168.2 167.5 166.3 164.4 165.9 161.8 162.1 163.4 159.2 158 156.7 155.5 155 153.9 151.4 159.9 157.2 149.3 149.6 149.6 150.2 150.8 149.8 147.4 143.4 140.4 144 148.4 151.4 153.5 154.7 155.5 156.7 157.1 157.4 157.4 157.4 157.4 157.5 157.6 157.6
158.8 162.5 167.4 169.6 169.3 168.3 170.1 174.7 179.2 179.8 179 175.8 173.3 169.8 167 163.1 162.3 161.7 161.3 161.2 160.5 158.6 156.8 155.4 156.5 158.4 158.9 158.7 159.7 161 161.8 162.2 166.5 175.9 178.7 175.3 171.5 167.8 164.4 163.5 163.7 162.6 163 168.5 161.3 164.8 160.2 159 157.5 156.1 154.6 153 151.8 150.7 150.5 156.1 156.4 151.3 151.3 152.2 152.6 152 149.5 145.7 144.5 147.7 151.2 153.2 154.6 155.8 156.4 156.3 156.4 156.4 156.2 156.1 156.1 156.1 156.4 156.4
159 161.4 163.7 164.1 163.1 164.4 171.1 175.3 176.6 176.1 174.5 171.2 169.2 167.7 165.7 162.6 159.3 158.7 158.6 159.2 159.7 157.9 155.7 153.4 154.6 155.9 155.8 155 156.1 158.8 159.9 161.6 165.3 172.3 174.6 171.4 168.3 164.6 160.2 158.2 158.8 159.4 159.4 161.3 163.9 168.9 159.6 159.2 157.9 156.5 155 153.8 152.8 151.7 151.4 151.6 151.9 155.7 154.3 153.9 153.6 152.6 150.3 147.2 148 151 152.8 153.9 155.4 155.5 155.4 155.5 155.5 155.4 155.2 154.9 154.7 154.8 155.1 155.2
157.7 157.8 157.7 158.3 160.2 165 170.2 173.8 174.3 173 169.6 167.1 165.9 165 163.9 162 158.5 155.8 155.3 155.9 157.3 156.9 154.7 151.2 151.9 152.9 152.3 151.5 154 157.8 159.5 161.4 164.1 169 170.1 167.5 164.7 162.2 158 153.8 153.4 154.7 165.1 162.1 162.7 161.8 159.7 159.4 159 157.6 156.1 154.9 154 153.6 153.5 153.9 154.1 155.1 155.5 154.1 153.4 152.5 150.7 149.4 150 152.5 153.5 154.2 154.7 154.6 154.5 154.3 153.7 153.3 153.1 152.9 153 153.4 153.5 153.3
152.9 152.9 154.2 157.8 161.3 164.8 169.2 172.3 172.4 169.9 167.1 164.4 163.1 162.1 162 161.4 159.1 155 152.1 152 154 154.8 153.6 150.4 148.2 149.1 149.4 149.5 152.9 157.3 159.8 161.8 163.8 166.5 166 163.6 161.5 160.1 156.3 151.8 150.5 153.4 156.8 157.7 158.9 159.6 159.8 159.5 159.2 158.3 157.2 156.2 155.2 155.1 155.4 155.7 156 156.5 156.3 156 153.9 151.7 151.4 150.4 151.5 153.2 153.8 154.2 153.9 153.7 153.1 152.5 151.9 151.3 151 151.3 151.7 151.7 151.6 151.4
147.7 149.9 153.8 157.2 160.6 164.5 168.5 170.2 170.4 167.6 164.8 161.9 159.8 160.1 160.5 160.6 159.6 156.3 152.3 149 149.9 152.5 152.6 149.8 147 144.9 145.3 147.8 152.7 157.3 160 162.1 163.6 164.8 163.5 161.7 159.4 157.6 154.5 150.3 148 151.4 155.6 157.7 158.1 159 159.5 159.6 159.2 158.5 157.8 157.5 156.6 156.1 156.5 157 157.1 157 156.8 156.2 154.7 153.6 150.4 150.7 151.6 153.3 154 154 153.7 152.7 151 150.4 149.7 149.1 148.5 148.4 149.2 149.7 149.6 149.5
