app/static/ascii/SU91.asc
ncols 200
nrows 200
xllcorner 490000
yllcorner 110000
cellsize 50
[rows 36 to 71 of 200, columns 0 to 80 of 200]
55.6 54 55.5 57.9 60.4 61.5 61.2 60.9 59.9 58.8 57.4 55.8 55.2 56 55.9 55.9 56 56.6 57.8 58.5 58.9 59.5 60.5 61.5 62.3 68.6 72.5 73.9 71.8 72.7 74.4 72.1 67.8 64.7 61.4 58.2 55.2 50.4 49.9 47.7 53.5 55.1 54.6 48.3 40.5 37.9 37.4 38.5 38.7 40.9 45.5 48.6 52.8 53.8 50.6 45.5 42.7 40.9 36.5 40.2 44.7 44 42.2 39.3 37.2 36.8 39.6 40.8 41.9 45.9 52.8 55.6 56.2 52.1 45.4 41.9 38.3 39.3 40.8 41.2 40.9
57.6 55.8 57.5 60.2 61.8 62.4 62.1 61.5 60.3 58.8 57.2 55.6 55.9 57.2 57.4 57.2 56.9 57.7 58.8 59.4 60 60.7 61.5 62.3 63.1 69.9 74.3 74.9 72.1 71.7 69.7 65.3 63 60.6 56.8 52.8 51.2 53.9 51.7 48.2 53.1 54.2 52.9 45.4 39.7 41.8 43.7 43.7 44.3 46.7 50.5 54.2 55.9 54 49.5 45.3 43.4 41.8 37.3 40.9 45.8 45.1 43.7 42 39.4 35.9 39.5 42.3 47.3 52 55.8 57.6 56.5 53.2 43.5 39.9 39.2 41.7 43.7 43.3 42.9
59.2 57.4 59.5 61.8 62.7 63.2 63 62.2 60.7 59.3 57.8 56.4 56.4 58 58.5 58.6 58.4 58 59.3 60.3 61 61.7 62.5 63.3 64.1 69.8 72.1 74 70.4 68.3 65 62.7 60 57.5 56.5 55.9 56.8 55.8 52.8 49 52.4 53.2 51.2 49.1 48.9 52.5 53.1 52.5 54 55.4 57.2 57.7 56.4 53.8 51.7 49.3 45.6 43.6 38.7 42 44.7 45.7 45.3 43.7 41.2 36 42 46.1 49.3 52.7 57.3 59 55.9 52.9 44.4 39.6 41.6 44.1 45.5 45 44.1
60.7 60.3 61.8 63.6 64.1 63.7 63.5 62.7 61.2 59.8 58.4 57 57.1 58.6 59.6 59.6 59.3 59.3 60.3 61.5 62.1 63 63.4 64.2 65 69.5 72.3 74 69.4 66.1 63.8 61.1 60 60.8 59.9 59.4 58.7 56.8 53.4 49.5 51.7 53.1 52 52.8 55.7 59.2 59.7 59.8 59.5 60 60.3 58.3 56.4 54 51.5 48.4 45.9 42.7 39 40 44.3 46.2 46.2 45.5 41.9 38.9 43.2 45.9 48.9 55 59 59.1 55.9 51.8 45.3 40.5 44.6 47.4 47.5 46.8 46.2
62.9 63 64.2 65.1 64.6 64.2 63.9 63 61.8 60.3 59 57.5 57.7 58.9 60.4 61.3 61 60.6 61.4 62.6 63.3 64.5 64.8 65.2 66 68.8 73.1 74 67.9 66.1 64.6 60.8 61.5 62.4 62 60.5 59.6 56.6 53.8 51.4 54.5 54.8 55.8 56.6 59.8 62.2 62.4 62.2 61.7 60.9 59.6 57.6 54.8 52.6 50.5 47.5 43.4 41 37.9 40.5 44.5 47 46.9 46.4 44.2 43.1 43.9 47.2 51.4 56.9 59.7 59.3 55.1 50.3 46.5 42.3 45.9 49.1 49.4 48.2 48
64.6 65.2 65.6 66.1 65.7 65.2 64.4 63.2 62.1 60.7 59.2 58.3 58.6 60 61.7 63 62.3 61.9 62.4 63.7 64.8 66.1 66.5 67.2 67 69.2 73.6 74.2 70.6 67.3 63.6 63.8 64.9 65.6 64.1 62 59.3 56.3 53.9 52.7 55.6 56.9 58.9 61.4 63.2 63.7 63.2 62.6 61.2 59.7 58.1 56.1 54.1 51.9 48.4 45.3 44.9 43.9 38.3 41.5 44.7 47.5 47.6 46.7 44.8 42.6 44.7 48.7 53.8 58.6 60.5 58.5 54.6 49.9 46.5 47.3 48.7 50.1 50.3 49.4 48.4
66.2 67.3 67.7 67.6 67.1 65.7 64 63.1 61.9 60.3 58.8 59.6 60.1 62 63.3 64.4 63.8 62.8 63.2 64.3 65.9 67.5 68 68 68.4 69.1 73.7 75 71.7 69.6 67.8 66.8 66.9 66.6 65 62.2 57.4 55.1 56 55.8 56 60.3 62.3 64 64.8 63.8 63 61.9 60 58.5 57.1 55.1 53 50.5 48.4 48.3 46.5 44 41.1 44.7 46.9 48.5 48.6 47.4 45.9 43.4 44.6 49.9 54.8 58.9 60 58.6 55.5 51.8 49.6 51 51.6 51.7 51.4 50.5 50.2
67.2 68.4 68.1 67.4 66.3 64.9 64 62.6 61.7 60.2 59.7 60.4 61.8 64 65.6 66.3 65.9 64.4 64.1 65.6 67.2 68.9 70.4 70.3 70 70.5 73.7 75.8 72.8 71.9 71.7 69.5 68.5 67.4 65.1 62.5 60.6 59.3 59.4 57.7 58.5 63.4 65.2 65.9 65.2 63.6 62.5 61 59.1 57.6 56.1 54.1 52.1 51.6 50.7 49.3 46.8 42.4 43.9 47.4 48.6 49.6 49.6 48.1 46.7 45.1 43.4 48.4 53.5 57 58.7 58.3 55.9 52.6 52.9 53.6 53.6 53 52.3 51.6 49.9
68.5 69.1 67.9 66.7 65.3 64.3 63 61.8 61.6 61.4 61.9 62.7 63.2 66.1 68.1 68.1 67.2 65.6 65.1 66.8 68.4 70.8 72 72.4 72.1 72.9 74.7 77.5 75 73.4 72.5 71.2 69.4 68.5 67.1 65.3 64.1 64.5 62.8 59.1 62.1 65.7 66.7 66.4 65.1 63.5 62.2 60.5 58.5 56.8 55.2 54.1 53.4 52.8 51.8 49.1 45.9 42.3 47.3 49.2 49.9 50.6 50.2 48.6 47.1 46.7 45.5 45.6 50.7 54.7 57.8 57.9 56 54.7 54.8 55 54.2 53.6 52.4 51 49.6
69.8 69.4 68.1 66.9 66.2 65.9 65.7 66.4 66.2 66.8 66.5 66.2 66.2 66.9 69.4 69.1 67.5 66.6 65.9 67.9 70.3 71.8 74.5 75.2 76.1 76.8 77.7 78.4 76.6 74.1 72.8 70.4 68.5 66 67.8 69 67.3 67 65.8 63.7 66.2 67.6 67.4 66.2 64.4 63.4 61.8 60.1 58.1 56.9 56 55.1 54.3 53.6 51.8 49 43.9 46.8 50.2 51.3 51.5 51.7 51 48.9 48.5 48.3 47.5 45.9 49.1 53.8 56.7 56.9 57 56.6 56.2 55.9 54.1 52.9 52 50.5 48.3
70.5 70.5 69.4 69.3 70.7 71.5 72.7 73.5 73.7 73.5 73.5 72.3 71 69.9 69.7 68.9 67.8 67.1 67.3 69.5 72.3 74.7 76.4 77.6 79 79.3 78.1 77.8 76.5 72.8 70.5 67.9 65.7 63.7 67.7 68.7 69.3 68 65.8 66.6 68.5 68.7 67.2 65.9 64.6 62.8 60.8 59.6 58.6 57.8 56.9 55.9 54.8 53.7 51.7 47.1 44.7 50.9 52.6 52.7 52.7 52.2 51.6 50.2 50.2 49.5 48 46.4 49.8 53.3 55.7 56.9 57.5 57.4 56.6 54.8 53.6 51.8 50.8 48.7 46.4
73.5 73.6 71.5 73.5 75.4 76.9 77.5 77.9 78.7 79.4 79.7 78.4 77 74.8 73.2 71.1 69.5 68.7 68.8 70 73 75.7 77.6 78.9 80.7 79.9 77.2 75.5 71.9 69.4 66.9 64.7 61.8 63 66.4 69.4 70.4 69.9 68.3 68.8 69.6 68.6 67.3 65.9 64.1 62.1 60.6 59.5 58.9 58.3 57.5 56.5 55.2 53.5 49.8 44.9 47.2 51.9 53.8 53.9 53.5 52.8 52.2 51.6 51 49.9 47.4 47.6 50.1 52.6 54.6 56.5 57.9 57.9 55.6 53.1 51.3 49.5 48.7 46.5 45.7
76.6 76 73.5 75 77.2 78.9 80.1 80.9 82.1 83.1 83.1 82.3 80.8 78.7 76.5 74 70.9 70.6 70.3 72.1 73.3 75.2 77.8 80.5 81.5 79 75 73.1 71.1 69.4 67.9 66.1 65.3 63.5 67.4 70.5 72.5 72 71.3 70.4 69.9 68.7 66.9 65 63.4 62 60.6 59.7 59.2 58.5 57.5 56.2 54.7 52.2 47.7 47.2 47.6 51.5 54.8 54.4 54.2 53.7 53.1 51.9 51.1 50.3 49.4 49.5 50.1 52.3 54.5 56.6 58.3 58.3 55.8 54.1 52.2 49.8 48.1 48.1 47.4
79.6 77.7 74.9 76.3 77.3 79.3 80.2 81.5 83.3 84.9 85.8 85 83.3 81.1 79.1 77.4 73 72.2 75.7 77.7 78.5 78.7 79.7 82.4 84.3 82 79.4 78.4 76.9 74.9 73 70.8 69.2 68.6 68.6 72.4 73.6 72.9 72.1 70.8 69.6 68 66.2 64.3 62.4 60.7 60.1 59.5 58.9 57.8 56.8 54.9 52.3 49.2 47.8 49.4 47.6 50.8 54.5 54.8 54.8 54.5 54 52.9 51.3 50.8 51 50.6 50.9 52.4 54.4 56.5 58.5 58.6 57.5 55.7 52.7 50.4 50.2 50 49.3
80.5 78.9 76.4 76.3 76.9 78.5 79.1 80.6 82.8 84.8 85 84.7 83.4 81.9 80.4 78.6 74.4 75.1 79.6 81 81.7 81.7 82.6 85.5 87.3 86.2 84.6 83.4 81.9 80.4 77.8 76.1 73.6 71.7 69.6 73.2 74.4 72.9 71 68.8 68.4 67.2 65.3 62.4 59.7 57.6 56 55.6 55.4 54.9 53.5 51.7 49.9 49.6 52.2 52.4 50 51.9 54.7 55.3 55.2 55 54.9 53.8 52.2 52.5 52.3 51.6 51.6 52.6 54.3 56.2 58 58.7 57.7 56.4 53.8 52.2 52.4 51.9 51.2
81.6 79.4 77.2 76.7 77.4 78.1 79.1 80.2 82.3 84.2 83.7 82.6 81.2 80.1 79.1 76.7 74.8 75.8 78.9 81.4 83 84.4 85.6 87.7 89.8 88.9 87.2 85.3 84.5 82.7 80.6 78.3 74.6 72.8 73.3 75 74 72.4 70.1 67.4 66.4 66.1 63.7 60.5 56.6 56.8 58 56.2 55.8 54.3 53.3 52.4 53.4 53.4 54.2 54.4 52.4 52 55.5 56.2 56 56.1 55.5 54.7 53.2 53.8 53.3 52.6 52.6 53.3 54.7 56.6 58 58.5 58.1 56.3 54.5 54.3 53.6 53 52.3
82.7 80.5 79.1 78.5 78.7 79.6 80.7 81.6 83.4 83.8 82.3 80.9 79.4 78.2 77.6 75.9 75.4 76.6 79.5 81.4 83.8 85.6 87.8 90.2 91.6 90.3 88.3 86.7 85.3 83.9 81.9 78.8 76.9 76.2 76.7 76.1 75.2 72.8 70.9 67.9 65.3 63.2 60.2 58.5 60 61 60.7 59.9 59.2 58.5 58.2 57.3 56.5 55.7 56.2 55.8 54 51.9 56.2 56.9 57.4 57.4 56.7 55.6 54.8 55 54.3 53.6 53.9 54.4 55.5 56.3 58 58.3 58.3 57.4 55.8 55.5 54.6 53.7 52.8
85.1 83.1 82.1 81.3 81.3 82.2 83.3 85.7 86 84.8 82.8 81.6 81.2 80.8 79.9 78.3 76.9 77.9 81.6 83.3 84.6 86.5 89.2 91 91.6 90.4 88.5 87.5 85.8 84.3 82.1 79.9 79.3 79.1 78.7 77.3 75.7 73.4 71.1 67.6 63.7 61 60.2 62 64.4 64.2 63.8 63.5 63.1 62.5 62 62.3 60.9 59 58.5 57.5 55.2 52.9 57 58.1 58.6 58.6 57.5 56.4 56.6 56.3 55.6 55.1 55.3 55.6 56.1 56.6 58.1 58.1 58.2 57.5 56.7 56 55 53.8 52.3
90.4 88.4 87 85.9 85.1 85.5 87.9 89.9 89.8 86.3 84.6 85.9 85.4 89 86.6 83.1 79.3 79.2 82.9 85.5 87 88.4 90.6 91.9 91 89.7 88.2 87.2 85.7 84.3 82.8 82.1 80.7 80 79.1 78.1 76.1 74 71.3 67.1 63.5 62.8 63.8 67 68.6 69.3 69.2 68.9 68.8 68.4 67.4 66.7 65.2 63.8 61 60.5 57.3 54 57.9 59.8 60.3 59.8 58.6 57.9 58 57.6 57 56.5 56.7 57.1 57.5 57.7 58.2 58.3 58.3 57.6 56.7 55.6 53.6 52.2 50.8
98.9 96.4 94.3 92 89.7 90 91.9 92.7 89.9 87 88.2 96.5 95 95.9 92.2 86.7 82 80.8 82.5 87.3 90 91.3 92.4 92.6 90.2 89 89.1 88.8 87.8 86 84.1 83 79.4 77.8 76.4 75.5 73.5 71.1 69.6 67.6 66.3 65.3 65.8 69.8 71.8 73 73.2 73.2 72.8 72.3 71.3 70.1 69.1 67.4 63.1 63.5 60.9 55.9 59.5 61.9 63 61.8 59.2 59.7 59.9 60.1 59.5 59.1 58.9 59 59.1 59 58.7 58.2 57.2 56.3 55.1 53.6 51.9 50.5 49.1
109.3 106.6 102.8 99.1 95.6 94 95.4 93.8 89.8 88.7 99.5 109.4 108.7 103.4 95.7 89.4 85.1 83.2 83.4 86.8 91.6 93.7 93.9 92.6 88.5 90.1 90.9 90.2 88.7 86.6 85 82.8 78.5 75.4 73.4 72 70.5 69.9 70.2 71 71.2 69 67.1 71.3 74.1 75.5 75.7 75.2 74.7 73.5 72.5 71.9 70.8 69.1 66.1 64.9 62.4 57.4 61.8 64.5 64.9 64 61.1 62 63.1 64 64.4 63.4 62.3 61.3 60.8 60.3 58.7 57.3 56.6 55 53.4 52.3 51.1 50.6 49.4
118.9 116.1 113 107.2 101.8 98.2 96.7 93.8 90.8 99.2 115.2 119.4 117.9 112.7 102.4 94.9 92 90.6 88 89.1 92 96.4 96 93.8 93.3 92.6 91.4 89.1 87.1 84.8 82.7 80.4 77.5 74.4 72.3 71.3 70.6 73.6 75.9 76 74.6 70.9 68.4 72.7 76.4 77.2 77.6 77.1 76 74.2 72.4 71.3 70.2 69 65 65.1 61.2 62.1 65.7 67.7 67.2 65.7 63 64.9 66.8 68 67.9 67.5 66.3 64.5 63.3 61 59.3 58.7 58.1 56.8 56 54.9 53.4 52.1 50.8
124.8 123.6 119.3 113.4 106.4 100.6 97.1 94 95.3 108.9 121 126.9 126.7 123.1 117.2 112.6 108.5 103.1 97.7 92.6 92.2 97 96.8 96 96 94.9 91.8 87.9 85 82.5 80.5 78.2 75.8 74.5 73.1 71.8 71.7 76 78.1 77.3 74.7 71 69.4 73.7 78.1 79.1 79.6 79 77.1 74.9 72.9 70.8 68.7 67.4 64.2 63.4 64.5 65.9 67.9 69.7 69.1 66.9 65 67.3 69.3 70.2 70.8 70.6 68.9 67.1 64.9 62.8 61.4 62.2 62.5 61.8 60.3 58.3 57.9 57.5 55.2
132.9 130.7 126.2 118.8 110.3 102.5 97.7 95.1 99.2 111.3 126 134.3 135.2 133.2 130.8 127.1 120.8 113 105.2 97.1 94 97.6 98.8 98.8 98.6 95.7 91.4 87.1 84.9 83.3 81.2 79.4 77.5 76.4 74.4 72.9 73.4 75.3 75.7 75.8 73.6 70.3 70.6 74.4 79.2 81.1 81.5 80.5 78.1 75.8 73.4 71 68.2 65.4 63.2 64.6 66.4 67.7 70 71.7 71.1 68.1 66.1 67.5 69.5 70.7 72.5 73 71.2 69.1 67 63.9 63.7 65.9 67 67 66.1 64.5 62.9 61.9 60.4
142.7 140.8 133.5 122.7 109.3 103.4 100.3 98.8 101.3 112.8 129.4 142.1 144.8 143.6 140.4 136.2 128.4 118.3 107.3 97.4 97 101.7 102.2 102 100 96.2 91.7 91.3 91 88.2 84.5 81.6 79 77.4 76.3 75.2 75.1 75.8 74.8 74.2 72.8 71.2 72.1 74.9 80.3 83.1 83.2 81.9 79.5 76 73.1 70.3 67.7 64.3 66.7 67.4 68.8 70.9 73.5 74.3 72.7 68.9 66.6 66.9 68.8 71.2 74.3 75.3 72.9 69.5 67 64.7 65.9 68.5 70.1 70.8 70.1 69 68.2 67.2 66.4
151.7 149.4 140.1 121.9 113.3 109.8 106.1 104.4 105 115.5 134.6 149.6 154.6 154.2 149.6 142.2 131.3 118.2 105.5 99.1 103.2 107 109.1 106.7 102.5 96.8 97.3 101.5 98 92 87.1 83 80.1 79 78.2 77.4 77.2 76.7 75.7 75.5 74.5 72.8 73.5 75.8 81 84.5 84.5 82.2 79.2 76 72.3 68.7 67 66.6 69.7 71.4 73.5 75.6 76.2 75.6 73.3 70.1 67.8 67.9 69 72.1 75.4 76.5 73.1 69.4 66.9 65.9 67.4 70.3 72.5 73.5 73.7 72.7 71.1 69.6 68.7
162.9 158.1 143.2 125.1 127 120.9 117.6 112.1 107.6 119.2 139.9 156.5 164.7 163.3 156.7 145.7 131 112.8 102.3 103.7 110.1 113.9 113.9 110.3 103.9 100.6 108.5 108.4 102.4 94.1 88.6 84.2 83 83.1 82.1 80.5 80.4 79.7 79.1 78.6 78.3 76.2 75.8 77 81.7 85.2 85 82.2 78.9 76.2 73.3 71.1 66.8 68.9 72.4 75.2 78.3 79.1 78.2 76.4 73.6 71.1 69.9 69.2 70.2 72.2 74.5 75.2 72.8 69.9 67.7 67 69.7 72.2 73.7 75.3 75.8 75.2 72.9 70.1 69
180.6 170.9 153.4 150.4 146.9 140 135.3 125.9 119.1 127 148.3 165.1 172 170.7 161.7 146.6 127 108.1 106.3 112.5 118.9 121.2 120.3 113.3 105.1 112.7 115.8 112.2 104.4 95.6 89.1 85.7 86.9 87.9 85.5 83.3 83.7 86.3 86 84.4 85 83.5 81.2 80.1 82 85.1 83.9 81.7 79.1 76.5 75.4 73.7 70.5 70.2 74.2 78.2 81.3 81.8 80.6 78 75.4 73.2 71.3 70.9 71.7 73.2 75.1 75.6 74.2 72 69.6 69.8 72.2 74.1 75.5 75 74.7 74.1 71.2 68.7 66.8
203.7 190.4 181.4 175.8 170.6 164.3 155.4 142.6 147.9 152 161.4 177.7 182.8 178.8 166.2 145.7 120.5 116 122.1 130.5 134.8 134.1 128.3 114.6 114.9 122.8 122.4 115.8 104.6 95.9 90.4 88.8 93 92.2 89.1 88.1 89.9 95.7 96.3 93.6 95.1 91.7 87.2 83.1 84.6 86.4 84.4 82.2 80.5 81.3 81.7 78.9 73.9 73.5 75.7 79.8 83.5 84.3 82.3 80 77.2 74.7 72.4 72.6 73.8 75 77.4 77.7 76.2 73.9 71.4 72.2 74.8 76.2 75.9 74.8 72.6 70.9 69.1 67.2 65.8
221.4 210.9 203.3 197.9 192.7 186 177.4 169.9 174 177.5 183.7 192.6 194.6 187.2 170.9 145.8 123.8 135.7 145.4 150.6 152 148.6 140.1 125.6 133 136.1 132.1 121.8 108.4 96.8 92.9 93.3 98.4 97.5 95 95.8 96.7 105.7 107.5 105.1 104.4 100.9 94.4 87.8 89.5 90.6 87 84.3 85 90.5 90.1 85.3 79.1 78.2 76.9 81.4 85.1 85.5 84.5 82.2 79.1 77.9 75.1 75.3 77 77.4 79.3 79.8 77.7 75.2 73.6 74.9 76.9 77.6 76.7 75.1 72.9 70.8 69 67.2 65.7
231.7 227.5 220.6 214.5 209 204 197.8 194.8 197 200 204.1 208.1 206.8 197.7 179.9 152.8 152.7 161.8 165.4 169 169.9 167 158.1 147.9 151.9 149.9 141.7 127.3 110 99.4 98.8 100.5 104.2 103.6 103.2 107.5 105.6 116.9 120.5 119.7 116.6 109.5 100.1 92.8 96.3 95.7 90.1 88.2 94.7 100.6 100.8 94.7 88.4 85.3 80.3 82.5 86.7 87.4 86.6 84.5 84.1 83.2 82.8 81.7 81 80.8 81 81.9 81.4 79.7 78.9 79.6 79.8 79.7 78.2 76.9 73.4 71.1 69.4 67.6 66
234.6 232.5 229.7 225.3 220.5 216.5 213.1 212 213.4 215.9 219.5 221.9 218.8 209.8 193 181.3 183.4 186.3 188.4 189.7 190.8 187.9 181.3 174.3 171.3 164.2 150.9 131.5 109.3 104.5 112.5 111.8 115 113.2 118.1 123.1 126.9 131.6 137.5 136.9 131.3 122.1 107.8 101.2 102.6 98.9 92.8 94.4 104.3 111.3 112.3 107.5 99.5 91.2 84.5 85.2 88.3 90.5 89.9 91.7 95.9 97.7 96.7 94 90.3 85.1 85 90.6 93 92.3 90.7 88.6 86.4 83.8 79.7 77.5 74.7 72.3 70.4 68.6 66.7
232.4 231.3 229.7 227.6 225.5 223.9 222.7 222.1 223.2 225.3 228.1 231 229.6 222.6 213.1 207.7 206.4 206.6 207.9 209.2 208.7 205.8 201.6 196.3 188.8 178.7 161.8 137.3 117.6 122.9 129.3 128.4 132 132.6 137.6 142.3 142.4 152.1 156.2 154.7 148.9 138.8 127.9 119.6 112.1 102.1 98.9 103.4 114.2 122.3 122.9 116.7 106.3 92.7 88.3 87.2 90.2 92.8 93.7 100.4 106.8 109.1 107.5 103.3 96 89 94.7 102.5 106.7 105.4 102 96.5 90.5 86.1 83.4 81.6 77.3 75.8 73.4 72 69.3
229.8 228.4 226.6 225.2 223.8 222.8 222.6 222.9 223.9 225.4 227.5 229.8 231 232.2 227 224.7 222.8 222.4 222.8 224.6 223.3 220.3 216.9 211.6 204 192.2 176.2 154.8 133 142.5 148.6 149.8 153.2 155.8 158.5 163.6 169.1 173.6 175.5 173.5 167.5 158.7 148.3 136.5 122.2 108.6 112.4 117.3 129.2 134.3 133.5 125.7 112 97.8 94.8 91.1 93 96.5 98.9 108.2 117.1 119.9 116.7 108.7 97.4 95.8 108.4 116.7 119.5 117.1 110.4 101 92.1 90.1 96 95.2 91.6 87.3 84.2 81 77.3
226 224 222.2 220.4 219.1 218.8 218.5 219.2 220 221.4 223.4 225.6 228.3 230.3 231.8 232.5 232.4 232.4 232.6 233 231.8 229.7 226.4 221.2 214.7 204.6 190.7 171 154.6 163 169.4 172.8 175.6 178.9 183 187.1 190.7 193.2 193.6 190.5 185.1 176.9 166.2 150.8 129.6 130.7 134.1 134.8 147.6 150.6 148.1 138.6 123.2 114.8 108.3 99.5 99 104.1 107.5 120.6 129.1 131.6 127.4 115.2 99 107 123.2 130.9 131.8 127.3 116.3 99.7 95.1 105.4 109.8 108.2 104.6 100 94.6 89 83.7
221.1 219.1 217 215.3 213.9 213 213.2 213.6 214.2 216.1 218.2 221.1 224.1 227.1 229.2 231.8 233.2 234.2 234.8 235.5 235.1 233.8 231 227.3 222.2 214.9 204.1 191.8 184.9 184.9 189.3 192.9 196.1 199.3 201.8 204.8 207.3 209.3 208.9 205.3 200.3 192 181.8 166.9 154 156.7 159.7 162.2 167.6 169.2 165.1 156.3 142.4 133.8 121.3 104.9 111 119.7 128 136.9 143.2 146.4 141.1 124.9 109 125 138.5 146.4 145.4 137.1 122.8 103.9 112.1 121 124.2 121.8 116 108.9 101.1 93 86.3
