app/static/ascii/SU93.asc
ncols 200
nrows 200
xllcorner 490000
yllcorner 130000
cellsize 50
[rows 74 to 110 of 200, columns 0 to 83 of 200]
219.6 206 191.3 179.7 172.1 162.1 156.4 156.9 158.5 155.4 148.9 151.8 155.7 157.4 156.2 153 148.2 145.1 144.5 142.7 141.3 136.2 130.8 126 122.2 118.8 116.8 115.3 113.6 112.2 110.9 111.1 112.1 112.4 113.9 113.5 111 109.5 108.4 106.2 104.6 102.9 102.1 104.2 104.8 101.6 98.2 94.2 91.6 88.4 86.9 86.2 85.6 85.2 85.8 86 85 84.1 83.3 83.2 83.4 83.2 84 91.8 86.6 86.1 86 84.1 81.5 76.6 67.1 66.8 77.7 91 95.5 94.9 93.4 92.1 92.1 91.7 91.6 91.3 91.2 90.4
216 199.8 185.5 177.7 171.4 167.4 163.1 166.1 164.2 159.9 157.2 157.4 162.7 166.1 164.1 158.3 152.8 150.5 149.6 148.7 146.7 142.6 137.2 130.7 125.4 121.2 119 117.2 115.5 114.2 115.2 116.9 117.3 115.8 116.7 115 112.8 110.6 108.8 107 104.6 102.5 102.9 105.1 106.2 102.8 98.5 94.4 92 89.2 87.1 87.5 86.5 86.3 87.2 87.3 86.1 85 84.2 84.2 83.6 88.4 92.5 84.4 85.3 86.3 84.2 81.5 78.9 73.7 64.2 74.6 84.3 96.4 96.1 95.7 94.3 92.8 91.4 91.4 91.2 89.6 88.3 86.9
218.6 201.3 188.1 184.9 181.9 170.5 166.3 177.6 167.4 162.8 160.9 162.5 174.9 176.7 170.4 162.2 157.7 155.3 154.6 153.9 151.1 147.5 142.1 134.2 128.4 123.5 121.7 119.6 118.1 118.4 120.1 122.6 122.1 120.3 117.7 114.8 111.5 109.7 108.7 107 104.9 103.7 104.2 105.2 106.7 104 100.9 100.4 97.7 93.2 90.8 89 87.6 87.7 88.9 89 88.2 87.2 86 88.9 94 86.2 83.8 83.9 85.4 86.1 83.3 79.8 76.7 69.7 64 77.3 92.2 97.1 96.1 95 93.7 92.6 90.6 89.4 88.8 85.5 84.3 83.8
225.7 210.7 199 190.7 180.3 171.2 174.1 177.4 170.8 167.1 166.6 167.8 178.8 185.9 177.3 168.9 163.9 161 160.1 159.6 154.5 149.9 144 136.8 130.4 124.8 125.7 124.9 123.4 125 127.2 126.3 123.5 119.2 116 112.7 109.7 108.7 107.8 106.7 106 105.2 105.4 106.2 106.8 105.7 105.3 105.7 101.5 97.8 95.3 93 90.6 90.2 90.6 90.7 90.2 92.3 95 86.5 85.1 85.3 85.3 85.3 85.8 85 82.3 78.8 74.3 64.5 67.9 80.8 94.1 97.1 95.4 94.3 93.1 92.1 91.4 90.5 89.6 87.8 86.3 83.9
229.4 216.5 203.3 191.6 179.7 177.7 181.3 178.1 175.8 173.9 173.7 175.4 182.5 193.7 184 175.6 170.3 167.4 166.8 163.3 156.7 151.3 142.8 136.6 130.9 129.5 133.3 132.4 130.5 129.9 130.4 126.9 121.9 117.7 114.2 111.6 110 108.9 107.8 106.8 106.1 105.2 105.2 106.1 107 107.3 107 108 105.6 104 101.5 98.9 95.2 93.2 91.5 97.3 90.5 89.4 88.2 86.5 86 86.7 86.5 86.2 85.1 83.3 81.1 77.7 72.9 63.7 73.1 87.1 96.5 96.7 96.3 94.9 93.8 92.7 91.7 91 89.6 88.4 87.4 85.2
235.6 222.1 205.9 192 186.3 186.5 185.6 183.4 181 181.7 181.5 185.5 191.2 200.7 196.5 182.8 177.1 175.3 179.1 167.1 158 152.2 144 136.4 132.2 135 139.7 139 134.7 131.7 130 126.9 121.6 116.6 114 111.8 110.7 109.3 108 106.7 105.9 105.1 105 106 107 107.5 107.2 107.8 106.9 107.4 104.6 101.1 99.5 94.8 92 91.4 90.2 90.2 89.5 88.4 88 87.3 86.7 86.2 84.7 82.1 79.3 77.6 67.7 66.9 80.3 93.8 98.1 97.6 96.9 96.2 94.9 92.6 90.6 90.2 88.7 87.9 87.2 86.6
243 226.7 209.1 200 197.8 197.9 194.8 189.6 188.8 190.4 193 196.5 200.9 209.5 212.6 198.8 190.2 190.2 179.9 166.7 158.3 152.2 146 138.9 135 138 139.7 137.7 134.6 131.1 128.5 126 121.7 117.4 114.7 112.8 110 108.3 106.9 105.7 104.9 104.4 104.7 106 107 107.6 107.5 107.5 106.4 104.5 101.3 100.1 94.9 92.4 90.9 91.4 91.1 90.1 91 90.4 89.2 87.8 86.8 85.6 83.1 80.2 79.6 71.9 68.1 75.1 88.4 99 98 98 97.1 96.6 95.5 91.8 88.6 87.2 86.3 85.5 85.5 85.5
253.7 231.4 218 213.4 215.8 214.6 206.7 200.4 203.3 205.6 208.9 211.7 214.5 219.7 219.6 204.5 195.9 189.1 175.6 164.2 157 150.7 146.4 140.8 138.4 138.2 136.7 135.4 133.4 128.1 126.2 126.6 122.3 118.8 116 114 111.1 108.2 105.5 104.7 104 103.8 104.1 105.3 106.9 107.5 106.8 104.4 102.6 102.6 100.5 96.1 91.7 89.3 89.5 89.1 89.5 91 92.3 91.7 90.4 88.7 86 83.9 81.6 78 70.9 68.6 71.3 85.5 96.5 100.2 98.5 98.2 96.8 94.6 92.5 90.4 87.6 85.6 84 84.2 82 80.1
262 242.6 230 231 237.3 226.3 219 219.6 221.2 223.4 226.5 233.3 236.5 230.2 212.1 199 189.9 180.3 170.1 162.2 155.1 148.6 146.4 143.6 141.1 138.8 136.2 134.1 132.9 129.2 126.4 127.2 123.2 120.4 117.6 115.1 112.2 109.1 106 103.6 102.4 102.6 102.5 103 104.1 104.1 102.9 99.4 96 96.4 93.6 89.9 87.6 86.1 85.3 85 89.7 92 93.2 92.2 90.2 88.2 85.5 83 79.8 70.6 68.6 74.4 85.3 97.4 101.8 100.4 98.6 97.1 94.6 92.3 92.2 90.9 90.1 88.8 86.2 84.2 80.1 79
256.7 248.5 246.9 250.4 249.1 245.1 240.8 236.3 233.6 234.6 238.1 239.6 240.6 237.1 222.2 207.7 189.8 177.8 167.5 160.1 158.7 155.1 149.7 146.4 143.2 140.2 139.1 137.9 136.2 132.6 129.9 127.8 124.9 121.8 118.8 115.9 112.4 109.1 106.8 103.8 102.1 101.2 100.3 100.5 102.1 104.7 98.3 96.4 91.3 89.4 87.6 84.7 85.8 86.3 85 79.2 86.5 93.3 93.5 91.9 90 87.6 84.9 81.6 74.5 70.6 79.3 89.3 99.4 102.5 101.7 99.2 97.6 96.3 95.5 94.9 94.9 94.9 94.5 91.4 87 83.2 80.4 83.1
242.7 239 242.5 251.7 255 250 239.8 233.3 227.6 226.9 230.9 238.4 238.7 228.5 219.9 206.8 188.8 176.9 169.4 166 163.4 157.8 152.1 148.8 145.8 144.3 143.4 142.1 139.1 135.9 132.9 128.9 125.2 122.2 119.2 116.3 113.2 110 107.6 105 103 101 98.6 99.1 103.3 97.2 93.7 89.3 88 90 89 89.3 89.4 88.2 86.7 84.1 82.6 93.2 92.7 91.1 89.5 87.5 84.8 82.5 73.8 75.7 88.4 102.1 104.7 104.1 101.6 98.9 97.4 96.5 96.2 96.1 95.8 95.7 92.7 88 84 83.7 87.3 88.4
230.7 226.5 231 238.1 244.4 240.1 230.9 224.2 219.4 219.6 227.4 238.3 236.8 222.8 206.6 198.1 188.8 179.5 172.9 166.5 162.7 157.9 154.1 151.5 149 148 146.8 142.9 139.7 136.7 132.7 130 125.6 122.6 119.7 116.8 114 110.8 108.7 106.8 104.3 101.6 101.9 100.7 92.9 90.5 91.4 92.9 92.2 92 91.8 91.5 91.1 90.1 88.7 85.6 80.1 91.5 91.7 90.3 89.1 86.9 83.8 78.1 68.7 78.2 94.8 101.9 103.8 102.5 101.3 101.1 99.6 98 96.6 96.5 96.3 94.7 90 85.7 86.4 91 91.4 90.4
218.4 213.4 218.8 229.5 237.1 229.4 220.3 215.1 212.6 219.4 230 240.4 232.5 212.8 199.8 193.6 184.7 177.1 172.6 167.6 162.4 157.8 153.3 151.1 149.8 149 145.4 141.7 138.5 136 132.7 129.9 126.6 123 120.1 117.3 114.5 111.8 109.5 106.9 104.7 104.9 101.4 100.2 98.6 96.8 95.8 94.4 93.4 92.9 92.7 92.4 92.1 91.4 90.7 88.5 76.9 82.6 90.1 89.2 88 85.6 83 74.9 68.1 78.7 86.6 98.1 101.3 102.1 101.4 101.1 101.1 100.5 98.2 98 96.5 94.3 89.5 91.4 93.8 95.7 94.9 91.9
210.2 206.3 214 225 226.1 218.2 211.6 207.8 210.8 220.7 234.3 245.8 237.7 217.7 204 192.9 186.7 177.5 173.2 165.6 161.4 156.7 152.5 149.6 146.9 144.4 141.3 137.8 134.5 132.1 130.5 128.4 126.1 122.7 119.6 116.8 114 111.6 109 106.5 104.3 103.5 102.2 100.7 99.3 97.9 96.5 95.1 94.7 93.8 93.6 93.3 93.1 92.1 91.1 89.9 84.1 76.8 85.2 88 84.9 83.4 82 74.9 72.3 82.6 85.3 97.7 102.2 102.7 101.6 101.1 101.1 101.1 98.7 96.3 94.4 90.6 89.5 95.5 96 96.1 96.1 94.3
206.5 201.9 211.4 220.6 216.1 208.7 204.4 204.7 212.6 225.4 239.5 253.5 251.1 232.6 213.3 199.9 190 180.7 173 166.6 159.5 157.6 152.7 147.5 144 141.1 138.3 135 131.6 129.2 128.1 126.5 124.9 122.5 119 115.8 113.5 111.2 108.9 107.1 104.9 103.9 102.6 101.2 99.8 98.4 97.1 95.9 95.5 95 94.5 94.2 93.5 91.7 90.6 89.9 87.8 78.9 74.6 81 76.5 79.1 76.9 68.9 82.9 90.1 95.7 101.6 103.1 103.3 102.2 101.1 101.1 100.1 96.6 93 90.2 89.4 91.9 95.5 95.8 96.1 96.1 95.7
201.9 197.8 203.3 210.7 206.4 201.2 200.6 206.6 217.2 232 246 256.4 255.9 241.8 225.8 208.6 196.4 185.6 177.1 169.6 164.7 159.7 154.7 149.4 143.4 139.4 137.1 134.3 131 128.4 126 125 123.2 121.5 118.9 115.9 113.6 111.2 109.8 108 105.6 104.3 103 101.7 100.3 99 97.6 96.4 95.9 95.5 95.1 94.4 93.6 91.9 90 88.6 87 83.2 73.5 73.5 80.3 73.8 76.7 85.4 92.5 99.1 104.2 104.8 101.4 102.3 102 101.1 99 96.1 94.2 93.7 90.6 93 95 95.7 95.7 96.1 96 96
198.2 194.3 196.5 199.3 198.7 196.3 201.3 210.4 223.3 239.7 253 256.4 243.3 227.4 212.2 203.7 197 187.4 181.9 175.5 169.1 162.1 156.7 150.4 143.8 137.8 135.5 133.6 130.6 128.1 127 126.2 124.7 122.7 120 117.3 114.8 112.4 110.7 108.3 106.6 105.1 103.8 102.5 101.3 99.8 98 96.8 94.2 91.9 93.2 92.8 91.8 89.8 87.6 85 83.7 75.8 78.5 82 84.1 74.3 83.3 89.1 97.4 106 106.1 104.5 101.4 100.2 101.1 99 95.6 93.6 93.9 94.5 96.2 96.9 96.3 96 96 96 95.6 94.4
194.4 191 191 192.9 194.4 197 205.1 215.7 230.8 246.3 253.7 246.9 231.5 213.4 201.3 192 187.4 182.9 181.8 184.9 174.9 164.3 156.7 149.7 143.2 136.7 134.2 132.4 130.6 129.9 129.6 128.6 126.4 123.6 120.7 118.1 115.6 112.7 111.2 109.3 107.7 106.1 105 103.6 101.8 99.9 98 97 95.3 92.9 86.2 90.1 88.8 86.9 85.1 81.5 73.7 79.4 83.9 86 82.3 77.8 83.7 91.2 99.7 106 105.5 104 101.3 98.3 97.7 97.9 97.2 97.2 94.3 94.5 96.9 96.8 96.8 94.9 92.3 94.6 92.4 91.4
190.4 188.1 188.2 190.7 193.6 199.4 210.2 223.1 237.9 252.3 252.6 241.2 218.7 200.4 189.4 182.6 178.8 174.6 172.7 172.7 168.3 161.1 155.3 148.6 142 135.8 133.4 131.8 132.3 133.4 132 129.4 126.9 123.9 121 118.5 116.5 114.4 112.2 110 108.4 106.9 105.6 103.7 101.8 100 98.1 97.3 96.5 94.4 91.6 89 80.8 83.1 77.8 77.4 81.6 85.2 86 86.4 83.2 81.5 83.4 90.2 98.7 105.8 106 104.8 103.2 101.1 101.3 100.9 100.7 98.6 97.9 94.7 91.8 91.8 90.5 88.4 87.2 89.6 88.3 92
188.2 186.8 188.2 190.7 196.2 204 216 230.1 244.9 253.2 251.2 233 212.3 195 186.5 173.7 172.6 168.6 165 163.2 160.5 156.7 151.6 146.7 140.8 135 132.5 130.4 132.2 133.9 131.9 128.7 126.2 123.8 121.4 118.9 115.3 115 112.7 110.2 108.8 107.1 105.2 103.5 101.5 99.9 98.2 98 97 94.6 91.7 88.8 84.2 79.3 80.5 85.1 87.5 88.3 88.7 87.9 87 85.1 83.9 90.1 99.2 105.6 105.9 106.3 104.7 104.2 103.2 101.8 100.8 100.8 98 92.1 88.9 88.2 87.2 85.1 84.8 84.6 86.7 90.1
185.6 186.6 189.8 194.1 201.3 210.3 224 237.7 250.6 251 246.9 225.8 208.9 200.1 187.3 174.5 169.2 163 158.7 154.5 153.2 151.9 146.7 142.4 138.6 133.3 130.2 128.9 128.2 129 129.5 128.1 125.6 123.1 120.7 113.4 116.6 114.8 112.5 110.1 108.6 106.4 104.2 102.6 100.9 98.9 97.1 97.5 96.4 93.9 89.9 86.1 80.8 77.1 88.6 90.7 91.6 92.1 91.4 90.2 89 87.8 84.9 91.7 100.7 106.1 106.8 107.2 106.5 105.2 103.7 102.7 99.7 96.3 92.7 88.5 87.1 85.7 83.5 84.8 84.6 83.8 84.2 85.7
185.7 187.3 193.7 200.7 210.8 221.3 232.8 245.9 249.2 248.4 237.6 217.4 203.9 196.7 183.1 171.8 165.9 159.5 151.8 150.1 146.3 146.7 143 139.7 135.7 130.4 126.5 124.7 122.7 123.6 124.5 126.2 124.9 122.5 114.5 116.5 115.8 114 112.2 110 108.2 105.5 103.2 101.6 100 98.4 95.5 96.5 95.6 91 86.8 82.7 78.6 87.3 92.1 93.7 94.2 94.9 94.2 93.3 92.6 90.2 88.5 94.6 103.6 107.6 108.7 108.3 106.8 105.5 103.8 103.2 100 92.3 86.8 86.2 84.4 82.9 81.8 83 82.7 81.6 81.4 82.6
183.2 191.8 197.9 209.8 223 233.6 242.3 244.3 244.7 240.9 228.9 214.1 200.1 187.8 178.3 171.9 166.9 160 149.4 144.2 142.8 142.4 140.3 137.1 132.2 126.8 123.4 120.6 116.8 116.6 119.6 121.4 123 115.8 116.2 113.1 113.8 113.2 111.4 109.7 107.4 104.7 102.2 100.7 99.2 97.6 95.2 94.2 92.1 86.5 82 79.9 85.2 80.1 88.4 92.8 96.2 97.1 97.7 97.4 94.1 90.7 90.4 97.9 105.9 108 109.6 108.8 107.2 106 102.4 99 92.9 87.6 85.2 84.1 82.2 80.4 79 81.2 80.9 79.8 79 79.2
185.2 195.4 204.9 219.4 230.9 235.4 238 238.1 239.1 236.2 228.3 219.8 214.4 199.5 188.7 175.6 169.7 162.3 154 142.6 141 139.6 137.7 134.7 129.2 124.9 122.3 119.8 115 113.9 115.5 115.9 116.5 118.2 114.9 110.8 110.4 111.7 110.1 108 105.8 102.5 100.9 99.5 98.1 96.7 90.9 90.1 85.2 81.5 81.5 90.6 93.1 90.6 86.5 88.1 95.1 97.8 97.9 98 96 91.5 95.6 103 107.8 109 109.6 108.9 107.6 105.6 100.5 92.1 87.5 85.7 83.7 82 80.6 79.6 79.9 80.1 79.8 79.9 79.7 80.3
188.1 199.5 212.2 226.1 231.8 235.3 233.6 230.4 232.1 236.6 229.6 220.6 210.8 199.8 185.9 177.1 169.6 162 152.8 145.8 142.6 138 135.6 132.1 128 124.9 122.5 119.9 117.3 114.6 111.6 117.2 110.5 112.5 112 109.3 107 108.3 106.3 105.9 102.9 100.9 99.3 97.8 96 92.8 88.7 84 81.3 82.3 87.5 95.2 94.8 93.4 92.2 90.7 89.7 96.4 98.1 98.1 96.1 94.5 101.6 106.5 109.8 110.4 109.7 108.6 105.4 101.8 95.8 89.9 84.9 82 80.7 81.4 80.5 80.4 79.4 78.4 78 78.3 78.3 79.6
192.8 203.9 215.9 226.7 231.9 228.6 224.5 223.1 226.6 234.3 230.1 218.5 203.8 191.1 181.7 174.6 167.3 160 152.8 149.3 145.6 140.5 136.3 132 127.9 124.8 122.4 119.9 117.3 114.4 118 109.6 103.8 104.6 106 106.1 103.4 101.7 99.8 99 97.8 97.3 97 94.8 90.5 85.1 85.1 85.3 84.3 84.2 88.9 96.2 96.8 97.2 97.8 97.2 97 99 98.9 99.2 99.1 101.8 105.8 110.6 111.8 110.8 110.2 105.3 100.5 96.4 91.2 86.9 82.4 79.1 78.8 79.6 79.6 78.7 77.7 76.8 76.5 76.5 77 79.2
195.2 207.8 218.3 224.4 224.2 217.3 214.4 217.9 224.4 230.3 228.9 213.4 200.2 189 181.1 173.7 166.2 158.3 151.8 153.6 146.7 141.2 135.5 131.9 128.1 124.1 121.3 119 116.7 118.7 111.8 109 104 97.6 96.4 97.3 95.2 95.2 92.6 90.4 88.2 88 87.7 85.8 89.4 96.1 95.5 90.9 87.7 88.2 93.5 98.1 98.9 100.7 102.5 102.1 102.2 102.8 102.5 102.6 104.9 109.5 113 113.1 112.3 111 106.8 101.4 95.3 91.6 88 83.6 79.2 75.1 77.5 77.8 77.6 76.7 76.1 74.3 75.2 75.4 77.4 79
198 209.9 217.9 221.6 216.6 211.9 206.2 217.7 222.3 230.7 225.4 209.7 195.9 186.6 179.9 172.6 164.6 156.6 149 147.5 143.5 138.8 133.2 129.5 128 124.1 120.8 118 118 113.4 111.5 108.3 106 101.5 94.6 97 96.2 98.8 100.2 100 99.2 95.9 89.1 96.5 99.3 99.1 100.9 97 91.8 91.9 99.1 100.8 102.2 103.6 105.2 106.4 107 109.3 110.3 109.7 111.3 115.3 115.8 113.4 110.6 107.1 102.2 97.3 91.2 87.5 83.6 80.3 75.9 73.7 73.1 76 76 77.1 76.6 75.9 74.8 75.4 76.8 77.8
197.9 210.3 217 216.3 210.9 207.3 201.5 214.4 219.8 225 219.2 205 193.1 184.5 176.9 168.8 161.3 154.1 146.9 140.3 138.2 134.9 129.9 127.6 126.5 123.8 120.4 118.3 115.8 113.9 111.7 109.5 104.8 97.5 100.8 102.4 103.9 104.4 103.7 102.4 100.3 92.2 97.8 100 99.6 99.2 100.7 103.8 102.1 100.8 102 102.3 104.2 107.6 110.3 112.2 114.5 117.7 118.7 116.6 116.6 116.2 115.3 111.3 106.9 102.6 98 92.2 87.6 84 79.9 75.8 74.1 75.1 74.2 73.2 75.1 75.3 75.4 76.3 76.1 72.1 76 76.1
199.1 211 215 211.7 207.5 199.8 199.8 210.6 213.6 215.3 210.4 201.2 192 182.8 175 167.2 160 152.4 145 136.3 132.8 129.2 126.4 125.6 124.4 123.4 120.7 117.1 115.2 113.2 110 106.3 100.1 100.1 103.8 106.4 106.7 105 103.9 102.5 96.4 98.9 100.9 101 100.5 99.8 99.7 102.8 104.4 102.9 103.7 103.5 106.3 110.4 116.1 120.2 122.9 123.3 122.1 120 117.4 115.2 110.7 106.8 102.2 98 93.8 89.2 84.6 81.5 78.3 76.3 77 76.7 75.7 71.8 73.1 74.4 75.3 76.3 75.9 70.1 73.3 74.2
201.8 207.6 208.7 206.6 202 194.8 196.7 204.3 207.6 206.2 202.6 197.9 190.8 183.1 175 167 159.1 151.6 146.1 139.2 133.2 127.8 124.8 120.2 122.1 123 118.4 116.4 114.4 109.8 104.8 97.5 104.1 107.8 108.1 108.3 107.6 105.6 104.3 100.6 100.5 102 102.4 102.3 101.5 100.8 100.3 100.8 102 101.6 101.5 104.4 106.1 109.5 116.9 123.9 124.9 123.8 120.6 118.4 113.1 108.6 104.6 101.8 97.9 94.4 90.8 87.6 84.2 81.2 79 79.4 80.2 78.3 76.3 74 71.8 72.7 73.8 73.2 74.4 70.1 74 75.1
202.4 203 200.7 197.9 196.8 189.5 190.5 198.7 201.8 201.5 198.7 194.4 188.8 182.2 174.6 166.5 158.7 153.4 148.3 141.4 133.7 127 122.4 118.2 123.6 117.7 117 114.9 111.1 102.6 101.4 107.4 110.5 111.7 110.9 109.3 108.8 106.8 104.1 103 104.1 103.5 103.9 103.2 102.5 101.8 101.1 100.3 100.3 100.2 99.9 102 103.9 107.2 111.8 116.7 121.3 122.7 119.5 113.6 107.2 102.4 98.5 97.1 96.2 93.3 89.8 87.2 84 82 80.2 80.8 80.9 79.2 77 74.7 71.8 69.3 69.1 69.3 73 70.1 74 75.7
201.3 197.7 192.3 189.2 187.8 184.1 183.3 189 194.2 196.9 196.7 194.7 188.8 181 173.2 165.8 160.2 155.5 149.2 140.4 132.2 126 123 120.2 117.3 112.2 112.3 107.7 101.2 106.7 111.6 113.4 115 115.5 113.9 110.9 110 107.9 106.7 106 105.6 105 104.9 104.1 103.3 102.6 102 100.6 99 98.7 98.3 98.5 100.4 102.9 106.3 110.5 112.7 113.9 113.9 108.9 101.1 96.4 93.2 93.1 92.6 91.6 89.4 86.8 83.7 82.5 81.7 79 79.2 79.7 78.5 76.9 75.7 74.6 74.5 70 64 74.1 74.1 76.3
196.5 191 183.8 181.5 180.8 181.4 183.8 190.1 194.5 197.9 199.4 197.4 192.2 184 174.4 169.2 162.2 154.4 146.2 136 129.6 124.6 122.5 122.1 117.3 113.7 107 107.4 111 115.4 116.8 117.8 118.7 119.3 116.9 114 111 109.9 109.3 108.2 107.1 106.5 105.8 105 104.1 103.2 102.2 100.8 98.1 95.4 95.2 95.4 95.2 95.4 100.4 104.3 106.4 106.4 104.4 102.1 96.7 92.8 91 92.4 92.3 91.8 89.9 86.7 83.9 83.1 81.7 79.7 78.7 79.4 79.2 78 76.1 75.1 75.2 72.9 64 74 75.7 76.5
194.5 188.3 180.1 177 176.6 181.1 188.4 194.8 197.7 201.1 200.6 198.8 193.3 183.9 171.9 157.3 154.5 146.6 139.5 134.3 127.8 124.3 125.5 118.5 114.6 107.7 112.2 115.5 117.4 119.9 121.3 122.3 121.7 122.1 119.4 115.9 112.8 112.9 112.4 110.2 108.5 107.6 107 106.5 105.9 104.6 102.9 100.4 97 93.8 91.5 90.4 89.4 89.3 93.4 98.7 99.7 99.7 98.1 96.3 93.5 90.1 90.1 92.2 91.7 91.3 90.7 87.9 86.4 85.5 83.4 80.6 78.8 77.5 76.7 75.3 74.2 74 73.7 73.5 64 73.6 75.9 78.3
194.5 187.8 178.2 174.7 174.4 180.4 189.2 198.5 202.3 203 200.2 194.8 188.3 178.7 167.5 155.1 144.1 137.6 133.7 131.4 127.6 124.9 120.9 115.7 111 112 118.9 119.5 121.9 125.5 127.1 128 127 124.6 122.4 117.7 115 115.5 114.6 112.6 110.4 109.1 108.7 108.3 107.2 105.1 102.6 100 97.6 94.3 90.5 86.9 85.8 85.3 87.5 91.3 95 94.3 92.8 90.4 88.1 87.9 88.8 90.8 91.3 90.8 91.5 91.8 89.7 88 84.7 81.3 78.1 75.9 74.2 72.9 71.5 72 72.3 71.9 64.2 73.8 74.7 76.8
194.9 189.1 178.8 173.2 172.1 178.5 188.2 199.3 204.9 204.6 200.2 191.1 184 176.4 166.5 159.5 148.6 140.3 134.5 130 126.7 127.7 118 111.1 115.9 119.9 121.9 122.4 126.2 130 133 133.7 133.9 130.8 126.5 122.5 119.4 119 117.9 115.9 113.1 111.1 110.1 108.8 107.6 105 102.2 99.7 97.2 95.2 93.4 91.1 86.7 83.8 82.9 85.8 89.4 90.7 90.3 87.3 86.6 85.5 86 88.6 91 92.7 94.3 95.2 93.8 90.1 85.9 81.5 77.1 74.8 71.9 70.1 68.8 65.1 65.2 65.7 65.5 69 71.1 71.6
