app/static/ascii/SW73.asc
ncols 200
nrows 200
xllcorner 170000
yllcorner 30000
cellsize 50
[rows 0 to 35 of 200, columns 0 to 79 of 200]
211.9 211.4 210.7 209.2 208.3 208.3 207.8 209 209.2 208.8 209.5 208.7 206.5 204.1 201.1 198.3 195.6 188.9 186.4 182.9 176 169.6 161.9 153.8 147.3 142.2 137 132.3 128.2 124.4 120.9 118.3 115.2 113.5 110.9 108 107.1 105.6 104.6 103.3 101.4 95.9 92.2 90.6 89.4 89.7 91.5 91.3 88.4 86.2 85.2 83.8 83.9 83 81.6 81.2 78.6 76.2 73.7 72.2 71.4 71 69.4 68.6 68.4 67.3 66.1 64.2 62 60.9 60.2 59.6 59.2 59.9 63.8 67.8 71.1 74.2 76.3 80.1
215.8 213.6 212.8 212.1 211.8 211.9 212.2 213.2 213.3 212 210.5 209.9 207.8 205.7 203.4 200 196.7 193 189.6 184.9 179.6 171.8 163.6 155.6 148.3 142.8 138 133.3 129.1 124.5 121.2 117.5 115.1 114.2 112.5 111.9 110.3 110.6 109.6 107.3 103.2 98.4 92.8 90.7 88.6 87.5 86.1 85.3 83.4 82.4 81 79.5 77.8 76.6 75.6 73.9 72.2 72 71.6 70.3 69.1 68.1 67.4 66.7 65.9 64.7 63.6 63 61.7 60.9 60.4 60.3 60.1 63.2 67.1 70.8 74.9 77.8 78.9 82.2
219 215.8 215.4 214.9 214.8 214.8 215.2 215.2 214.6 213 211.7 209.8 207.8 205.8 203.4 201.6 199.4 196 192.1 187.7 181.7 173.3 165.7 158 150.7 144 139 134.1 130 125.3 120.9 119.6 118.3 117.3 117.1 116.3 115 115.1 112.8 109.5 105.3 102.1 96.9 92.9 88.8 87.3 86.9 84.3 82.9 81.6 80.8 79 77.1 75.7 74.8 73.4 72.5 72.2 71.6 70.4 68.6 67.9 66.8 66.4 65.4 64.1 63.4 62.9 62.3 61.7 61.6 61.7 64.4 67 69.9 73.4 76.7 80.3 82.1 83.8
220.1 220.1 219.6 218.9 218 216.6 216.7 215.7 214.9 214.2 211.7 209.5 207.8 206.9 205.8 203.9 202 199.1 195.3 191.3 185.3 177.5 169.5 162.4 154.3 147.3 140.7 134.9 130.8 125.3 124 123.4 123.4 122.4 121.9 120.4 119 118.1 114.9 111.7 107.7 103.9 100.1 95.7 92.5 90.3 89.9 85.9 84.4 83.1 81.6 79.8 78 76.8 75.8 74.4 72.7 72.1 71.1 70 68.7 67.7 67.2 66.2 65.6 64.8 64.1 64 63.9 63.2 63.2 64.6 68.5 71.5 74.2 76.4 79.2 81.8 83.3 84.9
222.3 222.2 222.1 221.2 219.8 218.4 217 215.1 214.6 213.1 211.8 209.9 209 208 207.1 206.2 205 203.1 199.7 195.2 190.5 183.1 173.1 168.7 159.8 152 143.2 136.1 129.7 128.2 128.7 128.7 128.1 127.4 125.9 123.9 119.4 117.3 115.1 111.6 108.9 106.2 103.5 99.5 96.6 95.4 93.3 91 87.4 85.7 83.7 82.1 80 77.9 77.2 76.2 75.3 74.7 73.4 72 70.3 68.9 69.3 69.7 67.4 65.9 65.4 65.3 65.3 65.1 65 66.9 70.3 73.5 76.8 78.7 82.1 84.1 85.3 86.6
225.3 224.8 224.3 222.3 220 217.8 215.8 214.9 214.9 214 212.1 210.1 209.1 208.1 207.2 207.1 205.9 204.1 201.8 196.7 193.1 185.7 176 170.8 163.7 155.8 148.4 135.9 132.5 131.8 132.8 132.9 132.3 131.9 129.9 127.8 123.7 118.2 115.4 113.8 112.7 109.6 107.1 104.2 100.7 99 96.9 94.1 90.7 88.1 86.2 83.9 81.7 81.6 81.1 80 79.3 80 79.1 77.9 77.8 77.9 77.4 75.5 73.5 70.3 67.2 66.8 66.7 66.6 66.6 68.5 71.3 74.6 77.2 82.1 85 86.4 87.6 88.2
228.4 227.8 226.5 223.8 221.2 218.9 216.6 215.6 214.9 213.2 212.4 210.2 209.2 208.3 207.2 206.9 205.7 204.5 202.2 199.3 194.8 188.3 178 173 161.6 153.9 145.8 138.3 136.4 137.1 137.3 137.2 138.1 136.7 134.6 132.1 129.5 126 123 120.3 117.5 114.3 111.1 107.7 104.6 102.1 99.5 97 94.5 91.9 89.1 86.3 84.8 83.8 84.4 85.1 85 83.6 84.5 83.7 82.8 82.2 82.1 79.8 76.8 72.9 69.5 68.6 68.4 68.4 68.8 70.1 72.3 75.2 78.2 82.4 86 88.5 89.3 89.1
231.5 230.5 228.7 225.4 222.2 219.9 217.6 216.3 214.9 213 211.6 210.4 209.4 207.9 207.4 205.9 205.2 203 201 197.5 192.6 187.1 178.4 167.8 159.1 148.5 145.1 144.2 143.4 143 143.8 144.1 144.2 142.7 140.6 138 133.3 130 126.8 123.2 120.2 117.4 114.2 112.6 108.5 105.2 102.4 100 97.5 94.9 91.7 88.3 86.9 87.3 88.8 89.6 90.3 89.6 88.7 87.8 86.9 85.9 84.9 82.1 79.1 75.4 71.8 70.8 71.1 71.3 72 72.6 73.9 76.4 79.5 83.2 86.9 90.3 91.3 91.5
233.2 232.2 230.1 226.8 223.3 221 218.7 216.9 214.9 213 211.1 210 208.7 207.4 205.8 204.7 203.2 201.4 198.6 194.9 190.1 184.4 172.8 165.1 156.3 155.7 153.3 152.1 152.1 154.5 155.3 155.3 152.9 151.6 148.5 144.6 139 134.8 130.8 127.5 124.5 121.1 117.9 116.2 112.7 109.5 106.1 103.2 99.9 97.9 94.4 90.9 91 92.3 94.2 94.4 94.9 94 92.8 92 90.9 89.3 87.1 84.3 81 76.8 74.5 73.1 73.9 74.5 75.1 76 76.9 78.7 81.3 84.5 88.2 91.5 93.3 93.3
234.5 233.4 231.6 228.6 225.5 222.4 220.2 217.7 215.4 213.6 211.8 209.6 207 204.9 203.4 201.9 200.3 198.2 195.1 191.3 184.5 176.3 171.4 170.4 167.6 164.7 161.1 160.9 163.8 167 166.1 166.5 164.4 161.1 158.1 153.7 149.1 143.5 137.8 132.9 129.9 126.7 123.6 120.3 117.3 113.9 110.1 106.6 105.1 100.1 97.4 94.1 94.9 97.2 100.1 100.7 101 99.1 96.9 95.8 94.5 92.7 89.6 86.4 81.8 79 77.6 77.9 77.7 77.9 80 81.3 81.8 82 84.2 86.8 89.6 92.6 95.4 95.7
234.7 233.4 232.2 230.3 227 224.7 222.3 219.6 216.6 214 212.3 209.1 206.3 203 201.2 200.5 196.8 194.7 191.3 186.2 183.3 182.4 182.4 180.4 176.7 172.6 168.9 169.7 174 176 176.8 175.7 172.9 169.5 166.3 163.5 158.1 152.4 147.1 142.1 137.6 133.5 129.6 126.9 124.7 120.4 114.1 110.1 108.2 103.7 100.3 97.7 99.6 103.2 106.2 107.8 108.1 106.8 105.1 103.2 99.6 97 93.5 88.2 84.5 82.7 86.5 85.6 82.9 84.1 85.5 86.1 86.6 86.6 87.4 89.8 92.9 95.6 98.6 99
233.7 233.4 232.4 231 228.6 226.2 222.9 220.2 217.8 215.1 212.1 208.5 205.5 202.5 198.2 195.7 196.3 193.5 194 192.7 191.9 190.9 189 186.9 183.9 180.3 178.7 179.8 182.5 182.8 182.1 179.9 177.4 174.9 172.8 170.4 166.8 161.9 156.5 152.1 147.6 141.8 139.2 137.1 133.7 127.5 121.2 116.5 112.7 107 103.6 102.9 105.2 108.9 112.2 113.8 115.2 115 113.3 110.5 104.3 100.2 96.7 92.6 88.8 90.7 91.6 90.4 90.2 90.5 90.5 90.9 91.4 91.8 92.8 95.1 98 100.7 102 102
232.6 232.5 231.7 230.8 228.6 225.8 221.9 219.5 217.6 215 211.6 208.2 205.2 202.9 200.6 199.8 199.4 199.5 198.6 198.5 197.2 195.7 193.9 191 188.1 185.8 185.6 185.9 186.9 186.5 185.4 183 180.4 179.2 177.3 175 172 168 165.4 162 157.2 155 151.9 147.9 141.6 134.8 128.2 122.8 117.6 112.9 108.3 107.3 110.2 114.1 118.1 120.2 121.3 120.7 118.2 113.3 104.3 101.9 98.9 93.8 95.6 97.1 96.6 95.5 94.2 93.8 95.9 96.2 96.3 96.3 98.5 101.3 102.9 104.8 105.3 104.9
230.7 230.4 229.8 228.8 226.6 224.4 220.9 218.9 216.8 214.6 210.9 208 205.3 203.8 204 204.2 203.5 203.4 203 202.7 201.4 199.1 196.4 193.8 191.1 188.8 188.4 188 188.2 188.3 187.1 184.9 182.4 181.5 180.5 178.8 176.3 172.8 170.7 169 166 163.6 161.1 155.7 149.7 143.1 135.4 129.3 124.7 118.5 114.1 114.8 114.7 118.5 122 124.4 124.9 123.8 120.6 117.3 105.9 102.9 101.8 99.9 101.9 101.8 100.3 97.5 96.7 97.3 99.4 100.1 99.3 100.5 102 104.3 105.6 107.2 107.5 107
227.2 227.5 227.3 226 224.3 222 219.5 218 215.9 213.7 211.1 208.2 206.4 205.6 205.2 205.8 206.6 206.8 206.7 205.3 204 201.3 198.4 195.2 192.1 189 188.7 188 187.8 187.8 188.1 187.1 184.8 183.2 182.6 180.9 179.1 176.3 174.6 172.3 170.8 168.3 165.9 160.9 158.2 150.2 143.4 136.5 131.9 123.9 123.5 124.1 122.9 123 125.7 127.4 127.7 126.2 123 119.1 113.9 108 105.5 107.5 107.1 106 104.4 102.3 100.2 100.4 101.8 103 103.3 104.8 106 107.4 107.8 108.5 108.6 108.5
224.2 224.8 224.2 223 220.9 218.8 217.2 215.4 215 212.2 211.1 209.1 207.9 207.4 207.3 208.5 208.4 209.1 208.8 207.4 204.9 201.8 198.2 194.8 191.6 189.2 188.1 187.2 187 187.5 188.2 187.8 187 185.5 183.3 181.6 180 178.3 176.5 174.3 173.3 170.9 168.4 166.2 162.2 157.6 150.7 144.7 138 129.8 133 133.3 131.3 129.5 129.6 130.7 129.9 128.3 125.3 120.7 116 111.7 112.7 113.6 113.2 111.4 109.3 106.5 104.1 104 104.9 105.8 106.1 107.5 107.7 108.1 108.6 108.5 108.5 107.7
221.7 221.9 221.6 220.1 218.3 216 214.3 213.3 214.6 212.1 210.7 210.1 209 208.8 209.5 209.7 209.6 210.4 209.4 207.6 204.4 200.1 196.9 193.8 190.7 188.2 186.3 186.6 186.6 187.3 187.9 187.1 186.5 185.3 182.9 181.7 180 178.4 176.7 174.6 171.9 171.9 169.7 167.3 163.8 159.7 155.5 150 142.8 139.9 143.4 138.8 137.4 134 132.9 133 131.9 129.7 127 122.5 117.3 116.3 116 115.2 114.6 113.3 110.9 109.6 107.2 107.6 107.9 108 107.9 108.1 108.2 108.4 108.6 108.4 106.7 105.1
218.9 218.9 218.9 217.3 215.5 214.1 211.4 211.4 211 211.1 210.7 209.9 209.7 209.3 210.4 210.5 210.6 210 209 206.5 203.1 198.3 195.4 192.6 189.8 187.1 184.5 184.1 184.9 185.6 186.4 186.5 185.4 183.8 182.6 181.3 179.6 177.7 175.8 173.8 171.4 170.2 168.8 166.9 164.4 160.4 157.7 152.3 147.4 150.8 149 144.9 140.9 137.1 135.2 135.1 133.5 131.1 127.6 122.2 120.4 120 119.5 118.7 116.8 113.7 111.8 110.3 108.2 107.6 107.7 107.8 107.6 107.2 107.5 107.9 108.2 107.9 105.9 103.9
215.9 216.4 216.6 215 214.4 213.1 211.1 209.9 208.6 209.6 209.2 208.7 207.9 209.1 209.4 209.4 209.6 208.9 207 204.6 200.5 196.9 194 191.2 187.5 184.7 182.3 182.8 183.4 184.2 184.8 184.4 183.8 182.5 181.3 180.1 178.5 176.6 174.7 172.6 170.6 168.6 167.1 165.7 163.8 162 159.1 155.5 154.2 154.2 151.7 147.1 143.5 140.3 138 137.1 134.8 131.3 127.4 125.1 125.1 123.8 123.1 120 117 113.9 111.6 110.3 108.8 107.8 107.6 107.5 107.2 106.8 106.5 106.9 107.3 106.7 104.6 102.6
212.7 213.8 214.1 214.2 213.6 212.1 210.2 208.2 206.3 206.6 206.9 207.1 206.7 207.4 208 207.9 207.4 206.4 204.3 201.2 198.1 195.2 192.1 189.5 186.4 182.2 180.4 180.9 181.6 182.8 182.9 182.4 182.1 181.5 180 178.9 177.5 175.5 173.5 171.4 169.4 167.3 165.5 164.1 162.4 161.5 160.6 158.4 158 155.9 152.8 148.6 145.3 142.6 140.6 138.5 135.2 131.2 129.9 130.2 129.3 127.1 123.5 120.4 117.3 114.3 112 110.5 109 107.8 106.9 106.5 106.3 105.9 105.1 104.7 105.4 105 103.2 100.6
211 212.4 213.2 213.5 212.7 210.8 208.5 206.4 204.5 204 204.5 204.8 205 205.3 205.1 204.8 203.7 203 201.4 198.8 195.8 192.2 189.9 187.5 185 182.1 178.7 178.6 180.3 181.3 181.2 181.1 180.9 180.8 179.9 178.2 176.5 174.4 172.3 170.2 168.2 166.1 164.1 162.4 161.2 160.2 159.4 159.9 159.4 157.3 153.5 149 145.5 143.2 140.9 140.4 136.2 136 135 134.7 133.4 130.3 125.2 121.8 118.7 115.5 111.8 109.8 108 106.7 106.3 105.6 105.1 104.8 103.2 101.9 102.5 102.7 100.8 98.2
210.3 211.3 212.2 212.2 211.7 209.6 207.2 204.8 202.6 199.3 199.7 200.5 201.3 201.3 200.1 199.5 199.3 198.6 197.5 195.7 192.7 189.4 187.7 185.5 183.2 180.1 176.5 176.5 179.2 180 179.8 179.7 179.5 178.9 178.3 176.6 174.6 173.1 171.1 169 167 164.9 162.9 160.8 160 159.2 159.6 160.5 160 156.8 154.1 149.9 145.8 142.8 141.6 141.3 140.2 140.5 140.3 139 136.9 133.5 128.3 123.6 120.1 116.5 111.6 108.2 106.3 104.6 104.2 104.2 103.8 103.3 101.8 99.3 97.1 97.5 97.2 95.5
209.5 210.2 211.2 211 209.8 208.1 205.6 202.3 199.1 196.8 195.4 196.1 196.6 195.1 193.7 194.1 194.2 193.9 193.2 191.3 189 186.6 184.9 183 180.2 176.9 173.5 175.1 177.3 178.5 178.2 177.9 177.7 176.6 175.4 174.8 173.4 171.9 170.3 167.7 165 163 160.8 159.1 158.4 158.9 160 161.1 160.3 157.8 155.4 151.5 147.3 144 141.5 141.2 142.5 144.9 144.8 142.6 140.2 136.6 131.9 126.2 121.7 116.2 111.5 108.1 104.7 102.7 102.3 102.4 101.1 100.9 100.1 97.9 94.5 91.8 91.6 91.3
209 209.2 209.6 209.5 208.2 205.6 202 197.8 195 194.3 192.2 191.7 190.8 190.4 189.3 188.1 188.2 187.8 186.9 185.8 184.3 182.3 180.7 178.7 174.8 172.1 170.4 174.8 177.5 177.8 176.6 176.1 174.9 174 173.5 173.3 172.5 171.1 169 166.3 163.5 160.7 158.4 157.4 157.6 160.2 161.6 162.3 161.3 159 156.5 152.9 148.8 145.3 141.9 142.6 145.5 147.6 147.6 145.6 142.7 138.8 133.8 127.5 122.8 116.8 111.5 108.2 104.9 102.1 100 98.8 97.8 98.4 97.2 94.8 91.5 88.2 87.2 86.9
205.6 205.8 207.1 206.4 203.7 200.8 197 193.4 191.6 191.7 191 189.6 188.8 187.5 186.7 185.7 184.4 182.1 182.4 181.6 178.1 176.4 174.7 172.4 170.1 169 169.8 174.6 176.7 177 175.9 174.3 172.5 172.2 171.7 171.5 171.5 169.6 167.1 164.6 161.8 158.9 156.2 154.7 158 161.1 162.9 162.8 162.1 160.1 157.7 154.5 150.9 146.6 142.7 144.5 146.6 148.8 149.3 147.7 144.4 140.2 134.9 128.5 123.1 116.8 111.1 108.1 105.5 102.9 101 98.6 97.5 95.7 93.3 91.8 89.3 86.6 84.4 83.4
203.1 203.2 202 201 199.3 197.8 196.9 195.1 193.2 191.4 190.6 188.8 188.1 189.8 190.2 188.6 187.3 185 184.6 183.9 180.7 178.8 176.9 174.7 170.5 167.8 168.6 174.3 176.1 176.3 174.6 172.2 169.5 168.3 168.7 168.7 168.8 169.3 167.3 164.5 161.5 158.9 154.7 154.9 158.5 161.9 163.4 163.6 162.7 161 158.5 154.7 151.2 147.7 144.6 144.2 147.2 149.5 149.7 148.1 145.3 140.7 135.4 128.8 121.8 114.6 110.4 107.9 106.8 105.8 104.9 103.3 101.4 97.7 94.6 93 89.8 86.7 84.7 83.4
203.8 203.7 204.2 204.6 205.6 205.1 202.4 200.3 197.8 194.5 191.6 190.4 189.7 191.2 192.8 192.8 192.5 190.8 190.5 188.4 186.3 185.9 183.2 179.6 174.7 168.5 168.1 172.9 174.8 174.5 173 170.4 167.5 163.8 163.4 165.3 166.7 168.2 166.9 165.2 161.9 158.4 153.9 152.6 158.1 161.6 163.3 163.4 163 161.4 158.6 154.9 151.1 148.1 145.7 145.4 147.7 149.9 150.3 148.6 145.2 140 135.2 127.9 120.9 113.9 111.4 111.7 111.2 110.9 110.4 108.9 107.5 104.7 100.1 96.7 93.6 89.1 84.9 82.6
206.1 206.9 209.3 209.9 209.1 205.1 205.5 206.1 204.1 198.1 195.4 192.8 192.3 192.4 193.9 195.2 195.6 197.8 197.4 195.7 194.3 191.1 185.8 180.8 176.1 168.2 166 171 172.7 172.2 170.4 167.5 164.5 161.3 158.1 160.4 164.4 166.3 166.1 164.2 162 158.4 152.2 150.3 155.8 160.4 162 162.1 162.3 160.1 157.8 155.2 151.5 149.3 147 145.6 147.7 150.2 150.2 148.7 144.7 139.9 134.4 127.8 120.3 115.2 115.3 115.8 115.5 115.5 114.6 114 112.2 110 106.2 102.1 98.1 93.6 88.2 83.5
207.6 208.3 211.1 213.8 208.4 212.7 215.8 213.9 210.3 205.7 199.5 195.1 193.9 193.2 194.6 196.6 197.9 200.2 201.2 200.2 197.5 192.5 186.5 180.6 174.1 166.9 163.8 168.3 169.7 169.5 167.6 164.6 161.1 156.6 153.1 155.4 160.3 163.8 164.4 163.1 161 157.3 150.9 148.4 153.1 157.7 160.1 161 161.2 159.6 157.2 154.9 152 150.1 148.1 147.1 148.1 150.5 150.4 148.4 144.4 139.6 132.3 125 118.2 117.9 119.1 119.3 119.3 119.4 118.2 117.1 115.8 113.6 110.3 106.3 102.2 97.6 92 86.7
208.1 210.6 214.2 217.6 219.7 220.2 219.5 216.9 213.6 208.6 201.8 197.5 195.1 194.2 194.8 197.3 200.1 202.3 203.6 202.2 199.5 194.3 188 179.5 172.1 165 162.6 164.5 166.8 166.7 164.6 161 155.1 149.3 147.2 147.9 154.2 160.1 162.1 161.5 158.6 155.2 150.3 146.1 150 154.6 157.4 159.3 160.1 160.1 157.5 154.9 154 152.1 150 149.6 150 151 150.4 148.2 144.5 138.4 128.7 121.9 121.8 122.4 122.8 123.2 124.4 123.8 122.7 120.6 118.5 116.8 113.6 110.4 106.1 100.9 95.7 90.5
210.2 212.7 216.9 221.1 222.3 222.6 221.6 218.6 215.1 210.7 204.5 199.4 196.7 195.7 196.2 198.9 201.7 203.1 203.1 202.3 199 193.7 187 178 169.7 164.5 160.2 160.6 163.5 163.1 160 153.4 149.8 152.2 150 146.9 148.1 155.7 157.7 157.5 155.1 151.1 146.1 145.3 148 152.6 155.5 157.7 159 159.5 158.3 157 156.8 156.3 155.5 154.5 152.5 152.1 150.1 146.3 143.9 136.3 127.7 125.8 126.9 126.9 128.4 129 130.3 129.4 127.3 124.3 121.6 119.7 116.7 112.9 108.6 104.9 99.9 94.8
211.5 215.5 219.4 222 223.3 223 221.5 218.3 215.8 212.1 207.4 202.3 198.6 197.9 197.7 199 201.5 202.2 202.1 200.6 197.8 192.5 183.6 174.4 167.9 163.1 158.9 158.3 158.5 157.3 153.4 153.7 156.9 159.7 155.3 148.1 146 148.8 152.3 151.8 149.5 145.8 145 144.5 145.9 150.3 153.4 156 157.9 159.1 158.4 158.7 159.1 158.6 158.5 157.4 155.4 152.8 149.9 145.8 141.3 135.8 133 133.4 133.9 134.3 136 137.2 136.9 135.2 131.9 128 124.7 122.7 119.7 115.8 112.7 109.2 104.7 100
212.1 216 220 221.9 222.3 221.4 219.8 217.7 215.3 212.4 208.2 205.5 201.4 200.3 198.9 199.8 200.8 200.8 199.8 198 194.6 189.1 180.5 171.6 165.9 161.2 159.4 157.5 156.2 155.3 157.2 161.6 162.7 160.6 157.1 150.8 145.3 144.8 144.8 144.7 144.4 143.7 142.9 142.8 143.9 146.9 151 154 156.9 158.8 159.1 159.7 160.4 160 159.7 158.6 156.4 153.6 149.7 145.4 141.1 137.8 138.7 140.5 142 143.4 144.5 144.4 143 140 136.2 131.8 129.1 126.7 123.2 120 116.9 113.5 109 104.8
212.8 216.7 219.4 220.7 220.5 219.4 217.7 215.9 213.5 211.7 209 206.5 203.7 201.9 200.2 200 198.4 198 196.5 193.7 190.7 185.1 175.6 170.4 164 160.8 158.8 157.9 158.7 161.4 165.3 164.7 163 160.6 156 150.4 145.8 144.6 143.7 143.7 142.3 141.6 141.3 141.2 141.3 143.5 147.6 152 155.2 157.3 159.1 160 160.3 160.2 159.9 159 157 154.1 151.1 147.1 142.8 142.6 144.6 147.1 149.1 149 149.3 148.5 146.7 144.3 141 138.4 134.9 133.2 129.8 126.1 122.3 118.2 113.5 109.4
213 215.7 217.4 218.2 218.4 216.9 214.5 212.9 211.5 209.5 208 205.6 203.5 201.6 198.8 196.7 195 194.1 192.1 189.2 186.4 178.5 174 167.5 162.6 162.4 159.8 159.3 160.5 164.8 164.6 164.1 162 158.5 155 151 147.1 145.4 145.1 143 142.2 141.9 140.8 140.7 140.1 140.8 145.4 150 152.9 155.1 157.4 159 159.5 159.3 159.2 159.1 156.7 154.6 151.5 148.5 145.9 146.2 149.4 152.1 152.3 152.2 152 150.2 149.3 147.1 145.6 143.1 140.8 138.2 135.6 132.2 127.7 123 118.5 113.8
212.1 213.7 215 215.2 215.1 213.5 211.1 209.8 208.5 207 205.5 203.9 201.4 198.4 195.4 193.2 191.5 189.4 186.7 183.8 178.5 175 171 165.6 162.7 161.2 159.6 160.3 160.3 163 164 162.9 160.8 158.3 157.1 156 152.2 150 146.5 143.5 142.4 141.9 141 140.5 139.8 139.7 143.3 146.9 150.4 152.7 155 157 158.2 158.6 158.6 158.5 157.9 155.1 152.1 149 148.4 149.9 151.8 153.1 153 152.6 151.6 151 150.8 149.7 148.5 146.9 144.3 142.7 140.1 136.1 131.8 127.2 122.6 117.6
