app/static/ascii/SW83.asc
ncols 200
nrows 200
xllcorner 180000
yllcorner 30000
cellsize 50
[rows 38 to 75 of 200, columns 86 to 171 of 200]
23.2 24.3 28 35.4 44.9 52.7 54.8 54.3 57.8 64.3 66.3 66 65.7 64.2 61.9 59.4 56.5 52.9 49.9 53.5 59.9 65.2 69.3 69.9 68 63.4 55.7 39.1 30.9 35.6 48.3 52 51.1 46.4 38 29.2 29.5 26.6 24.7 25.6 21.3 21.4 21.9 22.3 22.4 21.9 23.7 24.2 25.7 26.8 30.8 35 36.9 44.4 49.7 51.5 54.3 58.3 61.6 63.3 63.8 61.6 61.8 61.9 60.3 58.1 54.3 50 45.8 42 45.1 47.8 50.1 46.4 43.3 45.4 51.5 55 57.8 59.3 60.3 60.6 60.2 58.7 55.9 53.3
34.9 37.1 39 35.3 37 41.5 45.3 48.9 55.8 61.5 64 64 63.7 62.5 60.3 57.3 54.7 52.4 52.5 58.5 62.8 66.9 68.9 70 68 63.6 57.4 42.2 29.9 30.7 38.8 43 43.9 41.7 34 24.6 23 21.8 21.4 21 21.7 21.1 21.1 23.1 29.2 27.8 26.3 26.7 27.8 29.7 35.4 41 41.9 42.9 50 54.5 57.2 60.1 63.4 64.8 65.7 63.3 63.9 63.1 61.4 58.4 54.7 50.4 46.6 42.9 46 50 50.7 48.6 44.5 48.3 55.6 58.1 60.3 61.4 62.6 63 63.1 61.7 58.8 57.4
50.9 53.8 54.9 51 47.4 45.9 47.6 48.9 57.1 62.8 64.1 63.1 62 60.8 57.7 54.5 53.6 53.9 57.3 63.2 66.7 67.5 68.7 69.1 67.4 63.4 57.8 49.5 39.1 30.1 26.5 29.1 29.3 29 23.9 20.2 19.7 21.8 27.6 30.4 30.5 25.9 28.5 32.2 32.6 30.7 30 31.2 31.8 36.9 45 48 48.5 45 50.2 56.3 60.2 64.7 66.1 67.6 67 66.3 65.7 63.9 61.5 58.1 54.3 49.9 45.3 44.8 47.4 51.3 51.8 50.2 45.6 49.9 54.3 56.9 60 62.2 64.1 65.7 65.5 65.1 63.1 63.7
60.5 65.1 63.2 59.7 58.2 55.2 50.7 49.5 62 64.1 64.8 64 62.6 63.1 59.8 57.7 58.7 59.9 62.4 66 67.1 67.7 68.1 67.2 66 63.8 61.5 57.6 53.2 45.1 36.2 27 24.2 21.5 18.2 19.8 26 33.1 39.9 40.6 36.9 31.8 35.6 37.5 36.8 32.3 32.2 33.3 38.9 48.4 53.7 55.1 52 48.7 51.3 57.9 66.2 69.9 71.2 70.3 68.5 66.7 66.1 64 60.8 57.1 53.2 49 45.1 44.8 49.1 52.6 52.4 50.8 46.9 48.6 52.3 56 59.2 62.9 66.3 67.9 69 68.9 68.7 69.1
60.6 66 65.1 62.6 61.4 59.1 50.9 57 61.7 62.8 64.1 64 64 65 63.1 63 64.1 64.5 66.2 66.8 68 67.9 66.7 65.5 63.1 62.3 61.1 60.3 58.9 54.9 47.6 41 35.6 28.6 16.8 20.9 29.1 33.7 42.6 46.5 43.2 36.9 38.8 43 43.1 36.9 35.9 42.3 50.1 56.2 59.2 59.3 54.4 51.7 53.6 64.3 70.7 72.8 73.2 71.8 70 68 65.6 62.7 58.6 54.5 50.5 47.3 45.4 45.8 50.8 53.2 52.9 51.9 48.6 50.6 54 58.2 61.9 65.3 68.7 70.4 71.7 72.9 73.4 73.3
57.8 64.3 65.8 65.3 62.9 60.2 53.7 55.3 58.6 60.4 62.9 63.7 65.1 66.2 67 66.9 67.6 68.1 68.6 68.5 68 66.8 65.6 64 60.2 58.5 57.7 56.9 55.8 50.4 45.2 41.6 37.9 29.1 16.2 20.4 27 35 42.9 46.3 44.5 41.3 42 45.8 45.3 39.9 44.9 53.7 59 62.3 61.5 60.3 56 53.5 58.8 70.1 72.5 73.5 73.6 71.8 69 66.6 64.1 61.3 57.1 53.2 49.7 47 46.6 48.1 51.5 52.8 54.1 53.1 50.2 50.9 55 59.5 65.4 69.5 71.6 72.7 73.5 74.6 75.9 76.1
59.8 65.4 66.6 65.9 64.2 61.9 57.9 57 57.5 59.2 61.4 64.6 66.7 68.1 68.2 68.3 68.9 69.3 69.6 69 66.8 65.7 64.5 61.1 55.3 53.2 51.9 51.1 48.7 45 40 35.4 30.3 22.6 17.1 16.8 24.1 33.9 40.4 44.8 46.3 46.7 47.8 47.8 47.3 48.5 55.9 63.4 65.9 66.8 64.4 61.8 59.5 62.2 69.4 72.2 73.2 73.2 72.2 70.5 67.8 65.3 62.7 60.1 57.3 54.1 50.6 48.4 47.6 51.2 53.5 54.9 55.5 54 52.2 52.9 57.5 63.2 69.4 72.9 73.8 73.8 74.1 75.6 76.5 77
61.1 66.4 67 66.4 65 63.6 61.7 58.9 59.2 60.4 64.3 67.6 68.8 68.3 68.2 68.3 68.8 69.4 69.7 68.9 67.6 65.7 63.6 60 58 56.6 52.5 50.4 46.1 40.2 35.9 33.6 28.3 22.5 16.9 15.1 23.8 32.5 38.9 47 50 51.3 51.8 51.7 53.7 60.9 67.8 69.2 70.8 70.4 68.9 67.1 68.5 72.1 71.5 73 73 71.6 70 68.4 65.8 63.2 62 60.3 57.4 54.7 51.5 49.1 50.7 53.1 56 56.2 56.7 55.1 53.2 56.5 61.3 66.7 73 74.6 74.2 73.9 73.5 74.6 74.8 75.4
62.5 66.5 65.5 64.4 63.3 64 63.1 62.5 63.3 67.2 69.8 70.5 69.5 68.5 68 66.6 67.6 68.6 68.4 67.8 67.2 65.5 63.7 63.7 63.5 62.4 60.2 56.9 51.9 44 38.2 33.6 28.3 22.1 15.1 18.1 27.6 37.4 42.9 49.2 51.6 52.8 52.6 54.6 63.3 69.5 72.3 73.3 73.6 73.5 72.9 72.1 73.3 74.6 72.9 73.6 71.6 69.4 67.8 66.2 63.8 61 59.9 58.2 55.2 53 50.9 49.6 50.7 54.1 56.5 58.5 58.2 57.2 57.2 60.1 65 70.6 74.3 74.9 73.5 72.3 71.6 70.9 70.7 72.6
60.7 62.5 62.4 61.1 60.4 61.7 64.9 66.1 70.1 72.5 73.6 73.4 72.4 71.2 68.6 64.8 64.2 64.2 64.9 65 65 64.8 65.9 66.4 66.5 65.3 62.2 58.1 51.8 42.9 36.4 29 22.5 16.6 14.8 23.1 33.4 43.5 49.7 52.7 52.3 52.3 52.1 56.9 67.9 72.5 74.7 75.2 75.3 75.3 75.2 75.3 75.5 75.4 74.3 72.2 69.9 67.4 65.3 63.8 64.4 61.6 58.9 57 56.5 55.8 53.7 51.6 52.5 54.6 57.1 59.6 60 59.5 60.3 65.1 69.1 73.3 74.8 74.4 72.4 70.2 67.1 66.8 66.8 69
52.7 54.5 54.8 57.1 58.5 61.8 65.4 69.3 73.9 75.4 76.1 76.3 75 72.8 69.3 65.2 60.5 59.8 60.6 60.3 60.9 62 66.2 67.9 68.9 66.9 63.6 58.8 50.2 41.1 30.2 22.9 17.2 13.7 20.6 30.3 40.9 50.6 54.7 55.5 50.9 48.2 48.9 58.3 68.4 72.8 74.4 74.8 74.9 75.9 75.7 75.2 74.6 74.2 73.4 71.1 68.4 64.4 62.6 63.2 65 62.9 61.5 59.9 59 58.7 56.6 54.3 55 57.5 59.6 61.7 63.9 65.1 66.1 68.1 70.6 73.4 73.2 72.3 71.2 68.2 64.1 59.8 63.7 66.7
53.8 56.8 56.1 56.9 59.7 62.7 68.2 74.1 77.3 78.7 79.3 78.4 76.6 74.2 70.2 66.1 60.3 56.3 56.3 54.8 55.9 59.2 66.4 70.1 71 68.6 65 58.9 50.4 39.7 28 18.5 13.8 16.9 26.8 34.5 45.3 53.7 54.4 52.4 45.7 43.1 48.4 61.9 68.5 70.7 72.1 72.8 73.6 74 74.1 73.7 73 72.3 71.3 68.6 64.3 61.4 60.8 62.6 64.5 64.4 64 63 62.1 61.3 59.4 56.9 57.6 60.4 62.4 64.2 66 67.5 69 69.9 71.7 72.8 72.2 70 67.9 65 61.3 54.6 62 66.6
59.1 62 60.6 58.8 61.8 66.5 74.4 78.2 80.5 81.2 81 79.7 77.4 74.6 71 66.3 61.1 56.3 50.4 48.2 49.8 58.7 67.7 72.3 72.5 70 65.7 58.7 48.7 38.2 24.4 16.1 14.2 22.2 29.8 38.1 45.8 51.6 50.4 46.3 40.2 41.7 51.9 63 65.9 67.4 68.8 69.2 69.9 72.1 72.3 72.1 71.1 69.8 67.6 64.7 59.5 58.3 61.1 63.2 65 65.9 65.8 65.3 64.5 63.6 61.5 59.2 60 62 63.8 65.6 67.4 68.5 69.5 69.6 71.3 71.4 69.6 67.7 63.6 60.1 54.3 53 61.4 62.3
63.9 65.7 64.1 65.4 68.6 72.8 78.5 81 81.7 81.5 80.6 79 76.9 74.2 70.8 67 62.9 59.1 51.7 45.4 47.1 60.3 70.2 74.5 73.9 70.8 65.2 57.6 47.7 35 22.9 17.1 14.3 21 29.9 37.1 42.9 45.6 43.5 39.3 36.3 43.1 55.9 60.9 62 62.6 62.7 63.6 66.6 68.7 70.4 69.6 68.2 66.8 62.9 58.8 56.3 56.5 61.3 63.8 65.4 66.4 66.8 66.9 66.3 65.2 63 61.4 61.4 62.7 64.1 66.1 68 69 68.8 69.4 69.7 68.6 67.3 65.1 59.2 53.6 48.8 50 55.4 54.3
66.9 69 71.4 73.9 76.8 78.6 80 81.3 81.2 80.3 78.7 77 74.8 71.7 68.9 65.6 62 58.5 53.6 45.4 46.6 61.8 72.9 74.7 74.4 71.4 64.8 58.2 46.8 32.7 24.2 14.3 13.8 17.8 26.8 32.4 37 38.6 34.2 30.1 35.8 47.4 55.1 56.7 57.2 55.8 56.4 58.8 61.9 66.5 67.6 66.8 65.6 63.7 59.7 56.3 53.5 56.6 60.7 63.1 65 66.1 67.2 67.4 67.6 67.2 65.9 64.6 64.4 63.8 64.8 66.2 67.4 66.6 66.8 67.5 67.3 66.3 64.9 63.2 58.1 51 45.4 43.3 49.1 42.4
68.3 71.9 75.5 78.4 80.1 80.7 81.3 80.9 80 78 75.9 72.9 71.2 68.7 66 62.3 57.6 51.8 48.9 41.6 49.1 64.6 71.9 74.2 74.4 71.4 64.8 58.3 46.8 37.6 28.5 16.8 13.6 16.5 22.9 25.8 28.5 30.3 23.9 28.6 40.7 48.8 50.2 51.6 51.5 50 51.2 55.4 58.3 62.3 64.5 64.2 63.1 60.6 58.3 55.2 51.2 54 58.9 61.4 63.9 65.6 66.8 67.9 68.1 68.1 67.6 66.9 67.3 66.2 66.1 66.6 64.4 63.5 63.9 63.5 63.8 64 62.6 61.6 59.9 56 49.7 37.2 42.8 38.6
69.7 73.7 77.9 80.3 81 81 80.5 79.8 78.2 74.9 72.3 69.1 66.5 64.3 61.6 57.7 52.2 40.9 40.3 40.6 53.9 66.2 71.4 74 74.6 71.6 66 58.1 49.1 39.6 27.2 18.2 14.8 12.8 15.2 17.7 21 19.7 22.4 33.5 43.3 44.1 46 47 45.5 43.6 51 53.8 54.7 57.7 59.9 61.3 60.6 59 56.8 54.2 49.2 52.3 57.1 59.8 62.3 64.8 66.2 67.5 68.5 68.5 68.4 68.1 68.2 67.8 66.1 62.8 60 59.6 59.5 59.4 59.9 61.1 61.7 61 59.5 56.6 51 40.6 32.2 29
70.5 74.8 78.4 80.1 80.3 79.7 79.2 77.8 75.8 72.5 66.9 61.4 59.5 57.8 56.1 52.8 45.9 35.6 37 48.6 60.2 65.9 70.2 73.3 73.1 70.9 65.9 58.8 50.3 34.6 25.7 32.6 25.7 14.9 11.1 11.7 12.9 13.8 18.9 33.5 38.2 37.3 40.5 39.9 37.1 42.4 51.8 52.4 52.4 52.1 54.3 57.1 57.3 57 55.5 53.6 48.5 50.3 55.4 58.2 60.7 63.2 65.5 66.5 67.2 68 69 69 68.7 67.7 63.9 59.4 56 54.6 55 55.8 57.9 61.1 61.6 61.2 58.9 55.1 49.9 40.2 25.5 25.6
73 76.4 78.3 78.8 78.7 78 76.7 75 73.1 69.1 63.9 57 51.8 50.7 49.6 46.1 37.6 30.9 39.1 54.1 58.3 63.2 68.1 70.5 71.7 70 65.1 58 48.8 33 38.4 41.1 37 28.6 24.4 16.7 10.8 11.5 15.6 28.1 30.3 30.9 33.5 31 34.8 45.9 51.3 51.8 50 49 49.1 51.9 53.9 54.5 54.3 53 48.8 49.6 53.7 55.9 58 60.1 61.6 63.2 64.7 66.4 67.6 68.7 68.5 67 63.3 58.8 53.5 49.1 52.9 58.3 61.5 62.8 63.4 61.9 57.3 52.8 47.5 38.3 22.4 24.3
76 77.2 77.6 77.9 76.3 74.7 73.2 71.7 69.5 66.1 61.5 56.4 51.7 46 43.5 40.6 30.7 29.8 42.6 48.2 54.9 59.5 64.7 70.2 71.9 69 64.7 57.5 45.7 43 46 43.7 40.2 37 31 21.7 13.6 9.9 14.4 23.4 24.7 25.1 26.2 25.2 33.5 43.1 51.3 51.6 49.1 46.7 45.9 47.6 49.7 51.9 52.1 51.6 49.3 45.4 50.9 52.9 54.7 56.5 58.2 59.9 61.3 63.2 65.7 67.2 67.2 65.3 62.5 58.3 52.9 47.1 54.6 62.2 64.8 64.1 63.5 60.6 54.5 48.3 43.8 35.9 21.4 14.8
77.2 77.5 77.2 76.4 74.1 70.4 68.5 67.4 65.6 62.5 58.4 54.6 50.8 47 40.5 32.7 27.9 27.1 39.1 48.4 54.7 58.3 64.2 71 71.8 69.4 65.7 59.2 50.9 48.8 44.3 42.2 39.2 35.5 31.7 26.9 22.1 13.9 10.1 16.6 19.5 19.2 19.7 23 32.2 42.5 51.7 51.6 49.7 46.8 42.8 44.4 46.3 48.2 49.1 48.6 46.8 42.8 48.1 50.2 51.8 53.4 54.9 56.4 58.7 61 63.2 64.5 64.8 62.9 60.4 57 50.5 45.1 54.8 63 63.6 62.9 61.2 57.6 51.3 43.9 38.3 29.2 13.4 2.1
76.2 76.6 76.1 74.3 71.8 67.5 64.1 61.1 60.2 59.2 56.4 52.7 48.9 43.8 37.9 30.3 22.8 26.2 41.6 54.4 60.7 65.5 69.9 72.1 72.9 69.6 65.8 61.9 56.6 50.5 43.2 39.5 36 32.5 30.3 29.9 30.4 25.2 14.9 10.1 13.6 17.7 20.6 25.2 36.5 44.5 52 51.8 50.1 47 43.2 40.6 42.1 43.3 43.9 44.4 42.8 40 45.8 47.1 48.7 50.3 51.8 54.8 56.7 58.7 59.9 60.9 60.7 60.2 58 52.5 44.3 45.9 57.7 61.9 61.4 59.9 56.7 52.2 46.5 39.2 31.3 10.8 1.9 1.4
75.3 75.4 74.2 72 70 66.7 60.8 55.2 54.5 54.8 53.9 50.5 46.2 41.1 34.3 24.4 19 25.9 44 57.2 64.3 69.4 72.7 74.3 73.4 71.4 67.1 63.4 58.2 51 42.8 36.8 32.6 27.9 24.7 26.2 27.6 25.5 17.9 10.4 11.5 17.5 25.5 30.5 37.2 46.8 52.3 51.6 49.7 46.4 42.6 39.4 37.8 38.4 38.7 38.5 38.2 40 44.4 45.3 45.7 47.3 49.9 52.7 54.7 55.5 56 56.5 57.2 57.2 55.4 49.2 40.8 50.8 58.7 59.5 58.7 56.5 52.8 46.1 40.2 33 12.9 1.8 -1.6 -1.6
73.1 73 72 70 68 65.6 59.2 50.2 49.5 50 49.5 48.3 43.2 34.7 28 22.2 17.4 25.1 43.6 58.4 67.4 72.8 75.1 75.4 73.9 71.3 68 63.4 57.2 49.1 42.4 35 27.8 21.8 19.5 20.7 21.9 18.9 9.5 10.2 14.8 26.1 30.5 33.5 38.5 50.6 52.6 50.5 47.9 43.3 39.2 36.5 36.1 35.6 35.8 36.2 36.6 40.4 43.6 43.9 43.9 44.4 46.5 48.8 51.8 51.4 50.1 51.3 52.7 53.1 52.1 44.4 42.2 53.2 56.8 56.7 55.9 53.2 48.5 40.8 32.7 24.2 7 0.6 -1.6 -1.6
70.4 70.2 69.7 68 66 63.9 58.8 53.6 46.6 42.3 44.4 43.8 38.7 28.8 19.8 15.9 18.8 27.6 42.8 60.3 69.2 73.9 75.2 74.7 73.2 70.4 66.8 61.9 54.4 47.3 40.5 31.8 25 21.5 18.5 16.5 15.9 9.7 9.2 13.1 24 31.5 35.3 38 45.3 52.2 51.8 49.7 44.7 40.3 37.4 35.1 34.4 33.4 33.8 35.2 38.9 42.4 42.9 43.4 41.9 42 42.9 46.2 48 46.9 44.9 46.2 47.6 48.6 46.6 39.5 42.5 51.3 53.8 53.7 53.1 50.1 44.8 34.3 23.3 10.8 1.8 -1.6 -1.6 -1.6
67.5 67.3 67 66 64 61.7 58.8 56 51.8 41.7 33.9 38.1 29.8 18.2 12.8 16.8 22.7 31.4 48.2 64.3 71.8 74.2 74.1 73.4 71.6 68.8 64.6 60.1 52.8 45.3 36.2 27.3 22.8 20.1 19.1 14.7 11.4 8.7 11 24.9 31.7 36.3 40.4 43.7 50.1 53.7 51.4 47.8 44 39.4 36.8 34.2 32.6 32.2 33.8 37.7 41.3 42.2 42.8 42.8 40.6 39.9 40.1 42.7 45.3 44.4 40.3 39.8 41.3 43.5 42 34.6 42.8 47.4 49.9 50.1 49.2 44.7 32.7 19.1 3.4 -1.6 -1.6 -1.6 -1.6 -1.6
63.6 63.9 64.5 63.7 61.8 59.5 57.1 55 52 46.6 28.4 27.3 18.4 11 13.2 19.3 28.3 39.9 56.2 68.9 73.6 74.1 73.1 71.6 70 66.8 62.5 56.3 50.2 40.2 33.9 27.5 21.9 18.7 15.7 11.2 9.3 10.4 23.1 34.5 40.7 44.2 46.7 49.7 53 54.7 51 47.8 44.7 39.5 36 33.3 31.8 31.7 35.5 39.4 41.5 42 42.8 42 39.7 37.6 38.2 41.7 43.2 43.3 39.5 33.4 35.3 36.5 35.7 32.4 41.6 46.2 48.6 48.1 45.5 33.8 15.4 3.5 -1.6 -1.6 -1.6 -1.6 -1.6 -1.6
61.1 62.5 62.5 61.5 59.5 57.4 54.8 52.3 49.6 45.1 32.7 19.7 11.5 8.5 14 24.1 39.5 53.4 66.3 72.3 74 72.1 70.8 69.3 67 63.9 59 52.3 44.4 38.8 34.1 28.9 25.2 22.6 18.9 11.3 7.9 13.6 26.2 36.2 45 48.8 51.9 54.4 55.2 55.4 52.7 48.2 44.8 39.2 36.3 33.9 31.7 32.4 36.3 39.4 41.9 42.7 43.1 42.5 39.7 36.1 36.7 40.3 42.5 42.2 40.1 33.3 28.3 27.9 28.5 36.1 42.7 45.2 46.6 45.3 35.9 18.7 3.5 0.6 -1.6 -1.6 -1.6 -1.6 -1.6 -1.6
59.4 60.6 60.4 59.4 57.5 54.7 51.5 47.9 44.5 41.2 35.4 20.7 7.6 7.8 18.5 33 49.6 63.5 69.5 73.1 72.7 70 68.3 66.4 63.5 59.6 55 48.8 43.3 37.2 30.6 28.5 27 25 22.1 13.7 8.3 12.4 23 36 46.6 50.6 53.9 57.4 57.9 56.4 53.8 50.3 44 39.7 36.9 34.4 31.4 30.2 35 38.9 41.9 43.3 43.5 42.7 40.1 35 35.2 37.7 40.2 40.8 39.5 35.4 26.7 27.7 37.3 42.3 43.8 43.6 43 37.3 27.1 8.8 1.1 -1.6 -1.6 -1.6 -1.6 -1.6 -1.6 -1.6
59.9 59.1 57.6 56 54.1 51.5 48 45.3 37.8 31.6 23.7 12.6 2.5 10.3 21.4 38 56.4 66.5 70.9 72.1 69.7 67.1 65.4 62.8 59 53.6 47.8 43.2 38.1 30.6 27.7 26.8 26.5 25.2 23.7 16.5 8.2 8.8 18 31.8 45.7 50.6 54.2 56.9 57.2 56.1 54.5 51.6 47.5 43.7 37.8 33.8 31 28.5 32.5 37.7 41.5 43.6 43.8 41.9 37.4 33.8 34 36.1 38 39 36.2 30.9 23.4 36 42.3 44.1 43.9 42.6 38.9 33.7 24.9 6.1 1.1 -1.6 -1.6 -1.6 -1.6 -1.6 -1.6 -1.6
60.2 58.6 55.2 50.8 48.9 48 45.1 44.8 41.2 32.5 16.2 6.2 1.8 11.8 24.7 42.1 57.5 66.8 68.5 69.1 67.6 64.4 62.7 58 54.2 46.9 40.1 34.3 28.6 24.6 23 22.7 23.4 24.1 24.4 21.9 13.5 7.5 14 30.5 44 48.6 51.6 53.8 55.7 55 55.2 53.3 51.3 48.5 42.9 37.4 32.2 28.6 30.2 35.4 40.4 42.3 43.1 40.3 35.2 34.5 33.3 36.4 39.2 38.4 35 27.4 22.2 36.6 41.5 42.5 41.8 38.8 34.2 28.7 21.6 6.1 0.8 -1.6 -1.6 -1.6 -1.6 -1.6 -1.6 -1.6
60.7 58.6 53.4 46.9 43.7 43 41.9 41.4 38.7 29.6 15.8 1.8 1.8 13.9 26.6 45.5 60.5 64.7 65.6 66 64.5 62.5 59.1 53.8 48.4 41.3 33.4 28.6 24.6 21.6 19.5 19 19.3 21.4 23.5 21.6 15.3 6.8 13.1 31.4 42.9 46.4 47.4 50.3 53.1 54.1 55.9 56.2 53.9 50.2 45.7 40 34.1 29.3 28.2 35.4 38.7 40.8 41.9 40 34.2 30.8 35.1 39.9 41.8 41.2 38.7 29.9 20.8 34.5 39.9 41.1 38.9 36.2 30.4 24.5 18.4 3 -1.6 -1.6 -1.6 -1.6 -1.6 -1.6 -1.6 -1.6
61.3 58.1 51.5 45.7 39.1 36.4 35.3 35.6 31.8 25.8 16.3 1.8 1.8 17.2 30.2 46.5 58.6 61.8 62.7 61.9 60.8 59 56 51.7 43.7 33.6 28.6 25.1 22.2 19.3 16.9 15.7 16.7 18.6 19.8 15.1 6.9 6.2 19.3 36.4 41.5 44.2 43.4 45 49.5 55 59.1 58.7 56.1 52.5 48 42.4 36.6 30.4 26.5 31.2 35.7 38.4 40 37.8 31.5 31.8 38.1 43.2 43.3 42.2 39.9 31 20.2 30 39.6 40.2 38.6 35.5 31.6 27.4 19.9 3.7 -1.6 -1.6 -1.6 -1.6 -1.6 -1.6 -1.6 -1.6
62.1 58.3 52 47 40.5 31 27 27.6 23.2 18.9 11.5 1.8 3.3 17.2 30.5 47.8 55.9 59 58.5 56.8 55.5 55.4 52.3 47.5 38.4 30 26.7 23 20.3 17.7 15.8 14.1 13.8 16.4 16 8.8 4.9 15.8 31 37.4 41.7 40.5 38.6 42 48.5 56.2 60.6 60.8 58.7 55.2 50.2 44.7 39.1 32.7 27.5 26.1 30.2 34.7 36.6 34.1 28.6 35.8 41.6 45 44.4 42.1 38.9 33.6 18.5 28.4 38.2 39.5 38.6 36.4 35 32 23.7 5.8 -1.6 -1.6 -1.6 -1.6 -1.6 -1.6 -1.6 -1.6
62.1 58.3 54 49.1 43.2 35.9 25 16.2 12.9 12.2 6.4 1.8 1.8 15.8 32.5 48.3 54.8 56.9 55.7 53.9 51.4 50.8 48 40.3 32.8 28.9 24.8 23.8 24 22.9 18.6 14.3 11.9 12.7 11.8 6.4 -1.6 21.8 33.9 39.2 40.4 36.6 33.7 39.7 48.1 57.1 60.9 62.8 61.1 57.6 53.3 47.5 43.7 38.8 34.1 31.6 25.9 28.4 32.3 26.4 32.3 39.9 44.5 45.8 43.5 40.2 36.9 31.9 17 28 37.9 39.2 39.2 38.4 37.4 34.9 25.4 4 0.6 -1.6 -1.6 -1.6 -1.6 -1.6 -1.6 -1.6
62.1 59.4 55.7 50.2 44.5 37.5 28.9 16.1 9.5 1.8 2.7 1.8 1.8 14.1 33.7 49 54.1 54.8 53.9 51.6 48.4 46 40.6 34.1 30.9 29.8 30.8 36 34.5 30 25.1 17.5 13.3 10.3 9.8 5.4 -1.6 21 33.5 37.9 36.5 32.3 31.2 37.2 47.8 56.8 60.9 62.7 62 59.1 54.6 50.6 47.7 42.6 40.2 36.9 30.9 24.7 24.1 27.6 36 42.2 45.7 44.9 43.3 38.6 33.5 25.7 15.3 27.7 36.6 38 38.1 38.4 38 35.3 26.3 10.8 1.4 -1.6 -1.6 -1.6 -1.6 -1.6 -1.6 -1.6
61.5 58.6 55.2 50.4 44.7 38.8 30.8 25.1 19.8 9 1.8 1.8 1.8 18.2 36.7 48.8 53.2 55.1 55.4 53.5 48.5 41.8 38 35.6 36 37.2 43.5 42.9 38.8 33.5 26.7 19.8 16.9 13.4 9.7 6.2 -1.6 15.9 29.1 32 27.5 26.9 31 35.1 47.4 55.9 60 63.1 62.7 60 55.3 51.6 48.6 44.9 41.7 36.7 31.5 24.7 23.3 29.4 37.5 43.5 46.1 44.8 42.9 39.3 33 23 13.4 25.6 34.1 35.6 36.7 37.2 37.4 35.1 28.8 20.4 2.1 -1.6 -1.6 -1.6 -1.6 -1.6 -1.6 -1.6
60.6 57.4 53.7 48.8 44 39.3 34 28.8 22.8 14.5 0.9 1.8 4 22.4 37.9 47.7 52.4 55.7 56.3 53.8 49.1 42.1 39.4 41.6 46.5 50 49.1 46.7 42 35.5 27.6 24.8 22.9 21.8 18.8 9 -1.6 8.3 17.2 22.7 25.9 29.3 31.9 38.5 47.8 54.3 60.6 63.3 62.4 59.5 55.1 51.1 47.7 44.3 40 34.4 27.3 22.1 23.4 30.7 38.9 44 45.9 45.2 42.8 39.1 33.7 22.5 10.8 23.3 30.2 31.6 33.6 34.4 35.3 33.9 29.1 23.7 3.7 -1.6 -1.6 -1.6 -1.6 -1.6 -1.6 -1.6
