app/static/ascii/SW95.asc
ncols 200
nrows 200
xllcorner 190000
yllcorner 50000
cellsize 50
[rows 70 to 104 of 200, columns 0 to 79 of 200]
79.2 79.2 79.1 79.5 79.5 80.3 81.1 82 83.4 84.9 88.2 90.4 92.6 94.8 98.1 100.6 102.6 104.5 107.1 109.6 111.7 115.3 118.7 120.7 124.8 128.2 131.6 135 138.4 141.1 145.9 149.5 151.8 154.5 156.5 156.8 157.6 156.4 154.9 152.8 151.1 145.9 141 141 141 139.2 137.1 135.8 134.5 133.3 131.2 127.6 125.8 122.6 116.3 105 97.5 93.7 99.9 107.6 117.8 126.7 133.4 137.3 138.4 138.4 138.5 138.6 138.2 140.4 143.5 145.2 148.6 153.9 158.3 159.2 159.2 158.2 157.3 156.9
79.2 78.6 78.9 78.6 78.7 79.2 79.8 80.9 82.6 84.7 87.2 89.4 91.5 93.7 96.4 98.8 101.4 103.6 105.8 108.1 110.7 114 117 119.6 123.7 126.4 129.7 133.2 136.4 139.3 143.6 146.3 148.7 151.2 152.6 153.3 153.3 152.4 151.8 150 148.8 146.2 140.8 140.9 141 137.5 135.3 135.2 133.9 132.7 130.6 126.8 124.6 121.4 115.2 103.7 95.7 93.5 91.6 90.2 99.3 106.9 112.8 116 122 128.1 129.8 129.1 128.2 131.8 135.5 140.1 142.7 151.1 155.6 156.4 157.2 156.3 155.1 154.7
78.5 77.9 78 77.7 77.8 78.4 79.1 80.3 82.3 84.3 85.8 88 90.2 92.3 93.9 96.1 100 102.1 104.2 106.6 108.9 112.2 115.3 117.8 120.9 124.6 128 131.5 135.2 138.5 142.1 144.2 147.2 150.1 150.9 151.1 150.6 149.7 148.5 147.3 146.1 145.1 142.2 140.7 138.8 136.8 135.6 139 136.6 134.2 130.7 129.3 126.7 122.7 117 106.1 95.5 96.2 99.2 92.5 90.1 90.2 92.7 97.5 104.5 110.4 117.3 116.1 118.5 122.1 127.3 133.4 138.2 144.2 152.8 154 154.4 154 153.1 152.4
77.7 77.5 77.2 76.8 77 78.1 79.3 80 81.8 82.9 84.3 86.4 88.6 90.8 92.4 94 97.3 100.3 102.1 104 106.9 110.4 113.8 116.2 119.1 122.6 126.9 130.5 135.2 138.3 141.1 143.4 146 149.9 148.9 149.3 148.1 147.3 145.9 145.1 144.5 144 143.3 141 140.1 139 138.8 140.4 140 136.8 133.6 131.3 128.7 127.1 122.9 122 116.9 116.3 120.1 115.9 106.2 99 94.4 90 89.9 96.5 107.3 107.2 108.5 109.6 118.4 125.5 130.2 137.2 146.3 150.7 151.1 150.3 148.2 150.9
76.9 76.6 76.1 76 76.7 78.2 79.7 80.1 80.3 81.8 83.7 84.8 87 89.6 91.4 93.2 95.7 98.7 101.3 105.1 107.6 110.1 113 115.5 118.9 122.3 126.5 131.1 135.6 138.1 140.9 143.3 145.7 146.9 147.9 148.1 146.9 146 144.5 143.8 143.3 142.9 142.6 141.1 142.1 141.7 140.9 140.5 140.4 140.5 136.5 134.6 132 131.6 131.8 131.5 136.4 138.1 134.4 130.6 126.4 116.1 108.7 101.5 94 85.8 91.5 99.5 96.3 101.2 109.9 116.1 121.2 130.7 139.7 143.6 144.3 142.7 145.5 150.7
76.1 75.3 75.2 74.9 75.9 77.4 77.9 79.2 80 81.9 83.9 85 87.9 90 91.6 93.2 95.6 99.2 101.7 104.7 107.5 110 112.7 115.3 118.9 124 127.6 132 135.8 139 142 145 146.3 146.7 147.2 147 146.2 145.3 143.4 142.8 142.2 141.7 141.5 141.8 142.9 142.7 141.2 140.4 140.4 140.7 140.8 136.7 136.4 137.7 140.2 142.7 145 143.5 141.4 139 137.2 132.7 125 115.5 103.1 92.8 87.2 91.6 92.1 95.4 101.9 107 114.6 122.7 129.4 135.7 134.4 137.1 145.5 151
75 75.3 74.1 74.1 75.3 76.6 78.1 79.6 81.1 82.7 84.3 86.3 89.1 90.9 92.3 93.7 95.9 98.5 101.5 104.4 107.2 110.1 113.3 116.2 119.1 124.6 128.6 133.6 137.6 141.6 145.2 146.1 146.6 147 146.5 145.8 145.4 145.1 143.1 142.5 141.9 141.3 140.9 140.5 141.4 141.9 141.4 140.2 140.5 140.8 140.9 138.9 141.1 143.4 145.2 147.5 149 148 147.2 145.5 141.2 139.8 135.5 126 114.2 101.2 94 90 89.7 92 96 99.9 106 115 118.4 120.2 126.7 137.4 145.3 151.9
74.5 74.1 74.7 75.4 75.4 76.3 77.8 78.9 79.9 82.6 85 89.1 90.7 92.2 93.6 95.4 97.9 100 101.9 104.4 107.1 110.9 114 117 120.1 125.1 129.3 134.3 138.2 141.8 145.1 145.8 147.4 147.2 146.7 146 145.3 144.3 143.4 142.7 142.1 141.4 141 140.9 140.3 140.4 140.1 139.9 140.2 140.9 140 140.7 143.7 147.2 149.4 151.4 153.9 150 149.7 148.3 144.7 140 139.3 132.3 122.1 106.5 98.1 91.5 88.3 89.7 91.8 93.8 97.3 101.8 103.3 113.3 126.6 137.9 144.7 151.8
74.7 73.9 73.6 73.9 75.3 76.2 77.3 78.3 80 83.7 86.6 89.8 91.9 93.5 95.4 97.9 99.6 101.2 103 105.4 108.5 111.3 114.3 117.7 120.3 124 128.4 133.7 137.5 140.8 144.2 146 147.2 147.4 147.1 146.3 145.5 144.8 144.1 143.3 142.6 141.9 141.5 141.3 140.4 140 140.3 140 139.3 139.4 140.1 143.3 146.9 151.7 153.6 154.8 156.4 156 152.6 149.8 145.6 140 137.8 133.2 126.6 113.4 102.4 93.4 87.7 85.5 86.9 90.9 90.7 92.9 100.2 113.3 126.8 136.7 144.8 150.6
73.8 73 72.6 73.3 74.7 75 76.7 78.3 80.1 83.9 87.8 90.7 92.6 94.7 97.2 99.7 101 102.1 104 106.1 109.5 112.4 115.2 117.6 119.9 124.9 128.5 134.2 138.1 142 144.6 146.8 147.8 148.3 148 147.3 146.8 146 145.3 144.5 143.6 142.8 142.2 141.8 140.7 140 140 140.8 143.1 144.9 144.4 146.2 152 156 157.7 159.1 160.3 158.6 155.6 150.5 145.9 140.1 131.8 128.3 124.6 114.1 100.3 95 88 83.8 81.6 84.1 85 84.8 96 110 125.1 134.9 143.1 149.4
72.4 71.8 71.6 72.3 73.3 73.8 75.5 77.6 79.5 83.1 87.1 90 92.6 95.2 97.9 100.3 102 103.1 104.6 107.3 109.9 112.9 115.7 118 120.8 125.5 128.8 134.3 139.5 143.6 146.3 148.8 149.1 149.4 149.2 148.7 148 147.3 146.6 145.9 144.9 144.2 143.7 143 141 140.1 140 141.4 144.5 148.3 152 154.1 155.3 159.2 162 164.7 164.4 161.7 157.7 152.4 145.2 135.6 128.9 122.3 115.2 107.4 99.3 92 84.9 80.9 78.1 78 84.5 82.7 88.7 103.5 120.6 131.8 140.3 148.5
71.4 70.7 70.4 71.2 72.3 74 75.2 76.8 78.6 81.5 85.5 89.2 91.9 94.5 97.1 100.2 100.9 102.2 104.3 106.8 109.3 112.5 115.4 117.7 121.4 125.7 128.7 135.4 140.4 145.1 149.4 152 153.8 150.1 150.9 150.1 149.3 148.6 148 147.5 147.1 146.7 145.9 144.3 141.2 140.1 140.6 143.1 146.9 150 153.1 155.5 156.6 162.8 165 168.3 168.8 165.4 157.8 150.7 142.7 135.5 128 121.2 111.5 102.4 94.2 87.1 80.2 75.4 70.7 71.3 75.4 79.7 83.5 102.8 118.9 128.2 136.8 144
69.1 69.7 69.5 70.9 72.4 73.8 75.1 76.6 78.2 79.6 83.7 86.7 89.2 91.9 95 97.4 98.4 100.2 102.8 105.4 108.5 111.5 114.8 117.7 121.5 126 129.9 135.9 140.6 146.1 151.5 155.4 157.4 158.3 158.6 157 151.2 150.8 150.5 150.7 150.4 150 148.2 145 142.2 140.8 142.6 146.1 149.5 153.1 155 156 158 163.8 167.6 170.6 170.8 167.7 159.7 149.9 143 136 130.1 120.5 105.2 95.6 86.5 79.9 72.5 66.6 61.8 63.9 70 77.9 83.8 109.6 119.4 127.9 134.8 141
69.8 69.5 69.7 71.2 72.8 74.3 75.7 76.8 78.3 79.6 81.1 84 85.5 88.4 91.1 93.8 94.9 97.1 101.5 104.2 107.3 110.2 114 117.7 121.5 126.3 130.3 136.5 142.6 148.2 153.8 157.4 159.3 162.2 164.2 159.9 154.1 154.2 154.6 154.9 154.4 153.8 150.8 145.9 143.3 143.5 146.1 149.6 153 155 155.8 158.2 160.2 162.3 167.7 170.5 170.5 166.2 158.5 150.2 144.3 137 131.4 110.2 98.6 88.5 79.2 69.2 61.2 55.9 52.9 56.5 65.9 76.1 89.4 111 120.2 127.3 133 138.6
69.7 69.4 70 71.6 73.1 74.7 76.2 77.3 78.5 80.1 81.7 83.3 84.2 87.4 89.1 91.3 93.8 95.6 99.1 102.4 106.4 110.6 114.2 118 122.2 127.7 132.6 137.8 144 149.2 153.8 159 164.2 167.8 170 164.2 157.9 158.4 158.7 159 158.5 156.8 151.7 147 145 147 149.8 153.2 154.8 156 158.5 160.9 163 164.3 165 167.8 166.6 162.5 155.9 148.9 142 139.1 123.5 105.6 93.2 80.5 68.2 57.9 50.6 46.9 46.9 52.3 63.8 76.5 93.9 111.4 120.2 124.7 131.7 138.2
69.6 69.3 70.4 71.8 72.7 74.3 76 77.4 78.8 81 82.6 84.2 85.7 89.4 90.6 92.8 95.1 96.8 99.4 103.7 106.3 110.2 115.1 119.9 124.3 128.9 133.8 138.9 144.9 150.4 155.6 161.4 166.2 170.4 171.7 170.2 164 162.5 162.8 163.1 162.6 158.1 152.3 149.1 148.1 150.4 152.2 154.8 156 158.9 161.2 163.6 164.8 164.8 165 165 162.9 158.5 152 145.3 139.7 133.8 116.8 102 88.1 73.6 60.3 50.3 45.2 45 45.1 50.4 63.4 78.2 103.1 112.6 119.2 125.7 132.6 140.5
69.4 69.2 69.6 70.5 72.3 74 75.4 76.6 78.8 81.5 83.5 85.2 86.8 90.1 91.7 94 96.2 98.3 101.2 105.6 108 111.2 115.2 120.3 125.7 129.9 135.3 140.3 144.9 151 156.9 162.8 167.9 171.6 172.9 173.4 169.8 167.2 167.4 167.6 165.5 159.4 154.1 150.4 151.6 153.4 154.9 156 158.5 161.6 164 164.9 165 164.9 164.7 162.5 159.9 155.1 149.3 142.5 136.8 127.9 115.4 101.4 87.9 74.9 62.4 52.7 45.7 45.2 43.5 44.9 59.2 82.6 108.2 114.9 121 127.7 134.5 141.7
69.2 69.2 69.5 70.5 71.8 73.1 74.4 76.1 78.8 81.8 84.9 86.7 88.2 90.2 92.6 95.1 97.4 99.6 102.8 106 109.5 112.5 116.9 122.5 127 131.5 137.1 141.4 146.5 152.4 158.4 163.9 169 173.1 174.8 174.7 174.2 171.9 171.5 171.9 166.8 159.3 153.6 153.1 153.7 155.4 157 158.4 161.1 163.5 164.7 164.9 164.4 162.7 160.5 157.4 155.8 152.3 148 141.5 135 128.3 114.1 104.4 91.8 80.1 67.9 56.2 46.2 45 39.9 48.2 71.8 91.1 111.1 117.8 123.8 130.4 136.2 141.6
69.3 69.1 69.1 70.9 71.3 72.9 74.5 75.5 78.4 81.3 84.6 86.9 89.3 91.1 93.6 96.3 97.7 99.6 103.6 106.1 109 113.4 118.8 123.4 128 132.8 138.2 142.6 147.6 153.9 159.2 164.7 169.9 174.6 176.2 177 176.4 175.8 175.9 171.9 166.2 160.3 155.2 154.8 155 156.4 158.2 159.9 161.5 161.7 161.4 160.4 159.3 158.1 155.7 153.4 151.4 148.6 146.5 141.6 134.1 126.3 113.4 107.3 95.2 83.2 69.1 56.1 47.4 45.1 39.7 52.7 77.3 96.9 114.8 120.9 126.7 132.1 136.6 141.1
69.2 69.1 69.1 69.1 70.6 72.2 73.6 74.4 76.7 79.7 82.9 85.8 87.9 90.4 92.9 94.1 96.5 99.5 103.1 105.9 108.2 114.2 119.5 124.2 128.8 134.1 139.4 144.2 149.2 154.6 159.6 165.1 169.4 174.4 178.3 179.6 179.4 178.9 178.1 172.5 164.4 156.9 156.1 155.7 156.2 156.9 157.3 157.5 157.5 157.1 156.5 156 154.4 153 151.2 149.9 148.2 146.1 144.1 140.5 133 125.9 115.8 110.3 97 83.4 69.6 57.8 51.8 50.9 51.8 73.4 88.3 106.9 119 123.3 128.3 132.9 136.9 141.1
68.4 68.5 68.5 68.8 69.5 70.8 72.3 74.1 75.2 77.7 80.1 83.2 85.8 88.3 90.8 94.2 95.2 98.1 101.7 106.2 108.7 115.2 120 124.4 129.5 135 140.5 144.8 149.5 154.9 159.2 163.9 168.7 173 176.9 179.3 179.9 179.3 175.5 169.5 161.5 157.3 156 155.5 155.3 154.1 153.9 153.8 153.3 153.1 152.7 151.8 150.3 150.4 149.8 148.4 145.6 143.4 141.5 138.4 132.8 123.9 115.6 107.9 99.3 87.8 75.6 64.3 58.6 63.4 75.8 93.2 107.1 113.8 119.6 124.7 129 133.6 138 141.7
68.2 67.6 68 68.9 69.8 70.3 71.1 73.3 74.3 77 79.9 82.3 84.6 87.2 90 93.6 95.7 98.3 101.1 105.4 109.9 114.4 119.5 124.2 129.1 133.6 139.9 143.9 148.2 154.3 158.6 162.2 166.7 170.5 174.4 176.4 176.8 175.7 170.1 165.5 159.1 157.3 155.7 154 152.3 151.2 150.6 150.7 149.6 149.8 149.5 149.5 149.1 148.5 147.2 145.8 143 140.5 139.2 136.4 132 124.1 116.8 109 101.4 91.8 77.5 69 66.8 73.2 93.7 107.7 115.1 120.9 122.6 124.8 129.4 133.8 138.1 142.2
67.8 67.1 67.6 68.4 69.2 69.1 70.8 73 75 77.1 79.6 81.8 84.6 87.5 90.4 93.7 96.5 99 101.5 105.5 110 114.3 118.7 123.1 127.8 132.3 137.1 141.8 146.7 151.9 156.4 160.7 163.6 167.4 169.6 171.6 171.8 168.5 164.2 160.1 156.8 154.1 152 150.8 150.5 148.5 145.5 145.8 145.9 146.5 146.3 146.3 145.7 144.9 143.9 142.3 139.3 137.7 136.6 134.7 131.5 126.3 118.8 111.5 104.9 99.1 87.7 75.9 71.1 76.1 100.7 115 125.6 125.2 124 125 129 133.5 137.7 141.8
67.2 66.9 66.9 67.8 68.6 69.4 71.2 73.1 74.5 77 79.4 82.2 84.8 87.7 91 93.8 96.6 99.4 102.2 105.3 109.3 113.6 117.9 122.1 126.4 130.7 135 139.8 144.9 149.5 153.7 157.4 160.5 163.6 166.3 167.2 166.2 163.4 161 156.9 152 150.1 148 145.1 144.2 143.3 142.9 143.1 142.8 143 142.6 142.6 141.9 141.1 140.3 138.8 134.9 132.9 133.5 132.5 130 126.4 120.4 113 106.5 100.1 88.6 75 70.4 78.5 99.3 115.7 125.7 124.8 124.9 124.9 127.2 132.8 137 141.2
67 66.8 66.6 67.1 68.3 69.8 71.7 73.7 74.7 77.1 79.8 82.5 85.2 87.9 90.6 94.2 96.5 99.2 102 104.7 108.7 112.4 116.5 120.7 124.6 128.3 132.9 137.8 142.6 146.8 151 153.9 157.2 160.1 162.1 162.9 161.8 160.1 157.8 153.5 150.1 147.9 145.8 144.2 142.6 141.6 140.5 140 139.7 139.4 138.9 138.7 138 137.3 136.5 134.6 130.4 128.7 128.9 128.8 127.2 124.8 119.9 113.5 107.3 99.2 86.1 68.5 69.4 85.2 96.5 109.3 121.6 124.8 124.9 125 125 131.8 135.9 140
66.9 66.5 66.4 66.9 68 70.3 72.4 74.5 76.3 78.6 81 83.6 86.5 89.1 92.2 94.9 97.3 99.6 102 104.5 107.9 111.1 114.3 118.4 122.2 125.9 130.8 135.8 139.6 143.4 146.6 150.3 153.6 156.1 157.7 158.6 158.2 157.6 155.4 151.8 149.8 148 145.3 143.1 141.1 140 138.3 136.9 136.4 135.8 135.2 134.8 134.1 133.4 132.7 130.5 126.9 123.4 123 123.1 122.7 121.1 117.9 112.5 105.8 91.1 80.1 66.5 73.9 87.2 97 103.1 115 124.7 125 125 125 130.5 134.4 138
66.6 66.1 65.8 66.8 67.5 68.8 71.1 74.3 76.2 78.9 81.8 84.4 87 89.5 91.8 94.3 96.8 99.2 101.7 104.2 106.3 109.5 112.7 116.6 120.3 124.6 128.3 131.8 135.5 139.3 142.3 146.7 149.8 152 153.4 154.5 155.1 155.1 153.7 150.4 149.8 148.7 146 142.9 140.1 137.5 136 134.8 133.1 132.1 131.5 130.9 130.3 129.8 129.2 126.7 121.7 117.7 116.9 117 117 116.1 114.7 108.8 98.4 81.5 71.8 66.6 71.3 81 91.9 99 109.4 116.6 125 125 125 126.2 132.6 136.1
66.7 65.3 64.2 65.5 66.2 68.1 70.4 73.2 75.8 78.9 82 84.8 87.7 89.6 91.8 94 96.1 98.8 101.1 103.5 105.6 107.5 111.1 115 118.7 122 125.6 128.6 132.1 134.7 138.3 142.2 145.8 147.7 148.9 149.9 150.4 151.3 151.6 150.5 149.7 148.6 147.2 144.4 141 137.6 134.8 132.8 131 129.4 128.6 127.7 127 126.5 125.7 123.7 115.9 113.4 112.2 110.7 110.4 109.6 107.5 101.5 85.8 74.8 64.6 65 65.2 71 83.7 94.4 104.1 114.9 115.6 125 125 125 130.3 134.2
67.9 65.2 64.1 64 65.4 67.3 69.7 72.8 75.8 78.9 82.8 86 88.7 90.5 92.6 94.8 95.9 97.8 100.1 102.3 104.5 106.4 108.9 112.6 116.1 119.4 122.8 125.8 128.4 131.9 135.5 139.1 141.1 143.1 144.3 145.3 145.7 147.1 149.3 148.8 149 148.8 147.3 145.3 142.1 138.8 135.1 131.7 129.4 127.5 126.3 125.3 124.4 123.4 124.1 117.2 112 109.4 106.9 105.5 103.9 103.1 99.1 90.3 78.9 70.1 64.2 65 65.1 65.1 73.3 88 97.4 111.6 115 119.8 125 124.9 127.7 131.5
69.1 66.3 64 64 64.5 66.4 68.9 72.7 76 80.3 84.7 87 89.4 91.1 92 92.8 94.3 96.3 98.6 100.9 103 105.2 107.5 110.3 113.1 116 119 122.9 125.8 129.2 132.6 135.5 136.9 138.1 139.5 141 141.8 144.1 145.8 146.5 147 147.2 148.3 147 144.6 141.8 136.9 132.7 130.4 127.6 124.2 123 122 123.6 119.5 112.5 110.3 105.5 102.2 100.7 98.3 96.1 89.2 83.4 76.2 67.1 64.8 64.8 65 65 64.9 78.2 91.6 104.1 114.5 114.9 121.8 124.7 124.7 128.2
70.8 67.1 64.3 63.9 64.1 64.8 68.1 71.4 75.8 80 84.1 87.9 90.4 91 90.5 91 92.6 94.9 97.1 99.3 102 104.1 106.3 109.1 111.5 114.2 117.5 121.3 124.7 127.4 130.2 132.7 132.7 133.8 135.1 136.9 139.2 141.7 142.9 143.9 144.6 145.2 145.2 144.8 144.4 142.4 139.1 135.1 132.9 130.5 126.1 121.9 120.1 125.4 119.8 111.8 109.1 104.8 100.9 98.3 91.9 88.3 84.5 79.8 72.9 65 65 65 65 65 65.1 69.3 84.6 95 107.9 114.6 115 118.4 119.1 123.2
73.3 68.8 65.3 63.8 64.2 64.5 66.6 70.2 74.7 78.8 83 87 89.9 89.8 88.6 88.8 90.4 92.8 95.3 98.2 101.1 103.2 105.8 108.5 111 113.4 116.4 119.7 123.1 126 128.6 129 128.7 129.4 130.4 132.9 135.6 137.9 139.1 141.4 142.2 143.4 143.9 143.6 143.5 142.9 142 137.8 134.5 130 127.5 124.9 123.9 126.1 126.3 117.9 104.3 99.8 94.4 92.6 88.3 83.8 78.1 74 69.6 63.7 64.3 65.1 65.1 65.1 65.1 65.7 76.7 88.6 98.1 110.3 113.5 114.9 115.5 118.2
75 69.5 64.8 64 64.3 64.6 65.4 69.4 73.8 77.8 81.8 85.7 87.5 85.9 85.7 86.8 89.2 92.1 94.8 97.1 100.3 102.7 105.3 108 110.5 113 115.4 117.9 120.8 124 125.9 126 125.7 125.6 126.6 129 132 133.9 135.1 137.1 140.5 141.4 142.1 142.4 142.4 141.6 140.6 139.7 136.9 132.8 128 125.5 122.1 117.7 111.5 109.4 101.3 98.2 93.4 89.8 87 82.6 75.4 71.4 67.8 62.5 61.3 61.4 63.4 65.1 65.2 68 73 82.8 91.7 103.2 109.4 112.1 112.3 114.4
75.9 69.9 66 64.2 64.4 64.2 64.6 68.1 72.1 76.6 80.3 83.3 85.6 85.9 84.4 85.4 88.6 91.5 93.9 95.1 98 101.5 104.4 106.9 108.9 111.6 114.9 116.3 118 120.4 121.4 121.3 121.2 121.1 123.1 125.5 128.3 129.9 131.2 132.8 135.1 138 139.6 140.4 140.5 140.2 138.8 137.7 136.3 133.8 130.1 126.3 121.1 115.3 108.6 103.7 99.6 97.6 94.6 89.8 85.9 82.7 75.4 69.9 65.9 62.1 60.9 61.2 61.5 61.4 63.9 66.2 74.4 80.1 86.2 93.8 103.5 107.5 110.5 110.5
75.9 71.2 66.3 63.2 63 63.2 63.9 66 69.3 73.1 77.7 80.7 84 85.5 82.9 84.7 87.9 91.1 92.4 93.9 96.7 101.1 103.2 105.6 108.2 110.7 113 114.6 116.2 118.3 117.1 116.8 116.5 117.2 119.1 121.2 123.5 125.2 126.9 129 131.7 133.9 136.4 137.6 138.6 138.6 137.6 136.3 135.2 132.9 130.1 127.5 121.9 115.1 108.9 104.4 100 96.4 94.3 91.2 82.2 80 76.9 70.9 65.5 61.7 60.7 61.1 61.6 61.5 61.8 64.2 68.8 76.7 83.4 88.9 97.4 102.2 105.6 107.7
