app/static/ascii/SX04.asc
ncols 200
nrows 200
xllcorner 200000
yllcorner 40000
cellsize 50
[rows 37 to 73 of 200, columns 0 to 84 of 200]
26.2 26.2 24.8 21.4 16.2 14 11 9.4 8.8 8.6 7.7 6.5 6.3 7.4 7.7 7.3 6.9 6.4 7.1 8.1 9.2 16.1 31.6 45.1 57.1 66.1 73.7 80.9 87.7 93.5 96.6 98.2 98.8 98.3 97.2 95.2 90.1 79.6 63.7 44 43.6 50.3 57.5 58.5 53.1 48.4 58 70.6 76.1 79.4 81.4 82.9 83.2 82.5 80.1 74.3 66.8 62.3 62 65.8 65.9 64.1 48 22 1.3 -1.7 -1.7 -1.7 19.2 43.2 58.5 61.3 55.2 44.4 34.3 16.2 32.8 36.3 14.8 -1.7 -1.7 -1.7 -1.7 -1.7 -1.7
18.9 17.6 13.6 9.5 9 9.2 10.2 10.2 10.2 10 9.6 8 6.9 7.8 7.2 6.7 6.4 6.3 6.5 7.8 9 13.2 27.5 38.4 48.6 58.9 66.2 74.2 81.6 88.4 93.8 96.4 97.8 98.1 97.6 96.5 93.2 86.3 72.6 54.7 35.9 39 42.3 43.4 44.6 52.6 64 73.4 78.7 82.2 82.4 80.9 79 78 75.6 68.3 54.8 42.3 47.6 52.6 51.7 31.5 2 -1.7 -1.7 -1.7 -1.7 -1.7 17.5 40.5 57.1 61.4 50.2 17.2 -1.7 -1.7 -1.7 14.3 28.4 -1.7 -1.7 -1.7 -1.7 -1.7 -1.7
14.1 13.4 12.5 13.6 17.8 17.2 14.2 12.7 13 12.8 11.3 9.7 8.6 7.1 6.4 6.3 6.2 6.2 6 7.2 8.4 9.3 15 26.6 36.2 46.6 57.1 67.2 75.7 82.9 88.6 92.9 95.1 96.3 96.6 95.6 93.4 89.2 79.4 65.6 51 32.5 35.5 44.9 54.5 62.1 70.9 75 79.6 81.2 81.1 78.5 75.2 72.9 71.6 66 54.8 36.7 33 38.1 7.1 1.3 0.5 -1.7 -1.7 -1.7 -1.7 -1.7 -1.7 -1.7 40.6 50.6 32.5 -1.7 -1.7 -1.7 -1.7 26.8 32.8 29.2 -1.7 -1.7 -1.7 -1.7 -1.7
17.2 15.9 18 22.6 25.8 24.8 20.9 19.3 17.3 15.9 13.6 11.8 9.5 7.3 6.2 6.2 6.1 6.1 6 6.5 7.5 8.3 9.3 12.8 23.9 33.5 45.6 57.1 67.2 75.6 81.9 86.6 89.9 91.5 92.6 92.4 91.2 88.1 81.8 70.7 54.4 35.6 31.7 47.9 60.2 68.7 75.4 78.1 79.8 78.6 77.7 74.9 71 66.6 66.1 61.8 54.4 42.2 26.2 16.4 -1.7 -1.7 -1.7 -1.7 -1.7 -1.7 -1.7 -1.7 -1.7 -1.7 -1.7 29.7 -1.7 -1.7 -1.7 -1.7 -1.7 21.4 40.2 42.1 31 -1.7 -1.7 -1.7 -1.7
24 24.4 27.9 31.5 31.2 29 26.7 23.6 20.8 18.9 16 14.3 11.9 8.2 7.1 5.8 6 6.1 6 6.1 6.3 7 7.9 8.8 10.5 20.3 32.3 45.3 57.9 66.7 74.2 78.9 82.8 85 86.4 87.1 86.2 83.6 75.8 62.2 46.7 32.4 34.1 48.3 65.8 74.7 80.1 81.6 78.7 75.4 72.6 68.6 62.1 56.8 60.2 58.3 52.5 43.9 30.1 15.1 -1.7 -1.7 -1.7 -1.7 -1.7 -1.7 -1.7 -1.7 -1.7 -1.7 -1.7 1.3 -1.7 -1.7 -1.7 -1.7 -1.7 -1.7 -1.7 40.8 29.8 -1.7 -1.7 -1.7 -1.7
36.4 35.2 36.2 36.4 34.5 32.5 30.1 27.6 24.7 21.9 19.6 18.1 15 10.9 8.6 6.8 6 6.1 6.1 5.8 5.4 5.8 6.6 7.3 8 9.4 18.4 33.3 46.5 57.6 65 70.3 74.5 78.1 79.8 80.6 79.6 77.5 62.7 47.4 34.2 24 38 53.4 70.3 79.4 83.1 82.8 79.6 75.2 68.8 61.8 50.7 40.8 49.2 56.3 53.1 45.1 36.2 25.7 8.1 -1.7 -1.7 -1.7 -1.7 -1.7 -1.7 -1.7 -1.7 -1.7 -1.7 -1.7 -1.7 -1.7 -1.7 -1.7 -1.7 -1.7 -1.7 -1.7 -1.7 -1.7 -1.7 -1.7 -1.7
47.4 44.7 43.2 40.5 38.5 36 34 32.1 28.8 26.2 24.1 22 19.1 14.8 9.7 7.9 6.6 6.5 6.2 6 5.7 5.2 5.6 5.9 6.5 7.2 8.5 20.3 34.1 46 54.9 60.6 65.7 70.6 73.6 74.6 73.1 70.2 52.6 32.6 21.8 30.3 44.9 59.9 75.1 82.4 85.8 84.6 81.3 76.9 71.3 67.8 56.8 33.8 38.7 52.5 50 41.9 34.3 27 -1.7 -1.7 -1.7 -1.7 -1.7 -1.7 -1.7 -1.7 -1.7 -1.7 -1.7 -1.7 -1.7 -1.7 -1.7 -1.7 -1.7 -1.7 -1.7 -1.7 -1.7 -1.7 -1.7 -1.7 -1.7
54.5 51.5 50.1 47.2 43.7 40.8 38.7 37.3 33.6 30.9 28.3 25.9 21.6 16.5 10.3 8.8 8.1 7.8 6.9 6.3 6.2 5.6 6 5 5.6 6.4 7.3 10.8 25.3 34.9 43.4 50.5 56.6 62.5 67.3 68.5 67.9 61.2 43.2 25.4 17.8 36 51.2 68.1 78.6 84.4 86.8 86.4 83.2 78.8 73.3 67.2 54.6 34.4 26.1 40.8 39.9 32.1 -1.7 -1.7 -1.7 -1.7 -1.7 -1.7 -1.7 -1.7 -1.7 -1.7 -1.7 -1.7 -1.7 -1.7 -1.7 -1.7 -1.7 -1.7 -1.7 -1.7 -1.7 -1.7 -1.7 -1.7 -1.7 -1.7 -1.7
61.8 59.6 57.5 55.4 52 48.2 44.2 42 38.9 35.9 32.4 27.6 21.6 14.5 9.9 10.4 9.8 9.8 9.5 8.5 7.3 6 5.5 5.1 4.9 5.5 6.4 7.3 9.1 18.9 28.7 37.3 49 56.6 61.5 62.9 61.9 56.4 34.1 17.1 22.7 35.9 50.6 68.4 80.5 86.4 87.6 86.7 83.7 79.9 74.4 70.3 62.1 45.7 25.8 16.1 -1.7 -1.7 -1.7 -1.7 -1.7 -1.7 -1.7 -1.7 -1.7 -1.7 -1.7 -1.7 -1.7 -1.7 -1.7 -1.7 -1.7 -1.7 -1.7 -1.7 -1.7 -1.7 -1.7 -1.7 -1.7 -1.7 -1.7 -1.7 -1.7
68.2 65 61.5 57.8 55.1 53.5 49.5 47.4 44.2 40.4 35.3 27.1 19.9 9.4 10 13.3 17.1 18.2 17.4 16 12.6 10.9 8.2 7.6 5.3 4.7 5.3 6 6.9 7.9 13.4 21 36.8 48.7 54.8 57.2 57.7 51.9 33.2 15.6 21.2 33.8 46.6 60.1 77.7 84.2 86.7 85.7 83.4 80.5 75.8 68.6 64.9 54.9 32.1 -1.7 -1.7 -1.7 -1.7 -1.7 -1.7 -1.7 -1.7 -1.7 -1.7 -1.7 -1.7 -1.7 -1.7 -1.7 -1.7 -1.7 -1.7 -1.7 -1.7 -1.7 -1.7 -1.7 -1.7 -1.7 -1.7 -1.7 -1.7 -1.7 -1.7
65.9 64.2 61.2 57.5 55.7 53.5 50.9 48 44.2 39.5 32.1 24.1 15.3 10.3 15.4 21.4 26.1 28.1 26.7 25.3 22.9 23.3 21.1 19.1 16.9 11.6 8 4.6 5.4 6.9 8.2 9.8 20 37.8 47.9 53.3 55.8 53 36.9 15.8 17.7 30.1 43.8 55.5 71.6 80.2 81.6 81 79.8 75.4 73.3 64.6 25.3 -1.7 -1.7 -1.7 -1.7 -1.7 -1.7 -1.7 -1.7 -1.7 -1.7 -1.7 -1.7 -1.7 -1.7 -1.7 -1.7 -1.7 -1.7 -1.7 -1.7 -1.7 -1.7 -1.7 -1.7 -1.7 -1.7 -1.7 -1.7 -1.7 -1.7 -1.7 -1.7
56.2 57.3 55 49.9 41.1 36.7 33.8 31 30.7 28.1 23.5 11.7 9.2 15.9 24.1 31.3 35.4 37.1 35.9 35.4 34.1 35.4 35 34.7 33.9 29.9 22.8 12.5 4.9 5.1 6.5 8.2 8.7 21.1 38.8 49.7 54.3 53 37.3 16.1 14.4 28.2 42 54.6 68 75.7 74.9 73.5 71.7 68.9 61.9 35.9 -1.7 -1.7 -1.7 -1.7 -1.7 -1.7 -1.7 -1.7 -1.7 -1.7 -1.7 -1.7 -1.7 -1.7 -1.7 -1.7 -1.7 -1.7 -1.7 -1.7 -1.7 -1.7 -1.7 -1.7 -1.7 -1.7 -1.7 -1.7 -1.7 -1.7 -1.7 -1.7 -1.7
46.8 44.5 38.7 27.3 20.9 21.3 21.7 20 18.9 17.3 16 14.4 16.1 23.6 36.2 45 46.5 46.4 44.7 43.9 46.6 47.5 47.5 47.8 48.1 45.9 39.1 31.3 21 8.5 4.2 7.6 8.2 10.2 26.9 44 54.1 52.7 32.1 14.1 13.1 31.9 47.7 58.6 65.3 67.7 65.7 62.7 59.5 58.5 52.7 -1.7 -1.7 -1.7 -1.7 -1.7 -1.7 -1.7 -1.7 -1.7 -1.7 -1.7 -1.7 -1.7 -1.7 -1.7 -1.7 -1.7 -1.7 -1.7 -1.7 -1.7 -1.7 -1.7 -1.7 -1.7 -1.7 -1.7 -1.7 -1.7 -1.7 -1.7 -1.7 -1.7 -1.7
31.3 28 27.2 31.2 34.9 36.5 36.2 33.6 28.5 26.3 29.4 29.3 35 43.7 51.1 54.2 56.7 55.6 53.8 53.8 55.6 56.2 56.7 58.4 58.6 57.1 53.2 47.2 36.7 27.1 15.9 6.7 5.1 4.8 10.9 32.6 51.8 48.3 24.5 7.3 14.5 37.3 53.4 59.1 61.4 61.4 57.5 50.8 45.6 43.4 -1.7 -1.7 -1.7 -1.7 -1.7 -1.7 -1.7 -1.7 -1.7 -1.7 -1.7 -1.7 -1.7 -1.7 -1.7 -1.7 -1.7 -1.7 -1.7 -1.7 -1.7 -1.7 -1.7 -1.7 -1.7 -1.7 -1.7 -1.7 -1.7 -1.7 -1.7 -1.7 -1.7 -1.7 -1.7
37.8 40.8 44 48.5 49.5 51.1 50.9 43.8 35.4 38.7 46.3 50.9 55.5 59.8 62.8 64.2 64.2 64 63.4 63.5 64.1 64.7 66 66.8 66.2 63.5 58.4 53.5 48.3 39.6 29.6 12.7 5.2 4.1 3.8 23.8 40.4 40.3 14.7 6.4 17.4 42.6 53.3 57.9 59.7 58.5 53.5 45.5 36.2 29.7 -1.7 -1.7 -1.7 -1.7 -1.7 -1.7 -1.7 -1.7 -1.7 -1.7 -1.7 -1.7 -1.7 -1.7 -1.7 -1.7 -1.7 -1.7 -1.7 -1.7 -1.7 -1.7 -1.7 -1.7 -1.7 -1.7 -1.7 -1.7 -1.7 -1.7 -1.7 -1.7 -1.7 -1.7 -1.7
51.4 58.7 61.9 63.9 63.6 62.4 58.8 49.1 41.6 48 59.3 64 67 68.8 69.1 69.9 70.1 70.3 69.7 69.5 71.7 72.4 72.1 71.1 68.5 64.8 59.7 53.8 48.6 41.2 33.5 25 4.9 2.4 3.2 16.2 33.5 32.7 9 5 19.6 41.3 51.6 56.8 57.3 55.2 51.6 47.3 39.3 30.8 20.7 -1.7 -1.7 -1.7 -1.7 -1.7 -1.7 -1.7 -1.7 -1.7 -1.7 -1.7 -1.7 -1.7 -1.7 -1.7 -1.7 -1.7 -1.7 -1.7 -1.7 -1.7 -1.7 -1.7 -1.7 -1.7 -1.7 -1.7 -1.7 -1.7 -1.7 -1.7 -1.7 -1.7 -1.7
60.4 65.6 69 69.5 67.3 64.9 60.3 51.3 48.9 58.1 67.1 69.2 70.3 70.9 71 70.6 72.1 72.3 71.4 71.6 73.2 74.5 73.4 69.9 65.8 60.5 54.6 46.6 38.4 30.8 23.9 17.3 4 3 3.2 3.6 22.4 24.2 4.3 5.1 21.7 41.3 52.6 57.2 54.6 51.3 48 44 38.4 31.6 21.3 -1.7 -1.7 -1.7 -1.7 -1.7 -1.7 -1.7 -1.7 -1.7 -1.7 -1.7 -1.7 -1.7 -1.7 -1.7 -1.7 -1.7 -1.7 -1.7 -1.7 -1.7 -1.7 -1.7 -1.7 -1.7 -1.7 -1.7 -1.7 -1.7 -1.7 -1.7 -1.7 -1.7 -1.7
67.1 69.3 71.5 71.8 69.6 66 58.7 51.8 58.9 65.3 68.7 68.5 68.8 68.1 66.6 66.9 67.6 69.1 67.5 66.9 68.4 69.1 66.9 62.3 56.3 50.1 44.8 37.9 30.7 22.4 12.9 5.4 3.9 4.5 4.5 4.4 7.5 15.9 3.6 5.6 24.6 43.5 55.2 56.5 51.3 46.4 43.2 37.5 31 -1.7 -1.7 -1.7 -1.7 -1.7 -1.7 -1.7 -1.7 -1.7 -1.7 -1.7 -1.7 -1.7 -1.7 -1.7 -1.7 -1.7 -1.7 -1.7 -1.7 -1.7 -1.7 -1.7 -1.7 -1.7 -1.7 -1.7 -1.7 -1.7 -1.7 -1.7 -1.7 -1.7 -1.7 -1.7 -1.7
74.6 74.5 75.3 74.3 71.1 65.6 61.9 59.4 65.4 68.3 65.7 62.3 60 58.1 57.1 56.3 57.5 59 59.2 57.7 55.7 52.6 50.2 46.6 41.5 38.5 36.2 31.6 26 19 8.1 3.2 3.9 5.2 5.1 4.9 4.3 7.1 2.3 5.8 26 44 54.7 54.7 48.7 41.3 35.5 -1.7 -1.7 -1.7 -1.7 -1.7 -1.7 -1.7 -1.7 -1.7 -1.7 -1.7 -1.7 -1.7 -1.7 -1.7 -1.7 -1.7 -1.7 -1.7 -1.7 -1.7 -1.7 -1.7 -1.7 -1.7 -1.7 -1.7 -1.7 -1.7 -1.7 -1.7 -1.7 -1.7 -1.7 -1.7 -1.7 -1.7 -1.7
81.8 80.6 79.5 77.1 73 68.9 65.3 63.5 67.8 68.5 64.7 58.6 53.9 50.2 47.3 44.9 45.1 47.4 50.2 51 49.9 47.3 43.5 38.9 34.9 31.4 27.8 24.7 21.1 16.7 10.3 3.3 4.6 5 4.5 4.3 4.3 4.4 2.3 9.3 23.2 34.8 40.3 38.4 23 23.8 -1.7 -1.7 -1.7 -1.7 -1.7 -1.7 -1.7 -1.7 -1.7 -1.7 -1.7 -1.7 -1.7 -1.7 -1.7 -1.7 -1.7 -1.7 -1.7 -1.7 -1.7 -1.7 -1.7 -1.7 -1.7 -1.7 -1.7 -1.7 -1.7 -1.7 -1.7 -1.7 -1.7 -1.7 -1.7 -1.7 -1.7 -1.7 -1.7
90.7 87.9 85 81.6 76.7 72 69.5 66.9 69.5 70.5 67.3 62.2 56.6 49.5 43.6 38.9 35.9 36.6 40.4 45.1 45.7 43.2 38.8 34.4 29.2 23.7 18.1 12.8 10.3 6.2 5.1 3.7 4.4 4.5 4.1 4.5 5.3 5.6 4.7 4.8 3.3 2.8 3.1 1.7 1.4 0.8 -1.7 -1.7 -1.7 -1.7 -1.7 -1.7 -1.7 -1.7 -1.7 -1.7 -1.7 -1.7 -1.7 -1.7 -1.7 -1.7 -1.7 -1.7 -1.7 -1.7 -1.7 -1.7 -1.7 -1.7 -1.7 -1.7 -1.7 -1.7 -1.7 -1.7 -1.7 -1.7 -1.7 -1.7 -1.7 -1.7 -1.7 -1.7 -1.7
92.7 91.4 89.1 85.5 80.2 75.8 73.4 71.8 75.6 76.7 74.7 70.1 63.8 56.2 48.8 43.5 37.2 31.1 31.8 36 36.6 32.6 28.6 24.9 20.1 14.7 9.1 6.3 5.7 4.6 4.7 4.2 5.1 4.4 3.9 4.9 5.8 5.6 4.3 -1.7 5.6 1.4 1.3 1.6 0.8 -0.5 -1.7 -1.7 -1.7 -1.7 -1.7 -1.7 -1.7 -1.7 -1.7 -1.7 -1.7 -1.7 -1.7 -1.7 -1.7 -1.7 -1.7 -1.7 -1.7 -1.7 -1.7 -1.7 -1.7 -1.7 -1.7 -1.7 -1.7 -1.7 -1.7 -1.7 -1.7 -1.7 -1.7 -1.7 -1.7 -1.7 -1.7 -1.7 -1.7
89.1 88.1 87.2 85.4 84.7 82.1 79.6 80.3 83.2 84.2 80.6 74.2 68 64 59.3 51.5 44.3 35.5 26.8 22.6 26.2 22.8 18.1 14.5 10.5 8.3 6.4 5.3 5 4.2 5.8 5.6 4.2 3.8 6.2 6.5 6.4 5.3 4.2 -1.7 -1.7 -0.6 -0.2 0.3 0.4 -1 -1.7 -1.7 -1.7 -1.7 -1.7 -1.7 -1.7 -1.7 -1.7 -1.7 -1.7 -1.7 -1.7 -1.7 -1.7 -1.7 -1.7 -1.7 -1.7 -1.7 -1.7 -1.7 -1.7 -1.7 -1.7 -1.7 -1.7 -1.7 -1.7 -1.7 -1.7 -1.7 -1.7 -1.7 -1.7 -1.7 -1.7 -1.7 -1.7
83.3 82.4 82 81.3 83.5 85.6 85.1 85.4 85.7 85.8 83.2 78.2 71.6 66.3 61.8 54.5 44.3 35.7 27.5 19.2 13.2 10.6 9.6 9.5 8.9 7.6 5.8 5.8 5.1 5.6 7.1 7.5 3.8 6.3 7 6.5 6.3 5.6 4 2.7 -1.7 -1.7 -1.6 -1.1 -0.7 -1.7 -1.7 -1.7 -1.7 -1.7 -1.7 -1.7 -1.7 -1.7 -1.7 -1.7 -1.7 -1.7 -1.7 -1.7 -1.7 -1.7 -1.7 -1.7 -1.7 -1.7 -1.7 -1.7 -1.7 -1.7 -1.7 -1.7 -1.7 -1.7 -1.7 -1.7 -1.7 -1.7 -1.7 -1.7 -1.7 -1.7 -1.7 -1.7 -1.7
76.8 75.9 74.6 74.3 76.6 79.3 82.4 83.8 84.9 84.8 82.3 78 70.9 63.1 54.5 44.8 36.6 30.7 26.2 20.2 13.4 12.2 13.3 12.8 12 9.9 7.8 8.7 9.2 10.2 10.4 9.2 8.5 7.8 7.3 6.7 6.2 5.8 4.1 2.3 1.5 0.8 -1.6 -1.7 -1.7 -1.7 -1.7 -1.7 -1.7 -1.7 -1.7 -1.7 -1.7 -1.7 -1.7 -1.7 -1.7 -1.7 -1.7 -1.7 -1.7 -1.7 -1.7 -1.7 -1.7 -1.7 -1.7 -1.7 -1.7 -1.7 -1.7 -1.7 -1.7 -1.7 -1.7 -1.7 -1.7 -1.7 -1.7 -1.7 -1.7 -1.7 -1.7 -1.7 -1.7
68.3 67.3 66.9 67.3 71.3 75.6 78.4 80.1 82 83.1 80.7 74.4 66.4 56.8 50 43 37.7 34.2 29.3 20.8 16.3 23.4 28.8 27.6 26.7 23.1 20.5 21.2 22.3 22.4 20.9 16.3 10.3 7.8 7.1 6.7 6.2 5.8 4.2 1.6 0.9 0.4 -0.2 -0.9 -1.7 -1.7 -1.7 -1.7 -1.7 -1.7 -1.7 -1.7 -1.7 -1.7 -1.7 -1.7 -1.7 -1.7 -1.7 -1.7 -1.7 -1.7 -1.7 -1.7 -1.7 -1.7 -1.7 -1.7 -1.7 -1.7 -1.7 -1.7 -1.7 -1.7 -1.7 -1.7 -1.7 -1.7 -1.7 -1.7 -1.7 -1.7 -1.7 -1.7 -1.7
71 65.5 61.1 60.4 66.2 70.6 73.6 75 78.1 81.1 79.8 76 70.9 64.8 60.3 56 51.7 45.5 31.6 23 27.1 37.1 43.3 44.4 42.2 39.7 37.9 37.6 37.3 36.4 31.6 24.5 16 7.8 6.7 6.2 5.9 5.5 1.6 1 0.3 -0.3 -0.8 -1.7 -1.7 -1.7 -1.7 -1.7 -1.7 -1.7 -1.7 -1.7 -1.7 -1.7 -1.7 -1.7 -1.7 -1.7 -1.7 -1.7 -1.7 -1.7 -1.7 -1.7 -1.7 -1.7 -1.7 -1.7 -1.7 -1.7 -1.7 -1.7 -1.7 -1.7 -1.7 -1.7 -1.7 -1.7 -1.7 -1.7 -1.7 -1.7 -1.7 -1.7 -1.7
77.9 71.6 64.4 58.3 56.8 62.4 65 67.9 74 78.8 80.9 80.6 79.1 76.5 73 69.3 64.4 53 31.6 30.8 39.7 51.4 56.5 56.9 57 54.6 51.4 48.2 45.2 41.6 37.4 32.2 24.9 8.6 6.2 6 5.7 3.3 1.1 0.4 -0.3 -0.9 -1.7 -1.7 -1.7 -1.7 -1.7 -1.7 -1.7 -1.7 -1.7 -1.7 -1.7 -1.7 -1.7 -1.7 -1.7 -1.7 -1.7 -1.7 -1.7 -1.7 -1.7 -1.7 -1.7 -1.7 -1.7 -1.7 -1.7 -1.7 -1.7 -1.7 -1.7 -1.7 -1.7 -1.7 -1.7 -1.7 -1.7 -1.7 -1.7 -1.7 -1.7 -1.7 -1.7
83.2 75.9 69.4 63.6 57.5 55.2 53.6 56.6 66.8 75.8 79.6 81.5 82.3 81.5 78.5 73.2 66.2 51.2 33.3 38.9 53 63 67.3 67.8 65.5 61.7 57.5 51 45.5 39.5 33.8 25.6 24.2 7.6 6 5.3 5.1 1.5 0.7 -0.1 -0.9 -1.7 -1.7 -1.7 -1.7 -1.7 -1.7 -1.7 -1.7 -1.7 -1.7 -1.7 -1.7 -1.7 -1.7 -1.7 -1.7 -1.7 -1.7 -1.7 -1.7 -1.7 -1.7 -1.7 -1.7 -1.7 -1.7 -1.7 -1.7 -1.7 -1.7 -1.7 -1.7 -1.7 -1.7 -1.7 -1.7 -1.7 -1.7 -1.7 -1.7 -1.7 -1.7 -1.7 -1.7
86.4 80.2 75.3 68.1 64.3 60.7 55.4 50.3 55.4 68.5 74.8 78.9 81.7 82.2 79.8 71 61 46.6 40.9 45 59.9 70.8 73.8 72.1 68.6 63.3 56.5 49.3 40.6 33.3 28.9 17.2 8.4 6.9 5.8 4.7 2.3 1 0.2 -0.6 -1.7 -1.7 -1.7 -1.7 -1.7 -1.7 -1.7 -1.7 -1.7 -1.7 -1.7 -1.7 -1.7 -1.7 -1.7 -1.7 -1.7 -1.7 -1.7 -1.7 -1.7 -1.7 -1.7 -1.7 -1.7 -1.7 -1.7 -1.7 -1.7 -1.7 -1.7 -1.7 -1.7 -1.7 -1.7 -1.7 -1.7 -1.7 -1.7 -1.7 -1.7 -1.7 -1.7 -1.7 -1.7
87.9 84.2 81.3 77.1 73.8 68.3 61.5 51.7 47.8 55.7 65.1 73.6 79.1 81.5 79.2 68.7 59.9 52.4 49.8 51.5 62.7 73.7 75.4 73.4 68.6 62.1 55.7 48.2 41.3 35 30.8 23.8 21 7.5 5.9 3.7 1.5 0.6 -0.3 -1.1 -1.7 -1.7 -1.7 -1.7 -1.7 -1.7 -1.7 -1.7 -1.7 -1.7 -1.7 -1.7 -1.7 -1.7 -1.7 -1.7 -1.7 -1.7 -1.7 -1.7 -1.7 -1.7 -1.7 -1.7 -1.7 -1.7 -1.7 -1.7 -1.7 -1.7 -1.7 -1.7 -1.7 -1.7 -1.7 -1.7 -1.7 -1.7 -1.7 -1.7 -1.7 -1.7 -1.7 -1.7 -1.7
87.6 83 77.9 76.9 76.3 75.1 69.1 59.7 46.7 47.5 56.4 68.4 79.3 82.9 83.2 80.1 73.4 67.4 64.1 63.3 69.6 74.8 76.8 76.5 71.3 65.5 58.5 51.3 45 38.5 32.9 35.3 34.2 32.3 6.7 4.6 1 0.1 -0.8 -1.7 -1.7 -1.7 -1.7 -1.7 -1.7 -1.7 -1.7 -1.7 -1.7 -1.7 -1.7 -1.7 -1.7 -1.7 -1.7 -1.7 -1.7 -1.7 -1.7 -1.7 -1.7 -1.7 -1.7 -1.7 -1.7 -1.7 -1.7 -1.7 -1.7 -1.7 -1.7 -1.7 -1.7 -1.7 -1.7 -1.7 -1.7 -1.7 -1.7 -1.7 -1.7 -1.7 -1.7 -1.7 -1.7
86.7 82.6 77.2 71.8 74.3 74.9 72.2 64.9 49.6 44 54.4 65.6 78.2 84.4 87.9 88 86 84 82.2 82.6 84.9 86.5 87.4 84 80.2 76.4 70 63.4 58.5 50.7 45.5 41.9 39.5 36.2 6.5 1.5 0.6 -0.3 -1.7 -1.7 -1.7 -1.7 -1.7 -1.7 -1.7 -1.7 -1.7 -1.7 -1.7 -1.7 -1.7 -1.7 -1.7 -1.7 -1.7 -1.7 -1.7 -1.7 -1.7 -1.7 -1.7 -1.7 -1.7 -1.7 -1.7 -1.7 -1.7 -1.7 -1.7 -1.7 -1.7 -1.7 -1.7 -1.7 -1.7 -1.7 -1.7 -1.7 -1.7 -1.7 -1.7 -1.7 -1.7 -1.7 -1.7
85.4 82 76.7 65.7 67.5 69.2 66.3 54.4 42.7 44.9 58.6 71.9 81.3 86.6 89.4 90.2 89.9 89.3 88.3 90 91.5 91 89.7 87.7 84.3 80.9 77.3 74.8 71.1 65.3 60.2 54.4 48.2 46 7.4 1.5 0.3 -0.7 -1.7 -1.7 -1.7 -1.7 -1.7 -1.7 -1.7 -1.7 -1.7 -1.7 -1.7 -1.7 -1.7 -1.7 -1.7 -1.7 -1.7 -1.7 -1.7 -1.7 -1.7 -1.7 -1.7 -1.7 -1.7 -1.7 -1.7 -1.7 -1.7 -1.7 -1.7 -1.7 -1.7 -1.7 -1.7 -1.7 -1.7 -1.7 -1.7 -1.7 -1.7 -1.7 -1.7 -1.7 -1.7 -1.7 -1.7
81.3 79.3 75.7 67.2 60.5 59.4 54 44.6 38.4 48.8 62.6 79.8 85.9 90 91.2 90.7 89.8 89.1 89.2 89.9 90.1 90.1 88.8 85.7 81.4 77.6 73.2 69.4 66.3 62.3 59 54.8 47.2 45 40.1 1.6 0.2 -0.9 -1.7 -1.7 -1.7 -1.7 -1.7 -1.7 -1.7 -1.7 -1.7 -1.7 -1.7 -1.7 -1.7 -1.7 -1.7 -1.7 -1.7 -1.7 -1.7 -1.7 -1.7 -1.7 -1.7 -1.7 -1.7 -1.7 -1.7 -1.7 -1.7 -1.7 -1.7 -1.7 -1.7 -1.7 -1.7 -1.7 -1.7 -1.7 -1.7 -1.7 -1.7 -1.7 -1.7 -1.7 -1.7 -1.7 -1.7
75.9 75.6 72.8 67.9 58.8 51.8 43.2 34.3 44.2 56.1 70.9 83.6 89.1 90.9 91.3 89 85.6 83.8 86.5 87.8 87.6 86.7 85.1 81.2 74.7 68.2 62.9 59.3 56.4 53.3 49.7 44.2 40 36.7 31 21.6 0.5 -1.7 -1.7 -1.7 -1.7 -1.7 -1.7 -1.7 -1.7 -1.7 -1.7 -1.7 -1.7 -1.7 -1.7 -1.7 -1.7 -1.7 -1.7 -1.7 -1.7 -1.7 -1.7 -1.7 -1.7 -1.7 -1.7 -1.7 -1.7 -1.7 -1.7 -1.7 -1.7 -1.7 -1.7 -1.7 -1.7 -1.7 -1.7 -1.7 -1.7 -1.7 -1.7 -1.7 -1.7 -1.7 -1.7 -1.7 -1.7
67.7 70.1 69.4 65.9 58.4 39.2 32.2 40.6 51.8 66.6 76.8 85.2 89.7 91.2 90.6 87.4 81 75.8 79.5 81.9 83.4 83.4 82.1 79.6 72.9 59.7 52 46.9 43.8 42.2 38.1 30.2 24.7 19.5 13.9 1.7 0.3 -1.7 -1.7 -1.7 -1.7 -1.7 -1.7 -1.7 -1.7 -1.7 -1.7 -1.7 -1.7 -1.7 -1.7 -1.7 -1.7 -1.7 -1.7 -1.7 -1.7 -1.7 -1.7 -1.7 -1.7 -1.7 -1.7 -1.7 -1.7 -1.7 -1.7 -1.7 -1.7 -1.7 -1.7 -1.7 -1.7 -1.7 -1.7 -1.7 -1.7 -1.7 -1.7 -1.7 -1.7 -1.7 -1.7 -1.7 -1.7
