app/static/ascii/SX05.asc
ncols 200
nrows 200
xllcorner 200000
yllcorner 50000
cellsize 50
[rows 111 to 147 of 200, columns 0 to 82 of 200]
232.3 230.4 226.4 220.7 215 207.3 200 194 189.2 186.6 186 184.6 183.8 181.2 176.8 172.1 161.7 140.5 117.3 119.8 130.2 149.5 159.7 166.4 170.5 173.8 176.4 177.2 175.8 174.2 175.6 178.9 185.2 190 192.9 194.8 194.3 192.4 190 186.5 181.5 179.4 181.3 180 179.2 179.1 179.3 180.1 179.4 181 180.8 180.6 180 179.5 179.4 179.9 179.1 177.2 173.7 174.1 174.8 174.6 174.1 173.6 172.8 171.1 169.8 167.2 164.9 160.8 155.9 152 148.7 143.2 136.1 130.6 127 124.9 123.1 121.8 119.5 115 110.5
227.6 225.4 223.1 218.4 212.2 205.5 199.4 192.7 188 183.7 182 180.7 178.7 176.9 174.5 169.4 161.8 144.3 122.4 114.9 121.1 142.9 153.1 159 165.7 168.4 170.7 172 172.6 172.5 173.8 177.2 182.8 187 189.7 191.8 192.5 190.6 188 184.4 180 177 176.8 176.3 174.3 174 173.9 173.3 173.4 174.2 174.3 174.3 173.7 173 172.7 173.2 173.7 172.1 168.2 169.2 170.1 169.7 169.8 170.4 170.6 169.6 167.6 165.4 162.4 158.2 153.3 150 144.6 139.5 135.1 131.2 128.1 125.1 123.4 121.8 120.2 116.9 111.6
223.9 222.1 219.1 214.8 208.7 202.4 196.3 190 185.8 181.7 179.2 176.7 173.3 171.6 170.2 164.8 157.4 143.1 124.5 110.6 117 134.5 145 151.1 157.7 161 164.1 165.9 168.2 170.3 172.6 174.7 180.4 184.9 188.3 189.8 191.1 190.3 187.1 183.4 179.3 175.4 173 171.7 169.4 168.8 167.2 168.2 168.1 168.4 168.3 167.9 167.4 166.3 167.1 167.6 167.1 165.8 162 163.8 165.2 165.1 164.9 165.5 166.2 166 164.1 162.1 159.6 155.8 151.2 147.3 142.9 137.8 133.9 130.1 126.8 124 121.3 118.9 117.4 113.8 107.6
220.1 217.6 215.1 210.4 205.2 197.9 191.3 186.8 183.6 180.4 178 175.4 171.1 167.4 163.6 158.4 149.9 143.3 125.1 110.8 110.3 127.7 134.2 142 148 151.7 154.8 159.7 162.4 167.8 172 173.1 177.1 183.4 188.3 190.9 189.8 188.5 185.9 182.4 178.6 174.7 169.9 167.6 166.6 165.1 160.9 161.9 163.5 163.9 163 161.7 160.2 160.5 161.7 162 161.3 160.5 155.1 157.6 159.9 160.4 160.3 160.6 161.7 162.1 160.1 157.3 156 152.8 147.4 143.8 140.2 135.6 132 128 124.6 121.8 118.3 115.1 112 106.7 100.1
215.2 213.5 211.1 208 203.7 196.9 190.8 187.2 184.3 181.8 179.7 177.5 174.9 171.2 169.6 167.8 161.7 152 130.9 113.6 108.3 110.8 121.7 129.4 134.3 136.8 143.1 150.6 157.5 163.6 169.1 172.1 178.2 184.5 189.3 191.4 190.2 187.9 184.9 181.5 177.8 173.3 168.4 164.7 162.5 162 157.6 156.9 158.5 157.7 157.3 156.3 153.9 154.8 156.2 156.7 156.7 153.9 151.2 152.8 154.3 155.4 155.5 156.1 157.1 157.4 155.4 153.4 151.7 148.2 144 139.2 135.1 131.6 128.2 124.8 120.7 117.9 115.1 111.6 107.4 100.7 93.3
210 208.7 207.5 206.1 201.8 197.3 193.4 189.1 186.2 184.3 181.7 178.5 176.2 175.6 174 173.7 168 155.2 135.4 116.1 104.7 106.6 111 115.4 118.1 120.6 131.1 145 155 161.6 167.2 172 179.2 186.3 191.9 194.5 193.5 187.7 183.9 180.9 176.4 171.9 166.6 161.4 158.2 157.3 151.6 151.6 154.3 153.5 152.6 151.5 148.6 150.4 152.4 152.7 152.7 151.5 146.5 147.8 149.4 151.2 151.7 152.2 152.5 152.4 150.8 148.5 146.8 142.8 139.3 135 131.2 127.5 123 118.9 116.5 113.7 110.7 107.9 104.2 97.5 88.5
208.5 206.2 204.7 203.6 202.8 201 198.2 193.7 189.3 188.5 184.4 180.6 177.2 174.8 173.2 171.4 168.2 159.1 140.2 117.1 105.1 103.5 102.7 106.1 108.8 114.9 126.7 141.8 150.9 156.6 163.2 170.8 180.6 188.6 193.8 196.5 197.4 190.5 183.7 179.8 175.2 170.7 166.2 159.7 153.5 149.4 147 146 148.8 148.3 147.3 145.9 144.3 144.8 146.7 147.6 147.9 147.7 141.6 143.3 145.1 145.8 146.3 147.1 147.4 147.3 146 144.2 141.2 137.3 134.1 130.1 125.9 121 116.8 114.1 111.2 108.1 105.4 103.4 100.7 93.9 84.7
206.1 204.2 202.6 201.6 201.3 201.2 200.7 198.8 193.7 191.5 188.3 184.5 180.7 175.9 171.3 169.1 164.7 158.5 139.7 119 110.3 105.8 100.6 99.8 103.8 109.2 123.1 137.5 143 147.1 155.5 168.5 180.1 187.9 192.9 196 196.5 192.1 184 178.7 174.1 169.7 165.3 157.6 148.7 146.9 140.3 139.8 141.9 142.3 141.2 141 138.8 137.9 140.8 141.6 141.8 141.5 136.4 137.7 139.8 140.3 140.8 141 141.3 141.2 139.8 138.1 136.1 132.1 128.3 123.1 118 113.7 110.1 107.4 104.6 102.5 100.6 97.5 93.3 88.8 83.1
203.1 200.8 199.9 200.3 200.3 200.6 200.7 200.9 197 193.8 190.9 187.6 183.7 178.7 171.8 167.1 161 154 141.2 127.2 114.9 109 102.9 100 100.5 105 117.6 131.8 137.6 142 146.7 166.1 178.8 185.6 190.3 193.2 193.5 189.6 184.5 179.3 173.9 168.9 163.7 157.1 151.5 145.9 138.7 130.5 132.5 133.7 134.5 133.1 130.8 129.8 135.1 136.3 136.7 136.3 134.2 132 134.9 135.7 136.8 137.7 137.7 137.1 135.6 133.8 131.6 127.8 122.6 117.8 113.2 109.5 105.6 102.3 99.9 97.6 95.4 92.3 88.2 83.6 77.9
200.4 198.2 197.4 198.4 198.7 200.9 201 201 198.6 195.3 191.2 188.1 185.6 182 175.3 168.7 161.3 152.6 144.7 137.2 125.1 116 105.2 99.3 99.2 104.7 114.5 124.8 132.3 138.7 149.1 165.4 177.4 183.7 186.3 188.2 187 185.2 182.2 177.7 173.4 168.6 163.2 157 149.7 143.8 136.8 129.1 124.1 122.3 126.5 125 121.4 119.1 126.8 128.7 130.3 131.1 130.2 127.3 130.4 131.4 132.3 133.8 133.8 132.8 131.2 129.1 127 122.6 118.8 114.3 109.4 105.1 101 98 95.1 92.9 90.8 88 84.2 78.3 71.4
196.4 196.1 195.2 195.5 197.3 200.6 200.9 201 199.3 195.1 190.7 188.3 186.5 182.9 178.8 169.4 161.9 154.9 148.4 140.3 133.9 123.8 108.5 100.8 98.8 104.1 112.8 121.3 127.8 136.1 148.2 165.1 175.1 181.8 183.9 184.3 182.8 181.9 179.2 175.1 170.8 166.5 161.5 155.7 148.2 141.8 136.5 128.6 120.9 114.1 112.2 115.7 114.6 113.8 115.8 118.3 120.9 122.9 119.9 121.1 125.9 127.6 128.9 130 129.1 128.4 127.4 125.3 123.1 119 115.5 111 105.1 100.3 96.4 94.2 91.8 89.4 87 84.3 80.4 75 68.4
190.7 191.5 192.2 192.8 195.1 199.7 201.4 201.4 200.5 197.5 192.4 189.1 187.2 185.1 178.8 171.6 164.3 158.3 150.7 143.5 134.8 124.9 112.5 103 96.3 97 109.5 121.1 130.1 138.1 146.6 164 173.2 179.5 181.4 180.1 179.1 178.6 176.2 172.4 168 163.2 157.8 152.8 145.1 139.3 133.9 125.3 120.4 112.8 106.6 106.5 109.4 106.5 111.4 112.9 113.6 113.7 113.8 116.4 121.1 123.5 125 125.7 125.1 125 123.1 120.7 118.2 115.4 112.3 107.6 101.2 96.8 92.9 90.7 88 86 83.8 80.8 75.6 72.3 68.2
182.8 185.9 186.9 188.7 191.7 195.7 200.3 201.9 200.9 200.2 195 190.7 188.6 186.3 183.4 180.3 171.3 163 153.6 145.8 138.1 126.5 114.1 106.3 95.8 94.1 106.3 120.9 136.1 144 151.7 165 173.7 176.5 179.1 178.5 177.6 175.9 172.5 168.9 164.2 159.2 153.6 148.3 141.7 136 130 122.7 118.2 110.5 103.2 101.5 102.8 101.9 106.9 108.5 109.1 108 109.2 112.7 116.9 119.3 121 121.9 121.5 120.1 119.1 116.2 113.6 111 108.1 103.7 97.9 93.6 89.8 87 83.9 81.2 78.5 76.3 73.3 70 65.5
178.6 179.2 181.7 184.2 186.7 191.2 195.8 199.9 200.9 200.5 196.8 194.3 190.5 189.3 188.2 187.1 182.8 171.5 159.5 150.5 142.2 130.3 117.8 107.5 97.7 93.4 105.3 121.2 140.4 151.2 158 166.2 172.6 175.5 176.1 176.5 175.4 172 168.6 165.2 161 155.3 150.6 144.4 139 131.5 123.7 119.1 114.4 107.8 102 97.5 95.4 95.3 101.6 103.2 103.6 103.5 104.8 110 114 116 117.8 118.8 118.1 116.7 115.2 112.9 110 107.4 104.7 99.7 95.1 91 87.1 84.3 80.3 76.9 73.6 72.4 70 65.7 61.2
173.1 175.8 177.6 178.9 181.3 184.9 188.8 192.4 194.9 195.9 195.2 193.4 190.8 190.9 191.6 192.3 189.2 182.7 172.1 158.1 146.1 134.3 120.1 107.6 96.6 92.5 103.7 123.5 141.2 156 164.6 170.1 173.5 174.7 174.5 173.1 171.9 169.1 165.6 162.2 158.1 152 147.2 141.5 135.3 128.5 122 117 111.7 106.7 100.9 95.3 89.5 89.3 94.4 97.6 98.3 99.3 104 107.5 111.3 113.6 115 115.6 114.6 113.5 112.5 110 107 104.5 101.7 96.6 92.6 89.5 86 81.1 77.5 74 70.7 69.1 65.4 62.2 57.7
171.5 173.2 174.4 174.4 174.6 177.8 180.2 183.1 186.6 188.4 189.6 189.3 189.2 190.8 192.3 193 191 185.3 175.4 164.5 149.1 137 119.1 102.2 93.9 90.5 104 126 143.8 161.7 169 172.9 174.4 175 172.9 170.7 168.5 165.8 163.1 159.5 154.8 149.4 144.5 138.4 133.2 125.5 121 115.4 110 105.2 101.1 96.1 90.7 88 88.6 89.1 93.1 97.5 102 105.6 108.9 111.4 112.2 112.6 112 111.3 110.2 107.7 105.9 102.1 99.1 96.1 92.9 88.7 84.3 79.8 76.2 73 70.3 66.4 62.9 59.7 56.2
168.9 171.5 172.3 172 171.8 172 173.4 174.7 176.9 179 180.4 181.3 182.4 186 190.2 190.8 190.4 184.5 175 164 150.7 138.8 121.3 102.6 91.6 91.7 104.5 116.8 137.2 158.6 170.5 174.2 175.9 174 171.1 168.2 165.3 162.1 159.5 156.3 151.4 146.6 141.9 135.6 130.7 124.2 119.7 114.5 108.7 104.4 100.1 95.8 91.4 86.3 84.4 86.8 90.9 96.9 100.3 103 105.7 107.6 108.7 108.7 108.6 107.9 107.6 107.2 105.4 102.2 99.6 95.9 92.8 90 86.1 82.4 79.2 74.4 71.1 68.3 65.4 61.9 58.6
165.5 168.5 169.4 168.1 166.7 167.9 168.3 169.3 169.7 170.3 171.8 173.4 176.4 180.3 185 190.7 188.8 183.9 175.3 163.3 151.3 141.4 127.4 99.3 89.1 92.5 109.5 121.4 134.8 153.6 166.8 172 173.2 171.5 168.8 165.9 162.2 158.6 155.7 152.7 147.2 142.9 138.6 132.5 126.6 122 118 114.2 108.8 104.8 100.1 95.5 92 86.4 79.9 82.6 88.1 94.1 98.2 100.8 102.4 104.2 104.8 104.4 104.4 103.9 105 104.7 103.5 101.4 99.5 96.5 94.1 91.4 88.4 85.2 81.9 77.6 73.4 70.6 67.7 64.3 61.7
161.1 163.7 164.6 163.7 162.1 163.7 164 164.9 166.4 166.3 166.4 168.6 171.5 175.1 181 186.6 186.2 182.4 173.7 161.7 152.5 145.1 130.1 97.3 88.2 98.4 112.1 130.3 139.5 156.7 165.7 169 169.9 168.4 166.2 161.7 157.7 154.2 149.9 146.2 142.6 138.1 132.6 128.9 123.4 121 117.4 113.9 110 104.8 99.4 94.9 91.7 86.2 79.7 81.1 85.6 90.9 94.2 97 99.1 100.4 100.4 100.3 100.3 100.7 101.1 101.2 100.1 99.4 98.4 95.9 93.9 91.6 89 86 83.2 80.1 76.6 72.7 69.6 66.7 64.1
155.5 159.1 159.7 159.2 156.8 158 158.4 159.9 165.3 162.1 162.2 164.3 167 170.6 175.4 180.9 182.1 180.8 173.1 165.2 157.5 149.1 125.9 95.9 86.3 104.1 123.3 137.7 151.8 163.3 165.4 166.8 166.8 165 161.8 157.9 154 148.7 143.5 139.4 137.4 133 128.9 124.4 121.3 118.7 115.9 113.1 109.7 104 99.4 94.5 90.7 85.9 78.3 77.4 81.2 86.4 90.2 92.8 94.6 96.1 96.7 95.8 95.5 96.5 96.5 96.9 96.6 95.6 95.1 94.2 92.9 90.9 88.2 85.5 83.1 80.7 78.1 75.1 72.6 70.3 68.5
149.6 152.8 155.2 154.1 151.9 151.9 152.9 154.4 155.8 156.1 157.3 159 161.9 164.8 168.4 173.2 176.4 175 171.7 165.7 160.9 148 118.1 91.2 83.7 107.7 127.2 140.7 157.6 165.3 164.6 166.4 164.6 162 157.8 153.2 149.1 144.5 138.9 136 135.9 128.6 124 120.3 118.5 115.9 114.5 112.4 109 104 100 95.1 89.7 84.5 76.1 75.9 77.4 82.4 86.6 88.1 90 91.5 92.2 92.2 92.5 92.5 92.1 92.3 92 92 91.2 90.5 89.5 87.7 86.2 83.8 82.4 80.9 79.3 77.1 75.1 72.7 71.4
143.1 146.2 149.7 149.6 147.6 146.7 147 148.3 149.4 151.1 152.2 154 155.7 157.6 160.8 163.6 166.6 167 167.6 165.5 158 139.2 110.7 85.4 86.7 111.9 129.2 144.8 158.2 162.2 163.9 163.6 161.1 158.1 155.1 150.1 146.7 139.6 132.4 128.6 129.6 123 118.7 117.4 115.5 113.8 112.7 110.7 108.1 104.9 100.9 96.4 90.8 85 75.2 72 73.7 78 82.8 83.6 85.8 87 87.6 88.8 89.4 89 88.9 88.4 88.3 87.9 86.7 85.7 84.7 83.2 81.7 80.1 79 78.4 77.4 76.3 74.7 72.5 71.3
136.3 141.2 145 145.9 143.7 142 141.2 141.5 141.9 143 145.4 148.2 149.7 150.9 152.2 154.3 157.3 159.9 161.4 160.7 154 130.2 103 78.5 90.5 116.9 133.3 145.7 156.8 159.5 160.4 159.9 156.8 154.1 151.5 147.2 141.6 134.1 128.3 124.5 123.6 118.3 114.9 114 112.3 111.4 110.8 109 107.5 105.2 101.4 96.6 91.3 85.4 76.8 70.7 69.7 73.5 78.4 80.6 82.1 83.3 83.6 85.3 85.7 85.6 85.3 84.6 84.6 83.3 82.2 81.4 80.6 79 77.4 76.2 74.9 74.1 73.4 72.4 71 69.3 67.2
127.5 135 139.2 141.6 139.1 136.4 133 133.5 134.9 138 141.2 142.9 143.7 144.9 147 149.3 150.6 152.7 154.6 154 144.9 124.5 96.9 79.7 94.2 117.8 133.8 150 153.3 156 155.7 154.1 152.7 150.9 147 143.3 137.3 132.2 128.2 125.1 118.9 114.4 112.4 110.4 109 108.1 107.9 106.1 104.8 102.9 99.3 95.3 90.3 84.4 76.7 68.9 67.8 69 72.8 76.7 78.4 79.9 80.3 80.7 81.6 81.7 81.6 80.6 81 79.8 78.8 77.4 76.5 75.2 73.6 72.2 71 69.6 68.9 68.3 66.9 64.4 61.1
121.9 129.9 134.1 135.7 133.6 129.3 125 125.7 126.4 130.4 133.5 137 137.5 138.6 140.6 142.3 144.6 145.5 147.5 147.5 138.6 117.6 86.7 76.3 98.2 118.8 137.1 145.9 148.7 148.8 150.8 150.6 149.3 147 142.4 138.8 134.4 129.6 124 120 114.6 111.4 109 107 106.3 104.9 104.8 103.6 102.3 99.5 96.2 92.3 87.3 81.1 74 67.4 66.3 67.7 68.2 72.1 74.6 76.1 76.7 77.2 77.8 77.9 77.9 77.6 77.5 76.7 75.7 74.7 73.2 72.2 70.9 68.3 66.9 65.1 63.7 62.4 60.8 57.5 55.3
118.7 124 128.2 130.1 128.6 123.1 117.4 115.8 116.3 121.3 125.8 129.3 131.2 132.3 134 135.5 137.1 138.9 140.1 139.7 129.6 100 76 77 98.5 115.5 133.1 141.2 143.7 145.4 147.2 146.5 145.2 142.8 139.2 134.6 129.7 125.5 120.1 114.7 111.2 108.5 105.6 103.4 102.4 102.3 102 101.3 99.7 96.7 92.7 88.1 82.8 76.9 70.6 66 65.8 64.6 65.3 68.2 71.1 72.3 72.9 73.5 74 74.2 74.2 73.8 74.2 73.5 72.5 71.5 70.3 69.1 67.8 65.3 62.6 60.8 58.6 56.4 53.7 50.7 48.2
112.8 115.6 118.2 120.7 119.9 114.7 107.3 104.5 104.2 109 114.8 119.1 120.2 123.1 127.3 129.4 130.5 132.4 132.8 125.1 104.2 89 71.2 77.9 98.2 113.3 130.3 136 137.9 141.2 142.2 142 140.6 138.1 133.7 129.6 125.4 122.5 116.9 111.9 108.4 105.9 103.1 100.6 98.7 99.6 99.4 98.7 98.1 94.2 90 85.8 79.1 73.4 69.4 65.3 63.1 61.8 62.2 64.6 67.6 68.8 69.7 70.5 70.3 70.3 70.5 70.9 71.1 70.3 69.3 68.2 67 65.8 64.6 61.9 59.3 56.8 54.1 51.1 46.2 44.1 42.5
105.5 105.8 107.7 109.9 109 105 98.2 94.6 93.6 94.6 97 100.8 105.9 111.1 117 121 123.1 125.1 123.7 107.3 87.3 73.9 68.9 86.3 100.7 115.3 128.6 132.2 133.9 136.4 137 136.7 136.2 131.5 129 126.6 123.8 121.2 115.8 109.6 105.7 102.5 100.5 97.8 95.6 96.1 97.2 96.9 96.1 93.3 88.9 84.4 78.7 73.7 69.9 66.1 62.2 60.2 60.2 61.5 64 66.2 66.5 67.1 68.2 67.8 68 68.4 67.7 67.2 66.1 65 63.7 62.5 61.2 59.2 56.3 53.7 50.8 47.4 43.4 41 39
91.7 95.4 95.9 95.9 96 91.9 84.9 78.7 80.4 82.3 83.9 84.3 93.2 98.2 104.8 109.6 114.1 115 107.8 85.5 70.1 66.8 83.4 93.1 104.7 118.7 125.4 127.1 129.2 130 130.5 131.2 130.2 128 125.6 123.7 120.9 118.7 114.7 108.7 104.2 99.8 97.2 94.7 91.9 93.8 95 95.3 93.9 91.3 87.1 82.8 78.9 73.8 69.7 66 62.5 59.5 59.1 59.2 60.8 63.5 63.3 64.6 65.2 66 65.9 65.6 64.8 63.9 63 62.2 59.9 59.2 58.2 56.1 53.5 50.6 47.5 44.3 41.1 38.8 36.7
70.2 74.3 75.7 79.1 81.2 79.1 75.2 68.4 68.7 70.3 72.7 73.6 82 85.4 92.2 97.5 99.5 96.2 85.1 67.5 64.3 79.1 89.7 102.7 113.1 118.6 120.5 121.7 123 123.3 123.5 124.4 124.7 123.2 121.7 120.3 117.8 115.4 112.7 108 103.3 98.2 94.3 91.3 89.5 91 92 92.1 91.5 88.8 85.6 80.9 77.7 73.4 69.4 66.3 63.4 59.7 58.7 58.6 58.2 59.9 60 61.9 63.2 63.6 62.9 62.2 61.6 61.1 60.2 59.4 57.3 56.6 55.7 53 50.1 49.1 45.9 43.1 39.2 37 34.7
67.7 63 63.4 63.1 62.9 61.3 60.7 59.9 60.3 58.9 62.9 65.3 69.6 78.1 80.7 86.1 81.5 74.5 64.6 58.2 68.1 80 94.9 105.1 111.3 114.7 115.2 115.7 116.8 117 116.7 117.3 118.4 119.1 118 116.5 114.5 113.2 110.9 107.5 103.2 98 92.7 89.4 87.6 87.4 88.7 89.2 88.6 87 83.7 80 76.9 72.9 68.5 66.8 64.4 60.4 58.2 57.3 55.7 56.5 58.1 59.6 61 60.8 60.1 59.5 58.9 58.9 58.2 56.7 55.1 53.9 53.1 50.2 48.2 46.2 45.5 42.4 38.3 35.2 33.1
83.5 79.6 71 65.8 61 60.3 58.6 56 54.6 54.6 55.1 54.3 57.8 63.9 70.5 72.7 67.4 55.5 51.9 54.3 62.6 77.6 93.7 101.9 105.3 108.9 110.3 110.6 110.8 110.9 110.2 110.9 112.2 112.8 112.3 111.9 111.7 111.1 109.3 106.4 102.6 97.3 92 88.3 84.4 83.7 84.7 85.4 85.1 84.1 82.5 79.8 76.9 73 68.9 64.6 63.4 60.8 57.7 55.8 54.3 54.1 55.2 56.7 58.3 58.8 58.2 57.6 56.9 56.5 55.8 54.5 52.8 51.1 49.6 46.6 45.1 44 43 39.3 35.2 32.1 30.1
95.6 92.1 84.5 78.9 82.3 82.5 78.8 71 62.3 54.3 52.1 50.6 48.7 48.6 55.1 59.7 55.5 51 50.1 51.7 58.9 74.4 91 96.7 99.6 102.4 103.2 104.3 104.5 104.8 105.6 105.7 106.4 106.9 106.8 107.8 109.3 108.9 106.4 104.4 101.2 96.1 90.1 87 82.5 79.3 81.1 82 81.9 81.8 80.4 79.6 76.9 73 69 66.4 63.6 60.3 56.9 54.6 53.8 53.7 54.1 54.9 55.8 56.2 56.3 55.7 54.9 54.2 53.5 51.5 50 47.6 45.1 44.2 43.3 42.2 38.8 36.2 32.6 29.5 28.7
101.3 98 92.1 92.7 98.2 100.4 99.3 95.2 87.7 79.5 70.1 58.3 48.5 48.2 48.2 49.6 48.9 50.3 50.3 50.9 61 75.4 86.4 91.6 94.6 97.1 98.6 100.2 99.9 100.3 100.7 100.3 101.2 102.8 103.8 104.8 106.1 105.8 104.9 102 99.3 95.8 90.9 85.1 81.1 76.4 75.7 77.1 77.5 77.7 78.3 77.6 76.2 73.5 70.9 68.1 64 60.6 56.9 53.9 53.2 52.8 52 52.2 52 52.8 53.7 53.6 52.9 52 51.9 50.6 48.7 45.9 43.7 42.5 41.5 39.1 35.6 33.3 30.5 28.7 28.1
105 102.4 99.1 101.5 104.9 107.5 108.7 105.8 101.1 94.4 85.7 74.9 61.5 51.3 47.9 47.3 46.9 48.5 49.2 49.1 61 74.8 81.8 86.2 90.7 92.1 93.5 95.2 94.7 95.1 95.5 94.8 97.5 98.8 100.7 101.9 102.9 102.6 102 99.8 97.2 94.3 89.9 84.3 78.5 73.9 72.6 72.8 73.6 74.7 75.9 76.1 75.8 74.4 72.2 69.2 65.6 61.6 58.2 55.3 53.3 51.5 50.6 50 49.1 49.8 50.7 51.5 50.5 50.3 50 48.8 47.2 45.2 42.7 41.1 39 35.7 34.4 32.2 30.1 29 29.5
106.5 106.1 105.6 107.5 110.9 111.2 111 108.4 104.8 97.1 90.6 80.7 67.6 55.5 47 45.3 45.5 46.3 46.4 46.9 59.2 69.8 78 82.1 84.9 88.7 90.1 88.5 89.1 88.1 89.6 91.1 92.9 94.8 96.7 98.7 100.6 101.4 99.8 97.4 95.3 91.7 86.4 81.9 77.7 73.4 70.1 70.4 72 73 74.6 75.2 75.8 74.3 72.2 70 66.3 62.7 59.5 56.6 53.9 51.5 49.6 48.9 48 47.4 48.1 47.9 48.1 48.5 47.4 44.9 41.9 42.9 40.9 38.9 36.6 34.4 33.5 32.4 31 33.9 38.2
106.2 107.1 108 110 111.1 111 109.6 106.9 102 94.7 89.2 81.3 69.6 57.8 45.5 43.5 44.5 44 45.1 46.9 57.4 68.2 74.1 77.8 80.7 83.2 83.8 83 82.4 82.9 84.3 85.9 88 89.7 93 95.8 97.6 98.6 97.7 95 92.9 88.2 83.6 80.5 75.4 71 68 68.4 68.9 69.8 71.6 73.3 73.1 72.7 72.2 70.8 68 64.3 61 57.6 55.2 52.3 50.3 47.9 46 45.5 44.8 44.4 44.9 44.9 43.5 40.7 39.4 39.3 38.6 36.5 35 33.8 33.1 32.8 32.8 36.5 43.6
