app/static/ascii/SX07.asc
ncols 200
nrows 200
xllcorner 200000
yllcorner 70000
cellsize 50
[rows 37 to 73 of 200, columns 0 to 83 of 200]
111.5 114.3 116 115.7 116.4 117.5 118.1 118.3 118.1 116.7 113.7 108.9 103.2 95.9 88.8 85.9 84.3 78.2 70.1 58 52.8 60.9 62.6 59.5 68.2 72.8 77 81.4 83.8 85.8 87.1 89 88.5 89.7 91.5 91.2 91.8 94.1 97.1 101.1 107.2 112.7 116.4 117.8 118 118.1 117.9 118.1 118 113 102 91.4 101.3 106.7 106.7 97.6 78.5 73.6 80.6 83.2 90 97.1 108.6 114.8 120 124.3 126.4 129.1 131.8 133.1 132.4 123.4 107.3 92.1 76.5 68.6 80.8 103.3 114.6 122.7 126.4 127.6 128.1 128.3
103.4 107.2 108.9 109.9 111.5 112.2 112.6 113.2 112.7 111 107.9 102.9 97.4 88.7 80.2 75.2 73.1 68 61.1 50 57.8 65.9 69.6 69.6 66.8 68.4 73.4 78.7 81.2 83.8 85.3 87.3 88.7 89.9 90.2 89.7 88.7 90.9 94 98.6 104.7 111.5 117.3 120.4 119.4 119.1 117.7 117 117.2 110.7 99.2 81.6 88.8 96.5 101.9 97.7 85 69.7 75.6 91.4 99.6 105.7 109.9 113.6 117.9 119.7 120.4 120.8 121.7 123.1 120 110.6 90.5 72.5 65 70.7 88.4 101.9 113.1 119.1 123.3 125 125.2 125.9
95.9 102.2 103.1 104.1 105.6 106.5 107.2 107.3 106.8 104.8 101.3 96.6 90 80.6 72 66 62.2 57 50.6 49.6 60 68.6 75.7 78.8 79 77.5 76.1 75.4 79.6 82.1 83.5 84.9 86.3 86.9 86.9 86.1 85.6 86.5 90.3 95.3 102.1 108.5 113.4 116.7 115.9 112.4 110 109.2 110.7 109.2 100.7 79.7 75.8 84.7 90.3 92.3 81.2 69.8 79.2 93.7 103.2 108 110.5 113.3 117.1 118.9 117.9 115.3 109.5 105.7 102.2 95.8 75.7 63 67.3 77.7 85.4 96.1 105.9 112.1 117.4 120.7 123.1 124.1
89.9 96.2 96.4 96.9 99.1 99.4 99.3 99.7 99.3 97.9 95.1 90.7 85.1 75.7 70.2 58.5 52.7 46 48.3 54.3 65.1 75.6 82.4 84.9 84.2 82.3 81.2 80.9 80.2 79.2 79.2 80.6 81.9 82.4 82.2 81.2 81.4 82.9 87.4 92 98 103.4 108.3 110.2 107.9 105.1 102.5 102.7 102.8 102.6 100.1 89.3 70.7 70.1 75.2 66.4 63.7 63.5 79.9 90.1 98.9 104.2 108.2 112.9 117.2 119.4 119.6 116.7 103.8 88.8 83.4 76.6 62.4 62.5 71.8 86.4 93.6 96.6 101.3 108.1 112.9 118 121.9 125
79.3 86 87.6 88.1 90.4 90.4 89.5 90.8 90.8 89.3 86.7 83 77.5 72.6 65 50.3 42.6 48.3 55.6 65.3 77.9 86 88.3 88.6 87.7 86.8 85.9 84.7 83.4 81.7 78.6 76.8 77.2 76.6 76.4 76.6 77.3 79.5 83.5 87.4 93.1 97.9 101.7 103.9 102.6 99.6 95.1 95.8 95.9 96.3 95.5 90.8 76.3 61 57.6 59.1 64 71.8 81.2 88.6 96.7 104.4 108.5 112.5 117 118.9 119.2 117.7 110.7 91.8 77.7 59.8 57.2 67 83.2 94.8 101.3 104.1 107.6 112.6 115.9 118.9 123.5 127.5
67.2 71.6 73.8 77.3 80.3 80 79.8 80.8 81.2 80.8 78.2 75.8 71.1 65.2 55.7 43.8 45.9 56.8 68.6 81.1 88.7 91 91.8 91.9 91.2 89.7 88.8 87.9 86.6 84 79.9 75.8 72.5 71.8 70.7 72 73.2 75.6 78.5 82.9 87.6 91.4 93.2 94.8 94.6 91.2 83.5 85.8 88.2 89.9 92.2 88.2 77.2 57.8 55.8 63.9 74.2 85.2 96.1 100.9 104.8 108.1 111.3 114.2 116.3 117.6 118.1 116.4 113.5 101.2 82.7 58.6 59.2 69.8 90 99.1 106.4 111.4 114.5 117.8 120.2 122.5 125.1 127.7
56.5 62.2 66.4 70 71.3 72.7 72.4 74 74.5 73 71 68.3 64.2 53.8 44.4 42.2 53.1 68.4 83.1 89.4 92.5 94.2 94.8 93.6 93 91.4 90.7 90.1 88.9 84.7 80.2 75.6 71.8 68.1 66.1 67.7 69.7 71.8 74 78 82 85.2 85.8 86.3 85.6 82.4 70.5 69.7 72.9 75.9 76.2 74 65.2 52 57.6 74.2 86.4 93 100.8 106.6 109.6 112.4 114.8 116.4 116.6 117.4 117.6 114 111.9 100.5 78.5 55.2 58.4 71.6 90.9 99.8 106.6 113.8 119.3 122.7 124 124.7 125.5 126.1
49.2 54.6 59 61.1 62.3 64 65.8 67.5 66.9 65.7 63.7 60.7 50.4 40.4 39.1 49.2 62.2 78.8 86.7 90.3 93.5 95.8 95.3 93.6 92.7 91.3 90.3 89.3 86.7 82.3 77.5 73.8 70.1 66.4 62.1 63.5 66 67.5 69.8 73.3 76.1 78.3 78.7 78.9 77.6 74.1 65.7 55.2 53.7 55.8 56 54.1 51 51.6 67.2 81.2 87.4 95.9 102.4 107.7 110.5 113.3 113.1 114.7 114.9 112.6 109.4 106.8 102.5 91.8 71.3 54 59.6 72.6 88.1 95.8 103 111.7 112.4 117.9 124.3 123.9 125.8 126.1
43.7 49.5 54.8 56.7 56.7 58.8 59.7 60.8 60.6 58.8 57.1 52.4 36.9 38.4 47 60.2 71.9 79.2 84.5 87.7 90.1 92.4 93 93.1 90.9 88.1 86.7 84.5 83 79.7 75.7 72 67.8 63.7 59.8 60.2 61.7 63.1 64.9 68.5 70.5 71.4 71.8 72.2 70.8 67.4 62 51.1 45 44.8 46 46.6 49.2 64 74.3 78.9 85.9 92 98.3 102.7 104 105.4 106.2 106.7 106.2 104.2 98 95 88.6 78.6 61.4 54.1 63.9 74 83.1 91.6 99 106 110.4 116.5 117.7 118.4 120.2 112.9
40.3 44.8 48.8 50.3 51.4 53.5 54.8 55 54.3 51.8 49.2 38 38.5 46.6 59.1 64.7 69.1 74.6 77.6 81.3 84 86.3 87.8 89 87.8 84.2 81.6 81 79 75.9 72.7 68.8 63.9 61 57.9 56.7 58.3 59.5 60.8 63.1 64.7 65.2 66.2 66.2 63.9 60.8 56 42.1 43.8 48.9 51 55.3 61.6 68.5 72.3 77 81.2 86.7 91.2 94.9 97 98.5 99 98.5 95.8 93.6 89.4 85.3 79.9 69.8 56 54.7 63.6 74.2 80.1 89.5 97.2 103.1 106.9 109.4 110.2 108.9 103 95.2
37.5 40.7 44.4 45.6 47.5 49.6 51.2 51.1 49.7 46.7 39.4 34.8 43.1 50.2 55.6 61 64.2 68.7 70.8 74.8 77.5 79.8 80.7 81.3 82 79 76.3 75.2 73.4 70.5 68.3 65 62.1 60.6 56.7 53.7 54.7 56 56.8 58.2 59.8 60.4 61.3 61.4 58.7 55 46.5 41.2 47.5 51.7 54.1 56.6 59.6 64.4 68.2 73.3 77.2 80.8 84.1 86.9 89.2 91.6 91.6 90.1 87.7 84.5 81.9 79.1 71.5 57.8 51.9 54.7 64.4 72.8 79.1 85.5 92.4 98.8 104.1 104.5 103.4 97.6 88.5 86.8
35.6 36.8 39.9 41.5 43.3 45.4 47.5 48.1 47 43.7 30.8 38.7 45.2 50 53.6 57.4 60.4 63.5 66.6 69.7 72.4 74.8 74.8 74.2 73.8 72.3 71 69.8 68.8 66.7 64.7 61.5 59 56.4 53.6 50.9 51.1 52.2 52.5 53.5 55.1 56 57 57.4 55.5 49.7 42.1 40.5 46.3 49.4 51.9 53.6 57 61.3 65.4 69.8 71.9 74.7 77.6 79.9 82.2 84.1 83.9 82.4 80.8 78.1 74.3 70.8 64.6 52.1 51.5 57.4 65.3 71.1 77 81.7 85.9 90.1 92.3 92.3 87.3 84.7 78.6 90.5
33.1 34.5 36.7 38.3 40 41.8 43.7 44.7 44.1 37.6 33.7 40.5 45.5 49.2 51.9 54 56.3 59.3 61.5 65.2 67.5 67.9 67.9 67.7 67.2 66.7 66.3 65.4 64.9 64 61.8 58.9 56.2 53.3 50.8 48.7 46.8 48 48.4 49.1 50 51.1 52.1 54 53 48.3 42.4 39.5 44.5 47.1 50.2 51.9 55 58.2 62.1 64.7 66.8 68.6 70.5 72.8 75.1 76.2 75.8 75.4 73.4 71.4 67.7 63.5 57.2 48.2 51.5 59 65.8 70.6 74.1 76.8 79.8 80.1 79.9 76.8 73.5 74.2 83.5 99.6
30 31.7 33.8 35.3 36.8 38.5 39.9 39.7 37.8 30.4 35.9 41.2 44.6 47.4 49.8 51.5 52 55.1 58.4 60.9 62.6 63.1 63.1 63.1 62.6 62.1 62 61.5 61 60.2 58.9 57 54.3 50.9 47.8 46.1 44.3 44.5 45.1 45.7 46.5 46.4 46.9 48.6 48.7 46.7 41.6 39 42.6 43.4 46.8 47.9 50.7 54.2 57.3 59.1 61 61.9 62.7 65 67.5 69 69 68.6 67.3 65.6 62.3 57.9 50.1 44.5 49.3 55.4 60.2 64.2 66.9 68.7 70 66.8 65.8 68.6 73.6 79.2 96.8 108.5
27 28.9 31 32.5 33.9 35 35.5 34.6 33.1 31.2 36.4 40.7 43.5 45.6 47.6 47.9 48.3 51 53.7 55.9 57.8 58.3 58.5 58.5 58 57.6 58.1 57.7 57 56.4 55.8 55.4 52.7 50.1 47.5 45.1 42.7 41.3 41.7 42.4 42.4 42.4 42.4 43.3 43.8 43.8 40.4 36.9 38.9 41 41.3 44.2 46.4 49.4 52 53 54.3 55.1 56 57.3 59.6 62.4 63.4 62.8 61.5 59.5 57.5 54.2 46.3 43.3 45.8 49.6 51.9 55.2 57.8 60.3 62.7 66.8 70.1 73.8 84.5 95.3 100.4 109.8
24.6 26.7 27.8 28.9 29.9 30.8 30.8 29.3 28.1 32.8 36.7 39.3 41.9 43.6 43.9 43.6 44.6 46.6 48.8 50.6 52.1 53.4 53.9 54 53.7 53.9 54.3 54.2 53.8 53.1 52.2 52.2 50.6 47.5 45.3 43.5 41.7 40.5 39.8 39.4 39.2 39 39 39.1 39.7 40.3 39.6 36.6 36.7 37.6 39.5 40 42.6 44.8 46.6 47.3 47.8 48 49.6 50.9 52.8 55.2 55.9 55.7 51.7 49.5 47.3 45.8 47.8 50.1 47.5 55.8 60.6 64.7 68.7 72.7 74.8 76.4 80.7 85.3 94.5 95 101.2 109.8
23 23.2 23.8 25.1 26.1 26.7 26.6 27 29.4 32.6 35.2 37.1 39.1 40.7 40.3 40 41.1 42.4 44.1 45.2 46.8 48.1 48.8 50 50 50.3 51.3 51.7 51.1 50.3 49.3 48.8 48.2 46.3 43.3 41.6 39.8 38.4 38.1 37.8 37.1 36.1 35.9 35.9 36 36.3 38.2 36.5 33.9 34.5 34.6 36 39.1 40.2 40.8 41.4 41.9 42 42.7 44.5 46.7 46.5 46.2 44.6 43.4 44 45.2 47.8 54.5 60.9 54.3 58.3 66.6 70.7 74 78.4 82 87.3 91.8 96.1 101.3 103.6 107.2 111.2
21.5 21.9 22.6 23.8 23.9 24.1 25.3 26.8 28.8 30.5 32.9 34.4 35.7 36.4 36.4 36.8 37.8 39.1 40.4 40.6 41.4 42.6 43.8 45.3 46.5 47.6 48.7 49.5 49.2 49.3 48 46.5 44.9 44.1 41.7 39.9 38.3 37.4 36.5 36.4 35.4 34.4 33.9 33 32.9 34.6 35.2 35.3 31.4 32.3 32.7 34.8 34.4 34.9 35.5 36.7 37.8 38.2 38.9 39.6 41.2 40 41.6 40.9 43.9 46.2 49.7 53 62.5 68.5 65.5 57.5 67.2 73.1 77.3 81.9 86.2 91.5 94.8 102.4 106 109.3 112 114
22.3 22.9 24.1 26.3 26.5 27.5 28.6 28.9 30 30.4 30.1 32.2 32.6 33.2 34 34.8 35.3 36.5 37.3 37.6 38.4 39.6 40.3 41.9 43.6 45 46.3 47.3 47.2 48.5 47.4 45.7 43.7 41.9 40.2 40.1 39.2 38.1 37.3 36.8 35.9 35.9 35.7 34.6 32.3 32.8 32.9 31 32.6 34.7 35.6 37.5 36.8 36.6 38 37.8 37.6 38 38.8 39.3 39.6 41.2 42.9 44.2 47 51.9 56.5 60.6 67.1 72.5 71.8 59.1 66.9 74.2 79.5 85 89.8 94.8 102 106.5 109.4 112.1 113.8 115.7
23 23.7 25 27.4 29 30.2 30.9 31.7 32 32.3 31.6 30.9 30.2 31.3 32 32.7 33.3 34.1 35.3 36.3 37 37.9 38.9 39.7 40.4 42.2 43.9 45.2 46.5 47.9 46.5 44.7 43.5 43.3 43.4 43.3 42.1 40.7 39.2 39.2 38.9 38.7 38.4 36.1 33.5 31.3 31.4 32 35.9 39.2 40 40.5 40.5 40.6 41.1 42 43.2 43.9 43.3 43.7 44.2 45.4 48.4 54.1 57.4 61.3 64.1 66.1 69.3 72.5 72.4 63.2 66.6 74.5 79.9 87 93.9 99.1 105.1 109 111 112.6 113.4 113.9
22.9 24.2 25 26.6 28 29.4 31 32.8 33.4 33.5 33.2 30.7 30.5 32 33 33.4 33.4 33.7 34.2 34.9 36.4 37.8 39.3 39.8 41.5 43.3 44.2 45.5 46.4 46.9 45.6 45.7 45.9 46.1 46.1 46.1 45 43.4 41.5 41.5 42.7 42.8 43.2 41.5 32.7 30.9 30.6 34.9 40.3 44.4 45.2 45.4 43.9 44.3 45 45.7 47.4 49.8 49.7 51.4 52.6 53.2 50.9 55.3 61.2 65.8 68.7 70.9 72.3 73.1 74.3 66.6 66.8 74.4 80.7 87.7 93.7 100.1 105.8 107.6 109.1 109.5 110.2 111.6
23.7 25.1 25.9 26.1 27.2 28.2 30.2 31.8 33.1 33.5 32.6 30.9 31.5 32.6 33.4 34.2 34.8 35.5 36.1 36.7 37.5 38.3 39.6 40.9 42.8 44.6 45.2 46.4 46.8 47.2 47.2 47.5 47.7 48 48.7 48.4 47.4 45.4 43.3 42.9 44.3 45.2 45.7 44.2 36.8 30 36.8 43.5 48.8 53.9 49.6 46.5 44.7 45 46.6 48.7 49.8 52.7 56 58 58.9 60.1 60.4 59.8 62.7 67.6 71 74.4 76.3 76.4 76.3 72.8 64.6 72.4 79.3 85.3 91.5 97.8 100.3 102.4 103.7 105.2 106.7 110
24.2 26 26.7 27 27.6 28.5 29.1 30.5 32.3 32.6 31.9 31.6 32.6 32.8 33.7 34.4 35.5 36.7 37.4 38.1 38.8 39.9 40.5 42 43.9 45.6 46.4 47.2 48 48.7 48.8 49 49.4 50.1 50.7 50.1 49.6 47.7 46.3 45.7 45.9 46.9 48.4 48 41.9 30.2 40.7 43.5 45.8 43.2 40.7 41.4 43.8 44 47.7 50.5 52.7 56.3 60.5 63 63.4 63 64.5 65 66 69 72.8 76.5 79 79.5 78.8 77.2 71.9 72 74.5 88.5 85.3 90.2 93.8 97 100.3 103 105.5 108.7
25.5 26.6 27.6 28.3 28.9 29.6 30.2 31.1 32.2 32.6 32.8 33 33.6 33.8 34 35.2 36.4 37.7 38.6 39.2 40.3 41.6 42.3 43.8 45.2 46.5 47.8 48.5 49 49.8 50.3 50.8 52.1 53.6 54.7 54.4 53.3 51.2 51 48 48.9 51.9 53.4 50.7 39.1 28.9 30.1 30.4 31.7 33.9 36.2 37.8 40.8 44.9 48.8 52.3 56.4 60.4 64.3 65.1 65.3 64.6 64.3 65.7 67.3 69.5 73.4 77.1 79.8 81 81.3 80.2 79.8 76.6 75.9 82.2 81.2 87.6 93.1 96.4 98.9 102.5 105.2 108.2
27.5 27.9 29 29.9 30.9 31.2 32.1 33.2 34.2 34.3 34.7 34.7 35.1 35.2 35.2 36.1 37.3 38.6 39.7 40.5 41.9 43.2 44.1 45.6 47.1 48 49.4 50.2 50.1 50.9 52.7 56.1 57.4 58.7 59.5 58.1 56.7 53 48.9 46.5 47 46.7 44.5 37.1 29.8 29.1 31.1 35.4 35.9 36 33.1 37.4 41.2 46 50.8 54.5 58.5 61.4 61.9 60.9 60.2 60.7 64 64.4 67.5 70.6 73.5 76.2 78.9 81.5 83.2 83.4 83.3 82.5 82.7 82.8 85.4 85.7 90.2 95.6 100.3 104.1 106.8 109.3
30.4 31.4 32.4 33.4 34.4 34.6 34.7 35.5 36.4 37 37.8 36.7 37 37 37.1 37.8 38.9 39.9 40.9 42.1 43.4 44.8 45.9 47.5 48.8 49.6 51.4 52 51.7 52.5 55.1 59.2 63.5 62.4 52.8 46.4 43.3 41.6 39.7 36.7 37.4 35.8 33 30.2 27.5 29.3 34 36.5 38.9 39.7 38.8 34.4 40.8 46.6 52.6 56.4 59.4 58.7 54.5 54.2 57.4 60.4 61.3 62.6 64.5 67.9 70.8 73.6 77.6 81.1 83.7 85.4 85.8 86.3 88.6 91 93.7 94.4 94.2 97.5 102 105.7 108.1 110.3
32.3 33.7 34.9 36.3 37.7 38 37.9 38.4 39.3 40.1 40.9 39.7 38.9 38.8 39 39.6 40.6 42 43.5 45.4 46.1 46.7 47.9 49.5 50.5 51.4 53.9 55.1 55.2 55.4 57.5 53.9 52.2 42.3 35.8 34.4 33.3 32.3 30.6 29.6 28.8 27.8 27.3 27.3 29 31.5 33 36 39.7 40.8 41 39.4 37.9 44.3 49.5 53.7 53.2 51.9 56.6 58.7 60.8 62.4 64.8 66 66.4 66.6 68.3 70.7 74.4 80.1 83.1 85.5 86.5 87.8 90.3 93 95.9 98.7 100.7 101 103.8 106.5 108.9 110.2
33.3 35.2 36.5 38.2 40.1 41.3 41.2 41.6 42.5 43.4 44.2 42 41.2 41.1 42 42.8 43.8 45.6 47.4 49.3 50.1 50.8 52.7 54.5 54.8 57.9 61.9 59 60.9 53.3 48.1 41.7 35 32.3 30.3 28.7 27.9 27.5 27.6 26.3 26.6 26.7 27.4 27.2 31.7 33.9 33.4 35.3 38.8 41.1 42.3 42 39 40.2 44.3 45.5 47.6 55.9 58.5 59.2 59.9 61.9 64.3 66 67.7 69.6 71.1 72.8 73.3 77 81.1 83 84.4 87.4 90.4 93.8 96.9 99.8 102.7 103.8 105.7 107.7 109.1 109.8
34.9 35.7 37.2 38.5 41.4 43.1 43.9 44.9 46.1 46.7 44.7 44.1 43.7 44.2 45.3 46.4 47.6 50.3 52.3 54 55.7 58.8 58.6 60.7 61.2 62.6 61.7 58.1 46 35.4 31.7 29.4 27.1 25.7 25.1 24.5 23.8 25.1 24.8 25.2 26.1 28 30.4 32.4 34.8 36.3 37.4 36.8 37.2 39.7 41.5 42.4 41.6 40 40.3 43.6 47.9 51.3 54.1 55.7 57.7 61.1 63.8 66 67.8 70.3 72.8 74.5 76.4 77.8 78.4 81.3 83.6 87 90.6 94.1 97.8 100.9 103.8 106 107.1 108.3 109.4 108.8
35.1 37.1 37.9 39 41 41.9 42.9 44.6 46.5 46.4 44.6 45.5 46.3 47.5 47.4 48.8 50.7 54.7 57.9 62.8 66.5 67.1 60.2 55.1 51.8 49.9 47.5 37.4 25.7 21.1 19.8 20.3 21.4 22.8 22.2 23.5 24.1 26.1 27.7 28.5 29.6 31.5 35 36.5 37.8 39.4 40.2 39.7 38.6 38.8 39.7 41.2 42.7 43 41.6 42.3 45.3 47.9 49.9 53 56.2 59.6 62.2 65.4 67.9 70.2 72.9 75.4 77.6 78.1 80.1 82.4 84.5 87.9 91.2 94.8 98.5 102.2 105 107.9 109 110 110.2 108.5
36.1 36.9 38 39 39.9 40.7 42.1 44.3 46.5 47.2 47.5 48.4 49.2 49.3 50.3 51.5 53.6 57.6 61.8 66.8 66.3 60.7 54.2 48 42.9 39.4 33.7 20.9 18.5 19.9 20.4 21 22.4 24.4 25.7 26.6 27.9 30.1 32.8 34.3 35.4 37.7 39.5 39.9 40.8 41.9 42.4 42.6 41.2 40.4 41.5 42.6 43.5 44.2 44.1 42.9 43.2 46.2 48.8 51.2 53.9 57 60.6 63.8 66.9 68.8 70.9 74.9 77.5 78.6 80.9 83.1 85.6 89 91.9 95.5 99.1 102.9 106.3 109.3 110.9 111.7 111.7 110.3
36.4 35.9 36.9 37.9 39 40.2 41.6 43.9 46.3 48.6 49.5 49.9 51.1 51.2 51.3 52.8 55.6 59.6 65 67 62.4 57.2 51 42.9 29 20.1 18.5 18.7 18.9 21.1 26.1 27.8 29.3 29.7 30.1 31.2 32.1 34 37 39.1 39.7 40.2 42.4 43.1 44.1 44.9 45.5 45.4 44.2 43.2 43.2 44.5 45.3 45.8 46.1 45.4 44.5 46.2 48.7 50.9 52.7 54.8 58.8 61.7 65.2 68.7 70.8 74.7 77.5 79.5 81.7 83.9 86.9 89.9 92.8 96.1 99.8 103.6 107.1 110 112.1 112.2 112.4 110.7
36.6 35.8 36.7 37.9 38.3 39.6 41.1 43.8 46.3 48.6 49.4 49.3 50.7 51.3 51.7 53.8 55.9 60 64.9 66.8 61.9 56.2 43.9 20.8 16.9 17.4 19.7 21 24.5 24 28.2 30.7 32.2 32.3 33.4 34.7 35.9 36.7 38.9 40.9 41.6 42.7 45 46.3 46.3 47 48 47.2 46.7 46.3 45.5 47 47.7 48.2 47.2 47.4 46.7 46.1 48.4 50.7 52.9 55 57 59.9 63.3 66.7 70.3 74.1 77 79.2 82.7 83.9 87.3 90.5 93.7 96.8 100.4 103.3 106.2 107.7 109.8 110.8 110.8 109.2
35.9 35.2 34.9 35.5 36.3 38.5 40.8 43.6 46.2 47.9 48.7 48.2 48.5 49 51.8 54.1 56.5 58.6 62 64.9 61.6 47.3 21.6 16.4 17.5 19.5 22 24.5 28 28.9 28.6 28.4 30.5 33.5 35.6 38 38.8 39.4 41.4 43.4 44.4 45.4 46.5 47.6 48.3 49 49.7 49.6 49.4 49.2 49.1 49.3 50.1 50.3 49.2 49.1 48.9 47.8 48.2 50.5 53.5 55.4 57.9 60.6 63.3 65.9 68.8 72.5 75.8 78.4 81.9 83.1 87 90.2 93.5 96.7 99.7 102.3 104.1 104.9 106.7 108.2 107.4 105.9
32.2 31.1 30.8 32.4 34.2 37 39.9 42.3 44.9 46.4 47.6 47 46.4 48.4 51.4 54 55.9 57.6 60 62.2 58.9 31.6 15.6 17 19.6 22.5 25.3 27.4 30.3 31.7 31.8 32 32.7 34.8 36.3 38.4 40.4 42.1 43.3 44.4 45.5 46.7 47.7 48.3 49 49.8 50.9 50.9 50.9 50.8 50.8 51.4 51.9 52.4 52 51.4 50.9 50.4 50.5 50.4 53.6 56 58.8 61.5 64.1 65.6 67.5 71 74.3 77.7 80 83.8 86.7 89.4 92.3 95.5 98.4 100.7 101.6 102.5 104.5 104.3 103.4 102
28.3 26.8 27.7 29.3 31.6 34.6 37.2 39.4 41 42.5 41.8 43.3 46.1 48.9 51.9 53.8 55.9 57 58 57.7 49.9 19.7 15.6 18.7 21.5 24.9 28.3 30.4 32.2 33.4 34.2 35.2 36.1 37.3 37.8 39.2 41.2 43.1 44.2 45.3 46.5 47.5 48.6 49.1 49.3 50.1 50.7 50.9 51 51.2 52.1 53 53.7 54.3 54.2 54 53.4 53.1 53.2 52.6 51.3 55.8 58.6 61.7 65.4 67.7 69.4 71 73.9 76.9 79.1 81.7 84.4 87.1 90.2 93.4 96.5 98.1 98.6 100.9 101.5 100.9 100 97.7
24 23.1 25 26.5 27.9 30.3 31.8 33.1 34.5 37.7 41.8 44.9 47.9 50.2 52.4 53.9 56.6 57 56.9 51.9 40.5 15.3 15.7 20.1 23.5 26.9 29.6 31.3 32.7 34.1 35.7 37.5 38.9 39.4 39.9 40.8 42.3 43.9 45.1 46.2 47.2 48.3 49 48.7 48.4 49.5 50.4 50.9 51.3 52.1 52.9 54 55.1 55.8 56.3 56.6 56.6 56.4 56.3 55.7 55.1 53.3 58.8 62.8 66.3 68.2 69.4 70.9 72.3 75 77.5 79.6 82.1 85 87.3 90.2 93 93.5 96.4 97.2 97.9 97.3 96 93.6
