app/static/ascii/SX08.asc
ncols 200
nrows 200
xllcorner 200000
yllcorner 80000
cellsize 50
[rows 117 to 155 of 200, columns 88 to 175 of 200]
97 88.8 95.3 103.2 109.6 114.1 117.8 122.3 126.2 132.5 139.7 147.2 154 160.2 166.1 170.6 175.6 180.2 184.3 188.5 192.7 196.8 200.2 203.3 206.1 208.2 209.9 211.2 212.2 212.7 212.7 212.3 211.9 211.6 211.3 211.2 211.2 210.8 210.7 211.4 212.6 213.8 214.9 216 217.5 219.3 221.3 223.2 224.1 223.6 222.2 219.8 216.8 214 211.7 208.8 205.8 199.1 199.9 161.6 119.4 122.3 121.9 114.7 141.2 171.9 183 197.9 201.1 202 203.7 205.9 207.7 210.1 212.6 213.6 213.4 209.6 205.5 201.3 198.6 200.1 204.6 207.4 210.1 213 215 216.2
102.8 103.9 98.9 99.3 106.9 113.7 119.4 123.5 127.6 134 141.2 148.4 156.6 163.7 170.3 173.5 177.9 181.8 185.5 189.5 194 197.7 201.2 204.1 207 209.7 211.3 212.7 213.4 213.9 214.1 213.8 213.4 213.1 212.9 212.9 212.9 213.2 213.2 213.1 214 215.1 216 217.1 218.4 219.6 221.5 223.3 223.9 223.1 220.9 218.4 215.8 213.3 210.7 208.3 205 200.1 188.5 131.5 116.6 111.4 105.8 101.1 125.2 151.8 178.1 195.2 199.8 200.6 202 204.6 206.2 208.4 210.7 212.4 210.8 205.5 202.8 199 194.8 198.8 202.1 207.8 210.9 213.2 215.2 216
106.6 107.7 108.6 108.1 109.9 112 119.3 124 129 135.9 142.8 148.7 157.5 165.7 172.3 175.3 178.8 182.8 186.8 190.6 194.7 198.3 201.1 204 207 209.6 212.2 213.1 213.7 213.9 214.4 214.7 214.5 214.3 214.5 214.6 214.5 214.7 215 214.9 215.5 216.2 217 218.2 219.4 220.6 221.5 223.4 223.5 222.7 219.9 217.7 215.2 212.7 210.1 207.5 204.7 201.7 170.6 132.9 115.3 97.5 91.7 96.7 132.7 157.5 178.2 195.5 198.8 199.2 200.8 202.7 204.1 205.5 208.2 208.7 206.8 202.6 198.8 190.2 193.4 198.7 203.8 206.9 211.9 213.4 215 215.8
110 110.8 111.9 113.7 115.6 117.7 120.7 125.7 130.8 138.4 145.5 153.5 159.9 166.1 172.3 175.2 178.6 182.5 186.5 190.5 194.3 197.7 200.9 203.4 205.9 209 211.5 212.8 213.3 214.1 214.6 215 215.3 215.4 215.5 215.7 215.9 215.8 216.4 216.6 217 217.3 217.9 219.1 220.2 220.9 221.6 223.2 222.4 221.2 218.7 216.5 214.5 212.1 209.5 206.9 203.7 200.8 171.6 130.4 110.2 90.5 90 101 138.6 160.4 176 196.4 196.6 197.4 198.8 200.6 202 203.1 204.1 204.2 200.6 196.2 190.1 189.3 193.4 198.1 203.5 205.8 211.3 213.7 214.7 215.6
112.4 114.1 115.9 117.6 119.2 120.9 124.3 128.2 134.5 141.5 148.4 155 161.2 166.1 171.1 175.1 178.7 182.3 185.9 189.9 193.5 196.5 199.5 202.3 205.1 208.2 210 211.3 212.1 213.3 214.2 214.9 215.4 215.9 216.6 216 215.9 216.2 216.9 217.4 217.9 218.4 218.9 219.7 220.4 221.2 221.9 222.7 221.4 220 217.6 215.3 213.3 212 208.9 206.1 201.7 200.3 167.7 129.1 106.1 90 90 108.8 154.8 177.5 185.7 199.4 193.9 195.1 196.8 198.5 199.7 200.4 201.1 200.3 196.5 187.5 184.7 189 193.3 198.7 203.7 207.7 211.1 213.2 214.4 214.9
113.9 116.2 118.8 120.6 122.7 126.2 128.7 132.3 136.4 144.1 151.3 157.7 162.7 166.7 170.9 174.9 178.5 182.1 185.7 189.2 192 194.9 197.9 200.8 203.5 206.3 208.3 209.9 210.9 212.1 213.2 214.2 214.9 215.5 215.9 216 216.3 216.5 217.1 218 218.4 218.8 219.3 220.3 221.1 221.8 222.5 222 220.2 218.8 217.2 214.1 212.9 211.9 208.3 205.1 201.3 200.5 185.8 135 105.4 90 114.1 138.5 173.1 181.7 194 200.8 192.1 192.5 194.2 195.9 196.8 197.6 196.6 196.3 191.5 181 184.8 190.6 196.5 201 204.9 208.1 209.8 211.4 213 213.6
115.7 118.3 121 124.1 127.4 128.8 135.5 138.6 142.3 147.5 154 160 164.3 168.3 172.1 174.6 178 181.6 185.2 188.4 191.4 194.2 196.6 198.9 201.6 204.3 206.3 208.2 209.6 210.8 212 212.7 213.3 213.9 214.1 215.1 216.3 216.9 217.2 218.4 219 219.3 219.7 220.7 221.8 222.6 222.6 221.8 219.7 217.7 216.1 214 212.3 210.1 207.3 201.6 200.9 200.5 199.4 142.6 121.5 102.7 135.5 157.3 182.8 193 201.2 205.3 189.3 188.9 190.9 192.5 193.7 194.2 194 190.5 180.3 180.4 187.6 194 197.5 201.2 204.4 206.5 208.3 209.7 211.6 212.2
118.7 121.5 124.1 128.7 132.3 136.6 141.4 145.9 149.7 151.2 157.3 161.8 165.8 169.7 173.4 175.4 177.6 181.2 184.7 187.6 190.8 193.4 195.2 197.3 199.7 202.3 204.2 206.2 207.4 208.6 209.9 210.9 211.5 212.3 212.9 214.1 215.3 216.5 217.5 218.4 219.5 220.2 220.6 221.2 222 222.4 222.4 221.3 219.4 217.1 214.8 213.8 211.3 208.1 206.6 203 200.9 200.2 199.1 151.6 142.5 137.2 153.7 174.7 194.8 201.8 205.3 199.4 181.2 183.6 185.2 186.9 188.7 189.1 189.4 182.8 173.7 181.2 188.5 193.2 196.2 199.7 202.9 204.2 205.7 208.1 210 210.7
122.5 125.2 128.9 135.2 138.9 142.9 147 151.6 155.1 156.8 158.1 163 167.1 169.9 172.3 175.3 178 181.4 184.2 187.2 190.1 192.1 193.9 195.8 198.2 200.4 202.4 203.8 204.9 206.3 207.7 208.9 209.8 210.6 211.8 213 214.2 215.4 216.6 218.2 219.3 220.3 221.3 222 222.3 222.4 221.4 219.9 218.5 216.7 213.4 211.3 208.6 207.2 204.4 203.2 201.6 199.6 199.3 161.5 146 157.6 171.2 192.3 200.6 204.6 207.6 194.4 174.9 175.5 176.8 180 182.7 184.5 180.6 179.2 173.7 183 187.5 191.2 194.5 197.9 200.1 201 203.7 206.6 208.8 209.6
127.8 131.9 136 141.5 145.4 148.9 152.7 155.5 158.7 161.5 163.2 164.2 167.8 169.8 172.3 175 178 180.8 183.6 186.3 189.1 190.8 192.4 194.2 196.5 198.6 200.6 201.5 201.9 202.9 204.4 205.8 207.5 208.6 210.2 211.7 212.9 214.1 215.6 217.3 218.9 219.5 219.9 220.8 221.5 221.7 220 218.5 217.1 215.6 212.3 208.8 207.3 205.9 204.1 201.9 200.1 198.7 196.9 198.8 194.2 193.6 195.4 199.6 201 204.9 208.8 209 191.9 168.2 170 173.8 177.7 178.8 176.3 166.8 174.6 181.2 185 188.7 192.5 196 197.9 200.5 203.3 205.8 207.9 208.9
133 137.4 141.2 146.4 150.8 154.9 157.9 160.1 161.8 164.6 166.2 167.7 169.4 171.3 173.5 175.4 178 180.5 182.8 185.3 187.7 189.3 190.8 192.5 194.7 196.8 198.8 199.1 199.4 199.9 201 202.3 204.2 206.2 208.5 210.2 211.5 212.9 214.6 216.3 217.7 218.7 219.1 219.9 220.3 219.8 218.5 216.9 215.2 213 208.6 206.1 205 203.9 202.4 200.9 199.4 197.7 195.7 199.2 199.4 199.7 199.6 199.4 200.1 205.2 209.1 209.5 206.5 188.3 166.4 168.4 171.4 172.1 164.2 165.6 171.2 177.5 181.6 185.6 190.4 193.6 196.4 200.2 202.9 205 207.1 208.1
137.6 142.6 146.8 151.3 155.6 159.6 162.4 164.2 165 166.7 168.9 170.5 172.1 173.4 174.7 175.8 177.6 179.7 181.8 184.1 186.4 188 189.5 191.1 193 195.1 196.7 196.7 197 197.4 197.9 199.2 200.2 203.5 206.3 208.5 210.2 211.8 213.5 214.8 215.9 217 217.9 218.1 217.9 217.1 215.9 214 210.8 207 204.5 203.1 202.5 201.9 201 199.8 198.7 197.9 196.3 198.9 199.2 200.2 199.1 199.3 198.5 201.7 206.2 207.8 208.6 203.9 190.1 167.2 163 160.7 160.2 166.3 171.5 177.1 181.9 186.1 189.8 192.4 196.5 199.2 202.7 204.8 206.9 206.9
142.3 147.1 150.7 154.2 157.3 161.3 164.5 166.5 167.1 168 170.2 172.1 172.5 173.7 175 175.8 176.8 178.6 180.7 183 185 186.7 188.2 189.8 191.3 193.4 194.9 195.3 195.3 194.2 194.8 196.2 198.3 201.8 204.9 207.1 208.7 210.1 211.9 212.8 214 215.2 216.2 215.6 213.7 212.6 211 208 204.5 202.7 201.5 200.8 200.1 199.7 199.4 198.9 198.1 197.3 194.9 197.9 199 199.2 199.2 199.3 199.1 197.2 199.5 200.5 203.1 200.8 185.4 160.2 154.5 157.2 163.8 168.4 173.9 179.1 183.5 187.7 191.5 194.8 198 200.9 203.9 205.9 206.9 206.1
146 149.8 153.3 156.2 158.8 162.8 166 167.8 168.8 169.2 171 172.7 173.7 174.1 175.4 175.9 176.8 177.8 179.6 181.8 183.5 185.2 186.9 188.4 190 191.7 193.1 193.8 192.9 191.2 191.8 193.6 196.8 200.1 203.4 205.6 207.3 208.7 210.2 210.8 212.1 213.4 213.7 212.3 210.1 207.5 206.3 202.9 201 199.3 198.6 198 197.8 197.5 197.3 197.3 197 196.1 194.6 199.1 198.8 198.8 198.6 198.7 199 192.6 186.4 173.4 180 188.1 184.1 151 153.6 159.2 165.5 170.9 175.6 180.8 185.1 189.2 193.1 196.4 199.7 203.2 205.3 206.3 206.4 205.1
148.2 151.4 154.4 157.3 160.4 163.8 166.6 168.7 170.5 170.9 171.4 172.5 173.6 174.6 175.4 175.9 176.6 177.7 178.7 180.3 182 183.4 185.1 186.8 188.4 190 191.2 191.1 190.4 187.9 189.3 191.9 195.4 198.8 202 204.1 205.9 207.3 208.6 209.1 209.7 210.2 209.7 207.9 205.9 203.6 200.7 199.3 197.6 196.4 195.8 195.3 195.2 195.2 195.1 195.3 195.2 191.2 198.4 199.5 193.6 198.6 198.4 197.1 185.4 162.1 151.9 141 142.9 160.3 165 151.5 155.6 161.6 168 173.2 177.9 182.5 186.6 190.8 194.8 198.4 202.2 204.9 205.8 205.3 205.2 204
150.2 153.8 156.1 158.6 161.4 164 166.3 168.7 170.5 171.1 171.3 172.2 173.2 174.3 175.2 175.6 176.3 177 177.4 178.6 180.2 181.6 182.9 184.1 185.3 186.8 188 188.1 187.7 185 187.1 190.7 194.7 197.5 200.1 202.3 203.9 205.3 206.5 207.3 207.3 206 204.9 203.1 201.2 199 196.6 195.4 195.7 193.8 193.1 192.1 191.8 192.5 192.8 193 192.8 186 199.1 198.5 200.7 199.2 195.9 182.3 156.4 137.6 139.3 141.9 143.9 146.8 150.2 153.9 158.3 164.1 171.3 176.1 180.6 184.6 188.5 192.4 196.5 200.6 203.8 205.9 206 205 204.5 201.7
152.8 155.5 157.1 159.2 161.7 164.3 166.1 167.3 168.6 169.3 170.6 171.5 172.4 173.5 174.5 175.2 175.5 175.7 175.4 176.4 177.5 178.9 179.4 180.5 181.8 183.2 184.5 185 184.8 182.8 185.5 189.4 193 195.8 198.3 200 201.6 203 203 204.6 203.8 201.9 200 198 196.1 194.1 193 191.7 190.7 189.9 189.5 188.6 188.6 188.6 189.4 186.3 183.8 183 190.3 196.4 196.1 188.8 175.9 153.2 135.3 136.9 141.3 143.7 146.2 148.9 152.3 157.1 161.2 167.8 174.4 178.6 182.6 186.5 190.1 194 198 201.4 204.1 205.9 205.8 204.9 202.8 197.6
153.4 155.3 156.9 158.9 161.2 162.9 163.1 164.9 166 166.8 169 170.7 171.6 172.2 172.8 173.7 173.9 173.9 173.3 174 175 175.2 175.9 176.8 178.2 179.5 180.8 181.5 181.1 180.8 184.4 188.7 191.7 194.1 196.1 197.7 199.4 200.2 201.1 200.8 199.3 197.4 195.8 193.3 191.2 189.8 188.7 188.4 187.3 186.2 185.3 184.5 183.9 183.3 180.9 177.7 173.9 177.2 181.7 188.3 184.4 163.1 145.3 132.2 135.2 138.6 142.6 145.8 148.9 152.4 158.2 162.5 165.8 171.3 176.5 180.4 184.2 187.8 191.4 195.2 198.3 201 203.6 204.3 204.4 203.2 200.4 194.6
152.1 154 155.8 158 159.6 161.1 159.9 160.8 163 163.9 166.1 167.9 168.6 169.2 170 171 171.8 172.1 170.7 170 171.6 171.3 170.9 172.4 174 175.8 177 175.9 176.9 181.3 184.1 188.3 190.6 193.1 194.7 196.2 197.8 198.3 198 196.3 194.7 192.9 191.1 189 186.7 185.3 184.6 184 182.5 182 180.5 178.8 178.2 177.3 174.8 173 168.8 168.8 165.4 153.7 150.9 133.1 130.1 134.4 137.1 140.6 144.4 148.4 152.1 157.5 163.5 167.6 170.8 174.5 178.1 181.7 185.3 188.8 191.9 195.5 198.3 200.3 202.7 202.8 202.9 200.9 198 191.7
151 152.7 154 155.2 155.6 157.4 157.9 157.4 158.7 159.9 162.1 164.1 165.1 166.1 166.7 167.1 168.5 168.7 168.8 165.1 167.3 164.6 164.3 165.5 167.4 169.6 170.7 173.6 177.4 183.3 186.5 188.5 191.1 193.1 194.5 195.2 196.3 196.2 195.1 193.5 191.2 189.1 187.4 185.3 181.7 180.4 180.2 179.9 178.3 177.1 175 173.1 172.5 171.4 170.1 168.7 165.8 159.8 149 133.4 126.5 128.1 132.3 135.9 139.1 142.6 146.5 152.3 157.6 164.2 167.9 171.5 174.8 176.7 179.9 183.2 186.4 189.7 192.8 195.9 198.6 199.7 201.7 201.8 200.9 198.8 194.3 187.6
148.7 150 150.8 151.4 151.6 149.4 149.6 152.9 153.8 154.8 156.2 158.4 160.2 161 162.4 162.7 163.9 164.3 164.4 160.1 158.3 155.5 158.7 161.2 165.4 169.1 173.7 177.4 181.2 186.7 189.2 190.5 191.8 193.6 195.4 196.5 196.7 194.5 192.2 190.4 187.5 186.8 182.6 179 177.1 175.6 175.8 175.6 174.3 172.5 170.4 168.9 168.1 167.5 166 164.6 162 154.7 143 132.9 125.3 129.7 134.7 137.9 141.1 145.7 151.5 158 163.4 167 170.7 173.6 176.8 179.3 182 185 187.8 190.7 193.6 196.7 198.9 200 200.5 200.2 199.1 196.4 191.3 185.1
143.1 145.1 145.6 144.9 143.6 144.3 141.9 142.2 144.2 147.3 149.2 152.1 153.8 155.1 156.4 157.9 159.2 159.2 158 148.4 149.1 153.9 158.2 166.4 171.9 172.8 178.2 181 184.4 187.8 190.6 192.3 193.5 194.9 196.5 197.3 195.7 192.8 190.5 187.3 183.5 178.7 175.9 173.2 171.7 171.1 171.4 171.1 169.9 168.7 166.9 164.9 164.2 164 162.3 160.8 157.2 151.6 138.1 124.1 126.5 132.2 136.7 139.7 145 150.6 157 162.1 165.7 169.1 172 174.9 178.4 180.8 183.3 186.1 188.9 191.8 194.4 196.8 198.7 199.5 199.1 197.9 196.7 192.9 187.7 182.3
130.9 135.2 133 130.5 128.4 128.5 128.1 129.3 131.5 136.1 138.8 140.4 142.7 142.3 143.8 149.7 151.3 148.4 145.9 144.5 150.1 153.9 158.2 165.4 171.4 175.7 179.4 182.5 185.8 188.8 191.4 193.3 195 195.9 196.6 196.4 193.9 191.1 188.6 185.8 181.5 177.1 172 168.6 167.2 167.1 167.3 167.2 166.1 164.9 163.2 161.4 160.2 160 159.2 157 153.4 138.9 124.5 122.4 130.9 138.2 141.2 144.2 150 155.3 160 163.5 167.1 170.1 173.1 176 179.2 182.4 185.4 187.7 190 192.3 194.2 197.1 198.5 199 198 196.6 194.1 188 182.5 177.9
108.6 111.4 110 110.1 113.1 112.8 114.1 115.1 117.5 121.9 124.9 126.3 128.8 128.1 130.4 132.6 133.9 139.2 143.4 147.6 152.6 155.9 158.2 164.4 171 175.7 179.9 183.4 186.3 189 191.8 193.7 194.3 194.7 195.3 195.1 192.5 189.9 187.3 185 180.9 176.1 170.3 165.4 162.2 162 163.1 163.5 162.4 161.1 159.5 157.7 156.6 156.2 155.6 152.3 134.6 128.7 120.4 127.8 137.5 142.4 145.5 148 152.8 157.5 161 164.4 167.6 170.6 173.5 176.4 179.1 181.8 184.6 187.5 189.9 192.3 194.6 196.8 198.4 198.3 197.1 195.1 190.5 182.7 177.7 173.2
86.5 91.6 99.4 108.6 112.6 116.8 122.7 129.1 132.3 131 129.7 130.2 135.7 138.3 141 142.2 143 147.1 149 152.6 156.6 158.1 159.8 163.3 169.9 174.7 179.5 182.8 186.2 189 190.9 192.7 193.6 193.3 192.9 191.9 190.2 187.8 185.5 183.3 179.5 174.5 169.2 163.3 159 155.2 158.8 159.3 159 157.7 155.8 154.8 152.4 152.5 151.3 140.3 120.9 118.8 124.4 132.4 140.1 144.6 148.3 151.7 155 157.3 161.8 164.8 167.6 170.3 173 175.7 177.8 181.1 184.2 187 189.5 191.9 194.3 196.1 197.5 197.2 196.1 193.7 185.8 177.6 172.5 168.6
113.3 116.6 122.7 133.3 139.2 144.1 147.5 150.6 150.1 150.4 148.2 147.5 150.3 152.1 154.2 156.6 158 158.8 158.7 160.4 163.1 164.6 165.2 165.5 169 174 177.4 182.1 185.6 188.4 190 191.8 192.2 191.5 190.6 189.2 187.7 186 183.8 181.7 177.6 172.6 166.5 160.9 156.8 151.9 153.8 154.3 154.9 154.5 153.1 151.5 148.3 147.8 146.7 127.9 118.1 120.8 131.8 138.6 143 146.5 149.9 152.7 155.7 158.7 161.7 164.5 167.1 169.7 172.3 174 176.6 179.9 183.2 186.1 188.7 191.2 193.7 195.3 196.6 195.9 194.2 190.1 181.2 173.6 167.7 161.1
131.7 140 147.1 151.7 154.7 156.7 158.7 159.9 160.6 161.2 161.4 160 161.1 163.6 166 167.5 168.6 169.1 169 169 170.1 171.6 171.8 171.6 171.8 175.9 180.2 182.3 185 187.9 189.7 191.3 191 190.5 188.9 187.6 185.6 184 182.8 179.6 174.9 169.7 164.6 158.9 154.9 149.3 146.9 148.3 149.7 150 150 148.7 145.7 141.9 143 122 117.3 123.2 135.3 140.5 144.3 147.5 149.6 152.3 154.9 157.6 160.8 163.3 165.8 168.2 170.5 172.7 175.2 178.6 182 185.1 187.8 190.3 192.7 194.4 194.4 193.8 190.8 183.9 174.9 171.2 162.8 153.3
142.3 148.6 154.6 158.7 161.5 164.2 166 167.1 167.9 168.3 168.3 168.9 170 172 174.2 175.4 176.1 177 177 177.3 178 178.7 178.4 178.4 178.4 180.3 182.1 184.1 186.2 187.6 189.7 190.6 190.4 189.8 187.8 186.1 183.8 182.1 181.4 176.5 171.3 166 161.1 156.1 152.5 146.8 140.6 142.5 144.2 145.4 146.4 144.5 141.5 139.4 138.4 117.1 117 122.9 134.6 140.3 144.3 146.8 148.7 151 153.7 156.4 159.3 161.7 164.1 166.5 168.7 171.3 173.9 177.3 180.7 184 186.8 189.4 191.6 192.6 192.2 190.5 185.4 178.4 173.7 165.9 154.5 145.3
146.6 153.5 158.6 163.3 166.3 169 171.1 172.2 172.9 173.4 173.3 174 175.2 178.2 179.9 181.1 182.1 183.2 183.6 184.2 184.7 184.7 184.4 184.2 184.2 184.1 185.3 186.7 187.8 188.6 190.1 190 190 189.3 187.2 185 182.4 180 176.6 172.8 167.8 161.7 156.7 153.1 150.7 145 139.2 136.4 137 139.8 141.3 139.8 136.1 134.8 132 114.3 117 122.6 133.1 138.9 142.7 145.7 147.8 149.7 152.5 155.2 157.6 160 162.4 164.8 167.3 169.8 173 176 179.4 182.8 185.9 188.5 190.2 190.8 189.6 186.3 181 175.8 170.7 161.7 149.4 138.4
150.9 156.5 161 165.7 169 171.3 173.4 175.1 176.3 177.9 178.2 178.7 180.8 182.5 183.9 185.2 187 188 188.1 188.9 189.8 190 189.6 189.3 189 188.9 189.2 188.7 189 189.6 190.5 190.5 190 188.8 186.6 184.4 181.7 178.6 173.9 169.7 164.9 158.5 152.3 149.7 147.8 144 139 134.4 130.5 130.4 131.6 132.5 130 131 123.1 114.3 117 123.2 131.4 136.5 140.5 143.7 145.8 147.6 150.3 153.3 155.8 158.4 160.3 162.8 165.9 168.4 171.5 174.7 178 181.4 184.8 187.3 189 188.8 187.6 183.2 178.5 172.7 165.8 157.9 143.9 130
153.6 158.6 162.9 166.4 169.6 172.2 174.9 177.1 178.8 180.5 181.7 182.6 183.9 185.3 187.1 188.7 190.3 191.8 192.5 193.1 193.4 193.9 193.8 193.4 193 192.3 191.6 190.8 190.5 189.3 189.9 190.3 189.4 188 186.3 184.4 182.3 179.3 173.7 166.4 159.7 153.9 149.2 146.5 145.5 143.4 139.3 135.1 130.6 125.8 122.3 122.4 126 131.1 119.8 113.4 117.2 122.7 129.8 134.4 138 140.1 142.3 145 147.7 150.3 152.7 155.1 157.3 160.1 163.1 166.3 170.2 173.7 177.3 180.4 183.6 186.4 187.6 186.4 184.7 180.7 175.6 168.6 161.3 152.6 136.7 127
154.5 159.3 163.2 166.7 169.7 172.4 175 177 179.4 182 184 185.7 186.9 188.4 189.8 191.3 192.7 194.2 195.7 196.4 196.8 197.6 197.1 196.7 196 194.4 193.4 192.3 190.8 189.2 189.2 189 188.3 186.7 185.1 183.5 182 178.5 175.8 168.8 159.2 151.3 147.5 143.7 141.9 141 138.8 135.6 131.4 126.6 121.6 116.7 119.4 124.7 112.5 112.9 118.9 123.4 128.1 132.3 135.3 136.4 137.9 141 144 146.7 149.1 151.7 154.3 157.4 160.7 164.1 168.2 172.3 175.9 178.9 182.1 185.3 184.3 184.3 182.8 178 171.1 164 157.6 146.4 129.7 126.2
155.2 159.3 163 166.2 169.1 172 174.5 176.9 179.3 181.8 184.4 186.6 188.6 190.4 191.8 193.2 194.7 196.1 197.5 198.8 199.5 199.7 199.4 199.3 197.6 196.3 195 192.6 190 189 188 187.5 186.9 185.5 183.9 182.6 181.5 179.5 176.5 171.3 164 154 145.8 141.4 137.9 136.9 135.7 133.1 130.8 126.8 120.5 115.6 114.2 111.6 111.4 115 119.2 122.7 126.2 129.2 128.3 131.3 135.1 137.1 140 143 145.8 149.1 151.9 155.1 158.3 162.2 166.4 170.6 174.5 177.5 180.6 182.5 184 183.3 181.1 175.4 168 160.9 153.2 139.9 126.7 125.3
154.9 158.5 162.1 165.2 168.3 171.4 174.2 176.6 179.5 182.1 184.6 187.1 189.6 191.4 193.2 195 196.6 197.7 198.8 200.1 201.2 201.4 201.3 200.7 198.8 196.7 195 192.5 189.6 187.4 186.4 186.1 185.5 184.1 182.9 181.8 179.8 178.4 175.4 171.3 165.7 158.4 150.8 141.3 133.6 132.6 131.1 129.3 127.4 124 117.9 112.9 111.6 109.9 110.5 115.3 118.4 121.4 123 124.5 126.4 128.5 131.6 133.9 137.1 140.4 143.7 146.9 149.9 153.5 157 160.8 164.8 168.9 173.1 176.2 179.3 182.3 183.2 182.3 178.7 173.2 165.6 156.6 151.7 143.8 126.3 126.1
155.1 157.8 161 164.1 167.2 170.3 173.5 176.6 179.6 182.6 185.6 188.2 190.5 192.4 194.2 196 197.7 198.9 200.1 201.3 201.8 202.3 202.5 201.8 200 197.2 195.4 192.4 188.8 186.1 184.7 184.1 182.6 181.5 181 180.1 178.5 176.5 174.3 170.5 166.2 160 152.9 142.8 133.5 128.9 127.6 125.2 123.5 119.3 115.3 111.2 109.8 109.4 110.4 114.2 116.8 118.4 120 121.5 123.7 125.7 128.3 132 135.3 138.6 141.9 145.1 148.5 151.8 155.7 159.8 163.9 167.8 171.7 175.2 178.4 181.6 182.5 180.8 177 171.3 164.3 154.9 149.6 143.1 126.3 126.5
154.9 157.7 160.1 163.5 166.6 169.7 172.8 175.7 178.8 181.9 184.9 187.6 190.2 192.3 194 195.7 198.1 200 200.9 201.8 202.4 202.9 203.2 202.4 200.6 198 196.3 193.4 189.5 185.5 183.1 181.2 179.7 178.5 177.9 175.4 175.7 173.8 171.5 167.7 164.4 159.6 152 143.3 133.8 127.9 124.1 121.2 118.4 115.7 113.8 110.3 108.1 107.4 108.8 112.2 113.8 115.3 117.8 120.2 122.8 125 128.2 131.1 134.7 138.1 141.5 144.6 148 151.4 155.3 159.5 163.8 168.3 172.6 175.9 178.9 180.4 180.3 178.7 174.9 169 162.8 153.9 144.9 130 121.8 125.7
153.9 157 159.4 162.4 165.8 169.1 172 174.9 177.9 180.6 183.3 186.1 188.9 191.6 193.7 195.4 198.2 199.6 200.6 201.5 202.5 203.2 203.6 202.8 200.8 198.7 196.7 195.9 190.6 186.4 182.8 180.4 178.5 175 170.4 171.9 171.6 168.8 165.9 163.3 161.4 157.9 150.6 142.6 134.1 126.9 121.8 118.3 115.9 113.5 111.7 109.8 106.3 106 108.4 110.5 112.2 114.8 117 120.2 122.8 126.4 129.2 132.2 135.2 138.2 141.5 144.8 148 151.8 155.7 159.7 164.3 169.1 173.6 175.9 177.8 178.3 178 175.9 171.4 165.2 157.8 148 132.4 120.7 121.7 126.2
152.9 155.6 158.6 161.2 164.6 168.1 170.9 173.6 176.4 179.1 181.8 184.6 187.4 190.2 192.9 194.8 196.7 198.7 200.2 201.1 202.2 203 203.1 202.4 200.7 198.5 196.8 195.2 191.7 187.6 183.6 180.3 177.9 174.7 173.9 164 163.3 161.5 161 159.8 158.8 154.2 146.4 139.5 132.1 126.7 122 116.8 113.8 111.9 109.8 109 104.9 105.3 107.7 111.1 114.8 117.6 119.5 122.2 124.5 127.4 130.7 133.5 136.8 139.8 142.8 145.8 148.8 152.2 156.2 160.6 164.6 169.4 173 174.9 176.9 176.8 175.8 172.8 167.7 160 150.9 139.5 120.9 120.4 123.8 129.2
150.7 153.3 156.3 159.5 163.4 166.6 169.3 171.9 174.7 177.6 180.3 183.1 185.8 188.5 191 193.1 195.2 197.2 199.3 200.8 201.7 202.5 202.2 201.6 200.4 198.4 196.8 194.8 191.7 188.6 184 180.1 177 173.6 169.2 165.1 153.8 152.2 153.5 152.9 152.1 145.7 139.1 133.1 129.5 125.9 120.6 117.3 114.7 110.9 108.4 105.4 104 104.7 110.2 114.7 118.8 118.5 122.7 124.4 125.6 129.4 131.8 134.1 137.5 140.9 144.3 147.5 150.5 153.2 158 161.9 165.9 169.9 172.7 174.3 175.4 175.3 173.3 170.9 165.5 157.7 146.5 129.1 116.8 119.3 128.5 131.2
