app/static/ascii/SX15.asc
ncols 200
nrows 200
xllcorner 210000
yllcorner 50000
cellsize 50
[rows 148 to 184 of 200, columns 0 to 83 of 200]
76.3 80.1 83.3 84.9 86.8 91.7 95.2 97.9 101.1 104 103.7 101 99.4 95.1 92 88.9 86.7 89.1 92.4 93.1 91.3 87.9 83.4 78.3 72.9 67.3 61 55 49.7 46.9 45.2 45.9 44.3 44.4 44.1 42.6 37.2 25.7 28.2 34.5 40.5 45.4 52.5 60.4 66.6 71.4 76.2 79.2 79.9 77.4 73 66.3 57.7 45.2 30.7 13.3 -1.7 -1.7 -1.7 -1.7 0.9 16.7 35.6 45.3 52.8 58.2 62.5 65.5 67.6 69.8 71.8 77.9 83.1 85.1 85 81.8 78.2 74.4 70 64.9 60.7 55.9 51.6 47.3
76.6 80.4 82.1 82.8 83.8 85.2 89.8 95 98.4 101.3 103.3 102.7 100 95.3 92.3 89.2 86.6 86.8 90.4 90.8 89 86 80.7 75.7 69.7 64 57.6 51.6 46.7 43.3 42.4 40.4 39.5 39.2 39 37 33.1 24.5 27.7 37.7 44.6 50.1 56.1 61.6 66.4 69 73.8 76.6 77.2 74.6 69.9 63.5 53.6 39.7 23.3 -1.7 -1.7 -1.7 -1.7 -1.7 12.1 37 49.4 54.5 58.3 61.6 64.8 67.4 69.4 71.3 75.9 83.8 87.6 89 87.9 83.8 78.7 74.3 69.9 64.3 57.7 51.2 45.4 42.5
77.8 78.6 79.8 79.7 79.3 80.1 85.9 91.3 96.2 100 102.5 102.4 101.1 97.9 93.8 88.3 84.9 84.9 85.9 87.7 86.4 83.9 79.2 73.8 66.6 60.2 54 48.8 44.3 40.3 37.5 34.9 33 32.4 30.8 29.2 26.6 22.8 29.7 41.3 47 51.2 55.7 60.3 63.7 66.7 70.3 73.5 73.7 71.1 66.8 60 50.4 35 11.8 -1.7 -1.7 -1.7 -1.7 -1.7 35.4 51 55.9 59.2 61.8 64.2 66.9 69.2 71.6 76 81.4 88.3 91.9 93.2 91.3 87.1 79.5 74.5 68.7 64.4 58.7 51.9 45.3 39.6
78 77 74.7 74.5 72 74.8 82.5 87.8 92.8 97.3 100.9 102.4 102 99.6 95.9 91.4 86.1 82.7 81.5 83.9 84.6 82.4 78.6 74 66.9 61.2 57.5 53.4 48.4 43.2 41.1 37.4 32.9 28.4 26.3 24.7 23.5 22.1 30.3 40.1 43.7 48.4 51 52.4 52.5 52.8 59.7 64.1 68.1 65.7 61.5 55.3 45.8 27.8 -1.7 -1.7 -1.7 -1.7 -1.7 27.4 48 53.2 57.4 59.9 62.4 67.7 67.9 71 76.9 82.1 87.1 91.8 94.4 95.4 93.8 88 81 73.6 68.6 63.4 59.3 54.7 49.3 40.9
76.8 74.1 71.3 68.8 67.1 74.9 81.1 84.9 88.7 93.9 98.1 100.8 102.1 101.5 98 93.5 88.3 83.3 79.4 80.7 83.2 81.7 79.2 75.2 70.9 66.3 61.7 57.1 52 47.3 42.4 39.8 35.6 30.1 35 35.1 32.6 22 24.2 34.5 40.3 42.5 42.8 33.5 28.6 24.8 26.9 33.5 43.6 50.7 54.1 46.4 37.1 23.3 -1.7 -1.7 -1.7 -1.7 24.8 42.9 49.7 53.7 57.3 59.1 61.4 64.8 67 72.3 79.5 86.1 91.6 94.8 96.9 97.1 95.5 90.1 81.4 73.1 65.4 60.7 57.5 55.2 50.4 39
74.9 72.3 68.4 61.3 66.4 73.4 79.4 82.5 85.7 89.2 93.8 98.7 101.8 101.4 100 96.1 91.3 86.6 78.6 74 81.6 82 80 77 73.3 69.4 65.3 59.8 55.2 50.6 45 40.6 34.2 32.7 38.7 40 37.1 30.7 20.4 21.1 26.2 34.5 20.7 12.7 12.5 12.4 10.3 9.7 13.1 26 30.8 29.4 21.4 12.8 -1.7 -1.7 -1.7 -1.7 33.9 43.3 49 52.8 55.2 57 59.4 62.1 65.8 72 79.9 87.5 92.9 97.2 99.3 98.5 96.1 91.4 82.7 72.7 64 58.3 55 50.8 47.4 48.8
73.1 69.9 63 58.5 68.3 73.4 76.9 79.4 81.4 85.1 88.4 94 99.6 101.5 100.8 97.7 93.7 88.5 79.5 68.2 80.3 81.2 79.9 77.7 74.8 71.3 67.9 63.6 57.9 52.2 46.4 41.1 34.8 35.7 40.6 42.2 40.3 33.4 29 25.2 21.3 21.3 21.4 24.9 28.1 27.9 25.5 14.6 7.8 7.7 10.8 8.7 7.5 4.3 -1.7 -1.7 -1.7 -1.7 30.7 38.7 44.2 48.6 51.2 53.6 55.5 58.5 62.6 71.2 81.1 89.5 95.1 99.4 101 100 97 93 86.7 77.5 67.1 60 55.8 54 56.6 59.8
68.6 65.4 54.9 60.4 69.7 71.1 72.9 74.3 77.6 81.8 85.8 90.5 96.1 99.1 99.3 96.6 93.1 87.8 77.3 64.3 75.1 80 79.1 78.1 75.8 72.5 68.7 64.6 59.2 53.2 46.8 41.6 37.2 38.3 42.7 43.3 41.6 38.5 37.1 37.4 35.2 34.5 41.5 45.5 45.9 46.5 43.3 34.1 17.8 7.9 6.7 7.6 4.8 3.7 -1.7 -1.7 -1.7 -1.7 17.2 30.7 34.4 39 43.1 47.3 51 54.9 58.6 69.4 80.9 90.4 97.3 101.5 102.9 101.5 98.8 94.8 89.4 82.3 74.8 65.8 61.8 63.3 67.4 69.9
63.7 56.4 51.4 65.4 69.5 69.6 68.1 68.2 71.1 77.9 82.5 87.4 92.7 96 97.1 94.3 89.1 82.1 69.3 60.9 70.3 78.7 79.5 77.8 76.7 73.2 68.9 64 58.6 52.4 46.1 41.6 38 42.2 45.3 46.4 45.4 43.7 46.1 50.7 52.7 55.1 60.6 63.1 63.3 60.5 56.3 49.7 37 23.6 13.9 6.6 5.7 11.9 5.7 -1.7 -1.7 -1.7 -1.7 8.9 20 34.4 39.3 44.5 49.1 53.3 57.2 68.8 80.6 91.3 98.1 101.4 102.3 101 98.5 94.6 89.8 84.6 79.5 75.4 72.7 71.3 72 72.9
56.4 47.1 56.7 66.4 68.3 67.5 64 62.6 66.3 72.7 78 84.9 91.2 94.5 94.8 89.7 83.4 66.6 57.4 58.4 73.6 77.7 79.1 78.5 76.5 73.2 67.1 65.6 57.1 51.9 45.7 41.4 44.1 45.6 47.6 49.1 49.8 51.3 58 64.2 67.2 70.2 72.3 72.3 70.3 66.5 61.7 54.1 47 38.6 27.4 24.6 27.5 29.4 24.9 -1.7 -1.7 -1.7 -1.7 21.7 40.6 46.5 47.5 49.9 52 55.4 58 70.7 81.2 90.3 96.8 99.7 100.2 99.1 96.8 93.3 88.8 84.6 80.4 77.2 75.1 74 73.9 74.3
49.9 46.5 61.4 66.9 67.8 65.6 61.4 57.8 62.9 69.5 76.9 83.3 88.7 92.2 92.4 87.7 73.7 54.1 51.9 62.6 73.9 77.4 78.1 77.7 75.8 73 68.4 63.3 60.4 50.9 47.1 47 49.5 51.7 51.9 54.9 57.4 62.6 67.8 71.5 73.9 76.2 77.5 76.9 74.7 70.4 64.1 55.6 50.4 45.5 36.1 35.3 36.5 36.4 31.6 6.3 -1.7 -1.7 -1.7 16.7 47.2 51.1 53.2 55 57.2 59.3 65 72.5 81.3 89.7 94.5 97.6 97.6 96.6 94.1 90.8 87.1 82.8 78.4 74.7 73 71.9 72.1 72.1
39.7 51 64.8 67.9 67.3 63.9 58.3 54 58.6 66.5 73.4 79.9 85 88.2 88.4 86.1 67 49.1 52.6 64.3 70.6 75.4 76.2 76.8 75.2 72.3 67 62.4 58.1 52.4 49.3 50.4 53.2 55.8 55.9 57 59.8 65.6 71 73.2 75.3 76.5 77.7 77 73.5 69.9 65.1 57.7 52.3 48.9 45.5 44.1 40.9 36.3 28.8 -1.7 -1.7 -1.7 -1.7 -1.7 43.3 52.5 56 59.7 62 65.3 70.6 77.5 84.1 89.3 94.4 96.3 95.7 93.4 90.8 87 83 78.7 74.1 70.1 67.3 66.7 67.2 66.9
46 58.7 65.3 67.7 66.8 62.2 54.5 50 53.3 61.2 68.4 74.4 79.2 83 84 81.6 70.1 51.3 45 56 67.8 72.8 74.2 74.7 73.7 71.7 67.8 63.1 58.2 54.6 52.4 53.8 58.1 59.8 61.4 64.2 66.6 69.1 71.5 72.8 74.3 75 74.7 73.4 70.4 67.2 61.7 57.5 50.5 49.9 46.7 44.1 39.6 33.4 13.5 -1.7 -1.7 -1.7 -1.7 -1.7 37.4 51.2 58.1 62.8 66.7 70.3 74.6 80 84.4 87.1 90.2 92.9 92.6 90.2 86.3 81.9 77.2 71.7 65.5 60.9 58.3 57.6 57.5 57.5
51.8 59.1 65.3 67.6 66.5 62.1 56.5 49 48 53 61.5 68.2 73.7 78 79.3 77.5 69.9 53.2 40.5 53.4 66.3 69.8 71.6 72.8 72.5 71.3 69.2 65.9 62.4 58.2 56.8 57.5 58.8 60.1 61.4 63.3 65.6 67.3 70.4 71.9 71 72.4 70.8 69.5 67 62.2 57.7 52.5 49.2 46.8 45.1 41.7 36.4 28.8 7.6 -1.7 -1.7 -1.7 -1.7 -1.7 39.4 52 60 65 69.3 72.7 76.7 79.8 83.8 85.4 86.6 87.1 86.8 85 80.6 74 68.2 61.1 54.4 51.6 48.9 40.4 31 22.5
51.7 59 64 66.2 65.4 61.6 55.8 48.9 43.9 45.9 53.4 62.4 68.6 73.7 75.4 73.7 64.7 47.3 38 49.2 60.6 66.2 69 70.3 70.8 70.5 68.3 66.3 63.8 60.8 58.3 57.1 57.7 59.3 61 64.2 68.1 69.5 70.9 71.5 71 70.5 67.1 65.2 62 56.6 51.6 45.6 42.6 42 41.4 37.3 31.1 13.5 -1.7 -1.7 -1.7 -1.7 -1.7 17.2 44.5 54.4 61.7 67.5 71.4 74.8 77.4 78.8 80.8 81.3 81.9 82.2 80.5 77.1 72.9 68.1 62 54.5 41.4 34.1 30.3 19.3 -1.7 -1.7
49.8 57.7 62.4 64.8 65.4 62 57 50.2 43 42 44 54 63 68.7 70.7 65.3 52.3 37.1 40.4 50.7 60.6 62.5 65.9 66.8 67.2 67.9 66 63.6 59.9 57.7 56.3 56.4 55.5 56 58.2 62.1 67.1 68.7 69.8 70.7 71.2 70.4 67.1 63.7 50.1 45.2 39 35 37.7 35.9 34.5 30.6 24.3 -1.7 -1.7 -1.7 -1.7 -1.7 -1.7 18.5 43.9 54.8 63.5 69.4 73.3 75 75.2 74.5 76.6 63.4 61.1 67.9 71 68.6 65.3 62 56.9 47.8 31.4 17.1 12.4 1.1 -1.7 1.1
49.7 56.3 60.7 64 66 65.2 61.6 54.6 47.1 42.2 39.5 44.1 54.6 60.7 61.5 49.2 38.3 34.9 48.4 60.8 62.8 63.3 64.3 64.8 64.9 65 63.4 61 57.4 55.1 52.8 51.8 50 49 52.3 57.6 62.3 67.8 68.4 69.9 70.3 70.6 69.2 65.4 60.6 53.8 44.8 32.5 28.7 27.9 25.8 21.2 3.4 -1.7 -1.7 -1.7 -1.7 -1.7 -1.7 -1.7 38.7 53.7 62.8 69 71.4 70.2 64.5 50.5 40.2 33.7 30.7 35.3 42.1 48.1 51.9 52.9 46.6 31.3 15 -1.7 -1.7 -1.7 -1.7 12.1
47.2 52.7 58.2 62.3 66.4 68.4 66.1 60.4 54.3 46.2 36.7 37.5 44.3 51 46.2 32.4 32 42.2 57.5 64.6 65.8 64.7 64.5 63.2 61.6 61.6 61.1 58.4 55.1 50.5 46.4 43.3 42.2 46.2 51.8 58.3 64 67.7 70.7 72.5 73 72.7 70.5 69.1 64.3 58.3 50.1 38.3 23.6 16.2 19.1 4.8 3.8 -1.7 -1.7 -1.7 -1.7 -1.7 -1.7 -1.7 39.2 53.2 59.9 64.6 63.9 61.8 46.6 24 -1.7 -1.7 -1.7 -1.7 -1.7 18.2 26.4 36 34.7 14.6 -1.7 -1.7 -1.7 -1.7 17.1 27.2
41 47.7 53.8 59.4 63.8 67.1 66.9 64.7 60.6 55 44.9 35.4 35.3 39.6 31.6 31.3 44.1 55.3 61.9 67 68.2 67.4 66.2 63.7 60.7 58.3 57.1 54.4 51.6 49.5 43.2 36.8 42.8 51.5 59.7 64.3 68.7 71.8 74.8 76.8 76.5 75.4 73.2 69.3 65.4 59.2 52.3 41.6 31.1 16.9 9.9 4.7 -1.7 -1.7 -1.7 -1.7 -1.7 -1.7 -1.7 -1.7 37.6 47.1 48.8 47.8 47.1 39.6 23.2 -1.7 -1.7 -1.7 -1.7 -1.7 -1.7 -1.7 -1.7 2.8 8.8 -1.7 -1.7 8.6 20.6 28.1 35.9 47.4
28.8 38.1 47.3 54.1 59.9 63.4 65.8 65.6 63.6 60.1 55.7 45.3 32.9 27.2 26.1 31.8 49.5 62.7 67 68.6 69.8 69.4 67.8 64.4 60.9 58.6 56 53.1 48.3 41.5 34.9 37.5 54.5 60 64.5 68.5 72.3 75.9 76.8 77.3 77.1 75.9 72.7 67.9 61.3 56.5 51.3 41.4 32 18.3 9.8 -1.7 -1.7 -1.7 -1.7 -1.7 -1.7 -1.7 -1.7 13.4 22 27.1 27.2 27.9 25.5 16.7 -1.7 -1.7 -1.7 -1.7 -1.7 -1.7 -1.7 -1.6 -1.7 -1.7 -1.7 -1.7 0.4 20.1 36 46.6 56.2 66.3
26.1 26 35.9 46.3 53.7 58.7 62.1 64.6 64.6 62.3 58.9 54.2 46.1 34.5 23.7 32.3 49.3 66.7 72.4 72.9 71.9 70.6 69 66.7 65.1 64 61.3 56.9 53.3 48.4 34.6 35.6 53.2 58.9 63.3 66.9 70.4 74.1 75.5 72.7 72.7 72.2 68.3 63.5 58.1 50.1 44.9 34.3 18.5 -1.7 -1.7 -1.7 -1.7 -1.7 -1.7 -1.7 -1.7 -1.7 -1.7 -1.7 -1.4 0.7 1.1 1.9 1.1 -1.7 -1.7 -1.7 -1.7 -1.7 -1.7 0.8 0.7 0.4 0.1 -0.4 -0.5 -1.7 5 25.8 41.2 61.6 71.6 76
37.8 26.1 22.5 32.5 45.8 53.6 59.4 62.4 63.8 62.4 59.7 53.3 40.8 25.7 24.7 37.8 52.4 67 73.6 75.5 74.8 72.4 71.4 69.3 67.6 65.5 61.3 58.1 54 45.4 32.9 35.8 49.1 55.5 60.7 64.4 67.6 70.4 72.8 72.1 71.3 67.2 61.7 56.2 47.2 40.9 29.6 15.4 -1.7 -1.7 -1.7 -1.7 -1.7 -1.7 -1.7 -1.7 -1.7 -1.7 -1.7 -1.7 -1.7 -1.7 -1.7 -1.7 -1.7 -1.7 -1.7 -1.7 -1.7 18.6 7.8 18.7 20.7 12.7 6.2 1.5 1.6 9.8 22.3 34.6 54.1 72 77.9 82.9
42.1 38.4 27.9 21.2 35.4 50.5 57.1 61.2 62.6 61.9 58.6 46 29.3 20.2 29.9 43 59.6 71.4 74.9 75.3 74.7 74.6 73.5 71.3 68.8 65.2 62 59.4 53.1 44.7 30.3 31.9 44.1 52.1 57.7 61.7 64.8 66.8 67.6 70.8 67.5 61.6 55.9 46.7 40.4 27.4 14.4 -1.7 -1.7 -1.7 -1.7 -1.7 -1.7 -1.7 -1.7 -1.7 -1.7 -1.7 -1.7 -1.7 -1.7 -1.7 -1.7 -1.7 -1.7 -1.7 -1.7 -1.7 17.9 30.8 17.6 22.5 39 38.3 34 26.4 25.5 26.9 33.9 49.7 68.2 80 84.8 87.4
42.4 38.6 35.8 20.5 28.6 46.4 54 59.2 60.7 59.9 52.2 35.6 19.2 23.5 37 51 68.9 75.2 77.6 78.2 77.2 77 75.5 73.4 70.8 66.5 62.2 56.5 49.9 43.8 29.2 26.6 40.1 49.1 54.4 58.2 60.9 62.3 62.8 63.3 61.4 56.8 47.9 38 21.8 12.9 -1.7 -1.7 -1.7 -1.7 -1.7 -1.7 -1.7 -1.7 -1.7 -1.7 -1.7 -1.7 -1.7 -1.7 -1.7 -1.7 -1.7 -1.7 1.7 6.3 7.1 6.9 17.3 34.8 30.8 28.8 48.4 52.4 51.4 49.4 47.2 48.6 56 69.4 81 87.4 90.6 91.4
32.6 27.5 23.5 19.4 23.6 41 50.3 57.2 59.1 57 43.4 24.7 19 31.7 47.2 62.6 73.8 78.8 81 80.7 79.9 79.3 77.6 75.6 72.6 68 64.2 58.9 50 39.4 27.6 24.6 39.3 46.8 51 54.2 56.6 58.1 58.5 59.1 57 50.2 39.5 21.6 -1.7 -1.7 -1.7 -1.7 -1.7 -1.7 -1.7 -1.7 -1.7 -1.7 -1.7 -1.7 -1.7 -1.7 -1.7 -1.7 1 1.9 19.7 26.1 30.5 33.3 32.5 34.2 25.4 35.8 43.9 34.2 50.5 62.7 67.9 69.1 70.1 74.3 81.8 88.3 92.2 96.4 97.2 98.4
31.4 31.2 30.9 21.7 19.1 33.2 45.2 52.8 56.1 52.5 34.4 15.7 25.3 41.3 57.5 71.5 76.4 80.6 82.8 82.4 81.5 81.4 79.9 78 74.4 71.1 66.7 62.3 55.7 46.8 30.7 20.5 36.9 43.6 46.5 49.9 51.6 52.1 51.8 51.6 48.5 34.6 -1.7 -1.7 -1.7 -1.7 -1.7 -1.7 -1.7 -1.7 -1.7 -1.7 -1.7 -1.7 -1.7 -1.7 -1.7 -1.7 7.1 22.8 23.2 29.5 40 48.6 52 54.4 54.7 55.4 48.4 43.3 53.1 56.2 53.9 64.3 73.6 77 80.7 86.9 93 97.7 101.8 105.2 108.2 110.7
46.3 47.6 45 34.8 16.9 23.9 37.7 46.5 50.5 48.6 29.4 16.9 31 47.7 64.6 72.8 76.9 80.4 82.7 83 81.5 81.8 81.2 80.2 77.9 74.5 70.3 66.5 60.7 52.1 37 18.3 30.8 38.9 41.9 45.3 47.3 47 45.4 41.2 31.6 -1.7 -1.7 -1.7 -1.7 -1.7 -1.7 -1.7 -1.7 -1.7 -1.7 -1.7 -1.7 -1.7 -1.7 -1.7 -1.7 -1.7 27.3 40 49 55.1 60.6 65.6 70.9 72.6 71.2 68.1 61.7 56.2 59.8 64 64.4 66.2 71.1 75.6 81.5 88.3 94.9 100.1 105.8 111.1 114.6 116.8
51.5 53.6 53.2 43.7 25 14.9 28.3 39.7 44.5 42.7 23.6 19.4 33.9 51.3 66.6 72.2 76.7 79.1 80.2 80.2 80.4 81.7 82.3 81.3 80 77.4 74 70.2 64.9 57 44.4 21.8 20.2 27.8 35.1 38.8 42.8 42.9 40.3 35.6 24.1 -1.7 -1.7 -1.7 -1.7 -1.7 -1.7 -1.7 -1.7 -1.7 -1.7 -1.7 -1.7 -1.7 -1.7 -1.7 -1.7 19.4 41.3 53.2 61.3 68 71.7 74.7 78.8 82.2 81.2 77.7 72.8 68.3 68.4 70.8 71.1 71.1 74.2 79 83.8 89.2 94.2 99.5 105.3 111.1 114.6 118.4
54.8 56 57.3 51.9 33.9 15.1 16.8 27.9 34.3 34.8 16.4 18.3 36.2 52.7 66.2 71.8 76.4 77.6 77.1 75.2 74.5 78.3 79.4 80.5 81.3 80.4 77.5 73.8 69.3 62.5 52.9 37.3 20 11.5 19.2 29.6 34.2 36.1 32.9 28.1 -1.7 -1.7 -1.7 -1.7 -1.7 -1.7 -1.7 -1.7 -1.7 -1.7 -1.7 -1.7 -1.7 -1.7 -1.7 -1.7 5.9 32.1 51.4 63 69.5 74.7 80.8 85.3 85.4 89 90 86.1 81.4 77.1 76.1 76.9 77.9 77.5 81.8 86 89.9 93.5 96.7 100.9 105.7 110.5 113.4 115.6
54.9 56.9 57.9 57.1 44.5 27.7 13.7 16.7 25.6 26.8 12.3 20.7 39 56.3 66.4 72.2 75.9 76.4 75.3 71 65.8 67.7 71.4 76.4 79.4 80.5 80.4 77.4 73.8 67.1 59.1 49.7 34.4 15 7.2 11.1 15.9 23.9 21.8 -1.7 -1.7 -1.7 -1.7 -1.7 -1.7 -1.7 -1.7 -1.7 -1.7 -1.7 -1.7 -1.7 -1.7 -1.7 -1.7 8.2 26.4 44.9 60.3 69.7 77.5 84.8 91.1 95.8 97.5 98.1 95.9 91.3 87.4 85.3 86 86.2 86.6 89 91.7 94.8 97.2 98.9 102.1 105.6 108.6 112.1 111.8 110.9
56.4 59.6 61.2 59 55.4 44.4 25.1 12.1 15.7 12.1 12.7 25.3 43.5 58.5 67 72.2 75 75.4 73.9 69.6 58.5 56.2 61.4 67.2 72.2 75.4 77.1 76.6 73.9 70.1 64.3 57.7 50.8 37.3 16.9 5.2 0.1 -1.7 -1.7 -1.7 -1.7 -1.7 -1.7 -1.7 -1.7 -1.7 -1.7 -1.7 -1.7 -1.7 -1.7 -1.7 -1.7 -1.7 18.4 30.7 46.8 59.1 68 74.9 82.3 89.5 95.3 99.7 103.3 103 100 95.9 93.2 91.9 93.4 94.1 94.4 94.8 97.2 100.9 103.6 105 106.7 109.2 112.1 114 110.7 106.8
55 59.2 61.8 60.6 54.7 47 31.6 18.4 9.6 13.6 27.7 41.6 49.4 61.3 67.8 72.1 73.2 73.5 71.4 67.9 60.3 46.5 41.1 50.1 58.8 65.8 70 70.5 70.1 68.7 65.7 62 55.4 48.4 38.7 22.4 -1.7 -1.7 -1.7 -1.7 -1.7 -1.7 -1.7 -1.7 -1.7 -1.7 11.4 18.9 -1.7 -1.7 -1.7 -1.7 2.1 9.2 31.5 49.5 62.9 70 77.2 82.7 85.4 89.6 94.9 99.9 104.1 106.2 103.8 99.3 96.1 96.7 99.6 99.4 99.1 99.2 101.1 105 108.5 109.4 111.1 113.1 114 113.6 108.7 102.8
54.2 58.5 60.2 58.9 52.4 39.3 22.1 11.4 13.5 27.1 40.4 52 59.7 65.2 69.3 70.9 71.3 70.4 68.3 65.5 59.9 49.5 32.8 29.2 36.6 48.9 58.4 62.8 64.2 65.7 64.1 62.4 59.3 52 47.2 41.2 26.1 -1.7 -1.7 -1.7 -1.7 -1.7 -1.7 -1.7 -1.7 10 22.2 26.2 23.2 18 16.1 13 9.7 21.3 40.9 57.9 68.7 77.2 83.1 88 91.4 93.8 95.4 99.4 103.3 106.2 106.6 104.2 99.8 101.3 105.5 104.8 103.7 104.9 106.8 109.5 112.3 114.3 115.1 114.7 113.2 108.9 102.9 96.3
53 56.5 59.7 57.2 49 30.8 14.2 9.1 22.6 38 54.6 60.3 64.1 67.9 69.7 69.7 69.4 67.3 64.7 61.7 58.7 53.6 41.1 25 19.9 25.9 38.5 51.7 55.2 58.4 59 57.7 55.3 51.4 44.1 37.8 27.8 19.5 -1.7 -1.7 -1.7 -1.7 -1.7 -1.7 -1.7 15.1 31.8 35.4 34.9 34.4 31.2 23.4 16.4 28.2 44.4 60.1 71.9 79.5 85.4 90.6 94.8 97.4 98.2 99.1 102.4 105 106.4 105.3 105.7 108.4 110.6 110.7 112.4 113.2 113.8 114.6 115.2 115.6 115.2 114.1 110.1 97.8 84.1 72.2
49.5 53.1 55.8 54.6 47.4 25.7 8 9.6 24.7 44.3 57.2 63.5 67.1 68.9 69.6 68.8 66.5 62.9 60 56.3 53.6 52.7 49 35.1 20.6 12.3 17.5 35.1 42 46.6 50.1 49.2 47.1 44.1 1.8 -1.7 -1.7 -1.7 -1.7 -1.7 -1.7 -1.7 -1.7 -1.7 -1.7 34.4 39.2 40.3 41.5 45.1 44.4 35 26.8 31.9 46.6 60.9 72.3 79.9 87.4 92.8 96.6 98.9 99.6 100.6 101.3 103.1 104.2 106.6 108.5 110.9 112.6 114.4 116.2 118.2 118.4 118 116.1 114.1 112.1 110.2 93.6 77.2 60.6 48.5
46.7 49.1 51.5 50.7 45 23.6 6.7 7.5 23 38.8 52.6 62.1 67.4 68.9 68.6 66.3 63.7 60.5 56 51.9 45.6 46.9 46.1 42.5 33.2 19.1 4.8 17.4 31.5 34.1 12.9 2.2 -1.7 28.4 -1.7 -1.7 -1.7 -1.7 -1.7 -1.7 -1.7 -1.7 -1.7 -1.7 -1.7 21.2 38.1 44.8 49.8 56.6 57.3 49.3 38.6 35.3 44.6 60 70 78.1 83.3 91.8 96.2 98.4 100.3 100.8 100.6 100.9 104 106.6 109.4 111.3 113.2 115.1 117.5 119.6 120.3 119.5 116.6 112.6 107.8 98.4 72.8 55 14 -1.7
43 45.8 47.2 46.9 42.6 24 6 7.2 18 32.6 49 59.7 65.3 68.4 67.7 65.2 60.9 57.4 51.6 47.8 40.5 39.4 40.2 38.7 34.4 26.2 1 -1.7 1.3 0.9 -1.7 -1.7 -1.7 -0.2 -1.7 -1.7 -1.7 -1.7 -1.7 -1.7 -1.7 -1.7 -1.7 -1.7 -1.7 -1.7 18.8 42 49.7 57.2 62.5 60.4 52.4 44.8 47.3 57.6 67.2 72.9 80.5 87.2 92.1 95.6 98.1 98 98 99.9 103.3 106.1 108.9 111.3 114 115.9 117.7 119.8 120.1 119.6 115.9 109.5 101.1 83.5 58.5 -1.7 -1.7 -1.7
