app/static/ascii/SX18.asc
ncols 200
nrows 200
xllcorner 210000
yllcorner 80000
cellsize 50
[rows 0 to 34 of 200, columns 78 to 155 of 200]
239.2 238.3 235.3 232.4 229 226.7 224.6 221.2 215.8 209.5 201.8 204 202.2 206.4 210.3 212.4 213.7 213.6 212.8 211.8 209.6 207.4 206.6 210.4 213.6 215.8 216.8 218.3 220.3 222.1 224.3 226.5 228.7 230.9 232.9 234.7 235.6 234.6 233.5 232.2 229.8 227.5 225.3 222.9 220.4 217.7 215.2 212.1 209 206.8 205.1 204.8 204.1 202.5 200.6 200.3 205.8 212.6 217.7 220.7 223.1 223.8 223.4 222 219.8 217.8 214.4 211.5 207.1 203.8 200.8 197.9 195.3 193.3 190.7 188.2 186.9 185.8
243.1 243.1 240 235.9 233.1 230.2 227.9 223.8 215.3 208.6 209.1 211.5 208.1 208 212.6 214.9 217 216.2 215.7 213.7 211.7 209.3 209.9 211.9 213.7 216.2 218.6 220.1 221.9 223.5 225.1 227.1 229.3 231.1 232.6 234.1 234.8 233.7 232.8 231.1 228.9 226.5 224.2 221.2 219.6 216.5 213.5 210.4 209.3 207.9 207.2 207.4 206.6 205.7 203.7 201.1 205.8 212.5 217.1 221.1 223.9 225.4 225.3 224.2 222 220.2 217.9 215.3 210.6 207.3 204.2 201.1 198.1 195.7 193.1 190.5 188.2 186.7
246.7 246.5 246.5 244.9 240.2 235.3 231.6 225.1 216.1 212 217.3 216.5 213.7 210.3 214 218.4 220 220.8 219.1 217.2 214.6 211.7 210.6 213.6 215 216.9 218.8 221.4 223.2 224.9 226.4 228 229.6 231.2 232.8 234.4 234.8 233.9 232.5 230.1 228 226 223.8 221.6 219.1 215.7 213 211.7 210.4 209.9 209.5 209.5 208.9 208 206.1 202.9 206.8 211.6 215.6 219.4 222.3 225 226.2 226.1 224.2 222.3 220.3 218.1 215.2 211.1 208 204.7 201.4 197.9 195 192.2 189.9 188.6
250.3 250.8 249.5 247.8 243.8 238.2 233.4 226.2 219 219.9 221.6 221.7 219.1 215.5 216.5 221.5 223.1 224.4 222.3 219.3 216.4 213.4 213.2 215.9 217 218.4 220 222 224 225.8 227.4 228.9 230.5 232 233.6 235.2 234.9 234 231.9 229.8 227.7 225.8 223.6 221.4 219 216.1 214.7 213 212.5 212.2 211.9 211.6 211 210.3 208.5 205.4 206.8 211.3 215.2 218.4 220.9 223.3 225.1 225.8 225.2 223.5 221.7 219.8 217.4 214.2 210.8 207.2 203.9 200.6 196.9 194 191.9 191
252 252.1 250.1 247.6 244.3 239.7 234.4 227.9 221.7 225.1 225.9 225.4 223.6 221 220.2 225.4 227 227.3 225.2 221.9 218.5 215.2 214.7 218.1 219.6 221.3 222.3 223.5 224.8 226.7 228.3 229.9 231.4 232.9 234.5 235.8 235 234.2 231.9 229.8 227.8 225.7 223.5 221.1 218.9 217 215.9 214.7 214.5 214.3 214 213.6 213.2 212.2 210.2 207.5 207.1 211.6 214.9 217.5 220 222 223.6 224.8 225 224.1 222.5 220.9 218.6 216.1 213.3 209.5 206.3 203.2 199.1 195.4 194.4 194.2
252.2 252.5 250.7 247.1 243.1 238.9 234.6 230.5 227.8 228.2 230.1 229.2 227.9 225.4 225 228.9 230.9 230.3 227.9 224.9 221.5 218 216.6 220.2 222.4 224.5 225.5 225.8 226.4 227.7 229.2 230.8 232.3 233.8 235.3 235.9 235.2 234.4 232 229.9 227.9 225.8 223.4 221.3 219.5 218.1 217.1 216 216.6 216.4 216.1 214.6 214.8 213.6 211.7 209.4 210.5 212 215 217.1 219.1 220.9 222.5 224 224.3 224.4 223.2 221.9 219.8 217.2 214.7 212.4 208.8 205.6 201.3 197.4 197.5 197.4
254.5 254.8 252.9 249.9 244.8 239.9 236.3 233.1 232.2 233.5 234 233.2 231.4 229.2 229.3 230.5 232.6 232.3 230.4 227.8 224.3 220.8 219.2 222.4 225.2 227.7 228.1 228.4 229 229.2 230.4 231.6 233.2 234.7 236.2 236.1 235.8 234.3 232.1 229.8 227.8 225.6 223 221.5 220.4 219.1 218.1 218.3 218.5 218.3 218.1 217.3 216.6 214.9 213.1 211.3 212 213.2 214.8 217.4 219.2 220.7 222 223.2 223.8 224.3 223.7 222.7 220.9 218.5 216 214.2 212.1 208.4 203.9 197.8 200.1 200.1
256.2 256.4 255.8 253 249.7 244.7 239.6 237.5 236.9 237.3 237.9 237 235.5 233.9 233.6 233.7 234.5 234.7 233.3 230.8 227 223.1 220.7 225.7 229.5 230.7 231.3 231.6 232.2 232.3 232.4 232.5 233.8 235.4 236.9 236.7 236.4 234.4 232.2 229.9 227.7 225.8 223.9 222.4 221.5 220.3 219.8 220.4 220.5 220 219.8 219.2 218.1 216.5 214.8 213 213.5 214.9 216.5 218.1 219.4 220.7 222.1 223.2 223.7 224.1 223.6 222.9 221.7 219.8 217.5 216 214.1 211.6 205.9 201.6 203.9 203.1
257.8 258 257.2 255.2 252.6 249.2 244.8 242.4 241.4 241.4 241.1 241.1 240 238 237.4 237.1 237.9 237.1 235.6 234.1 231.1 226.2 223.9 228.7 232.3 233.7 234.6 234.9 235.2 235.2 234.8 235.2 235.4 236.6 237.4 237.3 236 234.9 232.9 230.4 227.1 225.9 224.9 223.9 222.5 221.3 222.1 222.3 222.4 222 221.6 221.2 219.7 218 216.4 214.8 215.1 216.7 218.1 219.5 220.5 221.7 223 223.4 224.1 224.1 223.5 222.7 221.9 220 218.2 216.5 214.7 212.8 206.9 205.7 207.4 206.1
259.5 259.4 258.2 257 255.2 253 249.1 248 247.4 246.9 246.2 246.1 244.6 243.1 241 240.7 241 240.6 239.1 237.6 232.4 228.3 227.6 231.6 235.2 236.6 237.9 238.1 237.8 237.3 236.9 237.3 237.1 237.7 238.1 237.7 236.1 234.6 233.5 230.6 229.2 227.8 226.7 225.8 224.8 222.9 224.1 224.2 224.3 224.1 223.6 223 221.8 220.2 218.7 217.6 216.5 218 219.4 220.8 222 222.8 223.7 223.9 224.3 224.1 223.6 222.8 221.1 219.4 217.5 214.5 212.3 209.4 207.1 209.3 210.7 209.4
261.2 260.4 259.3 259 257.2 255.4 253 252.8 253.1 252.2 251.1 250.9 250.1 249 246.6 244.7 244.3 243.7 242.5 239.7 234.1 231.3 230.9 235.1 238.1 240.2 240.9 241 240.8 240.1 239.5 238.4 238.2 238.9 238.9 238.2 236.8 235.4 234.2 233.4 231.5 229.6 228.6 227.6 226.6 226 226.1 226.1 226.2 226.1 225.6 224.6 223.7 222.5 221.1 218.9 218 219.2 220.7 222.3 223.4 223.9 224.3 224.3 223.8 222.1 221.7 221.4 221 219.3 217.2 215.3 214.4 211.9 210 212.3 213.4 212.9
262.6 261.5 260.9 260.8 259.1 258.3 256.3 256.3 256.3 255.5 255 254.9 254 253.2 251.4 248.9 247.1 246 243.8 240.7 236.5 234.4 233.4 236.5 242.1 243.8 243.9 244 243.8 242.9 242 240.7 240.8 241.2 240.4 238.9 237.8 236.4 235.9 235.2 233.8 231.8 230.4 229.4 228.7 227.8 228.2 228.2 228.2 228.1 227.3 226.3 225.4 224.3 222.5 220.2 219.5 222.7 221.7 223.6 224.9 225.7 225.6 225.9 225.9 226 225.3 224.3 222.7 221.4 219.9 218 215.7 213.3 212.7 214.2 214.6 213.2
263.7 263.1 262.6 262.4 261.5 260.9 259 259.3 259.1 258.8 259.4 259.5 260 259 257 254.6 251.9 249.7 246 243.6 240.1 237.8 236.4 237.5 242.5 245.6 247.2 247.4 246.7 245.3 244.4 242.8 243.4 243 242 240.6 238.4 238.2 237.1 237.4 235.8 233.8 232.4 234.9 234.3 231 229.6 229.8 230 230.2 229.7 228.9 228.2 227.1 224.7 221.9 221.3 222.3 224 225.6 226.7 227.4 227.3 227.7 227.4 227.4 226.6 225.7 224.4 222.8 221.3 219.8 217.5 215.1 215.2 216.7 214.9 215.6
265.2 264.5 263.8 263.2 260.6 263.1 262.4 262.4 262.2 262.7 263.4 264 264.2 263.2 261.6 260.1 258.3 255.5 253 248.9 248.6 247.2 243.3 241.8 242.7 244.9 244.9 250.7 250 248.5 246.8 246.6 245.6 244.6 242.5 241.1 241.2 239.6 239.1 239.1 238.3 236.4 234.6 233.2 232 231.3 231.7 231.9 232.2 232.3 232 231.4 230.7 229.3 227.3 224.4 223.3 224 225.6 227.4 228.4 229.1 229.5 229.6 229.1 228.8 228 227.2 225.7 224.2 222.6 221.2 219.3 217.1 217 218.1 218.2 216.8
265.8 265 263.6 264.5 265 264.8 264.8 265 266 266.6 267.5 268.1 268.2 267.8 266.3 264.9 263.5 262.2 260 257.4 254.3 250.9 246.5 243.9 242.9 248 252.4 254.1 252.9 250.6 249.6 248.5 247.3 246.2 244.1 242.6 241.9 241.2 241.2 241 240.5 238.9 237.1 235 233.9 232.9 233.6 234 234.3 234.3 234.1 233.8 232.9 231.5 229.5 226.4 225.2 226 227.3 229.2 230.2 230.8 231.3 231.5 231 230.6 229.4 228.6 227.6 225.3 224 222.5 221.1 219.3 219.2 219.3 219.3 218.4
264.1 260.6 264.3 265.7 266.7 266.5 267.1 268.3 269.2 270.6 271.6 272.2 272.1 271.9 271 269.6 268.2 266.9 265.7 263.7 260.8 257.1 254.1 250.2 245.3 250.6 254.8 257.2 256.3 253.9 252.9 251 249.3 247.5 245.6 244.8 243.9 243.3 243.1 242.9 242.3 241.3 239.4 237.1 235.5 234.8 235.5 236 236.4 236.5 236.3 236 234.9 233.6 231.2 228.6 227 227.9 229 230.5 231.9 232.5 233 233.4 233.1 232.8 231.4 230 229.2 226.4 225.2 223.9 222.5 221.6 221.9 221.8 220.9 220
260 262.7 264 265.5 267.4 269.1 270.4 271.5 272.5 274.8 275.5 275.8 275.7 275.3 274.6 273.8 272.7 271.5 270.3 269.4 267.1 264.4 260.2 255.4 248.2 253.9 257.9 259.4 258.6 257 255 252.8 250.5 248.7 247.9 247.1 246.3 245.8 245.3 244.8 244.4 243.5 241.6 239.3 237.3 236.9 237.6 238.3 238.7 238.7 238.7 238.1 237 235.5 232.8 229.7 228.6 229.6 230.9 232.5 233.9 234.8 235.2 235.4 235.2 234.8 233.6 232.1 230.6 228.4 226.3 224.4 224 223.9 224.2 223.5 222.7 221.8
257.3 260.3 264.5 266.8 269.2 271.8 273.9 275.2 276.1 279 279.3 279.3 279.2 278.7 278.2 277.7 277.4 276.4 275.3 274.8 272.7 271.2 268.2 261.9 252.8 257.5 261.1 262.4 261.5 259.6 257 254.8 252.5 250.8 250.1 249.4 248.9 248.3 247.8 247.4 246.6 245.9 243.6 241.3 240.3 239.5 240.1 240.6 241 241 240.6 239.8 238.9 236.8 234 230.9 230.6 231.5 233.1 234.8 235.8 236.7 237.5 237.5 237.3 236.6 235.6 234.5 232.2 231 228.4 227.1 226.2 226.1 225.7 225 224.3 223.6
256.2 260.2 264.4 268.8 271.5 273.9 276.2 278.6 279.4 281.8 282.5 282.2 281.7 281.5 281.9 281.8 281.6 281.3 280.7 280.2 278.2 276.2 273.3 269.7 257.9 263.2 265.2 265.1 264.7 262.1 259.1 257 254.9 253.5 252.6 252.1 251.4 250.8 250.5 250.1 249.3 247.7 246.6 244.5 243 242.6 243.1 243.2 243.2 243 242.4 241.6 240.1 237.8 234.6 232.4 233.2 234.1 235.6 237.1 237.9 238.8 239.7 239.6 239.4 238.5 236.2 236.7 234.8 233.1 231.4 229.8 228.6 228.1 227.2 226.5 225.6 224
258.7 259.6 263.8 269.6 273.5 275.9 278.4 281.1 283.4 284.4 284.8 284.7 284.6 284.5 284.8 285.2 285.6 285.2 285 284.1 282.5 280.7 277.6 273.5 260.9 269.3 269.4 269.7 269 266.5 262.4 259.9 257.4 256.2 255.8 255.3 255.1 254.6 253.2 252.8 251.7 250.3 248.7 247 246 245.6 245.9 245.7 245.3 245 244.2 243.2 241.4 238.4 234.7 235.1 236 237 237.9 239.4 240.8 241.8 242.3 241.7 240.8 241 239.3 238.6 236.8 235.1 233.4 232 230.8 229.9 228.7 227.6 225.9 224
261.2 261.1 263.6 268.8 274 277.2 280.3 283.2 285.2 286.5 286.9 287 287.4 287.6 287.9 288.2 288.4 288.2 288.3 286.9 285.6 283.4 281.3 276.6 265 273.7 272.9 274.9 273.4 270.6 267.5 263.8 261 259.7 258.9 259.2 259.4 258.4 256.8 256.4 255.3 253.5 251.3 249.9 249.1 248.6 248.4 247.9 247.5 246.5 245.1 244 242 238.8 238 238.4 238.9 239.9 240.8 241.8 243.2 244.5 244.9 244.6 244.3 243.2 242 240.4 238.8 237.1 235.4 233.7 232.9 231.5 229.8 227.2 225.2 223.3
265.2 264.3 264.4 267 272.2 277.2 280.2 283.1 285.8 287.4 288.1 288.2 289 290 290.4 290.7 290.7 290.4 290 289.1 287.9 285.8 283.6 278.3 271.1 276.9 278.6 278.9 277.4 274.7 271.7 268.4 266.2 264.2 262.8 263 263.3 264.2 262.9 261 259 256.8 254.8 253.2 252.2 251.2 250.5 250.1 249.4 247.9 246.3 244.8 242.9 240.8 241.3 241.7 242.1 242.8 243.7 244.7 245.6 246.5 246.9 246.8 246 244.6 243.1 241.4 239.9 238.5 237.2 235.6 234.1 232.2 230.2 227.6 224.8 222.2
269.9 267.6 267.1 268 270.5 275.6 278.7 281.1 284.6 286.8 288.6 289.7 290.7 291.7 292.6 293.2 292.9 292.5 291.7 290.8 289.4 287.6 285.2 279.3 275.6 279.9 281.3 281.8 280.9 278.5 276.1 273 271.7 270.1 270 268.6 267.5 267.2 267.3 265 262.2 260.1 258.1 257 255.6 254.2 252.9 252.2 251 249.4 247.7 246 244.3 244 244.5 245 245.4 245.8 246.7 247.6 248.5 248.6 249 248.3 247.1 245.5 244 242.3 240.9 239.4 238 236.7 234.9 232.8 230 226.8 224.7 221.8
274.6 273.7 273 272.4 271.9 273.3 276 279.6 283 285.7 287.6 290.4 292.2 293.2 294.2 295.2 295 294.6 293.7 292.5 291 289.2 285.3 282.4 282.5 282 283.8 284.1 283.1 281.5 279.4 277 275.1 274 273.8 273.4 271.4 270.9 270.9 268.4 265.5 263.4 261.9 260.8 259.4 258 256.4 254.1 251.9 251.2 249.6 248.1 246.6 247 247.5 248.1 248.6 249.1 249.6 250.6 251.1 250.6 250.3 249.8 248.3 246.4 244.8 243.3 241.8 240.4 238.9 237.5 235.2 232.8 230.4 227.1 224.3 222.1
278.1 277.9 277.9 276.9 276.3 276.8 277.8 279.8 281.6 284.6 287.5 290.1 292.6 294.7 295.7 296.7 297.1 296.8 295.6 294.1 292.2 289.8 288.7 285.6 283.5 284.6 286.4 286.3 285.2 283.7 281.9 279.8 279 278 277.4 276.5 275.2 274.7 274.6 272 268.8 266.7 265.7 264.6 263.2 261.6 259.7 257 254.9 253.5 252.1 250.7 249.5 249.9 250.5 251.1 251.7 252.3 252.8 253.5 253.3 252.5 251.8 251.3 249.5 247.5 245.7 244.3 242.8 241.4 239.8 237.7 235.3 232.9 230.5 227.6 224.8 222.6
280.4 280.5 280.7 280.8 280.7 280.5 281 282 283.6 284.8 287.9 290.2 292.5 294.9 297.2 298.3 298.8 298.2 297.3 295.4 293.6 291.4 289.9 288.6 286 285.7 286.5 287.6 287.1 285.7 283.7 281.9 281.2 280.7 280.1 279.2 278.3 277.8 277.2 276.9 274.2 271.5 269.5 268.4 266.8 264.9 262.7 260 257.9 256.1 254.9 253.7 252.8 253.2 253.8 254.3 254.9 255.4 256 256.3 255.5 254.8 253.3 252.7 250.8 248.6 246.5 245.1 243.7 242 239.9 237.9 235.7 233.4 231.1 228.3 225.3 223.2
282 282.8 283 283.2 283.2 283.1 283.9 284.1 285.8 286.6 289.2 291.5 293.8 296.1 298.4 299.8 300.2 299.7 298.8 296.9 295.1 293.6 292.1 289.7 288.1 287 287.2 288.4 287.5 286.4 285.3 284.1 283.4 283.1 281.6 280.4 279.6 279.6 279 278.7 278.2 276.6 275.1 272.4 270.1 268.2 265.7 263 261.2 259.5 257.9 256.4 256.3 256.8 257.4 258 258.6 259.1 259.5 259.1 258.4 257.3 255.7 254.1 251.8 249.6 247.5 245.7 244.3 242.8 240.8 238.8 236.7 234.5 232.1 229.3 226.2 222.6
280.9 282.6 283.9 285 285.1 285.3 286.1 287 288 288.4 290.5 292.8 295.1 297.4 299.7 301.1 301.4 301.1 300.1 298.4 297.1 295.8 293.9 291.9 290.3 288.7 288 289.1 288 286.7 285.3 284.9 284.1 283.4 282.6 281.2 280.5 280.4 280.4 280.4 280.1 278.8 277.1 274.4 272.8 270.8 268.4 266.9 265.3 263.7 261.1 260 259.7 260.4 261 261.6 261.5 261.6 261.6 261.4 260.7 259.7 258 256.2 253.7 251.3 248.9 246.5 244.9 243.3 241.7 239.7 237.6 235.6 233 230.2 227.1 222.7
279.8 281.5 283.1 284.8 286.8 287.5 288.3 289 289.8 290.2 291.8 294.1 296.4 298.7 301 302.6 302.9 302.4 301.4 300.3 299.1 297.8 296 294.2 292.5 290.9 289.3 289.9 288.4 286.9 285.4 284.6 284.2 283.5 282.8 282.1 281.3 281.2 281 280.7 280.7 279.6 278.5 276.8 275.1 273.3 271.3 270.2 268.5 266.8 265.1 263.9 263.7 264.1 264.2 264 263.8 263.7 263.6 263.2 262.5 261.4 259.9 258.2 255.7 253.6 251.4 248.5 245.7 244 242.4 240.5 238.3 236 233.1 230.3 227.6 224.1
278.7 280.3 281.9 283.7 286.2 287.9 289.6 290.2 291.5 292.2 293 295.2 297.5 299.9 302.1 303.7 304.4 303.7 302.5 301.3 300.5 299.6 298.1 296.4 294.8 293.2 291.5 290.4 288.5 286.5 285 284 283.8 283.4 282.7 281.9 281 280.8 280.6 280.4 280.5 279.8 279 278.1 276.8 275.1 274.2 273.2 271.3 269.6 268.3 267.5 267.3 266.9 266.7 266.5 266.3 265.8 264.9 264.3 263.6 262.8 261 259.2 258.3 255.1 253.1 250.4 246.7 245 243.3 240.7 238.5 235.8 232.9 230.1 227.3 225
277.4 279 280.6 282.9 285.4 287.5 289.9 291.3 292.6 293.8 294.7 295.9 298 300.3 302.6 304.2 306.4 304.9 303.5 302.2 301.2 300.1 298.8 296.9 294.9 293.2 291.6 289.6 287.4 285.1 284.2 283.9 283.3 283 282.1 281.2 280.2 279.7 279.5 279.7 279.8 279 278.7 278.3 277.7 277 276.5 276 274.5 272.3 271.2 270.4 270.1 269.5 269.1 268.9 268.6 267 265.9 265.3 264.6 263.6 260.7 260 258.1 255 253.2 253.6 247.8 246 243.8 241.1 238.4 235.1 231.9 229.6 227.4 226.9
276.1 277.7 279.6 282 284.5 287 289.7 292.1 293.8 294.7 296.4 297.6 298.8 300.8 302.8 304.5 305.2 305.8 304.7 303 301.7 300.7 299 297.3 295.2 293 290.7 288.4 286.2 284.8 283.4 282.8 282 281.6 281.2 280.5 279.5 278.5 278.8 278.9 279 278.8 278.5 278.1 277.6 277.6 278.5 278.4 277.5 275.5 274.3 273.3 272.8 272 271.6 271.4 269.8 268.2 266.9 266.3 265.4 264.2 262 261.3 259.5 256.4 255 250.9 248.4 246.3 244.2 240.6 237.3 234.2 231.1 230 229 230
273.9 276.7 278.6 280.7 283.1 285.6 288.4 291.2 294.1 296.6 298.4 299.2 299.9 300.7 302.5 303.8 303.9 304.3 304.2 302.5 301.2 300.1 298.6 296.8 294.7 292.5 290 287.5 285.1 283.7 282.4 281.5 280.8 280.4 280 279.1 278 276.9 277.1 277.4 277.7 278 277.7 277.4 277.5 277.3 278.3 279.2 279.1 278.2 277.4 276.3 275.7 274.6 274 272.6 271.1 269.5 267.9 267.1 265.9 263.6 261.8 261 258.6 256.9 254.8 251.9 248.8 246.1 243.3 239.5 236.4 233.3 232.4 231.7 230.8 231.3
273.4 275.7 277.7 279.9 282 284.3 286.9 289.9 292.8 295.8 298.1 299.5 300.4 301.2 301.8 302.9 303 303 302.3 301.1 299.6 298.4 297 294.9 292.9 291.1 288.7 286.2 284.2 282.6 281.4 280.3 279.6 279.2 278.7 277.7 276.6 275.3 275.2 276.1 276.4 276.7 276.9 276.7 276.8 276.9 277.8 278.5 278.7 278.7 278.2 278 277.6 277 275.5 273.9 272.3 270.6 268.7 266.6 264.6 262.9 261.6 260.3 258.1 255.7 252.8 249.7 246.5 244.9 242 239.3 235.8 235.8 234.9 234.2 233.7 233.7
275.1 275.5 277 279.1 281.2 283.3 286.2 289.2 292.1 295.1 297.2 299.1 300.6 301.3 301.7 301.9 302 302.1 300.5 299.1 298.1 296.7 295 293.1 291.4 289.6 287.3 284.8 283.3 281.8 280.4 279.3 278.4 277.9 277.4 276.3 275 273.4 272.7 274.2 275.1 275.4 275.6 275.6 275.4 275.3 276.1 277 277.3 277.5 278 277.8 277.7 277.8 276.6 274.9 273.1 271.2 269.4 267 264.3 263.6 261.5 259.1 256.8 253 250.6 249.6 247.2 243.3 242.7 241.2 239.9 239.2 238.2 237 236.7 236.9
