app/static/ascii/SX19.asc
ncols 200
nrows 200
xllcorner 210000
yllcorner 90000
cellsize 50
[rows 144 to 179 of 200, columns 80 to 159 of 200]
238.1 237.3 235.5 234.8 234.1 233.5 231.9 229.5 227 224.2 221.5 220.1 217.8 215.5 212.9 208.9 205.8 203 199.6 195 191.1 188.6 186.1 184.1 182.2 182.1 181.1 181.4 181.5 182 183.6 185.5 187.2 188.1 188 187.5 186 184 181.9 180 177.1 174.7 171.1 170.5 170.8 171.1 170.1 168 166.5 164.3 162.3 160.6 159 164.4 160.9 155 154.7 155.4 157.7 158 158.3 159.7 161.5 161.4 163.2 161.7 157.2 151.7 147.4 145.4 144.4 142.9 142.5 142.2 142.5 142.3 141.5 140.8 140.2 140
233.8 233.3 232.5 230.9 230.1 229.4 228 226.4 224.2 221.9 219.5 217.4 215.1 212.9 210.1 206.9 203.4 201.1 198.2 195.5 191.4 189.3 186.9 184.1 183.9 185.1 185.1 185 184.7 185.2 186.4 188.1 189.8 190.7 190.8 189.7 188 185.8 182.9 180.1 177.4 174.8 171.6 171.2 173.1 174.1 174.1 173.2 171.2 168.4 165.3 163.8 166.1 159.6 157.8 156.9 155.8 154.8 154.3 153.1 153 152.8 153.5 153.1 153.9 151.3 148.9 146.9 146.3 146.2 145.7 145 144 143.3 143.4 142.6 141.9 141.3 140.6 139.9
230.5 229.3 228.7 227.6 226.2 225.2 223.8 222.4 221 218.7 216.7 214.6 212.4 210.3 208.3 205.5 201.9 199.3 196.9 194.7 191.9 189.8 187.6 185 187 189.1 189.5 189.3 189.1 189.7 190 191.4 192.9 193.5 193.6 191.7 190 187.3 184.2 181.2 178.3 175.4 172.3 173.1 174.6 176 176.5 176.3 175.4 174.1 171.3 169.9 168.5 164.8 159.3 159.8 158.6 157.1 155.4 153.9 152.6 152.2 150.4 150.2 149.1 148.4 148.6 149.6 149.6 149.4 148.1 146.5 145.5 144.5 143.7 143 142.4 141.7 141 140.3
227.7 226.4 225 224.1 222.7 221.8 220 218.6 217.2 215.7 213.8 212 210.1 208.1 206.1 204.1 201.9 198.9 196.2 194.2 192.1 190.2 187.9 186.2 189.4 191 192.4 192.5 193.3 193.3 193.8 195.3 196.6 196.7 196.1 194.4 192.1 188.6 185.4 182.3 179.4 176.1 175.1 174.9 176.1 177.5 178.9 178.7 178 176.6 174.4 170.4 170.8 165.3 160.8 162.6 162 160.6 157.9 156.2 154.6 153.4 152.2 151.2 150.3 151.5 152.8 153.8 153 153.1 152 149.4 147.3 146.4 144.4 143.6 142.9 142.2 141.5 141.2
224.9 223.5 222.1 220.8 219.8 218.9 217.5 215.7 213.8 212.2 210.7 209.2 207.8 205.7 203.9 202.2 200.5 198 195.5 193.7 192 190.1 188.1 188.1 190.4 192.1 194.1 195.8 196.6 197.1 197.6 198.9 199.5 199.5 198.7 196.8 194 190.1 186.9 183.7 179.9 178.5 176.5 177.3 178.2 179.5 180.7 181 180.3 178.8 173.2 174.9 171.6 165.5 166.5 166.9 165.5 163 161 159.4 157.6 155.5 154.3 152.8 151.4 153.7 156.1 157.3 157.4 157.4 155.7 153.4 149.9 147.1 145.1 144.3 143.5 142.7 141.7 141.4
222.8 220.8 219.5 218.3 217.1 216 215.1 213.3 211.5 210 208.2 206.7 205.4 203.6 202.3 200.7 199.2 197.2 194.8 193 191.3 190.1 189.2 189.8 191.7 193.6 195.5 197.5 198.9 200.4 201 201.8 201.7 201.8 201.2 199.2 196 191.9 188.3 184.3 182.2 180 179.2 179.7 180.5 181.6 182.3 182.5 182.3 180.9 179.3 177.1 172.6 167.9 171.3 169.8 167.4 165.4 164.2 162.6 160.4 158.2 156.7 154.4 153.2 155.2 157.5 158.7 159.5 159.9 158.3 154.7 151.2 147.5 145.1 144 143.4 143.1 142.5 144
221.1 219.3 217.5 216.2 214.6 213.4 212.2 210.9 209.5 208 206.7 205.5 203.5 202.2 201 199.5 197.9 196.4 194.2 192.4 192.1 190.2 190.5 191.3 193.1 195 196.9 198.9 201.1 202.7 204.2 204.9 204.8 204.7 203.6 201.9 198 194.2 189.6 186.6 185 183.2 183 183.4 183.7 183.7 183.9 183.3 182.9 178.8 180.3 177.9 170.5 172.3 174.1 171.9 169.1 167.5 166.1 164.7 162.7 160.6 158 155.4 155.4 156.7 158.7 159.5 160.1 160.3 159.4 155.6 151.6 148.1 145.2 144.4 144 143 142.5 147.8
220.1 218.2 216.5 215 213.8 212.7 211.1 209.6 208 206.5 205.4 204.3 202.6 201.3 200.3 198.8 197.2 195.6 193.8 192.6 192.5 191.8 191.2 192.7 194.5 196.4 198.2 200.1 202.5 204.8 206.4 207.5 208 207 206 204.7 200.3 196 191.7 189.4 187.7 186.7 186.5 186.5 186.8 186.4 185.8 184.6 183.6 182 179.8 175.1 172.3 174.4 175.7 174.6 171.9 170.1 168.4 166.2 163.4 160.5 158 157.4 157.5 158.8 160.2 160.4 161 159.6 158.7 155.6 151.8 146.9 145.5 144.6 144.4 144 144.3 149.4
219.5 217.4 215.4 214 212.6 211.4 210.3 208.8 207 205.6 204.2 203 201.6 200.7 199.6 198.1 196.5 195.2 194 193.3 192.9 192.6 192.6 193.8 195.8 197.7 199.5 201.5 203.7 206.4 208.6 209.7 210.4 209.5 208.5 207.3 203.6 199.3 194.9 192.6 191.6 191 190.3 189.7 189.5 189.2 188.6 187.2 185.9 182.1 178.8 177.6 175.3 176.7 177.5 176.4 174.7 172.7 170.2 166.6 163.4 161 159.4 159.9 159.9 161.2 161.7 161.7 161.4 159.8 157.2 154.1 149 146.9 145.9 144.9 144.8 145 149.2 152.8
219 217 215.2 213.6 211.9 210.5 209.5 208.2 206.3 205 203.6 202.2 201 200.2 198.9 197.3 196.3 195.5 194.7 194.1 193.6 193.2 193.6 194.8 196.9 198.9 200.8 202.8 205.1 207.9 210.2 211.9 212.8 212.2 211.4 209.6 207.2 203.1 198.6 198.2 197.5 196.5 195.2 194.6 193.7 192.3 191.4 190 187.6 184.5 181.8 180.2 179.2 179.5 179.4 178.4 177 174.1 170.6 168.1 165.5 162.6 161.8 162.7 162.4 162.8 163.6 163.6 162.4 160.5 157.3 151.3 147.4 146.7 145.9 145.5 145.2 147.6 152.3 156.6
219.8 217.6 215.8 214.1 212.4 210.8 209.9 208.2 206.8 205.5 204 202.3 200.7 199.6 198.3 197.6 196.9 196.2 195.7 195 194.4 194.2 194.6 195.3 197.4 199.6 201.8 203.7 205.9 208.5 211.4 213.5 214.4 215.2 214 211.8 209.7 206.9 204.6 204.9 204.2 202.9 201.3 200 198.7 196.9 194.2 194.7 189.7 187.4 185.5 182.9 181.7 182.4 181.7 180.8 179.1 176.7 173.7 171.1 168.1 164.8 164.1 164.5 163.8 163.8 165 164.8 163.6 161.4 158 151.5 148.6 147.6 146.1 145.9 149.7 156.4 157.6 159.7
220.5 218.2 216.4 214.7 213 211.3 210.2 208.6 207.3 206 204.5 202.9 201.4 199.9 199 198.3 197.6 197 196.5 196 195.3 195.2 195.5 196.3 197.7 199.9 202.2 204.5 206.6 208.9 211.8 214.3 215.5 217.1 216 215.2 214 212.9 212.3 211.8 210.8 209.3 207.7 206.1 203.6 201.7 199.9 195.6 193 190.5 188.2 186 185 184.7 183.9 183.1 181.2 179.4 177.2 173.9 170.2 167.9 167.1 167 166.8 166.5 166.1 165.3 164.3 161.4 158.1 151.7 149.5 148.2 146.3 147.3 157.8 161.4 163.3 164.8
219.8 218.6 216.9 215.2 213.6 211.9 210.3 209.1 207.8 206.6 205 203.5 202.1 200.7 199.5 198.9 198.3 197.7 197.2 196.7 196.2 196.2 196.5 197.3 198.2 200.2 202.6 204.9 207.1 209.2 212.3 215.1 216.5 219.5 219.1 218.9 217.9 218 218.1 217.9 216.7 215.7 214.1 212.3 209.6 206.7 204.1 200.5 197.1 194.7 191.9 189.5 188.3 187.1 186.2 185.4 183.9 182 179.5 176.9 174.2 172.3 170.2 169.1 168.8 168.5 165.9 164.7 163.6 161.7 158.7 151.8 150.3 148.5 146.7 149.3 160.3 164.2 166.6 169
218.7 217.5 216.4 214.8 213.1 211.4 210 209.1 208 206.9 205.6 204.2 202.7 201.2 199.9 199.3 198.7 198.4 198.1 197.6 197.1 197 197.3 198 199.1 200.6 202.8 205.1 207.3 209.4 212.4 215.3 217 218.6 220.2 221.2 220.9 221.8 222.2 222.3 222.3 221.2 220.2 218.4 215.8 209.3 209.1 205.8 202.3 198.8 195.8 193.3 191.3 190.3 189.7 189 187 185.1 182.2 179.4 177.5 175.5 173.2 171.1 170.8 168.2 165.7 163.7 162.3 161.6 156.7 153.4 150.7 149 147.6 150.4 161.3 166.3 169.4 172.4
216.3 214.7 213.8 213.1 211.9 210.4 208.5 208.1 207.2 206 205.1 204.4 203.1 201.7 200.2 199.6 199.2 199.1 198.8 198.4 197.9 197.8 198.3 198.7 199.7 200.8 202.9 205.1 207.4 209.7 212.6 215.3 217.4 219.1 220.7 222.3 223.2 224 224.6 225.3 225.7 225.8 225 223.5 221.2 218.1 215.4 212.3 208.2 204.7 199.9 197.6 196 194.5 194.6 193.8 191.1 188.3 185.4 182.6 180.5 178.7 176.4 174.1 171.6 168.5 166.5 163.8 160.3 158.4 156.2 154.1 151.3 149.6 148.6 152.2 160.7 167 171.6 176.2
213.8 212.5 211.2 211.1 210.2 208.7 206.6 206.9 206.2 205 204.2 203.5 202.8 202.1 200.6 200 199.9 199.8 199 199.2 198.7 198.6 198.9 199.3 200.4 201.5 202.6 205.2 207.5 209.9 212.5 215.3 217.6 219.5 221.5 223.3 224.7 225.8 226.6 227.3 228 228.5 228.3 227.9 218 223.9 221 218.3 214.3 209.6 205.8 202.9 201.6 199.4 199.7 198.5 196.2 193.1 189.6 186.7 184.6 182.5 179.7 176.8 173.7 170.5 168.8 165.4 163.4 160.8 156.7 153.6 151.8 150.1 149.5 155.8 159.4 167.1 172.8 177.8
210.9 209.5 208.2 207.9 207.3 206.3 205.2 204.9 205.3 204.1 203.4 202.7 202 201.3 200.6 199.6 199.2 199.5 199.8 199.4 199.1 198.8 199.3 200 201 202.1 203.2 205.2 207.6 210 212.3 214.8 217.3 219.3 221.3 223.4 225.7 226.9 228 229 230 230.7 230.8 230.3 229.2 227.6 225.4 222.2 218.3 213.8 212.1 210.5 206.4 204.7 204.5 203.2 201.2 198.4 194.9 192.1 189.8 187.3 184.2 181 177.1 174.8 171.9 168.5 164.5 161.5 157.9 153.7 151.7 150.5 150.8 161.6 163.7 167.4 173.1 178.5
207.9 206.6 205.2 204.7 204 203.9 203.4 203.2 203.9 203.5 202.1 201.6 201.1 200.6 199.6 197.8 197.7 198.8 199.2 198.5 199.2 199.5 197.7 199 201.3 202.5 203.8 205 207.7 210.1 212.5 214.5 217 219.1 221.3 223.8 226.1 227.8 228.8 229.9 230.9 231.9 232 225.3 231.5 230.3 228.5 225.8 222.7 218.4 216.6 212.7 210.8 209.7 208.9 207.2 205.9 203.7 200.6 197.8 195.1 192 188.7 184.2 181.9 178.5 176.2 171.7 167.8 162.1 156.7 152.8 151.5 150.8 153.2 165.5 169.5 171 174.3 177.2
204.9 203.5 202.2 201.5 201 201.9 201.5 201.6 202.7 201.8 200.8 200.1 199.6 198.3 196.6 196 196.5 197 197.5 196 197.9 199.9 196 199.5 199.5 202.7 204.6 206.4 208.3 210.3 212.6 214.8 216.8 219.1 221.6 224.4 226.5 228.4 229.7 230.7 232.1 233.2 233.4 232.8 232.1 231 229.1 227 224.5 222 219.5 217.4 214.6 213.6 212.2 210.2 208.6 206.5 203.9 200.8 198.5 195.6 192 189.3 186.6 182.7 180 176.3 170.5 165 158.9 152.6 151.3 151.8 158.6 169.1 174.5 176.9 179.4 182.2
201.8 200.5 199.9 199 198.5 199.4 199.6 200.1 200.3 200.1 198.4 196.9 196.8 195 193.4 193 193.1 193.6 193.6 190.1 190.3 193.9 199.9 201.9 202.6 203.7 205.6 207.2 209.3 211.1 212.9 215 217.2 219.5 222 224.9 226.9 228.8 230.6 231.8 232.8 233.3 229.9 233.5 232.5 230.9 229 227.1 225 222.8 220.8 218.8 216.3 215.2 213.4 211.8 209.9 207.7 205.5 203.2 200.5 197.6 194.4 192.7 191.1 187.3 184.5 180.2 174.9 169.2 161.2 153.2 152.1 153.3 164.6 172.5 177.7 181.5 184.1 186.7
199 198.6 197.6 196.5 195.7 196.8 198.2 199.3 199.3 198 195.7 193.8 192.5 191.7 191.4 190.4 189.9 190.2 186.6 194 197.2 199.1 201.5 203 204.2 204.6 207.4 209.7 210.8 212.6 214.4 216 218.1 220.2 222.5 225.3 227.2 229 230.8 231.7 232.6 233.6 233.5 233.3 232.7 230.9 229.1 227.1 225 222.9 221.2 219.6 217.9 215.6 213.6 212 210.7 208.8 206.1 204 201.6 199.1 196.6 195 192.9 190.6 188 183.7 178.5 172.1 164.7 155.7 152.1 156.3 168.3 176.3 181.2 185.2 188.4 191
197.1 196.6 195.2 193.6 192.8 194 196.6 197.6 197.8 196.2 193.9 191 189.4 188.8 188.8 186.8 186 185.3 188.6 193.9 196.9 199.5 201.6 203.7 205.5 207.4 207.2 211.9 213.6 215 216 217.5 218.9 221.1 223.7 225.8 227.4 229.1 230.9 231.9 232.5 232.3 233.8 233.4 232.5 230.9 229.1 227.1 225.1 223.1 221.4 219.5 217.5 215.5 213.6 212.2 210.9 209.2 206.5 203.9 201.6 199.3 197.6 195.5 193.8 191.5 189 185.5 180.3 174.5 166.6 155.3 153 160.2 170.3 177.7 182.9 187.5 191.7 195.2
195.4 194.5 192.6 189.1 188.7 190.7 193.4 194.3 195.2 193.9 191.8 188.7 186 185 185.6 184.6 181.3 184.2 188.3 193.1 196.3 199.1 201.9 204.1 206.3 208.2 211.1 213.7 215.8 217.6 218.5 219.5 221.2 223 224.8 226.4 228 229.6 231.2 232 232.8 233.4 233.4 232.9 231.7 230.6 228.8 227 225 222.7 220.9 218.9 217 215.3 213.5 211.4 209.3 207.5 205.4 202.5 199.7 197.7 196.4 195.1 193.7 191.6 189.5 186.1 180.4 175 167 155.6 153.5 160.2 169.5 176.8 182.4 187.9 193 197.4
193.7 192.7 189.9 185.3 186 189.2 190.9 191.7 192.3 190.8 188.7 184.7 180.4 178.4 179.9 180.6 180.3 183.2 186.9 190.3 193.7 197 200.8 203.8 206.8 209 210.8 215 217.6 219.8 221.3 222.4 223.5 224.7 225.8 227.1 228.7 230.2 231.7 232.1 233.2 232.7 232.6 231.6 230 228.5 227.4 225.8 223.8 221.8 219.6 217.9 216.2 213.7 210.7 208.4 206.3 204.7 203 200.5 198.4 196 194.6 193.2 192.2 191.3 189.1 184.4 179.7 174.9 165.3 157.1 154.8 159.3 168.5 174.6 181.3 187.1 191.9 196.7
190.5 190.5 186.2 178.7 181.4 187 188.6 189.6 189.2 187.7 185.7 181 176.2 173.2 173.9 175.1 178.6 181.3 184.7 188.4 192 195.3 199.1 202.7 205.4 208.6 212.8 216.3 219.2 221.4 223.4 224.6 225.8 226.8 227.4 228.5 229.5 230.9 231.8 231.9 232.5 231.9 231.5 229.5 227.7 226.1 224.9 223.6 221.7 219.8 217.8 215.7 213.5 210.3 208.3 205.5 203.5 202.2 200.6 197.8 195.9 193.7 192.5 191.2 190 188.4 186.7 184 180 173.3 163.4 157 155.6 155.6 166.5 173.1 179.5 186.2 191 195.9
184.9 185.8 182.2 171.5 178.1 184.3 186.5 187.7 186.7 184.6 182.3 177.8 168.6 169.4 170.4 174.9 178.6 181.6 184.7 188 191.1 193.9 197.6 201.3 204.9 209 213 217 220.1 223.1 225 226.8 228 229.2 229.7 230.3 231.4 231.9 232 231.8 231.7 230.9 230 228.3 226 223.8 222.2 220.7 219.7 217.7 215.7 213.7 211.1 208.1 205 202.6 200.3 198.9 197.3 195.5 193.3 191.5 190.1 188.3 186.5 185.1 183.4 181.6 179.2 175.4 165.8 157.3 156.3 156.3 164.8 171.7 178.2 184.8 190.4 195.4
171.8 172.7 167 172 177.7 181.9 184.5 186.1 185.6 183.1 180.1 169.9 163.3 172.7 176.8 180.4 182.7 183.2 186.5 189 192.2 194.7 198.2 201.7 205.3 209.3 213.3 217.2 220.7 223.7 226.4 228.1 230 231.4 232.2 232.6 232.7 233.2 232.8 233.7 231.2 230.3 228.8 226.7 224.5 222.3 219.5 217.7 216.7 215.2 213.2 211.1 208.3 205.4 202.1 200 197.9 195.9 194.1 192.4 190.8 188.9 187.1 185.2 183.1 181.4 180.1 179 177.3 174.3 164.8 157.9 156.9 157.9 161.4 168.6 174.5 183 189.6 194
154.5 154.9 156.1 165.3 174.5 178.3 180.6 182.7 182.5 179.5 174.6 168.2 167 175.5 179.5 183.5 186.6 188.3 188.9 191 193.6 196.2 199.4 202.8 206.1 209.9 213.6 217.7 221.2 224.1 227 229.5 231.4 233.4 234.7 234.9 235.1 234.6 233.4 233.4 230.9 229.1 227 224.9 222.7 219.8 216.9 214.7 213.5 212.2 210.5 208.3 205.5 201.5 199.9 198 196 193.9 192.3 190.7 189.1 186.9 185.1 183.2 180.3 177.7 176.7 175.8 174.5 171.2 162.3 158.2 156.8 158.2 161.6 164.6 169.3 177.1 184.9 189.3
146.6 147.8 153.8 162.9 168 173.3 175.6 177.7 177.1 171.7 167.3 158.3 169.9 176.5 181.5 188.4 190.9 191.6 192.8 193.2 195.6 198.8 201.3 204.4 207.8 211.4 215 218.5 221.7 224.6 227.6 230.6 233 234.8 236.2 237.2 237.2 236.3 234.7 232.5 229.8 227.7 225.4 222.7 219.9 217.2 214.6 212.4 210.5 209.1 207.9 206 203.4 201 198.4 196.5 194.6 192.7 191.1 189.4 187.7 185.1 183.2 181 178.2 175.4 172.8 171.7 169.8 165.7 160.8 158.3 158.1 159.7 161.8 164.7 166.5 170.6 178 182.1
140.4 141.6 154 161.4 166.4 169.2 170.2 172.3 170.4 166.6 154.1 160.7 173.2 180.2 187.6 194.8 197.8 197.6 196.9 196.6 199.3 202 204.3 207.1 209.6 213.1 216.5 219.8 223 226.1 229.2 232 234.3 235.6 236.9 238.2 238.6 238.3 235.7 233.7 230.8 227.7 224.9 222.4 219.6 216.9 213.9 211.5 209.5 207.3 205.2 203.8 201.8 200.2 198 195.6 193.5 191.6 190 188.4 186.2 183.9 181.8 179.7 176.8 173.7 170.5 168 165.2 161.8 160.1 158.9 159.2 161.8 165.4 167.2 168.9 170.9 173.6 177.6
131.6 143.2 152.4 157.9 162 164.3 165.5 165.9 165.4 159.9 155.7 170.1 177.8 185 193.4 199.7 202.9 203.4 201.5 199.9 202.9 205.1 207.9 210.3 212.4 214.8 217.6 221.2 224.5 227.3 230.4 233.1 235.1 236.1 237.4 238.7 238.5 238.4 235.6 234.6 231.7 227.7 225 222.5 219.4 216.4 213.8 211.7 209.5 207.3 205.2 203.2 201.3 198.6 196.5 194.6 192.8 191 189.1 187.3 185.4 183.2 180.6 178.5 175.4 172.3 169.2 166.4 164.3 162.5 161.6 160.6 160.2 165.2 169.3 170.7 171.6 172.9 174.8 177.3
124.8 131.4 140.5 147.8 151.8 152.7 152.4 151.9 147.3 153.1 166.5 175.8 180.8 186.9 195.7 202.6 205.3 205.8 205.2 202.4 204.7 208.2 211 213.3 215.4 217.6 220.2 223.2 225.9 228.5 231.3 233.8 235.8 236.7 237.9 239.1 238.5 238 235.8 234 231.2 228 225.2 222.5 219.6 216.8 214 211.9 209.6 207.4 205.4 203.3 201.3 198.6 196.9 194.8 193 191.2 189.3 187.5 185.7 183.6 180.9 178.5 174.6 172.2 172.2 170.2 166.6 162.7 162 161.1 162.9 169.1 171.8 173.5 174.6 175.9 177.9 179.1
135.6 130.5 127.5 131 134.9 138.1 142.6 149.8 158.6 166.5 174.3 177.9 182.7 188.7 198.9 206.1 208.2 208.3 207.5 206.5 206 209.3 211.9 214.5 217.2 219.8 222.1 224.4 226.8 229.3 231.9 234.5 236.5 237.4 238.4 239.5 239 238.3 236.1 234.6 231.8 228.7 226 223.1 218.6 216.6 214.2 212.2 210.4 208.6 206.3 204.1 201.6 199.2 197.7 195.5 193.2 191.4 189.5 187.8 186 184.2 182.3 180.3 178.9 177.2 174.7 171 165.1 162.7 162.1 161.4 164.6 170.9 174.1 176 178.1 179.8 180.7 181.4
149.6 144.2 140.3 131 137.4 150 160.4 165.7 169.6 173.5 177.3 180.9 185 193.8 203.3 208.9 210.5 210.7 210 209 208.6 210.5 212.9 215.4 218.1 220.6 223 225.1 227.6 230.2 232.7 235.3 237.3 238.2 239 239.9 238.3 237.8 236.8 235.3 232.6 229.4 226.7 224.1 221.2 218.8 216.6 214.2 211.2 209.7 207.5 205.2 203 200.9 198.7 196.5 194.3 192.5 190.8 189.1 187.4 185.8 184.3 182.9 181.4 179.1 176 171.7 165.1 163.5 161.9 161.9 167.9 172.1 176.5 179.3 182.1 185.1 186.1 187.3
162 155.9 148.5 141.6 134 151.3 165.5 170.9 174.1 176.6 179.8 183.3 188.5 196.4 204.9 210.6 212.5 213 212.1 211.1 210.7 211.5 213.8 216.3 218.9 221.3 223.7 225.9 228.5 231 233.5 235.9 237.7 238.7 239.6 239.6 239.1 238 236.9 235.8 233.4 230.3 227.4 224.7 221.8 219.6 217.7 215.5 213 211 208 205.8 204.1 202.2 200 198 196.3 194.4 192.7 191.1 189.4 187.7 186.5 185.1 183.3 180.5 176.7 171.7 165.9 164.3 163.5 165.8 169.3 173.1 177.7 182.1 185.4 188.4 191.2 193.1
171.3 169.2 160.2 149.8 136.6 153.4 167 172.6 176.3 179.4 182.6 186 191.6 200.8 208.7 212.6 214.5 215.1 214.4 213.5 212.9 213.3 215.3 217.2 219.6 222 224.4 226.7 229.3 231.8 234.4 236.6 238 239.1 239.7 239.6 239.5 238.7 237.6 236 233.8 230.7 227.4 225 222.4 220.5 218.1 216.4 214.5 212.3 210.2 207.8 205.1 203.9 201.1 199.7 198.1 196.3 194.5 192.9 191.3 189.7 188.7 186.8 184.3 181.2 177 171.4 165.4 163.5 165.2 167.9 170.1 173.9 178.2 183 187.7 191.6 194.7 197.1
