app/static/ascii/SX25.asc
ncols 200
nrows 200
xllcorner 220000
yllcorner 50000
cellsize 50
[rows 144 to 179 of 200, columns 0 to 82 of 200]
107.2 92.3 77.2 60.3 62.8 74.3 80.9 80.7 65 69.5 82.3 92.8 103.1 108.4 106.9 99.2 93.4 92 85.7 87 105.6 124 130.3 132.3 132.8 132 130.3 128.2 126.6 124.4 121 119.9 119.4 120.3 121 119.9 116.3 111.3 104 95.6 83.6 79.1 90.2 100.1 105.2 107.8 107 105.3 102.6 98 91.6 81.4 84.1 95.4 106.5 114.3 120.4 123.9 126 128.2 130.4 132.7 134.4 136.8 138.6 139.5 138.5 136.9 134.9 132.8 130.9 128.6 126.2 123.2 120.3 118.7 117 118.4 119.5 116.9 113.7 109.7 104.8
116 106.9 90.9 76.7 62.1 56.9 62.4 63 59.5 57.7 64.7 76.8 89.8 95.6 85.2 76.4 71.8 71.9 81.1 93.6 111.2 124.9 129.1 131.1 131.9 130.7 128.6 125.1 122 120.6 116.7 112.4 110.6 112.3 114.9 116.1 114.2 110.7 104.4 97.3 85.9 74.6 88.6 99.4 104.1 107.5 107.2 106.7 103.6 99.1 92.2 78.9 91.9 103 110.4 116.2 120.1 123 125.3 127.8 129.5 130.5 131.9 134.6 137 138.6 138.5 137.6 136 134.8 133.1 130.6 127.6 124.1 122.3 119.8 117.7 118.6 117.2 114.1 109.6 102.8 96.3
120.8 114.2 106.9 94.4 81.7 70.1 59.5 61.6 59.3 58 55.5 56.4 71.7 79.3 64.4 67.6 79.3 87.9 95.9 105.6 118.2 124 126.5 128.8 129 127.9 125.6 122.3 118.8 115.8 111.5 106.6 101.2 102.3 104.5 106.6 105.8 105.3 103.1 98.2 89.1 72 82.6 97.5 105 109.1 110 108.8 105.8 101.2 90.2 80.3 95.2 103.4 109.9 114.6 118.2 121.4 123.3 123.7 124.5 125.8 128.4 131.5 135.1 136.7 137.2 137.5 136.3 134.9 132.6 130.4 127.4 124.3 122.4 120.5 118.6 117.1 115 111.8 107.2 100.9 94.5
124.2 119.5 113.9 107.4 98.5 84.7 78.7 82.2 79.5 73.7 64.1 51.9 54.6 57.4 62 77.6 92.1 105.4 112.8 117.3 120.6 123.4 124.5 125.6 125.2 124.4 122.5 119.2 113.4 107.6 101.4 95.6 90.3 90 91.7 91.8 94.5 96.2 96.5 93.1 78.6 70.4 85.4 100.5 107.4 110.6 110.8 108.8 106.1 101.3 92.5 74.6 80.6 94.7 105.4 111.6 114.7 117.3 117.9 117.7 118 119.6 124.8 127.9 132.2 135 135.6 136.4 135.7 134.2 131.7 129 126.1 123.2 120.4 118.2 115.9 114.2 111.7 108.9 104.7 99.4 93.8
125.2 121.7 116.8 111.4 104.5 97.5 97.1 95.5 93 87.3 75.3 60.8 48.4 55.9 70.7 84 99.7 110.7 115.5 118.9 120.9 122.2 123.2 123.7 122.7 121.5 120.4 117.3 112.7 104.9 96 87.5 81.9 78.3 77.1 76.5 77.2 80.3 84.4 77.7 66.1 75.5 90.9 101.9 106.5 109.3 110 109 105.5 101.7 96.7 82.5 69.9 82.2 99.6 105.5 108.3 109.8 110.2 110.6 110.7 113.5 117.8 125.2 130.2 133 134.6 134.8 134.2 132.7 130.5 127.6 124.7 121.7 118.6 115.5 113.1 110.7 108 105.4 101.8 97 92.9
126 123.1 119.9 115.9 111.9 108.6 107.1 104.9 102.4 98.7 89.3 71.5 53.6 48.9 66.2 86.8 103.4 110.3 114.3 117.1 119.3 120.5 121.4 121.6 121.2 120.2 119.2 116 111.4 104.3 94.6 86.1 78.8 71 66.5 65 62.3 63.9 66 61.9 67.7 82.8 96.2 100.1 103.1 105.8 107.2 106.3 105 101.2 97.1 91.6 74.4 72.2 90.9 96.1 93.5 93.6 98.2 101.9 103.3 109.5 114.9 123.5 128.2 130.8 132.8 132.5 131.7 130.8 128.4 126.2 123.3 120.2 117.1 114 110.9 107.9 104.4 100.9 98.4 96 92.3
126.3 124.6 122.3 119.5 117 115.2 113.6 112.2 110.6 106.2 99.3 83.7 64.1 47.6 55.8 78.4 99.4 106.7 111.2 114 113.4 117.8 118.9 119.7 119.8 119.8 118.1 115.7 110.9 105.6 99.1 87.7 80.5 74.5 64.9 56.5 50.5 50 56.4 66.6 77.6 90.6 94.7 96.3 97.2 100.1 101.8 103.2 104 103 99.2 92.1 75.6 63.5 74.6 78.1 78.1 88.2 91.5 95.9 101.6 109.3 116.9 123.5 127.8 129.7 130.6 130.2 129.5 127.3 125.6 123.4 120.8 118 115.1 112.2 109.1 105.9 100.6 95 94.6 93.8 90.9
126.9 125.8 124 122.8 121.6 120.5 118.7 117.5 115.3 111.7 105.2 91.5 68.5 50.7 44.3 68.2 93.1 102.6 106.4 110.4 111.3 114.3 116.4 117.9 118.5 118.2 116.9 114.5 110.5 105.6 99 90.9 83.5 77.3 71.1 62.9 48.6 50.8 65.3 77.3 87.1 91.9 92.8 91.5 90.5 92.2 95.9 99.5 104 104.8 105.4 98 77.4 59.8 59.9 68.8 85.4 99.4 102.5 105.5 109.2 116.7 123 126.3 128.2 127.9 128 127.8 126.5 124 123 120.1 117.2 114.2 111.1 108.7 106.3 103.3 98.6 89.7 88.7 89.9 87.8
126.5 126.4 125.5 125.1 124.2 123.3 122.3 120.1 117.8 114.1 107.4 94.2 71.4 53.5 42.8 64.3 86.8 95.8 101.1 107.4 107.3 110.9 114.2 116.4 117.6 117.5 116.5 113.8 109.7 104.4 97.6 89.8 81.7 72 66.7 62.1 46.3 48.2 63.4 80.6 87.4 89.5 88.8 86.5 86.1 85.9 91.1 98.1 104.1 107.6 109.7 106.3 88 70.2 57 64.9 82.2 98.5 111.1 115.5 118.4 123.5 127.4 127.4 127.8 126.3 125.1 124.5 123.2 120.3 118.2 115.7 112.9 109.9 107.6 105.5 103.5 100.3 96.6 89.5 76.4 84.2 83.2
125.3 126 125.7 125.6 125.4 124.9 123.8 121.6 118.3 114.9 108.3 94.7 72.6 52.8 41.8 59.2 71.3 83.9 93.4 99.2 103.8 108.8 113.2 114.9 116.2 116.4 114.9 113.7 109.2 103.6 95.7 87.1 78.1 66.3 58.6 51.3 41 42.4 58.8 75.7 83 84.4 83 80 78 83.9 89.7 96.7 103.3 108.6 112.4 110.6 98.3 80.9 62.8 53.6 73.1 92.3 111.1 120.2 124.4 127.9 128.5 127.6 125.9 121.7 121.3 119.2 117.5 113.3 112.2 110.2 106.3 104.2 101.9 99.9 98.6 96.6 93 88.8 78.7 70.8 77.7
123.4 124.6 125.2 125.6 124.7 124.3 123.4 121 117.5 113.1 107 96.4 74.6 52.7 41.9 62.1 78.9 91.1 97.3 101.5 105.4 108.2 111.1 113.4 114.9 116.2 115.5 114.6 109.4 102.6 96 87.7 79.9 77.7 73.7 63.4 46.8 34.4 47 65.8 78.2 79.6 77.4 73.6 71.5 81.3 88.4 94.8 100.4 106.3 109.8 109.4 103.5 86.3 65.9 51.3 64.9 85 107 122.1 126.9 128.3 127.2 125.5 123.1 117.9 113.4 109.7 109.1 107.7 103.1 99.8 97.4 95.9 94.5 93.3 92 90.2 87.9 84.4 80.8 66.1 68.7
119.6 120.1 121.3 122.4 123 122.9 122.7 120.5 116.6 112.2 103.3 88.5 69.4 55.4 41.3 50.7 71.1 88.1 96.5 101 103.3 105.4 107.5 110 112.6 115.2 116.6 115.4 111.2 106.1 98.8 94.2 89.4 86 79.7 67.6 50.7 37.3 36.1 60.1 73.1 75.3 74.6 70.5 66.7 76.9 84.3 90.7 96.8 101.6 104.6 105 101.8 89.6 68.2 49.5 57 78.4 99.5 118 125.7 127.5 127 124.9 122.4 117.4 114.4 107.3 101.5 100.5 99.1 95.6 88.9 83.6 82.7 83.4 82.6 81.3 81 75.4 66.9 60.3 54.4
115.2 115.7 116.5 119.4 121.8 122.6 122.4 120.7 116.9 112.8 106.1 98.3 85.3 67.6 48.5 42.2 61.6 79.7 94.8 99.7 101.8 103.2 104.5 106.8 110.3 113.6 116.5 116.7 113.8 109.4 103.7 99.9 96.1 91.5 84.5 72.9 55.9 42.9 31.9 46.7 63.8 69.3 69.4 64.7 62.4 75.3 81.3 87.3 92.4 95.7 97.8 98.3 96.9 90.9 70.7 51.3 46.9 70.1 90 110.6 122.5 127.2 126.7 125.7 125.6 123.3 118 111.7 108.7 109.7 109.3 104.5 97.8 90.9 84.2 78.3 74.3 70.3 66.9 63.5 62.5 62.4 61
111.3 110.8 116.8 118.8 121.9 122.7 122.7 121.7 118.8 114.8 109.9 103.9 94.9 76.4 53.3 39.2 55 77 92 96.5 98.3 99.4 100.7 103.8 107.9 112.3 115.7 116.7 114.7 110.9 106.9 103.1 98.8 93.7 86.7 76.2 63.5 48.6 30.6 38.1 54.1 60.4 53.2 50.3 62.7 73 79.1 83.8 87.3 89.3 90.1 90.5 90.4 88.3 77.1 56.2 39.4 61.5 86.8 109.1 121 125.1 126.8 127.8 127.6 126.3 123.8 121.5 119.1 116 114.1 110.6 104.8 99.5 94.1 88.4 83.7 77.9 72.2 75.2 75.3 75.4 74.3
103.1 107.2 115 118.6 120.8 122.3 122.5 121 118.8 115.1 110.7 105.1 97.3 78.4 57.1 39.2 46.6 61.9 79.9 89.2 91.3 91.4 93.7 99.8 105.1 110 113.5 116 114.5 110.8 106.3 101 96.4 90.8 84.6 76.7 68.4 52.6 31.8 28.5 39.5 42.1 42.4 57 64.7 71.1 75.9 78.9 80.2 81.1 81.7 81.8 82.9 82.5 77.1 56.9 38.5 56.5 82.1 107.3 118.5 122.5 125.4 127.6 128.1 127.9 127.3 125.5 125.3 122.5 118.7 114.5 108.6 102 96.3 92.1 86.7 80.2 83.8 87.3 87.7 86.1 84
94.6 106.6 113.4 117.1 119.3 121.5 121.2 119.8 117.5 114.2 109.4 102.3 87.6 71.6 53.8 37.9 46 60.1 65.4 74.4 82 86.5 93 98.2 103.5 108.3 112.3 114.7 113.8 109.5 104.3 96.7 90.5 85.9 80.8 75 65.8 52.8 34.4 23 26.6 30.8 46.5 55.4 61.8 67.6 72 74.2 74.3 72.8 71.9 72.4 72.8 73 62.7 47.7 35.3 54.7 79 103.9 115.8 119 123.5 126.6 128.2 128.1 128.2 129 128 126.6 124.2 119.5 112.1 105.3 97.9 94 88.8 86.7 90.4 95.1 94.5 92.8 90.2
82.5 97.9 109.4 114.9 117.9 119.8 119.9 118.8 116.5 112.8 106.6 88.8 69.7 54.3 41.5 35.4 53.4 77.5 83.7 88.8 92.3 94.1 94.6 98.4 104.3 108.2 113.1 115.8 114 108.7 100.5 90.5 82.2 77 75 71.8 65 57.6 43.8 29 22.6 32.8 46.7 53.3 59.1 63.9 67.3 68.9 69.2 68 66.2 63.5 59.5 56.8 44.2 33.9 36.5 58.4 83.5 103.7 111.3 115.6 120.7 123.8 125.7 126.3 127.1 128.4 129.6 128.6 126.8 122.5 117.2 111 104.6 102.5 100.6 99.2 99.4 98.9 96.2 94 91.8
68.2 86.1 103.2 111.3 114.7 117.5 118.2 117.7 115.3 111.3 100.2 77.9 59 41.2 33.1 44.6 62.6 85.1 98.3 100.3 101.7 101.5 99.7 103.2 106.8 111 117.1 118.6 116.4 110.2 100.9 88.4 77.2 69.5 66.9 65.2 61 56.1 47.8 33.3 18.3 25.6 40.3 49.8 54.6 58.5 61.5 63.6 64.4 63.4 60.5 57.5 50.6 44.5 32.9 30.6 44.6 65.9 87.4 99.4 105.8 111.5 115.8 119.1 121 123 125.2 127.2 129 129.4 128.8 127 123.3 118.3 113.9 109.9 106.5 103.9 101.4 99.4 95.6 90.8 86.6
52.7 75.2 96.6 107.2 111.7 114.1 115.4 115.5 113.8 108.8 97.8 75.2 50.7 34.1 42.4 61.7 74.8 93.8 105.6 107.2 107.4 107 105.2 107.9 111.4 115 119.5 119.4 115.3 111.7 103.7 91.6 78.7 67.1 56.4 56 51.4 38.6 27.9 22.9 18.1 22.9 39.2 46.2 49.3 52 54.1 56.5 57.7 59.5 55.7 53.8 45.3 34.5 23.5 35.5 49.6 67.8 82.9 92.6 100.5 105.4 109.7 112.8 115.6 118.1 121.1 124.1 126.6 129.1 129.9 129.2 126.6 123.3 118.9 113.9 108 103.4 98.3 95.2 91.7 85.2 77.9
48.3 65.6 88.5 102.8 108 110.6 112 112.2 110.9 106.4 89.2 67.4 43.8 33.8 50.6 70.2 88.1 104.1 109.3 110.4 110.4 109.4 109.6 112.2 115.8 119.6 121.2 120.3 116.7 112.5 104.8 95.3 82.2 69.6 55.9 43.5 34.8 32.8 31.6 27.2 17.8 17.6 31.1 36.6 40 42.7 43.8 46.9 49.3 51.7 52.6 52.6 49.2 32.4 21.7 34.5 52.3 67.6 78.1 86.8 92.8 98.5 102.3 105.7 108.3 112.9 117 121.4 125.1 128 130.5 130.3 129 125.8 121.6 115 107.5 98 91.4 88.1 82.8 76.4 69.4
47.9 59.2 83.4 99 102.1 105.2 107.6 108.2 106.3 98.9 76.8 55.3 34.7 33.3 57.3 77.3 96.3 106.5 110.4 112.4 113.3 113.8 114.6 117.5 119.4 121.2 121.7 120 118.1 111.8 105.3 97 86.1 72.3 59 48.1 38.7 44.2 43.5 38.3 24.5 14.6 18 23.9 25.8 27.7 31.6 35.1 40.1 45.6 48.4 48.6 46.6 29 21.4 34.9 57.2 68.5 75.1 80.6 85.7 90.2 94.8 97 100.7 107.3 113.3 119.3 123.3 127.3 130 131.7 130.6 127.2 123.5 117.1 109.4 98.2 80.6 74.9 72.5 65 56.8
47.1 54.9 80.6 90.9 95.1 98.5 101.7 102.7 98.7 80.7 63.3 44.7 30.7 44.7 63.8 83.4 100.1 105.8 109.8 113.7 116.5 117.5 118.7 120.3 121.3 121.5 121.3 119.2 116.7 109.7 104.8 95.7 86 73.4 64.1 52.7 44 57 59.7 52.2 36.3 26.4 17.4 11.2 10.9 12.5 16.9 22.8 32.2 37.5 39.9 38.8 31.5 21.7 19.5 32.8 51.5 62.6 68.7 74.2 77.7 76.2 81.6 90.8 102 106.6 112.5 118.2 122.9 126.7 129.9 132.2 131.8 129.1 125.3 120 112.6 104 90.1 69.2 55.1 51.1 33.9
43.9 56.1 69.8 79.6 86.1 91.1 94.3 95.7 86.3 63.1 47.8 33.6 31.7 54.8 69.7 86.1 94.9 102.5 108.8 115.2 118.5 120.1 120.7 121 121 121.3 120.2 118 114.5 105.9 102 94.6 85.6 76.2 66.4 52.1 58.3 70.7 71.6 64.2 52.6 44.1 32.7 26.3 21.9 13.1 6.8 11.4 25.3 28.7 28.7 21.2 14.4 15.8 25.3 36.9 43.9 53.3 56.4 63.4 69.9 73.5 82.8 93.5 101.4 108.1 113.5 118.4 122.5 126 129.2 131.1 131.8 129.9 126.2 121.3 114.9 105.9 92.5 72.9 48.8 32.5 2.8
45.2 43 51.9 62 66.8 74.9 77.1 77.8 72.2 46 29.1 27.7 36.4 49.5 61.4 77.4 91 103.9 111.8 116.3 118.8 119.9 120.1 120.3 120.1 120.2 118.7 116.4 113.3 109.3 101.9 96.3 86.5 76.8 63.4 59.6 70.1 83.3 81.8 73.2 61.2 54 46.5 42.4 35.1 23 6.9 6.1 15.7 19.1 16.6 11.3 10.3 25.2 40.5 51.6 58.5 58.3 65.1 67.6 73.4 80.9 87.8 91.7 98.6 105.4 111.5 116 120.5 124.4 127.6 129.5 130.2 127.4 123.6 117.8 111.5 101.8 88.3 68.7 46.8 17.2 -1.7
63.7 46.4 39.6 37.8 42.1 48.4 51.9 52.4 52.2 29.5 25.6 37.7 51 64.1 75.4 87.3 101.2 107.8 113.3 117 119.1 119.4 119.3 119.6 118.7 118.7 117.7 116.4 113.5 109.1 103.7 96.2 86.5 75.1 66.7 72.3 82.4 92.3 88.9 80.3 68.6 60.8 53.3 45.6 37.1 25.7 3 0.9 5.8 11.5 10.8 8 3.8 24.5 38.2 49.6 58.8 65.8 71.1 76 80.8 83.3 85.3 87 90.8 97.8 104.5 110.7 116.8 121.4 124.8 126.9 126.6 124.3 121.1 115.2 107 92.4 79.2 56.8 41.2 24.2 -1.7
80.5 67.8 57.7 48.3 37.4 31.7 31.1 30.9 30.1 26.1 27.8 47.2 61 75.3 89.6 98.1 105.3 110.2 114.3 116.3 117.8 118.3 118.4 117.3 116.2 116.8 116.8 116.3 114.4 111.7 106.7 101.6 92.1 80.3 79.9 85.2 93.8 97.9 93 84.4 73.8 63.2 53.6 43.7 30.9 23.4 1.7 -1.7 0.8 1.7 1.4 0.2 -1.7 0.9 12.1 37.9 49.8 58.8 65.9 66.8 69.2 70.5 71.7 73.1 78.8 85.8 94.3 103.3 111.5 118 121.2 123 122.9 119.9 116.8 111.7 104.5 91.1 72.1 58.3 44.9 24.5 -1.7
97.3 86.9 78.7 69.9 59.4 50.7 42.1 36.3 35.4 30.1 20.9 31.6 53.9 74.2 91.5 101.1 107 111.2 113.7 115.1 116.2 116.3 115.7 114.7 113.1 114.2 115 115.4 114.7 112.1 108.9 104.2 97.6 90.3 92.3 98.7 102.1 100.5 94.6 85.5 74.1 61.4 49.4 37.9 28.1 2.1 -1.7 -1.7 -1.7 -1.3 -1.5 -1.7 -1.7 -1.7 -1.7 17 42.3 48.5 51.8 52.6 52.3 52.5 53.7 57.4 63.7 70.5 80.1 94.4 105 112.7 116.2 117.4 116.4 113.8 111.1 108.2 105.5 98.6 86.9 74.6 59.1 39.7 1.1
110 106.2 97.7 90.4 82.2 72.8 66 63 60.5 47.2 24.8 20.8 40.8 64.1 87 100.4 107 110.7 113 113.6 113.9 113.8 112.9 111.4 109.3 112 113.4 114.4 114 112.2 109.5 106.9 103.2 100.2 101.9 105.2 104.7 101.1 93.3 84.1 72 58.8 45.5 33 13.7 0.7 -1.7 -1.7 -1.7 -1.7 -1.7 -1.7 -1.7 -1.7 -1.7 20.7 28.6 31.4 32 33.4 33.1 33.3 35.9 40.2 46.5 52.9 65.1 82.9 94.7 102.9 106.7 108 107.3 105.5 104.7 103.7 104.9 105.3 102.9 92.6 73.5 52.6 30.4
112.5 111.4 109.9 107.9 101.9 92.8 86.7 83 76.8 56.6 34.8 18.9 34.7 58 81.1 98.1 104.4 107.8 109.9 110.3 110.9 110.1 109.3 107 104.9 110.5 112.8 113.2 112.9 111.9 111.4 109.3 107.8 107.4 108 108.8 107.2 101.9 93.9 84.1 67.3 50 35.9 25.2 6.7 -1.7 -1.7 -1.7 -1.7 -1.7 -1.7 -1.7 -1.7 -1.7 -1.7 1.6 10.7 13.8 15.7 16.5 15.2 16.9 12 1.8 21.4 40.3 57.6 70.8 81.8 90 95 96.7 95.7 95.6 96.5 97.5 99.8 100.9 101.9 100 87.4 68.1 44.8
111.5 112.1 112 112.2 109.5 104.4 96.9 89.3 80.8 62.1 37.8 17.1 33.8 57.2 82.2 96.3 101.2 103.8 105.3 105.5 105.5 104.9 104.1 97.8 103.5 108 110.5 110.4 112.4 111.5 111.6 111.1 109.8 109.3 110.7 110.5 107.4 101.9 94.1 83.9 68.3 47.8 32.1 19.7 1.7 -1.7 -1.7 -1.7 -1.7 -1.7 -1.7 -1.7 -1.7 -1.7 -1.7 -1.7 -1.7 0.5 1 1.3 -1.7 -1.7 -1.7 -1.7 -1.7 18.4 42.4 54.6 63.8 72.9 79.5 82.4 82.7 81.8 85 90.6 93.1 93.8 95.4 96.7 92.8 81 52.2
110.5 110.6 110.1 110.3 108.8 105.8 98.8 91 83.8 66.2 36.5 15.2 35.9 63.9 87.3 95.2 98 99.5 100.1 99.5 98.8 97.7 93 92.8 101 104.3 105.8 108.5 108.9 110.2 110.4 111.6 112.1 110.9 112.6 111.1 109 103.4 95.4 87 74.9 57.8 34.9 17.5 -1.7 -1.7 -1.7 -1.7 -1.7 -1.7 -1.7 -1.7 -1.7 -1.7 -1.7 -1.7 -1.7 -1.7 -1.3 -1.7 -1.7 -1.7 -1.7 -1.7 -1.7 1.8 1.1 36.1 41.7 51.3 60.5 65.8 64.3 67.3 76 81.6 83.3 84.8 86.2 87.5 84.4 73.3 46.1
109.8 108.9 108.4 107.5 106.6 104.8 100 92.2 84.3 68.4 37.6 16 37.8 67.1 86 91.1 93 93.4 93.2 91.8 90.5 86.1 83.3 89.1 96.3 99.4 102.4 104.4 106.5 108.6 109.8 111 111.9 112.8 113.1 112.9 110.8 106.4 98.9 90.4 80.8 66 47 25.5 -1.7 -1.7 -1.7 -1.7 -1.7 -1.7 -1.7 -1.7 -1.7 -1.7 -1.7 -1.7 -1.7 -1.7 -1.7 -1.7 -1.7 -1.7 -1.7 -1.7 -1.7 -1.7 -1.7 -1.7 18.3 -1.7 28 45.2 41.3 53.2 61.5 67.2 69.1 71.1 73.6 75 73.3 64.8 42.2
107.9 105.5 104.9 103.1 101.4 100 96.8 89.9 79.5 67.8 42.3 12.8 31.3 62.2 77.4 83.4 85.7 85.7 83.3 77.7 75.5 74.8 77.9 80.8 89.7 92.9 97.1 100.6 103 106.7 108.6 110.2 111.2 112 112.6 113.1 111.6 108.7 102.6 95.5 87.6 79.3 63.9 35 -1.7 -1.7 -1.7 -1.7 -1.7 -1.7 -1.7 -1.7 -1.7 -1.7 -1.7 -1.7 -1.7 -1.7 -1.7 -1.7 -1.7 -1.7 -1.7 -1.7 -1.7 -1.7 -1.7 -1.7 -1.7 -1.7 0.5 2.7 17.2 34.8 43.2 45.9 47.6 51 55.6 60 61.2 53.4 6.3
104.6 100.4 96.6 94.4 94.1 92.6 88.9 76.4 57.3 44.5 36.7 12.5 21.1 46.4 61.1 71 76.7 75.5 66.2 63.4 56.7 52.3 58.3 70.9 82.1 89.2 95.5 100.5 104.7 106.9 108.5 108.2 108.2 108.9 109.9 111.1 111.2 109.3 105.3 99.9 94.3 87.6 69.9 38.1 -1.7 -1.7 -1.7 -1.7 -1.7 -1.7 -1.7 -1.7 -1.7 -1.7 -1.7 -1.7 -1.7 -1.7 -1.7 -1.7 -1.7 -1.7 -1.7 -1.7 -1.7 -1.7 -1.7 -1.7 -1.7 -1.7 -1.7 -1.7 -1.7 -1.7 -1.7 26.6 27.5 29.9 36.1 42.9 45.3 41.2 13.5
102.5 97.6 92.1 87.4 84.1 78.9 71.3 55.2 49.4 39.5 32.3 23.8 7.7 24.2 43.2 52.9 55.8 41.4 34.8 40.6 34 42.4 65.7 79.7 87.7 95.5 100.6 104 105.8 107.4 105.2 103.9 102 100.9 104.5 107 109.1 108.9 106 100.5 91.5 72.1 49.1 27.2 -1.7 -1.7 -1.7 -1.7 -1.7 -1.7 -1.7 -1.7 -1.7 -1.7 -1.7 -1.7 -1.7 -1.7 -1.7 -1.7 -1.7 -1.7 -1.7 -1.7 -1.7 -1.7 -1.7 -1.7 -1.7 -1.7 -1.7 -1.7 -1.7 -1.7 -1.7 -1.7 -1.7 -1.7 -1.7 25.1 23.7 23.5 1.7
104.3 99.6 94 87.2 82.7 73.6 69 65.7 65 61.5 52.5 35.1 14.6 7 19.8 23.7 21.8 18.4 16.8 17.4 18.6 39.6 62.3 79.6 91.3 99 103.5 105.5 105.5 103.3 97.3 87.9 84.6 86.9 95.4 101.4 104.4 106.2 104.8 97.8 71.6 49.8 26.8 -1.7 -1.7 -1.7 -1.7 -1.7 -1.7 -1.7 -1.7 -1.7 -1.7 -1.7 -1.7 -1.7 -1.7 -1.7 -1.7 -1.7 -1.7 -1.7 -1.7 -1.7 -1.7 -1.7 -1.7 -1.7 -1.7 -1.7 -1.7 -1.7 -1.7 -1.7 -1.7 -1.7 -1.7 -1.7 -1.7 -1.7 -1.7 -1.7 -1.7
