app/static/ascii/SX26.asc
ncols 200
nrows 200
xllcorner 220000
yllcorner 60000
cellsize 50
[rows 140 to 174 of 200, columns 80 to 159 of 200]
69.3 51.4 39.7 37.1 42.5 53.2 63.3 66.1 58 54.4 44.5 41.2 52.6 65.3 76.5 80.9 82.7 85.2 87 88.2 88.9 89 88.2 86.9 86.8 88.2 89.1 87.7 80.9 87 90.5 94.5 102.5 107.3 109.9 110.7 109.2 102 88.8 101 120.6 127.4 132.1 134.4 136.3 137.8 139.1 139.8 140.6 139.9 138.7 136.9 134.2 132 130.4 129.4 124.1 117.8 118.1 123.9 128.6 126.2 121 114.6 109.7 106.1 104.6 103.5 98.5 80.8 59.6 58.3 56.6 62.8 82.8 100.2 105.7 108.7 110.1 110
72.1 61 41.6 36.6 39.4 57.1 57.4 48 41.4 40.3 43.9 55 67.1 80.1 84.5 87.2 89.7 91.4 92.7 94 94 93.7 93 93.5 94.8 95.2 95.8 95.2 96.4 99.4 103 102.8 103.6 105.8 107.3 104.8 106.2 93.3 83.5 95.8 116.2 124.6 130.2 133.4 135 136.2 137.8 138.5 138.4 138.3 137.1 137 136 135.5 136.6 137.8 137 133.7 130.2 129.2 128.8 127.5 121.1 114.5 100.4 92.1 89.1 86.1 84.4 77.2 59.1 57.1 56.1 59.1 79 96.9 102.9 105.4 105.8 107
67.1 62.9 50.3 36.5 36 47.1 42.9 38.2 43.9 52.5 62.6 71.6 78.9 83.5 86.3 88.5 91.3 93.3 95.3 97.1 97 97.6 97.9 97.1 96.8 100 101.3 102 102 103.7 105.5 106.2 106.1 106.4 106.9 105.9 104 87.6 82 97.7 116 121 125.5 127.5 129.3 131.5 133.8 134.5 134.2 135.8 136.8 137.6 138.6 138.3 141.9 143 142.3 139.5 135.6 133.2 131.7 129.8 125.5 119.4 109.7 94.3 83.2 76 71 65 58.6 56.3 55.4 58 83.2 98 101.3 103.8 105.4 106.3
57.6 56.1 54.2 39.7 35.7 38.2 37.1 48.6 63 72.8 77.6 78 80.3 82 83.5 85.9 89 91.1 95.1 98.3 100.3 101.1 101.4 101.7 101.5 102 103.6 104.7 104.7 104.7 104.7 104.8 105.5 105.2 105 103.9 101.4 82.9 81.6 105.1 108.3 115.9 119.8 122.1 123.6 125.5 127.7 128.7 130 133.4 135.1 138.5 141.1 137.2 145 145.4 144.5 142.1 138.9 136.4 134.3 132.8 130.3 124.7 120.7 113.3 103.4 95.2 90.3 82.3 67 55.6 55.6 67.2 88.3 97.1 98.6 102.4 104.9 106.8
43.7 42.1 41.7 39.5 35.8 35.8 37.9 57.7 72.2 77.5 77 76.2 75.8 75.9 77.6 80.2 84 89.6 95 99.6 103.1 104.5 103.4 102.2 102.5 102.3 103.3 104.3 104.6 104.4 103.8 103.4 102.8 101.4 101 100.2 96.5 78.9 80.1 98.1 105 108.3 111.1 109.4 115.4 117.3 119.3 120.9 124.2 128.7 132.6 138.5 141.9 142.7 143.4 145.1 144.9 143.1 139.6 137.2 135.7 134.6 132.8 130.3 127.2 123.8 119.6 113.8 107.9 97.9 76.5 54.5 55.1 67.6 84.3 89.6 99.2 105.4 107.5 108.7
48.5 46.3 45 41.6 37.2 35.4 38.5 60 69.4 72.8 73.1 71.9 70.5 70 70.3 73.6 81.5 89 94.4 99.3 105.7 106.6 103.8 102 100.2 98.7 98.6 100.5 102.1 103.2 103.2 103.1 100.1 97.6 96.1 94.4 90.7 75.3 80.7 94.1 98.1 100.7 102.4 103.8 105.3 109.5 112.1 113.8 118.7 123.6 128.8 133.6 137.7 141.4 136 143.2 143.3 141.5 139 137 135.2 134.7 133.7 131.9 128.9 125.6 121.8 116.8 110.4 102.7 83.7 56.1 54.7 63.9 76.8 94 103.2 108.4 111.4 112.3
68.6 66.4 59 48.6 40.2 35.2 35.7 53.7 63.7 64.1 59.2 56 56 58.6 65.7 75.9 83.5 88.9 93.9 100.2 104.5 105.1 101.6 96.7 94.8 94 92.1 94.9 97.4 102.1 103.5 104 101.5 97.5 90.7 86.8 83.6 71.7 81.1 86.3 87.5 88.1 88.6 88.2 90.4 95.1 101.2 110.7 113.9 119.6 124.7 129.2 132.4 135.8 134.8 138.7 139.7 138.5 136.5 135.4 134 133.2 132.4 130.6 127.9 124.7 120.1 114.3 107.9 101.1 88.1 59.5 53.9 61.4 77.5 93.9 103.6 109.1 112.3 114.7
79.4 74.8 67.3 54.5 41.6 36.6 34.9 40.3 51.2 47.3 48 58.1 63.5 69.9 78.3 84.4 86.2 90.1 94.5 98.5 100.8 100.9 97.8 93.3 88 82.6 83.2 89.5 96.5 103.1 107.2 108.4 105.2 100.5 93.8 83.9 72.2 69.2 72.1 75.1 77.5 79.9 81.3 84.8 86.8 86.2 92.2 101.4 110.5 115.4 120 124.8 128.1 130.9 133.7 134.9 135.5 134.7 133.8 132.2 131.3 130.4 129.5 128.4 126.6 123.1 117.9 107.7 96.6 87.3 76.5 57.2 53 54.8 72.1 92.3 101.4 107.2 110.4 112.4
84.1 78.5 70.6 60.6 43.6 36.1 34.3 36.3 40.5 49.5 59 71 80.7 84.6 87.5 90.2 90.4 91.6 92.6 94.5 96.3 96.4 93.3 88.6 82 74.7 83.8 93.4 102.6 106.7 112 109.9 108.2 102 95.6 81.6 68.6 70.5 76 80.7 84.9 88.4 93.7 98.9 99.5 93.9 89 94.7 103.1 110.7 115.2 120.3 123.9 127 129.7 129.3 131.2 130.5 129.8 129 128.2 127.4 126.7 125.9 124.2 122.7 119 112.1 100.8 86.4 71.6 58.3 53.6 52.9 60.3 83.7 98.7 104.9 107.5 108.8
86.7 81.5 73.4 65.7 48.5 36.2 34.2 36.6 48.8 62.8 73.8 81.2 86.9 88.7 90.7 91.2 89.7 87.9 88.9 91.3 92.2 91.8 90 85.1 73.8 71.6 87.3 99.1 105.5 109.9 114.3 114.3 109.3 103.4 92.2 74.9 67.2 76.8 87.5 94.1 98.4 102.6 108.5 111.3 111.3 107.7 100.4 93.8 95.4 102.4 110.8 114.8 119.4 122.9 125.5 125.7 127.6 126.8 126 125.2 123.9 124 123.8 123.3 122 120.6 118.7 114.3 108.9 99.5 85 63.9 54.8 52.6 52.3 74.6 88.8 98.5 101.8 103.6
89 82.5 74.7 66.5 54.4 38.9 34.1 34.3 47.9 69.6 77.4 84.3 89.4 92.3 92.9 91.5 88 84.7 83.5 85.9 87.7 87.3 85.9 78.8 64.6 72.6 90.7 99.6 105 109.5 112.8 113.1 108.6 103.2 86.1 69.9 72.9 88.5 103.5 110.2 112.2 115.3 117.8 118.1 117.7 115.3 111.4 106.1 98.9 97.3 103.4 110.7 112.8 117.3 120.4 123.1 123.1 122.7 122 121.3 120.1 119.8 120.6 119.9 118.8 118.2 117.1 115 109.7 103.6 92.7 76.4 60.1 52.7 52.9 56.7 72.4 81.1 88.3 94
89.9 83.4 75.4 67.3 56.9 41.4 34 33.1 36.3 64.6 76.6 83.7 88.2 91.5 91.9 90.2 86.4 81.8 77.8 80.3 82.4 82.6 80.7 70.7 60 76 91.6 97.8 103.1 108.3 109.8 109.1 105.5 100 79.2 65.6 75.7 91.1 106.1 112.4 116 119 121 121.9 121.6 119.1 115.2 110.9 106.5 102.5 101.2 104 107.8 113.1 116.7 119.2 118.6 118.4 117.3 116.5 114.6 114.8 115.7 115.2 114.7 114.3 115.3 115 112.5 109.2 102.4 89.4 70.9 52 51.8 52.5 53.5 62.5 71.2 79.6
91.4 84.9 77.7 69.6 60.1 46.9 36.8 33.2 32.9 49.8 71.1 79.9 85.2 88.5 89.5 88.6 84.7 79.8 72.9 74.2 76.1 75.9 68.6 59.6 65 80.7 91.6 96.4 101 104.2 105 103.8 100.7 92.8 71.5 60.7 75.9 92.7 107 112.6 117 120.7 122.5 123.8 122.2 119.7 117.2 114.3 111.4 108.5 106.2 107.7 110 113.1 115.2 112.1 117.2 115.2 112.7 109.7 107.6 106.8 106.6 107.1 107.5 108.7 110.1 110.7 111 109.3 104.8 98.1 85.7 63 50.8 50.6 50.9 51.5 52.2 60.2
92.5 86.5 79.6 73.5 65.3 53.9 40.8 34.7 32.4 34.1 58.6 73.3 80.1 83.9 85.7 85.9 81.7 78.3 66.7 67.5 69.4 65.7 55.2 59 73 84.9 91.9 95.6 97.8 99.9 100 98.6 95.8 86.5 61.8 58 76.1 93.6 105.7 112 116.2 119.4 121.4 120.8 117.9 117.1 117 114.8 113.8 112.6 111.7 112.8 114.7 116.9 118.5 119.8 118.9 111.8 111.1 105.8 101.1 98.6 97.7 98.9 100.1 103.6 105.7 106 105.9 105.1 103.3 99.3 93.5 78.6 57.9 51.4 50.2 50.5 50.4 50.9
92.2 88.9 83.5 77.3 70.4 61 46 36.5 32.7 31.9 39.9 64.7 74 79 81.4 82.3 80 76.9 69.9 58.9 60.9 54.3 54.5 69.3 80 87.6 90.8 93.2 94.7 95.7 94.9 93.6 91.5 81.7 57.1 58.1 77.6 95 104.5 109.6 113.3 115.7 116.5 114.9 112.7 112.9 113.5 114.3 113.8 114.3 114.5 116.4 118.2 120.1 121.9 123 122.3 117.8 115.2 109.2 102.4 96.9 92.6 89.8 94 98.7 100.8 101.2 101 100.6 99.5 97.7 95.5 90.5 77.6 62.2 50.4 49.5 49.4 49.1
84.6 85.6 83.8 79.4 75 67.3 55.9 40.3 32.9 31.5 33.1 53.6 68.8 74 77 78.2 77.3 75.3 71.3 64.6 54 49 62.7 76.5 83 87 89.4 91 91.3 91.8 90.3 88.6 86.3 77.7 52.8 57 81.3 94.9 100.9 104.5 107.5 107.4 106.8 106.6 106.7 109.2 111.4 112.3 112.9 113.5 115.9 118.4 120.5 122.7 124.8 126.8 125.7 121.9 116.8 112.7 107.2 100.5 94.6 89.9 84.7 90.2 93.6 94.9 95.6 95.9 96.3 96.7 95.6 93.1 89.7 78.4 61.8 49.8 49.2 48.9
63.6 70 73.9 75.6 74.9 70.6 61.8 47.4 34.5 31.9 31.2 43 62.4 69 72.1 73.8 74.5 72.7 69.5 65.1 55.7 50.3 66.8 74.8 80.6 84.3 87.1 88 88.3 87.6 85.8 83.9 80.9 72.4 50.1 54.8 78.4 90.3 94.9 97.4 98.5 98.2 97.8 97.8 99.9 105.4 107.9 109.3 111.6 112.7 115.7 118.4 121.4 123.9 127.2 129.8 129.3 124.5 119 115.9 111.2 107.1 102.3 94.5 87.2 81.8 83.4 87.2 89.2 90.8 92.8 93.8 94.6 93.1 91.3 88.5 81.1 65.3 53.9 50
49.4 52.4 57.6 61.9 65.5 65.2 59.9 51 38.2 31.8 29.9 37 55.1 63.1 67.3 69.3 70.7 69.2 67 62.7 47 53.9 66 72.1 75.9 80.3 83.4 84.1 83.6 82.4 81 78.7 75.4 68 49.9 49 69.9 81.4 85.6 88.7 87.5 85.9 85.2 86.9 97.6 103.7 106.1 105.7 106.8 109 113.5 117 120.2 124.3 127.6 129.9 130.1 126.8 121.7 116 114.5 111.7 107.2 100.8 91.9 84 77.4 74.6 77.7 82.3 86.3 90.1 91.9 92 90.4 87.4 86.3 79.3 70.1 62
58.7 50.4 44.3 44.8 48.2 48.6 46 40.2 35 32.3 29.6 30.5 45.6 55.8 61.1 64.4 66.5 64.8 62.7 56 42.9 57.3 62.5 67.1 71.4 75.8 80.3 82.2 80.6 77.9 76.1 71.7 69.4 66.5 50.4 44.4 64 71.6 75.8 75.9 71.9 73.8 79.9 88 96.7 101.7 100.3 101.6 102.4 104.6 109.4 112.8 116.3 120.4 124.4 126.4 127.4 125.1 121.9 118.5 115.1 114.8 110.4 104.9 99.3 89.3 82.8 80.9 73.6 69.8 72.4 78.1 83.4 85.7 85.4 84.3 81.6 77.4 71.3 63.9
78.4 68.1 57.6 47.6 41.8 38.8 39.4 41 41.7 33.7 30.7 29.7 35.9 48.7 55.6 60.6 62.7 61.9 58.8 50 44.4 52.7 57.7 62.2 68.1 74.4 79.4 80.8 80.1 78.3 72.9 63.4 62.7 61.9 49 45 54.6 58.5 62.5 61.9 69.6 80.9 89.7 94.7 97.9 98.9 98.7 96.9 97 100.4 103.6 106.9 109.8 113.7 119 121.7 122.5 120.7 118.5 117.3 115 117.1 114 109.8 103.5 102 94.5 92.2 84.7 77.3 71 64.3 66 68.8 73.4 74.8 71.7 65.8 58 52.7
92.7 83.6 75 66.9 62.4 59.9 61.4 59.8 53.3 42 31.5 29.3 30.2 42.2 52.2 57.4 59 57.7 54.2 43.6 42.6 53.2 61.4 67.4 72.1 76.9 80.4 82 82.3 80.7 76.3 69.2 57 50.1 42.5 44.2 48.6 53 57.9 67.6 79.3 86.7 91 94.8 96.8 97.6 97 92.8 89.9 94.1 97.4 100.8 103.9 106.4 107.7 112.3 114.3 114.3 114.7 115.4 116.5 112.6 114.3 110.9 104.7 101.5 102.1 99.5 94.3 90.7 84.4 77.9 71.4 65.2 59.4 59.1 58.9 53.5 53.8 56.3
109.9 101.3 93 86.7 82 80 75.5 69.6 61 49.2 33.2 29.9 29.1 32.2 46.8 54.3 55.7 53 47.9 38 47.9 59.7 66.6 72 76.2 80.1 82.8 83.6 83.7 82 78.2 72.9 66 55.2 40.4 52.7 64 71.4 74.3 80.8 85.6 88.5 90 92.3 94.4 95.5 95.4 92.6 88.8 86.7 90.4 93.3 95.1 98.3 99.2 101.4 105.8 108.5 110.1 114.3 115.3 114.8 110.6 110.6 105.5 106.4 106.7 105.8 99.9 101.8 98.4 94 88.2 77.8 61.3 58.5 61.2 63.7 68.7 74.3
121.5 115.5 109.4 103.4 95.9 90.2 83.7 76.5 67.6 57.1 40.4 30.9 29.1 28.3 34.9 49.5 52.1 45 37.2 40.1 49.6 60.6 68 73.9 78.8 81.8 83.7 83.5 83.6 82.1 78.2 72.8 65 48.4 43 56 71.7 78.2 81.3 83.4 84.8 87.2 90.4 93.4 94.2 93.2 93.4 92.2 88.5 77.8 81.8 84.3 84.2 86.7 88.7 93.1 94.4 101.1 108.8 113 114.4 114 113.4 108 109.9 109.3 108.5 107.1 106.7 105.3 100.5 98.3 93.3 79.4 63 72.7 77.6 81 86.8 89.6
130.1 124.4 117.6 112.1 104.5 97.6 90.8 81.7 73.2 63 47.6 34.7 29.6 28.2 29.1 40.2 40.1 32.3 36.4 54.2 60.6 65 70.1 76 79.9 82.2 83.1 83.4 82.5 80.5 77.2 71.5 57.9 39.7 44 61.4 72.1 76.6 78.8 80.6 82.5 85.8 90.6 93.7 91.9 90.2 90.8 90.9 89 82.2 71.9 72.9 74.9 81.2 86.1 90 95.2 102.8 108.5 112.1 113.5 113.5 113 112.5 105.3 110.1 108.8 106.8 105.8 104 101.4 97.2 90.2 75.2 67.9 91.7 92.4 93.8 95.6 95.9
135.6 128.5 120.6 111.9 106.2 99.3 91.8 82.6 75.2 64.5 55.7 40.9 31.5 28.6 28.3 30.2 32 43.6 54.1 64.5 68 71.2 75 77.7 81 82.5 82.6 82.1 80 77.5 73 67.3 50.9 37.3 47.9 63.5 69.7 72.9 75.4 77.3 79.4 81.5 86.1 87.8 88.3 86.8 85.4 83.9 82.9 76 65 74.8 86.5 92.5 97 100.4 102.9 105.3 108.6 111 112.7 113.3 112.4 111.7 110.6 102.2 104.8 106 104.5 101.9 98.3 94.2 87.6 70.1 72.8 86.4 90.5 92.7 93.3 95.6
138.6 131.2 121.1 111.3 101.2 91.1 81.6 75.7 68.4 61.1 56.8 47.7 34.9 29.2 27.8 28.1 33.1 47 59 66.9 71.7 74.5 77.4 79.7 79.4 79.5 80.1 80 76.9 73.1 68.1 62.2 45.5 37.8 50.7 58.5 64.2 68.3 70.5 72 73.7 76.1 78.8 80.1 80.6 79.2 75.6 71.2 65.5 61.6 70.6 83 90.3 94.6 98.7 102 105.3 108 108.2 109.6 111.8 112.7 111.5 110.2 108.6 107.1 103.5 97.8 102.1 99.1 94.9 90.2 84.5 74.5 69.6 79.5 85.1 88.6 90.7 93.6
138.8 132.2 121.8 109.2 92.5 78.8 68.3 62.1 58.6 54.9 51 43.6 36 31.7 29 27.4 29.3 35.6 52.5 65.2 72.5 77 79.7 81.1 79.9 78.3 77.5 75.9 72 66.3 58.1 50.7 39.4 36.8 40.4 46.5 54.4 60.3 63 63.8 67 69.4 71.3 72.6 72.5 70.4 63.1 57 62.3 72.5 80.6 85.8 89.3 92.4 95.5 98.7 103.3 106.3 107.3 108.9 109.9 109.8 109.2 107.7 106 104.4 101.4 101.1 94.9 94.8 91.3 87 80 73 72 74.7 79 82.7 86.8 90.7
138.2 132 124.2 113.7 101 87.5 75.8 67.2 59.1 52.1 46.5 46.1 44.9 36.7 30.9 28 27.4 30.9 47 63.1 72.2 77.4 80.6 81.7 80.4 77.3 73.5 70.6 63 50.9 43.2 37.8 34.5 39.2 40.9 37.8 39.9 46.9 52.4 54.5 57.4 61 63.8 64.8 64.2 58.6 54.6 65.9 71.1 74.9 78.4 82.1 84.4 87.5 91.3 96 100.2 103.2 104.6 106 105.4 106.8 106.8 105.9 103.6 101.2 98 96.3 95.3 90.1 92 84.3 74.8 72.6 76 77.8 77.3 79.9 88.3 91.5
135.9 131.6 125.5 119.5 110.9 101.7 93.2 83.3 73 64.6 56.5 53 47.8 40.2 33.1 28.5 26.7 29.8 44.6 61.9 71.4 76.5 79 79.2 77.6 73.4 67.8 56 45.5 37.6 32 32.8 39.6 52.7 55.9 54.1 48.7 40.2 39.9 45 48.4 49.1 51.3 52.2 52.6 58.1 62.2 58.9 60.5 66 70.9 74.3 77.2 82.4 86.4 92.5 97.6 100.5 101.6 104.2 104.6 104.8 104.4 104.1 102.1 100.7 95.6 94.5 92.1 88.1 85.4 89.1 89 78.7 81.5 80.8 80.6 85.9 91.6 94.8
133.7 129.3 124.8 121.1 116.1 110.1 102.5 95.1 87.6 77.5 67.1 57.4 50.1 42.9 35.1 29.5 26.2 26.7 38.2 55.8 68.4 74.2 76.2 74.9 73.3 68.4 57.1 43.2 33.3 30.2 36.1 45.3 56.2 64.4 67.6 67.3 63.2 52.5 50.3 49.6 50.6 53.9 53.5 57.1 66.1 76.2 77.1 72.6 69.3 70.3 72.7 67.7 71.8 81.1 87.8 93 96.3 99.5 100.3 102.3 102.1 102.5 102.4 102.4 101.7 100.9 98.9 97.2 96.1 92.1 88.4 83.4 82.2 89 87.2 87 85.9 87.1 92.2 94.8
131.3 126.1 122.3 120 116.8 112.5 106.8 100.2 93.1 84.7 74.5 61 51.5 41.7 34.4 29.9 27.3 26 28.5 42.8 59.6 68.3 71.7 70.4 67.1 59.7 44.9 33.1 32.6 42.1 52.7 65.3 72.3 76.7 77.7 76.9 72.4 62.8 66 65.8 63.8 59.9 58 57.7 73.6 90.1 91.1 85.3 83.9 83.2 83.5 79.3 72.4 80.1 89.9 94.2 96.4 97.9 99.2 99.6 99.5 99.9 100.9 101.7 101.4 101.1 101 99.5 97.8 94.3 90.6 86.8 80.5 80 89.2 90 88.9 89.4 93.5 94.7
129.3 122.7 118.6 117.5 114.9 111 105.9 100.7 93.6 84 66.7 51.4 40 36.2 37.7 34.8 29.3 25.8 25.9 31.9 48.8 61 65.1 62.2 55.8 47 33 31.6 43.5 57.2 69.4 76.2 80.4 84 85.2 84.3 79.6 74.2 77 78.4 76.7 73.2 72.6 66 70.5 90.4 99.3 99.8 97.2 92.9 81.5 83.4 78.2 78.7 83.3 93.9 93.9 93.9 94.7 94.9 95.9 98.5 99.6 101.3 102.8 102.9 102.5 101.3 99.4 96.5 92.6 88.5 82.4 79.2 85.9 91.6 91.4 92.1 94.1 95.3
126.7 118.5 110.6 111.4 109.8 107 102.7 97.7 90.8 74.5 57 43.5 40.1 52.6 52.9 42.9 33.4 26.5 25.3 27.8 40.3 56.6 58.9 54.5 41.8 32.5 29.7 42 57.2 68.1 76.3 81.1 86.3 90.2 92.6 92.2 90.5 87.5 89.3 90.4 90.1 89.4 87.6 75.1 67.2 90.3 93.5 96.5 100.7 88.7 85 78 77.9 79.6 84.6 96.2 88.8 89.9 91.4 92.5 94.5 97.6 101.1 104.7 104.8 104.3 103.8 102.7 101.1 98.3 93.9 86.9 81 84.3 86.3 92.1 94.4 93.9 94.9 96.3
124.2 115.3 105.1 93.4 97.8 98.2 96.6 91.5 83.7 64.8 49.8 45 56.4 67.5 65.8 54.7 38.9 26.8 24.8 25.8 39.6 52.9 53.3 46.4 32 27.4 35.8 52.5 63.4 71.9 79.2 85.5 91.1 96 98.5 99.4 99.2 99.2 102.1 103.3 102.1 99.7 93.4 72.5 75.8 88.6 95.6 97.2 96.1 88.9 89.4 87.5 91.2 85.8 84.6 87.9 89.4 91.9 93.5 93.6 95.2 98.5 103.3 106.2 106.8 105.6 105.2 104.1 102.4 99 91.2 84.2 90.3 88.6 86.6 92.9 96.3 97.2 97 97.8
123 118 109.3 99.1 84.7 86.9 86.4 79.3 66.1 53.2 49.3 61.3 73.9 80.1 74.7 65.2 48.1 32.3 25.4 25.1 35.3 45.6 46.4 38.1 26.7 29.3 40.8 52.7 61.1 70 79.8 87 93.4 99.1 102.6 104.8 105.4 106.3 108.3 110.1 109.6 105.7 97.6 80.3 94.2 107.9 109.5 109.4 105.7 95.2 91.7 100.1 92.3 89.1 86.3 92.5 92.7 96.9 94.1 97.2 98.3 99.5 102.9 105.7 108.2 107.8 106.6 105 99.5 94.3 88.9 86.8 87.9 88.1 88.9 93.7 98.8 101.6 101.2 101.7
