app/static/ascii/SX27.asc
ncols 200
nrows 200
xllcorner 220000
yllcorner 70000
cellsize 50
[rows 140 to 174 of 200, columns 0 to 78 of 200]
249.2 244.5 242.3 240 238.5 237.9 237.4 236.8 237.5 240.1 243.2 245.8 247 246.7 245.2 241.9 237 231.4 226.2 221.6 218.1 214.5 209.8 205.5 202.2 200.9 199.9 199.2 199.1 199.1 198.8 200.1 202.3 205.2 207.6 211.8 215.8 223.4 233.9 244.1 252.5 262.2 272.4 279.3 285.4 289.2 291.3 292.8 292.7 291.8 291.1 290.7 291.2 292.8 294.2 295.4 296.6 297.3 297.3 296 293.8 290.5 287.2 284.1 283.6 284.6 285.4 285.9 285.7 285 283 280.6 277.2 273.2 267.4 257.8 255.4 262.1 267.1
250.9 245.5 242.1 239.4 237.3 235.8 235.3 235.2 234.9 236.8 240.1 243.4 245.4 245.7 244.6 242.2 238.5 233.9 230.2 226.7 224.8 219.7 213.8 209.5 205.1 202 200.6 199.4 198.9 198.8 200 199.8 202 204.2 206.7 210.8 213.4 221 230.8 240.9 251.6 262.6 272 279.5 285.6 289 291.6 292.4 292.1 291.1 290.3 289.7 289.9 290.4 291.7 292.9 293.5 293.4 292.8 291.6 289.1 285.8 282.4 279.4 278.4 279.9 281.2 282.1 282.3 281.7 280.3 277.9 274.7 270.4 264.9 257.4 253.6 259.6 264.7
253.3 247.3 243.2 239.4 237.1 235.8 232.9 233.1 232.8 233.5 236.7 240.3 242.6 243.6 243.3 242.7 239.3 236.8 233 231.6 229 225.3 219.5 214.2 208.5 203.7 202.3 200.7 199.1 198.6 198.8 199.4 201 203.2 205.4 209.5 213.2 217.8 227.6 237.8 249.5 260.8 270.7 279.1 285.1 288.3 291.5 292.2 291.9 291.2 290.4 289.2 288.4 287.9 288.4 288.9 289.1 288.2 287.4 285.9 283.3 280.4 277.1 274 272.3 274.6 276.9 277.7 278.6 278 276.9 274.7 271.3 266.9 260.8 255.9 250.8 256.7 261.9
255.7 249.5 244.5 240.1 237.8 235.7 233.3 230.8 230.3 230.9 232.5 236.3 238.8 240.8 241.8 241.6 240.1 237.7 235.8 234.2 232.5 229.1 225.3 220.6 215.4 209.4 203.9 201.1 200.1 199.2 198.5 199.2 200.9 202.5 204.2 208.4 212.5 216.9 224.5 235.2 248 259.5 269.4 278.6 284.7 288.7 291.4 292.7 292.4 291.6 290.9 290.2 289 287.6 285.2 285 284.2 283.4 282 279.8 277.3 274.3 271.2 267.8 266.4 269.6 272.2 273.4 274 273.7 272.2 270.2 266.8 261.9 256.1 251.9 248.8 253.9 259.1
257.2 250.7 245.3 241.5 238.2 236 233.1 229.9 227.4 228.2 229.9 232.8 234.9 236.9 238.7 239.5 239 237.9 238.3 237.7 236.6 233.4 231.8 227.8 222 215.2 207.2 202.7 200.2 199.1 198.9 199 200 200.9 203.5 207.3 212.5 215.4 223.1 232.8 246.6 258.4 268.6 278 284.2 288.5 291.3 293.1 293.5 292.9 292.3 291.4 290.5 289.3 286.3 283.1 279 277 276 273.4 270.1 267.5 264.5 261.5 261.5 264.3 267.1 268.3 269 268.6 267 264.7 260.7 254.1 248.4 244.9 247.6 253.3 258.4
259.3 253.1 247.3 243.3 239.4 236.4 232.9 230.1 227.8 225.6 227.5 228.2 230 232.2 234.5 235.6 237.7 239.8 241 240.6 240.1 238.3 236.7 232.5 226 219 212 205.2 201.2 199.1 198.1 197.1 199.6 201 203.3 206.1 211.6 215.6 222.1 231.4 246.2 257.8 268.2 277 283 287.3 290.4 292.5 293.5 293.5 293.5 293.1 292.3 290.4 288 284 278.4 271 269.2 266.3 263.1 260.3 257.9 257 257.4 259.8 261.3 262.5 263 262.6 261.3 258.6 253.3 245.5 241.6 242.5 246.9 252.6 257.5
264.1 257.3 250.9 246.2 241.7 237.1 232.6 229.5 226.6 224.6 224.9 224.4 225.2 227.5 230.1 232.7 236.6 240.2 242.5 243.4 242.6 241 238.9 234.9 229.3 221.9 214.2 207.8 202.3 199.3 198.2 198 198.7 200.6 203 206.3 210.8 215.2 220 232.9 246.1 258 267.5 275.9 281.4 285.8 288.8 291 292.3 293 293.8 293.4 292.4 290.9 287.5 283.3 277.4 270.3 265.1 260.5 258.9 256.6 253.5 251.7 252 254.5 254.7 255.6 256.4 255.4 254.6 251.6 245.6 242.3 239.4 241.5 246.8 252 256.8
267 261.5 255.3 249.8 244.8 240 233.9 228.9 225.9 223.8 222.1 222 222.3 223.6 226.2 231.8 236.2 240.2 242.6 243.9 243.6 242.3 240.2 236.4 230.9 224.2 216.6 209.5 202.8 199.4 198.2 197.9 198.1 200.6 202.3 206.2 210.8 215.2 221.9 232.3 245.8 257.4 266.5 274.2 279.6 283.8 286.7 288.6 290.1 291.4 292.4 292.6 291.4 289.7 286.5 281.5 275.6 268.8 263 258.1 253.8 251.1 248.9 246.7 245.5 246.1 249.4 249.5 247.8 246.1 246.1 244.4 240.8 237.2 237 241.2 247 251.8 257.4
269.4 264.2 259.2 253.6 248.9 243.2 236.4 231.3 225.1 222.5 220.5 220 220.4 221.2 224.3 230.4 235.7 239 240.9 242.5 243.2 242.3 240.1 237.2 232 226.7 218.7 208.5 202.7 199.3 198.1 197.8 196.9 199.7 201.8 205.9 210.8 215.1 219.5 230.9 244.3 256.1 265 272.2 277.1 280.8 283.5 285.5 287.6 289.1 290.3 290.6 289.5 287.7 284.3 278.9 273.6 267.4 261.4 256.2 251.8 247.4 244.7 243.9 242 242.4 242.4 241.5 242.1 242.2 241.5 237.6 235.9 235.4 237.4 242.4 247.4 252.5 259.2
271.2 266.6 261.7 257.3 253.1 247.7 241 234.1 225.8 223.1 220.5 218.5 218.9 219.4 222.9 229.6 233.1 236 237.7 239.5 241 241.3 239.3 236.9 232.8 227.6 218.2 208 202.6 199.2 198 198 198.2 199.2 201.2 204.6 209.4 214.7 220.8 230.4 242.8 253.7 263.2 269.3 273.9 277.4 279.7 281.9 284.1 286 287.4 287.5 286.4 284.9 281.7 276.9 271.6 266.4 261 255.1 250.8 246.3 242.5 241.4 238.8 238.5 237.5 237 236.7 235.7 234.6 233.8 234.9 234.8 237 242.6 247.9 255.1 261.5
272.6 268.3 263.9 260.5 256.6 252.8 247 239.8 230.8 224.3 221.3 219.9 218.1 218.5 221 226.5 229.8 232.3 234.6 237.3 239.5 239.8 238.1 235.3 231.2 226 217.2 205.9 201.3 199.3 198.2 197.5 196.9 197.3 200.4 203.5 207.5 212.8 218.1 229.2 240.5 251.8 259.4 265.9 270.5 273.7 275.9 278.1 280.2 282.6 284.3 284.6 283.9 282.3 279 274.8 270.1 265.3 260.2 254.6 249.2 244.7 241.8 239.5 236.7 235.4 233.9 233.4 233 232.4 232.1 232.1 231.8 234.2 238.3 243.3 250.6 257.8 264.1
273.9 269.8 265.8 262.8 260.1 256.5 253.4 248.1 238.2 230 222.6 220.3 218.5 217.2 219.4 222.6 226.1 229.5 233.5 235.6 237.5 237.9 236.5 233.6 227.8 221.5 214.5 205.7 201.5 199.6 198.5 197.9 197.2 196.6 199.3 201.8 205.3 210.3 215.1 226.5 238.7 248.1 254.9 261.3 266.6 269.7 271.9 274.4 276.8 279.1 281.3 281.4 281.4 279.7 277 273.9 270 265.2 259.2 255 249.9 245 241.4 238.5 235.6 234.3 232.7 231.8 231.1 230.7 230.4 230.9 232 234.5 239.3 245.9 253.2 260.5 267
275 270.7 267 264.8 263 260.6 257.6 252.6 245.3 237.7 228.8 222.8 219.2 217 217 219.4 224.1 228.3 232 234 235.4 235.9 234 230.2 224.7 219.2 212.1 205.2 202.1 199.4 198.6 198 197.5 197.4 198.7 200.7 204 208 214.2 223 235.1 243.6 250.7 257 262.1 265.4 268.2 271 273.4 275.6 277.8 278.4 278.9 277.8 275.7 272.4 268.9 265.1 261.6 256.6 251.7 246.8 242.6 237.3 236.4 233.4 231.6 230.8 229.9 229.4 229.5 230.2 232.6 235.7 241.4 248.6 256.5 263.2 269.3
276.1 271.3 267.5 265.4 264.1 262.2 259.4 255.3 249.7 243.2 234.9 227.2 220 217.5 215.3 217.9 223.4 227.4 230.6 233.1 233.9 233.6 231.2 227.8 224 219.1 213.9 206.8 201.1 199.3 198.7 198.1 197.5 197.5 197.6 199.5 203.7 205.6 209.5 216.4 229.4 238.7 245.5 251.9 257.3 261.4 264.4 267.5 269.9 272.1 274.2 276 276.6 276.1 274.9 272.5 270.9 269.1 265.4 260.5 255.3 250.2 245.2 240.4 237.8 235.4 232 230 228.8 228.5 228.3 230 232.1 237.6 244.5 252 258.5 264.4 269.7
276.8 271.1 266.4 264.8 263.7 262.2 259.7 255.8 251.4 245.4 238.3 229.6 220.7 217.9 215.6 217 224 229.8 230.7 230.8 230.9 230.7 229.5 227.2 224.1 219.7 212.8 203.9 200.1 199.3 199 198.4 197.7 197.4 197.4 198.5 201.5 203.8 206.7 211.5 222.1 232 240.4 247.4 253.5 257.9 261.1 263.9 265.9 268.3 271.4 274.1 274.6 274.8 274.7 273.7 273.2 272 268.8 265 259.9 254.7 249.8 245.2 240.7 237.2 233.3 230.1 227.6 227.2 227.7 229.7 232.6 237.9 245.1 251.6 258.2 263.8 268.9
275.2 270.2 265.3 263.8 262.5 261.1 259 255.7 251.7 246.7 239.7 230.9 222.4 218.4 215.5 216.5 226.1 229.6 228.1 226.6 223.4 226.8 225.1 224 220.3 216 203.7 202.8 200.3 199.4 199.2 199.5 198.5 197.7 197.5 197.6 198.5 201.7 204.7 208.8 216.8 227.5 236.6 244.5 250.2 253.9 257.1 260.3 262.4 266.4 269.9 272.8 273.6 273.8 273.7 274.6 274.9 273.8 271.8 268.5 264.6 259.8 254.3 249 244.2 239 234.7 231.1 228.7 227.2 226.9 229.3 231.9 237 243.6 250.6 257.5 263.1 268
273.2 268.1 263.6 261.6 260.7 259.7 257.9 255.3 251.7 246.9 240.1 231.5 224.6 218.7 216.1 213.8 217.5 221.7 214.3 213.1 214.3 213.1 210.1 207.8 208.5 203 201.7 201.3 200.7 202.4 203.2 203.2 202 198.8 197.5 197 196 199 202.2 205.6 214.2 224.3 234.3 241.4 245.8 248.9 252.6 256.1 260.1 266.1 269.5 271.5 272.6 272.9 272.9 273.5 275.1 274.8 273 270.5 267.3 262.9 258.3 252.1 246.9 241.6 236.4 232.5 230.2 227.1 225.9 227.6 230.5 235.9 242.7 249.7 256.6 262.5 267.8
270.9 266.1 262 259.2 258.3 257.4 256.6 254.5 250.7 247.7 240.8 233.4 227.6 220.9 217.8 216.4 213.8 212.1 211.6 210.8 209.9 211.6 214.1 210.3 206 205.4 206.4 211.1 213 213.9 212.8 209.4 207.5 205.8 198.2 197 197 197.6 201.1 205.4 212 222.3 231.4 237.5 242.1 246 249.1 253 259 265 268.1 269.8 270.4 270.4 270.3 272 273.7 273.7 272.7 270.5 267.9 264 260.3 254.8 249.5 244.1 238.4 235.1 234.2 230.7 225.3 226 229.4 234.6 242.9 249.9 257 264 269.4
268.9 264 260.5 256.9 256 255.3 255 254.1 251.2 248.4 241.7 236.9 231.5 226.6 223.8 219.1 218.1 216.5 217 219 220.4 224.4 226.6 224.5 216.4 217.6 221.3 224.4 225 224 221 216.2 213 209.1 199.2 196.9 196.5 197.4 200.8 205.1 210.3 218.9 227.7 233.7 237.9 243.3 247.3 252.7 258.5 263.5 266.4 267.4 268 267.4 267.8 269.9 271.4 271.7 271 269.3 267.2 264.4 260.8 255.6 251.3 246 240.5 239 238.7 234.7 225.4 225 227.6 235.1 243.8 251 260 266.4 271.6
268.7 263 258.5 255.3 253.7 253.4 254.2 254.2 252.2 249.1 244.5 239.7 234.5 234.3 232.6 228.3 223.8 220.5 224.8 228.4 231.6 234 233.8 230.4 226.4 227.4 230 232.1 232.7 231.3 227.2 220.3 215 206.8 199 197.3 197.5 197.5 199.2 203.1 208 214.3 224.5 231 235.9 241 246.1 252.1 257.9 261.6 264 265 264.5 264 264.5 266.8 268.1 268.6 268.4 267.4 265.6 263 259.6 255.1 250.6 246.4 243.4 242 241.3 236 224.8 223.7 228.4 238.5 247.3 256.1 263.3 269.1 274
267.2 262.1 258.1 252.8 252.8 252.1 254 254.3 253 250.7 246.5 242.4 241 241.2 239.9 236.8 231.1 228.1 231.7 237.1 239.6 239.9 238.6 235.4 234.5 236 237.9 239.4 238.9 236.6 231.5 222.9 214.6 206 199.6 197.4 196.4 195.5 198.2 201.8 206.4 213.8 222 229.2 235.1 240.5 245.7 252.3 257.9 261.1 261.5 261.8 260.8 259.9 261.4 263.1 264 264.6 264.7 264.2 263.2 260.9 257.8 253.8 249.8 246.1 244.9 244.1 242.1 236.2 224.7 224.6 227.6 241.5 251.5 259.8 266.2 271.4 275.7
275.3 275 268.5 257.6 250 250.4 253.5 254.6 253.4 251 247.3 246.4 246.9 247.7 246.4 243.2 239.6 236.9 235.9 241.7 243.6 243.8 243.8 242 242.8 244 245.4 245.8 244.9 241.7 236.1 226.8 217 208.1 200 197.2 196.6 196.6 198.1 201.4 204.9 212 221.3 229.6 235.6 242.3 248 254.2 258.5 259.6 260.6 257.3 256.1 255.4 257.5 258.6 259.7 260.6 260.4 260 259.4 257.7 253.5 251.7 247.9 245.2 244.6 243.6 241.7 235.4 224.4 223.1 228 242.8 253.8 262 267.7 272.1 275.2
276.5 278.8 269.1 256.2 248.8 248.5 252.5 254.9 254.2 251.2 250.5 251 252.4 253.1 251.6 249.2 245.9 243.4 241.2 243.7 247.5 249 249.6 249.2 250 250.4 250.5 250.3 248.4 244.9 239.3 230.7 219.5 209.3 201.1 197.3 195.9 195 197.2 200.3 204.2 210.9 222.2 230.3 237.3 244.2 250.6 256.9 259.4 259.5 256.2 252.8 251 251 252.8 253.9 255 255.5 256 255.9 255.4 254.1 251.8 248.8 246.3 244.2 242.6 242.3 240.4 232.3 223.1 223.2 230.6 244.3 254.8 262.1 267.9 272.2 274.1
277.2 273.3 259.8 248.4 247.5 247.9 256.4 255.5 254.4 253.2 253.5 255.6 257.1 257.7 256 253.5 250.9 248.2 245.9 246.6 249.6 252.6 253.6 254.4 255.3 255.2 255 253.7 251.4 246.8 240.2 231.6 219.9 211.1 200.1 197 196.9 195 197.4 199.2 204.5 209.7 221.4 230.6 238.4 246.4 252.3 257.9 259.7 258.7 255 249.2 246.4 247 248.2 249.3 249.9 250.3 250.8 251.2 250.8 250.4 248.8 246.3 244.4 242.6 240 239.9 237.7 229.7 222.3 223.5 231.2 244.7 254.7 262 267.6 270.9 272.9
279.9 265.5 249.6 246.5 245.8 251 265.1 258.3 256.1 255.5 257.5 259.4 261.3 261.4 259.7 256.6 254 251.7 251.2 249.8 252.6 254.8 256.2 257.6 258.1 258.3 257.7 256.7 253.5 248.3 240.2 231.7 220.3 210 200.5 197.3 195.5 196.1 195.3 199.5 204.4 210.5 219.9 229.5 237.7 245.5 253 257.3 258.6 257.6 253.8 248 243.2 242.4 243.6 244.2 244.6 245.1 245.6 246.2 246.1 245.8 244.7 244 242.6 240.7 238.1 237 234.7 226.3 221.7 226 232 244.6 253.5 261.3 266.2 269.3 269.1
274.5 261.6 250.3 245.5 244.8 253.2 267 265.2 259 259.1 260.4 263.2 264.7 265.1 263.4 259.9 257.1 255.5 254.8 254.1 254.9 256.9 258.2 259.4 259.5 259.3 258.1 256.6 253.5 247.6 239.7 230.8 223.4 209.6 200.8 197.9 197.9 195.9 195.6 198.8 202.2 207.5 218.3 228.3 237.3 245.8 252 255.7 256.4 255.1 252.2 246.5 241.1 238 239.5 240.4 239.9 239.8 240.4 241 241.4 241 240.6 241.2 240.6 238.8 236.4 234.2 231.7 223.8 221.7 223.1 233.4 241.7 252.2 259.3 262.7 265.8 261.6
267.6 255.3 251.5 245.2 245.2 255.9 269.1 269.1 261 261.3 263.5 266.2 267.5 267.7 265.3 262.7 260.2 258.2 257.8 256.5 255.6 257.8 258.9 259.6 259.5 259.2 257.9 255.9 251.8 246.1 239.2 230.4 221.8 205.3 200.3 198.9 197.2 195.9 194.2 196.6 199 203.2 214 226.3 236.7 245.2 250.6 253.2 253.5 252.1 249.6 242.5 237.3 233.4 235.1 237 237.1 236.1 235.5 235.7 235.5 235.6 236.1 238.4 238.1 237.5 235.2 232.3 227.8 220.2 216.9 222.3 232.4 242.8 250.8 256.7 260.4 262.1 258
260.2 254.3 249.2 244.4 248.6 260.8 272.9 273.1 268.8 263.5 265.9 267.7 269.1 269.2 268.3 265.7 263.1 260.7 259.5 258.3 257 257.2 258.4 258.2 258.4 257.7 256.3 253.8 249.5 244.2 237.9 229.9 217.1 206.6 201.1 198.9 196.9 196.2 195.5 194.6 195.9 198.4 206.3 222.8 234.5 243.2 248.3 250.3 249.9 248.4 245.2 237.7 232.2 229.2 231.6 234 234.5 233.2 231.8 231.7 231.8 232 233.4 235.1 235.8 236.2 234.3 232.3 229.2 220 216.9 224 233.4 242.1 248.8 253.9 257 254.3 257.5
254.3 251.1 244.9 242.7 251.7 264.3 273.1 273.3 273.3 267.9 266.8 268.9 270.5 270.8 270.1 268.3 265.5 262.9 261.3 260.1 258.8 257.1 257.1 256.8 255.7 255.4 253.9 250.8 246.9 242.5 234.8 220.8 208.9 207.7 204.2 201.1 199.7 198.3 196.3 195.5 194.1 195.5 200.7 217.7 232 239.8 244.2 245.7 245.2 243.5 239.9 232.4 227.6 225.1 229.3 231.9 231.8 230.2 228.7 228.2 228.3 228.4 230.1 231.8 233.5 234.2 233.9 232.7 229.8 223.2 216.9 222.2 231.1 239.3 245.3 248.5 245.9 249.8 258
251.4 247.1 240.8 244.1 252.9 270.1 272.8 273.1 273.4 271.3 266.9 269.4 271.1 272 271.6 270.1 267.3 264.4 263.2 261.9 260.7 258.5 256.3 250.6 251.1 250.8 250.2 247.9 244.3 239.9 230.7 218.4 220.8 220.3 216.8 211.6 208 203.9 199.6 196.3 194.9 194.7 197 210.3 226.9 235.2 239.2 240.4 240.9 239.1 233.3 226.5 222.4 222.2 228.4 230.3 230.1 227.9 226.6 225.6 225.4 225.6 226.4 228.2 231.3 232.4 232.4 231.1 229.2 218.9 216.9 219.8 225 233 234.2 237.3 241.4 250.9 257.7
248.4 244.3 240.7 245.5 253.5 271.4 270.3 270.8 268.6 267.7 268.1 269.2 271.2 272.2 271.9 270.8 269 266.3 265.1 264.4 263.2 260.3 257.1 253 247.3 245.7 245.6 244.3 239.6 232.7 225.3 226.4 231.4 234.2 231.7 224.8 217.1 209.9 203 198.9 196.7 195 194.2 202.9 220.1 229.2 233 235 235.6 234 226.2 220.6 218.2 221.4 227.1 229.4 228.5 226 224.4 223.5 223.1 223.4 223.4 224.2 228 229.3 229.3 228.6 224.9 216.9 216.9 219.1 224.3 228.2 233.7 239.8 247.2 250.5 258.5
244.5 239.6 238.8 245.2 249.5 263.2 263.4 262 260.4 261.6 265.1 268 270.3 271.6 271.6 270.7 269.8 268.2 267 267.2 265.9 262.6 259.2 254.6 249.8 244.7 241 239.5 233.4 229.7 231.9 236.6 241.4 245.3 242.9 235.8 227.9 217.6 209.1 202 197.8 195.9 194.8 195.1 212 222.3 227.4 230.4 231.4 228.2 219.4 214.6 214.7 221.7 227.8 229.2 228.9 225.3 222.7 221.7 219.2 217.8 216.9 219.6 224.3 224.6 222 222.4 216.9 216.9 216.9 217.6 225.2 229.7 236.4 243.3 249.5 255.6 261.9
239.9 236.3 236.9 243.7 247.2 248.9 251.4 253.3 254.9 259.2 263.4 266.8 269 270.4 270.6 270.9 270.2 269.3 269.7 269.7 268.7 265.9 261.5 255.7 250.7 244.7 239.8 237.5 237.4 241.2 244.3 247.2 250.3 254.1 251.5 245.6 237.5 225.7 215 208.7 202.2 196.6 194.5 193.9 205.8 217 222.1 225.1 225.7 221.7 212.4 211.1 214.8 223.6 229.7 230.1 229.2 225.2 221 216.9 216.9 216.9 216.9 216.9 217.9 216.9 216.9 216.9 216.9 216.9 216.9 218.5 227.3 233.5 239.4 245.7 251.9 258.2 264.8
235.8 235.2 236.5 241 243.8 245 246.2 248.8 253 257.3 261.3 264.4 266.9 268.7 269.2 270 270.4 270.9 271.2 270.8 270.2 268.4 264.1 258.4 252.6 247 240.6 241.1 245.8 250.9 254.4 257.3 260.1 260.8 258.8 253.6 245.3 234.3 224.2 213.5 206.8 198.2 194.9 194.8 200.8 211.5 217.2 219.8 218.8 212 207.8 210.1 216 226.3 230.5 230.1 227.9 224.4 218.2 216.9 216.9 216.9 216.9 216.9 216.9 216.9 216.9 216.9 216.9 216.9 216.9 220.6 229.5 235 240.8 247.1 253.5 261.2 269.1
233.7 233.8 234.7 238 239.4 241.1 243.2 246.6 250.8 255 258.5 261.8 264.3 266.4 268 269 269.8 271.1 271.8 271.6 271.3 269.9 267.1 262.1 257 251.7 245.4 245.3 251.7 256.5 260.1 263.2 266 266.4 264.5 259.8 252.4 241.6 229.9 219.4 210.4 199.9 194.9 194.4 194.2 204.1 210.4 211.9 207.5 204.6 207 210.7 220.8 229.1 230.5 228.5 225.9 223.3 216.9 216.9 216.9 216.9 216.9 216.9 216.9 216.9 216.9 216.9 216.9 216.9 216.9 225.3 230.6 236.2 242.5 250.6 258.2 267.4 275
