app/static/ascii/SX28.asc
ncols 200
nrows 200
xllcorner 220000
yllcorner 80000
cellsize 50
[rows 35 to 69 of 200, columns 79 to 157 of 200]
144.9 142.3 138.2 132.8 127.8 121.9 117.1 127 132.1 134 134.4 133.5 132.2 130.7 128.6 126.6 123.6 120.6 125.1 129.2 132.6 134 134.7 134.7 133.6 132.5 130.6 128.8 123.8 120.1 114.2 105.9 103.8 111.9 114.8 114.5 113.7 112.9 112.5 112.6 113.3 110.7 99.4 99.7 112.3 120.9 126.2 127.9 128.5 128 128.2 128.8 129.1 128.5 126.5 124.2 120.8 116.4 110.5 104.8 98.1 92.7 95.1 94 92.6 91.4 89.7 85.5 84 82 79.4 77.9 78.1 77.4 77.4 77.2 77.2 78.5 79
146.2 142.3 138.9 132.1 126.5 120.7 121.9 131.5 136.2 138.2 138.5 138.2 136.1 133.4 130.8 127.3 125.7 124.9 126.7 130.4 133.4 135.6 137 136.4 135.1 133.5 130.8 127.3 124.6 119.2 112.7 105.3 109.5 116.4 118.2 118.6 117.9 117.9 117.4 118 117.4 114.2 102.9 103.1 117.1 124.8 129.7 131.2 131.4 131.3 131.2 131.7 132 131.6 130 128.1 125.9 119.5 112.7 107 99.6 95.6 98.8 98.1 97 95.8 92.7 88 86.3 87.2 82.8 79.9 78.6 76.6 77.4 77.1 77 77.1 77.2
144.8 142.5 136.9 130.8 124.6 121.1 127.9 135.5 139 141.5 141.6 139.7 138.2 135.8 131.9 131.3 129.9 129.5 130.2 132.2 135.2 136.6 138 137.5 136 134.5 131.9 127.7 123 118.7 112.7 106.5 113.9 119.1 120.5 121.4 121.5 121.9 122.1 121.7 120.8 117.1 106.5 101.8 116.6 126.7 131.4 132.3 133.2 133.5 134.1 134.3 133.9 132.9 131.8 129.6 126.8 121.5 115.5 110.1 101.6 98.2 102.5 103.7 103.3 101 95.3 92.3 90.5 94.5 93.4 88.5 82.6 79.2 77.8 77.1 77.1 76.9 77
141.7 137.8 132 127.5 125.5 126.3 134 138.1 140.5 142.9 143 140.8 140 138.1 137.8 138.8 137.3 135.5 134.1 135.2 137 138 137.2 136.4 135.2 133.4 129.5 126.3 122.7 118.6 113.3 108.7 114.4 118.8 121.6 122.9 123.9 124.4 125.9 126.6 124.7 119.8 109.2 102.8 115.6 125.3 130.3 133.2 134.3 136.5 138 136.6 135.4 133.9 131.7 129.3 126 122.5 118.5 111.8 103 99.5 103.3 106.6 107.6 104.2 100 96.9 97.1 99.4 98.7 94.3 90.6 90.6 86.3 78.1 77.2 76.8 76.7
138.4 134.4 132.3 129.1 127.9 133.4 138.6 141.1 143.5 144.9 144.2 142.6 142.2 140.4 141.5 142.9 142.8 141.6 139.8 139.6 139 138 137.2 134.4 133 129.4 125.4 123.7 119.8 115.8 111.2 111.9 116.1 119.5 122.4 123.8 124.6 126.4 127.9 127.5 127.8 123.6 114.3 104.2 116.8 124.3 129.7 132.9 135.5 138 141.1 139.1 136.3 133.9 131.4 127.5 123.9 120.5 118.6 110.9 102.6 104.4 106.4 107.7 109.4 107.1 105.6 103.3 104.8 104.9 103.3 101.1 98.8 99.4 96.7 86.8 80.9 77.5 76.1
138 135.7 139.1 131.6 130.4 137.2 141.3 143.8 145.9 146.8 146.3 145.7 144.4 143 144 144.4 145.1 144.8 143.9 142.8 141.5 139.6 137.6 135.1 130 125.4 123.3 120.2 117.6 116.3 115.1 115.3 118.2 120.9 122.9 124.6 125.1 126.4 126.8 126.4 124.5 120.9 112.9 104.7 116.2 122.2 128.5 132.9 135.7 138.3 141 138.3 136 133.7 131.2 128.1 123.8 120.6 115.9 109 105.6 108.9 109.9 108.8 109.2 108.8 109 107.8 109.1 108.8 107.4 105.2 103.9 103.7 103 100.5 94.7 87.3 79.3
141.3 137.7 135.2 133.4 135.8 140.1 142.9 145.4 147.4 148.2 148.2 147.2 145.9 144.8 144.2 145.3 146.4 147 145.9 144.9 143.9 142 139.9 137.4 134.4 131 127.9 124.6 122.2 120.3 119.2 118.7 119.3 121.9 123.9 125.6 125.6 125 124 122.4 120.6 117.9 111.7 106.6 112.6 118.8 127.1 133.8 136.7 138.8 140.3 139.2 136.3 133.9 132.2 128.7 125.7 120.9 115.9 111.7 108.4 112.7 112.5 111.5 111.1 111.4 111.6 110.7 112.4 111.7 109.8 107.7 105.7 105.7 105.9 104.2 101.3 97.2 91
144.7 140.9 138 139.6 137.8 141.1 144.2 146.6 147.5 148.2 148.5 147.5 146.2 144.8 143.7 145.2 146.7 147.8 147.4 146.4 146.6 146 144.9 143.2 141.1 139.3 136.2 134.1 132.2 130.2 127.1 124.5 123.3 124.3 125.6 126.4 125.7 124.7 122.4 119.8 117.4 114.9 110.1 108.3 113.2 117.5 124.9 132 136.8 139.2 139.4 138.4 136.5 134.8 133 130.7 126.6 122.5 115.9 112.9 112.8 114.9 114.5 113.8 113.3 113.5 113.3 113.7 113.6 112 109.9 108.4 106.9 107.1 107.8 107.1 104.7 100.9 97.4
147.5 144.1 141.5 141.3 141.1 142.4 145.5 146.4 147 147.5 148.1 146.7 145.3 143.7 142.8 143.7 144.3 145.5 147.2 148.3 148.2 149.1 149.3 147.8 147.2 145.8 144.5 142.8 140.5 138.5 136 133.4 130.8 129.2 129.6 127.8 127.2 124.7 120.4 119.2 116.1 112.9 110.7 110.6 114.1 117.9 122.6 127.7 132.9 137 138.8 139.1 138.4 136.1 134.1 130.8 127.1 124.1 118.2 118.4 117.6 116.8 116.3 115.9 115.4 115 114.7 114.4 113.3 111.4 109.3 107.3 105.9 105.5 107.6 107.9 106 103.4 100.3
150 147.1 146 144.8 144.5 144.9 146.2 146.4 146.8 146.9 147.3 146 144.2 142.3 140.8 139.8 140.5 141.5 143.5 146.9 148.6 149.7 150.4 151.1 150.6 150.7 150 149.1 147.6 145.8 143.5 141.5 139.1 137.3 136.4 133.8 129.5 127.7 124.2 121.9 118.1 114.5 112.5 112.6 114.6 119.4 123.5 127.3 131.3 135.8 138.8 140.7 140.6 138.7 135.1 131.7 128.7 125.9 124 121.7 119.4 118.7 118.1 117.2 116.2 115.2 116.1 115.2 113.8 111.2 108.5 106.1 105.1 102.9 103.7 105.4 105.1 103.8 101.3
151 149.1 148 146.9 146.6 146.3 146.2 146 146.9 147.3 147.5 147 145 142.6 139.8 136.4 135.8 135.8 136.5 139 142.9 145.6 148.1 149.4 153.1 153.6 153.9 153.2 152 150.6 149.4 147.9 146.2 145.3 143.3 140.5 135.7 132.3 128.8 124.2 120.1 116.2 116.2 117 115.6 120.8 125.5 129.9 133.6 137.1 140.1 142.3 142.6 140.5 137 133.2 131.2 128.9 127.3 124.4 122 120 118.6 117.6 116.4 114.2 115.6 116 113.8 111.2 108.6 105.3 101 100.4 99.3 99.8 101.4 101.7 100.5
151.4 149.4 148.4 147.2 146 145.3 144.4 145.1 145.9 146.9 147.9 147.7 145.6 142.5 138.4 134.8 132.9 131.3 130.6 130.7 129.3 133.5 140.1 145.4 150.7 152.7 154.2 154.4 153.7 152.9 152.8 152.3 151.9 150.3 148 145.5 141.3 136.2 131.3 126.6 123.4 118.6 119.9 121.5 120.3 120.7 127.8 132.7 136.8 139.9 142.1 144 143.5 141.7 139.1 135.5 132.2 130.1 128.3 126 123.5 120.9 119.2 117.6 116 114.2 114.1 114 112.8 110.1 107.4 104.1 100.4 95.8 94.6 94.6 95.9 97.2 97.2
150.7 148.6 147.2 145.9 144.7 143.3 142.9 142.7 142.6 143.9 145.2 144.7 142.9 139.7 135.6 131.2 130.6 129.8 129.2 128.7 128.2 127.9 128.1 135.4 144.8 151.9 153.7 153.1 152.5 152 151.7 152 152.8 152.8 151.2 148.9 144.6 139.8 135.3 130.5 124.9 123 124.5 126.5 125.8 125.6 127.3 134.8 139.1 142.5 144.5 145.5 145.7 144.3 141.7 138.3 134.5 131.8 129 126.4 123.3 120.8 118.5 116.1 113.7 112.3 112.3 112.3 111.4 108.8 105.6 102.4 99.4 95.4 91.5 90 89.4 91.1 91.7
149.5 147.1 145.8 144.2 142.5 140.9 140.3 140.3 140.4 140 140 138.9 134.6 131.7 130.6 129.8 129.7 129.9 129.3 128.7 128.3 127.8 126.9 127.6 134.9 149.2 154.8 153.9 152.1 150.9 150 149.8 150.5 150.7 151.3 150.1 147.3 142.8 138.3 133.9 129.9 128.5 129.9 132.4 132.6 129.7 128.2 135.5 141.1 145.1 146.4 147 147.5 147.5 144.8 141.7 138.7 135.6 131.8 127.3 123.7 120.5 116.8 114.1 111.7 110.3 110.1 110.6 109.8 107.3 104.1 100.8 97.1 93.1 89.7 88.3 86.9 85.2 83.5
148.7 146.3 143.3 141.1 139.8 138.4 137.3 137.1 136 133.6 133.2 132.5 131.9 131.2 131.2 132.5 137 141.7 143.5 140 136 131.1 128.2 126.5 126.1 136.1 152 154.4 152.6 150.8 148.1 147.5 148.2 148.6 149.9 151 148.9 145.8 141.5 138.8 137 135.5 136.8 138.9 139.6 137.7 134.6 135 142.9 147.2 148.5 149.1 149.6 148.6 147.7 146.2 143.7 139.2 134.3 129.7 124.8 121.1 116.6 113.8 111.2 108.8 107.8 108.2 107.3 105.6 102.6 98.1 93.8 93.3 92.8 91.1 90 88.1 85
148.3 146 143.1 140.2 138.2 135.9 134.7 133.8 134.3 134.6 133.3 134.4 134.7 137.2 142.6 148.1 153.8 155.9 153.9 149.7 147.6 144.7 139.7 131.3 127.3 125.5 130.9 138.3 142.8 149.2 147.6 144.7 144.2 144.8 149.7 152.3 150.9 148.3 145.3 143.5 141.8 141.7 143.1 145 145.6 144.2 141.4 138.8 142.6 148.8 150.9 151.7 151.1 150.3 149.4 148 145.4 141.6 136.7 131.7 126 121.5 117.4 114.4 111.6 108.8 106.6 104.8 104.1 103.1 99.9 96.5 97.3 97.1 95.8 93.6 91.7 90 87.6
148 145.8 142.7 139 136.8 135.2 134.5 134.3 134 134.8 135.5 139.8 145.9 150.9 155.6 159.4 161.3 163.3 163.1 159.1 157.7 154.5 150 143.3 133.1 128.3 125.4 125 128.5 138.4 143.7 142.9 140.5 139.3 146.7 150.8 151.3 150.1 148.6 147.2 146.7 146.3 147.7 149.8 150.4 149.3 146.4 143.6 144.4 149.8 152.5 154.3 152.9 151.9 150.2 148.4 146.5 142.4 137.7 132.5 127.4 122.6 118.4 115 112.2 109.5 107 104.7 102.4 101.5 100.3 100.4 99.7 97.4 95.5 92.7 91.1 89.6 87
147.6 144.6 140.7 136.6 134.9 135.5 135.8 136.2 137.3 139.5 143.6 149.6 154.9 159.7 163.8 166 167.3 169.5 172.3 171.9 166.7 162.8 159.1 154.4 146 137.4 130.6 125.9 124.1 124.9 135 138.5 137.3 136.9 140.6 146.7 149.2 149.1 148.8 148.8 148.9 149.6 151.8 153.5 154.1 152.3 149.9 147.3 147.3 150 152.7 155.2 153.8 151.4 148.9 146.1 145 142.3 137.6 133.6 128.7 124 119.5 116.2 113.2 110.2 107.6 106.1 106.2 106.4 105.4 103.3 100.9 97.9 95 91.8 89.7 87.8 85.6
145.7 142.3 137.7 136.4 136.7 137.2 137.7 138.8 140.2 143.1 149 155.7 161.2 165.7 168.8 170.5 172.5 175.5 178.7 180.5 179.9 175.5 168.5 163.8 157 149.6 143.7 136.2 128.5 124.9 122.8 130.8 132.9 131.6 133.5 139.5 143.5 144.4 145.3 147.6 148.3 149.1 151.5 153.8 155.6 154.7 152.4 150.1 149.2 150.4 151.2 152.1 151.6 150.7 146 143.2 140.9 138.2 135.6 132.9 129.8 125.9 120.6 117.5 114.3 110.4 108.8 107.9 108.9 110 108.3 105.6 102.5 99.2 95.7 92.3 89.3 86.3 84.3
141.4 137.8 137 137.6 138.3 138.8 139.6 141.3 143.6 147.4 153.5 160.6 167 170.9 173.4 175.5 177.5 181 182.9 188.3 189.5 186.8 181.9 173.8 166.2 160.6 151.9 143.3 136.5 130.3 125.1 122.5 125 126.1 127.5 131.5 136.3 138.1 138.7 141.9 145.1 147.2 149.4 152.2 155.6 155.7 153.5 152.1 150.9 150.8 150.9 149.5 148.1 147.2 142.8 139 136 133.7 132.7 131.5 129.5 125.4 120.8 117 113.1 109.9 109 108.5 109.5 111.4 110.8 107.9 104.3 100.5 96.4 93 89.8 85.7 84.4
138.8 137.8 137.9 138.7 140.6 141.2 142.6 144.7 147.3 152.4 160 166.3 171.2 174.8 177.1 179.6 182.1 184.3 186 191.1 194.9 193.3 188.8 183.3 176.4 170.5 163.2 155.1 142.7 134.9 128.8 124.9 122.7 123.3 123.2 123.4 127.3 130.4 131.7 135.2 139.1 141.9 144.8 148.2 151.4 153.2 152.7 152.7 151.6 150.9 150.5 148 146.1 143.4 139.1 134.8 130.8 129.5 127.6 126.6 125.1 121.1 117.9 114.2 110.8 108.1 107.6 108 110 112.4 112.2 108.6 104.4 100 95.9 92.3 88.7 85.8 85.2
139.1 138.9 139.6 141.4 143.6 145.2 148.7 151.8 154.4 158.3 165.3 170.6 174.8 178.4 180.9 183.2 185.4 187.6 188.8 191.1 197.7 198.1 195.6 190.2 184.7 179.4 172.4 166.1 154.3 142.1 133.4 127.6 125.8 122.1 121.6 121.6 120.9 121.4 123.6 127.2 131 134.6 137.4 140.7 143.1 146.9 150.7 151.6 151.5 151.4 149.3 146.4 143.6 139.1 135.8 131.6 127.8 125 122.1 121 119.7 116.8 113.7 110.4 107.4 105 103.5 103.6 106.2 108.7 108.9 106.7 102.1 98.7 95.2 91.5 88.4 86.2 86.2
140.2 141.4 142 144.1 146.8 150.3 154.7 158.5 161.9 165.9 170.3 174.5 177.9 180.5 182.7 185.9 188.5 190.8 192.5 197.1 202.3 202.5 199.6 195.4 189.6 184.9 179.7 172.6 163.9 154.3 142.6 135 131.5 126.5 125.4 123.4 121.7 120.4 119.4 120 120.8 124.5 127.8 128.9 133.2 138.7 144.5 148 150 150.8 150.5 146.4 141.8 135.2 131.7 129.3 126 121.1 119.5 115.6 112.5 109.7 109.4 106.3 103.1 102.3 100.3 98.3 99.5 101.8 102.9 100.1 95.9 93.5 90.2 89.3 88.4 87.9 87.4
143.7 143.3 143.6 145.9 148.7 153.6 159.5 164.2 167.2 170.4 173.7 177.4 180.4 182.3 184.4 187.8 190.8 193.8 196.6 203.2 207.5 206.9 204.2 200 194.9 190.5 185.8 179.4 170.9 162.3 154.2 147.7 142.3 136.7 130.2 127.7 125.8 124 122.2 120.3 118.6 118.7 118.7 120.6 122.7 125.5 132.2 139.4 146.6 149.2 150.4 148 145.3 142.3 138.9 136 131.9 127.8 124.4 119.5 116.5 114.6 111.4 108.4 107.2 105.2 101.5 99.2 98.5 96.9 97.2 96.9 95.3 94.4 92.1 91.7 91 90.4 89
146.9 145.8 145.2 147.9 151 156.6 163.4 168 171.6 174.7 177.6 180.2 182.2 184.2 186.2 189.1 192.7 195.9 201.1 207.7 211.4 211.3 210.2 206.8 202.3 199 192.8 186.5 177.8 170.1 163.1 158.2 153.7 148.3 136.8 133.3 132.9 128.9 126.5 123.7 121.6 119.8 117.1 116.9 116.6 117.3 119.6 128.7 140.4 147.3 149.1 148.5 146.3 143.9 140 138.4 135.3 131.1 126 121.7 119.6 117.2 113.9 111.3 110 107.6 103.5 102.4 103.6 103.3 102.9 101.9 99.5 97.5 95.2 94 93 91.7 90.3
149 147.5 147.4 150.3 153.8 160.7 166.5 170.9 174.5 177.5 179.9 181.6 183.5 185.6 187.4 189.8 193.7 197.6 205.2 212.7 214.6 214.7 214 212.1 208.4 204.8 199.1 193.2 185.5 175.8 169.6 164.7 160.5 151.3 142.1 142.5 140.2 137.3 132.6 128.4 124.3 122.3 121.2 118.7 116.7 114.7 116.5 120.2 130.4 142.2 148.2 148.1 145.7 143.5 140.7 137.2 136.7 133.4 128.3 124.8 121.7 118.6 116.4 114.5 112.8 109.1 106.1 106.6 108.8 109.9 108.5 106.4 104.1 101.7 98.7 96.6 94.7 93.2 91.7
151.9 150.5 149.9 153.3 157.1 163.6 169.1 173.5 176.8 179.5 181.5 182.5 182.8 184.3 185.6 188.7 193.3 199.5 207.4 214.1 216.6 216.9 216.1 214.5 212.1 207.5 202.5 196.5 189.9 182.4 175.2 169.2 162.9 154.6 148.7 148.6 145.8 141.7 137.6 133.8 127 126 128.6 128.5 123.8 119.4 115.8 115.7 121 133 143.3 145.9 143.9 142.1 140.4 138.7 137.3 134.8 131.2 127.1 122.9 121.1 120.6 118.3 115.4 111.4 111 111.8 112.7 113.6 112.6 110.6 108.4 106.2 102.7 99.4 96.7 94.6 93.2
155 156 154.7 153.5 159.3 165.6 171.2 175.1 178.7 181.1 181.9 182.5 182.8 182.5 183.8 187.1 192.5 199.8 210.3 215.8 217.6 218.4 218.1 216.4 213.7 209.5 204.5 197.1 190.7 183.7 176.1 169.7 163.2 157.5 154.7 153.6 149.5 143.6 136.4 130.9 130.5 131.6 135.7 134.6 130.8 124 119.1 114.7 115.6 124.3 136.6 141.7 140.8 139.8 139 138.3 137.2 136 133.5 128.8 126.7 125.6 123.8 121 117.6 114.3 115.9 117 117.3 117.3 116.5 114.7 113.2 109.9 106.6 103.2 100 97.1 95.2
158.6 161.1 159.4 158.1 160.4 166.2 171.7 176.1 179.7 181.5 181.4 181.4 181 180.4 181.7 185.1 190.2 197.9 213.1 217.3 218.2 218.6 218.8 217.3 214.3 210.1 203.9 195.9 190.4 182.6 175.6 169.1 164.1 160 157.6 155.2 147.1 137.4 137.6 138.6 137.9 139 140.6 137.6 133.6 128.7 123.7 117.6 113.9 118.1 129.2 136.5 137.3 137.3 137.4 137.4 137.1 136.5 135.3 133.3 130 129.1 126.4 123.6 120.1 118.9 121.1 121.7 121.6 121.5 122.6 120.4 117 113.6 110.4 107 103.8 100.4 97.6
161.7 164.4 164.8 163 162.2 167.5 172.6 176.3 180.1 182.4 182.2 181.7 179.8 176.9 178.9 181.8 186.5 195 212.6 218.3 218.6 218.4 218.2 216.6 213.4 209.2 202.7 195.9 189.1 180.8 175.3 169.1 164.1 160.8 156.9 147.3 144.6 146.7 145.7 144.6 144.6 144.7 144.4 140.8 136 131.1 126.6 120.1 115.7 114.4 121.6 131.5 133.4 134.9 136.4 136.4 136.3 136.3 135.7 134.2 132.5 131 128.2 126 124.4 122.6 125.2 126.2 126.5 126.6 127.4 127.5 123.8 119.6 114.9 110.2 106.2 103.5 101.8
165 166.8 168.4 167.9 166 167.8 173.1 175.9 179.5 183.5 184 181.7 179.2 176.7 176.7 178.4 182.7 187.8 207.5 216.2 217.4 217.1 216.7 214.8 211.3 207.5 202.2 194.2 186.4 180.1 175.3 169.7 163.2 158.6 150.6 152.2 152.7 153.2 152.9 151 150.1 148.4 146.1 142.2 137.8 133.3 128.7 123.9 117.8 114.9 114.1 122.9 129.6 133.5 135.9 135.9 135.2 134.5 134.1 133.8 132.5 130.9 129.7 127.7 125.9 126.8 127.3 128.6 130 130.9 132.4 133.1 131 124.8 119.1 113.6 109.7 104.3 102.1
167.9 168 169.7 170.7 170.1 168.9 172.3 175.5 178.7 181.6 183.6 182.3 178.8 175.5 174 176.1 179.3 185.1 202.2 213.5 215.6 215.7 214.8 212.6 209.1 205.5 199.9 191.8 185.2 179.9 175.8 171.8 165.6 156.2 157.1 158.8 158.8 158.1 156.6 154.5 151.9 149.2 145.5 142.1 138.8 134.7 130.6 126.2 120 115.9 113.3 117 124.9 131.1 135.3 135.1 132.4 131.5 131.4 131 130.5 130.1 129.2 128.4 126.9 128.6 128.6 130.1 132.2 133.6 135.8 136.7 133.2 126.7 122 116.8 112.4 109.7 108.4
170.5 169.9 171.4 172.8 172.4 171.4 172.1 174.5 176.5 177.3 180.5 180.6 178.5 174 172.6 173.3 176.3 183.8 203.8 212.1 213.8 213.8 212.6 210.4 207.3 203.2 198.5 192.1 185.9 181.3 177.4 173.5 167.8 159.4 162.6 162.6 162.7 161.3 158.6 155.9 151.9 148.3 144.3 139 134.6 132.7 131.2 125.6 120.1 118 114.8 113.4 117.9 125.4 129.3 130.7 129 128.7 128.6 128.2 126.7 127.2 127.5 127.5 127.5 127.1 129.6 131.1 132.4 134.1 135.7 135 130.7 126.8 122 118.7 114.6 113.6 110.7
173.8 172.4 173.5 174.2 173.3 172.1 172.6 174.1 176.3 176.4 177.9 177.9 176.5 171.8 168.6 170.4 173.4 184.1 199.9 210 212.1 211.7 210.7 209 206 202.4 197.8 193.2 187.3 182 177.9 173 166 164.8 166.3 166.3 164.9 162.8 159.8 156.3 150.9 147 140.2 137.8 135.9 133.1 130.6 128.9 126.8 122.6 117 113.2 112.3 115.9 120.1 122.7 122.7 123.1 123.6 123.3 123 123.6 123.6 124.4 125.4 126.7 128 130.6 130.9 132.5 132.8 131.2 127.9 125.6 122.5 119.5 117.3 115.2 113.5
176.9 175.3 173.8 173.8 172.6 172.7 172.5 173.7 175.7 175.6 175.6 175.2 172.4 167.8 166.3 167.3 172.1 186.3 202.6 208 209.8 209.6 208.4 207.3 204.8 200.8 196.9 192.8 187 182.1 178.3 175.4 170.9 171.5 170.3 168.5 166.7 163.7 160.9 156.5 151.3 146.2 143.5 141.3 140 137.6 135.8 133.6 130.3 126.4 120.5 115.4 112.3 111.7 114.6 115.8 116.7 116.3 117.1 117.5 117.8 118.7 119.7 120.6 120.8 124 126.3 130.8 132.2 131.7 130.8 128.5 125.1 123.5 121.9 121.1 119.1 117 114.8
