app/static/ascii/SX36.asc
ncols 200
nrows 200
xllcorner 230000
yllcorner 60000
cellsize 50
[rows 74 to 110 of 200, columns 0 to 82 of 200]
135.4 135.8 136.1 133.8 130.8 127 122.2 116.3 110.8 109.6 110 111.6 116.9 125.6 133.8 140 145.7 150.8 155.6 159 161.4 162.4 162.5 160.6 157.4 152.9 150.1 150.5 146.9 136.4 128.1 140.7 152 156.7 160 162.2 162.2 159.6 155.6 150.5 142.7 134.7 145.2 149.8 152.3 153.8 153.6 151.3 147.1 140.4 132.6 126.8 119.7 112.5 107.9 104.8 102.5 98.8 93.4 85.2 75.2 60 57.6 51.3 54.8 66.7 84.2 93.3 97.5 99.1 99.2 98.5 97.4 96.1 94.3 92.8 91.4 89.7 87.3 84 80.2 75.4 68.6
130.1 131 132.2 130.1 126.3 121.4 116.8 112.1 107.2 106.3 111.9 119.5 125.1 128.7 133.8 139.7 145.6 151.4 156.2 160.2 163 164.4 164.4 162 157.8 149.9 143.1 143.5 140.1 129.8 133.2 147.4 153.2 157.3 161 163.4 163.3 160.9 157.5 153.3 147.1 142.2 147.1 151.6 154.2 156.6 156.9 154.2 150.2 143.7 133.9 124.7 119.8 114.8 108.4 99.2 90.3 83.9 78.3 72.9 74.3 76.6 69.4 55.6 49.7 60.6 80 90.2 94 95.8 96.2 95.6 94.4 93.2 92.4 91.2 89.7 88.2 85.9 82.8 78.9 74 68.7
123.6 125.7 127 125.6 121.9 115.3 109.8 105.2 104.2 109.5 118.5 125.8 129.8 133.4 136.9 141.4 146.7 152.5 157.6 161.3 165 166.6 166.4 164.2 160.6 154.5 145.9 138.4 132.1 124.6 136.5 147.1 152.2 156.3 159.9 162.2 162.2 161.1 158.4 155.1 151.8 149 149.9 153.3 156.1 158.5 158.6 157 153.9 148.5 141.2 136.4 130.1 126.6 119.1 109.9 99.6 91.7 91.9 92.3 92.6 87.5 77.6 61.6 47.2 57.4 78.1 85.8 89.2 91.5 91.5 90.8 89.5 88.3 88 86.9 85.9 84.6 82.9 79.8 76.9 72.7 68
115.9 119.2 121 120.7 117 110.6 103.6 102.3 107 114.8 123.3 128.3 132.3 135.6 139.5 143.7 149 154.3 158.3 161.1 163.6 164.6 165.6 164.9 162.3 158.7 154 148.6 138.8 123.7 136.1 144.1 148.9 153.7 157.7 160.6 161 160.9 159.2 157.3 155.2 153.4 153.7 155.4 157.7 159.5 160 159.3 157.1 153.8 149 144.3 140.4 134.3 127 115.9 108.8 108.4 108.7 106.1 98.5 89.3 79.6 67.1 46.8 58 75 81.1 83.4 84.8 85.3 84.4 82.6 82.1 82.2 81.7 80.6 79.2 77.7 75.1 72.5 71.3 68.6
102.6 110.1 112.6 111.5 105.1 100.2 103.1 111.1 116.7 121.6 126.6 130.8 133.9 136.9 141.3 145.6 149.9 153.7 156.9 159.1 161 162.5 163.4 163.7 162.4 159.9 156.9 153.6 144.9 127.3 129 138.2 143.7 149.7 154.6 158 159.7 160.2 159.5 159.1 158 157.6 157.9 158.8 159.5 160.2 160.7 160.3 159.7 157.6 154.4 151 147.1 141.9 136 128.8 126 123 119.6 112.7 102.8 89.6 76.8 64.4 48.8 55.3 69.3 73.5 75.8 76.6 76.5 75.1 73.7 73.3 73.6 74.7 74.7 74.1 71.9 68.5 66.3 66 66.1
90.9 94.6 98.3 98 97 104.3 114.5 122.4 125.3 127.7 130.1 131.9 135 137.8 141.3 145 148.7 151.3 153.9 155.9 157.8 159.5 160.5 161.4 161.3 159.7 158.9 156.7 151.9 140.7 126.6 127.2 134.7 144.9 150.8 154.3 157.6 159.5 159.7 159.5 159 158.8 158.9 159.5 160 160.6 160.7 160.5 160.1 160 157.5 155.2 152.9 148.9 145 141.9 139.5 136.4 131.3 123.3 112.9 100.7 86.6 70.7 52.4 49.6 57.9 62.6 66.9 67.8 66.6 65.4 63.2 62.4 62.9 63.2 64.8 65.6 63.7 59.9 54.9 52.3 54
99.1 99 96.6 99.5 107.6 116.4 122.2 126 127.4 128.7 129.9 132.1 133.6 135 137.4 141.1 144.2 147.2 150.1 152.3 153.9 155.6 156.7 157.8 158.3 158.3 157.8 156.3 154.1 148.8 136.5 126.6 123.7 137.1 146 149.8 153.5 156 156.4 156.7 156.7 157.1 157.6 158.2 158.8 159.5 160.2 160.7 160.6 160.7 159.8 157.8 155.8 153.9 151.4 149.5 147.8 143.9 138.9 132.1 123.6 114.6 101.1 82.8 63.9 49.6 44.3 47.1 52 52.8 52.1 53.3 53.1 53 52.8 52.6 53.5 54.8 54.5 47.4 39.9 36.4 35.4
117.3 118.8 112.9 115 120.3 126 126.7 126.4 126.7 126.8 128.4 129.9 130.8 131.5 133.2 136.1 138.4 140.8 143.6 146.6 149.4 151.1 152.7 153.8 154.3 154.7 154.5 154.5 153 149.6 146 137.5 123.1 123.6 137.4 144.4 148.3 150.7 152.6 152.9 153.4 153.7 155 155.5 156.7 157.7 158.5 159.5 161 161.1 161.2 160.3 158.5 157 155.6 153.8 151.4 148.7 144.9 138.2 130.6 123.3 114 97.5 80.7 69.5 59.3 52.4 47.4 43.3 39.5 41 41.6 43.4 44.6 43.3 43.8 42.8 39.9 34.6 38 40.6 41.2
130.7 131.1 130.6 129.7 128.8 128.8 128.3 126.5 124.6 123.6 123.7 124.9 126.2 127.2 128.6 130.8 132.9 135.3 138 141.6 144.7 146.8 148.4 149.6 150.1 150.6 150.7 150.7 150.7 149 147.2 144.1 134.4 121.2 123.1 134.1 139.8 143.6 146.2 147.7 149.1 149.8 150.9 152 153 154.1 155.9 158.1 160.3 161.2 161.1 160.6 160.2 159.7 158.2 156.5 154.1 151.4 148.5 144.3 138.5 131.4 122.4 111.8 101.5 88.8 78.8 70.6 67.3 62.9 56 48.7 44.2 40.3 38.8 41.9 39.4 38.1 39.5 51.1 54.8 53.8 52.1
135.9 134.9 135.7 134 131.3 129.2 127 125.2 122.9 119.8 117.5 117 118.5 120.5 123.3 126.2 128.3 131 134.2 138.4 141.6 143.6 144.7 145.5 146.1 146.7 146.7 146.7 146.8 147.1 146.2 144.5 141.1 131.3 117 115.8 121.4 127.7 132.9 139.8 143.5 145.4 146.5 147.2 148.1 149.5 152.4 156.3 159.1 160.6 160.8 160.4 160 159.6 159.6 158.7 156.7 154.1 150.9 147.1 142.8 137.1 131.1 123 114.6 105.5 95.6 88.5 81.8 77.6 71.7 64.2 55.2 45.9 47 54 54.4 50.6 49.6 59.5 63.4 64.2 64.8
134.9 134.9 133.9 132.7 130.1 127.8 125.7 122.9 120.2 116.9 113.3 110 110 112.3 116.1 119.8 122.2 124.9 131 136.4 139.5 142 143.1 143.7 143.5 142.8 142.8 142.6 143.1 143.8 143.7 143.3 141.5 138.1 128.8 121.7 117.2 110 114.1 123.3 131.3 137.5 139.8 140.5 141.2 143.4 150 155.2 158 159.8 159.8 159.5 159.7 159.3 159.2 158.9 157.4 155.7 153 149.8 145.7 140.7 135.2 128.9 121.4 113 104 95.8 90.5 85.4 78.6 70.8 61.9 49.4 50.3 55.3 57.3 52.9 55.9 62.9 69.2 72.6 73.6
133.2 132.6 131.7 129.9 127.7 125.2 122.7 120 117.4 114.8 111 106.5 104.8 106.5 108.8 112.3 117.1 122.6 129.3 135.6 138.7 141.2 142.1 142.7 142.1 141 139.2 138.5 139.3 140 140.7 140.7 140.3 139.6 137.5 133.6 129.4 119.6 113.9 106.8 115.2 123.3 129.8 128 134.7 143.5 149.7 153.8 156.8 157.7 158 157.8 158.3 158.7 158.4 158.1 157 155.5 152.9 150 146.8 142.7 137.9 131.6 125.4 118 109.9 101.3 93 85.5 79.3 70.3 59.3 46.1 49 53.9 55.7 53.6 57.6 63.4 70.2 76 77.5
130.6 129.7 128.6 126.5 123.4 120.2 117.4 115.8 114.7 113.4 108.6 101.8 108.3 111.3 113.2 115.6 117.4 120.7 128.5 134.7 137.8 140.3 141.1 141.4 140.6 139.3 135.7 134.1 134.8 135.6 136.4 137.5 138.1 138.2 138.1 137.2 135.5 132.5 127 118.1 105.3 110.7 117.7 129 138 142.9 147.5 151.3 153.5 154.9 155.6 155.9 156.2 156.5 157.3 156.9 156.1 154.6 152.3 150 146.6 142.9 138.6 132.1 125.5 119 111.4 101.8 87.9 77.4 67.5 57.2 53.2 54.5 53.8 52.1 54.6 56.1 58.3 63.9 70.9 77.6 79.3
127.4 126 124.6 122.7 119.3 115.2 111.4 109.4 109.2 107 102.3 106.5 114.7 118.7 120.6 121.2 121.6 124 128.5 133.5 137 139.4 140.1 140.4 139.1 137 133 129.5 130.4 131.3 132.2 132.8 133.7 134.4 134.6 134.6 134.5 133.4 131.1 126.6 115.3 103.2 118.2 130.2 135 139.2 143.3 146.8 149.4 151.3 151.9 152.5 153.3 154.2 155.1 155 154.3 152.8 150.6 147.6 144.2 140.4 135.5 128.5 118.1 106.5 95.2 84.5 73.5 65.5 62.9 64.4 68 63.8 59.2 55.5 58.6 59.1 62.1 66.6 72.6 78.7 80.9
123.7 122.1 120.5 118.7 115.4 110.4 105.4 102.7 102.1 97.7 109.2 118.7 123.4 124.5 125.3 126.1 126.6 129.4 131.4 134.4 137.1 139.2 139.6 139.8 138.1 136.4 131.8 128.3 124.7 124.1 125.8 127 128.2 128.9 129.2 129.4 129.6 129.4 128.2 125.3 113.9 102.4 120.7 126.7 129.9 134 137.8 141.3 144.8 147.2 147.8 148.9 149.8 150.9 152.2 152.3 152.4 151 148.4 145.6 140.9 134.2 125.6 114.5 103.7 92.3 89.9 85.6 80.8 76.7 78.6 83.3 80.2 72.8 66.6 61.4 63.3 65.1 69.1 73.9 78.6 81.6 83.2
119.7 117.9 116.4 115 111.7 106.9 100.5 97.2 92.4 106.5 120.5 126.3 127.4 128.2 128.9 130 131 132.8 134.5 136.2 138 139.1 139.5 139.6 138.7 137.1 134.5 131.6 127.4 122.9 120.6 121.2 122.1 121.8 122.1 121.5 122.3 123.4 123.2 121.1 114.2 100.7 114.3 120.8 124.6 128.5 132.2 135.8 139.2 142.2 142.8 143.9 145.7 147.4 148.6 149.5 149.6 148.3 146.7 143.7 138.1 127.3 119.8 113.4 112 112.6 110 104.1 99 97.3 97.9 98.6 92.7 83.6 76.1 69.5 69.8 74.6 80.2 84.2 87.1 87.1 86.8
115.6 113 111.3 110.1 108.9 104.3 96.9 91.2 98.2 114.4 125.7 130.3 131 131.4 132 132.4 132.7 133.3 134.5 136.3 137.7 138.7 139.4 139.8 139.8 138.9 137.4 134.4 130.2 124.4 119.9 116.7 114.8 115.3 114.7 114.3 113.7 114.2 114.5 113.3 110.7 98.4 105.7 113.9 117.4 121.4 125.2 129 132.8 135.6 137.5 139.3 141 143.2 144.6 145.4 145.7 145 144 142.5 139 132.1 128.6 127.2 127.2 125 123 119.7 115.4 113 111.8 109.3 103.7 97 90.3 82 80.6 84.7 89.3 91.3 92.3 91.7 90.5
111.9 108 104.7 105.2 105 101.8 92.5 91.8 107.6 121 126 128.9 131.9 132.9 133 133.5 133.7 134 134.4 135.4 136.6 137.9 138.7 140.3 141.5 140.4 139.3 136.2 132.1 127.7 123.1 119.5 115.9 112.1 111.7 109.6 107.6 106.3 105.9 104.7 103.5 97.1 98.3 104.5 110.2 114.1 118 121.7 125.5 128.2 130.7 133.3 135.5 137.7 138.5 139.4 140 139.9 140 139.8 138.6 136.5 135.2 134.8 133.8 132.1 129.8 126.9 124.5 123.5 120.6 117.7 114.4 112.1 104.5 99.4 97.8 98.9 97.8 96.7 96.9 95 93.3
109.1 105.7 98.9 97.3 98.2 93.7 88 102.8 115.7 121.3 124.4 127.1 128.6 130.5 132.6 132.9 133.1 132.9 132.8 133.5 134.8 136.8 138.9 140.6 142.2 142.3 141.1 138.4 134.9 130.9 127.5 124 121.8 119.1 116.5 114.3 112.4 109.1 104.8 100.7 97.7 95 95.2 99 103.7 107.6 110.7 114.8 118.8 122.6 126 127.9 130.1 131 131.9 133.1 133.7 134.2 134.8 134.6 135.2 135 135.4 135.3 135.1 133.8 131.6 130.2 128.8 128.2 127.1 124.8 123.2 120.4 116.3 112.8 112.1 110.9 108.4 104.9 101.3 98.5 96.4
109 105.2 99.9 93.8 89.5 85.8 94.9 110.8 116.3 119.5 122.3 123.8 125.3 127 129.4 130.4 130.6 130.1 129.5 130.3 131.8 134.1 136.7 139.5 141.8 143 143 142.6 140.1 136.9 132 129.5 127.1 124.5 121.5 119.4 116.5 113.3 108.8 102.9 97.3 94.4 93.7 95.4 98.8 102.2 106.1 110.4 115.5 120 123.2 124.1 124.1 123.6 123.9 124.8 125.8 127.2 128.1 129.4 130.3 131.4 132.5 133.1 133.3 132.9 131.6 130.2 130 131 131.6 130.9 129 127.5 125.1 122.9 120.5 118.4 115.8 111.3 107.4 102.4 98.9
109.4 106.1 103.1 97.8 90.9 83.2 94.3 107.3 112.6 115.9 118.6 120.2 121.9 123.5 126 127.7 127.8 127.1 126.3 127.1 129.7 132 134.4 137.2 139.9 142.1 142.8 143.3 142.2 140.1 136 133.5 130.6 127.8 125 120.8 116 111.7 106.7 100.6 97.5 95 91.3 93.4 95.7 99.3 104.2 109.4 114.3 118.9 121.2 122.5 121.2 117.9 114.4 114.1 116.3 118.6 120.8 122.2 123.3 125 127 128.8 129.5 128.9 128.1 127.7 127.6 129.5 132.8 134.5 133.6 131.8 130.1 128.9 127.1 124.3 120.9 116.6 111.9 107.1 102.3
110.2 106.5 103.3 99.3 93.3 83.3 90.6 102.9 107.4 110.8 113.7 115.8 117.5 119.3 121.9 125.3 125.5 125 123.9 126.3 128.9 131.4 133.9 136.4 138.6 140.9 141.8 142.9 142.8 141.8 139.6 136.9 134 130.7 126.3 121.9 116.8 111.1 105.8 101.2 98.1 95.6 92.3 91 93.6 98 103.1 108 112.9 117.9 120.8 121.6 120.5 116.8 111.3 105.6 102.3 107.6 109.2 111.8 114.2 117 119.9 122.3 123.8 123.8 123.5 123.1 122.5 125.5 131.6 135.1 135.7 135.3 134.3 132.8 130.4 128.5 124.1 119.7 115.1 110.6 105.9
109.7 105.7 101.5 97.2 90.7 80.4 85.9 95.8 101.1 104.5 108.2 111.2 113.2 114.9 119 122.8 123.7 123.4 122.7 126.4 130 133.6 135.6 137.6 139.4 140.7 142 142.9 143.6 142.4 141.2 139.5 137.5 135 130.9 125.3 119.8 113.3 108.8 104.5 100.2 96.5 93.4 89.7 91.7 96.5 101.6 106.6 111.4 115.8 120.1 121.6 120.3 118.2 113.1 106.8 100.7 99.2 98.4 96.4 97.4 103.5 109.5 113.4 115.6 117.2 118.3 113.5 110.6 120.4 130.1 134.8 136.1 136.6 135.9 133.9 131.8 128.8 125.1 121.1 116.4 111.8 106.6
108.6 103.9 99.3 94.1 84.6 79.9 84.8 87.6 92.2 97.9 102.3 105.9 108.3 111.8 116.7 120.7 122.5 121.8 120.7 125.1 129.3 132.1 134.4 136.7 138 139.6 141.9 143.1 143.8 144 142.9 141.8 139.9 137.8 134 130.5 126 120 113.3 108.3 103.2 98.6 95 91.6 89.2 94.2 98.9 104 109.7 114.4 118.4 121.3 122.2 120.8 117 111.4 103.9 97.6 96.2 93.2 84.9 85.5 93.9 101 106.3 109 108.1 98.6 107.8 122.5 129.7 133.5 135 135.8 135.2 133.6 131.3 128.8 125.6 121.9 117.7 112.7 106.1
105.6 101 96.4 89.4 79.3 81.4 90.2 99.8 102.9 103.8 101 101.7 105.5 110.1 115.8 119.5 121 120.5 117.6 122.8 126.6 129.4 131.9 133.7 135.4 137.4 140 142.4 144 144.6 144.8 144 142.2 140.4 136.8 133.5 130.4 127.3 121.4 113.5 107.2 101.3 97.3 93.7 89.9 90.6 95.2 100.9 107.9 113.5 118.8 122.1 124 124.2 123.3 118.4 112.7 106.3 99.5 96.1 89.3 77.4 84.1 90.6 96.1 99.7 94.6 94.3 110.8 124.1 128.5 131 132.9 133.3 133 131.7 129.3 127.2 125 121.9 118.9 113.9 106.9
102.5 98.1 92.5 81.3 75.8 85.3 96.5 107.2 111.7 111.8 110 106.2 107 112 116.2 118 119.6 118.8 115.8 119.2 123.9 126.6 128.5 130.3 132.2 134.3 137.2 140.6 143.4 145.2 146.6 146.3 145.7 142.9 140.9 137.8 134.6 131.8 127.8 121.3 113 105.1 99.8 96 91.9 87.2 91.8 99 107.4 113.8 119.1 122.7 125.1 127.4 127.8 126.5 122.6 116.8 110.5 101.9 91.4 79.6 76 86.3 92.4 93 84.6 90.9 111 119.3 124.8 127.2 128.2 128.7 128.3 127.5 126.7 124.9 123.3 121.4 119.2 114.9 108.7
98.6 94 82.5 75.8 82.7 92.8 102.7 111 117 117.4 116 114.1 114.3 115.8 117.4 118.3 118.5 117.2 113.2 115.6 120.5 123.3 125.2 127 128.1 130.5 133.6 137.1 141 144 146.5 147 147.3 145.1 143 140.8 138.5 135.8 131.9 125.4 118.9 110.7 104.8 98.9 94.3 88.7 88.6 95.7 105.8 114.2 119.2 123.2 126.4 128.8 130.7 130 127.7 123.8 116.6 108.9 99 83.4 70.2 80.8 86 85.9 79.8 93.9 106 112.8 117.7 120.7 121.9 122.2 122.2 121.9 121.5 120.7 120.2 119.4 118 115.9 111.4
93.6 85.7 74.3 82.4 94.2 102.6 108.4 112.4 115.3 116.3 116.5 116.7 116.8 117.7 118 117.8 117.6 115.5 110.4 112.3 117.7 120.2 122.1 122.8 122.6 125.6 128.8 132.8 136.8 140.2 142.8 144.8 145.9 145.6 144.7 143 141.4 139.4 136.7 132.1 125.8 118.4 110.6 104.5 97.7 90.2 86.2 92.6 102.7 113.1 119 124 127.2 129.7 131.6 131 128.1 123.8 116.7 109.2 101 89.3 74.5 72.2 79.3 78.2 76.8 89.5 98.3 104.3 109.3 112 114 114.9 115.7 115.9 116.1 116.6 117.2 116.7 115.7 113.8 109.9
82.8 74.7 72 93.2 103.3 108.5 111.9 113.7 115.2 115.5 115.7 115.6 115.7 116.6 117.3 117.2 116.4 114.3 108.1 109.4 115.3 118.7 120.2 119.7 118.5 120.4 123.3 127.5 131.5 134.8 137.5 140.2 141.7 142.5 143.1 142.8 142.3 141 139.1 135.8 131.7 125.8 119.2 112.7 104.1 93.5 85.8 90.4 100 110.8 119.1 124.5 128.3 131.2 132.1 130.7 127.7 121.9 114 106.9 99.2 90.8 80.4 67.4 69.4 69.2 74.7 81 87.2 93.6 98.3 101.6 103.7 104.8 105.9 106.8 107.5 109.2 111 111.6 111.4 109.9 107.5
66.4 66.7 82.3 96.3 105.4 109.2 112.1 113.9 115.3 114.5 113.7 113.6 113.6 114.5 115.7 115.7 114.7 112.6 106.1 108.2 114.5 117.2 118.3 118 116.3 114.4 117.1 121.5 125.5 129.1 132.2 134.9 137.2 138.7 139.7 140.5 140.7 141 139.7 137.2 133.4 130 125.5 119.6 111.3 98.1 87.4 87.9 96.9 107.3 117.4 124.8 128.6 130.9 132.1 130.2 125.9 117.7 110.1 103.3 96.3 88.8 80.1 69.1 64.1 63 68.4 72.7 77.6 82.5 87.1 90.6 93 94.2 96 97.2 98.1 100.7 103.3 104.2 103.9 102.9 101.2
69.5 76 84.6 97.4 102.6 105.9 107.7 110.5 112.1 112.9 112 111.6 110.2 111.7 112.8 113.6 112.7 110.3 101 107.9 113.3 115.5 116 115.5 113.2 109.5 110.7 115.6 120.1 123.9 127 130.1 132.4 134.4 135.9 136.6 137.2 137.5 137.6 136.5 133.8 130.1 125.5 120.4 114.5 103.9 90.1 85.9 95.3 106.2 116.2 124.1 127.9 130.2 131.2 129.7 125.3 116 106.7 97.5 89.9 83 76.5 67.3 61.1 59.3 60.7 64.9 68.6 72.4 76 79.4 82 83.9 85.9 87.5 88.3 91.1 93.3 94.7 94.7 94.4 92.3
70.1 75.9 83.8 91.5 96 99.5 101.9 104.1 105.9 106.9 107.4 107 106 107.9 109.8 111 110.3 107.5 94.7 106.5 111.2 113.1 113.6 112.8 109.3 103.9 105.3 109.6 112.8 117.5 122.2 125.2 128.2 130.2 132 132.2 132.8 133 133.1 132.6 130.4 126.8 123 117.8 112.1 105.1 89.5 86 97.4 110.7 119.1 124.2 127.4 129.9 130.2 128.7 124.5 116.7 107.4 93.6 82.4 74.5 68.8 64.3 60.3 57.8 55.5 57.8 60.2 62.9 65.5 67.9 69.8 70.2 71.4 74.6 78.4 81 83.3 83.8 83.2 82.1 79.6
61.2 66.4 71.9 78.1 84.5 90.8 95.7 98.9 100.6 100.7 100.4 100.5 101.1 103.8 107.1 108 108.2 105.4 93.6 104.1 108.5 110.7 110.6 110.2 107.1 100.9 99.9 106.1 111.4 116.2 118.9 122.3 125.3 127.3 129 128.5 128.6 128.4 128.3 127.4 125.5 122.4 119.3 114.3 106.4 97.6 84.3 87 102 114 121.4 126.5 129.2 130.6 130.1 127.7 122.7 116.1 108.2 98.9 87.8 81.4 73.4 62.8 59.6 57 53.6 52.6 53.5 53.7 52.6 54.9 57.1 58.7 59.5 62.1 66.6 70.8 72.5 72.1 69.4 64.9 59.2
56.7 56.7 58.8 63.3 68.7 76.7 87.5 92.3 94.1 93.3 92 92.1 97.4 101.8 105.5 106.5 106.3 103.2 89.5 101.3 106.3 107.9 107.5 107.2 104 96.4 100.7 112.1 115.4 119.9 121.2 122 123.9 126 126.9 126 125.4 124.3 123.6 122.5 119.8 116.6 114.3 109.8 96.5 85.1 82.4 92.8 105.9 119.1 127.4 132 133.2 133 131.5 128.1 122.8 116.4 108.6 100.6 93.8 88.4 80.6 69.4 60.5 57.2 55.5 57.4 55.7 52.7 50.5 48 48.2 50 52.3 53.8 56.2 59.8 61.1 57.8 53.4 46.8 40.9
64 57.7 55 55.8 58.2 63.2 76.1 83.3 85.4 84.3 82.8 85.3 94.2 100.1 104.1 105.3 105.4 102.2 88.5 93.3 103.5 104.8 104.6 103.5 101.1 92 102.7 112.4 116.4 120.7 121.8 121.8 123.3 124.4 124.8 123.9 123 120.4 118.9 117.3 115.2 114.9 107.8 99.2 85.4 82 89.2 100.9 114.9 128.8 135.6 137.6 137.4 135.9 133.7 129.8 124.5 116.7 106.9 98.9 92.9 88.3 83.3 76.1 65.6 57.5 62 69.4 71.1 66.3 60.8 55.6 50.5 45.5 46.2 47.5 48.7 49.7 47.6 43.3 37.8 43.5 47.8
83.5 73.9 62.4 55.1 54.2 56.2 64.4 73.9 76.5 76.6 77.3 84.3 92.1 98.4 102.6 105.4 104.5 99 89 91.5 98.8 101.3 101 99.7 97.4 89.9 102.6 109.7 113.6 116.9 119.4 119.3 120.8 121.5 121.5 121.2 120.4 117.9 115 113.8 114.4 109.2 100.9 86.8 81.5 85.4 95.8 113.3 127.8 136.1 140.3 141.9 141.6 139.8 136.9 132.3 126.9 118.4 109.3 100.2 91.4 83.7 78 70.7 64.6 65.8 71.7 77.6 81 78.4 73.8 67.2 58.3 51.6 47 44.4 42.1 42 43.7 47.8 55.3 65.1 66.4
98.1 91.8 81.7 66.8 56.6 53.4 56.8 65.6 69 72.5 78.2 84.1 90.1 96.8 101.1 102.4 102.2 99 89 83.5 90.2 94.7 96 95.1 93 88.2 100.7 105.5 108.8 112 114.4 115.7 117.5 117.7 118.2 117.1 115.8 114.2 111.4 109.8 109.9 106.6 98.4 82 82.2 90.6 104.4 121.3 132.7 139.4 143.4 145.4 145.2 143.2 140.3 136.9 131.1 123 114.7 106 97.8 88.7 82.9 76.8 63.1 72.8 80 84.2 88 87.8 84.6 78.2 69.5 57.9 50.6 47.3 46.8 49.8 57.8 64.9 71.7 74.3 72.7
