app/static/ascii/SX37.asc
ncols 200
nrows 200
xllcorner 230000
yllcorner 70000
cellsize 50
[rows 35 to 69 of 200, columns 0 to 78 of 200]
125.3 129.4 136.8 139.9 141.2 140.7 135.8 114.8 89.5 81 79.4 79.1 89.3 94.5 100.7 111 120.3 126.6 132.4 137.5 142 146 149.4 153.1 156.5 159.2 161.5 163.3 165 166.2 167.8 166.3 163.1 159.3 155.3 153.5 149.1 142 132.3 128.8 134.6 135.8 133.9 130.3 122.7 121.7 126 131.1 135.8 138.2 139.6 140.5 140.9 140.8 141.1 141.9 143 145.1 146.2 148.8 150.9 153.3 155.6 157.6 158.8 159 159.1 157 155.8 155 153.9 152.4 150.5 148 145.6 143.3 141.8 140.2 137.3
130.6 135.1 140.1 142.6 144.1 143.5 139.8 125.1 102.7 82.7 80.2 78.9 80.4 80.7 91.2 103.9 112.9 120.8 127.4 134.4 139.1 143.3 146.8 150.4 153.4 156.1 158.9 160.7 161.8 163.6 165.7 167.5 167.3 165.9 163.4 159.2 154.6 148.4 137.5 125 128.3 132.3 130.6 127.7 121.4 118.4 124.5 131 134.7 136.5 137.7 138.4 139 138.8 139.2 140.4 142.5 144.9 147.1 150.3 152.6 155.2 157.6 160 161.7 162.5 162.3 161.6 160.9 160.5 160.3 158.2 155.7 153.7 151.3 149 147 144.8 141.4
135.4 139.7 142.5 145.4 146.4 145.8 143.9 137.4 119.8 105.3 93.5 87 82.6 80.3 87.1 108.7 117.8 121.4 126.6 131.7 136.6 141.7 145.3 148.8 151.7 154.2 156.8 158.7 159.9 162 164.6 168.6 169.8 168.6 166.1 162.1 157.3 151.6 143.5 132.7 124.2 128 127.2 123.9 116.8 116.6 125.8 130.2 133.5 134.6 134.8 135.9 136.5 135.8 136.4 139.2 141.9 144.5 147.9 150.6 153.8 157 159.6 161.7 163.7 165.7 165.8 165.3 164.7 164.3 164.4 164.3 161.5 158.4 154.9 152.1 150.3 148.3 145.6
140.7 143.6 146.1 147.5 148.3 148 146.7 144.6 138.4 126.6 112.1 97.9 83.6 78 96.6 115.9 126.1 128.7 131.4 135.7 138.2 140.4 143.7 147.3 150.1 152.7 154.9 156.3 158.3 160.6 163.2 167.6 169.5 168.7 166.5 162.4 158 152.2 145.1 135.8 123.7 122.3 124.6 120.7 112.1 120.4 126.1 129.3 131.3 132 131.9 132.1 133.3 133.1 135.3 138.7 141.9 144.3 147.4 150.6 154.1 157.3 159.8 162.2 165.7 167.3 167.3 167 166.9 166.8 167 166.1 163.8 160.9 156.9 153.7 151.7 149.9 148.1
145 146.9 148 148.9 149.3 148.8 148.1 147.9 144.3 134.6 118 97.2 79.5 81.2 100.9 119.1 129.8 134.1 137.3 140.6 141.4 142.4 144 146.5 148.6 151.1 153 154.9 156.9 159 161.6 165.6 168 167.2 165.6 161.2 156.3 149.9 142.2 131.9 119 120 120.6 113.8 111.3 121.9 124.9 127 128.9 129.2 129.1 129.1 129.3 129.8 134.2 137.6 140.6 143.1 145.9 148.6 151.3 155.1 158.8 162 164.5 165.4 165.6 165.8 166.4 166.9 166.5 164.9 162.6 160.2 156.5 153.1 151.6 150.3 149.8
148.3 148.3 148.3 149.1 149 148 148.1 149.2 147.1 138.1 118.6 93.8 76.5 85 102 117.9 130 137 141.6 144 144.6 145.4 145.8 147 148.3 148.9 150.6 152.4 154.3 156.7 159.7 163.7 165.9 166.1 164.5 160.3 153.9 146.3 137 126.3 111.8 115.1 114.6 105.7 115.2 120.3 122.5 124.6 126 126 125.9 125.8 125.9 127.9 131.9 135.8 138.5 141 143.6 146.3 148.8 151.7 155.5 158.6 160.8 161.8 162 162.1 162.4 162.7 162.4 160.9 159 156.4 153.5 151.7 150.1 149.6 149.4
149.8 148.4 147.9 147.6 146.9 145.1 144.7 145.3 144 134.7 118.3 96.9 80.7 80.7 98.3 113.3 127.6 137.9 143.4 146.3 147 147.3 147.7 147.5 147.8 147.7 148.3 149.8 151.2 154.3 157.6 161.6 163.9 164.4 163.2 158.8 151.5 142.8 132.5 118.6 106.2 107.9 106.8 103.2 113.6 118.1 120 122.1 122.8 122.8 122.5 122.5 123 126.1 129.8 133.4 136.5 139 141.5 144 146.1 148.7 152.1 154.7 157 158.1 158.7 159.6 159 158.6 158.2 156.6 154.5 152.9 150.2 148.6 148.4 148.8 148.8
150.5 148.2 146.2 145 144.1 142.2 140.1 138.3 133.5 125.7 112 97.1 82.2 77.6 93.1 108.3 124.3 137.8 144.7 148.2 149.6 149.4 148.8 148 147.6 147.1 144.4 145.2 147.5 150.9 154.6 159.2 161.7 162.5 161.2 156.4 148.8 139.9 130.5 116.6 104.6 101.3 99.5 102.3 112.2 116.5 118.6 119.5 119.3 119.5 119.2 119.6 120.1 123.6 127.5 130.9 134.3 136.9 139.3 140.8 143 145 148.4 151.8 154.2 155.9 156.9 156.6 155.9 155.2 153.9 152.1 150 148.9 147 145.1 145.4 147.6 148.5
151.3 148.8 144.8 141.6 140.6 138 130.8 122.9 114.6 102.2 92.3 84.6 79.5 76 87.4 103.3 121.6 137.1 146.3 149.9 151.3 151 149.6 148.3 147.3 146.2 142.6 140.9 144 147.4 150.9 155.2 157.8 158.8 158.2 154.1 146.7 138.7 130.2 119.6 105.5 97.3 96.4 104.6 112.1 116.1 117.8 117.6 116.9 116.2 116.3 117.1 118.4 121.4 125 128.3 131.6 134.6 136.2 137.3 140.1 141.9 145.5 149 152.4 154.7 155.3 155 153.9 152.3 150.5 148.9 146.5 144 142.6 141.8 145 147 148
152.7 149.7 144.3 138.5 134.3 130.2 118.4 104.2 95.6 89.1 91.5 92.4 88.9 77.3 82.4 99.9 119.5 131.7 143.5 149.2 150.1 150.4 149.6 147.8 146.2 143.3 139.7 135.9 139.9 143.4 146.5 150.3 153 155.6 156.1 153.1 146.4 138.8 130.9 121.8 107.3 96 96.2 107.6 112.9 116.3 117.2 115.7 114.6 113.6 113.4 114.3 116.5 119.3 121.9 125.1 128.3 131.3 133.4 136.9 140.3 142.8 146.9 150.5 153.4 155.2 155.4 155.2 153.7 151.4 146.5 145.4 141.2 138.2 137.4 140.5 144.3 146.5 147.2
154.5 150.8 145.7 138.9 129.8 118.7 107.2 95.7 97.5 107.9 113 113.6 104.4 88.5 73.5 93.7 112.6 124 137 143.4 145.7 147.9 147.3 145.3 143.1 139.4 134.7 130 133.9 138 141.6 144.8 147.9 151.1 152.2 150.3 145.3 138.7 132.3 123.1 106.2 92.8 96.2 109.8 115.1 117.7 115.7 113.2 111.7 110.6 111.9 114.5 116.8 119 120.6 123.1 126.3 129 132.8 138.6 143.3 146.7 151.7 154.6 156.8 157.1 156.5 156 154.7 152.6 148.9 143.5 137.8 134.4 134.7 139.4 143.1 145.3 146.1
155.8 152.2 147.2 141.5 129.6 113 99.9 100.8 116.1 127 131.6 127.8 113.7 95 78.2 84.5 103.3 113.7 126.4 135.8 139.2 142.2 141.2 139.9 138.1 134.2 128.6 121.8 124.6 126.6 130.6 135.5 140.9 145.6 146.5 144.8 140.5 136 132.2 122.7 103.4 91.8 100.4 111.7 117.5 116.8 114.1 111 109 109.2 112.7 115.7 118.2 121.1 123.5 126.2 129 133.1 138.1 143.4 148.6 152.9 156 158.3 159.2 158.6 157.6 156.6 155.3 153.5 151.4 146 139.3 131.9 131.6 137.9 141.7 143.4 144
157.3 152.5 146.7 134.5 119.8 105.8 101.9 114.3 129 136.1 138.5 131.7 120.6 102.3 84.3 72.9 88.4 100.2 111.7 122.3 129.5 129.9 129.6 129.4 127.5 124.4 117.1 110.6 111.4 113.5 116.4 119.9 128.1 135.4 136.1 134.4 133.6 131.4 128.9 119.8 102 90.7 100.1 109.1 112.3 112.9 111.7 109 106.6 109.4 114.2 117 120.3 124.6 127.8 130.8 134.2 139.3 145.2 149.4 152.9 156 157.9 158.9 159.1 158.4 157.4 156.6 154.7 153.4 150.6 146.8 140.8 130.6 128.2 135.7 138.6 139.9 140.7
156.8 150.6 138.1 121.8 109.1 105.1 113.4 128.7 138 141.7 140.7 133.9 123.5 109.5 91.7 76.8 75.4 82.7 94.9 107.4 115.6 111.6 110.9 110.8 110.9 110.9 107 99.5 95.9 96.5 97.1 100.1 109.6 117.3 118.6 120.4 122.9 123.3 123.8 114.4 99.1 88 90.8 103.7 107.7 109.2 107.8 105.8 105.8 112.6 118.9 122.5 126.5 130.4 133.2 136.1 140 145.6 151 153.6 155.7 157.1 157.8 158.1 157.8 157.3 156 154.2 152.4 149.7 146.7 142 135.8 126.3 124 130.5 133.7 135.6 136.5
155.1 143.6 128.2 112.4 109 119.3 129.5 139 143.8 144.8 142 134.8 125.3 114.4 102.7 89.2 77.6 71.9 76.4 85.6 91.2 90.5 89.1 88.5 89.3 92.5 94.4 89.2 81.7 77.6 76.2 79.1 85.9 92.9 98.6 104.5 109.8 111.3 112.1 108.5 98.5 83.7 85.4 99.3 105.8 107.9 101.5 102.1 111.6 120.7 125.1 129 132.5 136.8 139.8 142.3 145.6 148.6 152.7 154.5 156.1 156.6 156.3 156.1 155.5 154.2 152.3 150.5 148.6 145.6 142.4 137.7 130.9 119.8 119.5 125.4 129.1 131.2 132.2
151.4 135.7 120 111.2 122.9 133.5 139.8 143.3 145.2 145.4 142 135.4 128.2 124.1 116.2 104 92.8 83 74.7 71.2 72.2 71.2 68.9 69.7 68.7 67.1 71.6 72.4 70.3 67.9 66.6 66.2 63.9 67.2 73.6 85.4 89.8 94.9 96.6 95.9 92.2 79.6 81.4 95.2 101.9 99.4 96.6 108.6 120.6 127.2 130.9 134.7 137.4 140.5 142.7 144.9 147.4 149.2 150.4 152.1 152.9 153 152.5 151.7 150.8 149.4 147.7 146.1 144.6 142 139.1 134.7 124.2 113.2 113.3 120.3 123.9 125.8 126.5
149.5 131.6 117 119.1 134 140.3 142.5 144.2 145.1 145.5 142.3 136.9 133.1 131.6 127.9 120.8 111 101.8 94.1 87.6 83.8 84.6 86 83.9 78.5 73.6 69.4 68.5 71.7 76.2 77.7 75.8 70.8 65.4 62.1 64.4 66.1 80 84 85.1 83.2 74 77.2 88.2 89.8 89 101.9 116.1 123.3 129.7 133.8 135.2 137.1 139.2 142.5 144.1 145.3 146 146.2 146.6 147.8 148 147.8 146.8 146 144.6 143 141.4 140.2 137.7 134.8 129.1 118.6 108.7 106.8 113.7 117.9 120 120.4
151.8 135.4 120 121.1 136.4 140.4 142.2 143.9 144.9 145.2 142.6 138.7 136.4 135.4 134.1 131.9 128.4 122 116.1 110.2 109 108.9 108.4 105.3 99.3 90.2 82 82.6 90.6 97 99.5 94.9 90 79 65.1 62.9 62.4 69.3 75.6 76.8 74.3 69.1 74.4 78.8 78.5 87.8 100.6 111.9 118.3 124.3 128.9 130.2 132.6 135.1 138.4 139.6 140.6 141.4 141.4 141.2 141.9 142.6 142.7 142.4 141.3 139.6 137.5 135.5 134.3 132.3 129.4 124.4 114.4 101.6 100.5 106.4 111 113.5 113.6
153.9 141.8 126.8 118.4 131 137 140.2 142.3 144.1 144.9 143.6 141.1 140.3 139.7 139.1 138.8 140.4 140.1 138.7 136.1 132.1 130.5 128.4 124.7 117.4 108.2 100.2 102.5 111.2 116.3 115.8 111.6 104.7 90 71.9 62.9 62.4 63 70.8 71.2 65.6 65.7 67.8 70.9 75.1 85.7 96 103.9 110.5 115.8 120 121.4 123.7 127.3 130.9 131.9 132.7 134.1 134.9 135.5 136 136.9 137.2 137.1 134.3 130.8 127.8 127.2 126.3 124.9 122.4 118.2 110.6 95.7 92.8 98.5 102.7 105.8 106.4
154.1 145.6 135.5 124 123.1 132.6 137.4 140.6 144.1 145 144.4 143.5 143.7 143.9 144.8 145.6 147.7 151.4 153 152.1 149.5 148.2 144.1 140.4 132.7 123.9 118.9 121.8 126.1 128 123.9 118.4 111.9 101.7 83 64.3 61.9 61.8 62.3 62 61.9 62.8 65 67.6 72.8 79.3 88.3 95.9 101.9 106.4 110.3 112.2 114 117.3 119.9 121 123.6 126.5 128.3 129.9 130.5 130.9 129.6 127.1 123.5 118.9 114.8 114.6 113.6 113 111.5 109.5 105.5 95.4 85.3 85.3 94.2 97.6 98.4
153.4 145.3 137.3 127.4 124.7 129.8 136 140.4 144 145.2 145.9 146.5 147.6 148.3 150.9 153.8 156.3 160.2 162 161.6 159.7 156 152.3 148.4 143.2 137.2 134 133.1 134 133.7 127.7 121.2 115.5 105.6 86.5 68.2 63.5 61.9 60.2 61.6 61.4 61.5 61.8 64.9 69.7 73.1 77.8 84.9 90.8 95.4 97 98.4 100.9 103.5 108.4 112.4 114.4 116.5 119.8 122.5 122.7 121.6 119.4 115.8 109.4 102.2 99.2 97.6 97.8 98.5 99.5 100.5 100.5 98.5 89.1 77.8 82.1 89.4 90.6
152.6 143.2 133.9 127.4 130.1 131.1 137.2 142 146 147.8 148.7 150 151.1 153.4 155.6 157.8 160.8 163.5 164.6 164.5 162.7 160.2 157.1 153.6 149.6 144.9 141.5 139.2 137.2 135.1 128.7 122 115.1 100.9 83.9 70.5 65.7 62.9 60.4 60.6 60.8 60.8 60.8 61.5 63 65 67.7 71.4 76.7 82.3 83.8 86.1 88.3 91.6 96.3 99.1 101.6 103.7 108.4 112.3 113.3 112.2 108.5 99.1 91.8 87.2 84.9 82.7 82.4 83.8 87.7 90.8 93.7 95.6 89.9 75.2 71.2 81.8 81.3
150.7 141.1 131.4 132.7 136.6 135.6 139.7 145.1 148.5 150.6 152.1 153.6 153.3 156 157.7 159.2 161.2 162.6 163.1 163.7 162.2 160.1 158 154.9 152 148.8 145.7 143 140.5 136.1 129 120.6 109.6 93.4 79.6 70 67.6 66.5 62.5 61 60.3 58.3 59.4 58.1 59.4 59.7 59.9 60.6 61.5 65.6 72.4 76.5 79 81.3 82.2 83.5 84.9 86.6 90.8 95.2 95.8 94.3 91.3 84.7 79.1 75.4 73.1 71.1 68.8 68.6 69 69.5 72.4 73.6 74.5 70.1 62.9 70.7 68.7
147.6 139.2 136 140.3 141.9 142.4 144.5 147.7 151 153.6 155.2 156.3 153.7 157 158 158.5 159.6 160.4 160.7 160.1 159.5 158.1 156.1 154.8 153 150.5 148.1 145.8 142.1 136.3 126 114.6 101.9 85.2 78.4 76.8 74 69.2 64.8 60.9 60.4 60.3 59.8 59.8 59.3 58.8 59.1 58.6 58.4 59.6 61.4 65 68.6 69.6 68.9 68.6 68.1 69.9 71.3 73.2 72.5 72.7 72.1 72.8 71.2 69.1 66.6 62.9 59.4 57.6 54.7 53.2 53.5 53.1 50.8 52.4 51.7 58.1 55.2
147.1 139.6 140.8 143.8 146.1 146.6 148.4 150.2 153.3 155.7 157.4 158 158.1 157.3 156.9 157 156.9 157.4 157 156.2 155.8 154.6 152.8 152 150.6 149.6 147.7 144.8 140.2 132.8 119.7 107.2 94.8 79.2 87 89.3 87.6 83.5 73.6 62.8 60.7 60.5 60.2 60.1 59.5 59.1 58.6 58.3 58.2 58 58 57.5 57.3 57.7 57.2 56.4 56.9 57.8 56 56.1 55.7 56.2 55.3 56 57.7 57.4 55.3 54.1 53.8 53.6 53.4 52.8 50.8 53 52.6 52.1 52 51.6 51.4
144.2 142.6 147.5 149.5 150.3 150.9 152.4 154.1 155.9 157.4 157.7 157.7 157.6 156.4 155 154.4 154.1 153.8 153.3 152.5 151.8 150.4 148.8 148 147.7 147.3 146.6 142.7 137 125.6 111.3 100.2 89.1 87.3 95.7 99.9 101.1 99.5 94.1 81.2 71.6 62.9 61.6 60.7 60 59.6 59.1 58.1 56.7 57.9 57.4 57.2 56.9 56.7 56.8 56.6 56 55.8 55.6 55.4 55.3 55.2 55.1 54.8 55 54.3 54.1 53.9 53.7 51.8 59.5 57.3 53.5 54.3 53 52.5 52.4 52.5 53.1
147.5 150.6 153.5 155.5 155.4 155.3 155.6 156.9 158 158.6 158 157.5 156.1 154.4 153 152 151.2 150.2 149.4 148.6 147.5 146.1 144.6 144.1 143.7 143.9 142.8 138.2 129.5 115.7 101.9 91.4 89.8 99 108.5 113.3 116.5 116.1 114.6 106.9 95.6 88.1 85.3 84.5 81.3 74.4 66.8 59.9 60.4 60.1 59.8 59.5 58.3 57.6 57.7 56.7 56.4 56.3 56.4 55.8 55.4 55.3 55.2 54.6 52.9 54.4 52.8 60.4 73.4 73 67.8 56.9 57.5 63.5 64.4 62.4 60.7 55.5 64.5
155.3 157.7 159.5 159.9 159.9 159.9 160.1 160.2 159.9 159.2 158 156.1 154.6 152.8 149.5 148.3 147 145.4 144.5 143.9 142.5 141.1 140.3 139.3 137.5 137 136.5 131.1 118.7 105.7 94.2 91.7 101 113.5 122.8 127 127.9 127.7 126.6 123.9 117.4 111.7 108.2 104.8 100.7 95.5 89.4 84.1 82.4 84.2 82.2 80.7 73.6 66.2 67.2 65.7 65.8 59.3 60.9 62.8 59.9 57 56.5 59.2 63.7 71.6 80.4 86.2 84.9 79.6 67.3 56.8 68 77.5 83.5 82.1 77.8 61.9 69.4
162.1 164.6 165.5 164.7 163.8 163.1 162.6 162.6 161.8 160.1 158 155.7 152.8 148.5 145.4 143 140.8 139.3 138.5 137.7 137 135.6 135.5 134.6 132.9 131.7 127.9 119 105.5 94.4 94.3 102.1 115.9 126.3 130.9 133.3 134.9 134.9 134.1 131.2 126.7 122.9 118.6 114.4 110.1 106.5 103.2 99.9 97 93.9 89.5 84.1 79.4 79.6 77.1 73.7 67.7 62.4 66.8 69.1 68.9 69.5 74.7 79.8 89.3 94.7 94.8 93.4 89.6 79 63.3 60.4 75.5 90.3 98.8 94 77.3 62.2 80.8
168.2 170.3 171 169.9 168.9 166.6 165.1 164.1 163.2 161.3 158.6 156.1 152.1 145.9 141 137.9 134.7 133.8 133 132 131.1 130.4 130.4 130 128.2 124.2 117.6 106 94.1 96.9 103.4 115.9 126.3 132.4 136.7 139 140.5 140.9 140.1 137.3 133.4 129.3 125.7 122.2 118.2 115.3 110.8 106.5 102.1 97.9 92.7 90.3 88.8 85.9 81.6 75.1 67.3 70.7 73.4 74.1 76.9 82.3 89.3 95.5 99.7 100.9 99.3 96.8 92 78.1 62.2 64 80.9 94.9 101.2 90.6 72.2 72.4 90.3
175.8 176.6 175.8 174.4 172.2 169.7 166.8 164.8 163.1 160.6 157.8 155.4 151.9 144.5 138.1 133.6 131.6 129.2 127.9 126.8 125.8 125.1 125 123.9 121.3 115.5 106.2 96.1 97.9 106.9 115.5 120.8 127.6 134.3 139.1 142.5 144.3 144.6 144.2 142.9 138.7 134.8 131.2 127.9 124.7 121.2 117 112.4 107.9 102.8 99.2 97.9 94.8 90.7 83.1 73.2 76.6 83.7 86.3 89.3 93.9 97.8 101.6 103.8 104.4 104.2 102.7 100.6 95.8 80.4 62.6 67.2 84.4 98.2 100.3 84.2 71.1 80.3 97.2
182.4 181.6 179.6 177.3 174.5 171.2 168 164.7 161.7 158.5 156 153.7 150.3 143.9 135.8 131.2 127.5 124 122 121.6 120.6 119.9 119.2 117.7 115.1 107.8 98.1 99.9 100.8 109.1 114 118.8 126.2 133.3 139.1 144 146.9 147.3 147.2 146.4 143.9 140.1 136.5 133.3 130.2 125.9 121.2 116.5 111.9 107.5 106.7 104.2 100.9 95.7 82.5 77.5 90.4 97.2 100.5 102.9 104.8 106.3 107.4 107.7 107.2 106.5 106 104.7 100.2 83.7 63.7 70.1 86.8 99.2 99.3 83.2 72.7 87.1 103.4
185.7 183.5 181.7 178.9 175.5 171.8 167.3 163.5 159.8 156.6 153.7 150.5 147.2 141.1 133.7 127.9 124.2 120.6 117.2 115.7 115.8 115.2 113.4 108.9 103.5 101.1 104.1 104.2 104.1 107.3 112.3 117.1 123.9 131.3 137.9 143 146.7 148.6 149.5 148.8 147.7 145.3 141.5 138 134.8 130.5 125.7 120.8 117.4 114.2 112.6 110 106.7 99.9 83.6 82.9 96.8 103.8 106.3 107.7 109.3 109.3 109.9 109.1 108.5 107.7 107.7 107 103.3 84.6 64.5 71.7 87.2 97 97.3 82.6 78.6 95.2 108.5
188 186.7 183.5 179.4 175.6 171.5 167.1 161.3 156.9 152.8 149.6 146.3 142.8 137.6 132 126.5 122.1 118.4 114.8 112.1 110.8 109.3 104.4 104.5 107.4 110.3 110.8 107.5 104.8 108.8 113.8 117.6 123.6 130.3 136.8 142 146.1 148.1 149.8 149.8 149.6 148.4 145.2 142 138.5 134.7 129.9 125.1 122.1 119.5 117.5 114.6 110.4 101.6 85.5 87.1 101.5 106.8 109.2 110.4 111.1 111.1 110.6 109.8 109 108.7 108.6 107.7 103.4 85.5 65.9 71.6 88.4 99.8 96.2 79.9 85.5 101.9 110.7
187.2 186.6 184.7 180.4 175.8 171 165.8 159.7 153.2 148.6 145.3 142 137.9 133.4 127.9 121.1 118.6 115.5 112.7 110.5 107.9 105.7 108.7 112.6 115.8 116.3 113.8 109.1 107.1 112.4 117.9 123.1 127.4 131.2 136.5 140.9 145.6 148.3 150 151 150.8 150.6 148.4 145.2 142.2 138.3 134 129.9 126.3 124.1 122.3 119.1 114.5 107 88.6 90.9 103.6 108.6 110.5 111.4 111.1 110.6 109.5 109.1 108.3 108.3 108.4 108.2 103.9 86 67 73.5 89.9 100.7 98.5 82.8 91.6 105.9 112
