app/static/ascii/SX48.asc
ncols 200
nrows 200
xllcorner 240000
yllcorner 80000
cellsize 50
[rows 0 to 34 of 200, columns 0 to 78 of 200]
99.2 94.9 99.2 102 103.6 99.9 95.3 100.9 114.6 122.5 125.4 124.9 121.9 122.6 123.5 124 125 126.3 127.3 128.2 129.5 130.4 131.5 133.4 136.7 140.1 143.4 144.9 145.9 146.3 146.6 146.1 144.5 142.1 139.2 132.1 122.6 114 104.7 94.4 101.3 114.3 126.4 119.6 119.6 119.6 119.6 128 134.2 136.2 137.9 140 141.1 141.9 140.4 137.3 135.2 135 135.8 137.6 141.1 145.6 150.1 155.3 159.7 163.3 165.8 166.7 166.8 165.9 164.9 165 165.3 165.3 165.3 165 163.3 159.9 156.5
106.3 98.7 93.7 96.6 96.7 94.5 99 111.1 119.7 125.6 128.1 128.2 127.4 127.3 126.9 127.5 129.4 131.1 133 133.9 132.6 132.8 133.3 134.7 136.2 138.4 141.5 142.8 143.5 143.7 143.9 143.4 142 138.7 133.1 122.9 112 100.6 93 92.7 93.2 97.5 110.3 124.5 122.2 119.6 126 133.5 136.5 139.8 142.1 144.4 145.7 145.9 145.4 143.5 140 138.6 139.2 140.2 142.4 146 150 154.6 158.6 162.3 164.4 164.8 164.2 163.5 162.7 163.2 163.8 164.7 165.4 164.9 163.6 160.5 157
112.2 106.4 99.1 92.4 93.4 96.3 106.2 114.4 120.2 124.6 128.1 129.5 130.4 130.5 131.3 133.8 135.8 137.2 138.6 139.7 138.4 135.7 135.8 136.2 137.3 138.8 139.6 140.4 140.8 141.1 140.3 139.9 138 134.3 124.7 111.6 98.9 92 90.9 90.8 94.3 97.1 105.8 114.8 126.1 129.1 132.9 135.2 139.2 142.5 144.9 146.8 148.2 148.6 148.4 147.4 146.5 145.8 144.4 143.7 144.5 147.6 150.8 154.2 157.9 161.4 162.8 162.6 161.6 160.9 160 160.6 162.4 164.2 165.1 164.1 162 159.9 157.6
114.2 111.6 107.3 99.1 93.7 95.7 104 111.7 118.2 123.7 128.1 131.2 133.6 134.4 136 138.5 140.6 142.3 144.4 144.6 144 140.9 138.4 138.3 139.1 139.9 139.9 139.5 137.4 135.9 135.8 136.1 133.4 126 111 97 89.7 91.8 87.1 91.9 98.6 106 113 120 125.4 130.7 134.8 137.9 141.2 143.9 146.4 148.1 149.6 150.5 150.6 150.3 150.3 149.9 149.6 148.7 148.3 149.9 153 155.3 158.2 160.7 161.1 160.3 158.8 157.2 156.6 158.3 160.2 162 162.9 162.1 159.7 157.9 156.6
115.4 112.6 109.9 104.2 95.4 94.2 101.6 112.7 120.7 126.4 130.5 133.2 135.5 137.9 140.2 142.4 144.3 146.4 147.4 147.7 147.8 146.3 144.1 142.7 142.6 142.5 140.9 136.5 132.8 129.6 130.8 131.8 122.5 110 96.6 88.8 87.5 93.3 96.6 100.1 106.6 114.9 122.1 125 126.9 131 135.2 139.2 142.1 145.2 147 149.1 150.5 151.4 151.8 152.5 153.1 153.2 153.5 153.2 153.2 153.4 155.5 157.2 158.4 159.6 159.2 157.1 154.5 151.9 153.5 155.7 157.6 159.4 159.4 158.3 156.5 155.2 152.8
112.9 111.7 109.8 106 93.8 92.5 102.1 117.6 125.6 129.8 133 135.2 137.9 140.7 143 145.2 147.4 148.6 149.5 149.9 150.1 149.3 148.1 146.8 145.9 145.4 143.7 136.9 129.3 123.4 123.6 124.9 119 99.8 88.1 88.9 91 96.5 101.2 106 113.7 120.2 122.7 127.1 130.4 132.5 135.4 138.5 141.9 144.1 146.1 147.9 149.6 151.2 152.4 153.9 155 155.9 156.6 156.8 157.1 157.3 157.9 158.4 158.9 158.6 156.5 153.7 150.1 148 149.4 152.1 154.5 155.7 155.6 154.4 152.2 149.5 147.8
109.1 107.9 106.9 100.7 92.5 93.5 106.9 120.6 125.8 130.5 133.5 136.9 140.2 143 145.6 147.3 148.9 149.7 150.1 150.4 150.7 150.8 150.2 150.4 150.3 149.9 148.1 142.2 131.7 118 113.2 115.9 109.8 90.7 88.6 88.9 94.7 97.4 101.4 109.4 116.1 121.2 124.3 127.5 129.9 132 134.4 136.9 139.8 142.2 144.1 145.5 147.6 149.9 152.1 154.3 156.4 157.5 157.9 158.6 159 159.3 159.2 159.3 158.7 157.4 153.2 149.7 145.9 143.8 145.2 148.6 151.4 152.5 151.9 149 145.9 143.2 141.5
104.6 101.2 97.4 93.8 91.4 99.9 111.2 119.3 125 130.1 134.6 138.6 141.9 145 147.3 148 148.9 149 148.9 149.9 150.9 151.6 152.4 153.2 153.8 154 152.9 149.4 140.3 126.1 113.8 104.6 98.6 90.3 88.4 92 99.7 101.7 100.4 106.6 112.1 115.8 120.4 124 127.6 129.9 132.7 135.8 137.1 138.5 140.8 143 145.3 149.2 152.4 154.7 156.5 157.6 157.7 158.9 159.4 159.7 159.7 159.7 159 155.5 150.9 145.7 142.9 139.6 141.2 145.4 149 149.6 146.5 143.2 139.5 134.7 132.5
98.1 98.7 96.8 95.4 91.1 96.2 107.2 115.6 123.7 129.4 134.8 138.5 142 145.2 145.9 145.8 145.4 145.8 147.2 149.1 151.1 153.1 154.8 155.9 156.9 157.4 157.1 153.8 148.3 135.8 123.3 110.4 95.9 88.5 87.4 94.1 102.4 105.4 106.5 109.7 112.5 114.5 116.2 119.3 123.2 125.8 129.4 131.8 133.6 136.5 139 140.9 144.5 148.4 152.1 154.2 155.7 156.9 156.9 158.1 158.6 159.4 159.9 160.2 159.7 155.8 150.8 144.5 138.2 134.5 137.4 142 144.5 145.4 141.9 136.8 131.2 126.1 123.7
106.7 108.5 108 99.7 90.6 93.8 106.9 115.7 122.6 127.8 133 136.5 139 140.6 141 140.9 140.7 142.6 146.5 149.6 152.1 154.1 156 157 157.7 157.8 157.6 155.8 151.4 143.8 131.3 118.4 100.4 88 87.5 91.8 100.1 105.9 111.5 114.4 118.7 121.6 122.4 123.1 124 125.9 127.8 130 131.7 134.8 138.4 140.2 143.9 148 151 152.9 154.2 155.2 155.8 156.7 157.5 158.5 159.4 159.8 159.1 155.7 150.4 143.8 135.8 129.4 134.7 139.7 140.6 139 135.2 129.6 123.8 119.1 117
114.6 115.8 113.2 101.3 91.1 91 105.4 113.7 120.5 125.8 130 132.6 135.1 135.6 136 135.4 136.2 142.9 147 149.9 152.6 154.9 155.9 156.5 156.7 156.9 156.4 155.2 152.2 146.7 134.1 121.4 102.3 88.9 86.9 87.9 94.2 103.1 110 115.9 122.3 127.1 128.4 129.3 130.7 130.3 131.6 132.4 134 136 138.1 140.4 144 147.7 150 151.2 152.3 153.3 154 154.7 155.6 156.6 158.2 159.2 158.6 155.3 150.5 144.3 133.7 125.7 129.6 133 132.7 129.5 126.6 121.6 117 113.6 111.3
121.3 121.1 114.5 101.7 91.3 90.1 100 109.8 117 122.8 126.8 128.4 129.4 130.2 129.8 129.3 136.8 143.1 147.4 150.5 152.8 154 154.9 155.4 155.4 154.9 154 152.8 150.7 146.3 136 124.1 104.8 86.7 86.2 86.7 94.2 102.5 110.5 119.2 126.2 130.4 132.8 133.9 134.2 134.4 134.9 136.2 137.5 138.6 140.4 142.4 144.7 147.3 148.4 149.6 150.4 151.2 151.7 152.4 153.4 154.9 156.7 158.3 157 154 149.2 142.9 130.8 120.3 121.3 123 122.5 120.7 117.5 114.6 111.3 108.4 106.8
125.2 122.4 112.3 102.9 96.5 85.7 93.3 104.9 113.5 119 121.6 122.1 122.6 123.3 122.2 129.5 137.3 143.1 146.8 149.3 151.4 152.3 153 153.3 153.1 152.4 151.5 150.3 148.1 144.4 137.2 125.7 107.4 85.7 86.6 86.3 93.3 103.1 111.1 119.7 127.3 131.7 134 135.5 137 137.3 138.1 139.5 141.1 141.9 143.2 144.3 145.8 146.6 147.4 147.7 148.3 149 149.6 149.5 149.7 152.6 154.8 155.8 154 151.1 146.2 138.2 127.4 118.4 114.9 114.5 113.5 111.5 110 107.8 105.6 104.1 103.4
126.5 120.6 112.6 113.3 106.6 92.5 87.8 96.9 107.5 112.8 114.5 112.8 112.3 115.1 123 130.8 136.6 141.5 145.5 147.8 149.3 150.1 150.8 150.8 149.6 148.7 147.7 146.2 143.8 139 132.9 125.5 107.7 88.2 86.4 86.3 93.1 102.6 111.7 119.5 126.5 130.6 134 136.3 137.6 138.5 139.9 141.6 143.5 144.4 146 146.7 146 146 145.6 145.8 146.4 147.2 146.4 144.7 145.8 149.1 151.7 151.4 149.2 145.2 139.2 129.5 121.7 116 112.3 109.6 107.3 105.5 103.5 102.3 101.3 101 101
127.4 122.7 122.8 122.1 116.2 101.5 87.3 90.7 97.4 100.7 102.2 107 113 116.4 123.7 130.8 135.9 140.3 143.8 145.2 146.3 147.4 147 146.2 145.5 143.8 142.4 140.1 136.3 130.8 124.7 117.4 103.4 85.8 85.6 86.5 91.7 101.3 111.2 119.5 124.6 129.3 133.3 135.9 137.4 139.1 140.8 142.5 144.2 146.2 147 146.2 145.5 144.2 143.2 143 144.5 144.8 142.2 137.7 140.4 144.8 146.3 144.9 141.7 136.7 130 124.5 118.6 113.7 110.2 107.5 105.4 102.9 101 99.6 98.8 98.8 98.8
129.8 129 128.8 126.7 120.1 103 88.2 88.4 97.3 103.2 110.6 116.5 121.6 124.2 127.5 131.6 135.5 138.9 141.2 141.8 142.2 142.3 141.7 140.3 139.4 137.8 134.2 130.8 126.1 120.1 114.4 107.2 95.2 84.6 85.1 86.5 92.4 100.8 109.6 117.3 124.9 129.4 133.7 135.4 136.9 138.6 140.3 141.5 143.9 146 145.6 144.4 143.2 140.9 138.8 140.5 142.6 141.7 137.8 129.2 133.6 138.5 138.8 137.8 133.7 129.5 126.1 120.9 116.1 111.4 108 106 104 101.5 99.6 97.4 96.9 96.7 96.7
131.4 131.3 131.2 128.3 118.4 99.3 86.7 89.1 101.3 113.1 119.3 124.7 128.5 131.2 132 133.8 135.1 136.4 136.8 136.4 136.9 135.9 133.9 132.2 132.1 129.9 125 119.8 114.3 107.6 103.8 97.9 89 84.4 83.5 84.5 98.7 109.4 115.7 123.1 130.5 133.2 134.2 134.7 135.6 136.9 138.1 139.3 142.9 143.8 143.4 141.6 138.7 133.8 135.4 140.4 140.3 137.6 132.8 122 125.2 129.2 130.4 128.6 126.3 124.1 121.4 117.5 113.4 109.5 107 104.8 102.6 100.8 99 96.7 94.9 94.6 95.1
131.1 130.2 128.7 126 113.6 96.6 84.6 89.6 106.5 117.4 123.8 129.7 134.2 135.6 135.1 134 132.8 131.5 130.1 129.6 129.3 128.9 126.5 124.3 123.2 119.8 114.4 104.4 100.2 97.8 96.2 90.1 83.7 83.7 84.1 88.7 105 117 122.7 130.7 134.7 135.4 133.4 131.9 131.9 135.2 135.8 138.5 141.6 141.7 139.9 136.6 130.6 129.9 134.4 136.3 134.5 130.6 123.6 116.8 118.3 119.9 121.6 120.9 119.6 118.7 117.7 114.9 111.3 108.8 106.4 104.6 102.5 100.5 99.5 96.7 94.3 92.5 93.4
128.1 126.5 124.3 119.1 111.8 93.2 84.5 90.7 107.6 118.3 125.1 131.7 135.7 137.4 136.5 134.1 129.8 126.1 124.8 124.4 122.5 120.7 119.2 113.7 110.2 107.1 98.4 93.3 91.7 90.3 89.5 84.6 82.3 83.8 82.9 96 112.2 121.8 128.7 132.9 134.3 133.6 129.2 126.9 126.5 132.5 136.3 137 139.6 138.7 135 130.3 125.8 126.1 129.4 129.8 127.1 122.5 116.2 112.5 113.2 113.8 114 114.4 115.1 115.3 114.6 113.1 111.3 109.9 109 107.8 107 106.5 103.8 98.3 93.1 90.9 92.6
121.8 118 114.3 108.2 101.4 87.7 84.8 93.8 106.8 116.2 123.5 131.2 135.8 138.4 138 135.6 130.2 122.1 116 112.9 110.6 110.7 110.7 104.6 97.9 91.7 88.1 87 86.1 85 83.4 82.5 83.4 82.9 87.3 103.3 117.9 125.2 128.5 130.6 129.5 126.6 123.1 120.9 119.7 125.3 131.9 135.1 137.8 135.6 130.6 125.9 121.3 120.2 121.5 122.5 119.8 115 110.8 108.8 108.1 108.4 109.2 109.9 110.7 111.5 112.7 113.3 113.6 113.9 115.1 115.7 112.9 109.2 101.6 93.7 90.4 89.9 93.4
111.2 105.3 99.4 92.5 88 86.2 84.3 94 105.1 114.8 122.5 130.6 135.7 138.6 139.6 137.9 133.8 126.7 117.7 108.2 100.9 101.2 100 95.4 85.7 82.6 82.4 82.7 82.3 81 81.4 83.1 82.3 87.4 100 114.3 121.9 122.9 123.8 123.5 121.2 118.7 117 115.2 116 119 126.3 133.2 137.3 134.5 128.6 122.8 117.7 113 113.3 113.9 111.7 108.7 106.2 105.4 104.9 105.2 106.2 107.3 108.5 109.9 111.5 113.7 116.2 118.6 118.8 117.2 114.4 108.5 97.5 90.2 89.4 93.8 92.7
100.6 93.2 92 93.4 95.1 89.1 84.3 92.2 103.2 113.1 120.8 128.5 134.7 138.6 141 139.7 136.8 131.5 122.6 112.7 101.7 92.3 92.9 84 81.3 80.9 80.6 80 79 79.4 81.7 84 92.8 103.7 115.1 119.4 120.9 118.8 117.1 115.4 114.5 113.4 112.3 110.9 113.3 115.2 119.3 126.9 133 129.3 124.6 119.6 113.7 110.8 107.9 106 104.9 103.3 102.6 102.3 102.6 103.4 104.5 105.8 107.4 109.6 112.6 115.8 119.3 119.8 112.9 108.4 105.5 100.9 92 91.4 90.9 91.6 88.8
94.5 98.2 102.2 106.3 107.6 96 84.7 86 96.6 108 117.6 125.5 132.3 138.1 141.7 140.7 137.3 131.6 123.5 113.5 102.4 90.1 84.1 80.6 80.4 80.4 80.3 79.2 85.6 87.6 94.8 104.6 110.8 115.8 117.1 117.3 115.1 112.3 109.7 109.4 109.5 108.9 107.8 107.9 110.1 112 114.1 119.4 124.2 122.7 119.8 115.7 111.4 109.4 106.5 103.5 101.7 100.1 99.3 99.3 100 102.5 104.3 105.9 108 112.8 116.2 119.7 117 109.4 103 98.4 94.8 92.4 92.1 89 87.6 85.9 85.4
103.6 110.3 113.3 116.3 115.3 105.7 90.7 82.9 87 99.6 109.9 118.8 126.9 132.2 136.5 136.3 133.3 129.1 121.3 112.1 101.9 91.3 81.8 79.8 78.6 78.3 85.9 96.3 102.8 107.6 111.2 114.9 115.6 115.9 114.7 112.4 109 106.3 105.4 105.5 105.1 104.3 104.5 105.4 107 108.5 109.6 111 114.3 114.9 113.5 111.3 109.2 107.8 105.8 102.4 100 97.8 95.7 96.6 101.4 103.8 105.8 108 111.6 118 119.6 112.5 105.8 98.1 95.1 95.7 93 86.8 85.3 84.9 85 84.7 84.9
114 118.8 121.8 122.9 121.3 118 105.6 89.7 83.5 87.9 97.7 108.3 116.6 123.4 126.7 127.6 127.5 124 117.3 109 98.4 86.5 79.4 79.2 80.6 83.3 88.7 96.2 102 106.8 111.5 115.4 116.2 114.5 110.7 107.3 103.7 102 101.5 101.6 101.1 101.2 101.7 102.5 103.9 104.8 105.5 105.8 108.2 109.9 109.3 109 107 105.4 103.5 101.3 98.7 97.6 96 98 101.8 104.9 108.4 110.4 107.5 104.3 100.5 99.6 98.8 94.9 88.9 81.9 81.9 82.5 84.1 84.2 84.2 84.9 85.5
119.2 122.9 125.2 126.5 126.6 123.6 114.7 100.6 86.2 81.8 86.1 95.2 104 110.9 116.8 120 121.2 118.6 113 104.8 92.7 80.1 78.9 77.1 81 85.1 89.3 95.2 99.8 102.9 108 110.4 110.7 107.9 104.6 101.7 99.3 98.5 98 97.7 97.7 98.4 98.9 99.6 100.3 101 101.8 103.4 106.2 107.9 108 107 106.4 106.5 106.5 106.8 106.4 105.6 103.6 102.2 102.1 105 105.8 103.9 102.2 101 97.2 92 86.4 81.5 82.3 82.8 83.2 82.3 84.1 85 85.1 86.2 87.1
120.6 123.3 125.9 127.4 128.3 125.5 117.8 105.9 87.7 81.6 81.6 87.8 96.2 103.7 110.3 113.6 115.1 112.5 106.6 99.3 85.4 78.4 76.9 79.6 82.6 86.6 89.5 92.8 96.3 99.1 101.7 104.1 103.8 101.5 99.9 97.6 96.3 95.6 94.9 94.8 95.6 96.4 97.1 97.6 98.5 99.4 100.3 102.3 104.9 106.5 106.7 106.8 107 111.5 115.5 117 116.2 113.4 105.2 91.9 90.4 94.9 96.5 94.9 94.2 94.8 89.7 82.3 81.5 82.4 83 83.3 83.8 84.8 85.2 85.7 86.6 88.1 89.8
121.1 123.3 124.8 125.5 124.7 123 118.4 104.6 88.8 82.5 80.4 83.6 90.2 98.1 104.2 108.1 108.9 105.7 100.1 92.1 81.8 77.1 77.9 80.6 84 85.9 88.2 89.7 92.4 94.4 96.5 97.5 97.6 95.7 94.7 94.2 93.5 93.5 92.9 92.9 93.7 94.8 95.8 96.3 97.6 98.9 100.5 102.6 105.7 106.5 109.1 115.1 119.4 123.3 125.4 123.9 121.4 116.5 109.1 96 89.4 86.6 88.7 88.9 88 87.5 83.9 80.9 82.8 83.1 83.3 83.6 84.4 86 86.9 86.7 88.4 90.7 94.3
121.4 123.1 123.3 122.4 120.6 118 111.8 101.2 90.3 84.2 80.5 80.5 87.2 93.7 98.7 101.7 101.5 97.9 92.7 83.2 78.3 77.5 78.6 81.5 83.9 84.8 85.9 87.4 88.7 90.3 91.8 92.7 93.2 91.6 91.6 91 90.7 90.8 91 91.3 92.2 93.3 94.7 97 98.5 100.2 103.5 106.3 109.9 112.9 115.9 118.6 123.1 124.3 124.1 122.6 118.5 111.7 104.4 96.6 90.7 87.2 84.6 85.5 85.1 83.9 79.9 81.4 82.7 83 84 83.3 85.2 87.4 88.3 88.2 89 91.1 96.3
122 122.5 121.6 119.2 115.3 109 104.3 99.1 92.4 85.6 81.2 79.7 83.3 88.4 92.2 94.3 94 90.3 83.2 78.2 77.7 77.4 79.2 82.9 83.7 83.7 84.3 84.8 85.6 86.9 87.6 88.2 88.7 88.8 89.2 88.9 89.1 89.7 90.3 90.8 92.1 93.7 96.1 98.8 100.4 105.1 107.8 115.1 119.5 122.6 123.2 121.9 121 119.3 118.3 115.5 108.8 104.3 99.9 96.1 91.2 87 84.9 83.5 82.7 81.5 79.8 81.4 82.5 82.8 83.8 83.9 89.4 91 92.2 91.3 89.4 91.3 96.9
121.8 121.3 118.8 113.7 107.6 101.9 99.4 96.6 92.4 86.4 82.1 79.6 79.3 82.9 86.2 85.8 86.2 84.1 79.1 77.8 77.4 77.9 80.9 83 83 82.7 83 83.5 84 84.8 85.4 85.9 86.3 86.6 87.1 87.9 88.4 88.9 89.5 90.9 93.5 96.3 99.7 102.1 103.6 109.9 115.6 120.5 123 123.1 122 119.6 116.1 114.8 112.4 108.8 104.6 100.5 96.8 93.2 90.3 86.5 84.3 83.2 81.9 81.2 80.4 80 80 82.4 83.9 88.4 92.2 94.1 95.8 96.2 94.5 91.8 96.6
121.3 120.1 115 108.7 102.9 98.7 95.7 93.3 89.6 85.6 81.9 79.6 79 79.2 80.8 82.2 82.4 80 77.8 77.6 76.8 78.3 82 82.2 82.1 81.5 81.7 82.2 82.7 83.3 83.7 84 84.5 85.2 86.3 87.1 87.6 88.2 89.4 91.6 94.8 98.1 102.1 104.6 111 113.7 119.3 122.5 121.9 119.3 116.6 114.5 112.5 111.1 108.4 104.9 101.1 97.2 93.4 90.5 87.7 85.2 83.2 82.4 81.8 81.5 80.3 78 81.4 83.7 87.7 90.9 94.2 97.1 100 103.4 99.7 92.3 98.3
120.8 119 115.5 108.3 101.5 97.4 93.2 89.9 87 84.3 82 80 78.6 78.3 78.6 80 79.9 78.1 77.6 77.4 76.9 78.3 81.1 80.9 80.6 80.3 80.8 81.1 81.4 82 82.6 82.9 84.3 84.8 85.6 86.3 86.9 88 89.2 91.9 95.3 99.6 104.2 108.2 111.2 113.3 116.4 118.1 116.1 113.5 112 110.5 108.9 106.9 104.6 101.4 97.4 93.8 90.3 87.2 85.6 84.1 82.9 81.7 81.2 80.1 78 80.5 83.4 86.2 89.3 92.4 96 100.6 106.1 107.9 101.5 94 94.6
118.5 116.5 112.7 107 102.2 98.4 94.2 91.1 88.2 85 82.6 79.3 77.4 77.8 77.9 78.2 77.8 77.4 76.9 77.2 77.4 78.6 79.2 79.4 79.4 79.8 80.3 80.6 81.6 81.7 81.8 83.5 84.9 85.3 85.4 85.9 86.7 87.6 88.9 92.8 97.7 98.9 101.8 104.1 106.1 108 110.1 110.4 109.7 109.4 109.2 107.7 105.8 103.5 101 97.9 93.6 90.9 88.9 88.8 87.6 85.1 82.1 81.2 80.9 78 79.5 81.4 84.5 86.7 89.5 92.8 97.1 100.3 103.2 103.7 100.6 96 95
114.7 112.1 109.4 106.7 102.8 98.7 95.4 91.9 88.5 85.7 82.5 79.2 74.8 76.6 77 77.6 77.2 76.6 75.7 75.4 77.5 77.9 78.2 78.5 78.8 79.7 80.8 82.1 83 83.1 83.4 84.2 85.4 86.1 86.7 86.9 87.5 87.6 93.1 94.7 93.3 94.5 97.2 99.9 102.1 103.8 105.4 105.1 106 106.5 106.7 105.6 103.5 100.5 97 95.2 94.2 94.1 92.4 90.8 89.2 86.7 81.5 80.7 79.8 79 80.2 83.2 85.8 87.9 89.8 92 95.4 98.4 100.8 101.8 102 98.7 97.2
