app/static/ascii/SX54.asc
ncols 200
nrows 200
xllcorner 250000
yllcorner 40000
cellsize 50
[rows 0 to 37 of 200, columns 0 to 83 of 200]
102.8 102.8 104.4 105.8 105.7 104.7 102.9 99.3 94.8 92.1 88.7 83.3 80.4 83.6 86 88.4 90.2 92 93.9 95.8 96.6 96.5 95.5 94.1 91.4 88.1 84 76.2 68.7 65.2 60.7 54.9 49.5 49.7 50.9 45.8 39.7 51.3 61.3 66.8 70.9 74.9 79.3 82.9 83.8 84 85.4 88.1 90.2 92.2 94.3 96.6 97.7 99.1 100.5 100.4 99.5 98.5 94.2 91.2 96.3 100 103.2 106 108.8 109.5 110.2 110.8 110.5 109.8 108.1 105.5 102.5 98.2 93.7 91.2 91.6 90.8 88 78.4 63.8 52 42.6 33.8
99.5 100.5 102 103.3 103.9 102.8 101.3 99 95 92.4 89.4 84.1 79.7 84.3 86.1 87.9 89.8 92 94.4 96.1 96.3 95.5 94.1 91.4 88 81.9 74.5 69.5 61.2 56.5 53.5 48.9 46 44.5 44.1 40.3 40.4 53.1 62.5 66.5 71.4 76.1 80.7 84.5 85.2 85.6 87 88.7 90.4 91.2 92.9 94.5 95.3 96.3 97.4 97.4 96 91.8 88.1 91.7 95.1 97.4 100.5 103.6 107.7 109.8 110.7 111.4 110.7 110.2 109.1 106.6 103.5 99.2 93.9 88 86.4 87.3 84.7 76.4 63.9 52.9 45.9 38.3
95.3 96.6 98.7 100 100.9 100.1 100.3 98.4 95.6 93 90 85.4 79.1 82.2 85.3 87.2 90 92.6 95 96.1 95.6 94.4 92.5 89 84.7 76.8 69.7 62.2 56.2 52.9 50.7 51 49.6 45.3 40.7 38.3 40.2 52 60.2 65.2 70.4 75.3 80.1 83 84.6 85.5 86.9 88.3 89.2 88.9 89.6 91.1 92.4 92.8 92.3 92 91.2 85.7 84.7 89.1 91.1 94 98.8 102.7 106.7 109.5 110.7 111.9 111.6 111 109.1 107.1 104.4 100.3 95.7 89.6 81.5 77.7 77.3 68.4 59.2 50.3 41.7 32.6
90.6 92.5 94.4 96.3 98.1 98.4 98.6 97.7 95.5 93.6 90.6 86.5 79.1 80 85.2 87 90.4 93 94.8 95.4 94.8 93.5 91.2 88 84.6 82.8 77 65.2 57.6 58.4 58.9 57.8 54.9 48.6 42.6 38.8 36.1 41.9 51 61.7 67.9 72.5 77.5 80.3 82.1 84.3 85.9 86 85.7 84.5 84.5 86.2 87.3 87.3 86 85.1 83.8 80.7 84.9 86.3 86.2 90.8 95.8 100.7 104.7 108.7 110.8 112.4 112 111.1 108.8 106.9 103.9 100.6 97.2 93.1 88.3 79.6 67 54.4 44.2 34.6 25 14.9
86.6 88.5 90.2 92.1 94.3 95.9 96.6 95.8 94.3 92 89.4 85 77.4 79.2 84.6 87.8 90.4 93.2 95.5 95 94.7 92.9 91.2 88.5 85.6 83.7 78 65.3 63.5 65 64.7 61.2 53.8 48 48.5 46.6 39.9 34.2 39.2 50.2 62.1 67.7 72.3 76.3 79.2 81.9 83.5 83.1 82 80.7 79.7 79.7 80 79.8 78 77.5 77.5 78.5 82.7 82.7 84.2 86.3 92.3 97.3 101.9 107.5 110 112 112.3 111.1 108.4 106.4 103.5 100.1 96.7 92.7 88.3 83.4 77 68.9 59.4 44.2 32.9 27.2
82.6 84.6 86.1 87.9 90.8 92.6 93.2 92.3 91.2 89.1 86.6 82.3 76.5 79.1 83.9 87.2 90.3 93.7 95.6 95.7 95.5 94.2 93 90.5 86.5 80.8 75.1 71.2 71.5 70.5 67.6 60.8 54.5 57.2 60.7 60 54.2 46.1 35.3 38.7 51.1 62.1 66.9 71.3 76.3 78.7 79.1 79.1 78.2 76.8 73.9 70.9 69.5 69.7 69.9 71.1 72.1 75.4 78.3 79.1 81.2 83.2 89.4 95.3 100.9 106.4 109.8 111.4 112.5 111.1 108.3 105.7 102.9 99.7 95.3 90.6 85.3 80.6 76.1 71.3 66.2 60.1 51.4 43.6
79.3 81.4 83.1 84.7 87.1 88.5 88.5 87.6 86.9 85.6 82.6 75.9 75.5 80.9 84.3 87.1 90.1 92.8 94.9 96.6 96.6 96.1 94.8 93.5 89.7 84 80.4 80.7 79.8 73 69.1 60.6 63.3 68 71.4 70.3 63.5 55.5 48 36.2 38.3 50.8 57.4 64.6 71.1 73.7 74.8 74.6 71.8 67.2 61.9 61.1 64.7 68.2 71.1 70.6 71.7 74.1 75.5 77.5 79.6 85 89.2 93.9 99.4 104.1 107.6 110 110.6 109.4 107.7 105.3 102 98 93.5 87.7 81.3 75 70.7 67.1 64.2 60.7 56 53.7
75.9 78.3 80 81.5 82.7 83.4 83.4 82.7 82 81.1 76.1 73.2 78.7 82.7 85.7 88.1 90.8 93.4 95.5 96.8 96.9 96.8 96.9 96.1 92.6 89.2 87.9 88.9 85.8 80.1 71.4 67.1 73.8 81.1 81.8 78.4 73.5 63.8 54.5 46.5 33.5 36.1 43.7 55.3 65 68.5 69.4 66.8 59.9 57.4 62.4 69.8 75.6 77.7 79.2 81.6 80.3 77.8 77.7 81.7 84.2 87.6 91.9 96.4 100 103.9 105.4 107.4 107.6 106.7 104.9 102.5 99.2 95.4 91 85.4 77.6 69.5 64.7 61.6 59.4 56.7 52.1 47.4
71.8 74.7 76.9 78.1 78.1 78.5 78.6 78 77.4 76.3 71 74.3 79.8 83.1 85.9 88.8 91.7 94.1 95.9 97.6 97.8 98 98.1 97.1 95.4 93.8 93.1 93 91.8 88.1 76.8 79.3 87.6 90.1 89.6 87.1 82.8 73.4 62.2 54.8 46.6 36.4 34.3 45.3 56.8 61.5 63 56.9 55.8 64.2 68.9 72.8 75 80.3 84.2 85.6 86.1 85 83 86.1 88.7 91.9 95.3 98.2 99.7 102.2 103.6 103.6 103.2 101.9 100 97.1 94.2 91.4 87.9 82.5 74.3 66.4 61.4 57.2 55.1 50.8 45.2 38.1
71.1 74.8 76 75.9 75.4 74.7 74.1 73.7 73.2 70.2 69.8 75 79 82.4 85.6 89 91.8 94.5 96.7 98.1 98.6 98.9 99.1 99.2 98.3 97.4 97.1 96.4 95 89.8 81.5 87.1 91.8 93.4 93 90.6 87.5 80.6 71.4 66.6 58.5 43.7 30.9 38.5 49.4 53.7 54.7 48.5 61.3 70.1 73.1 74.7 78.7 83.1 87.4 89.5 90 89.2 88.2 89.3 91.8 93.4 96.3 97.8 98.7 99.6 99.5 99.2 98.4 96.8 94.4 91.4 87.2 84.1 80.3 75.8 69.2 62.2 56.2 51.1 55.3 55.1 50.6 40.7
75.3 76.8 76.3 74.9 73.2 71.8 71 69.9 67.6 65.9 69.5 73 76.8 81.2 84.6 88 91.4 94.6 96.5 98.1 98.7 99.5 99.9 100 99.6 99.4 99.1 98.3 95.8 92.2 87.2 91.1 93.8 93.8 93.1 91.2 87.6 82.4 75.5 70.3 62.7 45.4 30.3 33.4 37 39.7 42.2 55.4 67.5 74.8 78.7 80.1 83.6 86.2 90.1 91.7 92.6 92.7 92.2 92.3 93.6 95 95.8 96.3 96.9 96.5 95.3 94.3 93.1 91.3 88.8 85.9 81.2 71.6 61.3 63.1 60.6 55.8 51.4 43.2 48.8 47.9 43.4 35.8
77.7 79.1 77.2 74.9 71.4 67.5 66 64.6 67.1 72 76.4 79 80.7 80.3 83.5 86.9 90.3 93.1 95.1 97 98.1 99.1 99.7 99.9 99.8 99.5 99.2 98.8 97 93.9 92.9 94 94 93.5 91.5 89 85.6 81.1 75.8 69.7 61.9 41.3 29.3 37.2 46.8 52.7 58.3 66.4 73.9 79.1 82.2 84.8 87.8 90 91.6 93.4 93.9 94.6 94.6 94.5 95.7 95.8 96 95.6 93.9 92.9 90.7 88.3 86 84 81.6 79.3 76.7 72.4 62.3 46.3 44.4 43.8 43.7 40 41.5 39.2 33.4 24.1
78.8 79.5 77.8 74 67.9 63.3 62.6 68.8 75.4 80.4 83.4 86.3 88 87.6 86.8 86.2 89.1 91.5 93.4 95.2 97 98 98.6 99.1 99.4 99.3 98.9 98.5 97.4 96.4 95.7 94.9 93.8 92.4 89.9 87.1 82.8 77.6 72.1 66 57.3 35.4 29 41.9 51.9 60.4 67.6 73.2 78.3 81.5 84.8 87.2 90.1 92.5 93.5 94.3 95.4 96.2 96.3 96.4 97.3 96.3 95.3 93.3 90.4 88.1 84.8 80 76.1 74.9 72.9 71.2 69.6 67.2 62.1 52 33.9 25.7 28.6 26.8 31.3 29.6 22.7 12.7
81.9 80.7 77.7 69.9 60.7 64.1 70.4 76.9 83.5 87.7 89.6 92.5 94 93.9 92.8 91 88.6 90.9 93 95 96.1 96.8 97.4 97.6 97.7 97.9 98.1 97.9 97.5 96.9 96.3 95 93.1 91 88.3 84.3 79.6 74 67.7 59.2 47.7 29.5 29.7 42.3 54.3 63.4 69.5 75.3 79.8 82.7 86.1 89.1 91.8 93.6 94.9 96.1 97 97.8 97.9 98.1 97.8 96 93.6 89.9 86.4 82.9 78.4 72.8 65.8 63.4 64.3 64.1 62.5 59.8 54.5 47.6 39.4 23.7 14.8 14.3 19.3 16.9 11 1.6
82.9 79.9 73.2 60.2 64.1 71.3 77.4 83.1 87.7 90.6 93.2 95.2 96.2 96 95.6 93.8 92.2 91.4 93.1 94.6 95.3 95.6 95.7 95.9 95.7 96.1 96.6 96.8 96.4 96.2 95.7 94.3 92.2 89.4 85.7 81.1 76 70.6 64 54.9 39.5 26.7 32.4 43.1 54.8 63.7 70.1 76.3 80 83.6 86.5 89.5 91.6 93.4 95.2 97.4 98.6 99.4 99.6 99.8 98.4 95.8 91.9 87.1 82.1 77.5 70.9 63.8 55.4 52.1 52.8 53.2 52.7 50.5 45.9 38.9 28.4 17 9.6 6.7 6.6 1.6 1.6 0.1
79.3 69.4 58.1 61.1 74.2 80.5 83.4 86.3 89.4 91.8 94.3 95.8 96 95.9 95.8 95.2 94.5 93.2 93.9 94.4 94.4 94.2 93.1 92.8 93.6 94.4 95.1 95.4 95.2 94.7 94 92.9 90.2 87 82.6 78.2 72.9 67.4 59.6 48.7 34.2 24.8 35.9 51.2 60.6 66.8 71.4 75.9 80 82.3 85.9 89 91.4 93.2 95.6 97.4 98.6 100.4 101 101.2 98.4 95.2 91.2 86.9 82 74.3 62.7 56.9 54.7 51 45.9 42.6 39.4 36.3 32.8 26 20.7 19.6 17.7 11 1.6 1.6 1.6 -1.6
67.5 54.5 56.8 71.1 80.4 84.2 86.1 88.2 90.4 92.5 94.2 95.5 96.5 96.5 96.5 96.2 95.5 94.8 94 94 93.4 92.3 90.6 89.5 92 93.2 93 93.1 93 92.8 92.1 90.7 88.2 84.2 79.8 74.9 69.6 63.6 52.1 38.7 26.8 27.2 41.2 57.2 65 69.2 72.9 76.4 79.1 82.4 85.2 87.2 89.9 92.8 94.8 97.2 99.1 101 101.9 101.5 98.7 94.9 90.8 86 79.9 67.8 68.2 67.4 64.4 60.4 54 49.4 44.4 40.3 35.7 34 33.8 38.3 32.7 24.6 15.1 10.3 6.6 -1.6
60 50.5 63.8 74.8 80 83.1 85.4 87.3 89.7 91.9 93.7 95 96 96.9 97.5 98.3 96.8 95.6 93.4 92.6 91.2 90.3 88.8 87.1 89.4 89.8 89.9 90 90.1 90.2 89.8 88.1 85.4 81.3 76.8 70.8 63.5 52.2 39.5 26.6 22.8 32.5 48.5 61.8 67.6 71.8 74.8 76.7 79 80.5 82.4 85.3 88.5 92.1 94 97 99 100.6 101 100.6 98.6 95.1 91.6 86.9 79.4 75.6 80.5 81.3 78.4 75.1 71.4 68.8 65.9 62.3 59.9 58.8 58.9 59.6 52.5 45.4 34.4 25.1 14.8 1
49.7 52.9 64.5 71 76.2 80.7 84.8 88.1 90.7 92.7 94.3 95.3 96.2 96.9 97.4 97.7 96.2 95.4 92.8 89.6 88.5 87.3 85.3 82.9 85 85.6 86.1 87.1 87.3 87.4 86.7 84.8 82 77.9 72.4 65.2 52.1 38.4 24.8 20.6 31.5 43.9 57.3 64.3 70 73.1 74.6 75.4 77 77.6 79.6 83.8 87.7 90.6 93.8 96 98.1 99.8 100.5 100.1 98.8 96.1 93.2 89.3 81.4 84.1 86.8 86 85 84 83.1 82.5 81.8 80.3 78.7 77.9 76.7 74.6 70.5 62.2 50.2 40.9 32 5.8
42.2 51.3 60.9 69.9 76.5 82 87.4 91.9 93.8 94.7 95.4 95.7 95.5 95.7 96.2 95.8 95 93.5 90.4 87.3 83.4 81.3 80.3 77.4 80 80.7 81.8 83.3 84.3 84.2 83.7 82.2 79.5 74.7 67.3 55.3 40 25.9 19.6 30.9 45.1 55.3 61.2 66.1 69.9 72 72.6 73 73.2 73.7 78.6 82.4 86.3 89.3 92.5 95.7 98.1 99.5 100.3 100.4 99.6 97.3 93.9 89.2 85.5 87.7 89.9 90.2 90.4 90.9 89.9 89 88.2 87.3 86.4 85.5 84.3 81.9 77.7 67.4 56.6 48 34.9 14.6
43.6 54.2 63.2 71.7 78 83.5 88.9 93.4 94.5 95.1 94.6 93.9 93.8 94 94.4 93.7 93 91.3 87.9 84.2 80 74 71.7 67.3 73.1 74.6 76.3 79.4 80.8 81.6 81.3 79.6 76.9 71.7 63.1 47.8 29.9 19 24.9 43.2 53.3 59.4 62.6 65.7 67.5 69.4 69.5 68.4 68.8 76.1 80 83.3 87 90.3 93.7 96.8 99.1 100.2 101.2 101.4 100.1 97.6 93.5 89.6 89.4 92.6 93.4 94.4 95.7 96 95.4 94.4 92.9 90.9 89.5 87.7 85.4 81.5 75.7 66.6 56.2 40 25.5 7
47.8 57.7 66.1 74.2 79.5 85.1 90 92.7 93.1 92.8 92.2 91.3 91.1 90.7 90.7 90.7 90.5 87.7 84.6 81.1 76.2 68.9 57.5 58.6 64.8 66.7 71.1 76.8 79.3 79.8 79.4 77.3 74.4 69.6 59.2 42.4 24.2 18.3 33.5 48.7 55.6 59.5 61.9 63.3 64.3 64.1 61.8 63.8 70.5 77.1 81.8 84.4 88.2 91.7 94.5 97.3 99.2 100.6 100.9 101.1 99.4 97.1 93.5 91.5 95.2 96.8 97.9 98.6 99 98.4 97.8 96.4 93.9 91.2 89 86 82.3 76.8 67.1 59.6 47.5 32.8 11.7 -1.6
57.2 65.8 72.1 77.4 81.8 85.6 88.5 90 89.4 88.9 88.8 87.3 85.9 85.6 86 85.9 84.9 82.7 79.6 76.9 73.1 64.8 48.9 48.7 54.4 60.6 69.3 75.1 78.1 78.1 77.1 75 71.6 67.9 60.4 41 22 17.2 34.3 50 54.2 56.7 56.9 56.5 55.2 55 58.6 65.5 71.7 76.8 81.2 83.8 87.2 90.9 94 97.1 98.9 100 100.2 100.6 99.8 98.3 96.3 96 98.9 100.3 101.5 101.2 100.3 99 97.9 95.7 92.4 89.4 86.1 81.7 76.3 67.1 56.2 46.1 32.9 18.5 -1.6 -1.6
64.4 70 75.7 79.7 81.8 84.1 85.6 86.2 85.5 84.2 82.3 80 78.9 77.5 77.9 78.5 77.8 75.5 72.9 71.3 68.3 58.1 41.5 41.4 50.1 61.9 69.9 73.6 75.7 75.2 73.9 71.8 68.5 64.8 59.6 42.1 23.1 16.1 33.2 48.3 51.9 49.6 45.7 45.5 50 56.4 63.3 68.9 74.1 77.8 81.3 84.4 87.2 90.5 93.9 96.8 98.6 99.9 100.5 100.6 100.1 100 99.4 99.4 101.6 102.8 102.7 101.3 99.4 97.6 95.5 92.8 89.9 85.8 81.6 75.6 67.1 55.4 42.5 33.3 21.6 -1.6 -1.6 -1.6
69.3 75 77.2 79.5 81.3 82 82.2 80.8 78.7 75.4 72.2 70.4 66.5 66.6 67.8 68.8 68.7 66.4 64.9 63.1 61.4 53.2 35 41.1 56.8 65.7 69.6 72.3 73 71.3 69.4 66.8 64.5 61.2 57.3 45 25.2 14.2 31.2 41 35.1 35.8 43.3 49.6 55.8 60.7 65.5 70.8 74.8 78.7 82.5 85.6 88.6 91.5 94.5 97.3 98.6 99.7 100.8 101.5 101.4 101.2 101.2 101.6 103.3 103.1 102.7 100.8 96.9 94.5 91.5 88 85.2 80.1 74.4 67.3 57.4 46.8 33.8 24.8 10.5 -1.6 -1.6 -1.6
72.5 76 77.8 78.7 78.9 79.2 77.5 72.5 67.8 59.5 56.2 51.5 50.9 52.5 54.3 57 57.1 56.3 54.3 52.9 51.6 46.2 30.1 43.3 57.9 63.5 67.4 69.8 68.6 66.1 63 60.3 58 55.7 52.7 47.4 27.1 13.1 24.3 23.2 33.9 45.6 55.1 56.1 59 62.6 66.8 70.9 75.3 80 84 86.9 90 93.1 95.7 97.7 98.8 99.9 101 101.8 102.3 102.7 103.1 103.5 103.5 103.3 102 98.7 94.3 90.8 87.4 84 80.5 73.5 66.5 58.5 50 38 22.5 11.3 -1.6 -1.6 -1.6 -1.6
75.5 77 77.6 77.6 76.2 74.5 68.6 61.2 48.5 40.8 36 34.4 36.3 37.5 39.9 40.6 40.7 40 41.3 39.9 41 34.6 27.5 44.8 54.2 59.7 63.9 65.4 62.3 59 55.3 52.9 50.3 47.6 44.3 35.5 22.1 11.6 22.2 33.7 44.5 53.2 57.5 60.1 61.9 64.5 67.9 72.6 77.4 81.4 85.1 88.1 91 94 96.4 98 99 100.1 101.1 102 102.7 103.1 103.3 103.1 103 102.7 100.6 96.7 90.4 85.9 82.3 78.9 74.4 68.9 61.7 51 37.2 25 13 -1.6 -1.6 -1.6 -1.6 -1.6
76.5 76.8 75.7 73 70.5 65.4 55.8 42.2 30.8 27.1 25.1 24.1 23.4 23.1 22.4 21.9 22.9 24.2 23.8 25 26.4 25.9 25.4 39.6 47.5 53.3 56.7 56.1 53.7 49.6 45.4 41.5 40.3 36.9 27.4 19.9 9.4 14.2 33.5 47.5 54.6 59 62.2 64.7 65.8 67.3 69.6 74.6 78.5 82.2 85.6 88.9 91.6 94.5 96.8 98.2 99.2 100.3 101.1 101.6 102.3 102.1 102.1 102 101.9 101 98.9 95 89.5 84.1 78.7 73.3 69.9 63.6 55.1 41.2 23.1 14.3 -1.6 -1.6 -1.6 -1.6 9.3 19.6
74.8 75.3 72.3 66.3 61.5 49.3 36.3 27.2 21.9 20.6 19.3 18.2 17.4 16.7 16.1 15.7 15.7 15.4 15.5 15.6 15.5 16.3 20.7 28.1 36.4 43.7 46.1 45.6 42.1 35.8 25.9 22.6 19 16.4 12.9 7.6 12.6 26.4 41.7 52.5 59.2 63.9 67.3 69.4 70.2 70.2 73 75.9 79.9 82.9 86.3 89.6 92.6 94.5 96.2 97.9 98.8 99.5 100.3 100.2 100.6 100.3 100.3 100.3 100.1 99.1 97.3 94 89.3 84.2 77.9 68.1 62.1 53.1 37.9 22.7 -1.6 -1.6 -1.6 -1.6 -1.6 11.6 21.7 34
70.8 71.3 68.7 59.8 50 33.5 25 19.6 17.3 15.7 14.3 13.1 12.6 11.8 12 12.1 12.3 12.1 12.2 11.9 11.7 12.5 14.7 18.8 22.6 28.9 31.5 33.7 29.9 22.5 15 12.1 8.6 4.4 5.5 8.9 26.1 35.5 46.3 54.8 61.4 66.2 69.6 72.3 74.5 73.8 74.7 77.8 81.7 84.4 87.4 90.2 92.3 93.8 95.5 96.6 97.5 98 97.7 97.6 97.6 97.3 97.7 98.2 98.3 97.3 95.5 92.7 88.8 83.6 76.8 66.6 49.6 36.5 23.9 1.3 -1.6 -1.6 -1.6 -1.6 15.4 25 36.5 49.7
63.1 65.1 62.2 51.4 34.6 25.1 17.7 15.1 13.1 4.1 1.9 1.6 1.5 1.6 5.9 6 8.2 9.3 9.3 8.9 7.9 9.3 10.3 12.3 13.8 16.2 15.6 17.6 16.5 11 1.8 0.8 0 -1.6 1.7 13.7 25.7 35.8 44.8 52.3 59.2 66.1 70.6 73.3 73.1 73.1 74.3 77.4 81.3 84.4 87.5 89.7 91.5 93.1 94.2 95.2 95.6 95.1 94.3 93.7 93.8 94.5 95.1 95.6 96.2 95.4 93.9 91.5 87.6 82.7 76 66.7 59.3 47.6 26.6 -1.6 -1.6 -1.6 -1.6 9.3 21.4 34.3 47.4 66
50.9 54.2 52.1 40.3 24.6 16.4 13.2 11.6 1.5 0.7 0.4 0.1 -0.1 0 0.8 0.7 0.8 0.8 1.1 1.1 1.3 1.4 1.3 1.8 3.3 1.8 9.5 9.1 7.7 2.1 0.7 -1.6 -1.6 -1.6 -0.1 2.1 16.4 24.1 34.5 43.7 52.6 60.2 63.4 66 67.3 68.8 70.8 75.8 80.5 83.8 86.5 88.7 90.2 91.4 92.2 92.6 92.4 91.3 90 89.2 89.6 90.9 92.2 93 93.7 93.5 92.1 90 86.3 82.1 77.6 72.6 68.4 56.6 29.7 -1.6 -1.6 -1.6 -1.6 15.8 24.2 40.5 58.6 73.6
33.6 37.4 34.7 26.1 17.3 11.6 9.9 1.3 0.2 -0.8 -1 -1.6 -1.6 -1.6 -0.4 -0.6 -0.8 -1.6 -1.6 -1.6 -1.6 -0.3 -0.5 0.6 0.3 1.1 2.8 1.8 1 0.2 -1.6 -1.6 -1.6 -1.6 -1 0.6 1.4 12.7 6.8 24.6 36.3 43.3 47.8 52.1 56.1 59.9 63.8 70.5 76.1 80.4 84.8 86.4 87.9 88.8 89.2 88.8 87.8 86.5 84.5 83.4 84.9 86.7 88.2 90.1 91.2 91.7 90.4 88.9 87 84.8 82.5 77.8 71.3 63.6 34.9 -1.6 -1.6 -1.6 -1.6 15.9 32.1 47.9 68.5 76.6
17 19.2 16.9 12.6 9.3 8.7 3 0.4 -1.6 -1.6 -1.6 -1.6 -1.6 -1.6 -1.6 -1.6 -1.6 -1.6 -1.6 -1.6 -1.6 -1.6 -1.6 -1.6 -1.6 -1.6 0 -0.2 -0.6 -1.6 -1.6 -1.6 -1.6 -1.6 -1.6 -0.3 0.6 0.6 -0.4 1.4 4.6 20.2 24.4 13.4 10.8 34.3 46.5 59.8 70.2 78.1 80.9 82.5 84.6 85.4 85.6 84.2 83 81.3 79.5 78.2 79.9 81.8 84 86.5 88.7 89.3 89.3 89.3 87.9 86.6 84.4 80 70.1 48.7 28.8 -1.6 -1.6 -1.6 -1.6 18.9 38.1 57.6 73.4 79.7
1.6 7 6 2.4 8.3 1.6 0.7 -0.4 -1.6 -1.6 -1.6 -1.6 -1.6 -1.6 -1.6 -1.6 -1.6 -1.6 -1.6 -1.6 -1.6 -1.6 -1.6 -1.6 -1.6 -1.6 -1.6 -1.6 -1.6 -1.6 -1.6 -1.6 -1.6 -1.6 -1.6 -1.2 -0.4 -0.3 -1.6 -1.6 -1.6 -1.6 -1.6 -1.6 -1.6 1.3 8.6 35.1 61.4 71.9 75.2 77.5 80.2 81.3 80.8 78.9 77.2 75.5 72.9 71.8 73.2 76.4 79.3 82.7 85.3 87.2 87.5 87.9 88.3 87.3 85.8 81.5 69.4 44.3 22.6 -1.6 -1.6 -1.6 -1.6 22.6 45.1 63.6 73.9 77.7
-1.6 0.2 0.2 0.9 1.4 1 0.2 -0.9 -1.6 -1.6 -1.6 -1.6 -1.6 -1.6 -1.6 -1.6 -1.6 -1.6 -1.6 -1.6 -1.6 -1.6 -1.6 -1.6 -1.6 -1.6 -1.6 -1.6 -1.6 -1.6 -1.6 -1.6 -1.6 -1.6 -1.6 -1.6 -1.4 -1.6 -1.6 -1.6 -1.6 -1.6 -1.6 -1.6 -1.6 -1.6 -1.6 3.6 33.6 41.5 59 59.8 70.1 73.1 73.4 72.3 71.1 69.3 67.2 66.3 68.8 71.4 74.7 78.6 83.1 85 85.6 86.1 86.6 86.5 85.7 81.2 69.4 44.7 21.2 -1.6 -1.6 -1.6 1.7 29.9 52.1 63.3 68.4 71.6
-1.6 -1.6 -0.7 -0.2 0 -0.3 -0.7 -1 -1.6 -1.6 -1.6 -1.6 -1.6 -1.6 -1.6 -1.6 -1.6 -1.6 -1.6 -1.6 -1.6 -1.6 -1.6 -1.6 -1.6 -1.6 -1.6 -1.6 -1.6 -1.6 -1.6 -1.6 -1.6 -1.6 -1.6 -1.6 -1.6 -1.6 -1.6 -1.6 -1.6 -1.6 -1.6 -1.6 -1.6 -1.6 -1.6 -1.6 -1.6 8.6 8.5 10.6 52.1 61.8 64.6 66 65.2 63.9 62.5 62.3 64.4 67.2 70.4 74.8 80.6 81.8 81.7 82.3 81.9 82.2 81.8 79.3 67.7 43.5 22.3 -1.6 -1.6 -1.6 -1.6 31.8 47.2 57.1 62.9 66.2
-1.6 -1.6 -1.6 -1.6 -1.6 -1.6 -1.6 -1.6 -1.6 -1.6 -1.6 -1.6 -1.6 -1.6 -1.6 -1.6 -1.6 -1.6 -1.6 -1.6 -1.6 -1.6 -1.6 -1.6 -1.6 -1.6 -1.6 -1.6 -1.6 -1.6 -1.6 -1.6 -1.6 -1.6 -1.6 -1.6 -1.6 -1.6 -1.6 -1.6 -1.6 -1.6 -1.6 -1.6 -1.6 -1.6 -1.6 -1.6 -1.6 -1.6 -1.6 -1.6 21.1 36 55.8 58.9 59.6 59.1 57.9 59.4 62 63.4 65.3 71.1 75.3 75.5 74.4 74.1 74.7 75.9 76.8 76.3 68.3 45.4 23.4 -1.6 -1.6 -1.6 -1.6 22.9 36.6 49.6 55.7 58.3
