app/static/ascii/SX56.asc
ncols 200
nrows 200
xllcorner 250000
yllcorner 60000
cellsize 50
[rows 105 to 139 of 200, columns 0 to 77 of 200]
136.2 138.9 141.5 144.4 147.2 149.5 152 155.5 158.8 161.7 164.7 168 171.2 174.1 177 179.9 182.5 183.9 185.3 186.4 186.1 185.7 185.1 184.5 183.6 182.6 181.6 180.2 178.7 177.1 175 172 168.7 166.7 164.9 165.2 165.2 165.8 167.3 168.6 169.8 171.1 171.6 170.8 170.2 168.9 167 164 160.9 156.2 150.4 142.9 136.5 127.4 117 107.6 108.5 111.6 114.4 117.9 125.3 132.2 140.1 146.9 154.6 161.8 167.6 173.8 180 184.7 189.2 191.5 192.2 191.9 191.3 195.7 200.5 206.3
140.2 141.7 144.5 147 149.4 151.8 154.3 157.9 160.3 162.9 166.3 169.8 172.6 175.3 177.9 179.7 181.7 183.2 184 184.4 184.2 183.8 183.3 182.7 181.9 180.9 180 179 177.6 175.9 173.1 169.9 167.1 164.1 160.8 160.4 161.2 162.7 164.2 165.6 167.1 168.6 169.1 168.9 168.3 167.9 166.6 164.8 161.8 157.8 153.2 148.6 143.1 135.7 124.9 115.4 106.6 109.2 111.7 116.2 124.2 131.8 138.6 144.9 154.2 161.5 167.3 173.4 178.9 183.5 187.1 189 188.4 186.8 189.5 194.3 198.6 205
150.1 151.9 153.6 155.4 156.6 157.4 159.8 161.3 163.5 166.1 168.7 171.6 174.2 176.8 178.9 180.5 181.7 182.5 182.6 182.8 182.3 181.8 181.4 181 180.1 179.3 178.4 177.5 176.3 175.2 172.2 170.3 166.8 163.6 159.6 156.9 157.9 159.3 161.1 162.6 164.5 165.8 166.6 166.5 166.9 167.1 166.6 164.8 163.4 160.7 157.3 153 148.8 143.6 134 123.5 111.8 108.3 108.7 112 120.1 127 135.4 142.5 153 160 166.1 171.9 177.6 181.7 184.5 185.6 182.5 180.2 185.7 191.5 196.8 204.1
159.6 160.5 162 163.2 163.6 164.2 165.3 166.6 167.9 170 172.4 174.3 176.8 178.9 180 181 181.3 181.6 181.1 180.9 180 179.1 178.3 178.7 177.8 177.5 176.9 176 174.9 173.9 171.9 170 166.8 163.4 159.4 155.5 154 155.8 157.4 159.4 161.3 162.9 164 164.6 165.1 165.5 165.6 165.5 164.2 163.4 160.6 158.5 155.8 151.6 143.9 133.4 121.6 112.4 107.9 105.7 114.7 122 128.4 138.5 149.5 157.4 163.7 170.3 175.6 178.9 180.8 179.1 173.8 177.1 182.7 188.7 196.1 203.9
166 166.7 167.3 168.2 169 169.9 170.8 171 171.9 173.9 175.6 177.4 179.3 180.5 181 181.2 181.4 180.7 179.9 179 177.4 175.7 174.9 174.5 175.3 175.6 175.3 174.6 173.6 172.7 171.4 169.6 167 163.9 159.7 155.3 150.3 151.4 153.2 154.8 156.8 159.3 161.3 162.7 163.3 163.7 164.3 165.1 164.9 165.6 165.2 163.1 160.2 156 149.4 142.3 132.3 121.3 111.4 107.1 108.4 115.2 122.8 132.7 145.2 153.2 160.9 167.5 172.2 175.1 174.5 168.5 163.6 173.5 181.3 188.4 196.7 204.8
171.5 172 172.5 173.1 173.8 174.7 175.2 175.5 175.8 177.4 179.2 180.5 181.3 181.6 182 181.9 181.3 180.2 178.6 176.7 174.8 172.2 170.4 170.3 171.5 172.6 173.6 173.1 172.6 171.8 170.4 168.5 166.6 164.4 159.9 155.3 148.4 146.7 149 150.5 152.2 154.3 156.8 159 161.5 161.9 162.3 163.1 164.6 166 165.6 165 162.3 158.7 153 147 140.1 130.6 118 104.5 106.7 108.6 115.4 125.3 137.8 147.6 155.6 162.5 167.2 168.6 164.7 155.5 158.6 169.1 179.9 189.7 198.7 206.1
175.1 175.7 176.3 177.3 178.2 179.2 179.6 179.8 180.4 181.2 182.1 182.8 183.3 183.3 183.1 182.5 181.6 179.9 177.1 174.4 171.5 168.2 166.2 166.2 167.6 169.1 170.5 170.6 170.4 170.2 169.2 167.3 165.3 163.1 160.3 155.1 147.9 143 144 146.3 148.3 150.4 152.6 154.9 157 159 159.9 160.8 162.3 163.4 164.4 164.2 162.4 158.5 154.5 148.8 141.6 135.1 124 113.6 107.3 106.5 110.8 119.8 130.7 139.8 148.9 155.1 159.5 157.7 149.9 144.5 154.4 168.6 179.9 189.9 199.3 207.7
178.8 179.4 180.1 181.2 182.5 183 183.5 183.7 184.1 185.1 185.9 186.6 186.2 185.9 184.7 183.3 181.9 179 176.3 173 168.8 165.3 162.4 162.1 164.2 165.7 167.3 168 167.8 168 167.6 165.8 163.7 161.3 158.8 154.3 147.9 141.1 140.5 142 144.6 146.7 148.9 151.1 153.6 155.8 157.2 158.5 159.6 160.8 161.8 161.5 159.8 156.8 152.8 147.4 141.4 135.6 128.7 120.2 109.5 105.4 107.4 116 125.7 133.5 136 138.9 141.1 138.5 134.3 141.6 153.2 166.3 178.5 190.8 199.5 208.7
183.1 184.1 184.4 185.6 186.7 187 187.4 187.7 188.1 189 189.7 189.9 189.4 188.6 187.4 185.2 183.2 180.2 177.1 172.9 169 163.1 157.9 157.6 160.2 162.3 163.9 165 165.4 165.3 165.3 163.9 161.7 159.4 156.3 152.3 146.6 139.9 136 137.7 141 143.1 145.7 148.4 150.8 153.1 154.6 156.2 157.2 158.1 159.2 159 157.9 155.8 152.9 149.1 143.9 139.7 135 127.3 116.2 108.9 105.2 110.8 119.2 121.2 118.9 116.6 119.4 119.5 121.9 138.3 152.3 164.7 176.4 188.6 201.6 211.3
185 186.5 187.5 188 188.9 189.6 190.4 191.6 192.3 192.3 192.6 192.8 192 190.3 188.5 187.1 184.5 181.3 177.3 173.1 169.6 164.2 157 152.6 156 158.8 160.3 161.3 161.4 161.5 161.6 160.4 158.2 155.7 152.4 148.1 144.2 137.4 133.2 134.3 137.4 140.5 143.2 145.9 148.7 151.2 153.2 154.6 155.8 156.8 157.5 157.3 157.2 155.9 153.9 151 147.6 143.9 139.9 133.6 126.9 115.3 105.6 105.9 108.8 109.5 107 106.4 103.8 101.7 111.1 131.1 149.3 163.2 175.7 189.9 204.2 214.3
185.3 187.3 187.9 189.1 190.3 191.5 193.2 194.6 195 195.1 195.6 195.4 194.4 192.2 190.2 188.7 185.5 181.7 176.9 171.2 168.4 163 153.9 149.5 151.8 153.9 155.4 156.7 157 157.2 157 155.3 153.4 150.8 147.7 142.2 137.1 131.7 130.1 133.2 136.6 139.4 142.1 145.3 148.2 150.8 152.8 154.1 155.3 156.2 157.2 157.4 157.4 156.7 155.5 153.3 150.9 147.3 143.6 137.9 133 123.9 115.2 109.4 104.1 102.6 108.7 109.3 107 103.1 98.5 121.1 145.5 163.7 177.8 192.4 206.6 215.8
184.9 186.6 187.9 189 190.8 192.6 194.4 195.7 196.6 197.9 198.3 197.9 196.5 194.6 191.8 189.4 186.6 182.3 177.1 169.5 165 156.9 148.7 145.8 147.9 149.7 151.1 152.2 152.4 152.7 152.8 152.1 150.1 147.3 143.8 138.2 132 126.9 129.8 133.7 137.5 140.3 143 145.8 148.5 151.1 153.2 154.6 155.6 156.6 157.6 158.2 157.8 157.1 156.6 155.5 152.9 149.9 145.9 141.8 137.5 130.5 123.3 117.7 117.5 122.3 126.7 127.4 120.2 109.6 93.2 117.3 143.3 162.9 179.3 193.4 208 217.7
183 185 186.8 188.5 190.3 192.1 194.8 196.5 197.2 198.3 199.3 199.5 197.7 195.6 193 191.1 187.8 182.8 177.8 170.4 161.5 153.8 145.5 142.2 144.9 146.5 147.6 148.1 148.3 148.4 148.3 147.8 146.8 144.1 139.8 133.9 125.3 122 130.2 134.8 138.5 141.5 144.4 147 149.3 151.4 153.4 155.1 156.1 157.7 158.3 158.6 158.2 157.5 156.4 155.2 152.4 148.5 144.4 140.4 138.9 135.2 129.9 125.5 128.9 135.6 139.8 136.5 123.7 103.8 92.7 115.5 143.7 166.1 182 196.6 210.4 219.2
180.6 182.6 184.5 186.4 188.1 190 192 194.5 195.7 196.8 197.9 197.5 196.4 194.7 192.8 190.6 187.3 182.8 177.4 170.5 160.2 152 142.2 138.7 141.4 142.9 143.7 143.8 143.3 143.2 143.3 143.2 142.5 140.3 136.4 127.6 119 125 132.3 136.8 140.7 144.2 146.7 148.8 150.8 152.3 154 155.2 156.6 157.7 157.9 157.9 157.1 156 155.3 153.2 149.6 144.8 138.7 133.4 131.7 130.6 129.1 128.5 134.2 142.9 149.6 136.5 117.4 97.4 96.9 118.9 146 171.9 189.1 202.7 215 221.5
178 179.8 181.6 183.4 185.5 187.4 189.3 191.7 192.7 193.8 195.1 194.7 193.6 192.5 191.1 189 186.4 183 177.6 170 159.9 150.3 139.4 137.2 137.5 138.7 139.5 139.3 138.4 138 138.2 138.2 137.8 136.2 133.4 119.3 118.3 126.2 133.2 138.1 143.6 146.8 149.4 151.4 152.7 153 153.7 154.9 156.2 156.7 156.4 156.1 155.3 154.2 152.8 150.1 145.5 139.1 131.7 122.1 114.8 115.3 116.6 121.1 128.7 139.2 141.1 126.4 104.3 90.5 101.5 126.1 151.2 177.3 196.4 210.8 219.7 223.5
174.5 176.6 178.4 180.3 182.3 184.4 186.7 188.4 189.5 190.5 192 191.8 190.7 190 188.4 186 183.5 180.3 173.7 167.4 159.2 149.9 137.2 132 133.5 134.5 135.2 134.6 133.5 132.8 132.7 132.5 132.9 131.4 128.2 114 116.5 125.9 133.5 139.6 145.6 148.1 150.5 152.5 153.6 153.8 154 154.5 155.6 155.6 154.9 153.6 152.1 150.6 148.5 144.6 137.8 128.9 116.9 107.7 101.8 101.6 102.4 108 118.8 129.2 129.4 109.3 87.3 94.4 107.2 133.7 160.1 183.5 202.9 218.5 224.7 225.2
170.9 173.1 175.2 177.1 179 181.2 183.3 185.3 186.5 187.9 188.9 189.2 188.7 187.5 185.2 182.8 179.3 173.6 167.3 161.6 155.4 146.6 135.8 128.6 129.2 130.5 130.7 129.5 128.4 127.3 126.6 126.4 126.5 125.4 118.6 109.5 115.4 125.3 130.4 134.9 140.5 144.9 148.6 151.1 152.4 153 153.4 153.7 154.5 154.4 152.5 150.9 147.9 145.8 142.9 137.7 130.3 116.3 105 95.9 93.1 93.2 94 95.5 103.6 113 108.1 96.2 86.8 96.9 119.6 145.2 173.2 191.8 210.5 223.5 226.1 222.2
167.4 169.6 171.7 173.8 175.8 177.9 180 182.1 183.7 185.2 186.5 187 187.3 186.4 183.5 180.7 177.1 170.9 164.2 158.2 152.3 144.3 136 128.1 124.8 126.2 125.9 124.4 122.9 121.5 120.7 120 119.8 117.6 107.3 108.6 116.3 123.4 128.3 131.9 135.2 139.5 143.4 147.2 149.5 150.8 151.3 151.9 152.7 152.6 150.7 147.6 144.6 140.8 136.7 130.1 119.7 104.7 92.7 86.9 85.5 85.7 86.6 87.9 89.9 96.3 93.8 86.7 88.4 107.4 130.2 159 182.8 196.6 207.8 218.7 220.1 207.4
163.8 166.1 168.2 170.4 172.5 174.6 176.7 178.8 180.6 182.3 183.8 184.6 186 185.3 183.5 180 175.6 170.1 164.3 156.6 151.7 142.1 134.8 127.2 121.4 120.2 120.8 119.3 117.6 116.1 114.8 114.3 113.1 107.9 101.9 108.8 116.3 121.6 125.7 128.7 132 135.5 138.8 142.4 145.9 147.9 149.1 149.9 150.5 150 147.8 144.7 140.6 135.6 128.6 120.2 105.4 90.3 81.3 78.7 78.1 79.8 80.9 82.3 85.4 86.4 83.1 81 95.3 119.3 149.5 161.2 169.1 178.9 191.3 199.7 208.1 204
159 162.8 165 167.4 169.2 171.2 173.4 175.5 177.7 179.4 181.2 183.4 184.5 184.2 181.8 179.9 176 171.3 166 159.6 153.1 144.9 136.6 129 121.4 115.8 114.9 114.3 112.6 110.3 108.5 107.7 105.1 100.5 102 109.6 115 119.3 122.5 125.5 128.8 132.2 135.5 138.3 141.6 144.4 146.3 147.2 148 147.1 145.1 142 136.1 128.6 121.1 108.1 90.1 77.5 75.6 76 77.6 79.3 80.5 81.9 84.6 83 79.5 87 98.1 115.5 129.1 134.2 141.7 152.1 164.7 176.3 182.3 167.4
158.8 159.1 162.1 164.6 166.7 168.5 170.9 173.5 175.7 178 180.4 182.1 183.6 184 182.4 180.1 177.7 174 169.1 164.1 158.5 152.4 143.3 133.3 126.1 116.8 110.6 108.7 107.1 103.8 102.9 101.8 99 96.3 103.1 109.3 113.3 116.3 119.4 122.4 125.4 128.9 131.8 134.5 137.9 140.6 143 144.6 145.2 144.1 142.1 138.3 130.9 122.1 112.6 98.1 81.1 74.3 74.7 74.9 76.5 78.3 80 81 82.4 80.8 81.2 84.7 88.5 93.6 102.7 113.2 122.5 131.4 140.9 151.6 161.5 152.4
163.4 163 162.1 163.8 165.6 167.2 170 173 176 177.8 179.7 181.7 182.9 183.4 183 181 179 175.8 171.6 166.6 161.4 156.5 150 141.4 132.2 124.1 117 111.2 106.7 103.3 98.3 96.1 95.1 97.3 103.3 107.9 111.1 113.9 116.6 119.4 122.2 125.5 128.6 131.5 134.6 137.6 140 141.6 142 141.7 138.2 134 125.3 114.4 104.9 94.2 78 73.5 73.5 73.3 74.9 76.6 77.7 78.6 79.8 75 76.7 79.5 88.1 93.3 89.8 100.4 108.6 113 119.3 126.7 132.1 120
165.8 165.5 164.6 165.3 167.1 169.3 172.1 174.8 177.3 178.9 180.3 181.6 182.5 183.4 182.9 181.7 180 177.7 173.8 168.5 163.6 158.9 152.4 146 138.4 128.9 121.9 117.9 114.1 109.9 101.6 95.4 91.9 97.8 102.2 105.9 108.6 111.4 114 116.8 119.6 122.7 125.4 128.6 131.8 134.6 136.8 138.6 139.5 139 135.7 130.9 123.7 113.6 103.4 90.3 74.7 72.1 71.8 71.7 72.9 73.5 74.6 75.9 77.3 76.4 80.5 89.3 98.1 105.8 106.4 103.3 99.8 101 101.6 103.6 111.3 115.6
167.7 167.8 166.9 167.2 169 171.5 174.1 176.6 179.1 180.6 181.2 181.6 182.4 183.2 183 181.8 180.4 177.7 174.2 169.2 163.9 159 153.1 147.1 139.5 135.1 127.5 121.4 115.3 110.7 106.1 96.8 91.3 95.6 99.8 103.5 106.1 108.8 111.4 114.3 117.3 120.4 123.3 125.9 128.8 131.6 133.8 135.7 137.2 137.6 136.6 132.2 125.2 116.5 100.5 84.9 72.4 70.4 69.5 69.5 70.1 66.8 69.5 68.4 74.4 75.6 83.6 94.6 103.6 114.5 122.1 125 126.4 122.2 117.9 118 121.3 130.5
169.3 169.1 168.8 169.2 171.1 173.2 175.7 178.2 180.4 181.4 182 182.1 182.2 182.6 182.6 181.8 179.3 176.9 173.8 169.5 163.9 158.4 152.5 146.5 140.6 135.5 130.1 123.4 118.3 111.2 106.5 99.2 90.8 93 97.1 100.5 103.3 106 108.9 111.9 115 118.1 121.2 123.7 125.8 128.6 130.7 132.7 134.6 136.1 135.9 133.5 126.8 116.6 98.8 83.9 72.2 68.3 67.5 67.2 64.7 69.2 69.8 71.1 72.2 77.7 89.8 97.9 107.2 120.5 131.8 139.1 141.2 139.8 135.5 134.6 138.3 147.6
170.5 170.2 170 170.4 172.4 174.7 177.2 179.1 180.9 182.7 182.9 182.2 182 182 181.8 180.7 178.5 176.2 173.5 169 163.3 157.5 151.5 145.8 140.5 135.2 129.2 124.2 118.5 110.4 104 98.2 89.5 89.7 94.3 97.4 100.3 103.1 106.3 109.7 112.8 115.7 118.7 121.5 123.6 125.6 127.7 129.8 131.7 134.2 135 133 126 114.4 97.2 83.9 72.7 67.9 66.1 65.5 64.1 68.5 72.2 75.2 75.1 85.2 91.7 101 111.2 123.1 135.3 143.2 149.3 151.8 152.4 153.8 158.3 166.8
170.6 170.8 171.1 172 173.5 175.7 177.8 179.7 181.5 183.3 183.1 181.8 181.1 180.4 180 179.1 177.6 175.4 172.8 168.6 163.9 158 151.5 145.7 140.1 134.2 128.4 123.9 120.2 115.4 109.4 103.3 93.4 85.7 90.4 93.6 97.1 100.7 104.1 107.5 110.7 113.6 116 118.8 120.8 123.1 125.3 127.3 129.5 132.1 134.1 134.1 128 114.2 95.7 82.5 71.7 66.5 63.6 63 62.2 66.3 80.9 85.5 80.9 80.6 90.5 100.7 110.2 121.6 130.3 139 145.1 151.6 156.1 160.4 165.1 175.7
170.8 171.2 172.3 173.3 174.9 176.5 178.3 180.2 181.7 182.8 182.2 181.1 179.2 178.2 178.1 176.9 175.9 174.2 171.8 168.9 164.9 158.5 152.7 147.3 142.1 138.4 134.7 131.1 130 129 123.2 111.9 99.3 85.3 88.4 90.8 95.5 99 102.2 105.5 108.6 111.5 113.3 116.1 118.4 120.6 122.8 125.1 127.5 130.5 133.4 135 132.2 114.3 93.7 80.8 69 63.5 60.1 58.9 63 76.8 85.4 89.9 91.4 88.5 85.5 96.3 107.6 118.3 126.3 135.2 141.4 148.8 153.8 158.1 164.2 173.2
170.8 171.8 173 174.1 175.3 176.8 178.3 180.2 181.4 182.5 181.2 180 177.4 175.1 175.3 174.7 173.7 172.6 170.9 168.4 165 159.8 156.2 151.5 146.7 143.8 142.5 140.2 136.5 133.5 125.5 115.2 100.4 87.9 84.3 88.2 93.4 97.2 100.5 103.5 106.2 108.9 111.1 113.5 115.8 118 120.3 122.6 124.9 128.3 131.5 133.3 131.2 112.8 92.2 78.1 66.4 60 54.6 58.3 63.6 75.4 85.9 95.7 103.1 101.7 95.3 89.1 99.5 112.1 121.2 130.7 137.5 142.9 148.6 153.8 159.4 166.5
170.6 171.8 172.9 173.9 174.6 175.9 177.5 178.8 179.9 180.4 179.4 178.7 175.3 172.2 171.8 171.5 171.1 170.3 168.8 167.2 164.8 162 159.3 156.5 153.9 150.5 147.6 143.8 139.2 133.5 125.7 113.1 101.2 86.7 82.9 85.5 91.3 95.2 98.4 101.5 103.9 106.3 108.7 111 113.3 115.4 117.4 119.7 121.7 124.6 127.5 129.9 126.7 107.9 88.7 73.9 63.4 53.9 56.6 57.3 55.7 62.3 78.7 95.6 110.4 113.1 106 99.3 94.9 107.5 116.9 123.8 130.3 136.7 143 148.2 153.8 161.2
169.6 171.4 173 173.5 174.1 174.9 176.1 177.3 178.1 177.8 177.3 177.2 172.5 168.7 166.7 166.6 167.2 166.6 166.3 165 163.9 162 160.3 159 156.9 155.4 152.6 147.6 141.8 135.1 127.2 116.1 101.7 86.1 79.9 83.3 89.6 92.8 95.8 98.6 101.1 103.6 106 108.5 110.5 112.4 114.3 116.2 117.9 119.2 121.2 122.9 120.5 104.3 83.8 68.7 58.1 55.1 55.6 55.5 53.6 53.5 59.4 86.4 109.5 118.6 117 110.2 97 102.5 112.5 120.7 126.7 131.9 137.4 142.8 148.3 154
167.8 169.4 172.5 173.5 173.4 173.6 174.5 175.2 175 174.7 173.3 171.4 167.8 165 161.8 162.4 163 163 162.7 162.4 161.8 160.8 159.5 158.8 157.9 157.3 156.3 152.7 148.3 142.3 133.3 118.4 99.3 84.8 78 80.6 85.6 89.8 92.6 95.3 97.9 100.5 103 105.3 107.4 109.1 110.5 111.9 113.2 114.4 115.3 115 112.9 100.7 80.4 65 58.4 55.6 50.9 50.7 51.3 50.8 52.3 72.4 104.9 119 123.2 118.7 111.2 100.2 107.2 116.3 123.2 128.2 133.4 138.6 144.1 149.4
165.9 166.7 165.3 168.6 170.5 171.9 172.8 172.8 171.6 170.5 168.5 165.7 163 159.8 157 156.8 157.6 158 158.7 159 158.9 158.8 158.4 158.3 157.7 157.8 158.2 156.9 152.7 146.8 135.5 116 99.6 86.8 76.2 78.2 81 86.5 89.9 92 94.8 97.5 99.9 101.9 103.7 104.9 106.1 107.3 108.4 109.5 109.9 109.3 106.3 95.6 78.9 63.5 58.6 55.6 54.9 53.9 50.5 50.1 49.7 68.5 100.8 117.5 126 123.6 117.8 110.4 105.2 111.4 118.8 124.6 130 134.7 139.8 145.1
162.4 163.7 164.5 166.4 167.4 169.2 169.7 169.1 167.7 166.7 164.3 161.3 157.8 153.9 150.3 150.6 152.3 153.2 154.1 155.1 155.6 156.1 156.7 156.9 156.9 157 157.6 155.7 152.4 146.3 134 117.4 97.9 88.1 79.3 75.1 76.7 80.7 84.7 88.2 91 93.8 95.9 97.6 99.3 100.6 101.8 102.7 103.7 103.7 104.1 103.3 100.9 92.9 79.6 63.8 58.3 55.3 52.7 54 52.5 45.9 49.1 66.2 101.5 119.5 132.4 131.7 126.5 122.7 118.1 110.1 115.9 121.2 126.3 131.2 136.8 141.8
158.9 160.7 162.3 163.3 164.5 165.7 166.1 165.2 164.1 163.1 160.3 156.3 152.6 147.6 144.8 145.4 147.2 148.8 149.8 150.8 152.2 153.3 153.8 154.5 154.8 154.7 154.7 153.8 150.6 145.9 137.1 122.7 103.2 90.7 82 75.9 74.8 75.3 79.9 83.3 87.1 89.9 92.7 93.4 94.9 96.3 97.4 98.1 98.9 98.6 98.3 97.2 94.9 89.5 80.5 64.4 57.5 55.3 53 51.6 51.3 44 47.1 64 100.8 122.6 134.6 135.7 133.7 132 127.9 123.5 114.4 118.3 123.8 128.9 133.8 138.9
