app/static/ascii/SX57.asc
ncols 200
nrows 200
xllcorner 250000
yllcorner 70000
cellsize 50
[rows 140 to 174 of 200, columns 0 to 77 of 200]
129.7 134.3 140.8 145.9 147.8 149.8 147.3 146 146.6 148.4 152.4 157.8 163.1 167.6 170.9 173.5 177.2 180.4 183.5 186.7 189.7 193.2 196 198.5 201.1 203.3 204.9 206.5 207.5 208.6 209.6 209.4 209.2 208.7 207.7 207 206 204.4 202 202.1 203.9 205.6 207.4 209.1 210.8 213 215.2 218.6 221.9 223.9 225.8 228.5 231.8 234.5 237.3 240.8 244.5 248.7 253 257.2 261.3 266 268.9 270.3 270.9 270 268.8 263.8 259.1 255.9 252.5 250.7 252 254.2 254.5 252.3 247.1 239.1
133.1 140.3 146.1 149.2 151.6 153.8 154.3 154 156.3 154.8 154 155 159 164.7 168.3 171.6 175.3 178 181.4 184.5 188.2 192.3 194.9 197.6 200.3 203 204.6 206.2 207.7 208.8 209.6 209.9 209.7 210 209.4 208.5 207.3 205.7 204.9 205 205.5 207.2 208.9 210.6 212.2 214.4 216.7 219.8 222.2 224.1 225.6 227.6 230.2 232.7 235.2 238.2 241.9 245.9 249.8 253.6 257.4 261.7 263.6 265.7 265.8 265.2 263.3 259 255.9 253.5 250.8 248.3 248.9 251.8 251.9 251.3 246.7 238.6
139.2 143.7 147.7 150.5 153.3 155.2 157.2 157.5 159.8 160.6 160.1 160.7 162.2 164.3 167.2 171.3 174.2 177.5 180.8 184.3 187.8 191.2 193.4 197 200.3 203.3 204.9 206.4 207.8 208.8 209.5 210.2 210.4 210.2 210 209.3 208.8 207.9 206.6 207.3 208.1 208.7 210.4 212 213.7 215.7 218.1 220.2 221.8 223.3 224.4 225.7 227.6 230 232.5 235.5 239.4 242.8 246.3 249.7 253.6 257 259.3 260.9 261.5 260.8 258.8 256.2 253.5 250.8 248.5 246 246.3 249.4 249.1 248.4 245 238.4
143.3 146.4 149.3 152 154.3 156.4 158.3 160.5 162.5 163.5 165 166.8 168.5 169.6 170 172.4 176.1 179.3 182.5 185.7 188.7 191.5 194.7 198 200.4 203.2 205 206.5 207.9 208.7 209.4 210.2 210.5 210.3 210.1 209.9 209.5 209.1 208.5 208.8 209.3 209.8 211.1 212.9 214.7 216.4 218.2 219.8 220.9 221.9 223.1 224.3 225.8 227.8 229.7 232.3 235.7 239.2 242.6 246 249 252.4 255 256.5 257 256.3 254.6 253.8 251.5 248.3 244.9 243.3 243.4 246.9 247.1 245.4 241.3 234.9
144.9 148 150.7 153 155.3 157.7 160.2 162.9 165.8 166.8 169.3 170.5 171.8 173.4 174.2 175.5 178 180.7 183.9 187.2 190.5 193.4 196.5 199.3 201.6 204.1 205.5 206.9 207.9 208.7 209.4 210.2 210.6 210.4 210.3 210.1 209.8 209.4 209.2 209.3 209.8 210.3 211.7 213.1 214.4 215.8 217.9 218.8 219.5 220.1 221.1 222.3 223.2 225.1 227 228.9 232 235.5 238.7 241.6 244.6 247.9 250.8 251.8 252.4 251.8 250.9 249.6 247.6 246 243.3 241.4 240.2 242.9 243.9 242.1 237.6 231.5
146.6 149.9 152.2 154.5 157.1 159.8 163 166.8 168.6 170.9 172 173.2 174.5 175.8 177.2 178.3 180 182.6 185.5 188.8 192.1 195.2 198.2 200.7 203 205.2 206.6 207.1 207.9 208.7 209.5 210.1 210.5 210.6 210.5 210.4 210.2 209.9 209.7 209.8 210.2 211 211.9 212.8 213.8 214.9 216.1 217.3 218.1 218.7 219.3 220.2 221.1 222.5 224.3 226.1 228.3 231.4 234.5 237.4 240.2 243.3 246.3 247.7 247.6 247.4 246.6 246.1 244.9 243.3 241.8 240.5 238.8 237.7 238 238.3 234 228.6
148.8 151.6 154.1 157.2 160.7 164.1 167.8 170.8 172.9 173.9 174.8 175.8 177.1 178.5 179.7 181.2 182.7 184.8 187.6 190.7 193.7 196.7 199.6 202.4 204.8 206.1 206.4 207 207.8 208.7 209.5 210 210.1 210.1 210.1 210.3 210.2 210.2 210.1 210.1 209.9 210.2 211.1 211.8 211.9 213 214.3 215.4 216.3 216.9 217.6 218 218.5 219.6 221.1 222.9 225.1 227.3 230.3 233.1 236 238.7 241.5 242.5 242.7 243 243.1 242.1 241.1 240.1 239.4 240.7 239.7 238.9 238 234.4 231.5 228
151.7 153.8 157.3 160.8 164.2 167.7 170.9 173.4 175.7 177 177.6 178.6 179.8 181.1 182.7 184.2 185.5 187.8 190 192.7 195.5 198 200.5 203.1 205.2 206.6 206.7 206.8 207.7 208.5 209.3 209.5 209.6 209.7 209.7 210 210 210 209.7 209.2 209 209.4 210.2 210.3 210.3 211.2 212.4 213.4 214.4 215 215.6 215.9 216.1 216.6 217.9 219.7 221.8 223.9 225.9 229.1 231.9 234.6 236.8 238 238.4 238.6 239 239 238.6 237.3 238.7 240.6 240.9 242.2 243.1 242.4 239.4 230.1
155.1 157.2 160 163.4 166.8 170 172.8 175.2 177.4 178.9 180.4 181.3 182.4 183.7 185 186.7 187.9 190 192 194.4 196.4 198.1 200.7 202.6 204.2 204.9 205.2 205.7 206.9 207.8 208.4 208.7 209.1 209.2 209.3 209.6 209.8 209.4 208.9 208.5 208.2 208.6 208.7 208.6 208.6 209.6 210.3 211.4 212.3 213.1 213.5 213.7 213.8 213.6 214.3 216.2 218.1 219.8 221.5 224.5 227.6 230.7 232.5 233.6 234 233.9 234.3 234.5 234.3 236.7 238.9 240.6 242.2 243.6 244.6 243.9 241 233.5
159.1 160.9 163.2 166.2 169.1 172.2 174.6 176.9 179.1 180.6 182.3 184 185.1 186.2 187.2 188.3 189.5 191.2 193.2 194.9 196.5 198.2 200.3 201.5 202.2 203 203.8 204.4 205.6 206.6 207.3 207.7 208.1 208.6 209 209.3 209.3 208.7 208.2 207.7 207.4 207.1 207 206.9 206.8 207.6 208.2 209.2 210.3 211.1 211.3 211.5 211.3 211.1 211.2 212.3 214 215.8 217.5 219.7 222.4 225.3 227.8 228.8 229.5 228.8 228.6 229.9 233.1 237.5 240.8 242.7 244.2 245.6 246 245.2 242.3 235.5
162.3 164 166.5 169.6 171.9 174.7 176.6 178.8 180.7 182.3 184.2 185.9 187.6 188.5 188.9 190 191.3 192.6 193.3 194.3 196.2 197.9 198.8 199.5 200.3 201 202.4 203.5 204.3 205.3 206.3 207 207.7 208.3 208.7 209 208.8 208.2 207.6 206.7 205.6 205.1 205.1 205.1 205.1 205.5 206.1 207.1 208.1 208.9 209.1 209.3 208.8 208.6 208.4 208.7 210 211.7 213.4 215 216.8 219.4 222.2 223.2 223.4 222.9 222.7 225.7 232.3 238.6 242.3 247.7 249 249.9 249.5 247.8 244.8 239.7
165.2 167 169.8 172.8 175.3 176.8 178.3 180 181.5 182.8 184.3 185.7 187.5 189.3 190.2 190.6 191.3 193.3 193.4 193.5 195.1 195.9 196.4 196.8 198.2 200 202 203.4 203.9 204.4 205.5 206.4 207.4 208 208.4 208.5 208.3 207.4 206.3 205.1 203.8 203.3 202.9 202.6 202.5 203.4 203.9 204.9 205.7 206.4 206.8 206.9 206.4 206 205.8 205.7 206.4 207.6 209.1 210.6 212.2 212.2 213.7 214.7 215.4 216.8 219.1 222.7 229.7 237.1 243.2 250.6 253.8 254.2 253.3 252.1 249.3 244.5
167.4 169.3 172.1 174.9 176.4 177.8 178.9 180.3 181.7 182.3 183.9 185.4 187 188.8 189.5 189.8 190.1 191.3 191.7 192.1 193 193.9 194.3 195.5 197.7 199.9 201.7 202.9 204.3 204.5 205.2 205.9 206.5 207.1 207.4 207.4 207 206 204.8 203.5 202.2 200.5 199.5 199.4 199.5 200.4 201.5 202.4 203.2 203.9 204.5 204.6 204.1 203.6 203.4 203.3 202.6 203.6 204.8 206.2 206.9 206.8 206.9 207.5 208.2 211.5 216.5 220.7 227.2 235.9 245.3 252.8 255.9 256.2 254.9 253.9 251.8 247.7
168.4 170.1 172.8 174.7 176.3 177 178.7 180.3 180.7 181.5 182.4 184.3 186 187.1 188.1 188.7 188.8 189.4 189.4 189.7 190.4 191.4 191.7 194.6 197.1 199.1 200.8 202.3 203.1 203.1 203.9 204.8 205.6 206.2 206.3 206.1 205.7 205 203.9 202.2 199.9 197.7 196.1 196 195.8 196.8 198.1 199.5 200.5 201.4 202.2 202.3 202.2 201.3 200.9 200.1 199.2 199.3 199.9 200.5 201.4 201.9 202 202.1 203.6 208.4 213.8 219.1 224.2 235.1 244.7 250.1 254.9 255.9 255.3 254.4 251.3 247.6
168.9 170.1 171.4 172.9 174.5 175.5 177.1 178.8 179.9 180.7 181.5 182.6 183.8 184.6 185.4 186.2 186.8 186.7 186.5 187.4 188 189.2 191.3 193.7 195.7 197.5 199.1 200.5 201.3 201.5 202.4 203.3 204.2 204.9 205 204.7 204.4 204.1 202.7 201 198.2 195.7 193.1 192.6 192.4 193.3 194.7 196.2 197.5 198.1 199.3 200.2 200 199.5 198 197.2 196.4 195.5 195.9 196.1 196.3 196.8 196.9 198.4 202.4 207.7 213 218.4 224 231.3 239.2 243.7 250.5 255.2 254.8 253 249.9 246.5
166.4 167.9 169.2 170.6 172.6 174 175.5 176.4 177.2 178.1 179.1 180.1 180.8 181.8 182.6 183.4 183.6 183.4 183.2 183.9 185.9 187.8 190 191.9 193.9 195.9 197.3 198.6 199.3 200 200.9 201.5 202.2 203 203.8 203.6 203.3 203.1 201.5 199.7 197.2 194.1 191.2 188.6 188.7 189.4 190.2 191.9 193.2 194.7 196.3 197.8 198.2 198 196.2 194.4 193.4 192.5 192.2 192 192 192.4 194 197.3 202 207 212.3 218.1 223.4 229.5 234.6 238.4 241.3 244.4 247.6 247.9 246.3 243.4
165.4 166.2 167.4 168.9 170.4 171.4 172.2 172.9 173.6 174.3 175.8 177.1 177.6 178.6 179.6 180.4 180.4 179.6 179.9 181.2 183.8 186 188.3 190 191.8 194.2 195.4 196.7 197.6 198.3 198.8 199.6 200.7 202 203 203.3 203 202.6 201.3 198.9 196.4 193.3 189.8 185.7 185.4 185.8 186.2 188.1 189.4 191.7 193.4 194.9 196.6 196.7 195.3 193.1 190.4 189.5 188.5 188.6 188.7 191 193.3 197.3 201.7 206.5 212 217.8 223 227.9 232.7 235.4 237.2 237.1 236 234.9 235.3 233.4
163.2 164.1 165.6 166.3 166.9 167.6 168.3 169 169.6 170.5 171.9 173.3 174.1 175 175.9 175.7 175.5 174.5 176.4 179.7 182 184.3 186.5 188.1 190.1 192.5 193.7 194.9 195.6 196.2 197.4 198.7 200.1 201.4 202.2 203.1 203.2 202.5 201.5 199.8 197.2 193.9 190.5 187.8 183.9 182 182.6 183.1 183.9 186.6 189.4 192.4 194.7 196.6 195.6 193.4 190.3 185.6 184.6 185.2 188.1 190.9 194.4 198.5 202.5 207.1 212.1 217.7 222.7 227.2 231.3 233.8 233.9 231.9 229 224.4 223.5 221.2
161 161.5 162.1 162.8 163.4 163.7 164.2 164.3 164.3 165.9 167.6 169.2 170.5 171.3 171.8 171.5 169.8 170.2 174.3 177 179.5 181.4 183.9 186.8 188.6 190.4 191.8 192.8 193.3 194.8 196.5 198.1 199.5 200.8 202 203 203.3 203.1 202.5 201.2 198.1 195.8 193.2 191.4 188.6 183.6 177.8 178.1 179 180.7 185.5 189.8 192.7 194.5 194.8 192.6 190 182.4 181.6 190 190.2 193.1 196.1 199.5 203.6 208 212.9 217.9 222.8 226.9 230.7 232.5 231.5 228.6 223.3 218.7 216.2 214.2
158.6 159.2 159.6 159.6 159.5 159.9 159.3 158.7 157.8 160 162.5 164.4 165.7 166.8 166.4 165.5 165.1 167.9 171.1 173.6 176.1 178.5 181.9 184.5 186.4 188.2 189.6 190.3 190.6 192.3 194.2 195.8 197.8 200.3 201.8 203.1 203.6 204.1 203.5 202.4 200.1 197.8 196 194.8 193.4 189.6 183.9 176.4 173.9 176.6 181.8 186.5 189.8 191.4 192.1 191 187.4 178.5 182.3 189.3 192.1 195 197.9 201.5 205.8 210.4 214.4 218.9 224.3 228.4 231.3 231 229.3 224.7 220 215 208.2 203.4
155.7 155.5 155.6 155.6 155.1 154.2 152.7 151.7 152 152.7 152.9 153.6 155.6 157.2 158.6 159.8 162.2 165.3 168.1 170.5 173 176.1 179.9 182.2 184.3 186.1 186.9 186.3 186.7 189.5 192.8 195.4 197.7 200.1 202 203.7 204.8 205.1 204.9 204.7 203.8 201.6 199.4 197.7 195.7 193.4 191.3 187 175.3 172.4 177.5 182.6 185.4 187.4 188.7 187.7 179.5 173.9 182.6 189.7 193.4 196.6 199.7 204 208.2 212.6 217.1 222 226.6 229.9 231.5 230.2 226.8 221.5 216.4 210.2 201.5 196.6
152.3 152.4 151.6 150.6 149.3 147.8 145 144.3 144.3 146.8 148.9 151.5 153.2 154.4 155.8 157.4 159.4 161.6 164.5 167.6 170.3 173.9 177.2 179.9 181.9 182.2 182.2 184.3 187.4 190.3 192.8 196.4 198.8 201 202.8 204.3 205.8 206.8 207 206.7 206.1 205.1 203.7 200.6 197.8 195.6 193.5 191.3 183.4 172 171.7 177.5 180.5 182 182.6 177.8 171.6 176.1 185 191.3 194.9 198.1 201.5 205.6 210.5 214.9 220 224.7 228.2 230.3 230.5 228.5 223.7 217.7 212.4 206.9 197.4 187.7
146.3 146.2 145.7 145.1 141.7 138.8 141.2 144.2 147.6 151.2 155.1 158.8 160.8 160.6 161.2 162.6 164.1 163.2 164 165.1 167.6 169.9 172.5 175.1 176.8 178.8 182.7 186.2 189.2 192.1 194.6 197 199.9 201.9 203.6 205.1 206.5 208 208.7 208 207.4 206.4 205.7 203.5 200.2 196.9 194.4 192.7 189.5 175.2 166.2 171 175.5 176.3 172 165.9 171.2 180.1 188.4 193.2 196.6 199.9 203.3 206.9 211.7 216.2 220.7 225.4 228.5 228.3 227.5 224.7 218.5 212.4 207.5 202.4 192.5 182.5
136.6 139.5 139.1 137.7 138.3 141.9 145.1 149.5 153.6 156.6 159.4 162.1 164.6 166 167.7 170.5 172.1 171.3 168.9 168.9 169 169.6 172.1 174.9 177.9 181.9 184.9 188 191 193.9 196.5 198.9 201.1 202.5 204.2 205.8 207.2 208.4 209.7 209.1 208.5 207.9 206.5 204.5 200.9 197.4 194.7 192.8 190.4 181.4 166.6 162.6 166.9 167 160.1 167.9 176.1 184.2 190.1 195.2 198.7 201.9 205 208.4 212.6 216 220.4 224.1 226.1 226.2 224.7 221.4 214.8 209.2 203.8 196.3 186.6 176.4
131.2 132.7 134.1 137.2 140 143.1 147.3 151.2 154.9 157.6 160.8 163.6 166.8 169.4 172.6 175.4 176.9 178 177.4 176 175.4 175.7 177.1 179.6 182.5 185.6 188.4 191 193.6 196.1 198.3 200.5 202.4 203.3 205 206.1 207.3 208.7 210.3 209.6 208.4 206.9 204.8 202.1 199 196.1 194.4 192.4 190.1 184.1 173.9 160.3 157.8 157.2 163.4 171.4 180.5 187.1 191.9 196.6 200.7 203.9 207 209.9 212.8 215.9 219.3 222.1 223.7 223.6 221.6 217.4 211.7 206.1 198.9 191.7 182 170
139.3 138.7 139.1 140.8 142.6 144.7 147.3 151.4 155.2 158.4 161.7 164.9 167.9 171.4 174.7 176.8 179.2 180.9 181.5 181.2 180.9 181.5 182.8 184.6 186.6 189.1 191.4 193.6 195.8 197.9 199.9 201.9 203.1 204 205.3 206.5 207.5 208.7 208.3 207.7 205.9 203.7 200.7 197.8 195.5 192.4 191.1 190.6 188 184.4 177.8 161.3 149.8 159.1 166 173.5 181 187.3 192.2 196.6 200.9 205.6 208.1 210.4 212.5 215.4 218.4 220.1 220.9 220.4 217.6 213.1 208.9 201.8 194.6 187.4 178.9 164.7
145.9 144.7 144.4 144.4 145.9 147.7 150.3 153 156.1 159.2 162.4 165.6 168.6 171.5 174.2 177.1 180.4 182.7 184.4 185.6 186.1 186 186.1 187.4 189 190.5 193.1 195.4 197.6 199.5 201 202.5 203.6 204.6 205.7 206.8 207.6 207.1 205.7 204.4 201.8 199.5 196.3 193.1 190 186.5 185.2 185.7 184.4 181.4 173.7 157.5 152.5 160 167.5 173.9 180.3 186.2 191.8 196.1 200.2 205.3 208.3 210.3 212.3 214.7 217.5 218.9 219 217.8 215.2 211.4 205.3 198.4 190.7 183.6 176.4 162.7
149.4 148.8 148.3 148 149.3 150.5 152.6 155 158 160 162.9 166 168.4 171.1 174 177.2 180.5 183.9 186.7 189.3 190.7 190.8 189.8 191.1 192.5 193.9 196 197.8 199 200.4 201.5 202.5 203.7 205.1 206 206.4 206.4 204.8 202.8 200.8 197.9 194.7 191.4 188.5 185 181.3 179.9 178.7 178.2 176.1 169.2 152.4 154.3 161.6 168.5 174.7 180.1 185.2 190.8 196 200.6 204.9 208.3 210.3 212.2 214.3 216.7 218 217.9 216.5 213.5 209.5 203.5 195.4 187.8 180.8 171.6 158.3
153.1 153.6 152.1 151.8 152.6 153.5 155.4 157.2 159.3 161.2 163.4 165.8 168.5 171.1 173.9 177.2 180.3 183.4 188 191.3 194.2 195.3 195.6 196.4 196.6 197.1 197.9 199.1 200 200.6 201.6 202.3 203.5 204.7 205.2 205.5 205 202.6 200.1 197.8 194.5 189.7 186.4 183.8 180.2 176.9 175.4 174.2 172.6 168.7 160 147.4 155.5 162.7 168.9 174.9 180 185 190.4 195.3 199.9 204 207.6 210.1 212.8 214.3 216.4 217 216.6 215.3 212.4 208.8 203.1 193.1 186.1 178.9 167.3 151.4
157.5 158.2 156.4 155.4 156.1 156.9 158.2 159.3 160.1 161.7 163.4 165.9 168.6 171.1 173.9 176.7 179.4 183.1 187.6 192.2 194.7 196.3 197.5 198.2 198.9 199 199.3 199.7 200 200.7 201.7 202 202.8 203.5 204 204.2 203.2 200.7 198 195.2 191 186.2 182.8 179.8 177 172.6 170.5 169.7 167.6 158.8 147.6 148.8 157.4 163.5 169.4 174.8 179.8 184.7 189.8 194.4 199 203.4 206.8 209.3 211.8 214 215.1 215.6 215.1 213.9 211.4 208.1 202.3 194.2 185.9 177.1 158.9 141.5
161.1 162.1 161 159.6 159.1 159.6 159.8 160.1 160.8 162.1 163.4 165.3 167.7 169.9 172.7 175.7 178.5 182.7 187.2 191.3 194.4 196.5 197.8 198.6 198.5 198.8 199.3 199.7 200.2 200.9 201.6 201.7 201.7 202 202.4 202.3 201.3 199.3 196.5 193.4 189.6 184.5 180.8 176.8 173.6 169 165 162.9 160.5 148 146 153.9 160.3 165.5 170 174.8 179.8 184.8 189.9 194.6 199.3 203.4 206.3 208.7 211.1 212.5 213.2 213.2 212.8 211.5 209.8 205.8 201.3 195.5 187.2 171.3 150.2 132.4
160.8 162.3 162.1 161.3 160.6 160.4 160.3 159.7 160 160.8 161.9 163.8 166 167.8 170.3 172.8 176.5 180.8 185.2 189.5 192 194.2 196.4 197.4 198.2 198.6 199.2 199.8 200.4 201 201.1 200.9 200.7 200.9 201 200.7 199.6 197.9 196 192.7 189.1 185 180.8 176.9 173.1 168 162.3 156.4 152.9 140.5 151 157.8 163.2 167.2 171.5 175.6 180.5 187.3 190.7 195.4 199.4 203.2 205.7 208 209.7 210.6 210.8 210.6 210 208.9 207.2 204.1 199.9 195 180.2 162.7 142.3 127.7
158.3 159.4 159.1 158.7 157.9 158.7 157.7 156.8 157.2 157.2 158.8 160.4 162.5 165 167.4 170.1 174.1 178.3 182.7 187 189.7 192 194.3 195.8 196.8 198.1 199.1 199.3 199.7 200 200 199.9 199.8 199.8 199.6 199.1 198.3 196.9 195.1 192.6 189.2 185.5 181.6 177.6 172.7 167.7 163.3 154.5 145.5 143.2 153.2 159.7 164.3 168.8 173.1 177.5 182.2 187.1 191.9 195.7 199.5 202.7 205 206.8 208.3 209.1 208.9 208.2 207.2 206.1 203.9 200.7 196.5 191.3 175.9 156 136.6 127.3
153.9 154.5 155.3 154.9 153.7 152.9 151.4 151 151.8 152.3 153.1 155.1 158.3 161.3 163.9 167.9 171.7 175.9 180.2 184.4 187.8 190.4 192.6 194.5 195.5 196.8 198 198.2 198.7 198.9 198.8 198.8 198.8 198.6 198.1 197.7 197.3 196 194.2 191.9 188.4 184.7 181.1 176.7 171.5 165.5 159.5 148.3 132.8 146 154.4 160.8 165.4 170.6 175.5 180.3 184.9 188.9 192.8 196.4 200.1 202.8 204.9 206.3 207.1 207.5 207 206 204.9 202.2 199.8 194.7 186.2 176.1 165.2 149.9 133.4 126.2
148.8 149.4 149.2 148.2 145.8 144.4 143.5 143.1 143.7 144.3 145.9 148.6 152.2 157.2 161.6 165.5 169.5 173.4 177.7 182 186.1 188.8 191.2 193.3 194.3 195.4 196.7 197.1 197.6 197.7 197.7 197.7 197.8 197.7 196.9 196.4 196.1 195 193.2 190.6 186.9 183.2 179 173.9 168.2 161.4 149.9 137.7 138.8 148.6 156.2 162.7 167.4 172.6 177.6 182.5 186.4 190.1 193.5 196.9 199.9 202.4 204.5 205.2 205.8 206.1 204.9 203.7 201.7 197.6 192 183.5 170.5 158.4 147.1 134.7 124.6 124.6
