app/static/ascii/SX58.asc
ncols 200
nrows 200
xllcorner 250000
yllcorner 80000
cellsize 50
[rows 140 to 174 of 200, columns 0 to 77 of 200]
246 239.6 225.2 207.6 203.6 205 210.1 211.7 212.8 214.1 214.4 214.8 215.2 219.9 219.2 220.6 226.8 232.4 236.3 240.2 244.7 249.2 253.7 257 259.1 259.9 261.5 262.7 264.1 268.8 273.3 281.9 288.9 294.8 300.4 305.8 310.6 316 322.4 329.5 336.6 342.1 345.3 346.4 345.9 344.9 343.3 341.2 338 334.8 330.9 327.5 323.4 322.4 320.6 319.2 318.2 317.8 317.4 317.6 318 317.8 316.2 313.7 310.8 307.9 304.8 301.5 300.2 301.3 305.9 310.4 314.5 318 321.4 325 328.2 331.8
229.2 223.9 216.2 205.6 203.5 205.2 209.7 212.3 213.5 215.6 216.1 218 220.1 220.7 222.7 224.9 228.8 235.1 239.6 243.4 248.5 254.1 258.6 262.3 265 267.2 271.5 272.1 275 277.7 280.3 284 288.3 296.4 302.6 308 313.3 318.5 324.7 331.7 338.7 343.9 347.1 348 347.7 346.2 344.6 342.6 339.1 335.9 331.4 327.5 323.2 319.1 315.8 314.6 313.9 313.5 313.1 313.4 313.6 313.7 311.7 309.3 307.7 305.2 301.9 298.8 298.3 300 304.6 308.9 313.1 316.6 320 323.4 325.8 329.4
210.2 207.3 204.5 203 203.4 206.6 209.7 212.2 214.3 216.4 218.6 220.6 222.6 225 224.3 228 233.5 237.5 242.2 247.1 252.8 258.3 263.1 266.7 269.7 272.8 276 279 281.5 283.9 286.8 289.4 292.7 299 304.9 310.6 315.8 320.8 327.4 334 340.1 344.9 347.9 348.7 348.4 347.6 346 343.7 340.6 337 332 327.8 323.1 319.4 315.3 310.9 308.7 308.8 309 309 309 308.9 307.5 305.6 304.2 302.2 298.7 296.4 297.2 300.2 304.1 308.4 312.1 315.5 319 321.5 323.9 326.4
202 202.6 202.8 203 205.5 210.6 212.8 213.7 216.2 218.7 221.1 223.2 225.1 227.5 229.2 232.6 237.8 241.3 245.1 251.2 256.7 262.3 266.8 270.9 274.3 277.7 281.6 285.1 287.5 289.8 292.6 296.4 300.4 303.4 307.6 313.2 318.3 323.3 329.7 335.7 340.9 345.1 347.8 348.7 349 348.8 347.1 345 342.1 338.1 333.5 329.3 325.2 321.3 316.9 312.5 308.2 303.5 303 303.7 304.2 304.2 303.3 301.9 300.6 298.4 295.3 295.2 296.7 300.2 304 307.9 311.1 314.4 317.1 319.5 321.8 324.1
201.1 202.3 203 204.8 209.3 214.4 216 217.2 218.9 221.3 223.4 225.8 227.7 230.5 234.1 235.6 240.3 245.5 250.2 255.5 259.8 265.2 270.3 274.8 278.9 283.1 286.8 290.4 292.7 296.3 299.4 303 305.8 309.5 312.4 316.4 320.8 325.7 331.4 336.8 341.1 344.8 347 348.4 349.6 349.5 348.3 346.6 343.8 339.5 335.2 330.8 326.7 322.8 318.5 314.3 310 305.3 300 298 298.3 299.2 299.2 297.9 296.3 294.2 293.4 293.9 297 300.7 304.2 307.1 310.2 312.7 315 317.3 319.6 322
202.6 203.2 204.9 206.3 211.5 216 217.6 219.3 222.3 224.8 226.7 229.2 231.1 234.2 237.3 241.1 244.8 248.6 254 259.1 263.6 268.1 272.9 277.6 281.8 285.8 290.4 295 298.7 303.2 306.5 309.2 313.6 316.8 318.4 320.1 324.2 328.4 333.5 338.1 341.6 345.2 347.7 349.1 350 350.1 348.7 347.2 345.1 341.4 337.3 332.3 327.8 322.1 319.6 315.4 311.4 307.4 302.8 297.7 294.1 293.9 294.5 293.1 291.3 291.5 291.9 293.8 297.4 300.5 303.3 306.3 308.8 310.8 313.1 315.4 317.5 319.6
203 205.3 207.5 207.9 212.2 216 218.1 220.9 224.6 227.9 230.6 233.8 236.4 239.3 242.5 246 250.2 253.6 257.9 262.6 267.1 271.7 275.9 280.5 284.6 289.1 294.2 298.6 302.6 306.8 312 317 320.7 322.4 323.9 325.1 327.7 331.3 335.6 339.1 342.6 346.1 348.6 350.3 350.9 350.9 349.2 347.7 345.9 342.8 339 333.7 328.8 323.6 319.1 315.1 311.3 307.7 304.1 300.4 295.5 292.7 289.6 288.8 289.5 290.1 291.5 294.9 297.6 300.3 302.8 304.9 306.8 308.7 310.8 312.9 315 317.1
205.5 208.1 209.2 210.6 211.8 214.9 218.1 221.7 226.3 231.1 234.8 238.3 242 245.5 248.6 251.7 255.2 258.2 261.4 266 270.7 275 279.4 283.6 287.9 292.5 296.9 301.3 305.9 310.2 315.2 321 324.8 326.8 328.5 329.6 332 334.5 337.7 341.2 343.8 347 349.5 351.6 352.1 351.8 350.1 348.4 346.7 343.5 339.7 335.1 329.3 323.1 318.5 314.6 310.8 307.4 303.4 299.8 296.5 292.9 288 287 287.5 289.4 293 296.1 297.9 300.3 301.8 303.4 304.9 306 308.2 310.3 312.4 314.6
208.2 210.1 211.2 212.9 214.3 216.8 219.9 223.4 229.1 234.6 239.2 243.1 246.8 250.8 253.8 256.8 259.9 263.3 266.4 269.2 274.3 278.8 283 287 291.1 295.3 299.8 304.3 308.9 313.4 317.8 323.9 327.1 329.2 331.3 333.3 335.3 337 339.9 343.1 345.6 348 350.5 352.6 353.2 352.9 351.3 349.8 347.3 343.9 339.7 335.3 329.6 321.9 317.7 313.3 309.3 305.1 301.1 297.5 294.5 292 285.9 285.8 287.9 291.5 294.4 296.2 297.8 299.3 300.5 301.2 302.2 303.3 305.5 307.6 309.8 312.5
210.9 212.2 213.4 215 216.8 219.6 222.4 227 232 238.2 243.2 247.9 252.2 256 259.2 262.3 265.5 268.5 271.5 274.9 277.8 281.6 286.3 290.5 294.6 298.8 302.6 307 311.4 315.4 320.4 325.7 329.2 331.3 333.4 335.4 337.4 339.5 342 344.2 346.5 348.9 351.1 352.7 353.3 353.2 352.6 350.4 347.7 344.2 339.9 335 328.5 322.7 317.5 312.5 307.4 303.1 299.2 294.8 291.6 288.1 284.3 285.1 289.6 292.1 293.8 295.4 296.7 297.5 298.1 298.5 299.5 301.5 303.7 305.8 308.1 310.5
213.6 215.5 216.6 218.4 220.6 222.9 226.5 231.1 237 242.4 247.4 253 257.5 261 264.4 267.8 270.4 272.6 275.1 279.6 283.2 286.5 290.2 294.3 298.3 301.9 305.4 309.4 314 317.8 322 326.4 330.9 333.4 335.5 337.4 338.9 340.6 342.6 344.8 347 349 351.2 352.5 353.2 353.3 353 350.8 348.4 344.7 340.4 334 328.4 322.8 316.9 311.3 305.9 301.9 297.4 292.3 287.5 284.7 283 285.2 289.7 292 293.4 294.2 294.8 295.2 295.4 295.8 297.8 299.9 302 304.1 306.5 308.9
217.2 218.6 220.7 222.5 224.6 227.8 231.7 236.4 241.5 246.9 252.4 258.6 262.6 266.1 269.6 273 275.4 277.7 280.4 283.8 287.2 290.6 293.9 297.7 301.3 304.7 308.2 311.8 315.4 319.4 323.3 327.6 331.6 334.2 335.9 337.9 339.4 341 343 345.1 347.1 349.1 350.8 352 353.2 353.2 353.2 351.6 349.7 345.9 341 335.5 329.8 323 316.8 311.2 305.4 300.4 295.9 291.3 287.9 283.4 281.7 285.3 288.7 291 291.9 292.2 292.6 293.1 292.5 294.3 296.2 298.2 300.3 302.5 304.9 307.3
221.9 222.8 224 226.9 229.5 232.2 236.7 242.2 247.2 252.7 259 264.4 268 271.4 274.9 278.2 280.6 282.8 285.3 288.1 291 294.3 297.5 300.6 304 307.4 310.9 314.1 317 320.5 324.5 328.6 332.1 333.8 335.7 337.6 339.6 341.5 343.2 345 347 348.6 350 351.2 352.4 353.1 353 352.7 350.7 346.9 342.3 336.2 329.7 322.4 316.3 310.5 304.7 299.2 294.4 290.4 287 282 280.4 285.3 288.2 289.6 290.2 290.5 290.5 289.7 291.6 293.4 295.3 297.1 299 301.3 303.7 306.1
226.5 227.4 229 230.4 233.7 237.8 241.7 247.4 252.9 258.8 264.2 268.8 273.1 276.8 280.2 283.3 285.7 288.2 290.7 293.4 294.7 297.7 300.8 303.4 306.5 309.7 312.6 315.4 318.9 322.3 325.8 329.2 331.7 333.5 335.4 337.3 339.1 340.9 342.6 344 345.6 347.2 348.7 350.1 351.1 352.2 352.7 352.3 350.6 347.1 341.8 335.9 329.5 322.7 315.3 309.4 303.5 297.5 292.8 287.9 284.8 280.9 279.1 284.4 287 287.9 288.4 288.2 287.9 287.9 290.4 292.4 294.3 296.2 298 300.3 302.5 304.2
230.6 231.8 233.1 234.4 237.5 242.5 247.2 252.6 257.9 263 268 273.1 277.7 281.8 285.4 288.5 291 293.6 296.1 298.3 299.7 301.2 303.9 306.4 309 311.8 314.6 317.3 320.8 323.4 326.1 328.7 330.7 332.5 334.5 336.4 338.2 339.9 341.3 342.6 344.2 345.7 347.3 348.8 349.9 350.9 352 351.7 350.2 347 341.2 335.3 329.3 322.1 314.5 308.3 302.3 296.2 290.7 285.8 282.4 279.8 278.3 283.1 285.2 286.1 286.5 286 285.6 286.4 289.1 291.3 293.2 295.1 297 298.7 300.5 302
234.7 235.7 237.2 239.1 242.4 246.8 251.7 256.7 262.1 266.9 271.8 277.4 282.7 287.6 290.5 293 295.4 297.8 299.8 301 302.6 304.2 305.9 308.4 310.8 313.5 315.7 318.4 320.7 322.8 325.1 327.4 329.2 330.9 332.6 334.6 336.6 338.2 339.8 341.1 342.7 343.8 344.9 346.6 348.1 349.5 351 350.7 348.6 345.1 340.2 334.3 328.7 322.6 315 308.3 302.6 296.6 291 287.5 283.3 279.6 277.8 280.1 283.3 284.3 284.5 283 282.7 285.1 287.7 290.3 292.1 293.8 295.3 296.8 298.2 299.5
238.9 240.9 242.3 243.8 247.3 251.2 256.2 261.2 266.3 271.1 276.7 283 288.7 291.7 294.4 297 299.5 301.3 302.9 303.8 305.2 306.8 308.2 309.9 312.4 314.8 316.5 318.1 319.6 321.3 323.4 325.8 327.6 329.3 331 332.7 334.2 335.7 337.4 338.7 339.9 341.1 342.5 344.3 345.8 347.4 349.3 348.9 346.6 343 338.9 333.6 328.4 323.3 316.5 309.6 303.9 299.1 295.1 291.2 287 281.6 278.3 277.1 281.3 282.4 281.8 281 281.8 284.1 286.7 289.1 290.5 292 293.5 295 295.5 296.7
243.8 245.9 247 248.5 251 255.7 260.3 265.3 270.3 275.3 281.2 287.3 291.5 294.8 297.9 300.5 302.5 304.5 305.7 306.6 307.9 309.3 310.8 312.3 313.9 315.1 315.9 317.2 318.1 319.9 321.7 322.8 324.4 326.1 327.7 329 330.9 332.9 334.3 335.5 336.7 337.7 339.6 341.8 343.8 345.6 346.8 346.3 344.4 341.4 337.4 333 328.4 323.5 318.1 312.2 306.7 302.6 298.9 295.1 290.7 286.1 279.2 274.6 278.2 280.4 279 279.8 281.3 283.2 285.7 288.1 290 291.1 292.2 292.8 293.1 293.9
247.5 249.7 251.1 252.8 255.4 259.4 263.6 268.9 274.8 280.1 284.8 290.8 294.2 297.5 300.8 303.4 305.5 307.1 308.2 309.3 310.5 311.7 312.4 313.1 313.6 313.7 314.7 315.1 315.7 316.9 318.2 319.6 321.2 322.6 323.9 325.2 327 328.8 330.3 331.8 332.9 333.9 336.3 338.5 340.8 342.4 343.7 343.5 342 339.7 336.3 332.2 327.9 323.9 319.5 314.5 310.3 306.2 302.4 299 294.8 289.7 283.3 276.3 275.6 276.6 277.2 278.5 280.3 282.3 284.7 287 288.9 290.6 291.2 291 290.8 291.5
251.1 253.1 255.3 257.9 260.6 263.9 269.1 274.1 279.2 283.7 288.2 293.9 297.3 300.5 303.7 306.4 308.3 309.3 310.4 311.5 312.1 312.4 313 313.3 313.3 312.4 312.3 312.2 312.4 313.1 314.3 315.1 316.7 318.7 320.1 321.4 323 324.7 326.1 327.5 328.3 330.3 333 335.2 337.1 338.6 340 340.3 339.4 337.7 334.9 331 327.5 323.8 320.4 316.3 312.5 309.4 305.8 302.9 298.4 293.3 287.9 280.3 273.2 274.5 275.2 276.8 279 281.4 283.7 285.9 287.7 289 289.5 288.7 288 288.7
254.7 257.3 259.9 262.7 266.4 270.1 274.1 278.1 282.7 287 291.7 296.8 300.2 303.6 306.6 308.8 310.4 311.5 312.5 313.1 313.1 313.5 312.9 312.4 311.8 310.8 309.8 308.4 308.1 307.8 309.1 310.1 311.7 313.7 315.7 317.6 319.1 320.5 321.9 322.7 324.1 326.7 329.7 331.8 333.3 334.8 336.1 336.6 336.1 335.3 332.9 330.2 327 323.8 320.7 316.7 313.8 311 308.2 305.7 301.8 296.3 291 284.6 275.5 272.4 273.5 275.8 278.3 280.6 282.9 284.9 286.5 287.3 287 286.1 285.3 285.7
259.1 262.1 264.7 268.1 271.9 275.4 278.8 282.4 286.8 290.5 295.2 299.8 303.2 306.3 308.9 311 312.2 313.3 314 314 314 313.4 312.6 311.1 308.6 307.6 305.9 303.6 301.1 301.8 302.4 303.8 306 308.1 310.2 312.2 314.3 316.3 315 313.4 319.8 323.3 326.4 328 329.5 331 332.2 332.9 332.9 332.1 331.1 328.7 325.8 323.2 320 316.6 313.9 311.2 309.3 307 304.3 298.1 291.8 285.7 278.3 271.4 273.5 275 277.5 279.9 281.9 283.8 285 285.4 284.7 283.9 282.8 282.1
263.1 266.9 269.7 273.5 277.9 282 284.5 287.5 290.7 294.9 298.9 302.4 305.5 308.3 311 312.7 313.8 314.9 315.1 314.9 314 312.9 310.6 309.2 306.8 304.4 301.3 296.4 294.8 294.6 295.6 297.7 299.7 301.9 304.4 306.5 308.5 310.2 305.8 312.5 316.8 320.8 323.7 325.4 326.9 328.4 329.1 329.4 329.4 329.2 328.7 326.7 324.7 321.9 318.8 315.4 312.7 310.5 308.7 306.9 304.5 298.9 292 285.7 279.1 270.1 271.7 274 275.9 277.9 280.1 282 283.3 283.5 283 281.7 279.8 278
267.1 271 275.7 280.2 284.6 287.6 290 292.7 295.5 298.5 302.3 304.9 308 310.6 312.9 314.3 315.5 316.2 315.7 314.7 313.4 311 309.1 306.8 304.1 301.1 296.2 290.6 288.9 287.8 289.3 291.6 292.9 295.1 297.2 298.5 299.6 299.5 304.4 309.2 314.5 318.4 321.3 323.3 324.9 325.8 326.3 326.1 325.7 325.8 325.6 324.6 322.8 319.9 316.6 313 310 307.5 305.8 304.6 302.1 297.3 290.9 285.6 279.7 273 269.5 271.5 273.5 275.8 278.1 280.2 281.4 281.7 280.7 278.9 277.1 274.7
271.7 275.8 281.5 285.5 289.3 292.2 294.9 297.2 299.8 302 305.2 307.6 310.5 313 314.5 316 316.7 316.9 315.3 314.1 311.6 309 306.8 304.1 301 296.9 289.6 284.1 282.2 282 282.9 282.9 283.4 286.1 286 291.7 295.2 297.6 302.6 307 312.4 316.8 319.2 321.7 322.7 323.4 323.9 323.1 322.1 322.1 322.1 321.8 320.1 317.2 313.5 309.9 307 304.3 302.8 300.6 298 294.4 289.7 285.3 280 273.9 266.6 268.4 270.8 273.4 275.8 278 279.7 280.1 278.9 276.6 273.7 269.7
276.3 281.1 286.4 290.2 293.9 296.5 299.6 301.8 303.8 306.1 308.4 310.5 312.8 314.8 316 317.2 317.5 316.8 314.8 312.3 309.7 307.5 304.2 300.9 296.8 289.4 280.9 278.2 276.6 276.8 276.7 281.2 285.4 289.1 293.6 296.8 299.5 302.6 305.7 310 313 315.4 317.4 320.8 320.9 321.4 320.8 320.7 319.5 318.8 318.2 317.7 316 313.4 310.5 306.9 303.9 301.2 298.9 296.6 294.3 291.4 286.9 282.9 280 274.3 266.7 265.1 268.2 270.8 273.2 275.4 277.5 278.6 277.6 273.9 270.5 263.7
281 287 291.6 295.3 298.8 301 304.2 306 307.8 309.7 311.4 313.3 315 316.5 317.9 318 317.2 315.5 313.2 310.1 307.1 304.6 301.1 296.5 289.4 279.5 273.9 272.8 271.3 276.3 279.9 285.3 292 296.1 301.1 304.3 306.7 308.5 310 313.4 315.8 318.9 320.7 321.2 321.2 320.5 320.1 317.8 316.7 315.4 314.3 313.3 311.9 309.5 307 303.9 301.4 298.4 295.6 293.3 290.7 288.1 283.7 280.5 277.6 274.6 267.7 260.9 264.2 267.5 270.2 272.8 275 277.2 277 273.7 267.4 261.6
286.5 291.9 296 299.1 303.2 306.2 308.3 310.3 312.2 313.5 314.9 315.7 317.3 318.6 319 318.2 316.2 314.1 311.7 308.1 304.7 301.4 297.1 290.3 282.7 271 265.3 269.6 275.4 279.1 285.5 291.5 297.5 302.4 306.4 308.7 311.3 312.9 314.3 316.1 318.4 320.2 321.7 321.5 321.4 320.4 318.8 316.9 314.3 312.7 310.8 309.1 308 306 303.9 301 298.5 295.2 292.4 289.9 287.4 284.7 281.2 278.1 275.2 272.7 268.5 262.2 259.8 263.5 266.7 269.6 272.6 274.8 275.6 275.1 269.3 260.2
291.2 295.7 299.9 304.3 307.5 310.4 312.2 314.2 316.1 317.4 317.9 318.7 319.8 320.1 319.4 317.9 315.5 312.8 309.3 304.9 301.3 297.4 292.2 284.1 273.8 261.6 269.3 274.6 279.1 285 290.3 296 301.7 305.7 308.8 311.6 313.6 315.2 316.5 317.6 319.9 321.2 322.6 322.9 322.2 319.9 320.4 317.2 314.4 311.6 309.3 306.6 304 302.4 300.9 298.9 298 295.6 292.9 289.9 286 282.5 278.7 275.7 272.9 270.6 268.1 262.8 257.1 259.9 263.3 266.4 269.7 272.4 274.1 275.5 272.4 263.6
295.9 301.4 305.9 308.8 311.7 314.5 316.2 318.1 319.1 320 320.6 321.2 321.6 321.2 319.7 317 314.3 310.8 306.8 301.9 296.9 291.9 284.7 275.8 265.3 266.2 274.2 281 285.5 290.5 294.8 299.7 304.3 307.4 310.3 312.7 315.2 317.2 318.5 319.3 321.2 322.3 323.4 323.8 323 321.4 320.6 318.2 315 312.2 309.5 306.6 303.6 300.9 299.3 297.7 296.6 294.9 292.5 289.8 285.7 282.1 277.8 273.6 270.9 268.9 266.1 262.3 255.1 256.2 259.4 263.1 266.4 269.8 272.3 274 272.7 267.6
302.7 307.2 310.1 312.9 315.4 317.8 319.8 321.3 322 322.6 323.3 323.4 322.7 321.5 319 316.1 311.9 308.4 303 297.5 289.1 281.7 274.8 264.6 261 270.9 281 285.9 289.7 294.2 297.7 302 305.7 308.8 311.6 313.8 316.2 318.5 320.1 321.2 322.2 323.3 324.1 323.8 323.1 322.1 320.4 318 314.9 312 309 306.1 303.2 299.8 296.9 294.6 293.8 292.7 291.1 288.4 285.5 281.7 276.7 272.1 269.4 267 264.4 260.8 257.9 253.7 255.2 259.8 263.4 266.7 269.3 271.2 271.5 269.2
306.5 310.6 314.2 316.8 319.1 321 323.1 324.6 325.9 326.1 325.8 325.3 323.7 321.3 318.2 314.7 310.3 305.7 300.3 290.8 280.8 271.8 264.3 256.9 264.9 279.8 287.1 290.8 294.6 298 300.1 303.9 306.9 310 312.4 314.8 316.9 318.9 320.8 321.8 322.6 323.6 324 323.6 322.6 321.9 320.4 317 314.1 311 307.9 304.6 301.3 297.9 294.9 291.9 291 290.2 288.6 286.2 283.2 279 273.9 270.1 268 265.5 263.6 261.7 259.5 255.1 251.4 255.9 260.5 263.7 266.2 267.8 268.8 267
310 314 318 320.8 323.5 325 326.8 330.2 331 329.6 328 326.2 324 321.1 317.2 313.2 308.9 302.5 294.1 281.7 275 263.4 253.9 260.8 277.1 287.2 290.8 293.9 297.1 299.7 302.4 305.1 307.6 310.1 312.5 314.8 317.2 319.3 321.5 322.4 323.2 324 323.7 323.3 322.1 320.9 318.5 315.2 312.1 309 305.9 302.1 298.8 295.4 292.5 289.5 287.4 286.5 284.8 283.1 279.8 275.6 271.4 268.6 266.7 264.8 263.5 262 259.4 256.2 252.9 251.4 256.7 260.6 263.1 264.3 265 264
313.6 318.3 323.3 327.6 330 333.2 336.4 335.8 334.6 331.9 329.2 326.9 323.7 319.8 315.6 311.3 306.3 299.8 287.5 273.6 265.2 253.5 256.1 270.2 284.1 288.7 292 294.9 297.5 300 302.5 305.1 307.7 310.1 312.6 314.9 317.3 319.4 321.1 322 322.7 323.4 322.3 321.4 320.4 320.8 316.1 313.2 310.1 307.1 303.4 299.7 296.3 292.6 289.3 286.4 284 282.4 280.8 279.1 276.2 272.2 269 267.2 265.8 264.4 263.2 262 259.8 256.8 253.9 251 252.1 256.2 259 260.1 260.9 259.7
318.7 325 329 333.3 338.3 341.7 342.9 341.8 338.3 333.8 330.3 326.9 322.6 318.4 314.1 309.4 303.8 295.7 280.5 267.6 256.5 250.3 262.5 279.5 285.6 288.7 291.8 294.7 297.3 299.7 302.3 305 307.6 310.1 312.6 314.9 316.9 318.2 319.2 320.1 320.1 320.2 319.5 318.6 317.9 316.6 313.8 311.3 308.2 304.7 300.9 297.2 293.7 290 286.5 283.2 280.9 279 277.1 275.3 272.6 269.5 267.4 266.3 265.1 263.9 263 261.9 260.4 257.8 255.2 250.6 247.5 251.2 254.1 255.2 254.8 253.1
