app/static/ascii/SX59.asc
ncols 200
nrows 200
xllcorner 250000
yllcorner 90000
cellsize 50
[rows 35 to 69 of 200, columns 78 to 155 of 200]
184.2 185.2 185.6 186.8 188.1 188.1 187.7 187 186 185 183.8 182.8 182.4 182.2 181.6 179.8 177.1 173.9 171.4 173.1 175.7 178.3 180.4 182.8 185 185.6 186 186.4 186.9 187.4 187.4 186.6 185.9 184.8 183.4 180.3 177 174.4 171.1 167.3 162.2 152.3 142.8 141.3 143.3 156 169.4 176.9 180.7 182.7 182.5 181.7 181.1 180.7 179.7 179.8 184.1 189.4 194.7 198.9 201.4 202.3 202.7 203.2 202.3 200 196.2 198.7 202.7 205.8 208.9 211.7 211.3 210.5 209.7 208.8 207.7 206.6
184.6 185.3 186.1 186.9 187.5 187.3 187 186.8 185.7 184.7 183.6 182.7 182.5 182.3 182 180.1 178 176.5 174 174.3 176.9 178.8 181.2 183.4 185.7 187.1 187.5 188 188.3 189.1 190.1 190.5 189.5 188.4 186.2 183.3 180 177.3 172.4 167.5 156 148.7 146.3 146.1 143.5 148.5 163.8 175.2 181.2 183.4 184.7 184.1 183.6 183.3 182.6 183.5 187.5 192.8 197 200.9 203.4 204.6 205.7 205.7 204.8 202.8 199.2 199.3 202.3 205.3 208.4 211.4 212.5 211.6 210.6 209.8 208.8 207.7
183.1 183.6 184.3 184.7 185.5 186 185.6 184.6 184.5 184.3 183.4 182.8 182.6 182.4 182.2 180.6 179.2 177.7 176.1 175.6 177.5 179.5 181.8 184.1 186.3 188.6 189.1 189.5 189.8 190.6 191.6 192.6 192.2 190.6 188.3 185.3 181.3 177.9 172.2 161.7 150.3 152.4 155.6 156 149.9 146.4 152.1 166.7 177.6 182.7 184.9 185.4 185.8 185.8 186.4 187.7 191.2 194.9 198.8 202.7 205.2 206.1 206.5 206.7 206.9 205.5 202.3 199.2 202.2 205.2 208.2 211.4 213 212.7 211.8 210.8 209.9 207.6
181.3 181.5 181.8 181.9 182.9 182.9 183.1 182.4 182.3 182.1 181.5 182 182.6 182.5 182.3 181.8 180.3 179 177.9 178 179 180.2 182.4 184.7 186.9 189.2 190.6 191 191.3 192.1 193.1 192.9 192.5 190.7 188.6 185.1 181.3 176 168.9 155.1 153.2 160.9 162.9 162.6 157.2 148.7 145.7 156.3 170.5 177.3 181.6 184 184.1 186.4 188.1 189.3 193.2 197 200.6 204.4 206.5 206.9 207.2 207.4 207.6 206.7 204.8 201.4 203.5 206.5 209.5 211.8 212.9 212.9 212.9 212 211.2 210.2
176 175.8 176.5 177.4 178.1 179.3 179.7 179.3 178.8 178.4 178.1 178.8 181.7 182.5 182.8 182.5 182 181.2 180.3 180.8 181.6 182 183.8 186 188.1 190.2 191.8 192.4 192.7 193.4 193.2 193.1 192.5 190.7 188 184.6 179.7 174.1 162.8 161.3 161.9 166.5 168.9 168 164.9 157.8 147.7 147.2 161.6 172 177 180.4 181.3 184.9 187.2 190 193.9 197.7 201.2 204.6 207 207.7 207.9 208.1 208.3 207.9 206.3 205.7 205.2 207.5 210.1 212.2 213.4 213.7 214.1 213.5 212.6 211.7
170.9 169.9 171 172.2 173.4 174.9 174.4 173.7 173 171.2 172.5 175.3 179.4 183 184.5 184.5 184 183.6 182.8 183.5 183.9 184.3 185.3 187.5 189 190.4 191.7 192.7 193.4 193.4 193.4 193.3 192.2 189.5 186.4 182 177.5 169.1 158.9 161.5 168.6 170.9 172.7 171.5 169 165.5 156.8 148.6 156.3 166.5 172.1 176 180.2 184 186.8 190.7 194.6 198.4 201.4 204.4 206.7 208.4 208.6 208.8 209 209 207.8 207.7 207.7 208.8 210.6 212.5 213.8 214.8 215.2 214.9 214 213.2
163.3 161.7 161.7 164.2 166.7 168.8 168.6 165.8 165.4 168.9 172.8 176.6 181.6 184.6 186.8 187.1 186.4 185.7 185.3 185.7 186.1 186.4 186.8 187.6 189 190.3 191.6 192.8 193.3 193.3 193.2 193 191 187.9 184.6 179.4 174.6 162.9 157.6 167.7 171.9 173.8 175.3 174.5 173.4 170.6 164.5 150.2 152.1 159.9 168.2 172.7 177.7 182 186.7 190.6 194.5 197.9 201.1 204.2 206.7 208.5 209.4 209.6 209.7 209.9 209.8 209.8 209.8 210.6 211.8 213.1 214.2 215.3 216.3 216.3 215.4 214.7
153.7 152.8 151.6 154.7 158.7 160.1 160.8 163.1 169.1 174.9 178.8 180.5 184 185.8 188.6 188.3 187.3 187.4 187.4 187.5 187.9 188.2 188.7 189.3 190 190.8 191.6 192.9 193.1 193.1 193.1 191.1 188.7 185.7 182.7 177.1 170.7 160.6 166.6 172.2 174.9 176.6 177.4 177.3 176.2 173.7 168.6 156.2 151.4 157.4 163.2 169.7 174 178.9 184 188.7 193 197.1 200.7 203.8 206.6 208.5 209.3 210.2 210.6 210.8 211.9 211.8 212.1 212.9 213.8 215 216.2 216.6 217 217.7 217 216.2
145.7 147 149.9 151 153.5 158.2 163.2 168.5 174.5 178.2 181.3 183.9 185.9 187.6 189.1 189.3 189.4 189.5 189.5 189.6 189.7 190.1 190.7 191.2 191.8 192.5 193.3 194 193.6 193.3 192.1 189.3 186.3 183.5 180.7 175.8 169.7 166.2 170.7 174.4 177.2 178.6 179.5 180.1 178.9 176.5 169.4 152.2 151 160.2 166.1 172 177.3 181.2 184.6 188.4 192.1 196.4 200.3 203.4 206.5 208.5 209.3 210.1 210.9 211.7 213.4 213.9 214.3 215.2 216.1 217.7 218.2 218.7 218.6 218.3 217.8 217.3
149.2 153.9 155.6 156.4 154.9 159.6 166.7 172.1 176.4 180.5 183.6 185.4 187 188.7 190 190.6 190.7 190.9 191 191.1 191.3 191.6 192.2 192.9 193.5 194.2 194.2 193.8 193.4 192.3 190.9 187.8 184.6 180.9 177.6 173.5 167.8 163.3 172.2 176.1 179 180 180.4 181.2 179.2 175.8 166.8 151.1 152.3 161.8 167.4 171.9 176.4 181.2 184.6 186.9 190.6 195.2 199.8 203 206.1 208.4 209.4 210.9 212.3 213.3 214.6 216 216.6 217.4 218.1 219.1 219.5 219.6 219.1 218.6 217.4 216.4
158.1 161.4 163.7 163.9 162.6 160.9 166.6 173.3 178 182.7 184.8 186.6 188.2 189.9 190.9 191.7 192 192.1 192.3 192.4 192.6 192.8 193.1 193.8 194.4 195.1 194.7 194.2 193.3 191.7 189.6 186.4 180.6 177.3 173.5 169.7 165.2 166.1 172.9 176.9 180.4 181.4 181.3 179.7 177.6 172.8 165.4 152 153.8 161.4 166.3 171 175.2 179 181.6 185.4 188.6 193.6 198.4 202 205.2 208.9 210.6 212.3 214.1 215 216.3 217.5 218.4 219.2 220 220.3 220.4 220.8 219.1 216.4 215.2 214.5
165.2 168.4 171.4 171.7 171 166.7 166.2 171.9 176.6 181.7 186 187.8 189.4 190.8 191.9 192.6 193.3 193.4 193.6 193.7 194 194.2 194.4 194.7 195.3 195.7 195.2 194.7 193.6 191.7 188.8 185.3 183.3 180.3 178.5 176.1 170 168.2 174.4 178.1 181.1 182.5 180.7 179.1 177.5 169.7 160.8 153.8 152.6 159.2 164.2 168.8 171.9 175.5 179.7 184 188.6 192.1 196.9 200.9 204.7 208.7 211 212.7 214.6 216.6 217.8 218.9 219.8 220.8 221.9 222.3 222.2 222 219.5 216.3 213.4 210.5
171.2 175.3 177.5 178.1 177.8 176.4 169.7 170.2 175.3 180.3 184.7 186.9 188.2 190.9 192.5 193.5 194.2 194.7 194.9 195.1 195.3 195.5 195.7 195.9 196.2 196.3 195.7 195.2 194.3 192.1 190.4 188.9 187.5 185.9 183.2 178.9 171.5 172.1 176.7 180.1 182.4 183.2 181 179.4 177.8 172.3 166 154 153.5 156.6 160.4 165.7 169.8 175.1 178.5 181.6 186.9 190.9 195.5 200 204.2 208.4 211.3 213 214.8 216.2 217.8 219.9 221.7 222.6 223.5 224.4 224.7 224.1 221.1 217.8 213 210.3
175.6 178.6 180.8 182 182.5 181.2 178.8 174.6 176.1 179 183.3 185.5 188.7 190.9 192.4 194 195.2 195.9 196.2 196.4 196.6 196.8 196.9 197.1 197.1 196.6 196.1 195.5 195 193.2 193 191.4 189.8 187.8 184.5 178.2 170.5 177.4 179.2 181.6 183.3 184.1 182.3 180.1 178.1 174.5 168 156.5 155.4 156.9 158.4 163.8 169.5 174.7 178.4 183.1 187.8 192.1 197.1 200.6 204.5 207.9 210.3 212.5 214.1 215.8 218 220.1 222.2 224.2 225.3 225.8 226.7 226.4 223.1 219.5 217.1 213.6
178 181.4 183.2 184.2 185.2 185.1 183.7 182.2 181 180.6 182.9 186 189.2 190.8 192.4 193.9 194.8 195.5 196.5 197.2 197.4 197.5 197.6 197.7 197.3 196.8 196.4 195.9 195.4 194.3 193.8 192.9 191.3 187.5 182.5 176 174.9 180.4 181.9 183.1 184.3 184.8 183.7 181.5 179.2 175.4 167.1 155.2 156.9 158.9 160.1 163.6 171 176.6 181.9 186.3 191.1 194.7 198.3 201.6 204.5 206.9 209.4 211 212.7 214.8 217.5 220 222.4 224.5 225.8 227.3 228.3 228.2 226.9 224 220.7 217.1
178.9 181.8 184.7 186.3 187.1 187.8 187.6 186.6 185.7 185.3 185.5 187.6 189.5 190.7 192.2 193.3 193.9 194.6 195.6 196.8 198 198.2 198.3 197.9 197.4 197 196.5 196.1 195.6 195.1 194 192.6 189.6 185.6 180.3 177.3 180.2 182.7 184.2 185.2 185.8 185.7 185 182.8 179.1 172.8 163.4 155.6 160.3 163.7 164.7 164 169.6 177.3 184.3 188.5 192.9 196 198.9 201.2 204.3 206.1 207.7 209.1 210.5 213.9 216.7 219.2 221.7 224.5 226.7 228.3 229.5 230.3 229.3 227.5 224.8 220.5
174.7 180 184.1 187.4 188.6 189.1 189.7 189.8 189.4 189.1 189.3 189.5 190.2 191.2 191.3 192.3 193 193.6 194.7 195.9 197.2 198.4 198.4 198 197.6 197.2 196.7 196.3 195.5 194 192.8 190.6 187 182.9 180.1 182.1 183.7 185.5 186.4 187 187.1 187.3 186.5 183.4 178.5 170.9 160.7 157.8 163.4 167.6 169.6 169.2 166.9 173.2 180.9 187.7 191.6 195 197 199.1 200.4 202.2 201.8 203.8 207.4 212.7 215.8 218.5 221.2 225 227.4 229.7 231.2 232 232 230.3 227.4 223.7
169.5 177 182.8 187.7 190.3 191 191.6 191.8 191.7 191.4 191.2 191.2 191.5 191 189.7 189.9 192.1 192.7 193.8 195.1 196.4 197.7 198.1 198.1 197.8 197.4 196.9 195.9 194.4 192.9 190.2 186.1 183.5 183.3 184.5 185.8 187 187.6 188.4 189 189 188.8 187.3 184.7 178.5 171.8 161.5 157.8 165.1 170.2 173.4 174.1 170.1 170.7 180.2 185.2 188.8 190.9 192.5 193.5 194.6 195.3 200.8 204.4 207.9 211.9 215.9 219 221.9 225.9 228.8 230.8 232.7 233.5 233.7 232.6 229.4 225.4
166.1 175.7 182.1 188 191.4 192.9 193.4 193.6 193.7 193.7 192.9 192.2 191.4 190.1 188.1 186.8 188.8 191 192.8 194.4 195.7 197 197.5 197.5 197.6 197.5 196.3 195 193.6 192.2 189.7 186.6 186.5 186.9 188 188.7 189.2 189.8 190.5 191 190.1 188.7 187.2 185.7 180.3 173.4 162.7 160 167.1 172.6 176.7 178.1 178.4 174.5 174.5 180.9 182.5 184.9 186.6 189.5 194.3 199.6 204.2 208.1 211.6 215.1 218.9 221.3 223.5 226.8 230.3 232.5 234.4 235.1 235.3 234.4 231.3 227.1
168 176.9 183.2 188.8 191.7 193.3 194.8 195.3 195 194.2 193.4 192.6 191.3 189 187.3 185.2 185.4 188 190 191.6 193.3 195 197 197.3 197.3 197.4 196.1 194.6 193.1 191.6 190 189.5 190 190.3 190.4 190.9 191.4 192 192.7 192.3 190.7 189.3 187.9 186.1 181.6 175.5 166 161.6 169.1 174.7 178.8 181 181.5 179.2 177.7 177 179.9 185 189.4 194.3 199 203.7 208 211.5 214.9 218.2 221.2 223.6 226 229.4 231.9 234.4 235.9 236.7 236.8 235.2 232.5 228.8
166.7 175.6 182.9 187.3 191.2 192.8 194.4 195.9 195.6 194.8 193.9 192.7 190 187.7 185.5 183.8 182.4 185 187 188.8 190.5 192.9 195.5 196.6 197.2 197.1 196.6 194.4 193 192.1 192 192.4 192.8 192.9 192.9 193.1 193.6 194.2 193.8 193.7 192.1 190.4 188.9 186.4 182.5 175.1 163.2 166.5 172.1 177.2 181 183.4 184.5 184.6 183.1 182.2 182 185.8 191.3 196.7 201.4 206.1 209.9 213.7 217.3 220.7 223.6 226.2 229 231.2 233.3 235.2 237.1 238.2 237.9 236.1 233.4 229.5
160.8 171.4 178.6 184.6 189.5 192.4 194 195.7 196.1 195.3 193.9 191.4 188.7 186.3 184.1 181.8 179.2 182 184 185.9 187.6 191.2 194.5 195.9 196.6 197.2 196.8 195.7 194.8 194.7 194.8 195.2 195.4 195.4 195.4 195.4 195.7 195.3 195.1 195 193.7 191.8 189.1 185.2 179.8 171.8 163.8 169.7 175.9 180.1 183.2 186 187.9 188.3 188.1 186.2 185.5 185.9 191.8 196.9 202.7 207.6 211.8 215.6 219.5 223.1 225.9 228.7 230.7 232.4 234.2 236.1 237.9 238.5 237.9 235.8 234 230.2
150.1 162.5 172.7 179.8 185.8 189.3 192.5 193.8 194.2 193.1 190.7 188.2 186 183.6 180.7 177.3 175 176.7 179.7 182.7 185.4 188.4 193.4 195.9 198.1 199.3 198.9 198.3 197.4 197.5 197.7 197.9 197.9 197.9 197.8 197.2 196.4 195.9 194.9 194.4 192.9 190.4 187.1 182.7 176.6 168.1 164.5 173.3 179.4 183.2 186.3 189.4 191.4 192.5 193.2 192.4 191.7 191.2 191.8 196.9 203.2 208.6 213.7 217.7 221.6 225 227.7 230.2 231.7 233.5 235.2 236.9 237.7 238.4 237.7 235.9 234 230.9
138.9 150.8 162.2 171.9 180.5 186.4 189.1 190.9 191.2 189.2 187.6 185 182.2 178.5 175.5 172.3 170.9 173.5 176.3 180.3 185.4 189.9 194.1 197.6 199.7 201 201.1 200.4 200 200.2 200.4 200.2 200.2 200.1 199 197.4 196.5 194 193.1 192.2 190.7 187.3 183.6 179.3 172.6 164.9 165.9 176.2 182.8 186.8 189.7 192.6 194.7 195.9 197.1 198.3 198 197.5 197 197.3 203.1 209.8 215.3 219.1 222.5 225.6 228.6 230.9 232.3 233.9 235.6 237.2 237.7 238.1 236.9 235.3 233.7 231.7
138.8 136.5 148.3 160.9 170.4 179.1 183.8 184.9 185 183.9 180.6 177.8 174.8 171.4 166.4 167.2 170.4 174.2 178.6 183.5 189.2 193.5 196.2 199.3 201.3 202.6 203.2 202.6 202.6 202.9 203.1 202.8 202.4 200.9 199.3 197.5 194.8 190.8 189.2 188.3 186.9 183.4 178.6 170.3 169.2 165.7 166.6 178.8 186.1 189.9 193.4 195.9 197.9 199.1 200.3 201.4 202.7 203.7 203.1 203.1 205.3 211.5 215.6 219.1 222.6 226 229.3 231.4 232.9 234.4 235.9 237.3 237.7 237.3 236.2 234.6 233 231.8
146.3 140.9 136.1 139.9 157.7 167 173.7 175.6 176 174.4 172.1 169.4 162.3 161.1 166.5 170.1 173.8 177.6 181.7 186.7 192.2 195.8 198.3 201.1 202.8 204.2 205.4 205 205.3 205.6 205.8 204.8 203.4 202.3 199.8 196.3 192.9 188.2 185.9 184.4 181.5 177.5 173.2 173.4 173.9 169.9 167.6 180.1 189.2 192.7 196.1 198.8 200.7 202.3 203.4 204.5 205.8 207.1 208.4 208.9 208.8 211.5 215.6 219.1 222.6 226 229.3 231.4 233.1 234.7 236.3 236.9 236.9 236.5 235.5 233.9 232.3 231.4
153.7 148.6 141.9 137.7 141.8 151.4 158 163.9 164.1 162.8 159.2 155.1 160.3 165.3 170.9 174.3 178.3 182.1 185.7 189.8 194.6 198 200.5 202.6 204 205.1 206.4 207.6 207.9 208.3 207.7 205.8 204.4 203.1 200.2 196.9 191.1 186.3 184.8 182.6 177.2 178 178.6 178.8 178.4 173.8 167.8 179.5 188.3 193.8 197.8 199.8 202 204.7 206.3 207.7 208.9 210.2 211.1 212.2 213.2 214.4 216.3 219.8 223.2 226.1 229.1 230.7 232.9 234.9 235.5 235.9 236.1 235.5 234.2 232.8 230.9 228.8
156.1 149.4 143 144.8 141.9 138.9 144.7 151.6 152.7 151.8 151.4 156.6 165 171.1 175.7 179.2 182.9 186.5 189.6 192.6 197 200 201.3 202.8 204.4 205.9 207.3 208.4 208.9 209.1 208.9 207.3 205.7 204 201.1 198.1 193.5 189.4 186.2 182.5 181 183.2 183.4 183 181.3 177 169.6 175.7 186.3 193 198.3 200.9 203.6 206.2 208.5 210.1 211.7 212.9 213.7 214.8 215.9 217.9 219.8 221.8 224.6 227.1 229.1 230.9 233 234.1 234.7 234.9 235.1 234.2 232.8 230.3 227.6 226.1
154.2 147.9 149 150 145.9 142.4 138.3 141.7 143.6 145.4 153.7 160.2 168.8 175.7 179.8 182.6 186.1 188.7 191.8 194.6 197.1 200 201.4 203 204.6 205.5 206.8 207.8 209.3 209.6 209.6 208.3 206.7 205.1 202.2 199.2 195.4 191.1 187 182.8 186.8 186.5 186.5 186 182.9 179.7 173.4 172.1 183.4 192.6 198.2 202.4 205.1 207.7 209.5 211.3 212.7 214.4 216 219.7 219.3 221 222.8 224.2 225.6 227.5 229.5 231.1 232.1 233.2 234 234.2 233.8 232.8 230 226.7 224.3 221.4
149.5 153.2 153.6 151.4 148.5 146.6 144.2 141.8 139.5 145.4 154.1 162.7 172.9 177.4 182.8 185.8 189.5 191.6 193.6 195.5 197 198.5 199.5 200.1 200.8 202.2 204.3 207.1 209.2 209.7 210.6 209.5 208 206 203.1 200 196.5 192.4 188.4 186.2 189.4 189.3 189.2 188.5 185.5 182.6 179 173.4 179.1 190.1 196.7 202 205.1 207.9 209.9 212.2 213.7 215.1 217.3 220.5 222.2 223.9 225.3 226.2 227.2 228.7 229.7 230.5 231.6 232.3 233.3 233.3 232.3 230.9 227.7 223.7 218.9 216.4
157.5 157.3 155.4 152.9 152.4 150.9 149 147 144.2 141.5 153.1 162.4 170 176.7 182.2 186.3 188.4 189.9 191.3 192.9 194.3 195.4 195.7 196.2 197.2 199.3 201.6 206.6 209.2 210.3 211.8 210.8 209.4 206.9 203.9 200.8 197.3 193.6 189.6 190.1 191.8 192.1 192 191.3 189.3 186.9 184.5 177.1 177.9 187.9 193.9 199.8 204 207.6 210.3 212.5 214.5 215.9 218.1 220.5 222.8 224.9 226.2 227 227.5 228.8 229.7 230.4 231.2 232.1 232.6 231.3 230.1 228.3 224.8 219.9 214.8 208
162.4 160.2 157.4 155.8 154.8 153.7 151.8 151.3 148.7 142.9 146.8 158.6 167.9 173.8 179.9 183 185 186.1 187.3 189.4 190.5 191.1 191.6 192.2 194.1 196.1 199.4 204.8 209.4 211.3 212.8 212.6 211.1 208.8 205.4 201.7 198 194.6 193.2 193.7 194.9 194.8 194.7 193.8 192.5 190.1 187.4 181.2 175.8 183.2 190.4 195.8 200.5 204.7 208.6 210.3 211 213.5 216.8 219.7 222 223.2 225.2 226.2 226.9 228.3 229.8 230.5 230.9 231.5 231.4 229.7 227.6 225.5 220.9 216 211 205.1
166.6 164.1 161.7 159.6 157.5 156.2 154.7 153.7 152.6 147.8 140.8 152.6 163.6 169.9 176.1 179.5 180.7 181.9 183.2 183.2 185.1 185.9 186.4 186.3 188.2 192.5 197 203.6 209.1 212.5 213.7 213.9 212.7 210.3 207 201.9 198.9 196.9 195.8 195.6 196.4 197.2 197.8 196.7 195.3 192.8 189.5 183.7 179.4 182 185.3 190.2 194.7 200 205.7 206.8 207.6 209.7 213.2 217.3 218.6 220.1 221.5 223.5 225.6 227.1 228.4 229.2 230 230.4 229.7 228.3 225.6 221.9 217 212.1 206.9 201.6
171.4 168.9 166.5 164.1 161.6 159.2 157.6 156.5 155.4 150.3 143.4 147.8 157.8 164.8 171.2 175.4 176.4 176.3 176 175.8 178 180.3 180.6 182.6 186.2 190.8 194.9 202.1 208.7 212.6 214.6 214.9 214 211.7 208.6 204.4 201.6 200.8 199.7 199.2 199.8 200.2 200.8 200 197.8 194.4 190.9 180.6 182.1 185.5 184.3 188 189.7 193.9 198.8 202.5 204.2 205.9 208.9 211.4 212.8 215.5 217.9 219.8 222.2 224.8 226.9 228 228.9 228.8 227.7 225.3 222.5 218.6 213.2 207.4 202.5 197.5
176 173.7 171.4 169.1 166.6 164.1 161.4 159 157.1 150.6 143.6 145.2 151.5 159.3 165.7 168.9 168.4 168.1 167.5 168.6 171.1 173.8 177.3 180.4 185.1 189.4 193.7 200.9 208.1 212.2 215.3 215.8 215.4 213.2 210.5 207.7 205.7 204.4 204 203.7 203.8 204 203.8 202 199.6 195.8 186.8 182.2 187.1 190.3 191.6 192 193.3 194.5 194.5 196.4 198.8 201.1 203.3 206.2 208.4 210.8 214 217.7 220.8 223.7 225.7 226.8 227.8 226.7 225.6 223.2 219.6 214.5 208.3 202.6 197.7 190.3
