app/static/ascii/SX64.asc
ncols 200
nrows 200
xllcorner 260000
yllcorner 40000
cellsize 50
[rows 38 to 75 of 200, columns 85 to 169 of 200]
118.6 120 120.1 118.9 117.2 114.4 110 103 97.4 93.1 98.1 103.8 105.6 105.5 103.5 101.2 103.8 106.5 107.1 107.2 106.7 107.1 108.4 108.7 111.3 114.4 118.2 120.7 123.7 127.1 130.1 132.7 133.7 134.6 134.1 131.7 129.2 125.7 121.9 117.6 111.6 96.2 75.2 73.7 89 100.7 100.2 100 100.8 102 103 102.6 101.2 99 94.8 88.4 77.1 56.6 65.6 77.1 78.3 77.5 75.3 70.9 67 64.7 62.2 60.6 57.3 52.7 46.3 33.5 20.3 17.3 26 35.1 42.3 46.7 49.4 49.7 45.9 36.4 29.7 38.6 48
118.3 118.3 117.4 116 114.3 111.6 106.5 101.1 98.2 91.6 92.6 99.5 101.3 100.9 99 98.5 101.2 101.9 102.1 102.2 104.1 104.8 105.4 107.4 111.2 114.2 115.7 118.2 122.8 128.1 131.5 133.6 134.6 135 134.5 133 130.4 126.3 122.7 118.4 112.3 102.1 80.5 67.6 77.9 83.4 87.3 90.4 94.3 98.1 100 100.1 98.2 96 91.9 86 75.8 54.6 53.6 70.1 72.7 70.8 67.1 62.8 59.1 57.3 56.6 56.8 56.3 52.5 46.6 33 19.5 16.6 25.8 34.7 41.8 45.4 47 45.7 40.6 30.6 29.9 41.6 49.8
117.3 116.4 114.9 112.9 111.9 109.8 106.5 103.2 101.6 97.1 87.7 90.5 95.7 96.7 94.5 94.8 96.5 97.5 99 100.9 102.6 104.1 102.8 106.6 109.4 110.8 113.2 119 125.5 130.5 133 134.3 135.1 135.2 134.7 133.5 131 127.7 122.6 118.1 112.5 104.3 87 72.8 65.1 64.7 69.3 79.3 90.6 95.6 96.4 95.9 94.5 91.5 88.1 83.8 74.6 51.5 42 58.4 63.4 60.7 57.2 52.6 47.9 46.4 46.8 48.2 48.8 48.5 43.6 27.9 17.3 16.2 26 34.6 40.6 43 42 39.3 31 26.8 34.3 44.1 51.1
115.5 114.3 112.1 109.8 108.7 108.5 107.1 104.6 102.9 99.7 93.2 84.6 90.3 91.5 90 91.6 93.7 97.3 99.5 101 101.5 101.3 100 103.7 105.5 109.7 115.6 123.7 128.6 131.7 133.3 134.6 135.3 135 134.8 133.5 131.5 128.3 123.4 118.4 112.8 106.3 96 85.6 78.6 68.3 58.7 68.2 85.2 91.6 91.7 91 89.4 86.6 83.5 79 72.9 55.5 37.6 43.8 52.4 47.1 41.5 36.3 32.3 29.5 30.3 34.2 40.3 42.6 38.1 23.1 15 18 28.1 33.9 37 36.3 34.1 30.6 25.5 28.5 37.8 47.5 53.4
113.9 112.3 109.9 107.2 105.6 106.1 105.6 103.9 100.9 96.6 91.3 83.8 83.8 86.2 88.2 92.8 96.9 98.6 99.1 98.5 97.1 95.7 97.9 101.1 107.1 115.7 122.7 127.1 129.6 132.1 133.2 134.3 134.9 134.7 134.3 133.2 130.7 126.9 123.1 118.7 113.8 108.4 100.8 95.7 91 82.4 63 55.8 69.8 84.8 85.8 84.7 82.8 79.6 74.6 67.5 54.1 45.5 38.3 30.6 32 32.7 28.4 21.8 20 17.9 15.8 16.9 25.2 34 29.9 16.7 13.1 21.2 26.7 28.3 27.4 25.5 23.5 23 26.8 34.6 43.9 51.7 56.9
112.1 110.8 108.3 105.6 102.8 102.9 101.9 100.1 96.4 91.5 85.2 81.1 82.9 87.5 92 95.7 96.9 96.1 96.7 95.2 93 93.7 97.6 105.1 113.2 120.1 124.7 128.4 130.5 132 133.2 133.2 133.6 133.5 132.8 132 129.5 126.6 123.2 119.4 115 110.5 105.1 100.3 94.8 88.7 74.8 54.2 52.6 62.2 73.1 76.1 74.8 71.1 58.5 46.8 35.3 29.2 27.2 25.6 24 22.5 22.7 26.7 27.2 26.7 24.4 17.3 12.3 16.6 16.7 12 12.9 15.1 16.1 17.4 20.1 23.9 28.2 32.4 36.5 45.6 53.3 59.8 62.3
110.1 108.4 107 105 101.1 98 96.7 94.9 90.2 84.1 79.5 80.3 86.8 90.5 93.1 94.8 94.9 94 92.8 91.8 91.3 95 105.2 112 117.8 122.3 126.2 128.7 129.9 130.9 131.1 131.7 131.9 131.9 131.2 129.8 128.4 125.9 123 119.5 115.9 111.6 106.8 100.1 93.4 83.4 70.1 57.1 53.6 47.1 50.3 62.8 64.7 55.5 40.4 32.6 37.2 44.2 44 41.7 39.8 38.6 40.8 44.5 44.9 43.1 38.9 31.3 21.1 11.3 10.8 10.9 21.2 26.3 28.8 30.2 34.4 41.4 46.8 50.9 54.3 57.1 61.7 65.6 66.2
107.5 106.6 105.4 102.8 99.6 95.1 91.9 88.9 85.7 82.7 78.7 83.1 88 90.5 91.9 92.3 92.1 91.1 89.7 88.4 92.1 102 109.1 114.8 119.1 123.2 126.2 128 128.5 128.7 129.2 129.3 129.8 129.8 129.7 129.1 126.8 125.2 122.4 119.3 115.4 110.1 104 94.4 81.8 75.6 72.6 72.9 70.1 60.2 47.4 44.3 48.2 39.5 40.7 47.5 53.2 59.6 61.9 63.2 62.4 62.5 63.6 64.7 62.7 60.7 53.2 44.6 34.3 19.5 10.5 18.4 30.5 36.5 42.8 46.9 51 56.2 60.5 63.5 65.5 67.2 68.5 68.7 66.9
105.4 104.6 103.4 101.1 98.6 95.5 92.8 91.5 88.6 84.4 75.8 80.5 86.4 89.1 89.7 90.2 90 89 86.1 89.3 96.9 104.2 110 115.9 120.2 123 124.9 126.5 126.5 126.7 127 127.4 127.8 127.9 127.6 126.9 126 124.1 121.6 118.6 114 107.5 98.8 93.9 93.1 92.1 88.3 84.2 76.7 63.2 50.7 48.2 44.1 46.9 57.1 63.7 70 75.3 78.4 80 82 81.4 82.2 80.6 79 75.8 68.8 59.1 46.3 30 10.3 15.8 31.8 41.5 47.7 54.1 59.7 63.5 66.9 70.1 71.9 73 73 71.4 67.7
103.1 102.3 101.7 100.4 98.7 97 94.8 91.6 88.1 83.6 74.8 78.4 84.6 86.9 87.6 87.3 85.9 84.6 86.3 95.2 103 108.3 113.8 117.8 120.3 122 123 124 124.2 124.3 124.3 124.8 125.7 125.8 125.4 124.8 123.9 122.4 120.4 117.8 113.9 107.8 104.4 103 102 98.3 90.8 77.5 64.7 60 63.5 67.4 66.7 68.4 72.1 78.8 84.7 89.5 92.5 94.3 93.9 93 92.6 91 88.8 84.6 78 66.3 51.4 32.4 9.7 13.1 31.7 42.3 51.8 59.8 64.9 68.2 71.3 74.2 77 77.6 76.2 73.3 67
100.4 99.8 100.8 99.9 99.3 97.7 95.8 92.6 89.1 84.3 76.3 76.4 83.1 84.8 83.9 81.8 81.1 85 92.4 101 107.1 111.9 115.7 117.5 119.2 120.3 120.7 121.4 121.5 121.6 121.6 121.8 122.3 122.5 122.4 122.3 121.9 121.4 119.1 117.5 115.2 110.6 109.9 107.7 104.9 97.9 82.7 70.8 74.8 78 81.3 83.7 84.8 85.9 89.4 94.4 97.7 100.4 101.9 101.4 101.3 99.9 99.1 98.2 95.1 89.2 81.2 63.6 43.3 23.1 8.3 17.1 32.1 44.9 55.1 63 68.5 72.5 76.2 79.3 81 81 78.9 74.3 66.2
97.8 99.3 100.6 100.5 100.1 98.4 96.7 93.6 89.9 85.1 76.8 73.3 79.1 78.3 78.7 80.5 87.8 96.1 101.7 105.6 109.9 113.1 114.9 116.5 117.5 118 118.5 119 119 118.9 118.3 118.4 118.7 118.9 118.9 118.9 119.6 119.8 118.9 118.5 116.7 114.8 110.9 109.8 103 96.5 78.9 85.7 92.2 96 98.1 99.9 101.3 103 104.4 106.1 107.1 107.6 107.2 106.7 106.1 104.6 103.3 101.4 96.4 89.6 75.6 53.4 33.6 14.4 7.5 19.7 36.5 50.2 58.7 66.1 71.5 75.8 79.5 82.4 83.5 83.2 80.3 74.9 67.6
97.5 100 101 101.4 100.7 99.3 97.1 94.1 90.4 85.4 76 70.4 73.5 76 83 91.8 98.8 103.2 106 108 110.9 112.5 113.8 114.8 115.3 115.7 116.3 116.7 116.7 116 114.7 114.7 114.7 114.9 114.3 115.3 117.1 118.3 118.9 118.1 117.9 116 111.7 108.4 103 90.4 92.9 101 104.6 108.2 110.3 111.6 111.2 111.7 111.9 112.3 112.7 112.6 111.5 110.3 108.9 107.2 105 101.6 96.1 86.6 70 45.9 28.6 10.2 7.9 23.3 42.9 55 62.7 69.2 73.7 77.5 81 84 85.6 85.5 83.6 80.1 76.1
98.4 100.4 101.4 101.5 101.1 99.6 97.1 93.3 88.4 82.6 74 67.9 75.7 84.6 92.7 99.4 102.8 105.1 107.1 108.4 109.6 110.8 111.5 112 112.3 112.5 113.5 114.3 114.1 113.4 112.3 111.1 111.1 110.9 110.7 112.1 115.9 118.1 119.2 119.2 118 117.2 114.5 110.6 102.8 99.3 106.7 110.9 113.3 115.1 116 116.5 117 116.8 116.5 116.2 116 115 113.1 112 109.8 106.2 102.7 98.1 91.6 81.1 63.9 41.6 23.6 7.6 7.4 30.7 49.7 58.6 64.9 69.3 72.8 76.3 80.5 83.9 86.1 87 86.6 85 82.7
98.5 100.5 101.2 101.3 100.7 99.1 96.4 92.7 87.5 78.3 68.6 67.9 83.7 91.9 97.9 100.9 103.5 105.1 106.6 106.9 106.7 108.3 108.6 108.8 108.8 109.2 110.1 110.2 111.3 110.6 109.2 107.1 107.2 106.3 109.2 113.1 116.5 118.4 119.4 119.9 119.2 118.2 116.2 110.6 106.3 111.2 114.1 116.5 118.2 119.2 119.6 120.6 120.7 120.1 119.2 118.5 117 115.3 113.4 111.3 108.5 104.1 99 93.5 85.9 75.1 56.4 37.6 21.3 7 9 28.1 42.1 46.3 55 64.4 68.6 73 77.3 81.4 84 86 86.4 85.3 84.5
98.1 99.9 100.6 100.7 100.2 98.7 96.7 93.6 88.4 70.6 64.5 78.4 88.7 93.8 97.4 100.8 103 104.3 105 105.2 105.3 105.9 106 105.4 105.3 106.4 106.9 108 108.2 108 106.3 104.4 104.1 106.4 110.4 114.1 117.2 119.1 119.9 120.8 120.4 119.5 117.6 114.5 113.4 116 118 119.7 120.6 121.5 122 122.2 122.3 121.6 120.4 119.1 117.1 114.9 112.6 110 106.3 101 93.9 82.8 71.9 58.7 37.5 21.6 12.4 9.2 5.4 13.6 26.5 29.7 35.4 46.5 57.7 65.9 71.7 76.9 81 83.4 83.8 82.3 81.7
97 97.7 98.5 98.9 99 98.4 97.5 94.7 86 64.7 68.2 80.6 85.7 90.9 95.4 99.2 101.7 103.4 103.4 103.1 103.6 102.7 103.3 102 101.9 103 102.6 104.1 104.5 104.4 103.4 101.4 103.6 107.5 111.4 114.5 117.5 119.7 120.4 121.5 121.2 120.3 119.3 117.5 118.5 119.5 120.6 121.5 122.6 122.9 122.8 122.5 122.8 122.3 120.5 118.6 116.5 114.1 111 107.5 102.4 94.8 79.2 62.1 49.7 38.1 26.8 25.7 24.7 26.6 10.9 3.9 8.4 14.4 20.6 28.6 40.7 53.6 64.8 72.2 77 79.2 78.8 77.8 76.4
93.6 94.8 95.8 96.7 97.3 97.3 96.6 93.3 79.8 61.5 67.3 74.8 81.6 86 92 97.4 100.3 102.1 102.2 101.9 100.9 100.4 99.3 96.5 96.6 97.1 97.9 99.5 100 99.5 99.5 100.7 104.7 109.3 112.6 115.4 118.4 120.1 121.6 121.6 122 120.7 119.9 119.8 120.6 120.4 121.2 122.5 123.7 123 123 122.8 122.5 121.1 119.5 117.4 115.2 112.1 108.5 103.7 96.2 84.1 64.3 48.8 41.3 38.8 40.8 43.2 44.1 38.8 24.2 13.7 3.2 2.5 5.6 12.6 27.1 40.3 53.9 67.2 72 73.4 73 71.2 68.1
90 91.8 93.7 94.9 95.5 95.9 95 90.9 74.6 59.9 70.7 83.3 89 92.6 93.3 96.2 98.9 100.9 101.6 100.4 99 96.7 96.1 93.3 89.6 91 91.5 93.1 95.7 97.4 100.8 103.7 107.8 111.5 114.5 117.1 119.3 120.5 121.3 121.2 121.7 121.4 120.7 120.7 120.4 120.4 120.5 122 122.7 123.3 122.8 121.9 121.5 119.9 118 115.3 112.6 109.2 105.1 98.7 89.8 70.4 56.9 59 60.9 58.6 60.9 62.1 60.2 53.6 40.9 30.2 20.4 7.9 2.2 1.8 13 26.8 44 62.4 66.2 66.9 65.5 62.6 59.3
86.8 89.3 92.6 94.7 95.1 95.6 94.7 89.8 72.3 58.7 76.5 88.2 92.3 94.3 95.6 97.5 99.4 100.5 100.5 98.8 95.2 91.1 87.6 83.9 86.6 90.4 94.4 98.6 102.9 104.6 106.8 109 111.6 114.5 116.3 118.8 120.1 121.1 121.6 121.9 121.7 121.3 120.8 119.7 119.6 120.1 120.4 121.1 122.1 122.5 122.2 121.7 120.2 118.6 115.5 111.7 107.8 104.3 100 93.3 79.5 66 69.3 78.2 79.5 80.5 82.9 80.3 75 68.3 58.7 46.2 33.3 20.7 8 -1.6 2.6 19.2 38.3 56.4 61.4 61.9 60.2 57.1 52
84.4 89.2 92.2 93.7 94.9 95.3 93.7 89.2 68.7 58.4 76.5 88 92.1 94.3 96.2 98.1 98.9 99.5 99 96.9 95 86.4 79.5 86.2 92.7 97.5 101.4 105 107.3 108.9 110.9 113.6 115.7 117 118.4 119.6 120.3 121.1 121.6 121.7 121.4 120.7 119.7 118.5 117.9 118.1 118.5 119.6 121.1 121.6 121.8 121.2 119.9 117 113.4 107.7 101.7 96 92.6 82.9 74.4 77.5 86.7 91.2 93.6 95.5 94.7 91.1 86.1 79.6 70.7 59.5 45.6 31.6 17.8 -1.6 -1.6 12.5 31 50.3 57.1 57.5 55.4 52 47.3
83.8 88 90.9 93.1 94.5 94.7 94.5 90.3 71.1 54.7 65 80.8 90.1 93.4 95.5 96.4 97.1 97.7 96.2 92.2 85.4 77.1 81.1 89.1 94.7 99.7 104.7 108.4 110.2 112.7 115 116.6 117.4 118.3 119.1 119.2 120.5 121.1 121.4 121.2 120.5 119.4 118 115.7 114.6 116.8 118 119.3 120.1 120.6 121 120.6 119.4 116.7 113.6 106.7 104.8 98.8 94.4 89.1 88.8 92.8 98.8 103 102.8 101.4 99.5 96 91 84.2 76.5 67 55 39.9 24.4 10.7 -1.6 1.5 22 38 49.1 50.3 48.5 45.1 40.1
81.2 85.3 88.3 90.6 92.7 94.9 95.1 91.6 76.8 57.4 53.9 68.8 86.7 91.5 92.7 93 94 94.1 91.3 82.4 75.1 75 84.2 91 97 102.9 108.6 112.1 114.5 116.1 116.8 116.9 117.4 118.1 118.8 119.1 119.6 120.1 120.1 119.8 118.9 117.4 115.7 113 111.6 113.8 116.3 118.3 119.6 120.2 120.5 119.8 119.2 118.1 116 111.8 107.3 103.2 102.2 104 105.6 107.5 109 108.3 106 103.8 101.1 97.5 93 86.8 80.3 72.8 61.9 48.5 32.7 18.3 -1.6 -1.6 7.8 21.8 36.4 40.4 39.3 35 30.1
67.3 79.8 84.5 88.4 92.1 95.1 95.7 92.5 80.6 62.2 49.8 59.7 81.2 86.3 86.9 87.3 88.1 87.5 80 70.8 73.9 83.8 90.1 96.1 103.3 109.8 113.5 115.5 116.9 117.3 117.2 117.1 116.6 115.7 117.5 118.1 118.8 118.8 118.7 118.4 117.3 115.6 113.1 110.5 110.7 113 115.6 117.6 118.9 119.9 120.2 120.4 120 119.2 117.6 116.5 114 112.6 112.5 113.1 113.2 113.4 112.7 110.3 107.4 104 100 96.1 91.8 87.7 81.7 76 69.3 57.9 44.9 33.1 17.1 -1.6 -1.6 6.4 18.2 28.2 27.3 24.4 19.4
58.7 66.1 79.2 86.5 91.2 94.5 95.5 92.8 85 65.1 48.6 53.7 76.2 78.6 78 78.5 78.5 74.6 68.7 72 82 90.5 97.6 104.7 110.8 114.3 115.9 116.6 117.4 117.2 117 116.5 114.7 114.1 115.6 116.6 117 117.2 117.3 116.8 115.6 112.5 107.7 109.1 113.7 115.7 116.5 118.1 119.6 120.2 120.4 120.6 120.7 120.5 120.1 119.6 118.8 118.1 117.5 117.3 116.7 115.8 113.9 110.7 107.3 102.7 98.1 93.3 87.8 84.7 80.5 74.9 69.5 63 55.3 44.6 29.7 13.7 -1.6 -1.6 1.7 9.5 16.9 15.4 10.9
58.3 56.3 72.6 84.2 90.2 94 95.6 92.9 85.6 68 48.5 48.6 66.1 66.9 65 62.7 61 61.3 70.5 82.6 92.7 100.2 106 112 114.3 115.7 115.9 116 115.9 116.3 115.8 114.5 113.3 111.2 113.4 114.7 115.1 115.6 115.8 115.3 112.5 107.6 104.7 110.5 114.2 116.7 118.3 119.4 119.4 119.9 120.1 120.4 120.6 120.7 120.3 120.4 120.3 120.2 119.7 118.9 117.9 116.4 113.2 110.4 106.4 100.4 95.8 90.2 85 80.3 74.9 71.8 67 61.6 55.3 47.9 41.1 29.5 14.6 -1.6 -1.6 -1.6 2.4 -1.6 -1.6
64.2 51.9 66.8 83.6 89.4 92.9 95 93.7 88.5 72.4 52.6 44.2 52.9 50.3 52.3 58.7 68.5 76.1 85.4 96.1 102.6 107.4 111.7 114.2 115.5 115.8 116.2 115.6 115 114.4 113.9 112.7 110.9 109.4 111.5 112.8 113.6 114.1 114.1 113.1 109.6 102.4 104.4 110 115 117.7 119.3 119.6 119.4 119.5 119.7 119.9 120.1 120.4 120.7 121.1 121.3 121.1 120.8 119.9 118.4 116.3 114 110.9 107.2 102 95.5 92.2 87.6 80.4 70.7 61.9 59.2 55.4 49.7 44.8 39.3 29.7 23.5 13 1.7 -1.6 -1.6 -1.6 -1.6
60.8 50.5 65.2 81.6 87.5 91.9 95.5 94.8 89.9 77.6 57.8 41.6 45.3 56.2 68 77.2 85.8 92.2 98 103.1 106.6 109.9 112.9 114.3 115 115.5 115.5 115.1 114.1 113 111.3 107.1 105.5 106.6 109.8 111.2 112 112.3 111.6 109 102.1 98.4 105.8 111.4 116.2 118.4 118.9 118.9 119.1 119.1 118.9 118.8 118.8 119.7 120.2 120.9 121.2 121.1 120.8 119.9 118.2 116.2 114 111.2 108.2 105.2 100.7 95.1 92.8 87.4 79.4 68.2 56.2 44.8 38.7 37.3 34 27.7 16 4.5 2 -1.6 -1.6 -1.6 -1.6
55.9 49.2 63.4 80.2 86.6 92 95.8 95.3 91.2 82.1 63.8 43.9 42 62.3 75.9 84.9 91.5 96.9 101.3 104.8 107.5 110.7 112.7 113.9 114.6 115.1 115.2 114.3 113.2 111.9 109.9 105.9 100 102.6 107.7 109.6 110.1 109.6 108 103.5 95 100.7 108.7 113.9 117.2 118.3 118.5 118 117.8 117.5 116.3 115.3 117 118.5 119.8 120.6 120.9 120.8 120.3 119.2 117.7 115.9 113.7 111.2 108.5 106.2 102.8 100.6 96.2 91 83.9 75.1 64.9 54.6 41.9 29.8 21.4 14.7 8.6 6.2 2.6 -1.6 -1.6 -1.6 -1.6
51 47.8 64.8 79.4 86.6 92.3 95.2 95.6 92.8 86 71.9 50.4 39.1 48.7 68.9 84.7 91.7 96.4 100.3 104.2 107.6 110.2 112.2 113.4 114.1 114.7 114.3 113.2 112.2 110.8 108.9 105.7 95.9 100.2 106.2 106.9 106.9 105.9 103.7 96.2 94 104.6 111.2 114.9 116.4 117.1 116.9 116.2 113.9 113.8 113.7 112.6 114.8 117.7 119.2 120.1 120.2 119.9 119.4 118.1 116.7 115.2 113 110.7 108.1 105.8 103.3 100.3 96.1 91.5 84.4 76 67.6 60.4 50.2 41.4 32 22.8 19.4 11.8 -1.6 -1.6 -1.6 0.6 0.1
46.8 48.7 65 79.2 87.5 93.3 96.2 96.3 92.7 86.2 73.6 53.2 38.2 40.3 61.5 82.5 88.2 93.1 97.9 102.7 106.7 109.4 111.3 112.7 113.6 114.2 113.4 112.5 111.1 109.1 106.5 100.8 92 99.2 104.1 104 103.1 101.7 96.8 88.6 99 107.3 111.8 113.9 115.1 115 114.4 113.3 111.3 108.8 108.4 111 113.9 117.4 118.6 119.3 119.3 118.9 118.1 116.9 115.6 114.1 111.9 109.6 107 104.2 101.3 98 94.1 89.2 83.2 75.7 67.6 59.4 49.7 39.9 29 19.8 8.3 0.3 -1.6 -1.6 -1.6 -0.1 0
43.3 49.7 66.1 81.2 90 96.3 98.4 95 89 79.7 62.5 45.8 35.3 40 62.1 78.5 83.3 89.9 96 101.9 105.9 108.2 110.1 111.6 112.8 113.4 112.6 111.6 109.8 107.6 103.5 90.7 91.2 99.6 101.2 99.8 98.2 95.6 88.6 90.3 102.5 108.1 111.3 112.6 112.5 112.2 111.3 109.8 106.9 104.9 109.7 113.2 115.2 116 117.8 117.9 117.5 117.3 116.5 115.3 113.9 111.8 109.8 107.7 104.5 101 97.5 94 90.3 85.5 79.2 71.7 63.3 53.2 42.8 30 18.3 3.1 0.3 -1.6 -1.6 -1.6 -1.6 0.5 -0.2
40.9 54.6 71.1 85.2 93.6 98 97.2 91.8 83.8 68.9 52.4 38.2 33.2 43.4 59.4 72.9 82.7 90.5 97.2 101.5 104.5 106.9 108.8 110.3 111.6 112.6 111.5 109.9 107.7 104.8 99.3 83.2 92.1 97.2 97.3 94.9 89.4 84.7 82.8 96.2 103.8 107.4 109.2 109.8 109.5 108.5 107 104.9 99.9 103.1 108.4 112.3 114.5 115.7 115.7 115.7 115.4 115 114.3 113.3 111.5 109.4 107.1 103.9 100.6 97 93.3 89.6 85.2 80 74 65.2 55.6 42.8 29 18.1 1.7 1.7 -1.6 -1.6 -1.6 -1.6 -1.6 1.7 2.1
44.7 61.5 78.4 89.3 96 98.2 95.2 88.4 75 54.4 39.7 32.2 33.6 53.1 67.7 77.1 85.2 90.9 96 99.4 102.3 105.5 107.5 109.1 110.2 110.3 109.3 107.8 105.4 103.2 95 76.8 90 93.8 91.7 84.8 75.5 79.4 91.3 98.3 102.7 106 106.4 105.7 104.8 103.2 101.3 98.2 95 103.6 108.5 110.9 112.3 113.1 112.7 112.5 112 111.8 111.1 110 107.9 105.9 102.9 99.5 95.9 91.9 87.5 83.7 79 72.4 64.7 55.1 42.5 29.2 18.6 2 1.7 1.3 -1.6 -1.6 -0.2 0.8 1.1 2.6 14.9
53.2 69.1 83.3 91.9 97.1 96.9 91.4 80.7 60.6 42.2 32.6 30.1 42.3 62.4 71.1 78.3 83.2 87.6 91.8 96.3 101.3 103.8 106 107.2 107.9 107.8 107.2 105.7 103.8 101.8 93.5 73.8 80.4 89.7 85.6 71.7 73.2 83.9 92.2 97.3 100.5 101.8 101.9 100.5 98.2 95.9 92.1 89.7 97.4 102 107.1 108.5 109.6 109.8 108.8 108.4 107.5 106.5 105.6 104.4 102.7 100.5 97.7 94.3 89.7 84.8 78.8 75 69.2 61.2 51.9 40.6 29.9 20.3 12.1 1.7 1.7 -1.6 -1.6 -1.6 0.4 1.7 3 16.6 27.2
65.5 78 87.9 95 97.4 94.3 84.3 69.4 49.1 34.2 28.8 36.6 51.1 59.7 67.1 74.4 80.8 87.7 92.5 95.5 99.2 102 104 104.8 105.3 105.6 104.8 102.5 101.5 99 93.4 73.3 71.1 83.7 79.1 62.4 73.5 84.4 90.4 94.1 96.6 96.6 95.9 93.8 90.4 86 84.2 91.7 98.5 101.5 104.5 105.4 106.2 105.6 104.2 102.3 100.5 99.3 98.5 97 95.7 93.9 90.9 87.4 82.5 76 55.1 50.3 53.6 46 37.8 28.8 19.4 11 1.9 1.7 1.6 -1.6 -1.6 -0.3 1.3 2.1 14.9 25 33.1
76.8 87.4 94.4 97.6 97.3 92.3 78.4 56.8 40.7 29.1 28.3 45.2 63.9 75.2 80.5 83.6 86.6 89.8 92.2 93.8 97 99.2 101 101.9 102.2 102.1 101.6 100.4 99 95.9 90.5 71.4 64.5 77 69.9 57.5 70.9 81.1 85.9 88.8 90.5 90.8 89.4 86.3 80 76.4 86 91.4 95.1 96.7 100.3 101.5 101.8 101.6 99.9 98.3 94.2 82.8 84.2 89.3 88.5 87.1 83.6 79.3 73.9 65.6 43.1 30.9 38.4 31.3 22 13.9 1.7 1.7 1.7 1.7 0.1 -1.6 -1.6 0.2 1.7 13.1 22.1 30.3 38.7
87.8 94.5 98.4 99.3 97.5 92.9 79 56.8 37.5 26.3 28.5 50.2 65.7 75.4 80.5 83.2 85.2 87.5 90.1 91.4 93.7 95.3 96.8 97.7 98.3 98.5 98 97.5 95.8 92 85.4 63.8 60.3 70.9 60.3 54.5 66.4 76.6 81.8 84.2 84.9 84.8 83.2 78.8 71.5 77.4 85.3 89.2 91.7 94.7 95.8 97.7 98.1 97.7 96.2 93.1 88.9 75.2 63.2 77.2 81 79.1 75.3 69.8 62.7 52.8 36.9 20.3 16.9 12.6 1.7 1.7 1.7 1.7 1.7 1.7 -1.6 -1.6 -0.5 1.1 11.3 19.9 31 39.1 46.7
