app/static/ascii/SX66.asc
ncols 200
nrows 200
xllcorner 260000
yllcorner 60000
cellsize 50
[rows 105 to 139 of 200, columns 0 to 77 of 200]
477.1 481.2 484.7 487.5 489.2 488.9 489.6 488.1 486.3 484.5 482.7 482.5 481.8 481.5 481 480.9 479.8 478.8 477.3 475.9 474 472 469.9 467.4 464.2 460.3 455.2 448.6 440.1 429.6 414.8 416 420.6 426 429.5 431.3 434.5 439.1 441.7 443.5 446.6 448.3 448.5 447 444.7 441.1 437 431.4 425.8 419.9 414 408.4 403.5 397.8 395.3 398.6 401.3 402.5 403.2 402.8 402.5 400.9 398.3 395.8 392.5 388 384.5 380.2 375.3 370.2 365.1 360.1 354.3 348.2 349 355.5 362.5 366
478.8 482.1 485.2 488.1 490 490.7 490.7 489.3 486.6 484.9 482.9 481.8 480.5 480.1 480.3 480.1 479.3 478.4 477.3 475.9 474.6 472.7 470.5 468.7 466 462.3 458.2 452.1 443.8 432.2 415.4 412.8 417.1 421.4 425.3 430.7 434.9 438 440.7 442.6 445.1 446.5 446.7 445.5 444.1 440.8 436.7 430.7 425.3 419.7 413.6 408.1 401.8 397 392.7 394.2 396.4 397.6 398.4 398.6 398.4 397.4 395.4 392.8 389.7 386.2 382.7 379.4 375 370.5 365.8 361.1 354.5 346.7 346.7 352.6 358.8 363.6
479.2 483.3 485.9 488.8 491 492.2 491.6 490.1 487.6 484.5 482.5 479.8 479 478.8 479 479.1 478.4 478.2 476.6 475.4 475 473 471.5 469.1 466.7 462.5 458.5 452.2 443.6 431.7 417.3 409.2 414 422.6 427.4 430.6 433.6 437.3 439.3 442 444 445.2 445.3 444.6 443.2 440.6 437.3 432.3 427.4 421.4 414.9 408.3 402.2 397.3 390.8 389.3 391.2 392.6 393.7 394.5 394.3 393.7 392.4 390 387.3 384.6 381.9 379.1 376.4 372.4 368.5 364.3 358.3 349.3 345.2 348.6 354 360.9
479.9 483.4 486.9 489.6 491.2 492.2 491.8 490.7 487.9 484.7 481.4 478.3 477.1 476.7 476.9 477.8 477.8 477.3 476.3 475.4 474.1 473.1 471.4 469.3 466.1 462.6 458 450.7 443.2 429.9 415.1 405.6 415.7 423.1 427.4 430.2 432.7 435.7 438.3 440.4 442.5 443.7 444.1 443.8 442.3 440.2 437.1 433.5 428.7 422.8 416.4 409.9 403.6 397.9 391.4 386.2 386.8 387.9 389 389.9 390.1 389.9 388.7 386.8 384.2 382.2 380.2 378.3 376.9 374.2 370.9 366.9 363 356.8 345.9 346 351.3 360.2
479.4 483.2 486.4 488.8 490.8 492 491.6 490.5 487.1 483.2 479.7 476 475.2 475.2 475.8 476 476.2 475.6 474.9 473.9 473.1 472.1 470.2 468 464.7 460.9 455.7 449.5 441.6 428.2 408.5 402.2 412.9 422 426.5 429.2 431.2 432.8 435.7 438.2 440.6 441.7 442.4 442.4 440.9 439 435.9 432.4 427.8 422.7 416.6 410.2 404.3 398 391.5 383.6 381.9 383.3 384.2 384.8 385.1 384.7 384.3 382.9 380.2 378.5 377.8 376.9 376.1 375.1 372.7 370.6 367 362.7 353.5 342.9 349.5 359.3
479.1 482.4 485.7 488.2 489.9 490.9 490.8 488.9 486.6 481.4 477.5 473.9 472.5 472.9 473.2 473.9 474.2 473.3 473.1 472.2 471.4 470.3 468.9 465.9 462.6 458 452.5 445.3 436.8 423 404.4 397.7 409.4 419 423.8 426.4 428 429.8 432.5 435.3 437.8 439.6 440.4 440.3 439.3 436.7 433.7 430.4 426.4 421.3 415.3 409.2 403.1 396.8 390.8 383.7 379.5 379.4 379.2 379.2 379.2 379 379.1 376.9 375.7 374.6 374.3 375 374.6 374 373.1 371.7 369 365.3 356.7 343.4 350.1 362.2
477.6 481.4 484.7 486.9 488.6 489.2 489.2 487.6 485.4 480.6 475.3 471.7 469.9 468.7 470.5 470.9 471.3 471 470.8 470 468.9 468 466.4 463.4 460.3 454.9 447.9 440.3 430.3 413.7 399.7 394.9 405.8 414.7 419.9 422.5 424.5 425.7 428.6 432 434.6 437 438.1 437.8 436.2 433.5 431.1 428 424.1 419.4 413.2 407.1 400.8 394.2 388.8 383.4 377.8 375.3 375.8 375.2 374.4 373.7 373.3 371.8 370.9 370.2 371 371.6 372.1 372.1 371.8 370.8 368.8 365.1 356.6 341.6 348.1 364.1
476.9 479.7 482.7 485.2 486.7 487.4 486.8 485.5 483 479.3 474.1 469.6 466.6 466.5 467.6 467.7 468.2 468.5 468.1 468 466.4 465.6 463.7 460.7 456.9 451.4 444.1 435.7 418.9 406 393.5 390.4 401.2 409.2 414.3 417.3 419.1 420.8 423.8 428.1 431.5 433.9 434.9 434.4 432.9 429.7 427.4 424.5 421.6 417.2 411.1 404.9 399.2 392.7 387.1 381.7 378.5 373 372.3 370 369.6 368.8 368 367.3 366.7 366.2 367.2 368.4 369.3 369.6 369.4 368.9 366.6 363.3 354.9 341.5 349.6 365
476 478.5 481.2 482.5 484.4 485.1 484.6 482.7 480.7 477.1 471.9 467.4 463.8 462.7 463.1 463.9 464.5 465.4 465.4 464.6 464.2 462.7 460.6 458.1 453.7 447.9 439.9 430.6 411.2 398.3 388 386.3 394.8 403 407.8 410.4 413.8 415.2 419.4 423.7 427.8 430.3 431.3 431 429.2 426.3 424.1 421.7 418.9 415.1 409 403.2 397.6 391.6 386.3 382.3 378 373.6 367.8 362.7 363.8 362.2 362.5 362.9 362.8 362.6 363.6 364.6 365.3 365.5 365.4 365.2 363 358 346.3 339.2 353 366.4
474.9 477.4 479 480.2 481.3 481.9 481 479.6 477.8 474.5 469.3 464.5 460.8 459.8 459.6 460.6 461.8 463.1 462.5 462.5 461.4 459.8 458 455.1 451.4 445.6 435.8 423.2 404.7 393.5 383.4 381 387.8 394.8 400 403.2 406.4 409.9 414.6 419.3 423.7 426.5 427.3 427.5 425.1 421.8 420.4 418.8 416.2 412.7 408.4 402.6 396.8 390.9 387.3 383.5 379.4 375.2 370.9 365.1 357.8 355.9 357.9 359.5 359.9 359.9 360.9 360.8 361.2 361.2 360.1 359.5 355.1 344.1 336.2 342.1 358.4 367.9
473.6 475.9 477.6 477.7 478.3 477.9 477.2 476.1 473.9 470.9 465.9 461.5 457.3 456.3 457.1 457.9 459.1 460.4 460.7 460 458.7 457 455 451.7 447.9 442.6 434.4 423.5 403.9 390.1 380.5 373 379.5 386.1 391.1 394.9 398.4 403 409.5 414.7 419.3 422.2 423.6 423.4 420.9 418.1 416.8 415.7 413.8 411 407.4 402.4 396.3 392.2 388.8 385.7 381.3 376.8 371.1 365.2 358.9 353.8 353.5 356.5 357.7 357.7 358.2 358.4 357.2 355.5 353.1 349.1 339.1 334.9 339.4 351.5 360.7 368.9
472 473.6 474.7 474.5 474.7 474.3 473.2 471.9 470 466.7 461.9 458 454.8 453.8 453.8 455.3 457.3 458.5 458.4 457.6 455.9 453.5 451.1 448.6 444.4 438.9 432.1 421.3 404.1 387.3 377.9 370.1 373.4 376.9 380.7 386.4 390.4 397 403.7 409.9 414.6 417.8 419.1 419.2 416.7 415 413 412.8 411.4 409.1 406.2 402.5 397.3 393.4 390.2 386.8 383.1 377.5 371.6 365.4 358.3 351.4 350.6 353.7 355.2 355.5 355.6 355.6 354.2 350.5 343.1 333.4 332.5 336.2 345.8 354.4 362.1 369.8
471.2 472 471.7 470.8 470.1 469.3 468.6 467.1 464.7 462 457.4 453.9 451.1 450 451.2 453.1 454.9 456 455.9 454.9 452.9 450.2 447.4 444.1 440 435 428.5 417.7 403.2 384.4 375.3 368.3 367.6 369.9 371.5 376.5 383.2 391.3 399.1 405.7 410.8 414.2 415.6 415.1 413.2 411.2 409.4 409.4 408.4 406.9 404.3 401 396.8 393.8 390.4 387.4 383.4 377.7 371.2 364.3 356.9 351.2 349.5 351.2 352.5 353 352.8 352.8 351.5 347.6 332 331.1 333 340.1 349.4 356.3 363.2 370.4
470.2 469.9 469.1 468.2 465.8 464.3 463.6 461.6 458.8 456.3 452.2 448.7 446.4 444.8 447 449.6 452.2 453.6 453.7 452.9 451 448.2 443.8 439.3 435.8 430.3 423.5 413.3 400.9 383.2 373.1 366.4 363.4 366 367.8 371.5 377.3 386.4 394.1 401.8 407 410.7 411.2 410.7 408.8 406.5 405.3 405.5 405.1 404.1 401.8 398.6 395.7 392.4 389.7 386.7 382.8 376.6 368.7 361.5 353.6 348.8 347 348.9 349.4 349.5 349.7 349.6 348.4 345.6 330.3 330.1 335.6 345 351.6 357.9 363.9 371.4
469.3 468.1 466.5 465.3 462.5 460 458.3 455.5 452.3 449.3 445.3 443.4 442.2 441.1 444 446.2 448.7 450.6 451 450.2 448.3 444.8 440.3 436 430.8 425.6 418.6 408.9 396.3 381 372.7 367 362.9 359.6 363.1 367.6 373.9 382.4 390.4 398.2 403.4 406.8 407.1 406.4 404.2 401.7 400.9 401.5 401.4 400.7 398.9 396 392.7 390.3 388 385 380.5 373.6 366.5 357.9 351.1 347 345.5 346.4 347.3 346.6 346.5 346.1 345.3 342.4 334.3 329 340.2 347.8 354.2 359.7 365.4 372.3
469.1 466.6 464.5 461.4 458.2 455.3 452.3 448.7 446.4 442.8 439.9 438.3 437.1 437 440.1 442.7 445.3 447.2 447.9 447 445.3 441.9 437.6 432.6 426.3 420 412.7 404.3 392.5 378.3 372.3 367.6 361.5 357.7 359.3 364.4 371 378.6 387.5 394.4 399.4 402.6 402.8 401.5 399.5 397.2 396.6 397.1 397.4 396.8 395.3 392.9 389.2 387 384.7 381.8 378 371.8 364.8 356.1 348 346.2 344.7 344 344.7 344.1 343.5 342.8 341.5 337.6 327.8 329.7 343.3 349.8 355 360.7 366.2 373
469.7 466.5 463.1 458.8 454.6 451.3 447.7 442.6 439.3 437.4 434.9 433.7 428.7 433.9 435.6 438.3 440.8 443.3 444 443.4 441.7 438.4 434.3 429 423.2 416.5 407.4 399.2 388.1 377.9 372.8 368.5 363.2 356.7 354.4 360.7 367.5 376.6 384.9 391.5 396.6 399.1 398.7 396.5 394 391.9 390.7 392.2 392.8 392.6 391.2 389 385.9 382.7 381.2 378.5 375 370.1 363.6 356.1 347 346 343.5 341.5 342.1 341.6 340.2 338.6 336.8 331.3 326.2 335.1 343.4 348.9 354.4 360.1 365.3 372.2
469.4 466 462.6 457.9 452.4 447.9 443.8 439.5 436.3 434.2 432.1 431 427.6 431 432.1 434 436.2 438.5 439.3 439 437.1 434.2 430.2 424.7 419.3 412.1 403.5 395.8 386.3 378.1 373.4 368.9 362.3 355.8 350.8 356.8 363.3 372.3 382.2 388 392.7 395 394.3 391.8 388.3 386.6 385.8 387 387.8 387.8 387 385 382.3 379.2 377.2 374.3 371.7 368 362.3 355.2 348.2 346.8 343.7 342.2 340.5 337.7 335.1 333.3 330.7 325.6 327.2 335.5 340.9 346.2 351.9 357.8 363.8 369.8
468.3 465.1 461.1 455.8 450.2 445.3 440.5 437 433.4 430.7 430.1 428.8 425.1 427.8 429.3 430 431.9 433.7 434.7 433.9 432.4 429.4 425 420.4 413.9 407.4 398.6 391.2 383 376.9 371.5 367.4 360.6 354.8 351.1 352.8 358.7 367.6 377.6 383.4 387.4 389.8 389.5 386.6 382.4 380.6 380 380.9 382.6 383.2 382.5 380.6 377 373.6 372.2 370 367.2 365 361.3 354.2 350 346.3 345.6 345.6 343.8 342 337.9 332 326.5 322.6 325.6 332 335 340.9 346.6 353.1 360.1 367.5
466.6 463.3 459.1 454 448.3 442.5 437.3 433.4 430.1 427.9 427.1 425.8 422.9 426.2 426.6 427.3 428.3 429.4 430 429.5 427.9 424.8 420 414.5 407.6 401.2 393.8 387.5 380.4 374.1 368.3 363.8 356.8 352.1 347 348.8 354.3 363.3 372.2 378.1 381.6 383 382.3 379.2 375.8 374.2 373.8 374.9 376.9 377.7 377 375.4 372.4 369.7 367.9 365.6 363.5 361.9 359.7 354.7 350.4 347.1 348.1 348.4 346.7 344.5 341.5 335.7 329.7 321.2 321.4 325.6 329 332.9 339.3 347.2 355.2 362.2
464.5 460.9 457.1 451.7 446.8 441 435.9 431.2 427.8 425.9 424.4 423.7 420.9 423.1 423 422.9 423.9 424.8 424.9 424.9 423.3 420.5 415.8 409 401.9 396.4 390.8 383.7 378.1 370.3 365.2 359.1 352.3 347.6 342.2 344 349.4 358.8 366.6 372 374.8 376.1 375.3 372.7 369.5 368 368.1 368.4 370.2 371.2 370.7 368.8 367.3 365.7 363.2 361.6 360.6 360.1 358.1 354.6 351.8 347.6 350.8 351 350 348.2 344.9 339.9 332.5 322.5 318.4 317.1 319.8 321.3 329.8 339.5 349.1 356.9
461.2 458.3 454.8 450.5 445.6 440.8 435.7 430.7 426.3 424.2 422.3 420.5 418.5 419.6 418.7 418.9 419.2 419.8 419.9 419.7 418.8 416.5 411.6 405.1 397.8 391.9 386.2 380.5 374.6 367.9 361.9 355.1 348.1 341.5 334.1 333.5 343.7 353.2 360.4 365 368.3 369.7 368.9 366.3 364 362.8 361.1 361.3 362.4 362.9 362.8 362.2 362.3 361.3 358.7 357.4 356.6 358 357.6 355.3 352.5 349 352 353.3 352.8 351.1 347.9 343 335.8 326.6 319.5 318.1 316.9 313.8 312.1 329.4 341.4 349.7
457.6 455 452.3 448.6 444.6 440.3 435.6 430.8 426.1 423 420.4 418 415.9 415.6 415.7 415 414.1 414.4 414.8 414.6 413.8 411.4 406.7 400.6 392.4 385.5 381.2 376.5 370.5 365.4 360.2 353.6 345 336.6 321.8 325.1 337 347.3 354.6 358.7 361.4 362.5 362.3 359.6 358.2 357.5 353.8 355.6 355.2 354.9 355.4 356.8 356.7 356.6 354.1 354.2 353.9 355.7 357.3 355.9 352.9 350.7 353.9 355 354.8 352.8 349.4 344.6 337.9 329.8 329.5 328.2 324.9 314.7 313.2 317.4 333.8 342.8
453.9 452 449.1 446 442.2 438.8 434.6 430.5 425.6 422.5 419.3 417.2 414.8 411.1 410.4 409.6 408.6 408.1 407.9 407.9 406.9 404 399.5 393.4 386.8 379.7 375.5 370.5 366.4 362.4 357.5 351.4 343.3 332.2 318.9 314.1 329.2 340.1 347.7 351.6 354.2 355.1 355.2 353 352.4 352 349.7 349.4 348.8 349.7 350.5 352.5 353 352.2 350.9 351.7 352.5 354 356.3 355.1 353.9 351.5 353.4 355.7 355.5 353.2 350.1 345.7 340.9 337.6 336.6 334.9 331.9 323.2 311.4 311.8 327.3 335.4
449.6 448.1 446.4 443.1 439.9 437.1 434 430.7 427.3 422.5 419.5 416.3 412.6 408.3 406.4 405.1 403.4 401.5 400.9 400.6 399 396.4 391.5 385.8 378.5 373.3 369.8 365.6 362.4 359 354.1 348.3 339.9 329.7 313.8 305.1 319.9 332 339.5 345.3 347.4 348.2 347.4 347.4 347.5 347.1 345.1 345.2 345.8 346.7 347.3 349.8 349.1 348.6 349.7 350.7 351.8 352.5 354.3 354.7 354.7 351.5 354.7 356.2 355.9 353.1 350.4 346.9 343.8 343.7 342.4 340.6 337.6 331.1 312.2 309.1 320.2 328
446.2 444.8 442.8 439.6 436.9 434.7 432.4 429.8 426.8 422.9 419.3 415.8 412.5 408.1 402.7 398.8 398.6 396.4 394.5 392.8 391.2 388.6 383.4 377.7 370.9 366.7 362.1 359.5 358.2 355.3 351 345 337 326.7 309.1 301.4 309.6 323.1 331.7 336.2 339.4 341.2 342.4 342.7 342.7 342.6 340.8 342.2 343.3 344 345.2 347.6 345.3 345.8 348 349.8 351.8 352.7 353 354.2 353.2 353 355.8 356.4 355.9 352.7 350.7 348.3 347.8 348 347.2 345.2 342.3 336.9 321.8 307.7 309.4 319.4
441.9 440.9 438.9 435.8 433.2 431 429.2 427.1 425 421.6 417.6 414.6 411.3 407.8 402.2 395 390.7 389.5 387.2 385.5 383.1 380.4 376.9 370.2 364.5 360.4 354.5 354.3 353 351.1 347 341.5 334.2 324.1 308.7 297.7 303.7 316.3 324.4 329.5 333.4 335.9 337.4 337.6 337.7 338.6 337.6 339.4 340.4 341.5 342.3 344.7 342 343.1 345.5 352.5 354.8 353.2 354.3 355.1 355.6 355.1 356 356.3 354.7 352.3 352.2 351.3 350.9 351.6 351 349.7 346.6 342.3 331.4 312.5 305.9 305.4
437.7 437 434.9 431.6 429.1 427.4 425.6 423.4 421.2 418.5 415.5 412.9 410.1 406.3 401.4 395.3 389.5 380.8 381.2 378.1 375.3 372.6 367.9 361.2 355.6 349.3 347 346.9 347.9 347.1 342.7 337.9 331 321.9 309.7 292.9 297.8 310.2 318 324 328 330.9 332.7 333.6 333.6 333.6 336.4 337.3 339 340.1 340.1 340.5 341.4 343 345.3 352.6 356.2 355.5 355.5 356.2 356.8 357.7 357.3 355.8 353.8 355.3 354.5 353.6 353.8 354.6 354 352.4 349.5 345.4 337.1 325.3 313.8 305.9
433.7 432.4 430.9 427.5 424.8 422.6 420.7 419 417.1 414.5 411.9 409.9 407.8 404.4 399.3 393.3 384.3 379.9 371.1 369 367.1 364.5 360.7 355 347.1 342.9 340.3 341.6 343.1 342.1 339.6 334.2 327.8 319 306.5 292.1 292.3 302.2 311 317 321.9 324.5 325.9 327.6 331.1 329.8 332.4 335.4 336.9 337.8 339.3 341.2 342.8 344.5 346.8 352.4 357.4 358.2 356.8 357.5 358 358.4 358.3 357.2 356.4 357.1 356 355.2 356.2 356.5 355.8 354.1 350.7 346.8 339.8 333.8 326.7 322
429.8 428.6 426.8 423.7 420.4 418.4 416.2 414.4 412.5 410.1 408 406.7 405.2 401.9 397.1 390.3 383.5 374.6 367.5 360.9 359.2 356.3 352.6 347.3 340.1 336.1 335.2 335.8 338.2 338.7 336.2 331 325 316.2 305.7 289.4 285.9 289.2 292.8 300.4 311.8 309.3 321.7 328.4 331.8 332.8 334.4 335.9 338.1 338.9 339.8 341.5 344.1 346.1 349 354.1 358.8 360.7 360.7 359.2 359.3 359.7 359.2 358.5 358.6 358.8 357.8 356.9 357.2 357.5 356.3 354.2 350.7 346.6 341.1 336.2 331.3 325.6
426.6 425.2 422.8 419.6 416.4 413.8 411.8 409.5 407 405 403.7 403.2 401.8 399.4 394.9 388.2 380.5 373.7 365.9 359.2 352.1 348.5 344.3 339.5 333 329.3 327.6 328.8 332.7 333.6 331.3 327.2 321.7 313.7 302.6 286 284.3 288 292.6 301.4 310.9 319.4 328.1 332.7 335.4 337.8 339.1 338.7 339.5 340.6 342.3 343.7 345.5 349 354.1 356.8 360.6 363.3 363.2 362.1 362.7 361.6 360.9 361.4 361.4 361.5 360.2 358.7 358.2 357.1 355.3 353 350 346.3 341.6 336.5 332.1 327.2
424.6 422.6 419.5 416.1 413 409.2 407.5 404.3 400.5 399.9 399 399.3 398.8 396.4 392.1 386.2 378.8 371.6 364.4 356.8 348.4 340.3 336.2 332.3 324.6 321.4 320.9 322.9 327.3 328.6 328.2 324.7 318.9 311 300.3 284.6 283.8 290.9 302.4 312.8 319.8 327.1 333.4 337.7 340.8 342 343.3 341.9 342 342.6 344.4 346.1 349.6 354.7 360.1 363.7 365.4 366.7 366.7 366 365.2 363.9 363.3 364.8 364.8 363.9 363 360.8 358.5 355.5 353.1 350.7 347.4 344.2 340 335.7 331.9 327.4
423.4 421.2 417.9 414 410.5 406.6 402.9 399.3 396.5 395 393.8 394.4 395.3 393.3 390.1 384.4 377.8 370.6 363.3 355.9 347.5 339.8 330.4 321.8 317.6 314.1 313.2 317.9 323.6 325.6 325.3 322.1 316.2 308 297 281.6 285 295.9 307.8 317.3 324 330.9 336.8 341.3 344.3 346 346.8 345.2 344.4 344.6 346.2 348.9 353.6 359 363.7 367.1 369.2 370 370.1 369.4 368 367 366.8 366.9 367.3 366.5 364.8 362.2 358.8 354 348.9 345.2 342.7 339.4 336.1 333.4 330.1 326
422.3 420.9 417.9 413.3 409 404.6 399.7 395 392.4 389.7 388.6 389.9 390.8 390.1 387.2 383.1 377.4 371.3 364.2 356.4 347.7 338.2 326.7 316.4 308 305.8 307.5 313.2 319 322.4 322.4 320.3 315.5 307.6 295.7 278.7 286.8 301.1 311.7 320.1 327.8 333.7 339.5 343.6 347.3 349.3 350.1 350.1 347.5 347.7 350.5 353.8 357.8 362.5 366.7 369.9 372.4 373.5 374.3 373.6 372.2 370.1 369.4 368.6 368.8 368 365.5 362.7 358.6 352.8 346.4 339.9 336.4 333.7 331.7 330.2 327.8 323.9
422.6 420.5 417.9 413.8 409.1 403.6 397.5 392.4 387.4 383.9 383.1 384.2 385.5 385.3 384 380.7 376.2 371.2 365.2 358.4 350.6 341.3 327.9 315.6 304.5 300 303.1 309.2 315.5 319.3 320.4 318.6 314.5 306.5 295.1 276 286.1 303.2 313.5 322.5 330.2 337.2 343.1 346.7 348.9 350.8 352 352 350.5 351.5 354.5 356.9 360.8 364.7 368.3 371.9 374.7 376.6 378 377.6 375.7 372.9 372 371.5 370.2 368.5 365.4 362.1 357.3 352.1 343.2 336.5 332 329.4 327.8 326.9 324.9 321.5
