app/static/ascii/SX67.asc
ncols 200
nrows 200
xllcorner 260000
yllcorner 70000
cellsize 50
[rows 140 to 174 of 200, columns 0 to 77 of 200]
400 393 390.5 388 384.6 384.2 384.2 382.4 385 389.5 392.9 395.7 397 398.8 400.2 401.1 402.8 404.1 405.4 406.3 407.6 407.4 405.2 402 399.1 396.5 393.7 390.6 387.1 382.7 379 376.4 374 371.2 365.6 361.5 361.4 362 365.3 366.4 366.2 364.8 362.5 360.2 357.7 355 352.9 352 351.1 350.4 348.4 345.8 342.1 336.5 329.1 326.6 324.5 326.2 330.5 335.6 338.6 341.3 344 347.2 348.9 349.8 348.5 345.9 343.3 341.3 339.9 338.7 337 335 332.4 329.8 325.5 321.5
402.6 394 390.1 387.9 386.4 385.4 386 384.5 384.9 390 392.9 394.8 396.5 397.9 399.8 400.8 402.1 403.9 405.4 407 408.6 408.8 406.6 405 403.5 400.8 397.7 394.4 390.8 388 383 379.9 376.4 374.1 370.4 367.2 366.3 364.9 367 367.5 365.9 364.1 362.2 361 359.5 357.4 353.9 353 352.2 350.8 348.9 346.5 342.6 338.8 331.8 328.3 327 330.9 335.9 339.7 343.2 345.4 347.6 349.2 350.1 350 348.7 345.7 343.5 341.8 340.7 339.8 338.2 335.8 331.3 327.8 323.8 320.9
404.1 395.1 391.4 389.1 387.2 387.2 386.9 385.2 384.9 388.4 392.3 394 396.3 397.8 399.3 401.2 402.9 404.1 405.8 407.6 409.4 410 409.5 409 407.8 404.5 402.6 399.1 395.5 392.4 388.7 385.9 383.5 380 376.4 375.3 373.3 370.3 368.8 368.4 366.7 364.4 363.5 363.1 362.1 359.6 356.1 353.7 352.5 351.2 349.4 347.1 345.3 341.2 338 331.3 329.2 333.2 337.9 341.8 344.5 347.1 348.3 348.8 348.7 348.4 347.7 345 344 343.2 343.7 343.2 342 338.6 334.4 329.8 326.2 321.8
402.4 394.5 391.3 390 389 388.3 387.5 387.4 386.3 387.8 390.3 392.9 394.6 396.6 399.1 401.6 403.7 405 406.6 408 409.5 410.2 410.5 410.9 410.1 408.1 406 403.4 400.4 397.2 393.6 392.3 391 388.1 385.9 384.1 381.8 378.4 374.4 370.7 367.6 365.9 366 366 364.7 361.3 358 354.4 353.1 352.2 351.5 350.2 349.5 347.5 344.5 340.2 334.8 332.7 334.3 339.9 344.3 345.9 346.3 346.3 346.2 345.4 344.6 342.8 342.3 343.4 344.4 344.3 342.9 340.8 337.6 333.8 328.8 323.7
402.7 394.2 391.7 390.7 390.1 389 389.1 389.6 389.7 388.8 390.1 391.4 393.7 396.8 400 402.6 404.7 405.1 406.8 407.6 408.4 409.3 409.9 410.6 410.6 409.1 407.3 405.1 403.5 400 398.6 398.3 397.2 395.6 393.9 392.7 389.8 385.8 381.2 375 370.4 369.4 369.2 368.7 366.4 363 358.9 356.3 354.9 353.8 354.5 354.9 354.6 352.9 350.5 347.4 343 340.2 337.4 337 341.6 343.2 343.6 343.2 342.4 341.4 339.6 338.1 339.9 341.6 343.1 343.2 341.8 339.6 336.6 332.7 328.3 324
405.6 395.9 392.5 390.6 390 390.4 390.2 390.5 390.9 390.9 391 391.8 394.2 396.9 400 403.2 405.1 405.7 405.5 405.7 406 406.9 407.8 408.6 408.9 408.3 406.9 405.4 404.3 402.9 401.6 401.7 401.5 401.3 400.4 399.1 396.4 391 386.4 380.5 375.2 372.6 372 370.3 367.7 364.1 360.6 359.3 358.5 357.2 357.8 358.5 358.9 358 355.7 352.7 348.4 345 341.4 340.4 340 339.5 339.6 338.8 338.2 336.4 335 335.1 336.3 338.9 340.3 340.6 339.3 337.6 334.3 330 325.9 322.1
412.7 400 393.2 390.5 391.1 391.3 391.1 391 391.2 391.3 391.7 392.7 394.1 396.3 399.8 403.3 405.1 405.9 403.9 402.3 402.9 402.7 404.3 405.3 406.1 405.9 405.1 404.3 403.8 403 402.6 403.1 403.6 404 404.3 403.5 400.8 395.7 390.3 384.7 379.3 375.1 373.8 371.6 368.4 365.1 362.6 361.7 361 360.6 361.3 362.1 362.5 361.4 359.8 356.2 352 348.4 345.4 343.9 341.4 338.6 337 335.7 334.6 332.9 331.7 331 332.6 335.1 336.8 337.1 336 333.9 329.8 325.1 321.9 318.5
418.3 404.3 394.6 390.4 390.3 389.6 390.6 391 391 391 391.5 392.3 393.7 396.3 399.6 402.6 404.6 405.1 402.9 399.7 399.5 399.2 400 401.3 401.9 402.5 402.2 401.6 401.4 401 401.3 402.7 404.1 405.2 405.7 404.9 402.4 398.4 392.8 387.7 381.5 377.6 375.1 372.8 370.2 367.5 365.1 364.2 363.8 364 364.6 365.1 365.6 364.6 362.2 357.7 354.5 351.7 349 347.1 344.5 339.8 335.5 333.6 331.8 329.2 327.7 327.7 329.2 331.2 332.9 332.9 331.9 329.2 325.2 321.2 318.7 315.4
419.9 407.7 396.4 390.9 388.7 388.4 390.4 390.7 390.7 390.8 391.1 392 393.4 395.4 398.9 401.9 403.5 404 401.6 397.4 396.7 396.4 396.2 396.8 397.3 397.9 398.3 398.2 398.4 398.9 400.2 401.7 403.1 404.1 404.5 404.1 402.3 399.3 395.2 389 383.6 379.7 376.1 373.9 371.5 369.1 367.7 367.2 367.2 367.9 368.7 368.6 368 366.5 363.6 358.7 356.1 353.2 351.2 348.8 345.8 340.9 336.1 331.9 329.9 327.2 324.3 324.3 324.9 326.2 328.4 328.1 327 324.5 320.8 317.5 314.8 312.4
420.1 408.8 397 390.2 388.2 386.7 389.6 390 390.3 390.3 390.5 391.4 392.7 394.6 398.3 401 402.4 402.2 400.4 395.8 393.4 393.3 393.1 393.6 394 394.3 395 395.6 396.6 398 399.5 400.9 402.1 402.4 402.5 401.9 400.7 398.4 395.2 391 384.8 380.6 377.1 374.6 372.4 370.2 369.3 370.2 370.7 371.4 371.6 371.5 370.3 368.3 364.6 359.8 356.2 353.4 351 348.6 345.3 341.1 337.2 333.5 329.9 325.9 321.6 321 320.3 320.8 322.8 322.9 322.2 319.9 317.3 314.4 311.7 308.9
419.4 409.3 396.1 389.3 387.4 387.2 388.6 389.2 389.5 389.6 389.5 390.5 391.6 393.9 397.4 399.6 400.5 400.3 398.6 394.8 390.5 390.1 389.6 390.6 390.9 391.3 393 394.2 395.9 397.6 399.4 399.4 400.1 400.3 399 398.8 398 396.5 393.4 390.2 385.6 381 377.4 374.3 372.4 370.3 369.6 370.8 371.7 372.6 372.8 372.5 371.4 369.9 366.2 361.1 356.1 353.2 350.1 347.4 344.1 341.6 339.5 335.8 332.1 325.7 319.9 318.9 317.8 316.3 317.5 316.7 315.5 314.5 312.7 309.9 306.7 305.4
418.9 406.5 394.5 388.3 387 386.8 387.2 387.9 388.3 388.4 387.8 388.9 390.1 393 396 397.4 398.3 398 396 392.3 389.3 387.7 386.8 386.9 387.6 388.7 391.7 394.4 396.4 398.2 398.8 398.5 397.8 398.1 396.3 395 395.3 393.7 391.4 388.4 384.9 380.4 375.9 373.3 371.5 369.9 369.3 370.4 371.5 372.3 373 373 371.8 369.6 366.5 361.4 356.1 353 350 347.5 346.8 346 343.4 339.5 334.3 327.6 323.8 317.3 314.5 313.8 312.8 311.8 309.7 308.1 306.3 304.9 305 305.6
417.6 406.1 392.8 387.2 386.6 386 385.4 386.3 387 387 386.9 387.4 388.6 391.5 394.3 395.7 396.1 396 394.4 391.9 388.5 386.3 385.5 385.4 386.1 388.4 392.6 394.7 396.3 397.6 398.2 397.9 396.7 395.9 394.6 392.8 391.8 390.4 388.1 385.5 382.2 378.1 374.1 371.6 369.8 368.9 368.9 369.1 370.2 371 371.6 371.6 370.5 368.1 364.7 360.3 356.5 353 350.8 349.3 350 349.8 348.1 344.4 339.5 333.8 329.9 325.2 317.6 310.4 309.8 308.9 307.1 307.1 306.6 306.8 306.8 307.4
415.7 404.3 390.2 387.3 386.3 385.2 383.9 384.1 384.6 384.9 385.2 386 387.1 390.1 392.2 393.6 394 394.3 393.4 391.2 388.1 384.6 383.9 383.8 385.3 389.4 392.6 394.2 395.5 396.5 397.1 396.3 395.2 394.1 393 391.2 388.8 387.2 385.3 382.8 380.6 378 373.2 370.2 368.9 367.7 367.1 367.6 368.4 369 369.4 369.2 368 365.9 362.6 359.1 355.3 353 351.6 351.7 353.2 353.3 351.7 348.9 345.3 340.7 335.7 330.3 322 309.1 308.3 307 307.1 307.7 307.5 308 309.8 311.7
413.3 402.4 390 387.2 386 384.3 383.5 382.6 382.8 383.7 383 384.8 385.7 387.9 389.9 391.5 392.2 392.2 391.6 389.6 387 383.2 381.2 381.6 385.6 388.9 391.5 393.3 393.6 394.6 395.5 395.2 394.1 392.9 391.9 390.4 387.4 385.7 384 381.2 378.8 376.1 372.8 369.1 367.9 366.9 365.8 365.7 366.2 366.7 366.6 365.6 364.4 362.4 359.9 357 353.5 351.6 352.1 354.2 355.7 355.4 354.1 351.8 347.9 343.1 337.1 329.8 319.8 307.8 307.8 309.5 309.6 309.8 309.8 311.5 313.1 314.9
411.6 400.7 390.1 387 385.6 384.3 383.5 381.7 380.4 381.3 380.8 381.8 383.6 385.6 387.4 389 389.9 389.9 389 387.8 384.6 381.1 378.6 380.7 384.7 387.6 389.9 391.1 391.9 392.8 393.4 393.5 393.3 392.5 390.9 389.4 386.2 384.4 382.5 380 376.8 373.5 371 368.6 367.3 366.3 364.7 364 363.9 364 363.5 362 359.9 357.7 355.6 353.3 349.7 349.2 352.8 355.1 356.5 356.5 354.9 352.5 348.6 343.2 336.2 326.1 310.2 309.2 310.1 311.2 312.6 314.1 314.6 314.9 316.8 318.3
410.1 399.9 390.7 387.9 385.8 384.2 382.9 380.6 380.3 378.8 379.5 379.8 380.8 382.5 384.6 386.2 386.9 386.7 386 384.1 381 378.3 376.2 379.2 382.7 385.3 387 388.1 389.1 390.4 391 392.1 392.4 392.4 391.1 390.7 388.5 384.7 381.6 377.1 374.1 371.3 369 367.9 366.4 365.2 362.7 361.6 361.6 360.9 359.1 357.5 355.2 352.9 350.8 348.7 345.5 347.5 351.5 353.8 354.7 354.9 354.2 351.8 347.4 340.8 331.5 319.3 309.4 311.9 315.2 318.1 319.5 320.9 321.6 320.9 320.8 322.6
408.3 399.5 392.1 388.2 386.1 383.5 382.1 380.1 378.9 377.6 376.6 376.4 378.9 380 381.3 383.1 383.9 383.7 382.7 379.8 376.3 375.1 374.3 376.5 380.1 382.5 384 385.1 386 387.5 389.2 390.1 391 392 393.6 393.7 392.3 389.1 383.9 378.2 372.6 370.3 367.8 366 365 364.5 363.3 361.5 358.9 358.7 356.6 353.7 351.3 347.5 344 342.8 341.4 345.8 349.2 351 351.8 352.1 351.7 348.9 342.8 334.8 323.2 310.4 313.1 318.6 322.5 325.2 327.7 329 328.9 326.8 325.7 327.6
409.8 402.5 393.6 388.8 386.5 384.3 382.3 381.7 380 377.3 376 375.1 376.2 377.6 378.7 379.8 380.6 380.4 378 374.5 372.9 372.5 372.3 373.6 377 379.1 380.7 381.5 382.1 383.6 386.2 387.8 389.5 392.1 393.7 394.6 394.1 391.9 387.2 380.1 373.4 369.6 368.4 367.5 367.2 366.4 365.7 364.3 362 359.5 357.9 355.4 352.5 349 345.2 340.3 338 342.4 345.8 347.1 347.7 348 347 343.3 336.1 326 312.2 314.9 318.9 325 329.5 333.3 337.5 336.6 335.8 332.6 331.1 333.3
413.1 406.6 397.8 390.6 387.9 386.4 384.5 382.6 380.8 379.4 376.7 375.2 373.7 375.3 375.5 376.1 376.7 376.4 373.3 370.8 370.1 370 370.3 371.7 373.3 375.5 377 377.6 379 380 381.9 384.8 388.3 391.3 393.5 394.7 394.6 392.8 388.5 381.7 374.9 370.1 369.7 368.8 368 367.5 368.1 366.6 365.3 363.5 360.8 358.2 355.6 352.2 347.7 338.9 335.6 339.9 341.5 342.8 343.1 342.7 341.1 335.6 329 314.3 316.1 319.1 324.2 331 335.3 341.6 344.2 343.6 342.8 340 339.9 340.4
416.6 410.9 403.3 395.9 391.6 389.4 387.6 384.8 382.9 380.3 377.8 376 373.7 373.4 373.3 373.5 372.9 371.7 370.3 369.2 367.8 368.2 368 368.4 369.7 371.2 372.8 373.8 375.4 376.7 379.1 383 386.7 390.1 392.6 393.8 393.7 392.5 389.4 383.6 377.1 371.1 369.9 369 368.3 368.2 368.1 367.3 365.6 363.7 361.5 358.7 355.7 351.3 346.3 336.4 334.5 336.4 337.9 338.2 337.7 336.7 333.8 329.8 321.7 314.9 319.1 324.9 328.6 335.7 341.4 346.7 348.5 349.6 349.1 348.8 348.1 347.4
419.8 413.8 408.4 401.5 396.8 394.2 391.7 388.7 386.1 382.1 379 376.9 374.5 371.5 371.7 371.2 370 369.1 367.8 367 365.9 365.8 365.3 364.7 364.6 366 368.1 369.9 372.2 374.6 377.3 381.4 384.9 388.3 391.1 392.4 392.4 391.6 389.2 385.1 379.2 374.3 370.6 370 370.8 370.3 368.6 366.7 364.1 362.2 359.6 356.9 353.3 349 339 332.8 331.3 332.8 333.6 333.5 333.2 331.4 328.3 323 316.5 316.3 320.1 327.7 333.1 338.1 343.5 348.1 351.7 353.7 355 354.8 354.7 355.3
422.4 417.9 411.7 405.9 400.6 398 394.5 391.8 388.4 383.9 380.1 377.6 375.2 373 370.2 369.4 368 367.1 366.6 365.5 364.1 363.3 361.4 361.8 362.1 363.1 363.5 366.4 368.5 371.5 375.7 379.5 383 386.2 388.9 389.9 390.3 389.5 388.4 385.6 380.8 376.1 372.7 373.3 374.6 374.2 371.7 368.8 365.2 362.3 360 358.2 356.1 352.6 346 332.4 325.4 327.3 327 327.3 327.2 325.3 321.5 318.8 317.6 318.4 321 326.9 332.5 338.1 343.7 349.5 354.9 358.1 360.2 361.8 363.2 364
425.6 421 415.5 409.6 404.2 399.9 396.8 393.6 390.5 385.6 381.6 378.9 376.9 374.3 371.3 369.8 369.5 369.5 370.2 369.6 368.8 367.2 365.4 361.4 360.1 361.3 362.2 363.2 366.1 370.1 373.7 377.5 380.7 383.2 385.4 387 387.7 387.3 386.6 385 382 378.8 376.2 378.7 379.7 378.7 375.9 371.9 368.1 364.3 362 360.5 358.2 354.8 350.4 343.5 326.5 324.8 322.3 322 321.8 320.8 318 318.2 316.8 319.2 322.7 325.9 330.8 338.9 345.2 351.4 357 362 366 368.9 371.3 372.5
427.7 423.9 418.5 412.5 406.5 401.4 398 394.8 390.7 387 382.8 380.4 378.1 374.9 371.3 371.3 372.6 374 374.3 374.2 373.4 371.7 369.3 365.4 360.6 359.1 361.2 361.9 365.7 368.4 371.9 374.8 377.3 379.6 381.7 383.6 384.6 385 384.7 384.9 384.7 382.7 379.3 382.3 383 382.1 379.7 374.4 370.6 366.2 363.1 360.5 358 354.7 350.4 343.8 333.8 323 320.8 320.1 319.4 318.6 318 317.2 318 321 320.6 327.1 332.5 340.2 346.6 353.6 359.9 365.9 371 375.2 378.2 380.6
430 425.9 420 414.3 407.8 402.7 399.2 395 391.8 386.8 382.7 380.9 378.4 374 373 375.2 376.8 378.2 378.6 378.8 377.8 375.4 372.4 368.1 362 358.9 359.4 360.7 363.5 366.2 368.7 371.2 373.5 375.6 377.7 379.4 381 381.9 382.2 383.7 384.5 382.6 381.5 384.5 385 383.8 381.3 376.8 372.3 367.3 362.7 359.8 356.9 353.3 348.3 342 335.5 328.8 320.5 319.4 318.8 318.3 317.7 316.8 319.8 322.5 325.4 330.1 335.9 342.8 349.8 356.4 363 369.5 374.9 380.4 384.3 388
430.9 426.9 421.2 416.3 409.6 404.3 400.6 396.4 393 388 382.9 379.4 377.4 376 378.8 379.9 381.5 382.7 383.2 383.2 382.5 379.3 375.4 368.4 361.7 359.5 357.8 359.2 361 362.6 364.8 366.6 368.5 370.6 372.9 375.2 377.2 378.7 380 381.7 382.7 381.6 382.3 384.5 385.4 384.6 382.2 378.7 372.9 367.3 362.1 358.4 355 351.5 346.4 340.4 334.7 330.4 326 320.8 319.7 318 317.2 320.3 322.3 324.1 327.4 332.6 337.7 343.9 352 359.4 365.8 372.2 379.3 384.8 390.4 394.4
431 427.1 422.2 417.2 411.9 406.4 402.6 399.5 395.5 389.6 383.7 379.7 380.4 382.5 383.9 385.3 386.7 387.9 388.7 389 389 385.2 379.6 369.6 361.4 359.6 357.8 356.9 359.1 359.4 360.5 362 363.8 366.1 368.8 371.2 373.9 375.9 377.7 378.8 379.4 378.9 379.8 383.1 384.5 384.1 382.1 378.5 372.9 366 360.1 355.6 352.1 349.1 343.5 337.8 332.9 329.4 326.2 322 320.2 317.6 319.4 322.5 325.1 329.3 332.5 338.2 344.1 348.5 356 362.7 369.4 376.7 383.1 389.9 395.4 400.2
431.1 427.2 422.7 419.6 414.9 411.1 406.1 402.1 397.6 392.1 384.9 382.3 385 387.2 390 391.5 393.1 395.6 397.4 397.9 397 393.6 387.2 378.3 368 360.8 358.4 357.5 356.4 356.8 357.9 358.4 359.2 361.1 364.6 367.6 370.4 373.1 375 375.8 376.2 376.8 377.8 381.2 383.2 383.2 381.3 377.7 372.2 365.1 358.4 352.1 347.3 343.9 338.9 332.7 329.5 327.4 323.9 321.4 318.9 318.4 324.9 326.5 331.6 334.9 339.4 344.9 350.4 355.3 361.1 366.7 373.7 381 388.2 394.6 400.5 406.7
431.2 428.4 426.2 423.1 419.7 414.9 408.6 403 397.4 391.8 384.1 386.6 390.1 392.2 395.2 398.4 401.7 404.5 406.5 406.1 403.8 399.7 392.9 385 375.5 366.3 362.5 361.5 359.4 355.9 356.1 357.2 357.7 358.9 361.4 365.4 367.8 369.9 372.3 372.8 373 374.4 375.9 378.6 381.3 381.5 379.9 376.5 371.4 363.5 355.3 346 338.7 335.9 329.4 325.5 324.6 324.8 323.6 320.8 320.1 324.7 328 331.9 335.3 340.2 344.7 351 357.2 362.6 368 372.4 378.2 385.7 392.9 399.2 405.4 411.7
433.8 431.8 429.6 426.6 423.5 418.3 411.8 403.7 396.6 389.6 388.3 392.4 395.6 398.3 402 406.3 409.9 412 412.9 411.3 408 403.2 396.1 388.1 379.4 372 368.5 366.5 365 361.3 357.2 355.3 356 357.7 359.8 363.2 366.2 368.3 369.7 370.3 371 372 373.7 376 379.3 379.5 378 375.2 371.1 363.8 353.7 333.3 324.7 323.1 322.3 322.2 321.5 321.2 321 320.7 324.6 328.5 332 335.7 340.9 345.3 350.6 357.3 363.3 370.9 376.6 381.5 386.6 391.6 397.1 403.7 409.7 415.9
434.3 432.9 431.1 428.6 425.6 420.4 413.8 404.1 394.2 389.7 394.3 396.9 401 404.7 409.2 413 415.7 417.2 416.7 414.3 410.2 404.4 397 388.5 379.7 372.5 368.9 367 365.1 362.6 359.2 354.5 355.1 356.6 358.9 362.4 365.2 367 367.3 367.9 369.2 370.5 372.5 373.6 376.8 377.3 376.1 373.7 369.7 363.8 352.3 328.8 323.5 322.4 323 325.4 323.3 321.3 321.1 324.5 335.1 337.4 338.6 341.1 345.9 350.9 357.1 362.7 370.1 375.9 382 387.2 393.6 397.9 401.6 407.9 413.7 419.5
433.9 432.7 431.1 429 426.7 421.9 415.2 405 395.4 397 400.6 403.8 407.2 411.8 415.1 417.8 419.4 419.8 418.8 415.7 411 404.6 396.1 387.8 376.9 367.8 365.8 364.9 363.7 361.6 358.5 353.3 354.2 355.7 360 364.1 366.1 366.3 366.2 366.1 367.5 369.2 371.1 371.9 374.4 374.2 373.5 371.3 368 362.4 351 327.6 323.4 322.2 326.7 331.4 333.3 327.9 327.5 340.1 344.3 346 345.7 348.6 352 357 364.3 370.7 375.7 381 387.4 393.8 398.7 402.3 406.3 411.4 417.4 422.7
431.7 431 430.5 428.8 427 423.2 417.6 409.8 400.2 405 406.3 410.1 413.6 417 419.6 421.4 421.7 421 419.2 415.1 410.6 403.5 396 387.2 375.1 364.1 361.5 360.7 360.7 359.1 356.1 352.6 353.9 356.7 361.5 365.1 367.1 366.5 365.3 364.1 365.7 367.4 368.4 368.4 370.5 370.6 369.8 367.8 364.2 358.1 347.4 330.3 323.7 323.8 332.8 339.4 344.2 346.9 349.3 351.7 353.8 354.1 353.6 355.7 359.4 365 370.2 375.9 381.7 386.3 392.7 398.7 403.4 407.7 411.8 415.2 420.1 425.2
429.9 429.3 428.6 428 426.7 423.3 418.7 409 406.8 411.9 413.6 415.6 417.8 420.3 421.9 422.6 422.4 420.8 417.8 413.6 409 402.6 395.1 386.3 376.7 364.6 360.7 358.2 357.4 355.8 354 352.3 353.1 357.3 362 365.1 366.7 366.4 363.6 362.4 363.1 364.8 365.3 364.3 365.8 365.8 365.2 362.8 358.6 351 341.1 329 325.9 325.3 340.4 348.5 354.2 356.9 358.6 359.7 360.9 361.3 361.2 362.5 366.4 371.1 375.3 380.8 386.7 392.2 397.1 402.2 407.4 411.2 415.6 417.9 422.2 427.3
