app/static/ascii/SX69.asc
ncols 200
nrows 200
xllcorner 260000
yllcorner 90000
cellsize 50
[rows 105 to 139 of 200, columns 0 to 77 of 200]
203.9 182.3 184.8 189.8 195.3 191.8 191.5 203.5 200.3 197.5 198.3 200 203.2 208.3 213.2 215.7 218.3 220 221.9 223.7 225.4 226.9 229.1 230.1 231.5 233.7 235.4 236.2 236.8 237.8 238.6 239.7 240.8 242 241.6 243.5 244.6 244.9 245.5 248.3 250.5 252.5 254.1 256.6 259.6 263.7 267.1 269.5 270.8 269.9 270.1 269.8 269.2 267.6 265.5 261.1 259.6 259.3 258.7 260.6 261.7 260.4 260.6 261.1 258.6 257 256.1 254 249.4 244.5 235.3 235.4 234.1 228.8 220.6 217.1 214.7 212.3
183.4 183 189.2 198.5 201.5 199.4 193 194.1 195.8 197.4 199.1 200.3 201.8 209.9 215.1 219.5 222.2 224.8 227.1 229.8 232 233.6 235.5 236.9 237.5 240.4 241.9 242.6 243 243.1 244.2 245.1 245 246 246.6 245.2 246.1 247 246.7 249.6 251.7 254.1 256.4 259.2 263.3 267.6 271.5 274.6 275.3 276.3 277 275.6 274.9 273.8 271.9 269.1 266.4 265.7 265.9 267 268.2 269.1 269.2 267.7 264.7 263 261.3 256.2 252.1 246.7 240.7 238.5 234.6 229.4 223.3 218.6 215.3 213
179.9 184.7 197.3 202.6 205.4 207.2 194.3 195.7 195.6 198.7 200.5 201.6 201.5 210 216.5 223 226.5 229.6 232.2 234.8 237.8 240 241.6 242.7 243.4 245.7 247 247.8 248.4 249.2 249.8 250.2 250.1 250 250.7 249.2 247.8 249 249.2 252.3 254 256.6 259.2 262.2 265.9 272.2 275.7 278.9 280.1 282.5 282.5 280.8 279.7 278.9 276.3 275.6 275.1 273.9 272.5 273 273.7 274.3 273.9 271.5 268.3 265.6 262.8 258.1 252.6 248.7 245.2 241.4 236.3 229.8 224.7 218.8 215.3 212.9
182.4 194.4 204.4 208.5 209 217.6 217.7 215.1 197.1 196.6 201.6 202.7 203.1 208.5 217 226 230.6 234.4 238 241 243.6 245.7 247.1 248.2 249.4 251.3 252.3 252.9 253.5 254.6 254.5 254.7 254.5 254 254.2 253.8 250.5 251.5 252.6 254.9 256.8 258.8 261.8 265.2 269.8 277.4 280.7 283.3 286.4 287.9 287 285.9 285.8 284 282.3 281.4 280.8 279.9 278 277.6 277.7 277.2 275 271.5 268.7 265.1 261.7 258.8 254.6 251.3 248.4 245 240.3 233.7 228.2 219.7 215.6 214
199.5 208.6 212 215.5 225.6 231.7 234.7 235.4 226.1 206.8 202 203.2 204.4 208.8 217 227.6 233.9 238.7 243.7 248.3 250.5 252.6 253.4 254.8 255.7 256.8 258.4 258.7 259.5 260.4 260.4 259.8 258.8 258.6 258.4 256.9 253.8 253.5 256.3 259.7 261.9 261.9 265.8 270.7 278.1 283.8 288.9 292.5 294.3 293.2 291.6 290.5 289.1 287.4 285.8 284.7 283.8 282.2 280.9 280.3 279.4 277.7 275 273.7 271.9 265.9 263.3 260.3 258 255.1 252.9 250.1 246.3 239.3 234.2 225.9 224.1 213.7
217.2 218.3 226.6 233.6 240.4 244.7 246.5 247.3 243.8 231.4 213.3 203.1 206.5 209.7 217.5 229.6 237.6 244.2 251 256.7 259.2 260.5 261.9 262.2 262.5 263.8 265.5 265.9 266.2 266.1 266.5 265.6 264.9 264.8 264.1 261.3 257.9 257.2 259.7 265.1 266.7 267.8 269.3 275.4 281.6 287.1 293.2 296.7 299.1 297.2 294.3 292.1 290.7 289.1 287.6 286.2 285 283.6 282.3 281.2 279.9 278.3 275.2 272.6 271.6 267.7 265.4 263.5 261.4 258.7 257.9 256 252.1 248.5 240.7 225.4 219.5 214.3
236.9 241.5 245.8 249.9 253.4 255.5 258 259 256.6 251.5 241.6 219.4 205 209.2 218.1 231.7 239.5 249.7 258.1 262.9 265.5 267.9 268.6 269.3 269.2 270.8 272.1 272.2 273.2 273.6 272.8 271.8 271.2 270.2 269.3 267.4 263.2 258.8 261.4 269.3 271.5 273.5 273.3 276.8 282.2 288.2 293.4 296.4 298.5 297.1 294.1 291.9 290.9 289.6 288.4 287.5 286.4 285 283.4 281.8 280.6 278.9 275.2 272.8 272 269.3 268.4 267.5 265.3 263.5 262.7 260.9 263.3 254.4 252.5 231.2 221.4 215.1
256.8 259.9 261.6 265.1 267.2 267.6 266.7 269.2 269.7 268 261.3 230.2 206 210.5 217.5 233.4 242.8 255.5 264.8 270.8 273.8 275.5 277.1 277.2 276.3 278.2 278.5 279.3 279.6 279.7 279 277.9 276.6 275.4 274.2 272.4 268.4 262.7 264.2 272.1 276.5 278.8 279.4 281.3 284.3 288.3 291.9 294.3 295.3 294.4 293.3 291.9 290.6 289.3 288 286.9 286.4 285.1 283.4 282.2 280 277.7 274.8 272.8 271.3 270.5 270.4 270.5 270.4 270.5 270.2 268.6 258.2 253.1 252.3 237 223 218.6
273.1 273.9 274.7 274.2 276.1 278.4 280.4 281.2 281.9 280.1 273.2 241.2 207.9 212.2 214.8 233.3 248.1 260 271.4 277.6 281.1 282.9 283.9 284.2 284.3 283.8 284.9 285.6 285.8 285.5 284.5 283 281.8 280.6 279.2 277.3 273.1 266.2 267.6 274.1 279.8 282.5 283.6 285.3 287 288.8 290.9 292.7 292.9 292.9 292.2 290.9 289.2 287.7 286.3 285.5 284.8 282.7 280.9 279 277.1 274.9 273.2 272.3 271.5 271.4 271.1 271.3 271.8 272.8 273.5 273.7 253.9 253.1 257.4 242.2 225.5 216.3
281.6 281.7 283.1 283.7 284.5 284.7 287 288.9 288.7 288.4 282.4 251 219.4 213.1 214.5 233.4 250.3 262.3 275.6 282.5 286.5 288.6 289.7 289.8 289.5 289.5 289.9 290.4 290.5 289.9 288.8 287.5 286.1 284.7 282.5 280.1 275.9 270 271.1 277.4 282.3 285.3 286.6 288.4 289.7 290.9 292 292.8 292.9 292.2 292.1 290.9 289.4 287 284.5 283.3 281.8 279.4 277.7 276.1 274.3 272.7 271.9 271.3 270.9 270.8 271.2 271.5 272.7 273.7 274.9 275.8 274.3 267.8 259.9 247.4 225.4 216.4
292.4 294.1 295.6 295.6 296.2 297.6 297.2 297.2 296.3 293.7 286.8 262.4 238.3 215.2 216.7 231 248.7 264.2 279.9 287.3 291.1 293.4 294.1 294.4 294.5 294.6 294.6 294.8 294.4 293.4 292 290.1 288.5 287 284.7 282.5 276.3 274.6 276 282.2 286.1 288.6 289.5 291.5 292.4 293.3 294 294.1 293.8 293 292.1 291.4 290.2 288.2 286.2 283.6 281.5 279.2 277 275 273.2 271.7 269.9 269.6 269.3 269.8 270.5 272.1 273.8 274.9 275.7 276.2 274.2 269.3 261.2 248.7 230.8 216
302.2 302.1 302.5 302.9 302.9 302.9 302.5 300.8 299.5 296.6 290.5 278.9 250.8 220.9 217.1 229.2 248.4 268.7 284.7 291.6 294.5 296.2 296.9 297 297.6 298.3 298.5 298.2 297.3 295.8 294.3 292.4 290.9 289.4 287.5 284.8 282 278.6 282.3 286.1 288.8 291.1 292 293.5 294.2 294.6 295.1 295.1 294.4 293.7 292.9 292.6 291.1 289.1 286.9 284.6 282.4 280 277.5 275.6 273.9 272 269.6 267.2 266.7 267.8 269.6 271.6 273.3 274.6 275.5 276.1 274.6 270.3 264.9 254.9 235.1 213.6
305.9 306.7 307.3 307.8 308 307.6 306.4 304 303.9 303.9 301.7 284.7 252.3 222.9 219.9 221.9 249.2 275.3 291.3 296 297.8 298.6 299.4 300 300.5 301 301.5 300.8 299.8 298.3 296.9 295.4 293.7 292.2 290.5 288 286.2 284.7 286.5 289.1 291.4 293.2 294.4 294.8 295.3 295.7 295.6 295.4 294.9 294.3 294 293.7 292.2 290.5 288.1 285.8 283.5 280.9 278.3 276.2 274.6 272.8 270 267.1 264.3 265.6 267.7 270.1 272.3 274 275.5 275.9 274.7 268.8 262.9 254.7 236.6 215.6
311.5 311.5 311.7 312.5 314 312.8 310 306.9 307.2 308.2 303.3 285.2 257.7 229 224.4 222.7 246.2 269.8 298.1 303.4 302.9 302.2 302.7 303.9 303.6 304.4 304.4 304.2 303.4 302.3 300.9 299.8 298.1 295.8 293.4 290.3 288.4 287.9 289.1 291.4 293.3 294.7 295.4 295.8 295.8 295.7 295.5 295.3 294.9 294.6 294.7 295.2 294.6 292.5 290 287.1 284.6 281.9 279.1 276.9 274.9 273.2 270.8 266 261.7 260.9 264.5 267.7 270.7 272.6 273.7 274.4 273 263.3 252.4 240.3 225.2 210.3
317.3 315.9 315.1 315 314.3 309.4 301.7 295.7 289.5 285.1 279.2 266.8 248.6 229.4 234.1 224 247 271 291.6 304.2 306.7 306.1 306 306.8 307.2 307.2 307.3 307.1 306.1 305 304.1 302.5 300.3 298.1 294.5 291.9 290.6 290.1 291.5 292.6 293.4 294.5 295.3 295.4 295.6 295.4 295.3 295 294.7 294.7 294.7 295.4 295.5 294 291.6 288.7 285.5 282.8 279.6 276.7 274.8 272.2 269.8 264.9 260.4 255.1 259.2 264.3 267.7 269.3 269.1 266.8 261.1 250.8 237.5 224.1 211.2 206.1
321.6 318.6 315.6 308.5 300.6 289.8 278 269.1 261.5 253.1 249.2 240.3 235.3 241.3 243.9 228 250.7 273.1 291.3 304 307.6 307.6 308.3 308.9 309.7 309.8 310.9 310 309 307.6 306.2 304.6 301.9 299.1 296.1 294.1 293 293 293.2 293.6 293.6 294.1 295 294.8 294.9 295 294.9 294.8 294.4 294.3 294.2 294.5 294.1 293.3 291.8 289.2 286 283.1 280.3 275.7 272.9 269.8 266.7 263.4 259.5 247 254.2 260.4 260.6 261.8 259.6 251.1 242.5 232.3 217.6 210.8 207.5 217.4
322.6 318.7 311 296.5 280.2 269.7 265.4 262.3 259.8 256.5 252 251 253.6 260.8 249.3 234.8 255.6 274.8 291.9 300.1 305.6 306.9 308.4 309.6 311 312.4 313 312.7 311.6 310.7 308.1 305.3 302.6 300 298 296.1 295.2 295.2 294.6 294.9 294.5 294.8 294.6 295 295.4 294.7 294.6 294.4 294.2 294 294 294 293.4 292.6 290.4 288.5 286.3 283.1 279 274.3 270.6 267.3 264.2 260.8 255.1 240.7 239.2 241.9 242 242.4 240.6 233 222.3 213.8 210.2 210.8 223 239.5
322.2 317 305.2 287.7 286.6 287.2 288.3 287.9 286.9 284.1 282.1 280.2 281.6 280.1 259.9 234.1 259.2 277.7 292.2 298.6 303.4 305.8 307.2 309.3 311.3 313.7 314.8 314.8 313.1 311.3 309.3 306.2 304 301.8 300.2 298.3 297.2 296.6 296.2 296 295.4 295.4 294.9 295.2 295.9 295.5 295.5 295.5 294.7 294.8 294.1 293.6 292.8 292 290.1 288.5 286 283.6 280.3 273.9 267.6 254.2 249.6 241 236 228.6 226.3 224.7 223.5 222.5 221.1 218.3 212.7 218.5 227.8 235.9 248.4 259.6
319.1 312 301.8 288 297.8 302.1 302.1 302.6 303.2 302.2 300.7 298.3 296.8 290.2 265.7 236.1 257.6 275.9 288.9 296.2 300.9 303.9 306.4 309 311.1 314.2 316.2 316.6 315.1 313.2 310.4 307 305.1 303.9 302.3 300.6 299.6 298.6 298.1 296.8 297.2 296.2 296.3 296.4 296.4 296.4 296.5 296.6 295.3 294.6 293.9 293.2 292.5 291.7 290.8 288.5 284 278 271 263.5 252.3 239.1 227.9 227.3 222.5 222.8 220.5 219.9 218 218.4 217.5 215.8 230.8 248.7 256.9 262.5 269.5 271.8
309.7 300 290.2 294.3 304.6 307.2 308.6 310.7 311.2 311.9 311.3 309.4 305.3 295.8 270.9 239.9 258 274.5 285.3 293.4 300.1 303.6 306.4 309.7 312.9 315.9 317.8 318.4 316.6 314.5 312 309.1 307.8 306.3 305 303.1 302.1 301.1 300.2 299.4 298.2 297.9 297.3 297.1 296.9 296.5 296.7 296.2 295.9 295.6 294.7 293.4 292.5 291.3 289 284.5 275.3 265.9 256.7 242.4 235.3 231.4 228.2 247.2 251.6 251.3 248.6 241.2 233.1 230.3 237.8 242.1 259.6 276.2 277.1 278 277.4 276.6
296.5 296 300.5 303.9 307 310.8 313.3 314.9 315.5 315.6 315.4 313.3 309.7 296.6 267.7 243.4 262 278.1 287.6 294.2 301.1 305.2 308.3 311.8 315 317.9 319.9 321.1 319.7 318 315.5 312.7 311.3 310.3 308.7 307 305.5 303.8 302.4 301.3 300.5 298.4 298.3 298 296.5 295.3 294.5 294.4 295.4 295.7 295 293.6 291.3 287.5 283.5 271.4 258.4 245.1 235 234.8 239 244.7 256 271.5 276.5 280.2 278.8 272.7 269.1 262.9 271 271.5 283.8 286.5 285.4 285.3 284.3 281.8
300.6 301.9 304.7 306.8 309.7 312.3 314.9 316.8 317.6 317.5 316.5 314.2 309.8 299.2 271.5 247.1 264.7 281.7 291.9 298 303.8 307.6 311.5 315.8 318.8 321.5 322.8 323.5 322.7 321.1 319.5 317.7 315.8 313.8 311.8 310.1 308.2 306.5 304.6 303 301.5 299.5 298.5 296.6 294 292 290.9 291.7 292.8 293.7 293.6 292.5 289 283.7 273.1 256 239 238 242.7 255.5 268.5 276.5 280.8 288.5 292.9 296.1 295.8 293.8 290.2 287 288.5 289.8 291.4 292.1 290.8 290 288 285.4
306.4 307.4 308.7 310.7 313.3 315.2 316.4 318.1 318.7 318.6 317.2 313.5 307.7 297.5 279 260.2 268.7 283.8 294.1 302.2 307.1 310.8 315.1 318.9 322.5 325.3 326.8 327.4 326.9 325.5 324.1 322.4 320.7 318.6 316.6 313.5 311.4 308.8 306.4 304 300.9 299.1 296.7 293.5 290.4 288.2 286.6 288.3 289.9 291.2 291.5 289.6 285.6 273.6 262.5 243.3 248.2 253.8 268 277.8 285.4 288.6 293.8 297.4 301.7 304 305.7 303.5 300.3 299.2 298.7 299 298.2 297.6 296.2 294.8 292.8 289.5
310.7 311.9 313.2 316.5 317.6 318.8 319.6 320.8 321.2 320.8 318.9 315.6 308.2 294.4 277.4 262 269.1 285.2 297.7 305.6 309.9 313.6 317.4 323.5 326.8 329 330.8 332.2 333.1 331.9 330.2 329.5 326.4 323.7 321.6 317.9 314 310.8 308 304.4 300 296.7 293.3 289.7 287.4 283.6 277.6 278.7 278.2 275.5 271 269.1 262 252 245.7 242.3 259.7 269 278.2 285.7 291.8 296.3 300.3 304.3 308.9 312.2 312.4 311.1 309.3 309.3 307.8 306.7 307.3 304.9 303.7 302.5 298.9 295.3
314.8 316.6 318.2 320.4 321.6 323 324.4 325.9 326.3 325.8 322.7 318.7 311.3 295.6 273.9 262.1 267.2 286.7 300.1 307.7 312.1 315.7 322.6 329.9 334.1 338.3 339.8 339.8 339.5 339.1 337.7 335.9 333.8 329.7 325.6 321.8 317.2 312.3 308.5 304.8 299.1 294.4 289 285.5 277.6 270.4 262.1 260.3 258.4 256.1 253.8 251.5 250 248.3 243.5 255.2 275.4 280.6 286.9 294.3 300.7 306.2 311.1 315.3 319.5 321.2 324.7 325.8 325.2 324.5 323.4 321.8 320.5 318.1 314.5 310.9 306.4 302.7
320.3 321.8 323.9 325.8 327.8 330 330.7 332.7 333.4 331.9 328.6 324.3 318.1 299.7 271.6 264.4 270.6 289.3 301.2 310.4 315.2 321.2 330.1 337.5 342.9 346.8 348.6 348.7 347 344 342.3 342.4 337.1 333.3 329.1 324.7 319.8 315 310.5 305 299.6 290.4 280.9 270.2 261.7 260 259.3 255.9 254.1 251.9 250.9 250.3 254.8 254.5 259.8 276.7 289.4 292.5 291.7 300.4 307.6 312.6 318.9 324.2 328.5 332.4 334.8 336.2 336.4 335.5 334.8 333.6 330.6 327.7 323.8 319 314.8 310.4
326 327.8 329.7 332.4 334.4 336.5 338.6 339.7 339.9 339 335.5 331.1 323.4 307 279.5 266.3 268.7 288 305.8 314.6 319.8 328.2 339.6 345.9 349.8 353.8 355.7 355.8 353.4 350.5 347.6 345.4 344.9 338.1 333.6 327.9 322.4 316.9 311.5 305.7 299.4 286.9 267.4 264.6 264.2 262 260.4 263.1 273.2 275 277.2 279.4 284 283.5 288 296.2 300.2 301.7 300.4 307.5 313.4 319.2 325.2 332.6 337.5 341.4 343 344.3 345 345.3 344.3 343.1 339.9 336.5 332.5 327.9 323.2 319.4
332.8 335 337.1 339.9 340.8 342.6 344.4 345.1 344.4 342.9 340.1 337.1 331.1 319.1 295.8 269.9 270.1 286.2 307.1 318.3 323 334.5 342.6 350.1 355.8 359.1 361.5 361.4 359.6 357.3 353.8 349.1 345.8 341.5 337.1 331.8 326.3 319.5 314.1 307.8 300.3 283.9 265.9 267 272.3 276.4 276.5 284 291.4 293.6 297.7 301.2 303.4 304.8 305.9 308 309.9 310.7 310.1 313.7 320.2 328 333.8 340.9 346.6 349.8 353.6 355.6 355.5 354.8 354.4 353.8 351.7 349.8 345.4 341.2 335.3 328.8
339.6 341.7 343.6 345.3 346.6 347.7 348.2 348.1 347.9 347.4 346.5 343.4 337.7 328.1 309.7 278.4 271.3 284.9 303.3 316.6 326 336.4 344.5 352.2 358 361.7 364.5 365.4 363.4 361 358.6 354.3 351 346.2 341.8 335.7 329.4 323.1 317.2 311 302.7 281.3 269.4 274.6 277.5 284 288.7 295.4 301.2 306.5 308.6 312.1 314.9 316.4 317.1 317.5 317.8 318.7 319 319.8 329.6 337.1 344.7 352.5 358.1 362.1 366.2 367.1 368.4 368.7 368 366.5 363.4 359.6 355 349.9 344.2 336.5
346.6 348.6 349.7 350.6 351.3 351.4 351.9 351.7 351.4 350.3 348.5 344.5 338.8 330 309.8 284.1 273.9 284.5 299.5 314 326.1 337.2 345.7 353.4 359.6 363.5 366.6 368 367.7 365.1 363.2 360 356.8 351.9 346.8 339.9 333.2 326.9 320.4 314.7 305.6 284.5 272.6 273.1 278.3 285.4 293.1 305 309.7 315.6 320.6 323 323.9 324.2 324.8 325.8 326.1 327.3 327.9 328.6 336.6 344.2 350.8 360.3 366.9 370.5 374 376.9 378.1 377 375.8 373.8 370.2 366.5 361.6 355.4 348.9 340.8
354.9 356.4 356.8 357.4 356.7 356.7 356.2 355.4 354 352.1 348.5 344.1 337.6 328.8 309.6 287.5 273.8 285.3 298.8 312.7 327.5 339 348.1 356.1 361.7 365.7 369.2 371.1 372.1 370.4 368.5 365.7 362.8 358 352.9 345.6 337 330.6 324 317.4 306.3 294.9 279.6 275.1 275.7 278.9 290.5 307.2 318.9 324.7 328.9 328.6 331.2 331.5 331.8 333.2 334 334.9 335.4 334.9 343.7 349.5 356.6 365.3 371 376.5 380.1 382.7 383.8 383.2 380.8 378.3 374.4 370.2 365.8 359.2 352.1 344.3
362.4 364.5 364.5 363.1 361.8 361.4 359.7 358.4 357 354.5 350.1 345.6 338.5 328.9 311.6 292 277 283.6 299.5 314.4 329.6 343.8 352.7 359.4 364.8 368.9 372 374.7 376.4 375.2 374.2 372.1 369.8 365.5 359.4 350.5 342.1 332.3 323.8 317 305.2 294.7 278.1 276.9 278.7 279 283.5 307.5 323.2 332.9 335.9 339.7 340.1 339.2 339.5 340.1 340.8 342.3 343.5 345.7 351.1 356.5 362.6 369.8 375.4 380.2 384.9 387.5 388.4 388.3 388 383.8 379.6 374 368.6 362.7 355.3 347.2
370.3 370.7 369.8 368.2 366.5 365.4 363 362.5 360.5 357.7 353.1 348.4 342.5 334.5 323.3 298.9 279.6 282.8 298.2 315.3 334.1 348.9 358.1 364.2 367.5 371.3 374.5 378 381.3 382 381.7 380 374.5 370.2 362.8 351.6 343.2 332.9 322.6 308.7 298.5 286.6 280.9 281.9 281.6 284.1 287.4 307.9 327 337.8 343.9 345.9 345.9 345.3 345.9 347 348.7 350.3 351.9 354.4 358 362.3 368.3 374.7 379.6 386.1 389.8 392.8 394.9 394.2 392.2 389.3 384.8 378.9 371.6 365.2 358.5 350.1
375.8 375.9 374.7 373.4 371.6 369.9 368 366.8 364.4 361.1 356.7 351.9 346.1 338.7 328 302.8 281.3 282.8 299.3 314.5 334.5 351.4 361.2 367.1 370.4 373.8 377.3 381.1 384.6 386.2 385.9 383.9 377.2 371 362.9 352.9 342 332.7 317.6 304.4 305 293 281.3 280.5 283.8 284.4 285.3 310.6 328.1 341.6 347.4 350.4 351.2 351.6 352.6 354.5 356.3 358.4 360.2 362.6 365.7 369.2 374.3 379.8 385.2 391.2 395.6 398.2 399.2 399 397.4 393.5 388.9 384.1 377.2 370.7 362.7 354.4
381.4 381.1 380 378.5 376.8 375 372.9 370.8 367.7 364 358.9 354.2 348.5 341.4 328.4 294.6 286.1 287.4 301.4 317 334.6 351.4 361.1 368.7 372.2 375.6 379.1 383.8 386.6 387.6 385.6 382.3 376.9 368.9 361.4 351.2 340.8 329.4 321.8 317.3 315.5 309.7 297.6 287.2 288.8 289.7 287.5 314.8 329.6 342.8 350.3 355 357.2 358.5 360.9 361.9 363.3 365.2 367.3 370.1 373.3 377.2 382.3 386.7 391.8 397.4 400 402.2 403 403 401.1 398 393.6 389.3 382.8 375.3 366.2 358
