app/static/ascii/SX73.asc
ncols 200
nrows 200
xllcorner 270000
yllcorner 30000
cellsize 50
[rows 0 to 37 of 200, columns 0 to 83 of 200]
106.5 101.3 97.5 94.3 89.5 85.4 83.8 83 83 84.7 85.9 84.6 85.6 88.9 93.2 97.6 100 100.1 99.4 95.4 92 87.3 82.7 78.4 74.4 71.3 68.5 66.7 67.1 69.3 70.2 69.7 68.8 69.8 72.6 76 78.6 81 82.7 83 81 78.3 75.7 72.6 70.1 69.1 71.6 75.3 76.6 74 69.5 62.6 58.3 54.4 50.4 48.8 47 46.5 45.2 44.2 41.9 39 36.8 34.5 33.9 34.1 36.5 41.2 44.3 45.9 43.7 38.1 30.6 25.5 31.3 37.5 40.3 42 41.5 38.1 33.1 28.6 28.5 35.5
112 108.2 106.9 104 100.4 97.8 96.2 94.8 95.5 95.6 95.2 94.3 94.1 96.1 98.6 101 102.8 104.2 104.3 102.2 99 95.6 91.2 86.9 82.7 79.4 77 75.9 76.9 78.9 78.8 78.6 78 77.6 79.3 79.5 81.3 82 84.7 86 85.5 83.6 81.2 79.6 77.2 75.7 79.4 81.3 79 74.1 68 61.6 57.3 49 44.5 38.8 36.6 35.4 35.7 36.1 35.1 33.1 30.7 28.3 27.6 26.8 29.2 35.7 38.4 41.6 41.5 36.4 27.7 19.3 19.6 26.5 31.6 35.1 35.6 33.4 28.1 20.3 21.5 30.9
114.3 114 113.2 112.3 110.6 109.5 107.6 106.7 107.4 106.3 106.3 105.3 103.9 104.1 104.6 105.6 106.4 107.4 108.8 107.5 106.2 102.8 100.2 96.8 93.3 90.9 89.3 88.7 88.5 87.7 87.6 86.7 85.1 83.4 84.9 83.2 78.5 79.6 85.1 88.4 89.2 89 87.8 86.3 86.6 86.8 88.3 87.2 84.2 80.5 75.6 70.2 64.4 56.5 48.3 42 36 30.4 26.7 26 26.2 25.8 23.1 21.8 19.9 18.1 26.2 30.4 30.7 35.3 37 34.4 27.7 19.5 10.6 13.6 22.6 28.9 30.5 28.9 23.4 14.8 16 26.9
114.4 115.6 116.1 115.6 113.8 113.6 113.3 112.8 113.8 113.8 113.4 113.6 112.3 110.9 109.7 108.2 108.3 109 110.8 110.1 109.4 108.6 107.1 105.4 103.6 102.5 101.3 99 94.7 94.1 91.8 90.7 89.2 87 85.2 80.7 69.5 66.5 79 84.8 87.7 88.4 89.9 90.6 90.1 92 92.3 91.4 89.9 87.4 84.9 80.7 72.9 67.2 59.4 52.1 46.2 40.2 34.7 27.6 21.9 17.3 13.6 13.5 11.2 11.1 17 19.6 20.8 26.8 30.3 29.9 27.1 21.5 11.9 4.2 13.7 21.1 22.9 23.6 17.3 8 13.8 24.3
113.7 115.3 115.9 116.5 116 115.9 115.1 114.3 113.7 113.4 112.9 112.1 112.4 111.3 110.1 108.5 108.1 109 109.2 110.2 110 111.3 110.7 109.6 108.9 107.1 103.5 99.9 96.6 93 90.6 87.4 84.6 80.3 81 75.6 62.3 58.4 65.3 76.8 83.6 86.4 87.9 88.2 89 90.1 92.7 93.7 94 92.8 90.9 87.1 81.1 75.8 70.1 63.6 60.1 54 46.4 38.5 28.5 19.3 18.7 18.9 17.8 14.5 9.6 9.5 8.7 13.7 20.7 21.6 21.2 19.3 13.7 1.7 1.7 12.3 14.6 17.6 4.8 7.8 16.9 30.5
111.7 113.8 115.2 116.3 114.6 112.6 111.2 110.7 110.2 110.2 110.8 110.7 110 109.2 106.9 104.9 103.4 103.8 103.2 105.8 110.3 110.9 111.7 111 110.2 108.1 103.6 97.2 91.1 87.1 82.3 76.8 71.2 70 71.7 70 59.9 51.1 53.7 63.4 77.3 80.2 81.2 82.1 83.3 86.2 89.6 93.1 94.8 94.7 94.1 91.4 87.6 82.9 78.2 72.7 66.4 55.9 45.4 32.8 25.9 24.3 25.3 30.2 30 24.3 19 13.3 6.3 3.6 2.7 9.7 10.2 10.1 4.5 1.6 1.7 1.7 8.6 10.7 1.7 10.3 23.6 32.8
107.1 109.9 112.9 113.8 112.3 109.7 106.6 103 102.8 102.7 104.7 105.7 105.4 103.4 100.2 97.9 96.3 93.8 94.7 104.3 108.4 109.6 110.6 110.7 110.4 108.5 104.5 97 89.3 81.5 73 66.8 61.9 58.6 57.2 54.2 49.5 47.9 45.2 50.6 66.3 69.7 66 62.2 65.4 73.6 83.8 89.8 91.1 92.4 92.5 92.7 91.5 88.7 83.8 76.8 66.9 56.4 41.3 31.5 33.2 35.7 40.4 43.5 43.3 37.8 30.6 25.1 21.3 12.7 3.5 1.6 1.7 1.7 1.7 1.7 1.7 1.7 1.7 1.6 1.7 1.6 14.5 27.5
104 107.8 110.6 110.6 109.1 104.8 102.3 98.6 95.5 94.7 95.6 97.4 97.7 95.1 90.9 89.8 89.2 88 94.9 103.5 107.4 108.8 108.9 109.2 109.1 108.1 106.1 100.8 91.8 84.2 76.3 70.5 65 59.7 55.5 51.8 49.3 45.9 40.9 41.8 57 56.3 48.7 51 56.7 67.1 80.9 85.4 84.2 85.6 89.1 91 92.3 90.7 86.9 80.4 71 56.1 42.8 42.6 46.1 50.3 56 57.8 56.2 49.8 41.4 31.5 25.8 17.5 10.2 4.9 8.2 7.9 7.5 4.2 2.3 1.7 1.6 1.7 1.7 1.7 1.1 10.2
101 105.8 109.1 110.7 108.6 105.4 99.7 93.9 89.5 87.1 84.9 86.3 88.5 85.3 81.4 84.1 82.6 84.6 95.3 102.8 106.1 106.4 106.3 106.3 106.6 106.4 105.6 102.6 95.2 90.1 86.6 83.1 77.2 70.7 66.7 63.4 61.2 58.9 48.4 37.5 46.9 47.6 40.4 52.2 61.5 73.3 82.2 80.3 71.4 70.4 80.2 86.8 88.1 87.8 85.7 82 74.3 64.1 50 53.9 60.9 65.8 68.6 68.2 62.5 53.6 42.9 30.7 22.2 17 13.9 12.8 17.2 20.6 21.6 18.8 13.3 9.4 7 2.6 1.6 0.5 -0.3 1
98.6 102.7 106.8 108.9 110.1 109.1 105 97.2 90.5 85.2 82.9 79.8 77.8 77.4 77.2 78.1 77.1 82.1 94.5 101 104.2 103.9 102.5 102 102.5 103.8 103.9 103.6 101.7 98.8 96.4 93.8 90.2 86.5 82.1 78.5 74.8 67.6 55.4 41.8 33.8 35.1 34.4 46.2 62.1 74.8 79.1 74.7 62.4 63.1 77 80.8 80.5 81.4 82.3 82.3 80.5 76.4 65.1 66.4 75.3 78.1 77.9 74.2 66.3 54.8 43.2 32.4 25.4 25.3 26.2 25.5 29.6 32.7 33.3 32.2 26.6 21 14.8 7.9 3 0.4 -1.6 0.1
97.2 100.5 104.3 106.6 108.2 109 107.2 104.3 99.8 95.2 90 82.7 78.7 75.6 73.1 73.8 75.1 81.2 92.1 97.6 99.1 100.1 99 96.6 96.8 98.4 102.4 103.4 103.5 103.4 101 99.3 97 94.1 91.4 87.1 83.3 76.4 65 53.2 42 33.9 28.4 31.3 51.1 68.6 73.1 66.7 54.7 61.4 69.8 69.9 69.9 71.8 76.8 81.4 84.5 84 78.7 79 84.6 85.3 83.9 80.5 73.7 62.3 49.3 39.4 37.5 37.9 42.8 46.4 45.4 45.6 44.7 42.8 39.3 32.2 23.1 12.7 2.9 1.3 -1.6 -1.6
95.6 98.5 101.7 103.7 105.6 107.1 105.4 102.5 99.6 96.6 92.2 86.8 80.6 76.7 71.9 70.4 73.2 80.7 89.1 92.9 93.6 93.5 93.1 91.1 94.5 99.2 102.2 103.7 103.8 103.5 102.2 98.1 93.8 90.5 88 83.7 80.6 78.8 72.1 63.9 56 47.9 34.1 26.7 40.8 59.4 66.2 58 48.4 58.5 62.9 60.5 58.9 63.5 72.5 81.8 88 88.9 87.6 87.4 86.8 86.3 85.2 82.9 78.6 72.5 63.8 57 56.6 58.3 58.8 57.8 55.6 53.2 49.8 45.7 41.2 35.5 25.9 12.3 2.9 2.1 -1.6 -1.6
99 99.5 100.6 102.8 104.5 102.6 100.1 96.8 93.5 88.8 86.3 82.7 77.3 73.6 70.8 68.1 70.6 80.3 87 88.7 87.7 85.6 83.6 89.5 97.4 101.2 103.8 104 103.4 103.5 102.7 98.4 93.2 85.8 77.4 72.1 67.9 64.3 60 52.3 48.5 45.6 35.5 25 30.3 46.5 59.7 49.5 41.9 53.7 54.9 51.8 55.1 65.1 76.3 85.2 88.3 89 88.6 87 84.5 82.2 81.1 81.7 81.1 79.8 76.5 73.9 70.4 67.4 63.6 58.9 54 48.7 46 40.4 34.8 28.3 17.8 4.2 2.3 1.7 -1.6 -1.6
102.6 102 102.9 104 104.3 104.2 101.7 97.7 94.3 89.8 86.3 85 81.4 78.1 72.8 68.8 67 75.8 83.3 84.1 80.9 79.7 84.7 91.5 96.2 98.7 100.5 100.6 101.4 101.9 100.6 97.8 94.2 87.7 79 67.7 59.6 52.1 45.8 41.7 37.4 33.8 31.9 26.8 23.8 36.6 50.1 38.5 38.7 46.7 45.9 46.4 54.3 64.9 76.3 83.3 84.5 84 84.4 82.8 78.6 75.6 75 78.1 81.8 83.8 81.4 78.5 73.5 67 61.2 50.2 40.2 33.6 37.5 29 20.4 11.2 3.7 1.8 1.7 1.7 1.6 -1.6
104.5 104.4 105.5 106 105.9 105.7 104.8 101.3 98.2 98.3 94.5 92.3 89.5 86.5 78.9 70.4 65.8 68 77.1 78.5 75.4 81.6 86.4 90.6 92.4 94 94.4 96.1 98.8 99.4 97.7 94.1 90.4 87 82.3 74.3 67 54.7 52.9 52.1 47.2 44.7 44.1 37.5 23.7 30 36.1 30.9 34 39.1 42.2 50.3 58.4 69.6 76.2 79.7 76.9 76.2 78.4 76.7 72.3 67.9 67.4 73.6 80 82.6 81.6 77.7 72.5 61.5 52.6 40.2 29.6 24.7 21.4 15.5 8.1 3.1 1.7 3.2 2.7 3.3 2.5 -1.6
105.3 106.3 106.4 106.6 106.2 105.5 103.5 101.1 98.4 98.1 98.7 99.7 96.9 92.6 86.1 76.5 67.1 63.5 68.3 70.6 72.3 77.2 82.4 85.4 87 86.6 88.1 93.5 96.6 95.6 93.4 87.7 83.5 78.7 78 72.7 62.4 64 70.7 66.2 61.5 58.5 56.6 48.7 30.1 22 26.3 30.1 38.2 42.5 49.5 59.8 70.7 74.8 75.9 73.9 67.4 68.6 71.8 69.2 64.4 60.3 66.4 73.5 79.1 83 81.1 74.5 71 64 54.7 43.9 30.8 22.1 14.4 11 7.1 7 8.3 13.6 15.3 9.2 6.3 -1.6
105.5 106.5 106.7 106.4 105.7 103.9 101 98 95.2 95.1 96.1 98 99.3 97.4 91.3 81.4 69.7 64.4 63.7 67 68.5 73.8 77.3 78.9 79.1 83.4 90.5 97.4 96.8 95.3 93.5 90.1 86 78.6 73.3 70.4 70.3 79 79.4 74.8 68.8 62.4 57.5 50.6 35.5 21.1 26.2 37.3 44.8 51.1 59 66.3 70.4 72.9 72.8 69.3 62.1 58.2 63.5 58.7 55 63.5 72.5 78.9 84.5 85.7 82 76.5 73.4 62.9 49.3 37.9 30.5 25.7 21.2 16.3 12.3 12.9 16.1 18.2 16.7 11.1 1.6 -1.6
106.1 107 107.4 106.6 105.2 104.2 101.8 98.7 94.5 91.7 91.6 93 93.5 92 88.8 83.9 74.1 65.6 61.5 63.2 64.9 69.2 71.2 73.6 79.9 88.3 95.6 98.7 98.9 98.5 97.2 94.5 91.4 88.1 84 80.2 80.3 82.7 80.7 75.1 68.7 59.1 50.7 44 32.8 21 19.9 22.2 32.9 44.5 58.3 64.6 67.2 69.8 71 68.5 63.2 53.9 50.1 47 57.5 70.1 78.9 86.6 89.4 88.7 88.5 86.2 80.3 66.1 47.8 39 35.3 34.3 31.2 32.4 32.9 31.3 27 22.3 9.8 3.4 -1.6 -1.6
108.5 109.2 109.2 108.6 107 105.5 103.9 101.3 98.1 91.5 87.1 88.9 87.5 84.2 79.8 76 72.1 64.8 61 60.9 62.7 66.8 70 74.8 81.7 88.8 95.7 99.3 101.5 102.3 100.8 98.5 96.2 94.5 92.9 90.5 87.6 83.9 79 72.4 64.1 53.4 42.3 36.6 31.1 28.8 25.2 17.1 18.5 38.5 52 58.4 62.3 66.4 69.2 67.1 63.4 54 40.9 47.8 59.7 67.4 76.1 81.3 83.9 86.3 86.1 84.1 78.2 66 57.2 54 53.8 49.9 48 46 44.7 35.4 23.9 10.2 3.8 2.2 -1.6 -1.6
111.3 112.2 111.5 110.6 109.2 107.1 105.1 101.8 97.3 90.8 84.6 81.8 79.7 74.6 70.3 68.3 67 65.7 63.1 59.9 59.9 66.6 71.3 77.2 82.1 87.6 93.2 98.7 102.8 103.1 101.6 100.6 99.9 99 97 94 89.9 84.6 78.5 72.8 65.4 57.6 50 46.8 44.9 44.3 40.1 22.4 15.4 29.4 37.5 45.6 55.1 60.5 62.8 61 59 52.6 36.9 41.9 55.8 63 69.4 72.4 77.7 80.3 81.6 79.4 74.8 68.8 66.5 70.3 69.4 66.2 62.7 58.4 49.5 37.9 19.1 13.1 6.1 3.8 -1.6 -1.6
115 115.4 114.6 113.5 111.8 110.3 107.1 103.9 99.8 95.6 88.4 80.3 76.3 79.6 78.2 77.6 77.4 77.3 70.8 63.6 58.6 58.8 65 77.9 88.2 91 90.7 96.3 98.2 98.7 99.1 98.4 100 100.4 98.2 97.2 93.3 87.9 81.6 76.1 70.7 66.5 62.6 59.1 56.4 51.9 37.2 22.7 14.6 14.6 19.6 28.2 40.4 51.2 53.2 53.2 51.4 48.5 30.5 34.4 47.4 55.2 62.7 68.1 73.6 79.2 81.5 81.6 79.9 78 79.1 78.6 76.2 72 66.5 59.7 47.7 31.4 26.2 21.6 15.5 6.6 2.4 -1.6
119.1 118.5 117.6 116.5 114.8 113.2 110.5 106.2 101.3 95.6 89.2 85.2 81.8 88.6 88.3 86.6 84.2 83 79.9 72 64.3 59.1 57.3 66 80.2 90 90.9 92 92.9 93.6 94.6 96.5 99 102.5 103.9 105.5 104.2 101.2 92 84 80.3 76.7 73.3 69.7 65.9 59 43.8 32.1 23.9 15.8 10.9 15.1 25.3 37 40.3 40.3 40.1 33.1 27.4 37.7 41.8 51.2 56.9 65.4 73.6 79.4 84.1 85 85.5 85 85.9 82.9 80.2 76 68.3 58.8 41.6 38.2 38.8 39 34.4 22.1 -1.6 -1.6
122.7 122.2 121 119.6 118.1 116.4 112 106.9 102.5 100.5 97.4 96.3 90.7 95.3 96.9 95.7 92.9 89.9 86.5 82.2 73.4 65.2 58.7 57.9 65.9 82 85.7 86.5 87.6 87 90.2 94.7 98.2 101.8 105 106.9 110 110.5 107.8 100.7 94.9 88 82.9 78.8 74.3 69.9 63 54.2 45.5 31.8 13.3 8.9 14.8 28 22.5 18.9 21.2 25.3 34.9 44.9 51.7 57.7 62.4 66.7 74.7 80.5 87.9 89.1 89.6 86.8 88.1 87.1 84 78.3 69.8 62.6 54.4 52.1 51.2 44.8 37.7 22.2 -1.6 -1.6
125.6 124.8 123.7 122.3 120.8 118.4 114.6 111.3 109.4 107.5 105.5 101.7 94.6 101.4 103.8 103.2 100 96.6 92.9 87.8 80.1 72.8 64.5 55.5 56.1 68.4 79.1 80.4 82.3 80.9 88.9 92.9 95.9 98.6 101.4 104.7 106.9 109.2 109.2 108.2 108.7 102.8 97.5 88.8 81.7 78 75.2 66.9 57.7 46.3 26.9 11.8 8 11.4 12.2 20.6 27.2 33.7 43.8 54.6 63.5 68.3 69.8 72.8 78.7 85.4 92.5 95 95.7 94.8 93.4 91.3 87.4 81.8 76.9 70.2 63.9 59.1 48.6 35.9 20.9 -1.6 -1.6 -1.6
126.6 126.1 125.4 124.1 122.8 120.6 118.1 116.7 115.6 112.8 108.9 104.1 105.1 108.3 108.9 106 102.9 98.9 95.5 91.3 84.2 77.4 70.1 61.6 53.7 55.4 66.3 73.5 76.7 74.9 85.2 89.3 92.8 95.6 99.2 102.3 104.8 105.8 105.5 103.2 99.3 94.9 89.1 83.2 79.9 74 69 67.9 66.2 51.8 33.3 14.1 7.7 11.9 20.7 30.8 37.8 48.3 57 66.2 73.1 79.7 81.7 83.6 87.6 95.3 98.8 102 102.6 101.4 97.8 95.1 90.8 85.1 79.8 74.1 68.7 57.7 37.2 20 5.1 -1.6 -1.6 -1.6
126.8 126.9 126.6 125.6 124.4 123.3 121.2 119.9 119.1 117.2 112.5 110.5 114.4 115.4 112.7 108.9 104.8 101.2 97.8 93.1 87.2 80.5 72.4 64.6 59.3 51 52.9 60.6 69.2 69.2 78.6 82.8 88.2 93.2 96.7 99.4 101.9 103.2 103.7 101.6 97.5 93.1 86.3 79.9 71.7 63.6 52.2 54.1 52.4 42.8 32.8 18.3 7.7 15.2 28.1 39.5 46.4 57.3 67.7 77.7 86.7 95.7 96.7 97.8 100.5 103.6 106.3 107.8 108 106.5 102.9 98.8 94.1 87.7 82.3 74.1 68.8 45.3 24.4 -1.6 -1.6 -1.6 -1.6 -1.6
126.9 127.1 127.3 126.9 125.7 125.4 124.2 123 122.1 120.2 117 116.6 118.7 118.9 117.1 113.7 108.1 104.1 99.1 93.6 87.1 78.8 69.4 61.7 57.7 54.8 51.1 49.8 55 62.6 68.7 76.8 83.7 88.4 92.3 95.4 97.8 99 100.7 103.3 100.3 93.9 88.1 79.7 71 59.7 44 35.9 35.1 29.5 20.7 8.9 6.7 12.1 29.9 44.9 56.1 71.2 82.9 90 98.5 103 107.2 110.4 111.2 110.4 112.4 113.7 113 109.8 107.2 102.6 94.5 88.6 81.7 69.9 50.9 32.8 14.5 -1.6 -1.6 -1.6 -1.6 -1.6
126.5 127.2 127.4 127.7 127.2 127.3 126.6 126.1 125.1 123.1 121.2 120.9 121.7 121.8 120.7 117.2 111.9 105.9 99.9 92.8 86.1 73.5 63.6 61.3 61.9 63.5 60.2 49.5 50.8 53.9 57.8 69.3 79.1 82.9 87.3 90 92.5 95.3 97.1 100.7 101.8 98.9 93.3 83.2 72.1 60.7 44.5 31.4 24.7 18.6 15.6 12.8 8.3 6.6 12.3 28.1 41.6 55.4 70.9 84 94.6 101 107.4 112.2 114 115.4 117.4 114.2 113.9 110.9 106.3 97.9 88.3 79.2 73.2 58.2 34 19 -1.6 -1.6 -1.6 -1.6 -1.6 -1.6
125.6 126 126.9 127.7 127.8 127.8 127.5 127.3 127.2 126.2 124.8 124 124 124.1 122.7 119.1 113.9 106.2 98.3 88.9 79.4 69.2 69.5 70.7 72.2 73.1 66.6 55.6 48.7 49 49.7 54.4 64.1 74.5 80 83.8 87 89.9 93.4 95.8 97.5 95.7 91.2 84.4 72.9 58.2 42.8 37 31.9 29.4 26 19.9 12.3 5.6 4.3 13.6 28.4 40.3 53 68.8 81.4 93.1 99.6 107.4 112.1 114 114 112.5 110.1 105 96.5 83 69.3 59.3 51.5 35.2 -1.6 -1.6 -1.6 -1.6 -1.6 -1.6 -1.6 -1.6
123.7 124.8 125.3 125.8 126.6 127.6 127.8 127.7 127.6 127.6 126.7 125.7 124.8 124 122.4 119.2 113.1 106.2 96.8 83.7 75.3 75.2 79 83.6 83 81.2 74.5 61.6 53.5 50.7 47.4 46.7 50.8 60 71.5 76.6 80.1 83.8 88.9 94.8 98.3 95.2 90.8 84.1 74.5 60.4 53.2 53.3 49.1 42.6 39.1 33.4 20.9 12 6 3.1 14.5 28.3 38.1 49 62.5 76 87.7 94.8 102 105.3 107.7 107.5 103.6 95.5 80 63.6 51.6 39.9 27 -1.6 -1.6 -1.6 -1.6 -1.6 -1.6 -1.6 -1.6 -1.6
119.9 121 122 123.9 124.6 126 126.9 127.6 127.4 127.4 127.7 126.7 125.4 123.2 120 115 110.3 100.8 90.7 81.7 81.7 84.4 90.4 95.9 94.2 87.2 80 72.1 63.4 61.4 53.2 46.4 45.1 49 58.5 65.1 71.5 78.3 84.7 91.9 95.3 95.9 92.7 88.6 82.1 74.6 69.9 67.3 62.2 55.6 51.9 50.9 38.5 22.5 9.8 3.7 4.1 17 24.2 33.6 42 54.5 65.6 76 86.3 92.6 96.7 96.9 92.1 79 60.2 49.6 37.1 25.5 -1.6 -1.6 -1.6 -1.6 -1.6 -1.6 -1.6 -1.6 -1.6 2.4
111.6 113.2 116.7 120.7 122.9 124.5 125.5 126.3 127 127.2 127.8 127.6 126.3 123.6 117.6 111.1 100.1 97.5 93.9 91.3 92 94 100.5 104 102.5 93.9 85.7 79 73 69 63 52.8 48.6 43.6 46.6 55.8 63.8 71.3 79.6 86.9 92 96.3 96.6 92.3 87.5 82.8 79.6 78.9 75.3 70.1 66.8 63.7 57.2 37.7 17.3 7 3.8 4.3 10.6 18.8 31 40.4 47.7 59.3 71.7 78.4 84.8 85.5 75.9 57.4 42.9 33.1 25.9 18.3 -1.6 -1.6 -1.6 -1.6 -1.6 -1.6 -1.6 -1.6 0.6 8.8
110 101.4 109.1 115.5 120.9 121.9 121.9 123.3 125.4 126.5 127.1 127.5 127 124.7 118.9 112.9 106.3 104.9 104.9 103.9 106.2 108.6 112.7 111.1 107.5 101.6 93.5 86.1 80.4 76.1 70.8 63.5 55.5 48.1 42.2 44.9 56 61.7 70.2 79.8 86.5 92.7 98.1 96.7 91.4 87.8 86.5 86.4 86.4 85 81.2 79.4 69.8 52.2 28.6 13.8 4.3 4.4 4.5 9.1 17.8 28.6 38.5 51.2 61.6 70.1 76.4 75 62.6 46.4 33 23.2 0.4 0.3 -1.6 -1.6 -1.6 -1.6 -1.6 -1.6 -1.6 -1.6 1.3 17
99.4 96.1 102.6 104.7 109.9 113.5 116.7 120.2 122.3 124.4 125.9 127 127.6 125.9 121.8 116.1 114.2 115.5 115.4 114.5 116.1 117.4 117.7 114.8 111.1 104.6 97.7 92.6 86.4 80.7 75.3 68.5 56.9 48 43.6 41.6 43 49.7 60.1 71.7 78.2 84.8 92.2 93.9 94.2 92 91.8 92.4 93 91.7 91.4 87.7 79.2 63.3 39.9 24.6 10.7 4.5 4.1 4.1 8.3 17.6 28.7 40.5 50.5 63.8 74.5 70.7 56.6 35.5 20.2 -1.6 -1.6 -1.6 -1.6 -1.6 -1.6 -1.6 -1.6 -1.6 -1.6 -1.6 8.4 24.6
90.7 90.1 94.7 96.6 99.3 103.7 109 114.5 118.2 122 125.3 126.7 127.7 127.1 124.4 122 121.8 121.5 122.2 123.1 122.4 121.7 119.9 115.8 110.6 105.2 98.2 91.9 86.1 81.5 74.2 64.2 58.2 54.4 50.2 46.4 41.8 41.2 47.6 60.1 67.8 73.3 82.6 88.6 92.5 94.3 94.7 95.3 95.3 93.8 91.8 88 80.8 69.7 51.2 34.7 21.3 8.4 4.6 3.2 3.8 8.9 22.3 35.2 48.3 61.1 71.4 65.7 47 24 -1.6 -1.6 -1.6 -1.6 -1.6 -1.6 -1.6 -1.6 -1.6 -1.6 -1.6 1.7 15.9 32.1
82.8 83.6 88.7 91.8 94.8 98.5 103.7 109.7 116.6 121.2 125.1 126.7 127.7 128.1 127.4 126.2 126.3 127.1 127.5 127.5 127.3 125.3 122 116.8 110 102.1 95.9 91.9 86.9 79.9 74.9 70.2 68.5 66.7 59.8 55.2 51.2 41.8 38 41 45 54.8 69.4 82.3 88.4 91.9 94.4 95.1 95 93.5 91.6 89.5 84.2 75.8 64.7 47.8 31.9 17.5 4.9 3.2 3.7 3.9 7.6 32.4 45 56.3 63.2 59.4 34.7 -1.6 -1.6 -1.6 -1.6 -1.6 -1.6 -1.6 -1.6 -1.6 -1.6 -1.6 0.1 1.7 12.6 29
76.6 80.8 84.9 89.6 95.1 101.5 106.9 111.9 117.9 122.1 125.3 127.1 128 128.7 128.8 128.3 129.1 129.2 129.2 128.8 128.4 126.7 123.5 117.8 111.5 106 100.7 95 89.2 85.5 81.7 78.9 77.1 73.8 70.6 65.1 59.5 51.6 44.8 40.9 35.4 38.7 52.2 67.6 80.7 87.6 91.4 94 94.2 94 92.1 90.2 85.8 79.2 72.5 63.8 44.6 28.8 12.2 4.3 2.1 1.6 1.7 1.7 29.6 43 46.8 44 24.3 -1.6 -1.6 -1.6 -1.6 -1.6 -1.6 -1.6 -1.6 -1.6 -1.6 0.2 1.3 1.7 5.2 14.1
77.3 83.1 89.8 94.5 101 108.9 114.1 117.8 120.1 123.2 125.5 126.9 128.2 128.6 128.9 129.3 129.5 129.5 129.5 129.1 128.8 127.1 125.8 122.8 120 115.5 109.3 100.7 94.1 90.7 87.8 86.4 84.4 81.5 80.4 76.3 70.2 61.2 52.9 49.5 43.5 36.2 36.4 52.5 66.3 78.5 87.6 92.7 93.7 94.8 93.1 91.1 87.3 82.1 76.5 70.6 59.9 43.1 29.9 16 1.7 1.7 0.9 0.9 9.6 26.8 32.3 26.1 1.5 -1.6 -1.6 -1.6 -1.6 -1.6 -1.6 -1.6 -1.6 -1.6 -1.6 4 8.7 1.7 4.1 7.2
