app/static/ascii/SX74.asc
ncols 200
nrows 200
xllcorner 270000
yllcorner 40000
cellsize 50
[rows 0 to 37 of 200, columns 0 to 84 of 200]
108.9 111 108.9 105.7 101.4 98.3 94.7 92.3 91.4 91.7 91.4 91.6 89.1 85.2 77.6 57.2 49.8 56.2 65.1 74 80.8 85 87.9 88.4 87.1 74.5 63.1 83 92 96.3 98.3 101.6 101.7 102.8 104.4 107.3 112.5 115.8 118.9 121.9 123.7 124.4 123.3 121.4 119 114.8 108.9 97.4 89.9 88.3 88.3 92.7 96.7 98.6 99.4 96.4 90.5 83.3 75.6 66.4 58.7 48 35 26.8 22.9 21.6 31.6 52.9 69.3 84.4 94.5 98.5 98.9 96.1 93.5 93.9 95.9 99 102.2 106.3 109 110.5 110.8 110.5 105.4
101.9 105.1 106.8 106.4 98.1 93.5 87.5 81.7 78.7 78.5 80.1 81.3 80.6 78 73.8 63.5 48.4 55 65.2 74.1 77 77.5 77.3 77.1 74 67.7 65.3 81.6 86.4 87 89.8 90.9 92.4 94.9 98.7 104.2 110.7 116.8 120.4 123.1 124.2 122.6 120.1 118.1 115.7 112.7 107.8 99.2 87.7 78.2 72.3 76 84.3 92.7 96.3 95.4 91 84 74.7 65 54.8 46.3 42.4 35.3 22.5 21.7 33 56.2 71.8 80.9 84.5 87.6 89.9 86.9 84.3 83.2 87.6 90.8 96.5 101.5 104 105 105.5 106 103.4
99 103 106.4 105.5 104.7 97.9 89.8 83.3 77.3 71 68.1 67.8 66.7 65.4 61.6 55.7 48.1 50.4 66 73.2 74.6 73.7 71 67 64.6 60.6 61 67.6 72.5 76.9 79.4 82.2 84.9 91.2 98.2 105.7 112.4 118.5 122.2 123.8 122.9 120.4 116.8 114.1 111.6 110.8 109.2 103.7 95.3 85.1 73.8 64.2 69 83.7 93 93.5 90.8 85.5 77.2 66.2 54.4 45.7 41.1 37.5 22.3 21.1 34.4 50.9 59.3 60.5 62.7 67.3 71.2 71.1 71.3 73.7 77.8 81.3 86.1 91.3 94.7 97.3 99.3 101.8 99.1
98.6 103.4 107.4 109.9 112.6 110.3 103.3 93.4 83.1 75.4 69.7 64.7 60 57.7 54.6 51.4 47.4 47.2 60.2 68.9 70.4 69.6 65.1 63 60.3 56.5 58.9 61.7 67.1 72.6 73.8 80 86.3 95.6 105.6 113.5 119.6 123 123.6 122.7 120.1 115.4 111 105.2 102.8 103.6 105 105.8 101.3 93.3 81.5 66.6 57.2 69.3 85 87.2 83.8 79.5 71.1 59.7 48.1 39.5 33.2 29 20.3 20.8 27.9 36.2 38 38.9 43.7 46.7 51.5 54.7 57.3 61.3 63.5 65 70.3 78.3 85.1 89 94.3 99.6 98.1
102.6 108 113.8 116.8 119.1 116.6 111 102.9 96.4 88.8 78.7 72.4 67.6 65.2 63.6 59 49.9 45.6 52.1 64 66.1 65.6 62.4 58.7 55.8 54.8 57.6 61.5 67 72 78.1 90.1 99.8 105.9 111.3 116.1 119.4 121.3 121 118.4 115.4 109.5 101.6 92 89.7 95.1 99.5 100.3 100.2 97.3 91 71.2 51.1 59.4 69.5 72.3 71.8 67.6 59.5 48 36.8 29.9 24.5 21.5 20.8 21.4 25 28 33.2 38.1 41 43.3 45.3 48 51.1 54.1 56.8 61.5 66.7 70.4 76.8 85.1 94 99.3 100.1
112.7 117.9 122.3 122.2 122.8 120.8 117.6 113.7 109.8 104.4 97.9 90.7 84.9 80.8 72.5 65.7 54.1 45.5 48.2 59 60.5 59.5 58.7 55.4 53.6 54 57.5 61.9 66.7 74.5 84 92.8 97.5 103.3 108.4 112.5 116.4 117.8 116.5 114 109.2 102.9 94.4 85.5 82.9 86 88.5 91.1 90 88 83.1 72.7 48.9 50.8 59.3 55.6 54.5 52 43 34.1 25.2 20.6 20.7 19.6 20.5 20.4 25.2 32.1 38.8 43.6 46.2 48.4 51 53.4 55.6 58.7 61.7 65.8 67.1 72.1 77 86.4 94.4 100.8 101.5
121 123.7 126.1 126.5 125.8 123.3 120.6 117.3 113.6 108.5 103.3 96.2 90.2 86 81.6 73.4 59.1 46.8 45.4 51.4 51.7 49.6 49.5 51.4 52 55.1 57.8 62.6 67 72.6 77.7 84 90.1 95.7 100.8 106 112.2 114.4 114 110.8 105 98.6 90.7 81.9 74.6 74.2 74 76 76.2 75.2 70.5 61.7 46.7 40 42.5 39.1 35 31.9 25.7 20.8 20.8 20 19.8 19.5 20.5 18.8 30.4 39.6 47.2 51.3 54 56 60.1 62.5 65.5 68.2 71.2 76.8 79.4 79 84.3 89.9 96.4 101.8 103.5
124.6 126.9 128.8 128.1 126.4 123.5 120.5 117.3 113 107.3 101.7 92.4 86.9 82.3 78.2 73.8 58.6 46.7 44.3 45.7 47.6 49.4 51.7 53.4 56.5 57.1 59 60.3 65.9 69.9 74.7 79.1 84 89.9 96.7 102.1 108.4 111.3 111.1 108.3 102.4 95.4 87.5 78.4 69.9 65.1 63.6 62.9 62.1 58.6 54.7 46.8 40.8 33.9 28.9 27.7 25 23.3 22.2 20.6 20.4 20.1 19.5 18.4 23.5 33.1 40.3 48.5 55.9 60 62.7 66.2 72.4 77.1 80.2 81.7 82.8 84.6 86.9 85.7 87.4 94.7 99.7 103.1 105.3
125.6 127.2 127.9 127.5 125.3 122.7 119.2 115.3 109.4 102.9 95.8 86.9 80.4 74.3 68.4 65 55.9 43.9 50.5 58.8 62 59 58.4 59.4 61 63.1 63.7 63.7 65 66.5 71.9 76.4 81.7 87.1 93.7 99.3 104.8 108.2 108.1 105.2 100.5 92.1 82.9 74 66.1 60.8 57.4 54.5 51.9 47.9 43.7 41.9 41.1 39.7 38 38.1 37.6 31.8 22.6 20.3 20.1 19.7 18.9 24.6 33.8 44.1 54.2 64.1 70.4 73.7 76.1 80.4 85.8 95.2 98.7 93.6 93 94 94.9 97 97.9 100 103.4 106.4 107.5
124.7 125.7 125.3 125 123.3 120.5 116.8 111.3 103.5 97.1 90.9 84.8 79.3 74 65.7 52.8 46.4 43.5 59.9 70.5 79.1 78.2 74.4 71.5 70.5 71.7 71.9 72.4 71.5 71.1 72.4 74.6 78.7 83.8 91 97.5 102.3 105.8 104.5 101.3 95.3 86.9 79.2 72.3 67.5 63 62.5 59.4 57.7 56.8 55.7 55.6 54.3 52 49 49.8 46.8 36.4 21 19.9 18.7 19.4 27.8 34.9 48.3 61.8 74.3 84.8 90.8 93.6 96.9 101.5 107.6 113.1 116.1 115.2 110.4 109.5 111.4 108.4 107.7 107.4 108.8 111.6 112.3
121.5 122.8 122.7 121.6 121 119.3 114.8 110.1 103 96 92.4 88.8 86.2 83.1 69.1 48.5 41.8 55 71.4 81.3 86.1 86.1 85.2 84 82.4 80.8 79.9 78.9 78.8 77.8 77.2 76.9 78.9 83.8 90.2 95.9 101.1 103.9 104.7 101.7 96.4 89.9 85.6 82.7 77.8 74.8 72.5 70.5 69.5 70.9 72 71.4 68.6 64 59.5 56.5 51.8 38.7 19.9 19.8 19 25.9 41.8 55.3 70.5 86.5 99 104.2 104.6 106.7 108.9 111.5 113.8 117.7 121.4 121.9 122.8 123.2 121.7 119.2 117.3 118.4 120.4 120.3 114.9
117.8 119.2 118.8 119.2 118.3 117 113.9 109.9 106 102.8 101 99.6 97 91.7 70.9 46.7 41 56.2 72 80.2 83.8 85.6 87.1 87.9 87 88.1 88 86.6 84.7 83.7 82.9 83.3 84.1 86.5 91.8 97.4 101.6 104.2 104.2 102.9 100.2 96.3 92.9 90.6 87.5 86.1 86 84.1 82.9 84.8 86 83.4 77.8 73 69.2 69.9 67.9 48.4 27.3 16.8 21.1 35.1 51.8 67.9 88 98.7 105.2 106.5 106.8 106.3 107.4 109.9 113.5 117.7 121.6 125.2 129.7 131.7 133.1 131.2 131.5 130 127.6 122.5 115.5
114.3 116.3 115.7 116.5 115.5 114.3 112.6 111 109 107.1 105.3 102.3 98.4 91.7 73.5 50.6 40.5 47.2 65.3 75.1 79.2 82.4 85.9 89 91.9 93.9 95.6 98 98.5 94.3 89.9 88.7 89.7 91.6 94.7 99.5 102.4 104.6 104 101.8 98.6 95.8 93.6 93.9 94.7 93.8 92.9 90.6 90.3 93.3 93.1 90.8 86.5 84.2 85.7 88.8 86.8 65.9 38 16.5 20.1 37.7 55.2 71.1 89.6 98.4 100.2 99.9 99.5 100.9 102.1 105.6 110.3 115.3 119.9 124.1 128.3 131.6 132.9 133.1 131.8 130.4 126.4 120.7 112.1
110.6 112.7 112.8 112.6 112.1 111.3 110.4 109.7 108.9 107.7 105.9 103 97.8 90.1 73.7 54.2 38.7 41 56.6 68.1 76.3 82.2 87.7 93.6 99.1 102.5 104.4 105.4 105.8 107.4 107 103.1 97 97.3 99.6 104 104.9 104.4 103.2 100.5 97 91.6 91.1 92.7 93.9 95.5 96 96.6 96.7 99.8 99.2 97.4 94.2 93.4 96.1 97.1 95.9 80.8 53.3 25.5 18.8 31.1 49.9 64.7 84.1 89.8 90.9 90.7 92.4 93.7 95.4 100.3 105.6 111.6 117 121.2 124.7 126.8 128.6 128.9 128.2 126.7 123.7 117.9 109.6
107.4 109 108.1 108.5 108.1 107.8 108.2 107.8 107.7 106.9 104.7 101.7 96.7 88.8 71.4 55.3 41.6 39 56.5 69.3 79.8 87.7 94.6 102.2 108.3 112.1 114.3 115 115.8 116.6 115 113.4 110.7 107.6 105.9 104.9 104.4 101.9 99.6 98.1 92.9 83.9 82.2 87.4 88.6 91.9 93.6 95.5 97.9 100.3 101.6 101.3 100.2 100.3 101.2 101.8 100.4 89.5 66.1 39.6 16.2 19.7 36.7 51.4 70.6 79.6 81.2 84 86.2 87.2 88.1 94.7 101.9 108.1 113.6 117.2 120.2 122 123.5 123.9 123.4 121.8 119.2 114.7 107.8
104.6 105.6 104.8 103.7 103.4 104.1 104.4 104.7 104.6 103.6 101.6 98 91.8 78.8 62.4 49.3 38.6 41.3 60.8 75.5 84.7 92.3 99.2 104.8 109.6 113.6 115.9 116.7 117.2 117.7 117.7 117.8 116.5 113.3 110.3 106.4 103 99.9 94.8 92.4 87.9 80.4 77.2 77.3 79.4 83 85.4 88.8 92.5 96.5 99.1 100.4 100.6 100.7 100.9 101 99.6 92.5 74.6 52.2 24.5 16.4 21.9 35.4 50.5 66.4 73.1 76.8 79.1 78.5 81.2 91.2 98.9 104.4 109.7 113.2 115.3 116.8 118.3 118.7 118.6 117.4 114.8 110.4 104.8
102.7 102.9 101.5 99 97.7 98.2 100.3 101 100.4 98.9 96 92.2 85 68.3 53.5 39 35.9 49.3 65.5 79.6 87.8 95 99.6 103.2 107.2 110.9 112.3 113.5 114.4 115.2 116.2 116.7 116.1 114.7 112.3 107.3 103.1 99.1 99 90.2 82.3 77.1 71.6 69.9 69 69.6 70.1 74.6 82 89.9 93.6 95.8 96.3 95.8 96.1 96.1 95.6 92.3 83.3 64.1 44.3 25.5 16.4 19.4 33.7 48.6 64.4 69.6 71.4 68.7 77.1 88 96 100.8 105.5 109.2 111 112.7 114.4 115.4 114.9 113.8 110.8 104.6 99.7
100.7 100.9 98.8 96.5 93.5 92.1 94.3 95.3 94.3 92.3 89.5 85.4 75.8 57.6 42 35 45.3 59.3 73 84 88.8 94 96.6 99 102 104.4 105.9 107.2 109.3 111.3 112.4 112.7 112.8 112.4 109.9 108.2 103.6 101.4 99.9 98.3 83.9 76.4 72 68.4 64.8 63.7 63 63.8 68.3 79.6 86.4 87.9 88.3 88 87.5 89.4 89.6 89.1 85.9 74.9 58 41.3 25.8 16.3 18.7 33.3 47.4 60.8 61.1 64.7 75.3 85.4 91.8 96 101 106 107.4 108.9 110.5 109.9 111.4 110.1 107.4 102.5 94.7
98.4 99.3 98.4 95.2 91.7 87.9 87.1 87.8 86.9 83.3 78.3 74.9 65.6 48.4 34.2 35.1 52.6 69.9 82 86 89.7 91 91.4 92.1 94.5 96.9 99.3 100.6 103.1 106 108 108.7 108.9 108.3 106.8 105.1 103.9 101.6 99.5 95.7 89.9 81.8 75.2 71 67.7 64.6 60.7 58 59.8 66.2 73.5 77.6 78.2 77.6 78.4 80.9 83.1 83.8 82.2 77.8 71.1 59 42.8 30.2 16.4 20.5 33.5 44.1 51.4 67.8 76.9 84.3 90.8 96.4 101.4 103.7 104.9 105.9 106.6 107.6 108.4 106.9 104.8 100.8 92.1
96.7 98.2 97.8 96.8 93.8 88.9 81.4 75.1 69.8 65.7 56.6 52.3 51 40.6 32.7 40.4 60.6 74.5 81.1 84.1 85.4 85.7 85.8 85.7 87.7 89.6 91.6 94.3 97 100.4 102.8 102.9 102.7 102.2 102.3 101.9 100.8 100.5 100.5 97.9 94.3 88.5 80.6 75.2 71.2 67.8 64.8 60.9 56.8 55.3 58.9 62.8 67.3 67.3 67.7 71.4 75 76.3 76.1 75.4 74.9 71.4 64.6 51 28.8 16.5 25.8 40.2 61.7 73.3 78.6 85.2 92.3 97.7 100.8 102.9 101.7 102.8 103.5 103.8 104.6 104.3 102.7 98.4 87.5
96 98.2 99.5 98.2 96.5 92.8 87.1 79.7 71 63.1 57.8 53.2 43.5 35.7 31.1 47.5 63 71.3 76.7 78.8 79.9 79.7 78.9 79.4 81.5 83.5 85.8 88.8 91.9 95 96.3 96.8 96.6 96.4 97.5 98.1 99.7 99.5 101.3 99.7 97.5 93.4 89.8 85.6 81.1 74.4 70.4 64.7 59.3 53.1 50.5 53.6 56.8 57.8 57.4 59.9 61.8 63.4 63.9 66.3 68 67.4 64.8 56.4 36.3 18.2 18.2 38.9 61 72.7 80.3 87 93.1 99.8 101.6 101.6 100.1 98 98.7 99.7 101 101.3 99.7 97.2 87.6
96 98.5 100.2 100 97 92.8 87.7 81 76.6 75.1 71.3 64.8 54.1 35 30.8 46 57.7 65 71.2 73.6 73.7 72.8 71.9 73.2 75.3 76.7 78.5 82.4 86.6 88.7 89.5 90.5 90.9 91.5 93 95.6 98.4 100.6 102.8 101.9 100.9 98.7 96.1 92.7 88.8 83.9 75.8 68.4 60.9 56.2 51.4 48.7 50.8 50.2 48 46 43.7 41.7 39.8 43.8 47.8 55.1 56.8 51.4 35.5 19.1 17.2 39.6 62.4 74.1 81 89.2 97.6 101 101.4 99.4 95.9 93.3 95.2 97 97.9 98.4 97.4 94.3 89.6
97.1 99.1 101.1 100.5 98.9 94.4 89.1 85.7 82.9 78.9 74.8 68.2 56.8 35.9 28.4 32.6 39.2 47.8 60.9 65.3 65.9 65 64 66 67.3 68.8 70.5 75 78.7 80.8 81.4 83.2 84.9 91.1 95.4 98.7 101 102.6 103.8 103.3 102.3 101 99.4 96.3 93.2 88.1 82 72.8 64.6 59 54.2 49.2 46 44.6 47 52.5 53.8 50.4 45.5 38.6 28.2 31.3 42.3 40 26.2 15.1 26.9 45.6 64.3 78.4 87.8 94.7 97.6 98.1 97.6 96.8 91.5 90.6 92.4 94.4 94.8 94.7 93.7 90.9 87.6
98.6 101.9 103 102 100.9 98.2 93.8 89.5 84.8 80.2 73.9 66.9 58 42.4 32.8 27.6 26.9 31.4 52.8 56.4 56.9 54.7 53.8 58.4 59.7 59.6 63.3 67.3 70.4 70.9 74.8 81.8 89.3 94.5 98.9 101.5 103.1 103.9 103.4 103 102.3 101.1 99.4 97.7 95.4 91.5 87.3 81.1 75.1 67.2 60.5 56.9 55.7 57.5 61.5 67.9 69.6 67.2 63.7 55.7 43.1 29.8 20.4 23.7 17.5 19.5 37.5 56.7 73.3 85.2 90.3 93.5 95.2 95.1 93.8 92.5 90.3 87.9 90 91.2 91.6 91 89.8 87.4 84.3
99.4 104.2 104.8 103.9 102.4 99.6 95.3 90 84.7 79.5 72.6 65.7 58.8 52.1 44.4 38.5 31.4 25.2 36 46.3 45.9 40 41.3 45.6 50 49.7 54.5 59.2 62.8 68.4 76 84.7 91.9 97.1 100.4 102.8 103.6 103.7 103.1 102.4 100.2 99.4 98 97.5 96 93.9 92.1 89.5 85.3 79.2 73.1 70.3 70 71 72.4 71.9 70.8 69.4 66.9 61.4 50.8 40.3 30.5 21 15.3 28.8 48.5 67.6 80 86.3 89.9 91.2 92.5 92.4 92 88.9 85.7 83.9 87.1 87.9 88.3 86.6 84.7 80.7 76.1
100 103.3 104.5 103.3 101.4 98.7 94.6 89.6 84.7 79.5 72.1 66.7 58.6 52.3 47.7 44.9 39.6 29.3 24.9 38.4 36 34.5 37.6 40.4 45 49.9 56.1 61.2 66.3 74.7 81.7 88.1 93.3 97.9 101.7 103.5 103.8 103.2 101.2 99.1 95.8 94.9 94.3 95.4 95.3 95.6 94.3 92.8 90.7 87.3 83.8 81.3 78.9 76.7 74 68.2 62.7 58.5 57.1 53.8 42.5 32.9 22.8 15.9 16.7 39.8 59.9 72.9 80 85.4 88.4 89.5 90.1 89.8 88.8 85.5 82.6 82 84.5 85.4 84.6 81.8 76.1 68.6 63.3
100.2 101.4 102.6 101.4 99.6 96.3 92.4 87.4 83.7 79 74.7 70.1 68.6 66.1 63.3 60.4 49.8 32.9 24.5 26.5 30 36.7 42 44 47.6 51.4 57.5 66.1 73.5 79.3 85 90.9 95.8 100.2 103.6 103.4 102.3 99.8 94.6 91.8 87.2 84.9 88.5 93.8 95.8 95.9 95.7 94.2 92 88.5 84.5 81.3 77.6 73.7 68.3 59.5 52.2 45.1 41.4 38.6 33.6 21.6 16.4 14.9 26.7 48.6 64.1 73.8 79.9 84.6 86.6 87.4 87.9 88.1 86.1 83.5 79 80.4 82.1 81.7 79.9 73.8 64.1 54.7 45.9
97.7 99.3 100.2 99.3 97.2 93.3 90.2 86 82.7 79 76.8 75.6 74.7 73.7 72.1 69.2 63.6 48.3 27.8 22.8 35.3 42.7 48.1 50.5 54.4 58.7 62 68.7 75.8 82.2 87.4 92.8 97 100.7 102.6 102.7 101.4 97.4 93 87.6 83.5 78.7 82.2 90.6 95.7 96.2 95.8 94.5 91.5 87.6 83.4 78.2 73.4 68.4 59.2 50.2 42.7 34.7 29.2 25 18.3 16.9 15.5 15 32.9 54.1 64.8 73.3 78.9 83.1 84.6 85.3 85.1 84.8 82.8 79.1 75.3 78.2 78.4 77.8 75.2 64.9 50.2 42.1 45.6
93.3 95.8 97.7 96.7 94.7 90.6 86.7 84.9 82.8 81.5 80.2 79.6 78.9 78.9 77.9 74.4 67 50.1 33.7 20.9 34.2 48.4 56 60.5 63.8 67.9 70.9 72 77.4 82.7 88.6 93.4 97.6 101.2 102.4 102.7 101.3 98.5 95.2 90.5 85.3 75.9 75.4 88.4 93.8 94.7 94 92.5 88.9 85.4 81.3 76.4 71.7 66.1 58.8 54.5 48.3 38.9 27.1 20.8 16.8 15.6 14.7 21.3 34.7 52.4 64.9 74.1 79 79.9 81.7 81.6 81.7 81.3 80 76.9 71 74.5 75.2 72.4 66.5 51.9 40.3 44.2 59.2
90.5 93.3 94.9 93.6 91.6 87.8 79.8 76.2 81 81.2 81.8 83.4 83.5 83.2 81.4 75.9 59.6 43.3 25.1 20.5 34.8 51.3 61.1 65.4 68.9 72.6 76.8 80.1 82.6 86.8 91.1 94.9 98.9 102.4 103.9 104 102.2 99.6 96.3 92 84.8 71.9 70.1 85.2 90.5 91.7 91 88.9 85.5 81.7 76.7 74.2 70.3 67.2 63.6 58.8 52.5 39.7 18.7 16.5 15.3 14.9 14.3 23.1 37 52.9 65 72.1 75.1 75.7 75.4 76.3 76.5 77.5 76.4 74.1 63.3 68.6 70.4 65.4 56.2 40.1 38.1 55.4 70.9
87.6 89.3 91.6 90.6 87.7 83.1 76.6 63.4 62.5 69 78.4 81.7 82.3 82.5 80.7 71.7 50.8 31.2 18.6 21.8 37.5 54.7 63.5 68.9 72.7 76.4 80.8 84.2 87.3 91 95.2 99.1 103.3 105.8 107.3 105.8 101.5 100 94.6 88.3 83 69 68.1 80.6 86.3 87.7 87.2 84.9 81.3 77.5 73.6 69.3 65.8 63.9 63 60.5 55.8 43.3 18.2 15.5 14.6 14.6 19.2 26.8 41.1 55.3 64.2 67.8 67.4 64.5 60.5 63.8 69.2 72.2 74 72.5 59 61.9 65.3 57.3 43.9 36.6 47 64.4 79.3
85.6 88.4 90 89.2 84.5 77.5 70.1 57.7 51.3 53.2 59.7 70.5 72.8 73.1 71.7 61.1 40.1 22 19.2 32 49 59.6 64.9 69.8 74.9 79.2 83 87.5 91 96.2 103.2 107.9 112.2 111 110.2 106.1 102 98.6 93.3 85.3 80.9 69.3 57.4 66.2 78.4 81.9 82.6 80.7 77.1 72.1 65.2 59.6 52 56.4 56 55.6 52.8 44.7 22.8 15.1 14.3 14.9 22 32.4 43.2 52 53.2 53.4 47.9 41.6 38.7 41 47.3 61.4 68.2 69.7 61.2 49.9 55.5 39.6 33.9 40.2 57.1 72 84.7
80.7 82.9 88.3 88.7 86.3 80 70.7 60.4 49.9 43.7 44.5 53.7 59 61.5 60.6 49.2 25.2 17.1 23.5 35.6 49.1 61.7 66.1 69.7 73.7 79.1 84.4 89 93.5 100.1 106.3 111 112.5 111.9 108.2 104.4 99.8 94.9 90.7 83.6 79.4 73 56.3 55.4 67.7 74.9 76.1 75.2 71.2 66.1 58.8 45.2 40.9 41.6 42.8 43 40.3 32.8 19.5 13.8 13.5 21 29.3 39.4 37.7 31.2 32.4 30.5 29.2 28.7 29.6 31.3 34.4 42.1 55.3 60.8 56.9 41 32.9 32.7 39.4 44.5 57.4 72.8 85.6
77.5 83.4 88.9 89.8 88.3 84.8 78.9 70.8 58.9 44.4 35.4 40.6 44.1 44.6 43.3 30.5 16 22.1 35.2 41 50 57 62.6 67.3 72.9 77.8 83.7 88.9 93.8 99.7 106 109.8 111.1 109.8 105.4 101.4 96.5 91.2 84.9 81.6 77.4 69.6 53.3 49.8 60.9 68.4 69.2 67.5 63.1 55.8 44.3 33.1 25.1 23.2 23.8 25.2 23.2 19.3 13.5 12.7 19 28.4 32.6 30.7 26.7 19.8 18.8 19.1 20.6 23.1 24.3 25.1 27 30.9 36 42.4 40.1 31.6 31.5 36 41 45.9 60.1 72.5 72.8
81.9 87.5 90.5 91.5 90.4 88.1 82.5 75.1 63.8 48.7 33.7 29 35.9 29.7 23 15.6 15.4 29.2 39.9 51.1 58.8 66 71.1 75.4 78.6 82.9 87.2 91.7 95.8 100.9 106.2 109.6 109.7 108.2 103.5 98.3 90.8 85.6 82.3 76.9 74.3 66.9 53.5 43.4 56.8 59.7 58.7 54.8 48.6 37.2 21.9 15 12.5 12.5 13.5 12.8 14.2 13.9 13.6 17.6 15.7 16.9 16.5 17.2 17.5 19.1 19.8 20.2 20.5 20.7 22.3 24 23.1 25 26.5 27.5 28.7 29.7 32.7 41.2 48.6 56.8 73.9 91.5 89.8
83.4 89 91.5 92.6 91.8 89.8 85.5 77.3 66.8 50 30.9 22.6 28.7 20.5 14.9 12.9 19.3 33.6 47 58.4 69.6 78.5 84 87.2 89.1 92 95.2 98.2 100.9 104.4 106.7 109.1 110.4 108.3 102.4 96 90.6 82.7 75.2 70.2 68 63.4 52.4 34.5 43.5 47.9 43.8 38.2 31.1 14.1 9.8 11.6 11.7 10.5 12.5 12.7 12.9 11.9 16.9 15 15.5 16.5 19 25.7 25.3 26.1 25.6 24.1 23.1 24.1 25.2 24.6 26 26.5 27.5 28.2 30.6 31.7 38.7 50.5 61 68.7 83.3 105 104.8
84.4 89.5 91 91.7 91.3 89.6 86.5 79.6 69.7 52.5 39 28.2 19.2 15.9 12.7 13.9 19.3 35.4 50.2 65.1 76.1 82.6 87.8 91.5 93.8 96.1 98.7 101.7 104.3 106.7 107.8 109.4 110.5 107.8 102.5 96.4 88.3 82.4 71 61.1 61 57.5 46.1 28.7 33.4 35.5 32.1 26.2 17.1 11.4 11.4 11.3 11.6 13.7 13.7 13.6 14.8 24.6 17.4 23.4 29.9 31.9 35.3 39.4 40.1 41.8 41 38.3 32.2 31.5 32.2 29.9 27.1 28.7 29.8 31.3 33.1 36.1 47.7 58.6 69.5 88.3 91.9 102.9 110.2
84.2 87.4 89.1 89.3 88.8 88.2 86 80.9 72.6 64.8 56.3 43 24.3 14.8 11.8 14.8 19.8 29.4 48.2 64.3 74.6 82.1 88.1 93.3 96.4 97.1 99.6 102 104.5 107.5 108.2 109 109.7 107.7 100.9 95.9 88.5 79.8 67.4 51.2 49.9 51 42.7 28.8 20.1 21.8 18.6 14.1 10.7 10.8 11.8 16.5 24.7 30.8 29.8 27.3 35.5 30.7 22.6 29.1 38.7 41.4 43.2 46.6 50.3 54.4 55.3 53.7 49.5 41.3 37.2 33.1 29.4 32.8 35.5 36.4 37.5 41.2 52.1 58.8 71 93.3 102.4 109.9 116.2
