app/static/ascii/SX76.asc
ncols 200
nrows 200
xllcorner 270000
yllcorner 60000
cellsize 50
[rows 148 to 184 of 200, columns 0 to 82 of 200]
247.6 249.3 252.9 256.6 259.9 262.5 263 262.4 258.3 254 247.9 239.8 232.1 224.2 216.1 206.3 197.6 188.7 180 172.9 165.4 160.6 157.7 154.8 152.4 150.5 148.9 146.9 144.6 144.4 141.5 140.2 137.8 137.2 139 142.1 145.1 149.9 156.7 163.4 170.1 175.1 180.1 183.6 186.3 188.5 189.9 190.6 191.1 190.6 188.8 185.1 179.8 172.3 164.6 159 155 149.8 148.7 157.8 163.3 170.1 174.6 175.5 176.4 177.3 177.6 176.4 175.2 173.5 171.9 170.3 168.7 164.9 165.8 169.9 173.4 176.7 177.4 177 174.9 172 169.9
244 248.1 252.5 257.9 261.4 264.7 266.4 265.5 262.1 257 249.7 242.5 235.5 228.7 219 210.2 201.4 192.8 184.5 176.8 169.8 163.9 160.2 157.7 154.8 152.9 151.2 147.8 144.8 143.6 141.1 138.7 137 136 137.9 140.9 141.8 150.6 157.3 163.4 170.7 176.6 182 186.9 189.8 190.9 191.6 193.1 193.6 192.6 191.6 188 182.5 176.3 169.2 163 158.2 152.4 150.8 155.2 162.1 169.5 171.8 172.7 173.6 174.6 175.3 174.3 173.3 172.1 169.7 167.9 164.3 161 166.3 170.3 173.3 176.2 177.6 177.3 177 175.7 173.8
243 247.6 252.3 257.9 262.7 266.9 269.1 268.8 266.1 262.7 253.4 245.2 237.7 229.5 219.6 210.4 201.5 193.5 186.4 180.1 172.8 166.3 161.3 158.2 155 152.2 149 145.3 142.1 140.2 139.4 137.6 135.9 134.8 136 139.3 143.8 149.7 156.4 162.7 170.4 179.4 185.4 190 192.7 193.4 193.4 194.7 195.1 194.7 194 190.2 184.7 178.5 171.7 165.1 160.5 155.4 153.4 154 159.8 165.9 169 171.3 171.8 172.1 172.7 171.9 171 169 165.7 162.8 158.7 163.6 168.5 171.3 173.9 176.4 178.1 178.8 178.6 177.7 176.8
241.3 246.9 252.1 258 263.6 267.9 270.6 270.7 268.4 264 255.3 247.5 238.4 228.4 218.7 209.8 201.7 193.9 187.8 181.4 174.2 167.4 161.6 157.4 153.9 150.1 146.6 142.9 140.4 138.7 137.8 137.1 135.4 133.9 134.4 136.3 142.1 150 157 163.4 170.2 180.5 186.7 191.9 194.7 195.7 194.9 194.6 195.4 195.5 194 191.3 186 179.3 172.5 167 159.9 157.8 154.7 156.4 159.9 164.6 169.1 170.3 170.1 169.5 169.8 169.5 168.1 165.9 160 153.9 159.8 167.8 171.1 173.2 175.6 178.1 179.7 180.1 179.9 179.9 179.7
240 245 251.3 257.5 262.4 266 270 271.1 269 264.4 256.6 247.4 238.1 228.6 217.4 208.8 201.2 193.4 187.9 180.6 173.3 165.9 161 156.3 152.3 148.6 145.4 142.6 140.2 138.9 137.8 137.7 135.1 133.6 132.7 133 137.7 146.9 154.7 161 169.6 180.6 186.5 191.8 194.6 195.2 194.2 193.1 193.9 194.4 193.7 189.8 185.4 179.8 173 167.3 161.5 158.4 158.8 162.2 165 168.5 170 169.8 168 164.5 166.2 166.4 165.9 163.6 157.2 154.3 161.4 165.2 169.4 172.8 176.7 179.7 180.4 181.2 182.2 181.9 181.8
237.3 242.1 248.1 254.6 259.4 263.4 266.7 268.3 267 262.6 255.7 246.2 236.4 225.9 215.7 206.1 198.6 190.4 185.4 178.5 171.3 164.6 160.2 155.6 151 147.1 144.8 142.4 141.3 140.6 139.5 138.9 137.5 135.3 132.7 132.1 132.4 140.1 149.7 157.1 166.7 179.9 185.2 189.2 191.5 191.5 190.3 191.8 192.2 192.4 190.1 186.9 183.1 179 172.6 164.9 163.2 161.8 164.8 167.6 169.5 171.5 171.6 169.8 167.5 163 160.9 162.4 161.7 160.5 153.7 151.6 157.9 161.6 168 172.8 177 181.2 182.6 183.2 184.5 183.9 182.6
233.7 239 245.2 250.1 255.9 260 262.8 264.2 263.2 260.3 254.3 245 234.5 223.6 213 203.7 195.8 187.3 182.1 175.1 168.1 163.6 159 154.5 150.2 146.7 144.9 143.6 143.2 142.7 141.9 140.4 138.6 137.3 133.8 132.1 130.8 130 132.5 142.3 157.2 168.8 179.3 184.6 186.6 186.3 185.3 187.7 188.9 188.1 185.8 182.7 179.3 177.6 167.7 169.2 168.7 168.2 170.4 173.1 174.2 174.7 173.8 170.5 167.1 162.7 158.8 155.7 153.2 154.8 149.9 148.4 155 162.2 168.4 173 177.7 181.8 183 182.8 183.2 180.3 180.1
231.6 237 242.2 247.7 252.8 257 259.8 260.6 259.8 257.9 252.3 243.4 233.3 223.6 212.9 202.3 193.8 186.4 180.4 174.3 168.1 162 157.8 154.2 150.2 148.2 147.6 147.3 147 146.3 145.4 144 142.7 142.3 144.6 138.9 136.6 132.1 128.3 129.4 138.5 155.9 167.9 177.7 179.2 179.7 181.1 183.9 185.2 183.7 180.4 178.8 177.4 170.6 175 173.5 174.2 173.9 174.7 176 177.9 177.4 175.5 171.5 167.8 163.9 161.2 158.3 154.4 148.4 147.1 147.5 157.1 164 170.2 174.5 178.5 180.5 180.3 179.6 178.1 176.4 174.9
228.6 235.6 240.1 245.6 250.4 254.9 257.7 258.1 258.5 255.5 249.3 241.1 231.9 221.4 211 200.7 192.8 185.7 179.6 173.3 167.7 162.2 159.6 155.8 153.7 153.6 153.6 152.6 152.5 151.4 149.9 148 148.5 152.9 153.5 151.5 149.6 146.8 143.6 137.8 127.3 141 155 165.1 169.1 169.8 177.4 181.1 181.1 179 175 173.3 172.8 167.4 176.6 180.2 180.3 180.1 180.2 179.7 180.8 180.5 175.9 172.7 167.4 162.9 159.4 156.4 153.1 145.3 141.9 149.3 159.2 166.1 172.3 175 175.5 174.8 172.8 172.3 171.7 170.6 168.3
228.7 233.6 238.5 243.4 249.1 253 256.3 256.5 256.7 253.6 248.7 240.4 231.9 223.1 214.2 204.3 194.9 186.9 181.2 175.6 171.1 167.2 163.6 161.1 160.9 161.3 160.9 159.8 158.6 156.8 154.7 156.5 159.4 161.7 161.9 159.1 156.9 158 158.9 155.9 140.1 127.3 140.9 151.3 156.1 165.8 173.3 176.7 175.8 174.1 169.7 164.9 164.5 173.6 177.3 180.8 182.4 182.5 181 181.1 182 180 175.2 169.7 163.9 159.8 154.6 151.5 149.3 145.1 140.4 150.3 160.5 168.8 172.1 171 168.9 166.4 163.9 164.4 164.5 164.1 160.9
228.4 233.4 237.9 244.3 249.2 253.5 256.5 258.5 257.4 254.7 249.2 243.8 237.2 229.6 221.5 211.9 203.4 195.1 188.6 183 177.2 173 170 168.4 167.4 167.3 167.8 166.7 164.9 162 162.6 162.9 165.7 167.9 166.5 164 164.3 165.7 164.2 158.1 138.3 125.8 128.6 140.2 150.9 160.5 168.3 170.6 170.2 167.7 162.7 158 165.2 173 177.3 179.6 181 180.8 179.8 179.2 177.2 174.7 170.5 165.9 160.3 152.6 147.7 145.3 143.9 141.3 139.3 149.1 159.7 164.3 165.5 164.9 163.8 161.9 159.4 156.6 156.5 155.3 153.1
230.6 234 239.9 246.1 251.1 255.7 258.7 259.9 258.9 256.1 253.2 247.7 241.9 235.3 227.7 220.1 212.4 204.3 199.4 192.1 185.9 181.5 178 175.5 175 172.8 172.9 171.6 169.3 167.7 170 170.5 171.6 171.7 170.1 168.3 168.4 168.7 163.4 154.7 137.3 123.9 125.9 133.5 147.1 155.7 161.3 164.7 163.1 158.5 151.3 158.5 168.8 173.8 176.6 178.9 179.3 179 178.7 175 171.6 169.5 165.8 161.9 151.7 150.3 148.6 145.7 143 141 137.7 142.6 153.9 158.4 159.9 159.5 158.6 156.8 153.8 148.8 148.5 147.7 149.4
232.7 238 242.6 249.5 254.6 258.2 260.7 261.7 261 259.2 257 253.2 247 240.1 233.4 225.3 218.6 213.2 208.5 202.2 197.1 193.4 188.3 184.8 182.7 180.6 178 175.9 173.4 172.2 175.8 176.5 176.3 174.3 172.6 171 168.2 162.5 153.2 140.5 128.3 123.4 123.9 125.9 142.5 150.3 155.6 157.7 155.3 142.8 154.6 155.6 168.4 173.1 176.2 178.6 178.6 177.6 176.2 172.8 169.3 166.6 161.6 157.5 156.5 156.1 156 152.1 148.8 146.9 139.4 135.1 145.4 151.5 153.4 153.8 153.3 151.5 148.4 145.5 140.7 140 147.7
235.5 241.2 246.6 252.7 256.6 260.4 262.8 265.3 265.3 263.6 261.5 257.8 251.8 244.2 237.4 231.2 224.1 220.5 216.3 210.5 206.6 200.7 196 191.5 188.5 185.1 181.3 178.8 177.7 177.3 179.2 178.8 178.3 176.8 174.4 171.6 165.7 159.4 154.1 141.6 128.1 124.8 122.6 123.1 131.9 141.3 147.3 149.7 140.4 144.7 152.4 156.7 168.6 172.3 175.4 178.4 177.5 174.5 170.7 169.2 168.1 166.1 163.3 161.2 160.6 160.7 160.5 158.2 155.4 151.4 143.2 136 135.9 143.5 146.7 148.9 149.2 147.3 145.4 142.7 136.6 136 144.1
237.3 243.5 249.3 254.4 258.4 262.7 266.7 268.7 269.7 268.1 266.1 261.8 255.8 247.6 241 234.4 229.9 225 219.5 214.5 208.8 201.1 196.9 192.1 189.1 185.5 183.7 181.4 181.4 181 180.1 179.2 178.5 177.3 175.5 174.2 173.9 172.1 168.3 146.5 128.4 125.3 123 121.3 122 129.2 136.2 134.2 137.2 147.2 150 159.2 167.3 171.5 174.7 176.2 174.4 169.7 166.1 165.2 167.1 166.7 164.3 164.6 164.1 164.6 164.5 162 159.3 154.4 148.3 138.3 131.4 133.9 139.4 144.9 146.5 144.4 141.5 138.1 134.2 131.9 139.4
238.9 244.7 249.8 256.1 260.6 265.5 270.2 279.7 282.7 280.9 275.7 267.9 259.5 250.3 243.6 237.3 232.6 227.7 221.9 216.1 208.3 201 194.1 189.9 187.1 185.3 182.5 182.1 182.3 180.8 180.6 180.2 179.3 178.2 178.3 178.9 179.6 177.5 171.6 150.6 138.8 126.5 124.4 121.8 119.4 120.2 124.2 128.7 139.9 143.8 147.2 160.9 167.1 171.4 172.9 172 168.9 164.4 158.3 162.2 167 167.1 165.6 165.3 166.5 167.4 167.3 165.1 161.4 157.5 151.7 145.6 134.6 129.7 131.6 139.6 143.6 142.5 138.8 133.2 128.8 127.5 135
238.1 243.9 250.9 257.5 264.8 273 287.1 298.6 301.7 293.6 284.3 273.1 262.2 252.7 246.2 240.5 235.3 229.6 223.2 216.2 207.4 198.6 188.2 185.8 182.9 180.4 179.6 180.2 180.5 180.9 180.5 180.6 179.9 180.4 182 183 182.2 178.6 172.4 161.5 154.7 137.6 127.6 123.9 120.9 120.2 116.2 126.1 135.8 140.4 144.4 158.3 164 166.1 165.7 164.5 161.3 156.2 155.3 161.2 165.9 168.4 166.1 164.8 166.3 167.6 167.2 164.5 161.9 156.8 151.8 146.8 140.3 134.1 129 129.2 138.1 140.1 137.7 131.9 124.1 125.2 131.9
238 245.3 252.2 260.6 275.8 289.3 306.1 306.1 298.4 290 282.2 272.2 261.3 252.2 246 240.7 235.5 229.4 223 215.9 205.6 195.6 187.5 181.3 176.4 175.1 175 176.8 178.7 179 179.1 179.8 181.1 182.6 184.3 185.1 183.2 178.8 173.1 164.4 152.1 147.7 142.6 137.3 130.4 122.3 118.7 114.8 123.9 131.2 141.3 152.5 157.9 159.6 158.8 156.3 152.2 149 153.9 159.7 164.3 166 164.6 164.5 164.8 165.6 165.1 162.4 158.3 153.6 148.6 144.6 142.2 140.3 135 129.2 125.5 131.4 132 126.7 119 124.6 126
238.1 246.7 253.6 268.7 285.5 303.6 307.3 300.4 291.4 284.2 274.7 267.7 258.8 249.9 243.5 237.8 232.6 227.8 221.2 213.3 202.1 191.9 183.2 176.3 173.5 170.3 171.4 173.7 175.9 177 177.1 178.9 181.1 183.7 185.5 186.2 183.8 180.3 174.7 165.5 162.6 160.2 155.9 152.3 143.6 128.8 118.2 117.5 114.5 126.1 138.4 145.6 150.9 152.9 152.1 148 143.4 147.2 151.7 157.4 162.4 163.5 163.1 162.7 162.9 163.2 162.1 158.8 155 150.1 146.4 142 138 136.7 132.8 130 126.7 122.4 120.6 118 115 114 112.6
239.8 249.4 259.4 272.6 288.1 299.4 300.2 292.4 283.9 276 268.1 261 252.8 244.8 238.7 232.5 228 223.5 217.4 210.1 198.6 188.2 179.8 172.1 168.1 166.5 168.5 171.4 173.2 174.2 174.3 177.3 181.1 183.7 186.2 186.6 184.9 181.3 175.9 173.5 170.3 167.1 163.4 157.9 150.6 138.2 122.7 120.1 115.2 124.7 135.5 138.2 145.1 146.8 143.4 138.5 138.4 143 149.2 155.2 160.6 161.4 160.7 162.3 161.8 161.9 159.1 155.3 151.6 147.3 145.5 144.5 143.6 140.7 140.9 141 136.1 128 124.8 119.5 116.7 117.9 114.9
240.9 251 261.3 279.5 289.2 293.9 291.3 284.8 276.7 268.5 260.2 251.7 244.9 234.6 231 225.9 221.8 217.6 211.4 204.4 194.4 185.3 173.8 166.9 163.3 161.6 165.1 168.9 170 170.6 172.9 177.1 180.9 184.4 186.5 186.5 184.5 181.9 178.9 176.7 174.2 171.6 168.9 161.9 153.6 144.5 133.3 120.5 116.7 123.9 132.2 129.7 136.5 136.1 133.5 130.1 134.8 140.2 146 152.3 157.6 157.8 160.2 162.4 161.8 159.2 157.2 152.4 152 151.6 151 151.2 150 146.6 146.2 145.4 139.1 132.5 126.9 124.2 123.6 127.1 126.5
241.5 251.7 263 280.6 287 286.8 283 275.9 267.8 258.7 249.6 241 234.5 227 222.9 218.3 213.5 208.8 203.7 197.5 189 179.1 167.5 160.6 158.6 158.4 162 165.2 167.2 168.2 172.6 177.1 181.5 184.7 185.9 186.7 184.7 182.9 180.7 177.8 175.9 172.6 168.2 161.2 153.3 145.4 136.2 127.1 120.7 127.2 124.9 117.4 126.2 125.8 125.1 127.2 132.8 138 142.9 147.5 151.2 155.3 159.7 160.9 160.4 158.7 157.9 156 156.6 156.2 155.9 156.5 154.9 152.6 151.2 149.7 145.1 136.6 129.7 127.2 127.6 126 120.8
240.5 251.8 266.8 281 282.2 279.4 274.2 267.3 258.3 249.1 240 231.1 224.2 218.8 214 209.5 204.3 199.5 194.4 189.3 180.6 166.6 154.3 152.1 153.3 156 159.6 161.2 163 167.1 172 176.6 181.1 184.5 186.3 187.1 185.7 183.9 180.9 178 174.9 170.7 166.3 158.8 150.9 143.9 136.6 123.5 121.2 127.8 118.3 113.6 115.4 120.9 125.1 126.8 131.4 135.5 137.4 141.3 147.8 154.3 158.9 161.8 160.9 159.9 158.8 159.5 160.6 160.6 160.5 160.2 158.6 156.4 154.3 151.6 146.2 139.5 131.2 123.2 120.2 115.8 112.9
241.3 257.5 269.8 276.7 275 270.8 265.1 257.8 250 239.9 230.1 222.4 216.5 210.5 205.4 200.7 195.1 189.7 184.1 176.4 163.5 150.3 149 147.8 149 154.2 155 158.4 163.3 167 171.6 175.9 180.1 183.8 186.9 187.3 186.2 183.7 179.5 175 172.2 167 161.9 155.7 148.4 141.9 134.6 125 122.1 124 113.3 110.9 112.3 115.8 119.4 122.1 127.5 130.6 135.6 142.9 151.6 157.1 160.9 162.3 162.6 161.9 161.5 162 162.9 162.8 164 162.8 160.4 156.9 151.1 147 139.7 131.4 124 118.5 115.4 112.2 109.5
240.1 259.4 268.4 268.8 265.9 260.4 254.6 247.9 240.2 229.8 221.8 214 206.8 202.3 196.9 191.4 186.6 180 173.7 162.9 148.7 146.1 144.2 143.9 147.3 149.6 154.5 160.1 163.9 167.3 171.5 175.6 179.4 183.2 186.2 185.9 184.5 182.3 177.9 173.5 168.9 162.9 156 151.6 145.5 139.2 127.9 121.6 125.7 117.8 114.2 110.9 109.9 110.8 116.2 121.5 124.3 129.2 138.2 149.6 158.7 161.1 161.5 162.7 162.7 162.4 162.7 164.5 165.9 166.5 161.8 163.6 159.3 154.2 147.4 140.1 133.2 125.5 121.1 117.1 113.5 110.4 106.8
240 258.3 260.6 260.1 255.8 250.1 243.8 237.7 230.9 221.8 214.4 206.2 200 194.2 188.6 183.1 177.6 171.4 164 154.5 147 142.7 141.1 140.8 143.7 149.5 155.6 159.7 163.4 166.5 170.3 173.9 178 181.4 183 182.7 182 179.3 175.5 171 164.7 158 149.7 141.9 136.1 129.2 130.7 128.5 127.1 118.7 115 111.6 108.4 109.5 113.9 115.7 121.9 129.1 140.9 152.9 159.3 161.6 162.3 162.4 162.2 162 162.1 164 165.8 165.5 161.2 158.1 155.2 151.2 146 140.2 133.1 126.8 121.9 117.1 113.3 110.4 107.9
239.2 251 253.1 251 246.2 240 233 226.9 220.8 213.6 206.8 198.6 193.1 186.3 180.2 174.7 169 164.5 158.4 151.8 146.3 141.4 138.6 137.8 142.7 150.7 154.9 160.3 162.9 164.9 167.9 171.2 175.8 178.9 179.5 179.7 179.4 177.2 174 168.2 161.6 154 149.3 145.8 143.9 142.4 137.5 126.9 128.8 121.5 116 112.4 109.3 108.2 109.1 113.3 121 131.5 143.1 152.9 158.4 161.2 161.2 160.4 159.3 159.6 160.1 161.2 160.8 160 156.9 154.5 151.8 149.3 144.8 140.2 134.1 127.6 121.6 117.7 116.1 116.2 115.9
236.9 246.7 244.8 242.2 236.6 229.9 222.2 215.7 210.3 205.3 198.3 191.5 185.7 177.7 171.8 166.2 163 157.9 154.9 150 146.3 139.7 133.5 136.9 146.7 153 156 157.3 159.9 162 165.2 168.3 171.5 174.2 175.4 175.7 177.5 177.7 176.1 171.4 165.7 160.2 155.1 152.3 149.4 142.3 138.1 132.8 131 124.6 116.9 112.6 110 108.6 107.9 109.4 119.8 131.2 140.6 148.9 153.8 157.8 158.4 158.5 156.6 156.5 156.4 156.2 154.7 154 153 151 148.4 145.7 142.2 136.8 131.1 125.8 124.4 125.4 125.5 124.7 122.7
232.1 237.7 236.2 232.4 225.2 219 211.1 205.2 199.9 195.6 191 186.9 179.6 173 165 160.4 156.2 152.6 149.4 148.2 143.9 135.2 132.5 139.8 148.4 152.1 152.3 154.3 157.1 160.7 163.1 164.5 166.1 168.5 168.6 171.7 175.9 177.2 175.1 172.9 167.8 162.9 158.1 156.3 150.7 144.4 131.2 133.6 129 126.6 117.9 112.5 109.9 108.2 107.3 107.2 119.6 127.7 132.8 139.1 144.8 149.7 150.8 149.1 147.8 150.2 150.6 150.6 149.9 149.8 148.1 146.2 144.1 141.1 139.6 134.8 132.7 131 132 133.1 134.7 135 134.5
224.9 228.4 226.8 220.7 212.2 205 199.2 194.2 190.9 187.9 184.7 180 174.4 168.7 162.9 155.3 150.4 147 143.3 141.8 138.7 129 131.7 141.4 145.8 147.8 148.7 152.8 156.7 159.5 160.5 161.6 161.5 161.2 163.3 168.2 172.7 175.2 173.4 170 166 164.4 160.7 156 149 142.2 136.1 129.7 125.2 122 116.9 112.3 109.8 108 107 106.8 115.3 117.9 120.4 128.9 133.7 140.8 141.6 140.3 140.8 142.2 143.6 143.7 143.5 142.6 142.2 139.8 138.2 137.1 137.2 138.6 137.8 138.6 140.4 142.2 143.8 145.9 146.9
216.7 217 213.6 205.7 194.3 190.7 187.3 185.2 183 179.8 178.7 174.9 170.1 165.6 160.2 154.1 147.1 140.9 136.5 134.7 130.8 126.6 132 138.7 141.7 143.9 147.8 152.2 155.5 157.4 157.9 157.6 157.1 154 158.8 164.1 169.2 169.8 169 165.3 165.6 162.6 159.3 152.8 146.2 134.6 136.9 127.8 125 120.6 114 112.8 110.4 108.9 106.6 105.6 105.8 108.4 114.1 120.9 127.5 132.9 134.6 132.3 132.6 132.9 133 133.1 133 133.6 134.4 133.1 132.9 135.8 139.6 142.6 143.7 146.2 149.1 149.9 151.3 150.9 148.9
206.4 204 197.3 189.3 183.2 180.3 178.1 176.4 174.6 173.6 172.9 170.3 166.3 161.7 156 151.2 145.3 138.6 133.4 129.5 125.1 124 129 131.7 139.9 144.3 147.1 150 152.8 154.1 154.6 152.9 149.5 149.4 154.3 160.8 165.3 165.7 164.8 162.3 162.6 159.6 155.7 149.5 143.7 137 134.2 127.2 122 118.8 114.9 112.5 112.3 112.6 108 105.6 104.2 105.4 107.9 117 122.4 125.3 125.2 120.7 122.8 122.2 122.2 121.7 122.3 125.3 126.4 131.7 136.3 140.1 144.6 149.2 151.6 153.8 154.2 155.2 153.6 152.3 148
191.6 187.4 180.8 176.4 173.2 172.1 170.4 169.2 165.8 166.5 166.5 164.6 162.3 158.5 153.6 148.1 142.6 136.5 130.9 126.4 123.3 122.4 131 137.9 141.5 143.8 145.3 147.5 150 150.8 150 145.6 141.4 146.6 152.1 157.2 160.3 161.7 160.8 158.4 156.1 152.5 149.4 145.6 137.5 136.2 131.1 125.8 121.6 119.2 116 114.5 119.2 123.1 114.4 107.5 104.9 104.7 103.9 106.8 110.8 113.9 114.6 112.6 111.6 111.7 114.8 118.1 121.4 129.3 132.6 137.4 142.3 147.4 151.9 154.8 155.4 154.3 153.7 155 155.1 153.5 151.4
173.9 171.9 169.5 166 164.6 164.7 162.2 160.1 160.4 159.2 161.1 160 158.2 155.9 152.8 149.4 145.5 140.9 133.2 128.1 123.4 121.1 134.4 140.1 141 140.7 141 143.4 145.9 145.9 142.9 136.3 137.6 143.6 148.9 152.1 155 156.9 155.6 154.3 149.7 142.4 139.9 138.2 139.3 136.3 130.6 125.3 122.5 120.2 118.7 119.3 123.6 125.3 122.1 115.3 106.6 104.3 104.1 103.5 104.1 105.1 105.9 107.3 108.4 111.1 116.4 124.3 131.6 138.3 143.7 146.4 149.1 152.3 154 153.2 151.7 150.1 150.8 151.8 154.9 154.7 153
162.2 161.1 161.6 160.1 158.7 157.4 155.5 154.3 153.6 151.9 154.6 154.6 153.8 152.2 150.2 148.2 145.2 140.9 137.2 130.9 121.9 119.7 134.1 138.2 138.9 138 137.1 139 139.8 138.4 134.2 130.3 132.6 139 144.4 147.7 149.2 150.8 151.5 149.3 146.2 151.6 145.6 139.2 140.7 136.1 130.1 126.7 124 122.6 122.6 123.1 121.9 119.7 117.7 114.2 108.6 105.7 104 102.4 102.6 102.9 103.4 105.2 110.9 117.1 124.5 133.6 141.1 146.6 152.6 156.6 154 153.6 152 150.1 148.5 147.1 148.6 151.9 153.2 152.6 151.5
155.5 154.8 154.9 154.8 153.6 151.5 149.8 147.3 147.3 146.6 148.6 148.8 148.6 148.2 146.8 145.8 144.4 141.9 138.9 132.5 121.6 115.9 129.2 135.4 135.8 133.9 132.2 132.4 131.8 129.3 126.4 126.4 129.3 135.6 140.8 142.2 144 146.5 147.8 147.5 146.9 150 146.1 139.7 139.1 135 131.4 129.4 128.3 126.7 125.1 122.9 119.2 116.1 113.3 109.8 108.7 106.4 104.8 103 101.4 102 103 107.9 116.6 125.9 133.8 140.7 147.8 151.9 153.9 153.7 152 150.1 148.1 146.4 145.4 144.2 145.7 148.2 150 149.8 148.7
150.6 150.1 149.6 149.8 148.3 147.6 145.1 142.5 141.5 141.4 143.2 143.6 143.5 144.4 143.7 142.9 142.2 141.6 138.8 132 119.8 114.6 123.2 129.7 130.9 128.7 125.7 124.7 123.7 121.6 120.8 123.3 126.8 133.3 135.2 136.7 140.1 143 145 145.7 145.3 145.8 139.1 142.6 139.2 136.7 135.5 133.8 131.7 128.6 125.9 122.6 120.6 118.4 115.6 112.9 110.1 108.3 106 103.3 101.6 101.6 101.9 108.9 124.8 133.9 139.8 146.5 148.2 148.3 148 147.4 146.4 144.7 143.2 141.9 143.2 140.6 141.2 143.8 146 146.7 145.2
