app/static/ascii/SX77.asc
ncols 200
nrows 200
xllcorner 270000
yllcorner 70000
cellsize 50
[rows 0 to 34 of 200, columns 0 to 78 of 200]
467.6 481.3 492.3 501.8 508.9 514.5 519.2 523.2 526.3 528.6 529.8 529.5 527.9 525.7 521.8 517.9 513.7 509.8 506.8 503.2 499.9 496.1 490.4 483.1 474.5 463.5 451.3 440.3 429.8 419.2 410.8 404.9 401 398.8 397 392.9 385 367.9 376.2 380.3 376 363.9 359.8 361.5 369.6 378.2 386.7 391.9 393.6 392.5 389.2 384.5 381.5 379.8 378.1 376 373.7 370.4 367.1 365.3 365.9 367.6 369 370 372.6 378 382.6 386.5 388.6 389 387.2 384.5 380.5 374.8 368.8 361.7 357.3 354.9 354
459.2 473.4 485.5 495.3 504.1 510.9 516.2 521.3 525 528.2 529.7 530 528 525.4 521.7 517.9 513.7 509.1 505.2 501.1 497.6 493.4 487.8 481 472.4 461.3 449.6 437.8 426.4 416 405.9 398.6 394 393 391.2 388.9 382.1 364.8 374 377.5 371.6 360.7 354 354.8 360.8 369.2 377.9 383.4 385.5 384.8 382.1 379.2 377 375.3 373.6 372.3 370.4 368.4 365.7 363.7 364.9 367.2 368.9 370.9 373.8 377 381.3 385.5 387.7 388.1 387 384.1 379.5 372.8 366.2 360.4 356.8 354.4 352.3
451.4 464.4 477.1 487.8 498.2 506.3 512.9 519 523.8 527 529.4 529.9 527.6 524.7 521 517.2 512.8 508.3 502.9 498.4 494.4 490 485 478 469.4 458.2 447.1 434.7 423.3 410.3 397.9 390 385.1 385.5 384.9 382.6 376.1 361.9 371.2 373.8 367.3 356.1 344.5 345 351.2 359.3 367.9 374 376.8 376.9 374.3 373.2 371.8 370.2 368.7 367.2 365.9 364.1 362.1 360.5 362.6 365.1 367 369.1 372 375.2 378.9 382.8 386.1 387.3 386.9 384.2 378.7 372.3 365.7 360.7 357.4 354.9 352.7
444.2 456.3 469.4 481.6 492.4 501.4 509.3 516.6 522.1 525.9 527.9 528.4 527.1 524 520.3 516.3 511.5 505.8 499.9 494.7 490.3 485.8 481.4 475.4 465.9 455.3 445.4 434.3 422.1 407.7 389.8 381 375.8 377.4 378 375.7 366.3 361.7 372 371 364 351.6 338.8 336.2 341.1 349.3 357.7 363.6 367.3 367.8 366.8 367.1 366.2 364.7 362.7 360.6 359.4 357.9 355.9 356.6 358.7 361.2 363.8 366.6 368.8 372 375.7 379.7 383.8 385.9 386.4 384.6 381 374.8 368.5 362.9 359.4 357.1 354.6
438.5 450.5 463.4 476.2 487.9 497.7 506.3 514.2 520.4 524.6 527.1 527.5 526.1 523.2 519.3 515.1 510 503 497.5 490.6 484.9 481.4 477.6 472.2 464.1 455.1 444.8 434.2 422.4 409.1 395.8 382.6 368.2 367.2 370.1 367.8 355.4 364.1 372.4 369.3 361.5 349.7 334.5 330 334.1 341.8 349.1 354.1 357.5 358.1 358 359.7 360 358.7 356.5 353.4 351.5 350.7 349.7 351.6 353.2 356.2 359.4 362.3 364.9 368.4 372.2 376.3 381.3 384.7 385.8 385 382.7 378.5 373.2 368.2 363 359 356.1
435 447.5 460 473.5 485.4 494.9 504.2 512.7 519.5 523.7 526.4 526.5 524.9 522.2 518.4 514.3 508.6 501.2 494.4 485.7 477.8 475.9 473.3 468.5 460.9 452.8 443.8 433.1 421.9 409.2 395.1 383.1 368.4 358.9 361.6 358.2 354.7 366.4 370.5 367.1 358.6 345.4 331.2 323.6 327.1 333.9 340.1 345 347.5 347.5 349.3 351.5 353.1 351.7 349 346.2 343.4 343.5 342.7 345.5 346.6 349.6 353.9 356.6 361 366.2 370.7 373.7 379 383.1 384.5 384.3 382.4 379.3 374.8 369.6 364.2 360.1 356.2
432.8 444.7 458 470.1 482.4 493.5 503.3 512.5 518.5 523.3 525.5 525.5 524 521.5 517.7 513.4 507.5 499.9 491.1 475.7 470.3 469.6 467.8 463.4 456.5 449 439.9 429.2 418.6 405.5 391.8 379.6 366.4 353.9 352.9 347.8 355.4 363.7 366.5 363.7 355.8 340.7 326.8 319.6 321.7 325.1 332.1 336.9 337.6 337.9 340.3 343.2 344.8 343.5 341.5 339.1 335.6 336.1 335.6 338.4 338.2 340 347.3 353.9 360.8 366.2 370.2 373.9 377.8 380.8 382.2 382.4 381.2 377.8 372.5 367.2 362.3 358.4 354.5
431.1 443.2 455.2 468.7 481.5 493.2 503.3 511.5 518.1 522.3 524.3 524.7 523.1 520.8 517 512.5 506.7 498.4 488.6 470.4 458.5 462.1 460.6 456.6 449.9 441.9 433.2 423.9 411.7 396.3 382.5 369.8 359.4 350.9 346.4 345 351.5 358.9 361.5 358.9 351.7 338.4 321.6 315.4 319.4 323.6 328 329.5 329.7 330.6 332.5 334.3 336.3 335.1 332.4 330.2 326.2 328.5 327.6 329.6 330.3 337.5 347.4 355.1 362.7 368.3 371.7 374.2 375.3 377.5 379.3 379.9 378.6 374.9 368.6 363.4 359.1 355.1 351.7
429 440.6 452.5 467 480.4 492.1 502.5 510.4 516.9 521 523.2 523.3 522 519.8 516.3 512 505.4 496.2 486 469.2 452.1 454.7 452.5 448.7 442.9 434.7 426.7 417.2 400.2 386.8 370.1 352.8 348.7 344.6 342 341.4 347.5 354.9 356 353.7 347 335.8 317.8 310.5 315.8 322.3 325.1 325 324.1 324.8 326.2 326.4 326.9 324.5 321.4 319.9 317.1 318.9 319.5 319.8 327.4 335 344.5 354.1 362.3 367.8 371 372.4 372.4 372.9 375.4 376.3 375.7 373.1 367.3 361.8 357.7 353.4 349.5
427.3 437.7 449.5 464.6 478.8 490.6 501.4 509.3 515 519.2 521.5 522 521 518.5 515.2 511.1 504.1 494.7 484.8 468.9 448.8 444.4 444.1 439.2 432.8 424 416 404.4 389.3 370.9 360.6 359.7 354.9 348.5 344 337.6 344.2 350.7 350.3 347.3 340.4 329.2 314.3 305.4 312.3 318.8 320.3 319.5 318.6 320.2 319.1 316.3 313.1 308.2 309 309.2 310.6 311.9 314 316.1 323.2 328.1 337.8 348.6 358.4 365.3 368.5 369.2 368.2 367.6 369.8 372 372.5 371.5 368.1 363.2 359.1 355.1 351.3
424.9 434.8 446.7 461.1 475.8 489 499.5 507.5 513.2 517.4 519.6 520.4 519.2 517.4 514.4 510 503.1 494.9 485.1 472.5 450.8 436.3 432.2 427.3 417 407.2 399 389.1 376.1 372.7 373.7 369.5 360.7 352.7 345.5 335.1 340.4 347.4 345.9 341.2 333.1 320.7 308.6 300.9 306.9 313.6 314.9 312.8 313.5 315.7 311.4 304.5 302.4 304.2 308.9 311.6 313 314.1 311.7 315.1 318.2 323.4 330.9 340.6 351.8 361 364 364.6 363.5 362.2 363.4 366.5 368.7 368.9 367.5 363.5 359.5 355.3 351.2
421.1 431.4 443.1 457.4 472.6 486.1 496.6 505.1 511.9 515.4 517.4 518.5 517.8 516.4 513.5 508.9 502.3 495.2 486.3 475.9 459.4 438.2 425.6 414.5 406.8 398.8 397.3 392.4 389.6 385.8 383.4 377.6 370.2 360.9 349.4 334.3 335.4 344.9 344.8 339.2 327 311.2 300.7 296.8 299.3 306.1 307.6 307.1 309.1 310.1 301.7 301.4 307 310.6 314.7 320.2 324.7 326.8 326.1 322 318.1 323.6 327.8 334.9 345.1 354.4 358.2 359 357.9 356.5 357.6 361.9 364.8 366.2 365.4 362.4 357.7 353.7 350.1
418.4 428.1 440.3 454.1 469.6 482.3 492.6 501.8 508.9 513 515.5 516.4 516.4 515.2 511.9 507.6 501 494.8 486.7 477.8 466.3 450.7 435.7 428.1 426.2 421.6 415.5 410.2 404 396.4 390.8 384.4 377.8 366.4 351 336.1 329.6 338.6 340.7 335.3 323.7 306.5 295.1 293.2 293.6 298.6 300.4 300.7 306.7 302.8 298.9 304.5 309.6 314.2 320.3 326.8 332.8 336.3 336.5 332.6 326.6 321.7 325.7 330.6 340.5 348.7 352.6 352.7 351.6 351.3 355 358.9 362 364.4 364.6 361.6 358.2 354.6 351.7
415.2 426 438.9 452.4 465.9 479 489 497.3 504.3 509.5 512.2 514.2 514.6 513.7 510.6 506.1 500.2 493.6 486.4 477.9 469.2 457.2 440.4 440.7 439.9 435.1 430.5 424.4 416.2 407.8 400.9 394.5 386 372.1 353.8 337.1 323.2 330.1 333.8 329.8 316.3 298.9 291.9 291 290.3 293 294.3 296.2 303.7 299 301.2 307.4 315.1 323 328.4 333.7 339.4 342.3 341.1 336.2 330.2 326.4 324.7 327.6 336 342.9 346.5 346.3 347.1 349.3 353.3 355.8 360.3 363.4 364.5 363.1 360.3 357.5 353.2
413.7 424.1 437.1 449.8 462.6 475.1 485.5 493.2 499.4 504.7 509 511.8 512.7 512.2 509 504.7 498.6 492.7 485.7 478.8 469.8 459.7 451.1 450.7 449.4 446.4 441.6 435.7 425.5 418.3 411.7 404.8 393.7 377.2 356.9 338.3 323.5 321.2 323 322 314 295.2 289.4 288.3 287.7 288.5 289.4 291.6 295.8 295 302.8 311.8 321.7 330.6 337.6 343 346.2 348.7 347 341.7 334.2 328.8 325.6 326.1 331.2 337.3 341.9 343.2 345 349.5 352.2 353.2 357.7 362.2 364 363.6 361 358.3 354.9
413.4 423.7 435.5 447.9 460.1 471.4 481.5 489.1 495.5 501.2 506.2 509.7 512 511.1 508 503.1 498.1 492.3 485.7 479.6 472.5 464 457.7 457.1 457.8 455.9 450.5 443.7 434.6 427.8 423 414.1 401.4 381.7 359.8 342.3 328.2 316.7 313.7 310 305.1 289.2 287.5 287.1 286.2 286.1 286.6 288.1 291.8 299.4 307.3 317.3 326.8 336.7 344.8 351.5 355.8 358 355.8 349 340.5 333.1 328.8 326.8 329.5 335.1 339.9 344.3 346.6 349.9 350.9 350.2 353.7 359.6 362.9 363.2 361.4 359 356.6
412.9 422.8 433.6 445.2 455.8 466.8 475.2 483.6 490.2 498.6 503.7 508.8 511.1 510.7 507.9 503.7 499.5 494.1 487.6 481.2 474.2 467.1 463.6 464.3 465 462.8 458 451.8 442.9 438.2 432.4 423.7 408.9 384.7 365.8 351.5 337.2 324.8 312.1 299.2 292.2 287 285.3 284.3 284 284.4 284.1 289.2 294.8 303.1 312.5 321.6 332.2 341.8 351.3 358 363.1 364.9 363.6 357 346.8 338 331.8 328.7 329.2 332.8 337.5 341.6 345.5 347.6 347.1 347.2 350.1 356.9 360.8 361.6 359.7 358.8 356.7
410.9 420.6 430.7 441.2 451.3 461.2 469.8 479.8 489.5 497.5 504 508.2 511.5 511.5 509.6 507.1 502.7 497 491.2 486 478.8 472.5 469.5 470.6 471.3 468.4 463.8 457.2 451.6 446.8 441.5 431.8 416.5 393.2 375.3 360.3 345.3 331.9 318.5 301.5 289.1 286.4 284.2 283.2 281.9 282.3 283.6 290.8 298.7 307.6 317.4 327 337.6 348.1 357.8 365.2 369.6 371.9 370.4 363.4 352.3 342.5 334.2 331.3 333.2 333.3 333.7 336.6 339 341.9 343.9 344.3 347.3 352.8 357.1 357.8 356.9 356.6 357.9
407.9 417.9 427.1 436.8 445.5 456 466.2 477.8 488.2 497.2 503.4 508.3 511.6 512.9 512.7 510.6 506.9 502 497.4 492.2 486 480.1 475.3 475.9 476 473.4 469.2 462.9 459.5 455.5 449.5 439.8 424.3 404.4 382.5 364.9 349.2 333.6 318.1 303 289.5 285.3 283.1 282.2 281.1 281.7 283.4 291.5 300.6 310.8 321.5 331.7 343 353.1 363.3 372.1 377.9 381.5 376.7 369.1 357.9 346.2 335.7 333.4 335.2 336 336.9 337.2 338.9 342.9 345.2 347 346.3 348.9 351.4 354.4 354.9 356.1 358.7
405.6 414.3 422.9 431.7 440.7 450.6 461.2 473.5 485.3 495.5 502.5 507.1 510.3 512.2 513.5 512.8 511.1 507.8 503.2 498.1 492.3 485.9 480.5 479.6 479.7 477.6 474 469.3 466.6 462.7 455.9 446.2 430.5 412.1 389.8 370.7 354.9 336.3 322 305.6 291.8 285.7 282.6 281.8 280.2 280.2 284.1 291.7 302.2 313.3 324.1 335.7 346.7 357.1 368.2 379.3 388.6 391.1 385.6 375.8 363.2 350.8 339.5 337.3 337.5 339.2 340.8 344.3 346.7 350.7 352.8 354.9 351.7 350.4 352.7 354 355.9 357.8 361.1
401.5 410.3 419.2 427.8 436.5 445.2 456.9 468.9 482.1 492.9 500.3 504.7 508 510.7 512.7 513.6 513.1 511 507.3 502.1 495.3 488.2 483.6 481.3 480.9 479.9 478 475.6 473.6 469.1 461.7 450.4 435.1 415.5 393.2 374 358.1 340.2 322.4 303.7 291 285.8 282.1 281.1 279.8 279.3 284.1 292.4 302.5 314.2 326.4 338.9 349.7 360.8 373 385.4 397.1 401.1 394.8 383.2 369.1 356.5 343.5 340.7 341.6 343.2 345.1 351.7 356.1 361.4 365.5 364.7 359.4 354.3 354 355.6 357.1 360 363.1
398.2 407.6 416.2 424.4 433.2 441.9 453.4 466.1 478.9 490 497.1 501.4 504.5 508 510.8 512.9 513.7 512.7 509.8 504.7 496.8 488.8 484 481.8 480.8 481.3 480.8 480.6 478.8 473.8 465.8 453.1 436.5 416.6 395.1 374.9 358.7 340.2 319.1 302 290.4 285.2 282.2 280.5 278.5 278.3 280.7 291.6 302.5 314.6 327.5 339.8 352.6 365.7 380.8 395.2 406.1 409.6 402 389.7 374.6 360 351.2 346.1 344.7 346.5 352 357.7 362.1 368 371.9 371.7 366.2 360.6 357.3 357.5 358.8 362 364.8
398.6 407 414.9 423.3 431.1 439.3 452.2 465.5 476.5 486.2 493.1 496.6 500.1 503.9 508.2 511.2 513.4 513.4 511 506.6 499.1 490 484.3 480.1 480.2 481.3 482.6 483.4 482.4 477.5 468 455 436.2 416.4 391.2 373.9 356.2 336.9 317 298.5 289.5 287.4 285.3 281 277.6 278 281.4 291.8 303 313.9 326.9 340.4 354.5 367.9 384 398.3 409.5 414 408.2 395.3 378.2 365.2 355.5 350.6 349.2 351 356.4 362.3 367.2 372.2 376.1 377 374.7 369.8 361.6 360 361 365.2 367.6
402.7 411 418.6 426.3 433.7 444.8 454.9 465 474.2 481.9 487.6 491.3 495.4 499.6 504.4 508.6 511.8 512.5 510.1 506.1 498.9 489.8 483.3 479.5 477.7 479.6 482.8 484.9 485.1 481.6 471.9 456.8 439.3 417.2 391.1 373.1 355.9 334.9 313.1 294 288.8 286.7 287 282.5 277.5 277.6 282.3 291.9 302.5 314 326.6 340 356 370.5 385.1 399.1 418.3 418.7 412.4 399.8 384.1 372.6 361.9 355.3 352.6 355.5 360.2 366.6 372.6 376.7 380.7 381.9 380.5 374.5 366.5 364.6 363.9 369.2 372.8
407.2 415.3 422.7 430.3 438.8 446.9 455.1 462.9 470.2 476.8 481.7 485.3 489.3 493.6 498.9 504.9 509.1 510 507.7 504.2 498.1 489.6 482.2 476.8 475.1 477.4 481 484.7 486.2 483.3 474.6 460.6 443.2 423.1 394.8 372.7 354.6 335.2 309.9 293.3 286.3 284.5 285.2 282.9 276.4 277.1 284.7 292.7 302.8 312.9 326.7 341.2 355.5 372.5 391 407.4 419.5 423.5 416.9 404.7 392.8 379.7 366.5 358.4 357.1 358.8 364.2 371.3 377.4 381.8 385.1 387.1 385.1 377.9 370.6 368 367.6 370.2 374.6
407.8 415.6 423.2 431.1 438.4 445.2 452.1 458.9 465.1 470.4 474.1 477.7 482.5 486.3 491.6 498.4 503.1 504.7 503.8 501.3 496.4 488.3 480.8 474.2 472.2 475.1 479.7 483.9 486.3 484.6 476.8 464.3 448.8 428.9 401.6 375.5 354.4 333.8 312.2 296.3 285.2 280.8 280.5 280.8 275.3 277.3 286.3 294.9 304.2 314 326.3 341.7 355.6 374.6 392.4 415.9 436.4 431.5 421.8 410.6 399.6 388 376.6 364.3 361.3 363.8 368.6 376.9 382.5 388.3 392.1 393 388.7 382.1 374.4 371.1 369.7 372.2 376.6
403.9 412.4 421 429.2 436.3 441.7 446.7 452.3 457.7 461.7 465.4 469 473.3 477.9 482.6 489.5 495.6 499.4 499.4 497.8 494 486 479.1 472.6 470 472.2 477.9 482.2 485.1 484.4 479.1 465.6 452.6 434.1 410.9 378.2 355.4 332.6 311.4 294.3 285.8 279.3 274.9 271.7 273.3 279.1 287.9 295.9 305.4 315.3 327.3 341.3 355.3 372.9 394.6 417.2 437.4 435.3 425.3 414.9 406 395.1 383.4 371.9 365.6 368.3 374.4 383.2 392.2 399.2 399.3 398.6 393.5 385.7 379.3 375 372.9 374.2 376.9
398.9 408.1 416.7 424.6 431.3 436.6 441 444.5 448.5 452.4 456.2 460.4 465 469.9 475.3 482 488.5 492.8 494.7 494.1 490.3 483.4 476.5 470.2 467.5 469.4 474.9 480 482.5 481.7 477.3 465.6 454.3 437.2 414.6 384.2 359.1 335 310.3 294.8 283.1 273.8 270.5 268 272.3 279.5 288.2 296.1 307.3 317.9 328.7 340.7 354.4 370.1 389.8 413.1 429.1 438.6 431.3 418.6 410.2 400 388.7 378.9 371.5 373.6 380.5 391.3 398.8 406.3 406.9 403.4 398.3 391.6 385.5 379.8 376.7 376.7 377.7
393.9 402.8 410.8 419 425 430.4 433.7 437.2 439.9 443.1 447.2 451.8 457.2 462.3 468.4 475.5 481.6 487.2 489.8 489.9 487.1 480.7 474.8 468.4 464.9 466 471.2 476.5 479.2 478.4 474.2 465.2 453.8 439.6 417.5 390.4 365.1 342.6 316.2 294.8 278.6 269.9 265.5 266.5 272.4 280.3 287.7 296.5 308.5 318.8 330.1 340.2 353.6 366.7 384.9 401.1 416.3 425.8 426.7 419.3 412 402.4 393 383.8 378.5 378.5 384.5 395 401.7 407 408.9 406.8 402.4 396.4 389.3 383.3 380.3 379.5 379
387.7 396.2 405 412.5 418.7 424.1 427.1 429.7 432 435.2 438.2 443.5 448.8 453.8 460.7 468.9 476.1 482 486.1 487.1 485.2 478.9 473.6 466.7 463 462.5 467.7 473.2 475.1 474.3 470.4 462.8 452.5 437.2 417.8 392.6 367.5 346.8 322.7 302.4 282.4 268 265.6 267.8 273.3 279.6 286.3 296.7 308.3 319.1 330.5 341.4 352.7 365.6 378.3 392.6 406 414.8 418.5 417.7 411.5 403.9 395.4 387.6 383 381.6 388.5 396.7 403 408.1 409.9 408.1 404.4 398.7 391 385.8 383.6 381.9 380.9
381.9 390.6 398.9 406.1 413.3 418.5 420.9 422.5 424.8 428.2 432.5 436.6 441.1 446.3 452.6 461.1 470.2 477.6 482.5 484.1 482.5 477.7 471.7 465.5 461.2 460 464.1 469.3 470.9 470.1 466.6 459.9 449.2 435.4 415.6 391.5 366.2 347.7 327.1 304.1 282 267.3 263.8 265.9 268.2 278.6 287.8 298.6 309.6 320 332.3 341.8 353.8 365.2 377.6 390.7 404.1 413.5 418.5 418.4 413.4 407.8 399.6 391.4 387.4 385.4 388.2 396 401.8 406.4 408.7 408.3 406.1 400.1 392 388.4 385.4 383.8 383.1
377.5 386.3 394.7 402.4 409.2 413.5 415.2 416.3 418.5 422 425.9 430.6 435.1 440.1 445.7 454.6 464.5 473.6 479.2 482.2 480.5 477.1 471 464.7 459.5 457.4 461.3 465.5 466.2 465.2 461.8 455.2 445.4 431.7 413.9 388.9 365 346.3 327.4 304.9 280.5 266.1 261.2 268.5 269.7 277.5 288.7 299.9 310.8 323.1 335.3 345.4 357.2 369.1 381.6 394.5 406.7 415.9 421.4 421.5 417.7 411.4 404 396.6 390.3 389 390 395 400.1 405 408.5 410.1 408.5 404 397.9 392.4 388.9 385.8 385.1
375.7 384.5 393.6 400.9 406.5 409.3 409.5 409.9 411.8 415.1 419 423.6 428.2 433.7 439.3 449.4 459.9 470.4 476.7 480.2 479.6 475.9 469.6 464 458.5 455.5 456.8 460.1 460.6 459.8 456.8 450.3 441.5 429.9 411.4 388.1 363.4 344.7 324.4 303.5 280.7 264.9 260.3 267.6 268.4 275.8 287.8 299.5 312.7 325 336.4 348.8 362.2 373.9 387.8 401.3 414.3 421.8 425.7 426.1 422.6 417.1 410.6 403.7 397.8 393.8 392.6 395.6 400.6 405.4 409.4 411.6 410.9 408.7 403.6 398.5 394.9 391.7 387.8
375.6 385 393.6 399.8 403.6 405.5 403.8 403.8 405.5 407.7 411.8 416.5 421.6 428 435.2 446.2 457.7 466.9 474.2 478.4 477.7 474.3 468.2 461.9 456.6 452.8 453 454.2 454 452.2 448.6 444.2 437.2 426.5 409.2 385.4 358.7 339.1 319.8 298.3 279.7 263.6 262.1 266.3 266.1 274.7 286.5 298.2 313.3 325.4 339.6 353.5 366.7 380.5 393.1 408.2 422.1 433.1 435.2 433.3 428.5 422.8 416.3 410.3 404.2 398.9 396.1 397.3 401.9 406.4 409.9 412 412.5 409.9 406.3 403.4 400.4 397.2 393.1
375 384.4 392 397.7 400.5 401 398.3 396.9 399 401.2 405.2 410.1 415.9 423 433.6 444.6 455.3 464.1 471 475.8 475.5 471.9 466.5 459.2 454.3 450.2 448.6 448.5 447 444 441.5 436.9 431.1 420.8 405.9 382.7 355 335.5 315.1 295.4 276.8 262.9 259.7 262.4 266.7 275.1 285.6 298.9 312.6 326 339.9 354.1 369.5 383.8 396.5 412.5 429.5 443.3 448.5 445 438.3 430.7 424 417.1 411 405.4 401 400.7 404.7 408.6 410.7 412.3 412 409.8 407.2 404.4 401.4 397.8 392.2
