app/static/ascii/SX84.asc
ncols 200
nrows 200
xllcorner 280000
yllcorner 40000
cellsize 50
[rows 152 to 189 of 200, columns 0 to 85 of 200]
51.1 50.3 49.4 51.7 55.6 59.6 64.7 70.4 75.9 80 81.9 81.4 76.5 73.7 69.9 67.1 62.2 50.9 38.1 42.7 61.9 72 75.4 76.6 77.1 76.6 75.2 71.2 67 62.6 57.7 53.1 51.1 48.7 46.7 44.8 42 38 31.3 22.1 11.5 2.6 2.6 2.6 2.6 2.6 2.6 4.7 -1.4 -1.4 -1.4 -1.4 -1.4 -1.4 -1.4 -1.4 -1.4 -1.4 -1.4 -1.4 -1.4 -1.4 -1.4 -1.4 -1.4 -1.4 -1.4 -1.4 -1.4 -1.4 -1.4 -1.4 -1.4 -1.4 -1.4 -1.4 -1.4 -1.4 -1.4 -1.4 -1.4 -1.4 -1.4 -1.4 -1.4 -1.4
55.5 54.2 53.6 53.9 54.5 57.7 62.5 66.2 72.2 76.3 79.3 79.6 78.7 77.8 76.1 73.6 68.6 53.6 41.1 49.6 67 76.7 79 80.3 80.3 79.3 76 70.7 65.5 60.1 54 45.9 40.5 38.8 37.9 35.4 32.3 29.5 24.3 16.3 6.7 3.2 2.6 2.6 2.6 2.6 2.6 5.5 -1.4 -1.4 -1.4 -1.4 -1.4 -1.4 -1.4 -1.4 -1.4 -1.4 -1.4 -1.4 -1.4 -1.4 -1.4 -1.4 -1.4 -1.4 -1.4 -1.4 -1.4 -1.4 -1.4 -1.4 -1.4 -1.4 -1.4 -1.4 -1.4 -1.4 -1.4 -1.4 -1.4 -1.4 -1.4 -1.4 -1.4 -1.4
62.8 59.8 58.2 57.5 57.7 58.6 59.9 65.1 70.8 74.5 78.7 81.5 82.1 81.8 80.1 76.6 71.4 58.5 47.8 54.7 66.2 74.4 78 80.3 81.7 80 77.4 72.6 67.3 60.2 53.7 45.8 37.7 30.4 26.5 24.3 20.3 17.8 12.1 9.7 6 3.5 2.6 2.6 2.6 2.6 3.1 5.4 -1.4 -1.4 -1.4 -1.4 -1.4 -1.4 -1.4 -1.4 -1.4 -1.4 -1.4 -1.4 -1.4 -1.4 -1.4 -1.4 -1.4 -1.4 -1.4 -1.4 -1.4 -1.4 -1.4 -1.4 -1.4 -1.4 -1.4 -1.4 -1.4 -1.4 -1.4 -1.4 -1.4 -1.4 -1.4 -1.4 -1.4 -1.4
71 65.8 62.8 61.6 61.8 62.3 63.4 64.3 70.4 75.3 80.4 84.5 86.6 85.7 82 77.3 71.5 63 52.6 55.9 61.7 69.2 74.7 79.8 83.1 84.4 82.7 77.8 71.6 64.4 56 47.2 38.1 32.2 27.2 22.7 19.4 16.5 13 10 6.5 4.6 2.6 2.6 2.6 2.6 3.2 1.9 -1.4 -1.4 -1.4 -1.4 -1.4 -1.4 -1.4 -1.4 -1.4 -1.4 -1.4 -1.4 -1.4 -1.4 -1.4 -1.4 -1.4 -1.4 -1.4 -1.4 -1.4 -1.4 -1.4 -1.4 -1.4 -1.4 -1.4 -1.4 -1.4 -1.4 -1.4 -1.4 -1.4 -1.4 -1.4 -1.4 -1.4 -1.4
78.4 72.9 68 65.9 66.6 67.1 67.8 68.6 69.7 76.5 82 85.5 87 84.4 81 76.8 68.7 64.3 59.2 60 64.1 69 74.9 80.6 85 87.3 87 83.3 78 69.8 62.1 50.5 46.5 44.5 38.9 31.8 25.5 21.5 18.2 13.6 10.2 8.1 3.6 2.6 2.6 2.6 3.6 1 -1.4 -1.4 -1.4 -1.4 -1.4 -1.4 -1.4 -1.4 -1.4 -1.4 -1.4 -1.4 -1.4 -1.4 -1.4 -1.4 -1.4 -1.4 -1.4 -1.4 -1.4 -1.4 -1.4 -1.4 -1.4 -1.4 -1.4 -1.4 -1.4 -1.4 -1.4 -1.4 -1.4 -1.4 -1.4 -1.4 -1.4 -1.4
83.6 79.6 77 74.9 75.2 75 75.5 74.8 73.9 79.1 84.2 86.9 86.2 84.3 80.4 74.8 70 68.4 67.3 66.2 68.7 72.8 76.1 81 86.3 89.7 91.8 89.1 84.1 75 66.4 62.2 62.6 60.6 54.4 47 39.6 33.4 28 24.4 16.6 12.3 9.8 2.6 2.6 2.6 4.6 -1.4 -1.4 -1.4 -1.4 -1.4 -1.4 -1.4 -1.4 -1.4 -1.4 -1.4 -1.4 -1.4 -1.4 -1.4 -1.4 -1.4 -1.4 -1.4 -1.4 -1.4 -1.4 -1.4 -1.4 -1.4 -1.4 -1.4 -1.4 -1.4 -1.4 -1.4 -1.4 -1.4 -1.4 -1.4 -1.4 -1.4 -1.4 -1.4
87.5 84.8 84.2 82.9 82.9 82.7 80.7 79.9 79.1 82.1 86.6 88.1 89.7 88.4 84.3 82.4 81.3 80.2 77.4 74.8 75.6 76.9 80.9 84.9 89.6 93.1 94.2 92.1 89.8 84.4 73.6 72.5 77 74.4 69 66.4 60.7 54.3 45.8 39.5 26.8 18.1 13.1 3.6 2.6 2.6 4.9 -1.4 -1.4 -1.4 -1.4 -1.4 -1.4 -1.4 -1.4 -1.4 -1.4 -1.4 -1.4 -1.4 -1.4 -1.4 -1.4 -1.4 -1.4 -1.4 -1.4 -1.4 -1.4 -1.4 -1.4 -1.4 -1.4 -1.4 -1.4 -1.4 -1.4 -1.4 -1.4 -1.4 -1.4 -1.4 -1.4 -1.4 -1.4 -1.4
89.7 89.2 89 88.1 88.6 88.5 87 84.5 83.3 84.8 88.8 91.5 93.2 92.5 92.1 91.1 91.5 90.7 89 88.5 86.8 87.8 89 92.1 94.1 97.2 97.9 96.8 94.4 90.5 85.4 84.3 85.8 85 82.5 79.3 73.4 67.3 60.6 48.9 36.8 25.2 17.4 6.2 3.4 4.2 5.2 -1.4 -1.4 -1.4 -1.4 -1.4 -1.4 -1.4 -1.4 -1.4 -1.4 -1.4 -1.4 -1.4 -1.4 -1.4 -1.4 -1.4 -1.4 -1.4 -1.4 -1.4 -1.4 -1.4 -1.4 -1.4 -1.4 -1.4 -1.4 -1.4 -1.4 -1.4 -1.4 -1.4 -1.4 -1.4 -1.4 -1.4 -1.4 -1.4
88.3 89.4 89.8 91.8 93.5 92.7 90.7 89.3 89.3 89.1 91.9 95 97 97.9 98.2 98.2 98.4 98 97.9 97.2 97.6 97.4 98.7 99.2 99.9 99.3 100 100.2 98.4 95.6 92.4 91.3 92.8 92.7 90.9 86.2 80.4 73.2 64.5 54.6 43.4 30.4 22.2 15.7 5.6 5.5 15.8 -1.4 -1.4 -1.4 -1.4 -1.4 -1.4 -1.4 -1.4 -1.4 -1.4 -1.4 -1.4 -1.4 -1.4 -1.4 -1.4 -1.4 -1.4 -1.4 -1.4 -1.4 -1.4 -1.4 -1.4 -1.4 -1.4 -1.4 -1.4 -1.4 -1.4 -1.4 -1.4 -1.4 -1.4 -1.4 -1.4 -1.4 -1.4 -1.4
85.3 88 90.5 93.2 95 95 93.7 93.1 93.2 93.7 95.5 98.1 100.3 101.5 102.4 102.3 102.9 103.1 102.9 102.7 101.9 100.4 100 99.2 98.7 97.9 100.5 101.8 101.4 99.8 98.9 98.2 99.2 97.4 95.3 91 83.4 77.1 68.7 56.9 43.2 33.2 31.6 34.1 29.6 26.2 2.9 -1.4 -1.4 -1.4 -1.4 -1.4 -1.4 -1.4 -1.4 -1.4 -1.4 -1.4 -1.4 -1.4 -1.4 -1.4 -1.4 -1.4 -1.4 -1.4 -1.4 -1.4 -1.4 -1.4 -1.4 -1.4 -1.4 -1.4 -1.4 -1.4 -1.4 -1.4 -1.4 -1.4 -1.4 -1.4 -1.4 -1.4 -1.4 -1.4
82.4 85.9 90.1 93.9 95.6 96 96.1 95.8 96.1 96.9 98 99.6 101.3 102.2 103.5 104.3 105.2 105.4 103.8 103.6 103.6 101.8 98.7 95.2 93.5 92.9 96.7 100.1 102.4 104.4 104.3 103.7 102.7 100.7 98.3 94.1 88.1 80.6 72 61.4 49.4 47.6 51.9 51 45.5 35.8 3.1 -1.4 -1.4 -1.4 -1.4 -1.4 -1.4 -1.4 -1.4 -1.4 -1.4 -1.4 -1.4 -1.4 -1.4 -1.4 -1.4 -1.4 -1.4 -1.4 -1.4 -1.4 -1.4 -1.4 -1.4 -1.4 -1.4 -1.4 -1.4 -1.4 -1.4 -1.4 -1.4 -1.4 -1.4 -1.4 -1.4 -1.4 -1.4 -1.4
79.1 84.2 89.5 94 96 96.7 96.8 97 97.3 97.1 97.3 97.8 99.2 100.4 101.2 102.7 103.9 104.5 103.9 103.4 102.6 99.7 95 90.9 87.2 87 90.6 96.7 101.5 104.7 105.6 105.6 104.8 102.8 100.6 97.2 91.6 83.5 76 67.6 61.9 62.6 64.6 62.8 53.2 34.9 2 -1.4 -1.4 -1.4 -1.4 -1.4 -1.4 -1.4 -1.4 -1.4 -1.4 -1.4 -1.4 -1.4 -1.4 -1.4 -1.4 -1.4 -1.4 -1.4 -1.4 -1.4 -1.4 -1.4 -1.4 -1.4 -1.4 -1.4 -1.4 -1.4 -1.4 -1.4 -1.4 -1.4 -1.4 -1.4 -1.4 -1.4 -1.4 -1.4
75.7 81.6 87.1 90.6 93.6 95.5 95.9 95.1 95.2 95.1 94.6 94.5 95.4 96.3 97.9 99.3 100.5 101.3 101.3 101.3 99.9 97.1 92.9 84.4 82 79 85.5 93.8 100 103.8 104.5 105.6 105.4 103.7 102 99.4 94.3 88.2 80.1 73.5 71.7 71.9 72.1 66.3 55.1 34.4 2.7 -1.4 -1.4 -1.4 -1.4 -1.4 -1.4 -1.4 -1.4 -1.4 -1.4 -1.4 -1.4 -1.4 -1.4 -1.4 -1.4 -1.4 -1.4 -1.4 -1.4 -1.4 -1.4 -1.4 -1.4 -1.4 -1.4 -1.4 -1.4 -1.4 -1.4 -1.4 -1.4 -1.4 -1.4 -1.4 -1.4 -1.4 -1.4 -1.4
72.1 77.6 83 86.6 89.4 91.2 91.2 90.6 89.9 89.8 89.6 88.6 89.1 89.6 92 93.6 95.3 96.2 96.9 97 96.4 95 91.2 85.6 80.5 70.1 82.5 90.7 97.4 101.4 102.4 103.8 104.9 103.6 102.1 99.7 97.4 92.4 87 82.8 80.5 79.6 75.4 67.4 56 43.2 2.5 -1.4 -1.4 -1.4 -1.4 -1.4 -1.4 -1.4 -1.4 -1.4 -1.4 -1.4 -1.4 -1.4 -1.4 -1.4 -1.4 -1.4 -1.4 -1.4 -1.4 -1.4 -1.4 -1.4 -1.4 -1.4 -1.4 -1.4 -1.4 -1.4 -1.4 -1.4 -1.4 -1.4 -1.4 -1.4 -1.4 -1.4 -1.4 -1.4
68 73.1 78 81.4 83.9 86 85.8 85.2 83.9 84.1 84 83.5 82.8 83.3 86.1 88.4 89.8 90.9 91.8 92.3 92.5 91.2 89.1 86.2 82.2 62.8 75.5 86.5 94 98.1 99.3 101.1 102 101.8 100.3 98.4 96.8 94.9 92.2 89.7 87.5 82.9 74.6 64.9 54.7 34.3 1.9 -1.4 -1.4 -1.4 -1.4 -1.4 -1.4 -1.4 -1.4 -1.4 -1.4 -1.4 -1.4 -1.4 -1.4 -1.4 -1.4 -1.4 -1.4 -1.4 -1.4 -1.4 -1.4 -1.4 -1.4 -1.4 -1.4 -1.4 -1.4 -1.4 -1.4 -1.4 -1.4 -1.4 -1.4 -1.4 -1.4 -1.4 -1.4 -1.4
65.1 69.9 73.8 76.8 79.4 80.6 80.9 79.2 77.7 77.5 77.8 77 77.3 79 80.9 83.2 84.1 85.1 85.8 85.9 85.7 85.2 83.9 83.1 81.4 56.9 66.2 78.4 87.1 91 94.2 96.2 96.6 97 95.7 93.4 92 90.5 89.6 88.6 85.9 79.3 70.2 59.8 49.3 20.8 -1.4 -1.4 -1.4 -1.4 -1.4 -1.4 -1.4 -1.4 -1.4 -1.4 -1.4 -1.4 -1.4 -1.4 -1.4 -1.4 -1.4 -1.4 -1.4 -1.4 -1.4 -1.4 -1.4 -1.4 -1.4 -1.4 -1.4 -1.4 -1.4 -1.4 -1.4 -1.4 -1.4 -1.4 -1.4 -1.4 -1.4 -1.4 -1.4 -1.4
63.3 67.6 70.7 72.9 74.1 75.3 74.5 73.2 72.2 71.5 71.7 70.9 72.5 74.8 76.7 77.6 78.1 78 77.4 77 77 77.8 77.5 75.2 75.2 49 53.5 66 78.3 83.1 86.8 88.8 89.3 88.9 87.6 86.3 85.3 84 82.6 81 78.8 64.3 47.6 44.3 27.7 1.6 -1.4 -1.4 -1.4 -1.4 -1.4 -1.4 -1.4 -1.4 -1.4 -1.4 -1.4 -1.4 -1.4 -1.4 -1.4 -1.4 -1.4 -1.4 -1.4 -1.4 -1.4 -1.4 -1.4 -1.4 -1.4 -1.4 -1.4 -1.4 -1.4 -1.4 -1.4 -1.4 -1.4 -1.4 -1.4 -1.4 -1.4 -1.4 -1.4 -1.4
61 64.7 66.8 68.3 69.5 68.2 67.3 67 66.7 67 67 67.2 69.9 71.3 71.7 71.3 71 69.8 69.2 67.9 67.5 68.5 68.5 67.7 62.3 44 45.3 55 67.8 73.5 76.9 77.6 78.5 77.4 77.5 76.4 74.7 73.6 72.8 71.7 69.3 52 13.6 12.1 16.8 -1.4 -1.4 -1.4 -1.4 -1.4 -1.4 -1.4 -1.4 -1.4 -1.4 -1.4 -1.4 -1.4 -1.4 -1.4 -1.4 -1.4 -1.4 -1.4 -1.4 -1.4 -1.4 -1.4 -1.4 -1.4 -1.4 -1.4 -1.4 -1.4 -1.4 -1.4 -1.4 -1.4 -1.4 -1.4 -1.4 -1.4 -1.4 -1.4 -1.4 -1.4
58.4 60.7 61.9 63.6 64.8 64.9 64.9 64.1 62.4 63 62.9 64.1 67.2 68.1 66.7 65.5 62.9 61.7 59.4 59.5 59.1 57.2 59 57.5 52.1 39.9 38.1 46.3 55.6 61.7 63.8 64.2 63.4 63.6 62.5 61 59.4 58.8 58.7 58.3 56.2 54 41.6 19.2 2.6 -1.4 -1.4 -1.4 -1.4 -1.4 -1.4 -1.4 -1.4 -1.4 -1.4 -1.4 -1.4 -1.4 -1.4 -1.4 -1.4 -1.4 -1.4 -1.4 -1.4 -1.4 -1.4 -1.4 -1.4 -1.4 -1.4 -1.4 -1.4 -1.4 -1.4 -1.4 -1.4 -1.4 -1.4 -1.4 -1.4 -1.4 -1.4 -1.4 -1.4 -1.4
54.4 55.7 57.2 59 60.6 61 61.3 60.8 59.3 59.3 60.5 62.8 64.7 64.1 62 58.4 54.3 53.2 52 50.2 51.2 51.7 49.6 46.9 44.8 37.2 31.8 38.3 47.1 50.7 51.7 49.6 48.1 48.5 48.2 48.4 48.4 47.6 46.8 43.4 39 32.6 24.1 10.7 -1.4 -1.4 -1.4 -1.4 -1.4 -1.4 -1.4 -1.4 -1.4 -1.4 -1.4 -1.4 -1.4 -1.4 -1.4 -1.4 -1.4 -1.4 -1.4 -1.4 -1.4 -1.4 -1.4 -1.4 -1.4 -1.4 -1.4 -1.4 -1.4 -1.4 -1.4 -1.4 -1.4 -1.4 -1.4 -1.4 -1.4 -1.4 -1.4 -1.4 -1.4 -1.4
50.7 51.8 53.1 54.8 56.2 57.2 57.7 57.2 56.3 57.2 59.2 61.5 61.8 59.2 56.2 52.4 47.1 44.7 43.1 41.4 43.9 46.9 43.9 41.4 37.5 32.8 26.2 30.8 39.1 41.4 40.9 39.3 38.9 38.1 38.9 39.2 38.9 37.8 36.6 33.7 28.5 20.8 6.8 5.2 -1.4 -1.4 -1.4 -1.4 -1.4 -1.4 -1.4 -1.4 -1.4 -1.4 -1.4 -1.4 -1.4 -1.4 -1.4 -1.4 -1.4 -1.4 -1.4 -1.4 -1.4 -1.4 -1.4 -1.4 -1.4 -1.4 -1.4 -1.4 -1.4 -1.4 -1.4 -1.4 -1.4 -1.4 -1.4 -1.4 -1.4 -1.4 -1.4 -1.4 -1.4 -1.4
46.8 47.9 49.4 50.7 51.9 53.2 54.1 53.7 54.8 56.8 58.8 59.3 57.9 53.2 49.8 44.9 40.6 37.6 35.8 35.8 37.3 39.3 38.2 35.8 32.1 28 23 25.8 32.1 32.7 32.2 31.5 31.1 30.3 30.7 31.3 31.8 30.8 29.8 26.7 20.9 13.3 6.3 3.7 -1.4 -1.4 -1.4 -1.4 -1.4 -1.4 -1.4 -1.4 -1.4 -1.4 -1.4 -1.4 -1.4 -1.4 -1.4 -1.4 -1.4 -1.4 -1.4 -1.4 -1.4 -1.4 -1.4 -1.4 -1.4 -1.4 -1.4 -1.4 -1.4 -1.4 -1.4 -1.4 -1.4 -1.4 -1.4 -1.4 -1.4 -1.4 -1.4 -1.4 -1.4 -1.4
43.6 44.6 46 47.7 48.9 50.3 51.1 51.4 53.4 55.6 57.2 56.9 53 48.4 43.3 40.8 38.1 33.8 31 29.1 30.5 32.3 31.5 29.9 26.8 22.3 19.4 20.5 25.8 25.8 25.4 24.5 23.1 22.6 22.5 23.1 24.1 24.2 23.1 20.2 14 7.7 6.7 2.6 -1.4 -1.4 -1.4 -1.4 -1.4 -1.4 -1.4 -1.4 -1.4 -1.4 -1.4 -1.4 -1.4 -1.4 -1.4 -1.4 -1.4 -1.4 -1.4 -1.4 -1.4 -1.4 -1.4 -1.4 -1.4 -1.4 -1.4 -1.4 -1.4 -1.4 -1.4 -1.4 -1.4 -1.4 -1.4 -1.4 -1.4 -1.4 -1.4 -1.4 -1.4 -1.4
42 42.5 43.5 44.7 46.1 47.7 49.3 51 53.7 55.4 56.7 56 52.6 50.1 49.1 46.2 42.1 35.7 30.1 26 24.4 25.2 25.3 24.2 21.7 18 16.2 15.4 18.7 19.1 18.7 17.3 15.6 14.7 14.8 15.5 16.3 16.5 16.5 13.7 8.3 5.6 5.9 1.1 -1.4 -1.4 -1.4 -1.4 -1.4 -1.4 -1.4 -1.4 -1.4 -1.4 -1.4 -1.4 -1.4 -1.4 -1.4 -1.4 -1.4 -1.4 -1.4 -1.4 -1.4 -1.4 -1.4 -1.4 -1.4 -1.4 -1.4 -1.4 -1.4 -1.4 -1.4 -1.4 -1.4 -1.4 -1.4 -1.4 -1.4 -1.4 -1.4 -1.4 -1.4 -1.4
43.5 44.6 45.8 46.9 47.2 48.6 50.1 51.3 54.2 55.7 56.9 57 56.2 54.3 50.6 47.1 41.6 34.7 29.8 25.8 23.1 20.8 19 17.1 16.7 14.9 13.4 12.6 11.1 12.2 11.5 10.5 9 8.4 8.5 8.8 8.9 9.2 8.8 7 5.2 5.2 5.7 1.4 -1.4 -1.4 -1.4 -1.4 -1.4 -1.4 -1.4 -1.4 -1.4 -1.4 -1.4 -1.4 -1.4 -1.4 -1.4 -1.4 -1.4 -1.4 -1.4 -1.4 -1.4 -1.4 -1.4 -1.4 -1.4 -1.4 -1.4 -1.4 -1.4 -1.4 -1.4 -1.4 -1.4 -1.4 -1.4 -1.4 -1.4 -1.4 -1.4 -1.4 -1.4 -1.4
46.1 47.2 48.3 48.9 49.3 50.7 51.9 52.6 55.8 56.9 57.8 57.9 58.2 56.1 52.7 47.1 41.7 35.7 30.5 27.7 24.6 22.2 19.7 17 13.7 12.7 11.1 9.5 7.8 6.9 6 5.3 5.1 4.9 4.1 4.1 4.1 4.1 4.1 4.1 4.2 5.4 4.3 -1.4 -1.4 -1.4 -1.4 -1.4 -1.4 -1.4 -1.4 -1.4 -1.4 -1.4 -1.4 -1.4 -1.4 -1.4 -1.4 -1.4 -1.4 -1.4 -1.4 -1.4 -1.4 -1.4 -1.4 -1.4 -1.4 -1.4 -1.4 -1.4 -1.4 -1.4 -1.4 -1.4 -1.4 -1.4 -1.4 -1.4 -1.4 -1.4 -1.4 -1.4 -1.4 -1.4
49.5 50.6 52.7 51.9 51.5 52.9 53.9 56 57.7 58.9 59.8 59.9 59.8 57.9 53.9 47.9 43.9 38.6 34.2 31.7 29.9 27.3 23.7 19.8 15.7 12.6 11.3 9.2 7 6 5.3 4.8 4.3 4.2 4.1 4.1 4.1 4.1 4.1 4.1 4.1 5.6 3.1 -1.4 -1.4 -1.4 -1.4 -1.4 -1.4 -1.4 -1.4 -1.4 -1.4 -1.4 -1.4 -1.4 -1.4 -1.4 -1.4 -1.4 -1.4 -1.4 -1.4 -1.4 -1.4 -1.4 -1.4 -1.4 -1.4 -1.4 -1.4 -1.4 -1.4 -1.4 -1.4 -1.4 -1.4 -1.4 -1.4 -1.4 -1.4 -1.4 -1.4 -1.4 -1.4 -1.4
53.4 55.6 56.6 55.1 54.2 55.8 57.9 59.5 60.6 61.7 62.6 62.7 62.2 59.8 56.2 53.2 47.1 43.5 39.6 37.5 34.2 31.4 28 23.9 18.5 13.8 12.1 11.4 9.3 9.4 10.9 10.7 9.1 8.1 5.2 4.4 4.1 4.1 4.1 4.1 4.1 5.7 1.3 -1.4 -1.4 -1.4 -1.4 -1.4 -1.4 -1.4 -1.4 -1.4 -1.4 -1.4 -1.4 -1.4 -1.4 -1.4 -1.4 -1.4 -1.4 -1.4 -1.4 -1.4 -1.4 -1.4 -1.4 -1.4 -1.4 -1.4 -1.4 -1.4 -1.4 -1.4 -1.4 -1.4 -1.4 -1.4 -1.4 -1.4 -1.4 -1.4 -1.4 -1.4 -1.4 -1.4
59.3 60 60.4 58.7 58 59.7 61.2 63 64 64.5 66.8 67.2 66.6 63.9 60.6 57.6 52.9 51 45.7 42.3 38.8 35.7 32 27.1 22.1 17.9 14.6 13.9 15.7 17.6 19.5 20.8 20.1 15.4 9.8 7.3 3.2 4.1 4.1 4.1 4.2 5.3 1 -1.4 -1.4 -1.4 -1.4 -1.4 -1.4 -1.4 -1.4 -1.4 -1.4 -1.4 -1.4 -1.4 -1.4 -1.4 -1.4 -1.4 -1.4 -1.4 -1.4 -1.4 -1.4 -1.4 -1.4 -1.4 -1.4 -1.4 -1.4 -1.4 -1.4 -1.4 -1.4 -1.4 -1.4 -1.4 -1.4 -1.4 -1.4 -1.4 -1.4 -1.4 -1.4 -1.4
64.6 64.9 65.2 63.6 61.9 63.5 65.7 67.6 67.9 70.7 72.3 72.3 71.4 69.5 65.7 63.5 61.3 56.6 51.1 45.6 42.8 38.7 33.3 26.7 22.6 17.9 19.1 22 23.8 25.4 27.8 29.3 28.8 25.1 20.1 14.3 9.4 4.9 4.1 4.1 4.7 5.6 -1.4 -1.4 -1.4 -1.4 -1.4 -1.4 -1.4 -1.4 -1.4 -1.4 -1.4 -1.4 -1.4 -1.4 -1.4 -1.4 -1.4 -1.4 -1.4 -1.4 -1.4 -1.4 -1.4 -1.4 -1.4 -1.4 -1.4 -1.4 -1.4 -1.4 -1.4 -1.4 -1.4 -1.4 -1.4 -1.4 -1.4 -1.4 -1.4 -1.4 -1.4 -1.4 -1.4 -1.4
68.1 68.4 68.7 68.4 66.3 69.5 70.6 71.9 74 75.7 77.4 77.6 75.7 73.2 72.8 71.2 69.9 66.7 60.4 51.9 46 40.6 31.9 26.8 22.1 23.4 26.3 30 31.9 34 35.9 36.6 35.5 32.6 28.7 23.1 16.6 10 3.9 4.1 5.6 3.8 -1.4 -1.4 -1.4 -1.4 -1.4 -1.4 -1.4 -1.4 -1.4 -1.4 -1.4 -1.4 -1.4 -1.4 -1.4 -1.4 -1.4 -1.4 -1.4 -1.4 -1.4 -1.4 -1.4 -1.4 -1.4 -1.4 -1.4 -1.4 -1.4 -1.4 -1.4 -1.4 -1.4 -1.4 -1.4 -1.4 -1.4 -1.4 -1.4 -1.4 -1.4 -1.4 -1.4 -1.4
73.6 73.9 74.1 73.2 71.2 74.2 75.1 77.4 79.3 81 82 82.3 82 81.2 78.6 77.1 76 72.9 67.6 60.2 50.8 38.1 29.7 26.7 27 31.1 35.1 37.9 40.8 42.5 43.1 43.6 42.1 39.2 34.7 29.1 21.7 14.1 7.4 4.1 5.4 0.6 -1.4 -1.4 -1.4 -1.4 -1.4 -1.4 -1.4 -1.4 -1.4 -1.4 -1.4 -1.4 -1.4 -1.4 -1.4 -1.4 -1.4 -1.4 -1.4 -1.4 -1.4 -1.4 -1.4 -1.4 -1.4 -1.4 -1.4 -1.4 -1.4 -1.4 -1.4 -1.4 -1.4 -1.4 -1.4 -1.4 -1.4 -1.4 -1.4 -1.4 -1.4 -1.4 -1.4 -1.4
79.2 79.5 79.3 78.2 75.4 78.5 79.8 81.2 83.2 85.2 87.7 88.9 88.2 85.8 83.8 82.9 81.7 79.7 73.5 65.8 53.4 37.5 29.6 30.2 34.3 38.7 44.4 49.5 51.8 52.8 50.7 48.4 46.6 43.8 39.6 33 24 14.2 7.4 5.3 5.5 1.2 -1.4 -1.4 -1.4 -1.4 -1.4 -1.4 -1.4 -1.4 -1.4 -1.4 -1.4 -1.4 -1.4 -1.4 -1.4 -1.4 -1.4 -1.4 -1.4 -1.4 -1.4 -1.4 -1.4 -1.4 -1.4 -1.4 -1.4 -1.4 -1.4 -1.4 -1.4 -1.4 -1.4 -1.4 -1.4 -1.4 -1.4 -1.4 -1.4 -1.4 -1.4 -1.4 -1.4 -1.4
87.3 85.1 83.5 82.1 76.6 80.9 83.7 85 87.1 89.6 91.8 94.3 92.7 90.4 88.8 87.4 86.8 83.9 74.8 58 46.1 35.1 33.2 39.2 44.5 51.3 55.6 58.5 59.8 60.8 60.2 58.1 54.6 50.9 46.3 37.7 25.5 14.6 8.3 5.7 5.9 1.6 -1.4 -1.4 -1.4 -1.4 -1.4 -1.4 -1.4 -1.4 -1.4 -1.4 -1.4 -1.4 -1.4 -1.4 -1.4 -1.4 -1.4 -1.4 -1.4 -1.4 -1.4 -1.4 -1.4 -1.4 -1.4 -1.4 -1.4 -1.4 -1.4 -1.4 -1.4 -1.4 -1.4 -1.4 -1.4 -1.4 -1.4 -1.4 -1.4 -1.4 -1.4 -1.4 -1.4 -1.4
93.1 92.3 90.6 87.4 81.1 86 88.6 91.6 93.4 95.7 97.9 98.9 99.2 97.7 94.1 89.8 84.7 77.8 67.7 55.4 44.2 37 42.2 48.6 56 59.9 63.2 65.1 66.1 66.1 66 61.3 56.1 50.1 40.9 32.3 22.8 15.7 9.4 6.6 3.8 -1.4 -1.4 -1.4 -1.4 -1.4 -1.4 -1.4 -1.4 -1.4 -1.4 -1.4 -1.4 -1.4 -1.4 -1.4 -1.4 -1.4 -1.4 -1.4 -1.4 -1.4 -1.4 -1.4 -1.4 -1.4 -1.4 -1.4 -1.4 -1.4 -1.4 -1.4 -1.4 -1.4 -1.4 -1.4 -1.4 -1.4 -1.4 -1.4 -1.4 -1.4 -1.4 -1.4 -1.4 -1.4
96.8 96.6 95.4 91.1 87.9 90.6 94 96.6 98.5 100.2 100.9 101.2 100.9 98.7 93.8 87.1 81.5 74 63.8 49.6 42.2 40.7 50 57.8 64.2 68.5 70.5 72.1 71.7 66.8 59.2 49.5 44 38.8 33.4 26.6 21.2 13.5 9.4 6.3 0.8 -1.4 -1.4 -1.4 -1.4 -1.4 -1.4 -1.4 -1.4 -1.4 -1.4 -1.4 -1.4 -1.4 -1.4 -1.4 -1.4 -1.4 -1.4 -1.4 -1.4 -1.4 -1.4 -1.4 -1.4 -1.4 -1.4 -1.4 -1.4 -1.4 -1.4 -1.4 -1.4 -1.4 -1.4 -1.4 -1.4 -1.4 -1.4 -1.4 -1.4 -1.4 -1.4 -1.4 -1.4 -1.4
93.5 95.5 95.9 93.5 91.7 94.7 97.6 100 100.7 101.5 101.8 100.9 99.6 97 91.1 84.3 78 68.7 56.7 50.2 42.5 47.8 56.3 65.6 72.2 76.4 75.6 69.1 62.5 53.1 45.2 39.3 33.9 30.1 25.3 21 16.9 11.6 8.1 6.2 0.7 -1.4 -1.4 -1.4 -1.4 -1.4 -1.4 -1.4 -1.4 -1.4 -1.4 -1.4 -1.4 -1.4 -1.4 -1.4 -1.4 -1.4 -1.4 -1.4 -1.4 -1.4 -1.4 -1.4 -1.4 -1.4 -1.4 -1.4 -1.4 -1.4 -1.4 -1.4 -1.4 -1.4 -1.4 -1.4 -1.4 -1.4 -1.4 -1.4 -1.4 -1.4 -1.4 -1.4 -1.4 -1.4
91.2 94 97.1 97.2 96.9 99 100.2 101.3 101.3 100.7 100.2 98.7 97 94.5 89.1 81.3 73.3 61.2 54.3 48.8 46.7 54.3 63 73.5 77.7 74.9 69.8 61.3 54.7 46 40.7 36.1 31.7 27.9 23.3 19.6 14.9 11.4 8.2 6.2 1.3 -1.4 -1.4 -1.4 -1.4 -1.4 -1.4 -1.4 -1.4 -1.4 -1.4 -1.4 -1.4 -1.4 -1.4 -1.4 -1.4 -1.4 -1.4 -1.4 -1.4 -1.4 -1.4 -1.4 -1.4 -1.4 -1.4 -1.4 -1.4 -1.4 -1.4 -1.4 -1.4 -1.4 -1.4 -1.4 -1.4 -1.4 -1.4 -1.4 -1.4 -1.4 -1.4 -1.4 -1.4 -1.4
