app/static/ascii/SX85.asc
ncols 200
nrows 200
xllcorner 280000
yllcorner 50000
cellsize 50
[rows 111 to 147 of 200, columns 83 to 165 of 200]
91.6 83.8 75.3 65.9 55.8 58.4 70.8 79.5 85.4 93.3 95.4 95.2 93.5 89.6 85.7 83.2 79.4 74 61.1 46.4 44.1 61.9 73.3 74.8 74.5 75.9 78.7 82.1 82.2 77.7 73.9 89.4 101.5 108.4 111 112.2 112.9 108.3 104.9 106.7 115.4 125.8 128.9 126.5 115.3 99.1 76.5 60.5 50.8 48.3 45.4 48.2 48.2 43.2 34.8 25.4 15.8 6.5 2 -1.3 -1.3 -1.3 -1.3 -1.3 -1.3 -1.3 -1.3 9.8 12.7 17.4 22.1 21.4 7.6 2.8 7.2 17.9 42.5 62.7 76.5 86.5 103.2 119.1 129.9
103.5 95.2 84 69.1 57.2 71.8 85.8 96.1 99.2 101.5 102.1 101.4 100.6 97.4 95.2 91.1 86.7 79.9 66.3 49.2 42.6 60.7 73.5 78.3 81.3 82.4 86.6 90.8 93 92.1 82.6 82.6 98 110.4 117.1 117.9 118.7 116.1 117.9 122.8 132.4 139.2 140.7 133.6 118.9 97.2 77.1 63.7 58.9 54.2 54.7 52.5 48.3 41.3 28.5 15.6 4.6 1.7 1.6 -0.1 -1.3 -1.3 -1.3 -1.3 -1.3 -1.3 -1.3 -1.3 0.4 1.8 5.9 2.8 2.8 2.8 32.4 40 60.2 77.6 89.5 106.8 123.2 137.6 143.7
114.2 103.5 90.3 72.2 64.5 81.7 97.7 104.9 107.9 108.3 108.3 107.8 106.2 104 100.6 96.6 91.3 83.6 68.1 51.4 43.6 57.1 73.8 82 86.3 90.9 93.7 98.2 100.7 101.4 98.8 89.9 102 114.8 121 124.1 125 126 132.3 138 143.9 145.1 141.3 132.1 117.1 95.4 79 75.4 71.9 68 61.6 53.1 42.9 31.3 19.1 16.5 19.6 10.2 1.4 0.8 0.1 -1.3 -1.3 -1.3 -1.3 -1.3 -1.3 -1.3 -1.3 -1.3 1.7 2.8 2.8 18.4 32.6 48.1 67.1 82.8 98.6 120 135.5 144 148.1
123.7 112.2 96.3 77.4 70.4 87.4 105.3 112.8 113.5 114.1 113.9 112.4 110.6 108 103.9 98.9 92.5 83.2 67 53.3 45.7 60.4 77.7 86.6 92.1 98.1 101.7 104.8 107.4 109.4 110.1 104.9 109.1 119.8 127.1 132.1 133.6 136.3 141.2 145 146.2 144.4 139.8 132.6 117.1 105.1 98 93.3 90.7 83.8 71.5 49.2 35.1 32.4 32.6 34.7 34.2 24.3 11.3 1.7 0.8 0 -1.3 -1.3 -1.3 -1.3 -1.3 -1.3 -1.3 -1.3 -1.3 1 7.3 23.2 31.5 49.8 68 83.3 103.1 128.7 136.5 143.7 148.2
129.4 120.3 104.6 84.1 74.2 93.8 112.5 119.6 119.7 119.8 119.1 116.6 115.2 111.3 105.8 99.6 91.4 79.1 63.6 51 45.9 63.2 81.6 90.8 98.1 103.2 107.2 111 114.3 117.2 118.8 116.2 115.6 128.6 134.9 139.3 142.4 142 146.3 147.9 146.5 145.2 141.1 134.8 122.6 121.9 118.2 113.8 108 96.5 74.6 52.8 45.3 48.9 52.7 54.1 50.3 38 24.5 13.7 1.6 0.9 -0.1 -1.3 -1.3 -1.3 -1.3 -1.3 -1.3 -1.3 -1.3 -1.3 1.1 21.1 32 47.6 65.5 82.9 103.7 126.2 134.6 140.9 147
131.6 123.5 110.9 90.9 82 100.4 119.9 125.4 126.1 125.6 123.8 121.8 118.7 113.6 107.6 99.6 89.8 74.8 58.9 49 50.5 64.3 81.7 90.8 96 99.8 108 115.4 121 125 128.6 128.7 128 137.2 143.8 147.4 148.6 149 149.3 148.9 147.4 145.9 141.6 137.7 134.5 133.1 132.1 128.3 119 102 77.6 62 64.9 70.8 74.8 75.2 67.2 52.4 39.2 34.1 19.6 1.7 0.6 -0.4 -1.3 -1.3 -1.3 -1.3 -1.3 -1.3 -1.3 -1.3 -1.3 8.4 30.7 44.3 63.1 80.1 100.2 120.6 131.3 140.6 146.5
134.6 125.4 112.7 97.3 86.8 106 123.7 129 130.1 129 125.4 122.1 117.8 112.8 106.6 98.3 85.5 68.2 53 56 56.5 57.4 62.4 72.2 83 94.9 106.8 117.9 125.8 133.1 137.7 140 142.4 144.6 150.3 153.2 154.1 153.4 152.9 151.1 149.2 147.3 145.4 142.9 142.4 141.9 137.9 132.6 123.1 104.3 82.7 82.1 86.1 92.7 96.2 92.9 85.3 70.4 63.4 58.1 41.3 17.5 1.6 0.8 -1.3 -1.3 -1.3 -1.3 -1.3 -1.3 -1.3 -1.3 -1.3 0.6 26.2 39.2 60.7 77.2 97.6 118.4 131.1 140.6 146.8
137 127.1 112.2 100 94.3 111.1 125.2 130.9 132 129.9 124.3 119.3 113.4 107.2 99.9 90.7 77.7 62.1 58.8 65.7 73.4 74.4 68.4 74.6 89.4 102.2 112.6 123.2 132 139.3 144 147.8 150.3 153 156.1 158.6 159.4 158.8 156.7 153.9 152.3 150.7 149.5 149 148.3 146.2 142 136.2 125.6 113 106.7 100.2 105.3 113.4 116.3 113.2 106.5 93.8 90.9 80.2 64.9 41.4 21.7 12.8 1 -1.3 -1.3 -1.3 -1.3 -1.3 -1.3 -1.3 -1.3 -1.3 1.6 31.6 56.6 74.9 95.3 116.1 130.1 139.9 147.6
136.9 127.1 114.6 103.1 105.4 122.1 128.4 132.9 131.8 127.5 123.3 110.3 103.4 95.3 89.6 82.7 69.7 57.6 63.6 78.5 92.1 93.9 79.9 75.1 97.2 110.6 120.1 129.9 138.2 143.3 148 151.2 154.1 158 162.2 163.7 164.4 162.8 160.4 157.8 155.7 155.5 155 154 152 149.4 145.1 138.8 133.3 129.1 126.9 125.5 128.1 133.7 135.3 133.6 127.7 120.7 115 104.9 90.7 70 51 32.9 17.7 1.6 -1.3 -1.3 -1.3 -1.3 -1.3 -1.3 -1.3 -1.3 -1.3 27 52.1 72.3 93.4 113.3 127.9 139.4 148.7
135 124.8 117.1 113.3 119.3 129.6 134.4 136.7 134.7 129.9 124.2 114.7 103.2 89.6 77.4 71.3 64.4 65.4 75.7 93.1 108.3 105.9 90.2 82.1 92.2 107.8 124.3 135 140.9 146.5 151 153.8 159.2 163.5 167.6 169.3 168.2 166.5 164.9 162.7 160.5 159.8 158 156.6 154.1 151.1 147.5 144.2 141.2 140.4 140.8 140.2 140.7 143.8 146.1 146.5 141.4 140.9 138.4 130.2 115.5 97.8 80.6 66.8 53.4 40.7 24.7 -1.3 -1.3 -1.3 -1.3 -1.3 -1.3 -1.3 -1.3 28 46.8 70.2 92.5 113.1 127.5 140.4 147.2
141.3 136.1 132.6 128.6 134.1 137.5 140.7 140.7 138.9 134.4 127.1 116.9 101.6 84.9 74.7 69.1 66.8 71.5 88.9 107 116.1 115 109 94 95.9 111.2 126.5 136.6 142.7 148.3 152.2 157.6 162.4 168 171.5 172 170.6 168.7 167 164.6 163.7 161.7 159.9 157.8 155.1 152.6 151.3 149.4 148 146.9 147.9 148.1 147.9 151.1 153.1 154.2 151.7 151.3 150.5 146.7 140.3 124.4 106.3 92.6 79.8 66.1 49.9 28.5 -1.3 -1.3 -1.3 -1.3 -1.3 -1.3 -1.3 29.3 41.9 66.8 89.9 113.5 127.9 137 143
154 150.9 148.6 145.8 144 146 146.2 144.3 141.5 137.3 129.6 112.4 91 78.7 77.2 75.6 72 79.8 99.2 117.5 123.3 123.3 120.8 110.7 102.1 114.2 127.4 135.9 143.3 149.5 153.7 160.5 166.7 170.5 172.4 171.6 170.2 168.3 166.8 165.6 163 161.4 159.6 158.1 156.3 155.1 154.3 153.8 152.8 152 153.3 154.5 155.6 157.1 158.9 160.4 159.6 157.7 156.2 153.3 146.8 138.4 127 110.4 99.8 83.7 65 45.9 22.6 -1.3 -1.3 -1.3 -1.3 -1.3 -1.3 28 37.9 63.4 86.7 109 124.3 133.1 138.2
163.4 161.2 157.7 155 154.2 152.6 149.5 146.8 141.7 136.1 122.7 101.9 87.3 88.7 92.3 87.9 81.4 81.1 100.7 118.5 125.8 128.6 129.2 128 123.6 121.5 121.3 133.1 142.2 149.1 155.7 162.2 167.8 170.6 171.9 170.9 169.5 167.8 165.9 163.7 160.3 159.4 158 156.9 157.8 157 156.6 156.6 156 156.2 157.5 158 159.1 158.8 160.8 162.6 162.6 161.5 158.9 155 149.7 142.4 133.9 122.3 109.9 94.4 75.1 55.8 37.9 14.3 -1.3 -1.3 -1.3 -1.3 -1.3 19.9 34 59.5 84 103.5 118.8 129.1 134.5
170.3 167.7 164.3 161.3 158.2 154.6 150.5 144.2 135.9 122.3 107.6 97.2 96.2 105.6 108.7 105.5 95.4 88 93 110.1 123.8 130.9 133.9 136.5 135.7 129.6 121.8 128.3 139.1 149.3 156.8 163.6 167 169.8 170.9 169.8 168.2 166.4 164 161.5 158 155 154.3 155.6 156.4 156.4 156.9 156.5 157.2 158.4 159.7 159.8 160.2 160.6 161.2 161.8 162.6 161.5 158.8 155 149.7 142.7 133.4 122.7 111.9 96.2 78.3 61.6 44.3 27 -1.3 -1.3 -1.3 -1.3 -1.3 -1.3 29.4 54.1 78.4 99.2 115.8 125.7 131
173.8 171.2 167.6 164 159.5 154 146 133.5 127 120.5 116.7 106.9 112.4 121.5 123.7 120.7 114 102.8 94.4 104.6 123.1 131.9 137.4 141.2 143.2 141.9 134.1 131.2 137.8 149.5 158.4 162.4 165.6 168.6 169.4 168.3 166.7 165 162.7 159.7 156.3 153.6 148.9 151.3 151.9 153.5 154.8 155.6 156.8 158.2 158.8 158.8 159.4 160 160.6 161.1 159.4 158.5 156.8 153.4 148.3 141.2 132.1 121.8 111.3 96.6 78.9 62.7 48.9 31.5 9.4 -1.3 -1.3 -1.3 -1.3 -1.3 24.6 50.2 73.7 95 112.5 122.8 129.1
175.6 172.2 168.2 163.4 158.4 149.3 138.5 138.6 139.2 137.9 132.9 117.3 125.6 135.1 136.8 135.1 130.3 123.6 109.8 105.9 121.8 132.6 139.6 143.6 146.5 146.3 145.3 141.1 138.2 149.2 155.6 160.1 164.2 167 167 166.5 165.5 163.8 161.5 158.3 152.7 151.4 147 140.8 141 147.8 150.1 151.8 152.9 153.6 155.4 157.6 158.5 159.4 160 158.7 157 155 153 149.6 144.5 136.6 129 118.4 107.4 93.6 75.9 62.7 50.5 31.2 10.9 -1.3 -1.3 -1.3 -1.3 -1.3 22.9 46.2 69.2 91.8 110.6 122.5 128.8
176.5 172.6 167.5 160.1 152.9 147.9 148.3 150.3 147.7 145.6 139.2 124.2 135.6 142.2 144 143.2 140 135.5 119.1 116.6 128.2 134.6 140.7 145.4 149.3 151.3 151.8 150.5 145 149.3 154.1 159.7 163.2 165.2 165.3 164.5 163.7 162.5 160.3 156.8 152.9 148.7 144.2 136.4 132.2 136.6 143.8 145.1 145.8 149 153 156 157.2 157.7 157.5 156.1 153.1 150.4 147.3 143.1 138.3 131 122.6 111.7 100.5 86.7 70.9 59.7 45.6 26.7 4.9 -1.3 -1.3 -1.3 -1.3 -1.3 22.4 42.3 65.8 89.3 109 121 126
175.2 171.2 164.2 158.3 157.4 156.2 155.8 153.8 152.2 148.8 139.6 133.2 143.7 148.8 150.2 149.4 147.4 143.3 129 123.7 133.9 139.4 144.1 148.9 153.5 155.4 155.2 154.9 153.1 154.6 157.6 160.8 162.4 164.2 164 163.3 162.1 160.4 159 154.8 151.4 144.1 138.3 132.4 126.9 126.1 132.6 136.4 140.5 146.3 152 154.2 155.1 155.2 153.9 151.7 148.1 144.2 139 134.8 129 121 112.2 101.2 89.9 76.5 63.5 52.1 36.7 19.6 1.2 -1.3 -1.3 -1.3 -1.3 -1.3 21.6 37.7 62.8 87.7 106.9 116 118.8
174.3 171.3 167.4 166.7 164.6 162.4 159.1 156.2 153.1 148.5 138 141.4 151 154.3 155.8 155.4 153.3 148.4 136.7 130.7 139.7 145 150.3 154.9 158.4 157.8 159.3 159.2 159.6 159.8 161.2 162.6 162.7 162.6 162.4 161.2 160.5 159.1 157.5 153.3 148.8 145.4 143 139.2 132.4 124.4 117.1 124.6 131.1 141.6 148.7 151.3 152.2 151.5 150 146.9 143.1 136.7 129.7 122.7 117.2 108.4 99.4 90 77.4 64.7 52.8 40.1 25 8.5 0.6 -1.3 -1.3 -1.3 -1.3 -1.3 15.7 33.4 58.9 84.8 102.2 108.5 110.2
174.7 174 173.3 171.9 169.5 165.3 161.5 157.3 152.5 146.6 143.7 149.9 155.8 158.9 159.8 158.5 155.6 150.9 139 139.7 146.7 151.7 156.6 159.9 162.5 162.4 162.3 162.8 163.1 162.2 162.6 162.5 161.8 160.7 159 157.7 158.5 157.9 157 155.2 153.6 152.1 149.7 145.9 141.2 135.9 119.4 110.4 121.3 134.9 143.1 146.6 148.2 147.6 144.6 140.8 135.8 127.4 120.1 108 101.2 94.9 87.2 76.8 63.5 49.8 38.5 28.4 6.2 1.9 -1.3 -1.3 -1.3 -1.3 -1.3 -1.3 8 28 53.9 76.9 93.3 101 99.2
175.6 176.9 177 175.2 172.6 168.9 164.2 159.1 153.3 147.3 148 155.1 159.8 161.7 162 160.4 157 148.9 144.6 151.7 156.6 160.1 162.2 164.6 165 164.5 164.4 164.2 163.9 162.6 160.9 160.8 158.8 156.8 155.1 153.6 154.7 156.8 156.9 156.1 154.2 154.4 153 148.5 144 137.2 120.4 100.6 110.6 121.3 135.3 141.1 142.7 142.6 140 135.1 127.6 117.7 103.8 90.3 81.1 76.6 70.8 61 49.4 35.3 23.2 10.9 3.1 1.4 -1.3 -1.3 -1.3 -1.3 -1.3 -1.3 -1.3 21.5 45.3 67.8 83.2 87.7 85.3
177.3 178.7 179 178.4 175.4 171.8 166.7 161 154.1 150.1 153.2 159.7 162.4 164.3 163.4 161.1 156.1 151.2 155.2 160.5 164.4 166.3 166.9 166.7 166 166 164.7 164.3 162.6 160.9 159.1 156.7 154.7 152.3 149.8 149.4 152.6 155 156.3 156 154.9 154.8 153 149.3 144.1 137.8 122.2 99.8 101.1 110.6 120.2 132.2 136.9 137.1 134.6 128.6 120.8 110.1 94 77.9 68.6 61 56.1 49.3 39.3 25.5 25.1 23.6 13.2 0.6 -1.3 -1.3 -1.3 -1.3 -1.3 -1.3 -1.3 16.7 35.6 56 68.7 73 69.8
179.7 180.7 181.4 179.8 177 173.4 168.7 162.3 153.8 155.5 159 163.6 165.9 167.6 165.9 163.2 157.5 157.4 161.2 165.6 168.8 167.1 167.3 167.2 166.1 165 164.5 162.8 160.7 158.9 156.5 153 147.6 145.3 144.1 146.8 150.9 153.3 155.3 155.6 154.5 153.1 151.1 147.4 142.7 136.2 120.6 97.7 88.8 98.2 108.4 122.4 129.3 132 130.2 125.2 116.7 103.3 86.6 72 62.7 54.2 46.9 38.6 33.1 39.1 40.5 25.4 7.4 -1.3 -1.3 -1.3 -1.3 -1.3 -1.3 -1.3 -1.3 3.8 20.6 44.6 53.9 58.3 52.8
181.7 183.1 183.3 181 178.4 174.3 169.3 161.3 158.2 162.9 166.6 169.1 171.1 171.1 169.8 166.2 161.6 163.4 167.2 170.6 169.9 167.8 166 164.9 165.1 163.7 162.1 160.7 158.9 157.9 155.3 151.6 145.6 137.3 140.3 146.1 149.8 151.7 153.5 153.8 152.6 150.9 147.4 143.6 138.4 132.3 118.7 96.4 82.7 86.1 98.3 110.8 119.9 126 126.5 122.5 113.7 101.2 89.6 77.2 63.8 55 46.4 45.4 50.7 52.1 42.1 23.3 1.5 -1.3 -1.3 -1.3 -1.3 -1.3 -1.3 -1.3 -1.3 0.9 18.3 23.2 35.8 37.3 31.8
182.3 183.6 183.2 181.2 178.1 172.7 165.4 163 167.5 171.3 174 175 175.6 174.9 171.5 167.9 164.7 168.3 172.1 172.2 170.5 168.6 166.6 164 161.7 160.2 159.1 158.7 158.1 156.8 154 150.6 144.8 131 138.1 145 148.4 150.2 151.1 151.7 150.2 147.2 142.5 138.4 132.6 126.7 119.5 107.1 82.6 73.3 84 97 107.5 117 122.1 121.3 116.9 110.5 102.6 91.5 83 72.4 66.5 64.8 61.6 52.3 41.5 21.1 1.3 -1.3 -1.3 -1.3 -1.3 -1.3 -1.3 -1.3 -1.3 -1.3 11.6 13.9 18.7 16.5 -1.3
182.9 183.7 182.2 180 176.4 170.5 168.6 173.2 175.6 178.2 179.6 179.7 178.6 176.6 173.9 170.7 170.8 173.4 174.1 172.4 170.6 168.5 166.2 162.6 160.7 157.2 155.1 154.9 155 153.1 150.5 147.2 141 127.2 128.2 139.1 145.5 147.3 148.3 148.3 146.8 143.4 138.6 132.3 124.6 119.8 115.6 110.6 92 73.5 69 82.2 95.3 110.8 119 120 120 116.2 111.6 107.1 101 92.5 82.7 73.4 61.6 47.6 33.4 17.4 0.7 -1.3 -1.3 -1.3 -1.3 -1.3 -1.3 -1.3 -1.3 -1.3 -0.5 0.3 14.1 -1.3 -1.3
182.8 183.2 181.9 180.1 177.5 177.4 179 180.8 183 183.5 183.2 182.1 180.2 178.6 175.9 174.6 175.2 175.4 174.2 172.5 170.2 167.7 165.4 164.6 161.6 158.5 154.6 151.3 148.9 146.1 140.6 140.9 133.3 123.1 123.3 125.8 137.9 141.9 143.3 143.6 142.3 139.8 135.5 128.5 117.6 109.5 110.1 105.9 100 80.1 61.2 69.6 86 101.9 114.1 116.2 116.7 115.7 115 117.3 111.9 100.9 84.6 68 53.9 40.2 24 4.6 -1.3 -1.3 -1.3 -1.3 -1.3 -1.3 -1.3 -1.3 -1.3 4.3 2.9 1.4 2.9 -1.3 -1.3
181.3 182 182.3 181.6 180.9 181.8 183.4 185.6 186.4 186.1 185 182.9 180.8 180.1 178.8 178 177.4 175.9 173.9 171.5 169.2 166.8 165 163.1 162 159.9 157.6 155.4 152.7 150.5 144.2 137.4 135.6 130 114.3 120.8 125.3 133.6 136.9 137.5 137.8 136.9 133 127.2 119.9 107.8 98.9 96.5 91.8 81.4 64.7 59.4 75.1 89 104.9 107 108.6 108.4 110.9 116.3 114.3 99.9 81.2 62.2 46 32.6 17.3 1.2 -1.3 -1.3 -1.3 -1.3 -1.3 -1.3 -1.3 -1.3 3.8 5.3 6.6 2.9 2.2 12.8 23.3
178.9 181.5 183.3 184.1 184.3 185.7 186.7 186 185.4 184.6 183.5 182.2 181.4 180.7 179.8 178.5 176.8 175.2 172.1 169.2 166.9 163.9 161.8 160.8 160.7 159.7 159 158 156.6 153.9 150.4 147 143.4 135.7 116 109.2 116.4 123 128 131.9 134.5 133.9 131.8 128.3 123.6 117.4 104 88.3 75.2 66.9 60.9 50.8 66.2 66.8 91.2 90.6 94.7 96 99 106.6 105.1 93.8 77.4 58.1 40.9 26.8 16.6 0.6 -1.3 -1.3 -1.3 -1.3 -1.3 -1.3 -1.3 -1.3 4.3 7.3 14.3 10.4 3.9 13.7 26.3
178.5 181.8 184.5 185.4 186.8 187 186.2 183.6 180.9 180.5 179.7 179.6 180.1 179.7 178.9 177.3 175.1 172.4 169.7 167.2 164.3 159.5 155.9 156.4 156.2 157.3 158 157.8 157.5 156 152.5 148.3 142.6 136.3 118.5 103.2 103 110.5 117.8 126.1 129.9 131 130.2 128.7 125.8 120.2 111.8 97.8 86.3 75.5 60 49.9 43.9 60.8 74.6 75.4 77 80.1 82.5 90.2 93.3 85.6 71.8 53.4 35.1 21.2 1.6 -1.3 -1.3 -1.3 -1.3 -1.3 -1.3 -1.3 -1.3 -1.3 1.2 5.4 11.4 13.5 13.6 14.3 24.3
178.8 182.1 185.4 186.7 187.7 185.8 181.8 176.9 174 174.3 175.3 176.1 176.7 177.2 176.2 174.7 172.1 169.4 166.7 164 160.8 156.3 150.7 148.5 150.6 153.7 156.5 157.1 157.3 155.5 151.1 146.6 140.7 133.8 126.2 115.3 101 96.5 107.7 119.5 124.9 126.5 129 129 127.1 121.7 116.3 110.6 102.3 90 70.3 50.5 42.9 41.4 59.4 61.5 60.9 64.5 66.6 72.4 80.4 72.7 60.5 42.3 24.8 13.5 0.7 -1.3 -1.3 -1.3 -1.3 -1.3 -1.3 -1.3 -1.3 -1.3 0 1.2 5.2 6.6 12.6 23.7 30.9
182.7 185.5 187.1 188.4 187.2 184.4 177.7 169 165.2 168.2 169.2 171.1 172.4 173.6 173 171.3 168.8 165.6 162.5 160.1 157.6 153.4 148.6 139.5 141.7 146.6 152.1 154.8 154.9 153 149.9 146.2 140.2 132.1 123.7 115.2 105.6 92.9 97.7 110 117.7 121.4 125.3 128.2 128.6 126.8 123.7 119.4 110.7 97.7 79.3 63 46.3 33.5 36.3 44.3 45.1 48.9 50.1 55.7 63.7 57.2 45.8 29.6 16.3 1.6 0.2 -1.3 -1.3 -1.3 -1.3 -1.3 -1.3 -1.3 -1.3 -1.3 -0.5 0.8 4.4 9.3 20.4 30.2 37.8
186.1 187.2 189.1 188.3 186.5 182.5 176.2 165.8 157.5 161.1 162.5 164.8 166.8 167.8 168.4 167.6 164.6 161.1 158 155.7 153.4 150.7 147.2 136.2 124.7 137.1 145.9 149.9 153.1 153.3 150.5 147 143.4 136.5 128 119.4 106 95.6 86.1 97.7 105 113.3 119.5 127.4 131.9 132.2 130 125.5 117.9 108.6 94 75.8 57.8 40.2 24.4 23.9 25.9 28.5 34.1 38.9 46.2 42.9 32.4 19.2 10.3 1.1 0 -1.3 -1.3 -1.3 -1.3 -1.3 -1.3 -1.3 -1.3 -1.3 -1.3 2 2 12.8 20.7 30.5 38.6
189.1 189.3 189.7 187.8 184.4 180.6 175.3 167.2 147.3 152.7 153.7 156.4 157.5 159.3 160.6 162.4 160.5 156.7 153.4 151 148.6 145.7 141.7 126.6 117.4 126.2 141.9 148.5 153.5 153.3 151.9 148.8 145.4 140.3 133.7 125.4 114.9 101.8 88.4 82.4 90.7 100.3 114.3 125 131.8 133.4 132.3 128.8 125.1 120.2 112.2 90.9 74.5 55.1 39.3 21.8 9.8 9.7 15.8 24.5 30.8 30.6 23.1 13.9 1.7 0.9 -0.1 -1.3 -1.3 -1.3 -1.3 -1.3 -1.3 -1.3 -1.3 -1.3 -1.3 14.6 9.2 21 22.7 30.5 39.2
191.1 190.7 188.4 185.2 181.8 176.7 171 163 147.3 138 138.2 140.7 144.4 146.1 150.8 154.7 155.6 152.3 148.9 146.3 143.2 137.8 128.8 115.7 112.9 123.8 141.6 149.3 153.5 153.4 152.9 150.6 146.9 142.3 135.6 126.9 115.6 105.4 99.6 88.9 79.5 88.7 105.5 120.5 127.6 131.1 132.2 129.6 128.8 126.1 119.9 104.3 88.4 71.9 56.4 41.2 26.8 9.5 -1.3 10.6 19.3 20.2 16.2 9.4 1.3 0.6 -0.1 -0.8 -1.3 -1.3 -1.3 -1.3 -1.3 -1.3 -1.3 -1.3 1.5 14.7 21 34.3 35.5 39.2 46.8
190.9 188.3 186 181.8 178.3 172.9 164.8 156.4 142.9 127.2 120.6 120.7 125.1 128.6 137.1 143.8 148 147 143.1 138.5 131.8 125.2 113.3 103.8 109.7 127.4 142 150.2 153.4 153.7 153.1 151.7 148.1 143.4 137.1 130.2 126 121.1 112.5 98.2 82.9 79.8 96.8 112.8 121.7 127.8 130.6 126.1 124.8 122 115.7 107.7 96.7 83 70.7 56.2 40.5 23.6 -1.3 -1.3 1.7 11.7 9.6 1.6 1 0.5 -0.1 -0.6 -1.3 -1.3 -1.3 -1.3 -1.3 -1.3 -1.3 -1.3 0.9 14.7 26.8 38 48.5 56 64.6
188.8 186.1 183.4 179.9 175.2 168 159 151.8 145 140.3 129.1 115.2 106.5 112.4 121 133 138.5 139.4 135.8 128.8 113.8 107.6 98.4 92.5 108.5 128.5 141.7 148.8 151.5 151.9 151.1 149.6 147.4 145.7 141.9 138.7 134.7 129.1 118.5 103.5 87 72.3 87.8 103.3 114.3 120.9 122.7 119 117.4 113.9 107.9 99.2 88.4 79.4 69.1 53.5 39.2 22.6 -1.3 -0.5 0.7 1.5 4.4 1.3 0.8 0.4 -0.1 -0.6 -1.3 -1.3 -1.3 -1.3 -1.3 -1.3 -1.3 -1.3 -1.3 13.5 20.9 34.9 47.5 57.2 67.8
