app/static/ascii/SX86.asc
ncols 200
nrows 200
xllcorner 280000
yllcorner 60000
cellsize 50
[rows 74 to 110 of 200, columns 0 to 84 of 200]
41.4 45.2 47.6 46.4 43.7 42.9 42.9 42 42.1 42.3 44 46.3 49.1 51.8 54.6 57.1 56.7 55.5 53.9 54.4 55.3 57.4 60.5 63.7 67.4 69.7 66.6 62.4 58.3 55.3 53.1 51.6 50 48.4 46.5 43.6 40.9 37.4 33.2 29.8 27.2 26.6 25.8 25.6 36.7 47.3 55.2 65.7 77 80.7 85.4 84.8 82.5 82.3 84.7 83.1 78.7 71.4 66.2 66.5 68.4 69 67 64.6 64.9 67 69 73 74.5 75.8 75.2 74.4 75.1 76.6 80 83.8 83.4 82.6 81.5 80.1 78 74.3 71.2 70 72.9
40.4 44.4 44.9 43.7 40.3 38.9 39.3 38.5 40.3 42.4 45.6 48.4 50.8 52.4 54.4 57.3 58.1 58.3 57.8 59.6 60.7 62.6 67.9 69.5 70.2 70.6 67.6 63.7 60.1 56.8 55.4 54.3 51.7 48.8 46.7 44.2 41.9 38.4 35.2 31.9 28.6 27 25.5 25.9 36.9 47.9 57.1 65.7 75.7 79.8 82.9 82 78.6 78.2 80.3 78.6 75.1 68.8 63 64.3 66.7 66.6 62.8 60.3 62.9 66.4 72.3 74.4 75.1 73.7 73.3 73.3 74.5 76.3 79.2 79.8 79.7 78 77.3 76.6 75 70.4 66 67.5 66.8
38.7 39.5 40 39.8 38.3 37.5 39.4 42.8 45.5 48.4 49.2 50.6 52.7 55.3 59.3 59.5 62.1 61.8 62 64.3 67.1 67.6 73.7 74.3 72.6 70.8 67.6 63.8 59.6 57.2 55 53 50.8 47.9 45.3 42.7 40.2 36.9 34 31.2 28.6 25.4 25 24.6 35.3 48.5 57.3 66.4 74.5 78.9 80.1 78.1 75.1 73.8 76.3 73.3 69.2 65.4 59.2 61.3 64.6 63.5 59 57.5 62.7 68.4 74.8 75.2 73.5 71.6 71.4 72.3 74.7 76.6 79.9 80.4 79.1 74.3 72.5 71.1 70.8 68.6 63.7 62.8 62.5
34.2 35.1 35.9 35.3 36.2 40.1 44.5 49.9 53.6 54.3 54.6 55.6 59.1 61.9 63.9 64 65.8 66.6 67.4 69.7 72.5 74.5 76.3 77.3 74.8 70.5 64.9 60.9 57.7 53.6 50.9 48.4 46.7 45.4 42.1 39.3 36.8 33.9 31.3 28 26.8 25.1 24.5 24.6 30.8 47.2 57.6 65.5 71.5 77.2 76.8 74.2 71 69.2 70.7 68 64.3 61 56 56.6 61 57.2 53.5 57.2 63.3 70.4 75.2 73.2 70.1 70.1 71.3 73 75.3 79.5 81.7 85.1 81.1 74.2 68.3 67.9 67 65.3 62 58.8 60.2
31 31.7 32.1 35.4 40 44 50 55.3 57.1 58.7 59.9 60.2 62.6 64.9 67.1 66.7 66.4 69.8 72.2 74.3 77.3 79.1 80.6 79.6 75.6 71.1 64.5 59.2 55.2 51.4 49 44.5 42 41 37 36.7 37.2 36.8 35.3 33.6 31.3 28.4 25.2 23.6 24.9 42.1 55.8 62.8 67.1 72.5 73 70.6 67.7 64.1 62.7 62.7 60.4 57.8 52.6 50.7 53.7 50.3 50.6 56 64.3 71 73.8 70.8 67.3 67.8 71.2 75.8 79 84.3 85.8 86.4 82.5 74.3 68.1 62.9 61.7 61.3 58.4 53.8 59.2
29.8 30.8 33.8 38.8 43.2 47.4 51.2 55.5 59 61.6 62.7 61.9 62.9 65.6 65.9 65.8 65.6 70.8 76.1 78.4 82.9 83.7 84.6 82.1 78.5 74.2 68 62.1 59.3 54.5 50.8 46.4 41.5 46.2 47.5 46.2 43.9 41 38.9 36 32.5 29.2 26.4 24.3 24 34.7 49.5 57.1 63.7 67.5 70.1 67.9 65.8 62 59.1 57.6 55.3 52.6 47.1 45.3 45.9 47.4 48.8 53.7 63.1 68.5 70 66.8 65.3 68.3 73.4 83.3 84.8 85.1 83.3 81.7 78.3 73.1 68.7 63.4 56.5 56 55.6 50.7 57.8
31.4 32.9 37.1 40.9 45.1 49.8 53.2 56.7 60.1 61.8 62.2 61.1 61.9 63 63.3 63.4 65.5 71.6 77.1 83.4 87.8 89.5 88.8 86.2 81.6 75.9 70.2 64.9 59.2 53.3 48.9 47 51 56.1 55.9 52.1 47.5 43.3 40.6 37 33.6 30.3 27.1 23.8 23.3 26.9 37.4 46.9 57.2 63.2 66.5 66 64.2 61.5 57.1 53.1 48.8 46.3 43.3 44.7 47.6 49 51.7 54.3 56.5 61.3 65.7 62.9 63.4 68.3 77.9 81.9 83.7 82.6 80.6 76.5 75 71.7 67.3 62.2 55.3 51.3 51.1 48.2 52.3
32.2 36.5 40.3 43.9 47.8 51.8 55.7 59.4 60.8 61.6 61 59.7 58.2 58.3 58.1 60.8 67.8 73.3 79 85.2 91.1 94.6 92.8 89.9 84.4 76.2 66.3 63.9 59.6 56.2 55.7 57.8 61 61.1 59.8 55.5 50.9 46.2 40.9 36.9 33.3 30 26.7 24.1 22.5 28.6 40.6 46.4 51.1 58.3 64.3 64 62.8 60.9 58.8 54.6 50.2 43.7 41 49.7 53.1 60 60.5 58.3 56 57.4 59.2 60.7 63.1 69.2 75.6 79.2 80.3 79.2 76.7 73.4 71.5 69.1 65.2 62.2 56.1 50.7 47.4 47.2 47.1
35.1 40.4 43.6 47.6 51.4 54.8 59.1 61.9 62 61.5 59.5 57.8 55.3 54.2 56.1 61.8 68.6 76.8 84.5 89 93 95.9 95.1 91.3 82.5 77.6 77.2 74.8 68.9 68.4 68.2 67.6 66.5 64.3 62.5 57.4 51.6 45.4 39.6 36.1 34.2 31.1 27.4 23.7 22.1 31 42.7 49.9 57.4 63.1 63 61.7 60.1 57.9 56 53.1 48.9 40.6 41.4 50.2 62.2 64.8 64.1 61.6 58.3 58.2 58.4 60 62.3 65.6 72.9 77.4 78.8 74.2 71.9 69.2 65.5 63.8 62.2 61.1 56.3 48.8 44.8 43 46.9
38.4 43.4 47.7 51.3 55.4 59 61.8 63.6 62.3 60.3 57.9 56.1 53.3 51.2 56.3 62.9 71.2 81.3 89 94 96.4 97.8 96.5 91.5 88.3 86.8 86.5 84.4 80.6 77.9 75.4 72 67.6 63.7 59.7 54 51.1 48.7 45.9 43.2 37.8 32.3 28 23.9 22.4 33.2 44 51.7 60.7 65.8 63.4 59.1 56.5 54.3 52.1 48.8 44.4 38 43.2 52.5 66 67.5 65.6 62.7 60.3 59.2 59.3 59.9 61.7 64.8 69.9 73.7 71.7 71 67.9 64.8 59.8 59.3 56.2 57.2 53.4 46.9 42.8 42.6 48.5
38.2 43.7 48.5 53.2 56.9 60.2 61.7 62.3 60.9 58.8 56.5 53.5 50.5 50.6 58.8 65.6 74.1 83.8 92.1 97.8 100.5 100.4 99.1 95.8 93.1 92.1 90.8 88.8 85.4 81.3 77.6 75.2 73.5 70.4 67 62.8 59.2 57.1 52.4 46.5 39.5 31.9 25.9 21.7 22.4 35.2 44.6 52.8 62 63.6 60.8 56.4 52.4 48.9 46.5 43.9 39 36.9 47.2 56 65.4 65.9 65.9 63.7 61.7 61.3 61.3 61.4 61.8 63.1 65.4 68.7 69.1 68.3 66.1 64.2 61.8 60.2 56.2 50.7 47.8 43.9 40.8 41.8 49.8
36.4 42 47.1 51.9 55.7 57.9 59 59.6 58.7 56.9 54.9 52.6 49 50.2 60.6 68.5 77.8 86.5 94.5 99.3 102.9 102.5 100.9 99 96.7 94 92.7 91.1 88.6 85.7 83.3 81.5 78 73.3 68.3 63.8 62 59 54.6 47.5 38.7 30.5 24.2 20.8 22.6 35.4 47.9 53.3 55.4 54.6 52.4 50 46.9 43 40.6 38.7 35 38.2 49.8 56.2 59.3 63.1 65.1 65.3 64 63.8 63.7 63.1 62.6 63 63.7 65.1 66.5 66.8 65.7 65 63.3 59.8 56.2 51.2 47.6 43.6 39.2 41.1 45
35.1 40.4 46.4 51.1 54.7 57 56.4 56.8 56.5 54.7 53.3 50.1 46.6 50.3 61.2 72.6 82.4 90.9 95.9 99.6 100.9 102.4 101.8 98.3 95.5 93.2 92.9 93.4 92 89.9 87.1 84.4 80 74.7 69.5 63.6 58.7 57.4 53.5 46.7 36.7 27.8 21.7 20.2 21.8 34.2 43.6 47.2 47 46 43.7 41.5 39.2 37.1 35 34 34.5 40.7 47.1 53.1 57.5 61.7 66.4 67.4 66.8 66.7 66.3 65.4 64.6 63.9 64.2 64.1 65.6 66.6 65.9 65.8 64.3 61.9 57.6 53.1 47.2 42.1 37.6 39.9 41.5
33.9 39.7 46.3 51.3 54.1 55.5 54.5 53.6 53.7 52.5 50.4 47 43.7 50.5 64.2 74.7 85.8 93.5 97.9 100 98.7 99.7 100.1 96.9 93.6 91.4 95 95.4 94.5 92.8 89.9 86.2 81 75.5 69.4 63.5 57.3 52 50 43.9 34.5 25.2 19.6 19.5 21.2 31.8 38.5 39.6 39.2 38.5 35.6 32.6 30.5 30.5 31.9 35.1 37 41.2 46.6 52.1 56.1 61.7 66.8 68.8 69.4 69.8 70.8 68.2 67 66.3 66 64.8 65.5 66.7 66.4 66.5 65.9 62.6 58.7 53 46.8 40.3 35.7 39 47.1
33.3 40.5 47.4 51.7 53.9 53.9 52.7 50.7 50 49.5 47.9 44.6 41.5 51.2 64 74.6 85.7 93.1 97.9 97.4 95.8 95.6 96 93.7 89.9 90.1 95.7 97.8 96.8 94.6 91.8 86 80.4 74.1 68 61.9 55.3 47.7 45.3 39.9 31.6 23.8 19.7 19.4 20.7 27.6 32.4 33.6 32.5 30.6 28.6 28.8 36.4 42.9 47.5 49.1 42.2 42.5 48.3 52.1 55.5 58.1 65.3 69.5 72 74.6 73 70.9 67.3 66.9 66.4 65.3 66.3 66.2 68.2 69.2 67.2 62.4 57.3 52.2 46.1 38.6 35.1 46.9 41.7
33.2 39.9 47 50.9 53.1 52.7 50.7 48.7 46.9 46.2 44.6 42.1 42.1 51 59.8 72.7 82.9 90.4 94.9 94.8 92.8 90.5 91 89.6 84.5 90.5 95.3 98 98.4 95.3 91.2 85.2 77.3 68.6 61.5 56 49.7 42.2 37.9 33.6 28 23.6 19.9 19.9 21 21.7 22.4 24.2 25.2 28.8 35.5 42.7 52.2 58.6 58.8 55.3 47.8 46.5 49.2 52.5 54.7 55.6 60 67.9 75.3 77 73.2 65.8 61.6 61.1 61.9 63.3 65.7 68.8 71.2 71.6 67.8 63.5 60.6 57.2 49.9 39.4 36.8 37 41.2
30.8 37.5 45.7 50.2 52.4 52 49.8 46.7 43.9 42.5 41.5 40.1 42.3 49.4 57.1 68.3 78.2 85.4 89.6 90.7 90.2 87.6 85 84.2 76.3 86.3 91.1 95.6 97.7 95.7 91.2 85.5 80.1 72.3 65.8 59.7 51.8 44.7 38.9 33.2 28.4 23.8 19.9 19.8 25.7 28.8 32.1 35.4 39.4 44.9 50.9 58 61.7 64 63.7 59.8 52.9 48.6 49.7 50.5 51.6 50.6 55.1 55.6 59.7 66.9 62.5 58.5 52.4 51.2 53.7 59.6 63.3 70.6 73.6 71 66.8 62.8 61.8 58.9 51.4 41.9 44 34.8 40.3
29.2 38.6 45.3 48.2 50.9 51.3 49.3 46.2 43 40.9 39.8 40.1 41.6 46.7 53.9 62.1 72.5 78.1 82.5 85 86.6 85.1 80.8 76.5 70.2 74.3 82 88.8 93 93.2 89.9 85.6 81.3 76.5 70.5 64.7 57.8 50.5 42.8 36.1 28.6 22 19.4 24.2 33.4 38.9 45.2 49.6 53.9 58.1 59.9 63.3 65.7 66.9 64 59.7 53.7 49.7 48.3 47.5 46.8 45.6 45.1 45.8 44.3 48.8 50.4 48.7 42.6 43.6 53.7 58.7 63.9 68 70.3 68.2 61.6 56.6 57.4 56 52.2 44.9 35 33.1 38.1
24.9 34.2 40.3 45 48.3 50.6 48.6 45 42.4 40.4 38.4 38.3 39.9 44.6 51.4 59.4 66.3 72.2 76.7 80 82.5 82.8 82.9 79.1 69.6 61.7 66.5 77.7 85.8 87.7 86.7 83.4 80.9 75.7 69.7 62.5 55.2 47.4 39.8 33.7 24.1 19.1 18.9 27.7 37.9 43.9 49.5 53.1 57.7 60.7 63 65.2 67 64.9 60.5 56.3 51.1 49.1 47 45 42.2 41 40.3 40.4 40 40.2 38.3 36.9 36.4 42.7 53.3 56.3 58.7 61.3 65 66 60.8 49.5 47.1 51.3 53.2 43.1 35.3 32.4 37.2
21.4 28.5 35.3 40.8 44.4 48 48.1 43.3 40.6 38.6 36.7 35.1 39 43.1 49.5 57.4 64.7 69.3 72.1 75.2 78 79.4 82 80.7 76.8 67.5 55.8 63.3 73.4 79.8 80.6 78.7 75.8 71.3 65.4 59.3 50.6 41.5 34.1 27.6 21.5 18.2 19.8 29.8 38.9 43.4 49.4 51.5 53.9 56.4 59.1 61.8 63.1 61.1 56.9 52.7 48.5 47 47.9 47.1 42.8 38.3 37.2 36.4 35.7 34.6 30.8 31 34 40.6 48.6 50.3 51.5 52.3 56.1 60.2 59.9 51.4 40.6 40.7 42.1 41.8 34.2 32.8 47.6
20 21.2 29.8 36.5 39.8 42.4 44.1 41.4 39 37.3 34.5 35.1 39.9 46.9 54.8 59.8 64.1 67.9 69.9 72.4 73 74.4 75.5 75.5 75.2 71.5 59.8 52.4 59.1 69.7 72.2 69.6 66.8 63.4 58.2 52.9 46.7 39.7 32.5 25.8 21 17.7 19.7 29.4 38.6 42.4 47.1 47.9 49.5 51.1 53.5 58.4 59.9 56.4 53.3 48.1 44.5 46 50.6 50 46.3 41.3 36.6 33.8 32.7 31.5 29.7 29.9 32.8 36.5 42.7 43.3 44.7 44.6 46.1 50.3 53.9 50.8 40.5 37.8 33.8 35 31.5 35.7 48.7
20.6 19.9 26.7 34.1 37.5 39.2 40.4 39 37.4 35.4 32.8 34.2 40.5 48 56.3 61.2 64.1 66 68.3 69 69.5 69.7 70.6 70.4 69.9 67.9 64.1 53.5 48 56.8 62.1 60.4 58 55.7 53.7 49.7 45.1 39.9 33.5 27 20.9 17.1 18.8 28.8 36.9 40.8 42.4 42.8 43.9 47.3 53 58.3 56.7 54.4 50.6 43.6 39.9 45.7 53.8 52.5 49.2 44.3 39.2 33.8 30.2 29.4 28.1 27.9 31.8 32.8 36.6 33 33.8 39.3 38.4 40.7 40.3 37.2 32.1 29.6 29.4 29.6 30.3 37.3 46.6
22.8 19.5 23.6 33.1 34.9 36.3 36.7 36.2 35 33.3 30.7 33.7 39.3 47.6 54.6 59.1 60.9 62.6 64.8 65.7 66.3 66.5 66.1 65.9 64.5 62.7 60.3 56.5 47.4 44.3 52.5 52.5 51.7 50.4 49.1 47.2 44 39.5 33.3 27.1 20 17.1 18.4 27.1 34.1 37.1 37.4 37.6 41.8 46.3 53.5 58.7 53.1 50.7 47.3 40.8 36 46 51.8 50.7 48.5 45.2 40.4 35.9 32.1 28.2 26.7 25.7 26.4 27.9 30.1 34.1 33.1 33.3 31.4 31.3 29.7 28.8 28.7 28.1 28.3 28.9 30 30.4 39
26.2 20.7 19.7 28.9 30.6 33.4 33 32.3 31.8 30.2 29.8 33.9 37.9 44.8 50.5 54.7 56.3 57.9 60.9 61.3 61.9 62.9 62 61.4 61 59.6 56.3 52.5 47.3 42.4 42.3 45.1 44.8 44.5 43.9 43.9 41.3 37 31.7 24.3 20.2 16.9 17.6 25.5 31.4 32.6 33.2 34.7 38.7 45.4 51.9 52.7 49 46 42.6 36.1 31.9 43.6 47 45.6 43.3 40.8 38.7 35.6 29.3 26.2 24.8 24.2 24.9 25.3 26.8 31.3 27.1 27.4 26.7 27.2 26.4 27.1 27.9 31.5 34.2 36.3 35.3 32.4 31.6
28.4 23.1 19.3 21 26.3 30.7 29.7 29.3 28.5 28.2 30.5 33.9 37.7 41.5 45.1 49 51.2 53.4 55.6 57.1 56.8 58.5 59.3 59.1 59.8 59.4 56.5 52.8 47.7 42.6 38.8 39.3 39.6 39.3 39.6 40.3 38 34.9 30.7 24.2 19.9 17.5 16.6 24.7 26.9 27.9 29.9 32.2 35.4 43.8 46.6 46 44 40.3 37.2 31.6 28.8 36.7 40.1 38.4 35.8 32 29.7 28.2 24.9 23.5 22.8 22.9 23.1 23.8 23.5 25.9 25.2 25.2 26 27.2 28.4 30.6 33.2 36.2 40.5 42.2 41.3 37.2 34.5
32.5 25.5 20.8 18.9 21.1 25.1 26.6 27.1 26.7 25.6 31.7 35.5 38.8 40.8 41.9 45.7 47.4 49.4 51.7 53.4 54.1 54.9 56.2 57.3 59.4 59.8 57.7 54.7 50 44.4 38.9 35.1 35 34.5 35.8 37.5 35.6 31.3 27.2 22.4 18.5 16.2 16.7 20.6 23.4 25.8 27.8 29.9 33 37.6 37.8 34.8 32.3 33.2 31.4 28.7 24.4 28.6 30.5 29 26.4 23.3 22.6 22.3 22.3 22.5 22.7 22.8 23.5 24.2 26.4 24.1 25 26 27.7 31.1 33 35.4 37.9 40.7 44.6 47.9 45.7 43.2 40.4
36.8 30.3 24.5 19.8 18.8 20.4 22.9 24.4 23.1 26.4 33.9 37.1 38.5 39 39.4 41.9 44.5 45 48.7 50.8 51.9 51.3 53.3 55.7 58.6 58.9 58.1 55.9 52.1 47.5 41.6 36.5 32.4 30.2 32.8 34.7 32.4 28.2 24 19.7 17 16 17.3 20.4 24.6 25.5 25.1 26.7 28.7 29.3 27.2 26.9 26 26.2 24.9 23.3 21.2 21.4 25.2 21 21.4 22.7 23.4 22.6 22.7 23.9 25.1 25.2 25.2 25.6 27.4 25.4 26.4 28.2 32.1 35.9 37.8 39 42.8 46.3 51.8 53.7 51.9 52.2 48
37.1 32.9 27 21.9 19.4 18 19.2 20.6 20.7 26.7 33.1 35.2 36.1 36.1 38.6 40.2 42.6 47.7 50.5 52.3 52 49.9 50.4 53 54.8 55.3 54.8 53.2 50.6 47.4 43 38.2 32.6 28.3 31.1 32.1 29.4 26.1 21.4 18 16.1 16.1 16.9 21.8 23.3 22.6 22.2 23.6 22.8 22.5 21.4 20.8 20.6 19.7 19.3 20.1 20.2 20.6 20.9 20.6 22.3 24.1 24.6 23.7 25.2 28.2 29.6 28.6 28.1 28.3 26 25.8 26.5 28.1 32.8 37.4 41.4 44.5 48.3 53.9 59 60.8 60.7 60.1 55
32.7 29.4 24.8 22 20.1 18.6 17.6 18.3 19.7 24.5 29.1 32.2 33.4 35.8 38.7 40.5 45 49.2 51.9 53.4 52 48.6 46.6 48.5 50.1 50.5 49.6 48.1 45.9 43.4 39.3 35 30.2 26.4 26.3 27.4 25.5 23 19.3 16.6 16.1 16.2 19.3 23.4 23.6 21.6 19.5 18.8 18.5 17.7 18 18.6 18.7 19 19.9 23.6 25.1 28.5 28.5 29.6 30.2 28.9 25.9 25.2 28 32.9 33.9 31.6 31.7 30.4 28.8 26.7 27.2 28.1 31.8 36.1 42.5 48.6 55.6 61 66.2 69 69.2 66.4 60.7
32.1 28 26.4 24 22.6 19.9 18 17.6 19.1 21.4 24.6 31.4 35 37.9 39.5 40.9 44.6 47.9 51.4 52.3 51.6 48.6 44.7 43.3 44.8 45.5 44.4 42.5 40.1 37.5 34 30.1 27 24.5 23.5 22.4 20.8 19.2 18.4 15.7 15.8 17.5 22.1 24.9 22.7 19 16.7 16.7 17.2 17.9 19.3 20.8 24.1 26.9 26.7 30.3 33.3 36.9 37.5 36.9 36.9 30.5 26.7 27.3 31.4 36.9 38.4 37.5 36.6 36.3 30.8 28.3 27.5 28.2 32.9 38.7 45.3 52.4 60.8 67.7 73 75.4 75.1 71.7 65.5
38.3 35.4 30.6 29.1 26.8 22.5 19.6 17.3 17.6 19.9 24.8 32.4 35.1 38.2 39.2 40.7 43.5 46.1 49.5 50.9 50.7 48 43.9 40.5 41 41.4 39.3 37.4 34.5 32 29.7 28 28 26.7 24.4 21.6 20.7 19.1 18.7 16.3 14.3 19 22.9 22.4 18.4 15.7 15.5 17.6 18.8 21.1 23.2 23.5 31.1 33.1 35.5 37.4 37.1 42.8 43.3 41.5 38.4 29.3 29.4 32.5 36.5 41 43.8 43.2 42.3 38.8 36.4 32 28.9 29.2 36.1 42.9 49 56.3 63.6 72 79.2 79.8 75.7 71.1 63.2
44.1 39.9 35.1 35.3 32 26.6 22.3 19.1 17.1 17.2 18.6 24.5 31.6 34.6 36.8 40.1 43.6 46.3 47.8 48.9 49 46.4 42 38.3 39 39.8 38.2 36.5 33.8 32.2 31.5 31.4 30.9 29.6 27.7 25.6 22.6 20.5 18.9 16.1 13.7 16.2 19.6 17.5 15.8 14.8 17.5 20.1 23.4 24.9 27.2 30.9 34.9 38 40.5 42.1 42.3 44.4 43.9 40 34.9 30 34.7 38.5 43.6 47.9 49.8 48.6 46.6 42.3 37.1 33.7 31.1 29.5 37.1 42.6 47.9 55.6 63.7 74.7 80.1 78.2 71.8 62.6 52.7
47.8 43.7 43.1 43.7 37 29.9 27.6 25.8 21.5 17.4 17 17.7 20.9 24.9 32 38.4 42.4 45.4 47 47.7 46.9 43.9 39.8 36.1 36.5 38.3 38 36.9 35.5 35 33.1 32.5 32 30.4 27.5 24.8 22.1 20.3 17.7 15.3 13.2 15 16 14.8 15.9 19.7 21.6 24.7 26.2 29 32.1 35.3 39.1 42.5 45.3 46.8 46.8 45.4 44.5 41.2 38 33.4 39.5 46.8 56 55.9 55.4 52.8 47.8 43.2 40.4 37.8 33.9 29.8 35.8 39.9 42.8 49 60.6 70.7 75.4 73.6 67.8 56.4 50.8
53.1 47.4 46.9 45.4 39.5 36.8 36.7 35.4 30.3 23.8 18.6 16.5 16.7 18.4 23.3 31.3 36.4 41.6 42.2 43.5 43 40.9 36 32.2 34.7 36.4 37.5 37.3 36.7 35.2 33.2 31.3 29.7 28.3 26.5 22.8 20 18.1 16.1 14 13 13.6 14 19.4 22.4 23 25.6 28.5 30.2 33.2 36.9 40.9 42.8 46.8 50 51.5 51.3 49.2 47.7 45.2 39.9 35.2 43.4 58.1 61.8 61.4 59.2 55.4 50.7 47.3 44.7 41.2 36.1 31.1 32 34.3 38.3 44.5 54.4 61.6 68.8 69.9 67.3 61.4 60.7
53.4 49.2 47.4 45.1 43.1 43.8 44.5 43.2 38.5 31.9 25.9 19.6 16.9 15.4 16.3 19.7 25.4 32.1 34.2 36.8 38.4 36.4 30.8 28.2 31.8 33.6 35.4 36.7 35.8 33.4 31.1 29.2 27.6 25.9 22.7 19.3 16.7 15.3 14.6 13.6 13 15.3 22.6 23.7 26.7 29.1 29 31.9 34.4 38 41.6 44.3 47 49.9 53.6 55.3 54.7 52.9 50.8 48.1 41 38.8 45 63.6 66.3 65.6 63 59.1 55.1 51.7 48.8 44.3 37.8 33.1 31.8 32.4 33.6 37.7 42.3 48.7 56.8 64.4 67.8 68.9 67.3
50.6 49.1 46.3 44.9 44.8 47 48.1 46.7 42.7 37.3 31.1 25 20.2 17.2 15.5 15.4 16.6 21.5 24.2 28.1 29.5 28.3 24.2 24 28 30.3 32.3 33.4 31.6 29.6 28.3 26.8 24.3 22 18.9 16 14.5 13.7 13.5 13.4 14.8 23.5 23.1 25.6 29.8 32.6 32 33.8 38.3 43 47.1 49.5 50.5 53.3 55.7 57.4 57.3 55.2 53.1 50.3 43.5 38.9 45.4 64 69 69 66.9 63.8 58.8 55.4 51.6 45.8 37.7 37.2 38.5 37.9 35.3 34.2 35.1 39.3 44.6 51.8 60 67.1 70.5
46.2 46.8 45.9 44.1 44.4 46.2 48.6 48.9 46.3 42.6 37.8 32 26.4 21.8 18.5 15.8 15.2 14.8 15.2 18 20.6 19.9 19.1 20.1 24.8 28.1 29.2 28.3 27.3 26.4 25.5 24 21.1 18.1 16.2 13.8 14 13.6 13.6 15.7 19.3 22.2 24.7 27.7 31 33.6 34.3 36.2 41.2 46.9 52.4 53 53.2 54.5 56.3 57.4 57.6 55.8 53.8 51.6 48.6 39.8 48 59.8 68.3 70.8 69.1 64.3 62.2 56.6 49.6 42 45.5 47.7 45 42.8 38.6 35.1 35.5 36.7 40.4 46.3 51.9 59 65.7
