app/static/ascii/SX95.asc
ncols 200
nrows 200
xllcorner 290000
yllcorner 50000
cellsize 50
[rows 111 to 147 of 200, columns 0 to 83 of 200]
122.3 109.8 121.6 128.8 134.1 139.5 142.1 141.6 138.9 135.4 132.6 129 125.3 123.9 119 110.4 98.7 88.9 80.7 77.6 80.7 85.7 90.4 95.4 99 104.2 111.8 119.8 125.4 129.9 126.8 119.2 110.8 100.7 98.7 103.3 116.4 124.2 127.3 128.5 127.7 124.9 121.2 115.9 112.6 112.8 112.6 113.5 114.8 114.1 112 109.2 105.1 96.8 86.5 76.8 67.7 55.7 44.5 21.3 9.3 -1.3 -1.3 -1.3 -1.3 -1.3 -1.3 -1.3 -1.3 -1.3 -1.3 -1.3 -1.3 -1.3 -1.3 -1.3 -1.3 -1.3 -1.3 -1.3 -1.3 -1.3 -1.3 -1.3
126.5 120.6 131.6 138.6 142.7 146.8 148 147.9 146.1 144.4 142.9 140 135 131.2 124.7 114.2 101.1 89.7 80.8 78.9 83.8 87.8 91.8 98.6 110 121.2 132.1 139.7 141 139.4 138.1 134.9 130.7 122.9 116.9 113.5 121.1 125.8 128.5 129.7 128.7 126 122.8 119.2 116.9 115.3 114.3 113.5 112.9 109.7 104.4 97.5 90.7 82 73 66.2 42.9 20.4 6.5 -1.3 -1.3 -1.3 -1.3 -1.3 -1.3 -1.3 -1.3 -1.3 -1.3 -1.3 -1.3 -1.3 -1.3 -1.3 -1.3 -1.3 -1.3 -1.3 -1.3 -1.3 -1.3 -1.3 -1.3 -1.3
132.6 132.1 139.7 148.1 150.1 152.5 152.5 152.2 151.4 150.8 150.3 148.2 144.9 138.3 131.3 122.1 107.4 90.3 81.3 83.5 89.3 94 98.1 108.3 124.3 136.6 144.8 148.1 147.1 145.6 145.7 143.6 139.1 134.7 129.7 126.2 126.7 128.1 130.3 130.9 129.8 127.1 124.1 121.3 118.4 115.8 111.3 109 105.8 101.8 100.3 100.1 95.4 89.6 85.1 66.1 24.5 0.7 -1.3 -1.3 -1.3 -1.3 -1.3 -1.3 -1.3 -1.3 -1.3 -1.3 -1.3 -1.3 -1.3 -1.3 -1.3 -1.3 -1.3 -1.3 -1.3 -1.3 -1.3 -1.3 -1.3 -1.3 -1.3 -1.3
137.2 140.8 147 153.1 155.5 155.8 156.1 155.9 155.2 156.2 154.7 152.6 149.4 144.2 135.7 122.1 105.7 90 88.9 96.8 103.1 105.7 110.3 120.6 134.9 142.5 147.3 149.2 149.2 146.6 147.6 146.6 143.7 139.6 135.3 132.1 131.3 132.1 132.3 131.7 130.3 127.6 124.7 121.7 117.3 116.4 117.6 114.3 112.4 113.8 113.3 113.4 109 105.6 102.1 80.8 17.2 -1.3 -1.3 -1.3 -1.3 -1.3 -1.3 -1.3 -1.3 -1.3 -1.3 -1.3 -1.3 -1.3 -1.3 -1.3 -1.3 -1.3 -1.3 -1.3 -1.3 -1.3 -1.3 -1.3 -1.3 -1.3 -1.3 -1.3
146.6 149.8 153.3 157.6 158.1 158.9 159.7 159.5 159.6 159.6 158.2 154.6 149.6 144.4 136.5 123.9 105.3 90.7 96.7 107.1 114.9 119.2 122.8 129.3 135.2 140.5 145.2 146.2 147.3 147.2 146.9 146.8 145.5 140.3 137.2 134 132.8 132.7 132.6 132.1 130.8 128 125.1 121.7 120.9 122.5 123.3 121.7 119.6 119.7 120.5 117.4 110 101.1 89.3 59.5 21 -1.3 -1.3 -1.3 -1.3 -1.3 -1.3 -1.3 -1.3 -1.3 -1.3 -1.3 -1.3 -1.3 -1.3 -1.3 -1.3 -1.3 -1.3 -1.3 -1.3 -1.3 -1.3 -1.3 -1.3 -1.3 -1.3 -1.3
155.1 156.9 158.6 160.5 162.2 162.6 162.8 161.7 161.3 160.2 156.5 151.6 146.4 140.9 134.7 124.4 105.8 94.1 102.1 113.4 123 125.7 124.4 125.8 130.3 134.5 138.2 139.7 141.8 144.9 145 145.2 144.4 141 136.6 133.2 132 131.6 131.1 130.8 130 128.8 126 123.2 122.9 123.9 124.8 123.5 122 121 116.3 108.7 96.5 75.2 63 45 7.9 -1.3 -1.3 -1.3 -1.3 -1.3 -1.3 -1.3 -1.3 -1.3 -1.3 -1.3 -1.3 -1.3 -1.3 -1.3 -1.3 -1.3 -1.3 -1.3 -1.3 -1.3 -1.3 -1.3 -1.3 -1.3 -1.3 -1.3
161.5 162.2 162.7 163.9 165 165 164.9 162.9 160.5 157.5 152.1 147.5 141.6 134.8 128.5 119.6 105.2 97.7 107.6 117.3 120.4 121.4 116.5 114.9 121.2 125.1 127.8 128 134.4 141.6 144.3 143.5 141.8 138.5 134.3 131.5 129.1 129.3 129.1 129.3 129.2 128.2 126.8 124.5 124.6 125.5 124.9 123.4 120.9 115.7 99.5 86.2 68.7 49.4 35.2 45.6 37.3 -1.3 -1.3 -1.3 -1.3 -1.3 -1.3 -1.3 -1.3 -1.3 -1.3 -1.3 -1.3 -1.3 -1.3 -1.3 -1.3 -1.3 -1.3 -1.3 -1.3 -1.3 -1.3 -1.3 -1.3 -1.3 -1.3 -1.3
164.6 164.6 165.1 167.9 167.8 167.6 165.8 162.7 158.5 153.6 147.7 139.9 131.4 123.2 116.8 108.6 102.2 104.9 109.8 112.9 114.4 113.8 106.1 103.4 107.6 111.2 114.8 116.7 124.1 135.5 141.3 140.7 137.6 134.5 130.5 127.9 125.3 125 127.7 127.7 127.6 127.6 126.5 126 126.4 127.2 125 120.4 115 92.4 76.3 60.7 44.3 19.5 8.8 -1.3 -1.3 -1.3 -1.3 -1.3 -1.3 -1.3 -1.3 -1.3 -1.3 -1.3 -1.3 -1.3 -1.3 -1.3 -1.3 -1.3 -1.3 -1.3 -1.3 -1.3 -1.3 -1.3 -1.3 -1.3 -1.3 -1.3 -1.3 -1.3
165 166.6 168.5 169.5 168.7 167.6 164.8 160.6 156.2 149.5 140.8 129.9 121.6 114.6 110.5 109.5 109.9 108 106.6 106 103.9 100.8 95.7 91.1 93.9 99.7 102.4 104.6 115.3 123.2 134.6 136 133.4 129.5 125.9 123.1 120.4 124.3 126.2 126.9 126.9 126.9 126.4 125.9 126.2 126 121.8 116.3 99.7 81.6 56.2 38.7 13.3 -1.3 -1.3 -1.3 -1.3 -1.3 -1.3 -1.3 -1.3 -1.3 -1.3 -1.3 -1.3 -1.3 -1.3 -1.3 -1.3 -1.3 -1.3 -1.3 -1.3 -1.3 -1.3 -1.3 -1.3 -1.3 -1.3 -1.3 -1.3 -1.3 -1.3 -1.3
164.3 166.2 168.1 170.5 167.8 165.2 162.2 158.9 152.7 144.8 135.5 129.5 124.1 118.5 111.9 107.8 104.7 102.4 96.3 93.3 91.2 86.8 83.2 77.8 82.9 88.9 91.5 97.2 108.2 119.1 127.3 129.2 126.9 123.2 119.9 118.5 117.3 122.3 124.8 125.5 124.6 125.2 125.4 125.1 123.6 120.4 116.8 101.8 75.5 62.4 33.7 13.3 -1.3 -1.3 -1.3 -1.3 -1.3 -1.3 -1.3 -1.3 -1.3 -1.3 -1.3 -1.3 -1.3 -1.3 -1.3 -1.3 -1.3 -1.3 -1.3 -1.3 -1.3 -1.3 -1.3 -1.3 -1.3 -1.3 -1.3 -1.3 -1.3 -1.3 -1.3 -1.3
164.3 165.8 166.3 167 166.2 162.1 159.9 157.3 152.5 144.3 140.4 135.7 128.4 114.4 111.9 103.6 92.2 86.7 84.7 80.4 75.6 72 70.4 65.9 78.5 80.1 81.5 91.5 104.9 116.9 121.7 125.1 121.6 117.3 110 107.2 115.3 120.2 121.8 122.4 122 121.8 121.6 121.2 118.5 114.4 106.3 87.3 60.1 37.4 10.1 -1.3 -1.3 -1.3 -1.3 -1.3 -1.3 -1.3 -1.3 -1.3 -1.3 -1.3 -1.3 -1.3 -1.3 -1.3 -1.3 -1.3 -1.3 -1.3 -1.3 -1.3 -1.3 -1.3 -1.3 -1.3 -1.3 -1.3 -1.3 -1.3 -1.3 -1.3 -1.3 -1.3
161.3 161.5 161 159.8 159.3 158.6 158.3 155.8 152.1 147.5 143.8 138.2 128.5 126.9 122.8 115 104 92.2 81.3 70.5 63.6 58.9 56.4 57.1 67.9 67.8 76 88.5 103.2 113.2 116.3 119.5 115.6 110 102.1 103.4 112.4 116.2 118.1 118.5 117.5 116.5 116.5 115.8 112.3 106.1 85.2 66.3 39 10.8 -1.3 -1.3 -1.3 -1.3 -1.3 -1.3 -1.3 -1.3 -1.3 -1.3 -1.3 -1.3 -1.3 -1.3 -1.3 -1.3 -1.3 -1.3 -1.3 -1.3 -1.3 -1.3 -1.3 -1.3 -1.3 -1.3 -1.3 -1.3 -1.3 -1.3 -1.3 -1.3 -1.3 -1.3
156.2 155.2 152.3 150.5 153.7 156 155.1 153.5 150.5 147.3 143.3 138.8 135 132.6 130.4 125.1 117.9 107.6 95.5 85.9 77.9 73 64.2 52.9 54 62.9 75.4 92.5 103.6 106.2 107.8 112.8 106.4 100.6 90.6 94.8 107.2 109.5 110.7 111.7 110.3 109.5 108.4 106.1 102.3 81.2 66.1 35.7 7.2 -1.3 -1.3 -1.3 -1.3 -1.3 -1.3 -1.3 -1.3 -1.3 -1.3 -1.3 -1.3 -1.3 -1.3 -1.3 -1.3 -1.3 -1.3 -1.3 -1.3 -1.3 -1.3 -1.3 -1.3 -1.3 -1.3 -1.3 -1.3 -1.3 -1.3 -1.3 -1.3 -1.3 -1.3 -1.3
147.6 143.7 139.5 144.5 151.5 154.3 154.4 152.7 149.8 145.3 142.4 139.9 138.5 138 135.8 132.3 127.7 120.9 112.7 102.9 94.7 85.8 75.7 59.1 48.1 61.3 76.4 96.1 107 98.8 97.4 101.3 92.4 85.1 75.5 86.5 94 97.9 100.4 101.3 97.9 96.9 95.5 93.3 86.8 65.6 41.6 12.3 -1.3 -1.3 -1.3 -1.3 -1.3 -1.3 -1.3 -1.3 -1.3 -1.3 -1.3 -1.3 -1.3 -1.3 -1.3 -1.3 -1.3 -1.3 -1.3 -1.3 -1.3 -1.3 -1.3 -1.3 -1.3 -1.3 -1.3 -1.3 -1.3 -1.3 -1.3 -1.3 -1.3 -1.3 -1.3 -1.3
137.5 129.6 135.2 145.6 150.1 152.3 153.1 151.7 149 144.9 140.8 138.5 139.7 140.3 139.5 137 133.2 128 120 110.9 100.2 89.2 77 61.6 44.2 56.6 72.1 90.7 95.7 87 84.1 86 78.4 69.2 59.7 75.7 76.7 79.5 83.5 83.9 76.6 76.9 78.4 75.8 69.9 48.8 25.4 1.3 -1.3 -1.3 -1.3 -1.3 -1.3 -1.3 -1.3 -1.3 -1.3 -1.3 -1.3 -1.3 -1.3 -1.3 -1.3 -1.3 -1.3 -1.3 -1.3 -1.3 -1.3 -1.3 -1.3 -1.3 -1.3 -1.3 -1.3 -1.3 -1.3 -1.3 -1.3 -1.3 -1.3 -1.3 -1.3 -1.3
124.5 122.2 135.3 143.1 148.3 151.2 153.4 152.6 151.3 147.8 141.4 136 133.8 139.5 139.9 139.1 137.9 133.4 124.7 114.4 102.1 89.6 75 58.4 41.8 52.9 71.1 85.5 84.5 75.6 64.4 69.9 63.2 53.5 46.3 58.2 57.1 58.3 60.2 61.4 56 57.3 61.1 61.2 60.4 32.1 2.8 -1.3 -1.3 -1.3 -1.3 -1.3 -1.3 -1.3 -1.3 -1.3 -1.3 -1.3 -1.3 -1.3 -1.3 -1.3 -1.3 -1.3 -1.3 -1.3 -1.3 -1.3 -1.3 -1.3 -1.3 -1.3 -1.3 -1.3 -1.3 -1.3 -1.3 -1.3 -1.3 -1.3 -1.3 -1.3 -1.3 -1.3
114.5 126.3 138 142.9 146.3 150.4 153.6 154.8 154.5 152.6 149.7 144.2 132.1 128.5 134.9 138.8 140.4 135.5 125.7 114.3 102.1 90 75.3 56.2 39.2 49.8 69.7 75.6 71.6 62.5 48.9 55 50 39.7 35.2 41.4 39.8 40.3 40.7 42.8 39.3 39.9 44.6 45.2 44.4 18.8 1.5 -1.3 -1.3 -1.3 -1.3 -1.3 -1.3 -1.3 -1.3 -1.3 -1.3 -1.3 -1.3 -1.3 -1.3 -1.3 -1.3 -1.3 -1.3 -1.3 -1.3 -1.3 -1.3 -1.3 -1.3 -1.3 -1.3 -1.3 -1.3 -1.3 -1.3 -1.3 -1.3 -1.3 -1.3 -1.3 -1.3 -1.3
112.7 120 128.2 136.8 145.9 152.1 156.4 160.1 161.6 159.8 155.9 150.9 139.7 123.9 123.6 133.3 135.4 131.4 123.3 112.7 100.9 87.2 71.1 52.1 34.7 49.2 65.5 63.2 53.8 44.5 34 33.2 30.3 23.7 21.1 23.7 22.4 20.3 22.5 25.4 24.3 25.2 27.2 28.1 28.2 9 0.7 -1.3 -1.3 -1.3 -1.3 -1.3 -1.3 -1.3 -1.3 -1.3 -1.3 -1.3 -1.3 -1.3 -1.3 -1.3 -1.3 -1.3 -1.3 -1.3 -1.3 -1.3 -1.3 -1.3 -1.3 -1.3 -1.3 -1.3 -1.3 -1.3 -1.3 -1.3 -1.3 -1.3 -1.3 -1.3 -1.3 -1.3
120.4 127.9 135 143.2 151.5 158.8 167.6 167.1 165.8 162.1 158 151.8 144.2 126.1 114.1 122.8 127.1 124.8 116.8 109.4 97.9 84.7 64.6 43.1 30 51.4 58.9 46.5 35.6 26.3 19.1 15.1 13.3 10.9 9.8 9.9 10.6 8.3 9.1 9.2 7.7 8.8 9.5 7.9 9.2 1.8 -1.3 -1.3 -1.3 -1.3 -1.3 -1.3 -1.3 -1.3 -1.3 -1.3 -1.3 -1.3 -1.3 -1.3 -1.3 -1.3 -1.3 -1.3 -1.3 -1.3 -1.3 -1.3 -1.3 -1.3 -1.3 -1.3 -1.3 -1.3 -1.3 -1.3 -1.3 -1.3 -1.3 -1.3 -1.3 -1.3 -1.3 -1.3
133.4 140.6 149.6 157 162.3 165.5 167.1 167.3 164.8 161.8 158.2 151.8 143.5 128.3 110.2 106.8 111.4 109.9 107.1 102.1 93.4 82.4 63.5 39.3 27.2 40.7 37.3 27.4 18.8 12.3 9.6 7.7 6.8 6.7 6.9 6 5.3 5.4 5.8 4.1 4.1 4.1 4.1 4 4 1.5 -1.3 -1.3 -1.3 -1.3 -1.3 -1.3 -1.3 -1.3 -1.3 -1.3 -1.3 -1.3 -1.3 -1.3 -1.3 -1.3 -1.3 -1.3 -1.3 -1.3 -1.3 -1.3 -1.3 -1.3 -1.3 -1.3 -1.3 -1.3 -1.3 -1.3 -1.3 -1.3 -1.3 -1.3 -1.3 -1.3 -1.3 -1.3
150.3 152.8 158 161.7 164.1 164 165 164.5 163.1 159.6 155.5 150.9 144.8 135.5 117.7 96.7 92 89.4 88.8 90.4 88.7 77.6 62 39.1 21.4 20.3 18.8 13.3 10 9.5 8.8 8.6 7.6 7.7 10 9.1 14 12 9.2 5.3 4.5 4 4.1 4.1 4 1.2 -1.3 -1.3 -1.3 -1.3 -1.3 -1.3 -1.3 -1.3 -1.3 -1.3 -1.3 -1.3 -1.3 -1.3 -1.3 -1.3 -1.3 -1.3 -1.3 -1.3 -1.3 -1.3 -1.3 -1.3 -1.3 -1.3 -1.3 -1.3 -1.3 -1.3 -1.3 -1.3 -1.3 -1.3 -1.3 -1.3 -1.3 -1.3
160.6 161.9 163 162.8 162.5 162.3 161.6 160.7 158 156.1 152.8 148.9 143.9 138 126.4 106.4 83.7 70.5 66.8 72.5 80.2 71.9 59 47.8 32.2 14.7 12.1 10.9 10.4 15.3 22 27.8 34.8 39.6 43.6 41.3 36.1 24.8 12.3 7.3 6.1 6.1 7.7 9 10.5 1.4 -1.3 -1.3 -1.3 -1.3 -1.3 -1.3 -1.3 -1.3 -1.3 -1.3 -1.3 -1.3 -1.3 -1.3 -1.3 -1.3 -1.3 -1.3 -1.3 -1.3 -1.3 -1.3 -1.3 -1.3 -1.3 -1.3 -1.3 -1.3 -1.3 -1.3 -1.3 -1.3 -1.3 -1.3 -1.3 -1.3 -1.3 -1.3
163.3 162.7 162.4 160.3 159.5 158.1 157.5 155.5 153 150.9 147.8 144.5 140.7 135.6 129.6 121.4 105.9 80.8 58.3 56 66.3 60 51 42.2 26.5 13.4 12.8 23.8 33 43.3 48.7 51.1 54.5 53.3 49.4 43.2 30.5 16.1 11 10.7 14.4 20.7 25.1 22.4 20.8 3.4 0.4 -1.3 -1.3 -1.3 -1.3 -1.3 -1.3 -1.3 -1.3 -1.3 -1.3 -1.3 -1.3 -1.3 -1.3 -1.3 -1.3 -1.3 -1.3 -1.3 -1.3 -1.3 -1.3 -1.3 -1.3 -1.3 -1.3 -1.3 -1.3 -1.3 -1.3 -1.3 -1.3 -1.3 -1.3 -1.3 -1.3 -1.3
161.7 160.6 157.9 157.1 155 152.3 150.3 149.2 147 144.5 141.7 138.7 135.2 130.4 124.4 116.8 105.9 85.9 63.6 45.7 48.6 47.1 41.9 31 14.9 13.6 26.9 41.1 50.7 58.3 66.7 63.8 59.1 50.9 42.2 31.8 19 15.7 20.4 28.3 37.6 45.9 43.1 34.8 23.2 12.5 1.6 -1.3 -1.3 -1.3 -1.3 -1.3 -1.3 -1.3 -1.3 -1.3 -1.3 -1.3 -1.3 -1.3 -1.3 -1.3 -1.3 -1.3 -1.3 -1.3 -1.3 -1.3 -1.3 -1.3 -1.3 -1.3 -1.3 -1.3 -1.3 -1.3 -1.3 -1.3 -1.3 -1.3 -1.3 -1.3 -1.3 -1.3
156.6 155.3 152.8 150.5 148 144.9 142.2 140.3 138.6 136.5 133.1 128.7 125.6 120.8 114.7 104.7 91.8 78.7 65.6 52.5 32.4 30.5 28.4 17.9 15 24.8 39.9 53.3 66 74.3 72.7 65.5 52.8 41.1 32.6 23.3 22.7 31.9 41.7 54.2 56.4 48.5 36.5 26 20.7 19.2 20 18.8 17.2 -1.3 -1.3 -1.3 -1.3 -1.3 -1.3 -1.3 -1.3 -1.3 -1.3 -1.3 -1.3 -1.3 -1.3 -1.3 -1.3 -1.3 -1.3 -1.3 -1.3 -1.3 -1.3 -1.3 -1.3 -1.3 -1.3 -1.3 -1.3 -1.3 -1.3 -1.3 -1.3 -1.3 -1.3 -1.3
149.7 149 146 142.9 139.6 134.8 130.9 128.6 127 124.4 120.5 116.3 112.6 107.8 100.3 88.3 76.6 66.9 58.7 50.4 36 24.1 20 16.4 26.2 40.3 54.7 64.7 76.1 74 64.7 53.8 41.1 34.3 32.3 34.7 43.6 51.6 58 63.7 52.7 39.2 32.1 29.5 30.6 37.1 39 36.7 -1.3 -1.3 -1.3 -1.3 -1.3 -1.3 -1.3 -1.3 -1.3 -1.3 -1.3 -1.3 -1.3 -1.3 -1.3 -1.3 -1.3 -1.3 -1.3 -1.3 -1.3 -1.3 -1.3 -1.3 -1.3 -1.3 -1.3 -1.3 -1.3 -1.3 -1.3 -1.3 -1.3 -1.3 -1.3 -1.3
141.8 139.8 136.4 132.7 128.3 122.5 114.9 114 112 109.1 105 100.3 96.9 91.9 83.1 73.4 64.4 57.2 49.8 40.7 27.8 19.7 18.3 29.8 44.5 57.4 65.6 73.9 71.9 63.3 53.1 43.5 40.1 45.3 51.1 56 62.1 67.9 70.3 64.4 48.6 44.3 44.9 45.1 49.1 35.5 12.8 -1.3 -1.3 -1.3 -1.3 -1.3 -1.3 -1.3 -1.3 -1.3 -1.3 -1.3 -1.3 -1.3 -1.3 -1.3 -1.3 -1.3 -1.3 -1.3 -1.3 -1.3 -1.3 -1.3 -1.3 -1.3 -1.3 -1.3 -1.3 -1.3 -1.3 -1.3 -1.3 -1.3 -1.3 -1.3 -1.3 -1.3
131.6 128.5 124.6 119.9 115 109.2 99.3 98.2 95.6 92.1 87.3 83.9 81 75.7 68.7 61.2 53.8 44.6 38.8 27.9 21.5 21.5 33 46.5 60.9 73.4 75.8 71.8 61.6 56.3 48.3 50.6 57.1 66.1 72.9 78 81.4 80.4 77.5 64.8 51.6 57.3 65.1 64.7 49.5 13.4 -1.3 -1.3 -1.3 -1.3 -1.3 -1.3 -1.3 -1.3 -1.3 -1.3 -1.3 -1.3 -1.3 -1.3 -1.3 -1.3 -1.3 -1.3 -1.3 -1.3 -1.3 -1.3 -1.3 -1.3 -1.3 -1.3 -1.3 -1.3 -1.3 -1.3 -1.3 -1.3 -1.3 -1.3 -1.3 -1.3 -1.3 -1.3
118.2 115.3 110.6 105 99.9 94 85.7 80.6 79.4 74.6 70.6 68.6 67.1 63.2 57 50.6 43.6 34.3 25.9 22.6 25.8 35.1 46.1 62.1 77.9 85.2 77 64.6 59.1 58.3 61.1 69.7 77.1 84.8 92.7 94.5 92.2 88.2 81 65.6 60.5 68.3 74.1 72 59 1.3 -1.3 -1.3 -1.3 -1.3 -1.3 -1.3 -1.3 -1.3 -1.3 -1.3 -1.3 -1.3 -1.3 -1.3 -1.3 -1.3 -1.3 -1.3 -1.3 -1.3 -1.3 -1.3 -1.3 -1.3 -1.3 -1.3 -1.3 -1.3 -1.3 -1.3 -1.3 -1.3 -1.3 -1.3 -1.3 -1.3 -1.3 -1.3
104.9 102.8 97.8 91.9 85.5 80 74.1 66 63.8 58.6 55.1 52.9 52.1 49.1 45.7 38.3 29.7 25.4 23.9 30.1 37.3 47 60.8 75.3 88.7 85.6 76.4 68.2 74.2 73.7 79 86 96.8 103 104.2 101.4 97.6 92.3 81.6 67.5 67.9 77.3 83.4 83.7 52.1 0.6 -1.3 -1.3 -1.3 -1.3 -1.3 -1.3 -1.3 -1.3 -1.3 -1.3 -1.3 -1.3 -1.3 -1.3 -1.3 -1.3 -1.3 -1.3 -1.3 -1.3 -1.3 -1.3 -1.3 -1.3 -1.3 -1.3 -1.3 -1.3 -1.3 -1.3 -1.3 -1.3 -1.3 -1.3 -1.3 -1.3 -1.3 -1.3
93.3 91.4 87 81.6 72.8 68.3 63.3 57.3 51.4 46.5 41.3 37.6 35.2 36.4 31.7 28.7 26.2 31.8 38.2 45.7 50.8 61.5 75.8 87.6 93 86.2 75.4 75.1 84.6 88.9 94.3 101.3 107.1 110.8 108.2 103.7 98.4 91.7 80.3 73.8 78 86.8 96.4 90.2 51.2 1.4 -1.3 -1.3 -1.3 -1.3 -1.3 -1.3 -1.3 -1.3 -1.3 -1.3 -1.3 -1.3 -1.3 -1.3 -1.3 -1.3 -1.3 -1.3 -1.3 -1.3 -1.3 -1.3 -1.3 -1.3 -1.3 -1.3 -1.3 -1.3 -1.3 -1.3 -1.3 -1.3 -1.3 -1.3 -1.3 -1.3 -1.3 -1.3
81.8 79.5 75.6 68.4 62 56.9 55 51.3 47.8 51.2 54 55.6 50.3 41.5 32 29 39.5 54.7 58.8 63.7 67.2 77.4 89.8 96.4 94.1 87.9 79.7 82 95.5 99.9 103.9 106.4 110.2 110.6 107.5 103.4 97.9 90.3 88.5 89.1 91.3 95.9 99.3 89.1 28.5 2.3 -1.3 -1.3 -1.3 -1.3 -1.3 -1.3 -1.3 -1.3 -1.3 -1.3 -1.3 -1.3 -1.3 -1.3 -1.3 -1.3 -1.3 -1.3 -1.3 -1.3 -1.3 -1.3 -1.3 -1.3 -1.3 -1.3 -1.3 -1.3 -1.3 -1.3 -1.3 -1.3 -1.3 -1.3 -1.3 -1.3 -1.3 -1.3
87.4 80.1 77.6 74 71.2 69.6 70.7 71.6 72.4 79.1 85.6 84.2 66.5 46.5 33 37.1 60.9 72.8 78.1 80 85.1 92 99.1 101.8 99.3 93 86.4 87.2 99.5 105 107.9 110 112.1 112.6 111.4 108.5 105.5 102 101.3 103.1 96.9 90.5 81.4 62.1 33.4 0.6 -1.3 -1.3 -1.3 -1.3 -1.3 -1.3 -1.3 -1.3 -1.3 -1.3 -1.3 -1.3 -1.3 -1.3 -1.3 -1.3 -1.3 -1.3 -1.3 -1.3 -1.3 -1.3 -1.3 -1.3 -1.3 -1.3 -1.3 -1.3 -1.3 -1.3 -1.3 -1.3 -1.3 -1.3 -1.3 -1.3 -1.3 -1.3
98.2 95.4 92.7 89.9 88.6 87.8 89.5 91.5 93.2 93.9 94.1 92.5 70.9 51 34.6 45 70.4 72.8 78.1 85.9 93.5 102.7 108.7 109 106.1 99 94.4 94 100.3 107 111.1 113 115.1 115.8 116.5 115.2 114.4 113.7 110.1 98.8 80.7 69.4 58.1 42.3 34.2 2.6 -1.3 -1.3 -1.3 -1.3 -1.3 -1.3 -1.3 -1.3 -1.3 -1.3 -1.3 -1.3 -1.3 -1.3 -1.3 -1.3 -1.3 -1.3 -1.3 -1.3 -1.3 -1.3 -1.3 -1.3 -1.3 -1.3 -1.3 -1.3 -1.3 -1.3 -1.3 -1.3 -1.3 -1.3 -1.3 -1.3 -1.3 -1.3
113.1 112.6 110.8 106.4 105.8 106.1 106.2 105.6 105.1 101.2 97.2 87 71.4 50.9 38 48.1 61.3 68.6 78.7 89.1 99.9 109 115.2 115.4 112.6 106.3 105.1 106.1 106 109.4 113.8 117.9 120.6 122.4 122.6 121.3 120.9 119.8 114.5 86.1 62.7 48.9 28.4 18.9 4 -1.3 -1.3 -1.3 -1.3 -1.3 -1.3 -1.3 -1.3 -1.3 -1.3 -1.3 -1.3 -1.3 -1.3 -1.3 -1.3 -1.3 -1.3 -1.3 -1.3 -1.3 -1.3 -1.3 -1.3 -1.3 -1.3 -1.3 -1.3 -1.3 -1.3 -1.3 -1.3 -1.3 -1.3 -1.3 -1.3 -1.3 -1.3 -1.3
123.2 121.9 120.3 118.1 116.9 115.9 114.5 112.7 108.4 101.2 92.7 80.9 63.1 51.4 45.1 44.5 57.1 74.9 82.4 92.7 103.3 113.4 118.3 120.8 119.4 115.4 114.1 114.8 114.4 116.1 120.1 123.9 125.9 126.6 126.6 126.5 125 121.2 95 74.5 56.3 31.3 1.3 -1.3 -1.3 -1.3 -1.3 -1.3 -1.3 -1.3 -1.3 -1.3 -1.3 -1.3 -1.3 -1.3 -1.3 -1.3 -1.3 -1.3 -1.3 -1.3 -1.3 -1.3 -1.3 -1.3 -1.3 -1.3 -1.3 -1.3 -1.3 -1.3 -1.3 -1.3 -1.3 -1.3 -1.3 -1.3 -1.3 -1.3 -1.3 -1.3 -1.3 -1.3
128.9 127.1 125.5 123.7 121.1 119.2 116.4 112.9 106.1 98.4 87.1 72.1 61 66.6 60.5 44.7 60.4 74.4 83.3 94.4 107.7 118 122.3 124.4 123.3 121.6 121.2 122 121.3 122.9 124.5 126.3 127.8 127.4 127.3 128.2 125.8 117.9 88.7 61.1 37.3 3.9 -1.3 -1.3 -1.3 -1.3 -1.3 -1.3 -1.3 -1.3 -1.3 -1.3 -1.3 -1.3 -1.3 -1.3 -1.3 -1.3 -1.3 -1.3 -1.3 -1.3 -1.3 -1.3 -1.3 -1.3 -1.3 -1.3 -1.3 -1.3 -1.3 -1.3 -1.3 -1.3 -1.3 -1.3 -1.3 -1.3 -1.3 -1.3 -1.3 -1.3 -1.3 -1.3
