app/static/ascii/SX97.asc
ncols 200
nrows 200
xllcorner 290000
yllcorner 70000
cellsize 50
[rows 36 to 71 of 200, columns 0 to 81 of 200]
195 209 212.5 215.2 215.3 214.6 212.2 208.8 201.3 196.5 194.4 192.1 189.9 187.4 183.6 179.8 175.7 169.2 162.6 164.1 168.1 172.2 175.5 177 174.5 169.6 164.4 157.1 150.1 143.3 136.9 126.3 118.8 115.9 111.8 109.8 113.4 117.8 115.4 103.3 94.8 101.2 111.1 119.9 130.3 136 139.3 137.9 135.8 133.4 133.7 139 145.5 150.8 156.3 162.2 171 176.4 175.8 172.9 172.6 170.4 167 163.4 161.4 157.2 153.5 149.8 146.6 142.2 137.5 132.3 127.1 122.1 118.4 111.7 106.3 101.4 94 86.5 79.4 74
193.4 203.8 209.8 212.9 212.8 210.8 206.1 198.5 194.1 192 190.2 187.8 186.2 185.7 183.7 181.8 177.9 172.7 165.5 156.8 160.3 165.6 171.1 175.1 175.5 171.6 166.8 160.1 153.2 146.6 139.7 131.9 127.4 121 115.3 109.4 104.3 104 104.1 98.5 98.9 107.6 116.2 125.3 134.9 141.9 145.8 146.6 143.5 142.1 143.7 146.3 152 156.3 161.7 167.7 177.7 185.7 187.7 185.4 183.2 178.4 171.8 167.4 161.1 156.2 152.1 147.9 144.8 140.5 136.6 131.9 126.2 122.7 118.9 113.9 109 103.3 97.3 91.6 85.4 79.4
191.1 197.1 203.8 208.9 208.6 203.9 198.1 194.3 190.6 187.5 185.7 183.6 183 182.4 182.6 181.1 178.5 174 168 160.2 154.6 159.1 165.5 172 175.8 173.6 169.4 163.5 157.6 151.9 146.8 139 133 126.6 119.2 114.2 110.3 109 106.9 102.4 100.2 108.1 115.4 124.3 134.1 142.6 148.5 151.2 151.6 150.5 150.1 153.3 158.2 161.7 165.6 169.7 179.2 190.9 195.6 194.1 189.7 183.4 176.3 167.8 161.2 155.6 151.6 146.6 142.9 138.6 134.3 130.3 126.4 122.9 119.1 115.3 110.8 105.7 101.3 97.1 90.9 84.7
188.8 193.3 197.6 200.3 201.3 197.6 194.7 191.1 187.2 183.1 181.1 179.6 179.1 179.2 179.5 179.1 177.6 174.1 169.1 161.8 153.1 155.9 160.5 168.6 173.7 174.9 172.1 168.6 163.9 158.3 152.8 146.4 137.5 131.1 124.6 120.1 120.1 120 116.9 107.6 102 110.6 116.2 122.6 131.7 139.6 147 153.3 156.4 158.1 158.8 159 163.5 167 170.7 175.4 183.9 193.3 199.6 198.6 191.8 184.6 177.9 168.8 162.2 156.1 151.7 146.4 142.4 138.5 133.3 127.5 122.7 119.5 116.6 113.5 110.8 107.5 103.4 98.7 93.3 87.9
185.8 190.2 194.2 196 195.5 194.1 191.2 187 182.9 178.8 176.1 174.8 173.8 174.4 175.4 175.8 175 173.3 168.7 163.2 154.8 149 154.9 164.1 170.5 174.2 174.7 172.4 170.2 165.8 159.8 153.7 145.3 137.8 131.5 128.2 126.5 125.1 120.4 110.2 106.4 118.5 118.9 124.4 129.6 136.9 145.6 153.8 160.4 163.3 165 167.2 168.8 172.4 176.5 181.5 188.7 196.1 202.7 200.5 191 184.4 176.9 169.7 163.8 157.8 152.1 147.3 142.5 138.5 132.9 127.8 121.7 114.5 110.3 108.3 107.5 105.7 103.3 100 95.3 89.3
182.8 187.1 191.3 192.5 192.3 190.8 187.4 182.9 178.6 174.5 171.1 169.5 167.5 168 168.9 170.2 171.4 171 168.7 164.1 156.1 147.6 149.8 159 166 170.6 174.2 175.8 173.9 171.1 165.9 159.4 152 145.5 140 135.8 132.2 127.2 120.8 112.9 108.4 123.2 128.1 126.6 131.1 137.6 145.4 153.9 161.4 166.6 170.5 172.4 175 177.9 182.4 187 192.6 200.3 207 198.9 185.9 179.1 174.2 169 163.6 157.6 152.5 147.7 143.1 138.5 133.3 128.2 122.3 115.6 109.7 100.1 100.4 100.6 99.5 97.6 95 90.1
179.7 184.1 187.8 188.6 188.5 186.7 183.2 179.1 174.6 170.2 166.6 163.4 159.7 161.9 162.8 165 167.5 167.7 166.8 163.3 156.8 148.4 144.3 152.4 159.5 165.3 170.6 174.9 175 173.9 170.3 164.8 157.7 152 145.8 140.9 135.6 129.9 123.1 116.4 110.5 124 132.9 134.5 133.1 138.6 145.3 153.7 161.1 169.2 173.5 177.5 180.8 183.5 188.2 192 203.8 211.6 206.6 193 182.2 175.9 171.4 167.9 162.7 157.6 152.9 147.9 143.7 139.2 133.8 128.7 122.9 117 112.2 106.7 98.1 89 91.5 92.2 90.9 89
175.8 180.8 184.2 184.9 184.2 182 178.8 174.1 169.2 165.6 162.2 160.1 154.1 155.8 156.9 157.9 160.4 162.7 162.6 161 156.4 147.1 140.1 147.5 153.8 159.8 165.4 171.2 174.4 175.2 173.4 169.5 162.8 157 150.9 145 139.4 132.7 125.5 119.6 113 119.7 129.6 139.1 139.9 142.5 149.8 154.8 162.2 169.6 175.7 180.8 184.7 188.6 200.7 211.2 214.6 213.1 202.5 186.3 179.5 173.6 168.1 164 160.6 156.4 151.9 148.1 144 139.9 135.2 130.4 124.9 119.8 114.8 108.4 100.1 93.5 86 83.9 84.7 84.1
172.5 177.5 180.6 180.7 179.9 177.8 174.3 169.2 164.3 160.7 157.7 154.8 150.2 149.5 150.7 151.7 153.4 155.9 157.3 156.5 153.7 146.8 136.1 142.2 148.6 154.6 160.9 166.6 171.3 174.3 174.8 171.3 167.7 161.7 155.5 149.2 142.2 136.8 129.2 122.9 118.7 120.2 127.1 135.9 144.5 145.8 152.4 158.5 163.7 170.4 177.3 182.6 188 198.5 210 218.1 218.3 212.5 196.5 183.5 177.8 171.7 166.3 161.9 158.4 155.2 151.4 148.1 144.7 141.1 137.1 132.2 126.9 122.1 116.3 109.6 101.6 94.7 88.5 80.9 77.5 76.9
168.5 174.4 176.7 176.8 176.3 173.4 169.4 164.8 159.6 155.3 151.6 148.9 144.5 143.1 144.6 145.8 146.5 149.6 151.3 151.2 148.1 141.2 134.5 137.7 143.5 149.2 155.1 162.4 167.7 171.7 174.5 173.9 170.5 165.2 158.9 152.3 145.5 139.4 132.7 126.2 122.1 125.9 129.4 133.8 140.7 149.2 154.4 160.9 166.5 172.5 178.4 184.4 190.4 205.8 214.8 218.9 217.2 207.7 191.9 180.4 174.7 169.3 164.4 160.6 157.1 154 150.8 147.3 144.2 141 137 132.5 127.6 124 118.3 111.9 104.3 96.5 90.1 83.6 76.5 69.8
166.7 170.5 172.5 172.7 172.6 169.4 165.8 160.2 154.8 148.7 145.1 142.7 139.6 137.6 138.9 140 142.3 143.3 143.5 140.3 135.4 133.4 132.8 135.6 135.9 141.8 148.5 156.2 163.1 169.7 173.7 175.4 172.5 167.7 162.1 156.2 150.7 144.3 136.6 130.5 126.7 132.7 137.3 141.3 143.8 149.3 158.3 166 170.8 176.3 181.9 187.4 199.4 211.3 215.6 218.6 214 206.7 188.5 177.8 171.9 166.8 161.7 157.8 155 152.5 149.8 146.1 142.8 139.7 135.5 132 127.8 124.1 119.3 113.8 106.9 101.3 94.1 87.6 81 73.8
166.1 167.7 168.3 168.7 168.8 165.8 160.8 155.1 149.4 143.7 139 136.1 131.1 131 132 133.3 134.4 134.2 132.1 129.3 129.5 135.6 141.3 144 144.4 142.3 143.8 152.5 159.1 166.3 172.2 175.9 176.4 173.6 169.3 163.1 156.7 149.1 141.6 134.4 132.6 137.9 142.2 146.7 151.8 153.4 160.4 169.6 174.7 180.2 184.9 191.5 208 214.2 217.4 217.5 211.1 202.4 186.6 176.7 169.6 163 159.7 156.3 153.1 150.5 147.5 143.3 140.1 137 133.9 129.8 126.3 122.6 118.7 114.2 109 103.8 97.9 92.3 86 80
164 165.3 164.9 165.5 165 161.5 156.2 150.2 143.3 137.5 132.6 129.5 126.9 123.8 124.2 124.9 125.2 124.6 126.3 131.1 137.5 142.7 147.4 150.4 150.9 149.4 143.7 150 156.2 162.9 170.7 175.5 178.2 177.2 173.7 170.7 163.9 156.2 146.3 137 138.9 146.8 149.9 153.3 160.1 164.9 163.2 169.4 177 182.9 188.2 203 213.4 215.9 217.9 215.5 208.9 196.8 184.3 174.5 167.5 162.1 158.7 155.1 151.3 148.6 145.1 141.4 137.4 134.3 131 126.4 123.6 120 116.3 112.3 108.6 103.8 99 94.4 89 83.8
161.2 160.9 160.4 160.6 160.9 158.2 152.9 144.9 136.9 131.3 126.7 123.1 119.1 116.9 117.4 118.6 121.1 127 132.1 137.1 142.1 146.2 150.7 155.4 155.5 152 150.5 149.4 154.1 162 170 175.6 178.5 180.4 178.4 175.7 169.8 161.4 150.6 142.2 146.8 155.3 161.1 163.8 169.2 175.1 175.6 175.8 181.4 186.9 195.1 209.3 216.2 217.3 218.6 213.8 205 193.9 182.2 172.7 166.6 160.5 156.4 153 149.6 146.2 142.6 139.2 135.4 131.4 127.8 123.3 120.4 117.3 113.9 110 105.8 102.1 97.7 93.6 89 82.9
154.6 153.7 153.6 155.2 155.2 152.7 147.2 139.1 129.9 124.2 117.8 115 112.6 113.6 118.1 123.2 128 132.1 137 142 147.4 150.9 154.9 159.2 161.1 158.9 154.9 151.5 153.7 161.8 169.2 175.6 180.3 183 183.2 180.5 175.3 166 154.5 147.6 157.2 165.5 171.3 176.5 181.6 186 187 187.2 189.9 196.1 203.4 213.1 218 218 217.9 211 201.7 190.3 178.8 170.4 165 159.4 154.5 151.7 147.7 143.3 139 135.6 132.8 128.7 124.6 120.8 115.9 111.7 109 106.3 102.7 98.7 94.8 91.4 86.6 81.8
149 144.3 144.8 149.1 149.3 146.1 139.7 131.7 123.4 114.7 109.7 109.1 113.1 119.9 124.2 129.1 133.3 136.9 141.9 146.9 152 155.7 159.9 163.5 165.7 165.3 160.7 156.6 155.2 161.1 168.3 175.9 181.2 185.4 187.6 185.6 180.7 170.8 159.7 153.6 165.2 174 181.2 187.3 193.6 197.1 198.8 199.7 201.4 205.6 210.9 216.6 219.2 219 216.9 209.7 200.7 189.1 177.4 168.5 162.6 157.4 152.7 149.5 145.8 141.1 137.2 132.7 129.4 126.5 123.6 119.1 113.7 108.2 103 101.3 97.1 93.3 89.8 86.5 82.8 78.1
144.8 134.2 138 142.9 142.7 139 131 121.6 115.4 107.8 106.7 112.7 120.1 124.4 128.5 133 138.2 142.2 146.2 151.1 156.6 161 163.8 167.3 169.8 171.2 168.1 161.5 157.9 162.1 169 177.6 182.8 188.6 191.8 191.1 186 178.7 167.8 160.3 171.9 181.9 189.9 198.3 203 206.8 208.2 208.3 208.7 211.7 215.2 218.7 220.1 219.7 217.3 210.4 200.9 189.6 177.9 172.3 167.2 157.6 150 147.1 142.5 139.1 135.7 131.4 126.9 122.2 118.4 114.7 111 105.3 98.6 93.9 90.2 87 83.9 80 74.7 70.1
142.5 130.2 126.7 134 135.4 130.9 122.5 113.3 107 104.1 110 118.9 125.7 130 135.1 140.9 146.1 148.7 152.2 156.5 161.5 166.2 168.9 171.9 174.3 176.1 174.1 168.1 162.6 164.9 171.2 179.2 184.8 193.3 197.2 198.2 195.6 187.9 178.8 171.9 177 187.3 196.8 204.5 209.8 213.7 214.2 213.8 214.8 216.3 217.9 219 220.9 221.2 217 209.6 202.1 190.1 178.1 171.7 167.1 153.9 147.6 144 139.6 136.1 132.9 130.5 126.3 123.3 118 112.5 104.6 100.7 96.5 90.3 83.6 78.8 75.3 69.6 64.3 60.5
139.6 128.2 118.4 124 125.6 121.3 110.7 103.4 101.9 107.3 116.4 126.8 135.3 140.3 144.9 150 154.6 158.7 162.1 163.9 167.4 171.7 175.4 177.8 179 179.4 179.1 174.1 168.2 169.1 174.4 181 188.7 200.5 204 204.9 203.1 199.9 190.7 186.3 183.7 191.2 200.2 208.6 215.4 219.1 219.1 219.7 219.5 220.3 220.4 220.6 221.5 220.4 216.5 209.8 203.1 189 174 164.5 157.4 150.5 145.4 140.2 137.1 132.1 127.4 128.2 125.4 121.7 118 113.5 107 99.7 90 85 78.8 71.7 67 68.3 67.1 65.6
135.5 129.9 115.3 110.8 116.4 108.2 100.9 99.7 105.6 117 130 137.7 144.9 149.7 153.7 157.6 161.9 165.2 168.6 171.6 173.9 177.4 181.5 183.4 184.3 183.5 182 177.5 170.8 172.9 177.9 184.5 193.7 205.5 208.6 210.1 210.3 209.8 206.1 200.3 197.2 198.8 204 212.7 219.1 222.4 223 222.9 222.8 222.7 222.4 222.4 222 221.2 218.2 212.8 203.2 188.3 170.8 155.9 151.4 144 141.6 137.1 133.2 129.2 123.3 124.8 122.9 120.1 115.6 110.3 105.5 99.7 92.3 84.5 73.5 71.4 79.3 79.5 78.6 77.5
130.4 127.8 119.6 106.4 102.1 99.8 98.4 101.5 114.5 130.1 137.3 141.5 147.7 152.8 157.3 161.9 165.1 168 172.5 176.4 180 183 186.1 188.8 189.2 186.9 184.8 180.4 175.2 178.6 184.6 192.5 202.1 208.2 212.3 214.8 215.6 216.3 214.5 212.4 210.8 210.8 214.9 218.4 222.8 224.1 224.1 223.9 223.9 223.6 223.1 222.5 221.7 220.5 219.2 215.6 206.6 191.3 177.5 164 155.3 148.7 138.7 130 127.2 125.8 118.7 120.4 119.5 117.5 113.4 107.4 102.6 96.5 87.4 78.5 79.2 88.5 92.2 89.1 87.5 86.3
124.8 122.1 117.6 110.7 100 96 98.1 108.1 119.8 128.5 135.3 140.3 145.6 151.2 156.4 160.8 164.6 168.9 174 178 181.5 186 190.2 192.5 193.5 191.3 187.4 182.7 179.5 184.1 192.2 200.5 206.4 212.1 216.7 218.4 219.5 220.2 220.8 220.4 220.1 220 220.8 222.9 223.8 225 225 224.8 224.2 223.4 222.6 222.1 221.1 219.8 217.8 215.2 211.5 196.2 182.9 167.6 159 151.7 143.6 133.7 123.9 116.1 109.2 110 110.5 109.9 107.3 103.8 99.3 92.2 83.2 79.5 93.2 100.7 101.1 97.9 95.4 94.2
118.9 116.5 111.5 104.9 97.2 95.8 99.6 109.7 116.6 122 130.6 136.3 142.5 147.3 152.1 157.6 161.6 167 172.6 178.2 182.8 187.5 192.1 195 196.8 195.9 191.2 185.9 184.7 192.6 199.9 205.2 210.9 216.3 220.4 221.9 223 223.4 223.5 223.6 223.5 223.4 223.4 224.9 225 225.1 225.5 224.4 223.7 223 222.2 221.3 219.8 218.4 216.4 214.2 211 202.1 186.9 174.7 162.8 158.3 151.9 143.7 137.8 123.1 122.2 112.2 100.7 97.3 95.1 93.2 90.9 85.7 82.1 97.1 103.9 112.9 110.5 106.8 101.9 99.8
110.3 106.1 103 96.5 94 95.5 99.9 106.4 111.7 117.9 124.4 130.5 137.5 143.9 148.9 154.2 159.3 165.3 170.9 176.5 182.3 188.5 192.8 197.6 200.8 201 195.6 191.5 191.1 199.6 204.4 209.4 214.7 219.8 222.8 224.9 226.5 226 226 226 225.8 225.6 225.5 224.9 224.6 224.8 224.4 223.6 223.1 222.3 221 218.7 216.9 215.6 214.3 213.2 210.3 206.3 194.3 182.5 172.9 169.1 163.9 154.7 139.8 136.5 134.2 124.9 113 109.3 105.4 100.4 96.8 100.1 104 108.6 120.6 118.4 116 112.8 107.3 102.5
99.7 95 92.1 92.6 93 96.2 99.7 104.7 109.1 114.6 120.6 128.4 134 139.2 146.2 150.8 157.5 163.6 169.5 175.4 181.2 187.4 192.8 198.4 206.2 206.4 201.2 196.4 194.9 203.6 208.7 213.6 218.5 222.5 225.2 226.9 228.4 228.5 228.3 228 227.7 226.5 225 224.2 224 223.3 223.3 222.7 222.1 221.2 218.8 216.4 213.4 211.2 210.6 211.5 209.5 205.5 201.2 191.9 186.5 180.2 172.9 161.6 150 150 141 128.8 127.8 118.1 119.9 118.1 114.1 117.6 125.1 127.3 125.6 122.1 117.4 112.7 107.6 103.3
89.6 89.8 90.4 91.6 94.3 97.1 99.8 104.1 107.9 113.4 119.2 126.8 132.3 137.9 143.3 148.8 155.8 163 168.6 174.2 180.1 186 191.4 198.3 206.7 207.7 206.3 202.9 200.4 206.7 211.8 216.2 221.2 224.6 226.7 228 229.4 229.9 229.8 229.6 228.5 226.3 224.2 222.1 221.6 221.4 220.4 220.6 220 218.8 216.6 212.4 206.6 202.6 204.2 206.4 205.4 203.4 202.3 198.4 192.5 188.4 182.3 171.6 167.2 161.6 148.3 137.5 133.2 132.8 131.8 129.8 130.1 132.8 132.6 129.5 125.1 120.3 115.6 111.6 107 102.2
87.8 89.9 91.4 92.7 94.5 98.2 101.9 105.3 109 113.5 119.4 126.6 131.7 136.3 140.9 147.6 154.6 161.1 167.6 173.3 178.9 185.2 191.7 197.9 206.9 208.5 210.3 208.7 205.7 209.3 214.4 219 222.8 226.1 228 229.4 230.6 230.9 230.8 230.2 228.8 226.3 223.5 219.6 217.5 214.7 216.2 216.9 217.2 216.5 214 209.5 199.6 189.4 190.1 193.4 195.3 195 193.9 195.1 192.3 190.9 190.3 182.4 180 174.3 163.6 154.1 148.7 148 148.2 145 140.6 136.5 131.6 126.5 121.3 115.2 108.9 105.4 101.2 96
88.4 91.1 94 94.4 93.8 98.6 103.4 107.8 111 115 119.2 125.3 129.9 133.7 138.8 145.2 152 158.7 165.4 172 177.6 183 189.5 196.5 207.5 211.1 213.5 213.1 211.7 212.3 217 220.7 224.4 227.9 229.3 230.7 232.1 231.8 231.7 230.2 228.3 225.8 221.6 214.5 204.4 203.8 207.3 210.6 212.4 212.2 210.9 207.2 198.1 183.9 175.1 179.6 183.1 179.4 178.7 184.1 187.6 189.6 193 195 190.7 184.4 173.2 164.1 158.1 154.2 149.9 144 138.1 133.1 126.1 118.1 113 104.4 96 92.2 89.3 85.5
90.4 95.5 98.6 98.8 96.2 98.1 103.2 108 112.3 116.3 119.3 122.6 126.8 130.5 136.1 142.3 149 155.9 163.5 170.5 175.8 181.4 187.1 194.3 207.7 212.5 215.9 216.6 215.3 216.7 219.1 222.5 226 229.1 230.8 231.9 233.1 232.5 231.9 230.1 228 224.6 219.4 209.9 193.9 189.2 193.3 198.7 202.2 205.9 206.3 204.6 196.1 187.4 168.1 165.6 166.2 161.4 162.9 170 178.1 186 190.4 195.1 195.2 191.8 184.7 174.8 168.4 156.3 145.9 137 128.7 122.7 115.3 104.8 98.7 90.3 83.1 78.7 75.9 72.8
93.4 101 103.7 103.3 98.9 98.2 101.9 106.6 111.2 114.6 115.9 119.9 124.2 127.8 133.7 139.9 146.4 152.3 160.1 169.1 174.1 178.9 185 193.2 206.4 212.6 217.4 219.1 219.4 220.2 222.5 224.6 227.5 230.2 231.8 232.7 233.3 232.8 232 230.3 227.2 223.4 218.3 204.9 187.9 175.7 179.2 187 193.2 196.1 198.1 197.3 194 187.9 171 156.4 152.4 148.9 151.2 157 165.5 175.2 185.4 192.1 195.4 193.8 188.2 178.1 163.5 148 134.5 123 115.6 108.5 102.5 94.2 87.5 82.8 79.8 76 70.8 67.4
97.2 103.6 107.3 107.6 103.9 100.2 101 105 109.2 111.7 114.2 119.8 123.8 126.9 131.2 137.9 143.9 149.6 157.3 165.9 172.4 177.8 183.7 191.4 203.5 211.8 217.3 220.2 222.2 223.3 224.6 226.4 228.8 231.2 232.6 233.4 233.6 233.2 231.9 227.7 226 222.2 215.7 203 188.3 172.9 167.7 172.6 178.6 180.9 184.6 190 189.7 182.5 170.8 158.8 147.3 137.3 139.8 146.7 155.8 166.9 177.2 187 193 192.3 188.3 174.9 158.3 143.1 132.6 125 117.4 107.3 102.7 101.3 98.2 95.7 93.1 84.8 80.3 77.4
98.4 104.3 108.2 114.9 115.4 108.6 104.2 103.7 105.7 111.2 115.4 120 124.7 128.6 133.8 139.4 143.6 149.3 156 164.3 170.8 176.7 182.8 189.9 201.6 211.9 217.7 221 223.9 225 226.5 228.4 230.7 232.3 233.4 234.2 234 233.6 231.9 228.3 224.7 219.6 210.1 196.5 184.1 172.1 158 160.8 163.4 165.1 167.8 171.1 174.5 171.5 166.2 159.3 149.6 135.3 130.2 137.6 147.7 158.5 170.1 180.9 186.1 187.9 185.9 179.5 169 157.6 148.9 136 125.6 119.2 113.8 115.8 111.9 108.8 97.5 94.2 92.1 87.3
99.8 104.7 108.8 116.7 125.1 124.4 118.5 114.9 108.9 107 111.2 115.4 121.1 125.1 129.9 136.5 143 151.6 156.4 164.6 171.1 177.3 183.2 189 201.3 210.5 217.7 222.2 224.8 226.5 228.3 230 231.5 233 234.3 234.9 234.8 233.6 231.9 228.7 224.5 216 202.5 186.5 172.7 165 156.5 149 149.7 150.5 152.8 155.2 157.4 159 157.5 154.5 144.2 130.4 121 130.9 141 152.6 164.9 175.2 181.1 182.9 180.5 177.9 172.7 167.3 161.5 149.1 139.7 133.4 127.5 132.9 128.9 120.5 104.7 102.3 99.7 99.6
101.6 106.6 112.3 118.9 130.1 140.8 134.6 129.6 121.7 115.6 110.2 111.4 115.9 123.4 129.8 135.3 142.6 151.3 157.2 164.6 171.7 177.9 183.7 189.1 199.6 209.6 216.6 221.5 224.6 226.8 228.8 230.8 232.4 233.8 234.8 235.4 235.8 234 231.8 227 220.8 208.2 192.2 179 168.2 160.5 152.7 143.4 140 138.6 138.2 139.4 141.5 147.2 150 147.8 136.8 120.9 117.6 127.9 137.6 147.9 159.3 168.7 175.1 180.4 176.4 172.7 167.9 166.6 162.1 158.2 152.3 147.2 142.7 142.7 137.8 129.1 122 123 120 118.2
105 110.7 116.5 124.2 139.3 151.9 153.8 146.4 137.5 130.8 125.9 121.4 114.6 123 129.5 136.5 143.8 150.2 156.3 164.3 171.9 178 183.3 188.6 197.7 207.9 215 221 224.2 227.1 229.2 231.2 233.2 234.4 235.4 235.5 235.3 234.1 231.4 227.3 217.7 201.1 188.9 183.9 177.5 169.5 159 150.4 141.5 133.7 127.4 127.6 129.2 132.7 137.1 137.9 129.3 114.5 114.3 123.7 133 141 151 160.4 166.6 170.6 168 164.4 161.3 159.9 157.6 156 154.6 152.5 150.1 148.4 145.4 142.1 138.2 134.9 132.1 129.6
113.8 120.3 126 135.9 148.4 157.3 161.9 160.6 153.5 144.6 137.6 132.5 123.9 121.6 129.1 135.1 142.9 150 157.1 164.8 170.7 176.6 181.7 186.9 193.5 205.5 212.6 218.5 223.6 226.7 229.4 231.4 233.3 234.7 235.7 236 235.8 234.5 232.9 229.1 222 211.5 204.1 198.9 189.8 180.6 169.3 157.9 148.6 139.3 130.3 121.2 116.9 120.6 122.2 123 120.1 109.1 109.5 117.4 124 132.1 141.1 149.9 156.9 159 157.3 154.4 150.8 149.8 148.7 147.9 148.6 149.4 147.6 146.5 144.3 142.7 140.7 138 135.1 132.8
