app/static/ascii/SY19.asc
ncols 200
nrows 200
xllcorner 310000
yllcorner 90000
cellsize 50
[rows 105 to 139 of 200, columns 0 to 79 of 200]
60.8 64 66.7 68.3 69.2 69.3 70.3 73.3 75.8 75.3 71.9 68.9 71.2 73.4 76.3 80.3 84 87.7 94.8 100 103 105.9 109.2 111.9 114.8 118.1 121.5 124.8 128.6 132.1 135.3 137.6 138.9 140.1 142.2 145 148.2 150.5 152.9 155.8 159.7 166 173.2 181.5 190.1 202.7 222.6 237.5 242 243.5 244.6 245.3 245.1 244.2 242.8 241.2 239.7 237.6 235.1 232.5 229 222.6 205.3 187.5 195.3 199 195 187.4 179.6 171 162.8 153.6 145.3 141.7 145.7 145.8 143.8 140.4 133.3 127.2
61 63.9 67.6 69.3 69.2 69.3 69.3 71.6 73 72.5 68.7 67 69 71.3 74.2 77.8 82.4 86.8 94.1 100.6 104.1 108 111.5 114.3 117.2 120 123 126 129.2 132.6 135.7 138.4 139.2 140.3 142 143.3 144.7 146.6 150.7 155.3 161.4 166.9 174.1 182.3 191.5 206.5 226.1 239.2 242.6 244.3 245.5 245.7 245.3 244.2 242.8 241.2 239.6 238 235.7 233.2 230.3 225.6 211.8 194.9 181.1 180.4 178.7 174.4 168 160.4 151.1 152.2 154.4 158 161 160.5 157.3 151.8 143 135.8
60.8 62.8 66 68.2 69.1 67.9 67.1 67.3 68.4 67.8 65.5 65.6 67.2 69.8 72.8 76.7 81.1 86 93.1 99.6 105.8 109.9 113.3 116.2 119.1 122 124.6 127 130 133 135.9 138.1 137.7 137.9 137.7 137.6 139.3 142.8 149.8 156.1 162.1 168.4 175.4 183.3 195.2 212.5 230.3 240 242.9 244.7 245.8 246 245.3 244.1 242.4 240.8 239.3 237.8 235.8 233.7 231 227.3 221.3 208.2 195 182.1 175.5 171.7 169.7 168.5 169.3 170.4 172.6 175.7 179 179.5 175.3 165.5 151.6 140.2
59.9 61.6 63.4 65.2 66.4 65.8 64.2 63.4 63.5 63.1 63.4 65.2 67.7 70.2 73.2 77.6 81.9 86.1 93 100.5 107.3 111.9 114.9 118 120.9 123.6 125.6 126.6 129 131.9 134.5 135.6 134 130 129.9 135.1 140 144.8 150.4 157.4 165.3 172.5 179.3 186.5 200.9 219.2 234.7 241.2 243.3 245.1 245.8 245.4 244.7 243.4 242 240.4 238.8 237.4 235.9 233.8 231.7 228.8 225.5 220.4 210.3 200.1 191.3 186.9 185 185.4 187 188.5 191 193.4 196.4 197 187.5 171.2 154.9 141.4
58.9 59 60.2 61.5 62 60.5 59 59 61.3 64.9 66 66.2 68.4 71.2 74.5 78.6 82.8 86.6 93.8 100 107.5 113.3 116.5 119.7 122.5 124.7 124.8 126 127.8 129.3 130.3 131.5 128.4 123 132.1 136 139.9 147 152.4 158.5 166.3 173.7 181.1 191 208.1 223.4 237.3 243 244 245.5 245.7 244.8 244 242.5 241.2 239.8 238.4 236.8 235.8 233.9 232 230.1 227.3 224 220.8 216.4 208.8 204.6 202.7 201.5 202.3 203.6 204.1 205.1 205.2 201.2 188.9 168.3 149.9 141.2
57 56.9 56.9 57.2 57 55.9 57.7 61.9 66.1 68.1 69.4 68.5 70.4 73.5 76.2 80.6 84.8 88.8 96.2 105.4 112.1 115.5 118.6 121.6 123.8 123.9 123.6 123.7 124.6 123.4 121.7 120.6 116.9 126.2 131.9 138.6 144.2 150.1 154.1 159.9 166.8 174.1 181.7 193 211.5 225.9 239.4 243.5 244.7 245.8 245.1 244.3 243.1 241.7 240.3 238.9 237.4 235.7 234.5 233.1 231.4 230.1 228.5 226.1 223.2 220.8 218.4 215.8 215.2 214.5 213.6 212.6 211 209 205.6 198.9 180.1 157.6 146 144.5
54.9 54.4 54.4 53.8 54.3 56.7 61.4 66.2 67.7 68.7 70.9 71.4 74 77.5 80.1 84.3 89.8 95.4 100.3 110.2 114.8 117.9 120.6 122.9 122.7 121.2 118.5 119.1 118.1 113.3 107.7 114.4 119.2 128 133.6 139.7 145.2 150.3 154 159.6 166.5 174.6 182.4 195.5 212.7 228.6 241.1 243.8 245 245.2 244.4 243.6 241.9 240.7 239.1 237.4 235.6 234 232 230.8 229.8 228.9 227.9 226.4 224.1 222.6 220.9 219.6 218.4 217.1 215.8 214.3 212.4 208.1 203.9 191.8 167.3 148.4 146.8 143.6
51.9 51.5 51.9 53.3 55.5 58.4 63.6 67.7 68.2 68.7 69.1 72.9 76 79.6 85.6 88.9 94.8 103.2 106.2 112.2 116.4 118.4 119.8 119.6 117.3 114.5 111 109.1 107.5 104.7 114.2 120.4 123 121.6 128.2 140.3 146.1 152.5 158 163.2 170.5 177.3 185.3 199.7 216.5 232.3 241.2 243.6 245 244.4 243.6 242.6 240.5 238.7 237.2 235.5 233.6 231.5 229.5 228.3 226.7 225.2 223.7 222.1 221.2 220.7 219.9 219.1 218.4 217.5 215.8 213.7 211 206.7 200.1 183.3 161.9 147.3 145.5 140.2
47.3 49 52 53.3 55 59 62.9 65.9 67 67.7 69.1 72.8 77.9 81.3 87.2 90.6 94 100.7 104.6 108.3 111.6 111.7 111.9 108.8 105.1 101.8 97.1 100.6 106 109.8 114.9 122.5 128.3 132.2 135.6 143.5 149.5 155.2 160.4 164.8 171.9 180.3 189.9 203.7 220.3 236.2 241.1 243.3 244.2 243.6 242.8 241.5 239.3 237.4 235 232.3 230 227.8 225.2 222.9 221.1 219 216.6 215 214.6 215.2 215.7 215.5 214.6 214.5 213.7 212.6 210.2 204.6 195.3 173.9 154.2 146.5 143.5 135.3
51.4 49.3 51.3 52.5 54.4 57.3 59.6 62.3 64.4 67.2 71.3 74.6 78.7 82 86.1 88.4 89.3 92.1 96.2 99.8 100.9 99.6 95.7 86.3 92 98.6 102.7 106.8 112.2 116.8 118.9 120.6 128.7 135.2 141.3 146.4 152.3 157.3 162.8 168.3 174.8 181.7 193.7 207.7 225.3 237.9 242 243.4 243.5 242.7 242 240.3 238 235.7 232.2 228.2 223.7 219.4 213.6 210.2 208.1 206 203.3 200.3 199.4 200.2 203.1 204.8 206.2 207.6 208.8 209.9 208.5 204.2 193.6 171.5 151.5 146.9 142.4 131.3
57.9 56.4 54.6 54.2 55.2 55.6 57.4 60.7 66.1 70.8 75 75.9 75.6 78.4 79.9 81.8 82.5 83 83.2 83.6 78.6 85.4 91.1 94.7 98.7 103.4 107.6 111.6 117 122.1 126.1 128.4 131.2 137.7 144.7 150.5 155 160.2 165.4 171.2 176.6 184.8 197.9 213.7 230.8 239.2 242.8 243.4 243.1 242.3 241 239.1 236.7 233.1 228.2 216.8 204.4 200.2 194.5 190.1 191.1 189.3 186 181 180.2 181.4 184.7 187.6 189.5 192.9 199.3 203.6 204.7 203.6 194.5 169 149.8 148.2 141.5 132.3
67.5 63.9 60.8 60.7 61.4 60 58 58.4 64.8 71.4 71.2 67.7 70.1 70.7 71.5 73.1 77.9 79.6 81.9 87 88.7 92.3 95.2 98.6 102 107.2 111.4 115 119.2 124.1 129.4 133.2 135.6 139.9 145.1 151 156.8 161.2 168.1 174.4 180.7 189.9 203.6 223.4 234.9 240.8 243.1 243.1 242.8 241.7 240.5 238.7 236.6 233.9 228.6 224.3 222.3 216.1 209.3 199.6 189 181.2 174.9 167.8 160.2 161.9 167.2 171 173.3 176.4 183.4 190.1 197 200 195.6 167.1 148.8 148 141.5 132.6
74.3 72.6 70.8 69.8 67.5 64.1 65.9 65.4 60.4 65 65.2 71.3 72.9 70.8 75.5 78.6 82.5 85.1 87 91.4 93.2 94.7 97.3 100.8 106.1 111 114.6 118.4 122.4 127 131.9 136.9 140.3 144 148.6 153.7 159.5 164.4 169.6 176.3 183.4 193.9 212.7 232 239.4 242.2 243.3 243 242.2 241.1 240 238.4 236.4 234.6 231.9 229.4 227.3 225 221.6 213.7 205.4 198.3 190.1 179.8 169.5 160.3 148.3 153.1 156.6 161.2 168.8 174.9 184.5 193.1 191.7 165.6 148.9 147.4 140.8 132.7
73.1 74.1 75.8 76.1 70.5 66.6 67.2 67.7 68.2 69 73.2 77.8 76.5 75.6 80.1 82.7 86.5 88 90.2 94.2 96.4 98.2 99.4 103.3 108.5 112.8 116.6 121.3 125.4 130.1 134.4 139.1 144.3 147.6 151.5 156.2 161.6 167 172.6 176.7 186 198.8 221.8 236.5 240.7 242.9 243.1 242.6 241.7 240.5 239.4 238.1 236.2 234.6 233.2 230.9 229.2 227.1 225.1 222.3 217.3 210.6 202.5 191.3 181 169.9 159.6 150.8 142.2 147.3 152.8 160 168.5 178.5 183.5 167.3 149.5 145.2 139.1 132
67.8 67.8 68.3 68.7 66.3 65.9 66.4 67.3 68.3 69.4 72.6 75.5 73.8 76.7 82.1 85.6 90.2 93.1 94.6 97.9 101.1 102.9 104.2 104.8 109.7 114.3 118.6 122.6 125.8 129.9 134 140.3 144.5 148.9 153.2 158.6 163.6 169.1 174.8 181.3 191.6 207.3 228 238.3 241.5 243 242.7 242.1 241.2 240.1 238.9 237.7 236.3 234.8 233.3 231.8 230.6 228.7 226.8 224.8 222.4 219.5 212.5 203.1 192 179.9 166.3 157 149.8 142.2 136.4 141.9 149.1 161.5 168.8 165.3 151 142.1 137.1 130.8
61.9 61.1 61.5 62 61.1 62.8 64.3 65.3 66.4 68.2 70.4 71.1 72.4 78.7 83.6 87.5 93.1 98.9 101.7 106.2 108.3 108.1 106.5 106.3 109.8 113.7 118.1 120.4 123.3 127.7 132.9 139.5 143.8 148.4 153.3 158.3 163.3 170.4 177 184.5 196.9 215.7 232.8 239.6 242 241.9 242.3 241.5 240.6 239.7 238.5 237 235.5 234.2 232.4 231.1 230.1 229.1 227.7 225.7 223.8 222 218.7 213.5 202 188.8 174.5 161.3 153.3 145.9 139.2 129.8 131.3 144.1 153 156.8 148.6 139.9 134.2 127.4
56.3 56.4 56.3 57.4 59 61.2 63.5 64.2 66.3 68.1 69.3 71.1 75.1 81.4 85.6 93 99.1 102.9 107.5 111.7 113.3 109.8 105.1 106.1 108.5 111.3 114.8 116.9 126.5 130.7 135.5 139.6 144.9 148.5 152.9 158.7 164.1 169.5 178 187.2 201.5 222.5 236.5 240.7 242.5 242.3 241.7 240.8 240 238.8 237.1 235.6 234.1 233.1 231.6 230.5 229.5 228.5 227.3 226.1 224 221.8 219.6 216.3 210.6 197.8 180.6 166.1 154.2 147.7 142.2 135.4 125.9 127.4 136.8 143.6 143.3 136.8 130.6 123
53.2 54.6 56.1 58.9 61.4 64.6 66.1 68.1 69.9 71.6 72.8 74.2 78.6 83.2 88.9 97.3 100.5 104.8 109.5 113.8 115.5 106.2 100.4 101.6 104.5 109 113.9 120.6 125.6 129.9 133.9 138.6 146 151 154.4 159.4 164.9 170.9 180.1 191.2 205.7 225.4 237.8 241.8 242 241.6 240.9 240.1 239 237.5 235.6 233.9 232.7 231.6 230.6 230 229 227.9 226.6 225.5 223.8 221.6 219.5 216.8 212.5 203.1 186.2 170.5 156.9 149.6 142.9 136.6 129.4 119.7 121.8 130.3 136.5 131 124 118.8
54.6 57.5 57.7 64.8 69.3 73.2 75 76.6 77.9 79.7 79 77.4 80.5 84.3 89.6 94.4 96.8 99.1 110.3 111.9 105.9 96.8 100.5 105.6 107.6 111.8 117.5 122.5 127.3 132.1 137.1 142.1 146.7 152 155.3 159.2 164.4 172.9 181.8 196.8 212.3 229.2 237.8 241.3 241.2 240.8 240 239.1 237.7 236.2 234.4 232.3 230 228.6 228.1 227.7 226.8 226.5 225.9 224.8 223.6 221.5 219.3 217.2 213.8 206.5 192 177 164 153.8 146.5 138.5 131.5 122.8 112.5 114.9 125.6 123 118.2 114.3
55.8 59.1 65.1 68.7 72.9 75.7 78.3 80.4 82.6 86.2 84.1 81.3 83.7 87.2 91.3 94.6 94.9 93.9 100.1 100.3 92.3 97.9 103.4 107.6 111.3 114.6 119.3 124 128.8 133.5 138.5 143.5 148.9 153.4 157.6 162.3 168.1 174.8 186.4 202.1 218.1 231.8 238.9 240.6 240.5 239.9 238.9 237.9 236.6 235 232.6 229.9 226.2 221.9 222.1 222.8 223.9 223.5 223.4 223.2 221.6 220.2 218.7 216.5 214.4 209.6 201.5 187.6 174 161.2 149.9 141.4 133.1 124.8 116.3 107.3 110.7 113.3 112.4 109.1
52.8 55.2 60 64 67.4 70.9 74.5 77.7 80.2 82.7 83.3 83.9 86.7 91.7 99.3 99.7 94.3 89.4 85.8 85.1 94.6 99.2 103.9 107.7 111.9 116.3 120.8 125.5 130.3 135 139.8 145.1 150.7 155.4 160.7 166.5 173.1 183.5 195 207.6 224.3 235.1 239.9 239.8 239.6 238.7 237.8 236.7 235.4 233.5 231.4 228.4 222.2 205 211.9 216 217.6 219.6 220.3 220.4 219.6 218.2 216.6 214.7 212.8 210.4 206.2 198 185.9 171.4 156.3 144 135.5 127.3 119 110.3 103.6 103.6 102.6 100
52.4 53 54.5 57.7 61.1 64.4 67.5 71.1 75.1 78.5 81 83.7 88.1 92.2 106 100.8 89.2 79.9 87.8 94 96.8 100.9 105 109.3 113.6 117.9 122.3 127 131.7 136.5 141.2 146.8 152.4 157.5 163.3 169.6 175.9 186.6 202.2 214.8 228.9 237.3 239.4 239 238.3 237.3 236.7 235.5 234.1 232.1 230 227.2 222 210.6 190.1 204.4 208.6 211.8 212.9 213.8 214.7 213.9 212.7 210.8 207.8 205.1 202.7 199.8 193 180.2 163.7 149.7 141.2 133.8 125.3 117.3 110.2 103 99.9 94.9
53.9 55.2 56.4 56 56.9 58.9 60.9 64 70.3 73.7 77.3 81.1 87.2 89.8 93.1 91.1 80.9 84 89.6 94.2 97.8 103.3 106.9 111.2 115.7 120.1 124.3 127.9 132.9 137.7 142.7 147.8 153.4 159.3 164.8 171.1 177.5 186.3 201.6 220.1 233.7 238.6 238.5 237.5 236.6 236 234.5 233 231.5 230.3 228.8 225.5 221.8 213 197 183.5 191.4 195.1 196.7 199.6 204.1 203.8 203.7 200.7 196.6 190 187.6 187.4 186 180.5 169.3 156.7 150.4 144.7 137.7 129.3 121.5 113.7 108.6 103
59.8 62.5 60.7 59.6 57.9 58.9 59.8 60.2 63 66.8 72.8 78.1 83.6 85.5 86.3 83.3 75.4 85.7 91.8 98 102.2 104.7 108.8 113.1 117.6 122.1 126.6 130.3 133.6 139.7 144.5 148.9 155 161.1 166.3 171.9 179.2 189.7 208.7 225.8 236.4 238.3 237.5 235.6 234.3 232.8 231.9 230.6 228.9 227.7 226.8 225.1 221.8 216.3 204.8 191.3 174.1 175.6 177.7 184.6 185.6 186.4 186.5 183 179.2 173.5 170.7 170.1 168.3 165.6 160 157.4 161.5 160.2 154.4 144.9 135.8 125.2 115.3 107.8
62.7 63.7 63.3 63.8 63.8 64.6 67.3 69.7 68.6 62.7 66.7 71.7 75.8 78.3 79.5 75.7 81.1 88.3 94.3 98.7 103.7 108.3 111.3 115.7 120.6 125.4 129.9 133.9 138.3 143.1 147.6 151.5 157.1 162.9 168.7 174.8 181.9 195.6 216.5 231.8 236.7 237.6 235.7 233.5 230.4 228.4 227.4 226.2 225.1 224.7 223.9 223.2 221.3 217.8 211.3 202.1 186.1 167.5 158.2 161.2 165.2 168.5 169.8 166.9 163.8 160.4 155.8 153.6 150.8 148.1 146.6 150.1 160.6 169.4 169.1 161.1 152.8 137.8 119.1 107.8
64.1 66 66.9 67.8 67.9 68.8 73 77.1 77.7 73.7 68.6 66.3 68.4 70.3 71.5 73.1 82.7 89.6 95.9 100.9 105.8 110.5 115.1 118.4 122.3 126.5 132.2 136.6 140.9 145.8 150.7 154.8 160.5 165.1 171.7 177.9 186.1 203.8 222.8 235.9 237.3 236.6 233.9 230 224.2 220.8 219.8 218 217.2 217.3 217.5 217.2 217.2 216.4 212.7 206.7 196.4 180.8 170.6 160 145.5 154.7 158.2 156 154.2 151.9 147.6 144.1 141 138.4 137.1 138.9 147.2 156.7 163.7 168.5 161.1 135.9 116.8 106.2
66.5 69.6 72.3 74.2 74.1 73 76.5 80.9 81.8 80.3 76.4 72 72.6 74.5 70.8 72.4 81.3 88 94.6 101.2 106.3 111.7 116.3 120.5 124.5 128.7 133.1 137.6 142.3 147.2 152.4 157.7 164 167.7 174.2 181.1 191.9 212.6 229.6 237.4 237.6 235.9 233 227.8 216.8 206.5 205.1 201.7 201.5 203.3 202.9 203.2 205.8 207.2 207.4 206 197.5 178.1 165.7 157.2 147 142.1 149.2 148.4 147.3 144.8 140.6 136.7 133.3 130.5 129 129.4 133.2 139.8 147 156 155.3 133.7 116.4 105
67.8 72.3 77.4 80.4 80.7 79.7 80.2 83.6 84.8 83.3 79.8 75.9 75.9 79.3 82.3 80.8 76.7 86 93.5 98.9 105.4 112.2 116.2 121.1 125.9 130.3 134.2 138.3 142.7 147.1 152.9 159.9 165.3 170.5 177.1 186 201.9 221.7 235.3 237.7 237.7 235.9 233.3 228.6 220 208.7 197.7 186.3 184.7 186 184.3 186.3 189 191.5 193.8 193.6 185.7 167.9 157 149.7 139.5 136.6 141.2 141 140 137.7 134.1 130.4 126.8 123.1 120.7 119.7 123.4 126.3 129.9 137.5 140.9 132 114.7 101.2
71.3 72.6 76.3 80.6 82.4 83.3 84.6 86.6 87.2 84.9 82.1 78.8 78.9 82.6 86.4 88 84.2 84.2 91.4 97.1 104.1 110.5 114.9 121.2 126.3 131.8 136.1 139.6 143.9 149.9 155.1 161.8 167.1 172.8 180 190.9 211.3 229.7 237.2 237.8 237.5 236.1 233.7 229.8 224.3 214.9 203.4 192.4 184.3 173.7 170.3 172.2 173.5 175.3 178.2 177.4 169.3 159 151.1 144 134 132.1 135.7 135.2 134.4 132.7 129.6 126.9 125.5 123.1 119.7 114.7 113.6 115.2 117.8 122.2 132.3 123.3 110.4 100.4
74.4 76.5 75.8 77.6 80.4 83.1 85.4 88.2 88.9 87.3 84.9 81.9 82.8 86.2 89.6 94.9 92.4 83.7 91.1 98.7 106.2 112.1 117.9 123 127.6 133.2 138.2 142.1 146.2 152.7 157.9 163.5 169 174.2 182.6 197.4 219.1 233.7 237.6 237.8 237.1 235.7 234.3 231.6 227.6 221.2 211.4 200.7 191.4 182.6 170.7 161.3 162.6 163.5 165.8 166.3 160.5 153.6 145.9 138.3 130.3 124.5 130.9 134.2 133.4 131.1 130.7 131 128.9 125.1 120.5 116 110.6 107.1 108.1 112.8 118.6 115.1 105.8 95.5
76.1 79.7 80.4 79.5 81.4 84.3 86.7 89.1 89.9 90.1 88.8 87.2 87.6 90.5 96.3 103.5 100.5 84.8 92.6 100.5 105.9 111.6 118.1 123.6 128.7 133.8 138.9 144.2 149.1 153.6 158.7 164.4 170.5 178 187.3 203.3 225.5 235.2 237.1 237.8 236.9 235.7 234.3 232.4 229.7 225.6 219.6 211.5 201.3 190.6 175.9 166.9 159.2 151.3 153.8 159.3 156.1 148.2 141.2 133.8 127.3 120.9 121.3 127.9 130.3 130.7 132.8 131.8 128.7 124.7 120.5 117.4 112 105.8 101.6 104.6 110.4 106.9 101.8 93.4
78.2 82.3 84.1 82.6 83.7 86.1 86.6 87.5 88.7 90 91.8 92.6 93.4 97 106.8 116.8 109.2 94.6 91.1 98.7 107 112.9 116 122.3 127.8 132.9 138.5 144.5 149.6 154.2 159.5 165.4 172.1 180.4 193.7 212.9 229.9 236.3 237.7 237.4 236.7 235.6 234.2 232.3 230.4 227.4 223.4 220.1 213 202.1 187 173.6 165.4 158.5 151.3 144.3 148.8 144 136.7 130.6 124.6 119.1 114.8 120.6 122.6 124.6 130.2 134.4 131.2 128.3 125.5 120.9 114.1 107.4 100 97.2 101.1 99.6 95.6 91.3
78.6 80.5 81.8 81.1 81.8 83.9 84 85 87 90.2 94.3 97.6 100 105.2 112.9 121.5 122.3 105.4 94.8 97.2 105.5 112.1 118.3 123.1 126.1 133.3 138.9 144.6 150 155.4 161.1 167.4 174.8 183.7 201.8 220.2 231.3 236.7 237.6 237.1 236.5 235.1 233.7 232.7 230.9 228.9 226.2 222.9 219.1 212.7 199.4 185 172 162.9 155.4 145.8 135.1 133.6 131 127.4 122.3 117.6 113.1 113.8 116.2 121.1 130.1 138.8 137.5 135 131.5 125.7 118 109.6 101.4 94 91.7 91.3 89.5 86.1
78.7 78.9 78.6 77.2 75.6 77 79.9 84 87.9 93.4 98.5 102.7 107.6 113.2 118.1 122.7 125.7 115.1 102 97.1 102.4 108.4 114 118.9 124 131.2 137.6 144.7 150.8 156.5 162.2 169.1 176.3 187.7 206.7 224.2 233.5 236.3 237.3 236.6 235.5 234.3 232.9 231.9 231 229.1 226.9 224.4 222 218.6 211.1 198.3 184.7 171.7 159.8 150 141.3 134.1 129.2 122.1 116.3 112 110.2 108.9 113 120.6 131.3 143.4 142.8 141.3 137.4 130.8 123.1 113.2 106.2 95.6 86.2 84.9 83.1 81.4
77.5 77 76.4 74.2 71.3 74.4 80.7 85.4 90.4 95.2 99.2 103.7 108.7 112.9 117.3 121.8 125.4 120.3 108.6 104 102 104.5 107.1 114.8 124.5 132.3 137.9 144.9 151.6 157.2 163.2 170.7 179.5 191.3 212.6 227.7 234.4 236.4 236.6 235.5 234.4 233.3 232.2 231 230.3 229.4 227.4 225 222.6 220.2 217.4 209.4 197 182.2 167 154.9 146.3 139.7 130.6 126.1 123.1 118 111.6 107.2 114.9 122.9 133.7 145.6 149.8 151.8 150.6 139.2 128.6 119.8 111.7 101.7 94.2 85.5 79.2 75
