app/static/ascii/SY28.asc
ncols 200
nrows 200
xllcorner 320000
yllcorner 80000
cellsize 50
[rows 0 to 37 of 200, columns 0 to 83 of 200]
129.8 120.9 102.5 88.1 78.4 77.4 82.3 92.4 109.4 126.7 134.5 138.6 142.1 143.9 145.5 146.2 146.7 146.6 146 145.3 144.2 143.6 143 141.2 139.5 137.8 134.6 131.7 128.6 124.1 119 114.5 109.6 102.2 97.7 96.2 89.2 81.6 80.9 91 99.8 105.7 112.3 119.1 122.1 121.3 117.6 109.8 103.7 111.3 114.7 115.8 116.1 114.9 113.6 112.1 109.9 105.3 99.6 93.3 87.1 78.2 66.6 55.6 42.9 36.3 45.8 63.1 69.5 67.9 64.4 59.4 55.9 55.4 54.8 53 48.6 44.4 40.9 37.7 32.9 30.7 29.2 26.7
133.4 128.9 113.5 94.1 81.4 74.5 74.6 86.5 104.2 122.3 132.7 138 141.1 143.1 145 146 146.7 146.4 145.8 145.2 144.6 143.9 143.2 142.4 140.7 138.9 137 134.3 131.7 128.7 125.3 120.7 115.3 108.3 102.3 97.6 90.8 84.8 78.2 80.1 89 95.7 101.9 107.5 114.3 117.6 115.4 106.5 96.1 102.5 110 113.4 114.1 114.2 113.4 112.7 110 107.1 103.8 98.3 92.2 82.1 69.9 58.4 43.9 34.5 46.1 59 66.1 64.6 60.7 56.4 51.6 50.2 48.5 46.1 43.7 40.6 37.7 34.6 31.6 26.1 26.6 26.4
136.2 132.5 124 101.5 85.2 75.3 68.8 80.2 98.5 118.3 131.1 137.1 140.5 142.5 144.5 145.7 146.3 146.3 145.7 145.1 144.5 143.5 142.5 142 141 139.3 137.5 135.6 133.2 130.7 128.1 124.5 120.1 113.2 107.1 101.6 96.3 90.7 83.4 73.8 77.4 83.8 91.2 96.6 102.4 108.5 110.5 104.2 92.8 87.6 101.7 108.6 111.9 112.1 112.5 111.9 110.3 107.4 105.4 101.3 94.8 85.4 72.4 59.4 45.5 33.8 44.4 53.5 62.3 63 60.8 57.1 51.7 47.4 42.2 40 37.8 35 32.4 30.3 26.9 21.9 24.3 25.2
137.5 133.8 126.7 104.2 87.6 75.2 65.7 75 95.7 117.3 130.3 136.5 140.3 142.5 144.1 145.2 145.9 145.9 145.5 144.9 144.2 143 141.7 141.2 140.5 139.4 137.9 136 134.1 131.6 129.2 126.5 122.3 118.4 113.1 108.1 102.6 97 90.1 79.4 69.8 70.4 78.8 84.9 90.9 96.5 101.3 100.3 91.2 82.9 82.3 98.5 106.8 110 110 110.3 109.3 107.7 105.5 101.4 95.1 86.9 73.2 58.9 47.2 33.2 41.4 51 57.4 58.6 57.3 55.3 52 47 40.7 36.4 33.4 30.2 27.3 26.2 10.3 21.6 14 6.1
137.5 131.1 118.7 100.6 86 74.5 64.6 72.1 93.8 116.5 129.5 136.3 140 142 143.7 144.7 145.4 145.6 145.2 144.7 143.7 142.2 140.1 139.3 139 138.8 137.6 136.3 134.4 132.4 130.1 127.5 124.5 120.7 116.9 112.3 107.2 102.1 95.2 86.7 75.3 67.6 64 70.8 78.4 85.5 91.9 94.5 89.7 79.6 72.7 71.8 89.4 101.3 105 107.1 106.9 105.8 104.8 101.8 95.3 87.1 73.1 59.5 48.8 35.5 36.6 45.4 51 50.4 48 48.9 47.4 43.9 33.2 32.2 15 5.3 3 2.2 1.3 -1.2 -1.2 -1.2
134.1 123.5 109.2 93.8 83.2 72.3 61.7 72.5 93.1 115 128.8 135.6 139.3 141.1 143 144.1 144.9 145.1 144.8 144.3 142.7 140.7 138 136.3 137.3 138.3 137.3 136 134.3 132.4 130.1 127.7 125.3 122.5 118.8 114.1 108.7 103.6 96.8 88.4 81.4 73.4 67.6 61 62.7 71.3 78.2 85.7 86.6 78.1 68.8 70.1 78.9 92 94 98.9 100.7 101.4 101.8 100.7 95.3 87.5 73.8 60.2 50 39.3 31.7 35.8 37.5 37.8 38.8 38.7 37.7 20 8.8 1.9 -1.2 -1.2 -1.2 -1.2 -1.2 -1.2 -1.2 -1.2
127.2 114.3 100.7 86.5 77.3 67 60.9 76.4 98.3 117.5 129 135.2 138.4 140.3 142.2 143.3 144.3 144.5 144.2 143.2 141.3 138.3 135.5 133.7 136 129.7 126.8 135.3 133.5 131.9 129.5 127.8 124.3 122.2 118.3 113.4 108.1 102.7 96.8 90.4 83.7 78.1 73.1 67.1 58.3 55.7 65 74 78.9 74.6 65.2 66 74.5 80.2 81.7 87.2 90 92 94.2 96.1 94.6 88 76.5 64 53.1 43.5 33.8 30.2 29.4 29.8 31.1 28.1 5.2 -1.2 -1.2 -1.2 -1.2 -1.2 -1.2 -1.2 -1.2 -1.2 -1.2 -1.2
118.6 104.6 91.6 79.3 69.3 59.7 61.5 81.8 103 120.6 129.8 134.6 137.3 139.5 141.3 142.6 143.6 143.9 143.5 142 139.4 135.7 131.6 129.3 132.5 127.7 122.4 127.1 119.5 113.2 107.3 102.7 99.4 95.7 114.1 110.2 105 98.6 92.6 85.9 81.5 76.3 73 70 64 52.1 54.4 63.9 68.8 68.5 61.1 57.2 63.6 67 68.5 73.1 76.2 80.4 84.4 88.6 91 87.9 79.8 68.8 59.5 51.2 42.1 34.7 32.1 30.1 19.6 2.2 -1.2 -1.2 -1.2 -1.2 -1.2 -1.2 -1.2 -1.2 -1.2 -1.2 -1.2 -1.2
107.4 96.3 84.6 73.2 63.8 54.1 64.3 86.1 105.9 121.7 129.8 133.4 135.5 138 140.3 141.9 143 143.1 142.7 141.2 137.9 134 128.2 127.3 129.3 127.3 125.1 110 107.4 104 99.7 96.9 88.6 92.5 93.7 104.8 98.7 90.6 83.6 79.7 76.2 72.2 68.4 65.1 60.2 50.3 47.2 52.4 59 60.1 57.2 51.9 51.2 53.2 54.3 56.2 57.5 63.7 70.4 77.7 84.8 87.6 83 74.4 66.9 62 54.5 49.2 50.4 27.2 -1.2 -1.2 -1.2 -1.2 -1.2 -1.2 -1.2 -1.2 -1.2 -1.2 -1.2 -1.2 -1.2 -1.2
100.7 90 78.1 68 58.8 52.6 69.9 90.6 110 123.4 128.2 130.2 132.7 135.8 138.2 140.7 142.5 142.9 141.8 140.6 137 133.3 126.9 119.8 126.4 122.8 123.2 107.8 106.6 95.3 98 105.8 98 101.6 101.3 95.5 87.8 79 74.2 70.8 68.1 64.4 62.1 57.8 54.5 54.2 52.3 46.7 43.7 44.9 50.5 50.1 46.6 42.9 43.6 43.1 44.1 48.8 54.9 63.9 75.5 82.8 83.3 77.9 72.8 69.1 65.4 62.2 61.2 21.4 -1.2 -1.2 -1.2 -1.2 -1.2 -1.2 -1.2 -1.2 -1.2 -1.2 -1.2 -1.2 -1.2 -1.2
96 82.9 71.3 65.5 55.7 53.4 70.3 90.8 113.1 122.9 124.4 125.8 129.9 134.6 137.3 140 142.1 142.4 141.4 139.6 136.7 132.6 126.4 118.4 112.1 115.8 110.1 106.7 99.2 97 98.1 100.5 100.3 95.6 90.2 83.8 77.8 75.5 77.6 78 75.9 76.2 75.2 73.5 70.9 68.8 64.9 60 51.8 42.1 40.3 37.3 35.8 34.3 33.2 31.8 31.1 33.7 42.9 53.6 65 74.1 77.8 76.2 73.5 71.7 71.6 71.1 69.3 27.8 0.4 -1.2 -1.2 -1.2 -1.2 -1.2 -1.2 -1.2 -1.2 -1.2 -1.2 -1.2 -1.2 -1.2
91.7 76.9 67.4 63.2 52.9 53.7 67.6 88 110.3 118.2 115.1 120.9 128.9 133.8 137.5 139.9 141.8 142 141.2 139.5 136.4 132.1 126.1 118.4 112.8 109.4 105.8 102.8 99.6 97.1 94 92 88.4 86.6 84.7 84.3 85.5 87.9 91.3 91.4 90.1 89.6 88.3 87.1 83.5 81 75.4 69.4 62.7 56.5 50.1 48.7 45.1 43.2 41.9 38.9 30.4 27.6 31.8 45.7 56.8 64.3 68.3 68.1 69.2 70.8 73.1 76.2 78 18.1 0 -1.2 -1.2 -1.2 -1.2 -1.2 -1.2 -1.2 -1.2 -1.2 -1.2 -1.2 -1.2 -1.2
88 73.2 64.6 58.5 50.2 52.5 63.3 80.6 102.2 111.5 104.1 118.9 127.3 133.6 137.4 139.7 141.4 141.8 140.9 139.2 136.3 132.7 125.6 120.3 118.3 114.1 110.5 104.5 105 104 100 100.8 106.6 100.3 98.9 98.7 101.1 102.4 103.8 103.3 101.7 99.8 97.9 96.6 95.3 91.4 88.4 79.2 71.2 65.8 61.6 55.5 52.5 51 47.8 41 31.6 26 26.2 37.1 50.4 63.5 64.7 60.8 63.1 66.5 72.2 76.7 36.2 7.1 -1.2 -1.2 -1.2 -1.2 -1.2 -1.2 -1.2 -1.2 -1.2 -1.2 -1.2 -1.2 -1.2 -1.2
87.2 74.3 63.6 54 46.6 51 59.1 74.5 84.1 90.5 98.5 116.5 126.4 133.8 137.7 140.1 141.3 141.8 140.3 139 136.3 132.6 125.3 125.1 129 127.4 126.3 123.1 118.2 115.8 113.9 108.4 110.3 112.8 110.6 111 111.6 112.9 114.6 114.1 112.1 111.1 108.5 105.9 102.5 99.9 94.9 90.7 78 71.5 66.5 60.8 54.7 49.1 44.6 37.1 29.1 25 23.8 31.5 45.2 57.3 66.5 64.4 58.4 62.2 69.1 54.1 8.1 -1.2 -1.2 -1.2 -1.2 -1.2 -1.2 -1.2 -1.2 -1.2 -1.2 -1.2 -1.2 -1.2 -1.2 -1.2
91.5 79.8 67.5 57 48.6 47.3 50.6 61.3 68.1 79.9 96.3 116 127.5 134.9 138.6 140.5 141.6 141.9 140.7 138.7 136.4 131.9 127.1 131.8 136.8 136 133.9 131.4 122.3 121.1 119.1 108.9 111.2 119.3 122 122.2 123.5 122.7 121.5 119.6 117.8 115.6 113.3 110 106.7 102 96.9 89.8 80.2 72.2 65.4 57.4 50 42.5 35.2 31 27.7 24.5 23 24.6 39.4 52.4 64.3 67.3 59.7 56.6 66.3 4.1 -1.2 -1.2 -1.2 -1.2 -1.2 -1.2 -1.2 -1.2 -1.2 -1.2 -1.2 -1.2 -1.2 -1.2 -1.2 -1.2
93 84.7 74.1 62.2 52.6 45 44 48.9 60.8 78.8 96.8 115.4 128.8 136 139.3 140.8 141.9 141.9 141.2 139.3 137.6 133.5 130.9 134.3 138.9 140.7 139.1 137.2 134.1 133 132.1 129.6 131.6 131.1 129.8 128.8 126.8 124.5 122.1 119.9 117.5 115.2 112 108.4 104.3 97.5 91.1 83.7 77 69.1 60.4 51.5 43.6 37.6 38.4 37 31.9 27.1 23.2 20.7 29.9 45.6 56.4 63.7 61.4 53.8 53 -1.2 -1.2 -1.2 -1.2 -1.2 -1.2 -1.2 -1.2 -1.2 -1.2 -1.2 -1.2 -1.2 -1.2 -1.2 -1.2 -1.2
94.7 86.6 77.9 67.1 56.1 47.6 39.8 42.2 58.2 78.4 97.9 114.7 128.2 136.3 139.9 141 142.2 142 141.6 140.1 138.4 136.2 134.9 136.6 139.5 141.2 140.7 139.8 139.5 139.2 138.1 137.2 135.4 133.5 131.3 128.9 126.4 124.1 120.4 117.8 115.1 111.9 107.6 102.9 97.4 91 84.9 77.7 71.4 63.9 54.8 46.2 43.4 46.9 49.1 47.2 38.7 30.5 25.4 20.2 22.2 33.3 44.4 48.3 50.3 49.4 -1.2 -1.2 -1.2 -1.2 -1.2 -1.2 -1.2 -1.2 -1.2 -1.2 -1.2 -1.2 -1.2 -1.2 -1.2 -1.2 -1.2 -1.2
96.6 87.9 80 71.2 58.6 48.7 39.9 37.2 54 73.4 90.7 113.8 124.3 124 140.2 141.4 142.3 142.7 142.4 141.6 140 138.7 138.2 138.7 140.8 141.4 141.7 141.4 140.8 140.1 139 137.5 135.5 133 130.5 128.2 125.6 122.5 118.3 115.4 111.2 106.1 100.8 95.2 89.8 83.6 77.1 71.3 64.5 57.3 48.6 49.1 54.3 59.6 62 59.4 47.8 35.4 28.1 21.1 9 6.4 5.2 4.7 2.9 -1.2 -1.2 -1.2 -1.2 -1.2 -1.2 -1.2 -1.2 -1.2 -1.2 -1.2 -1.2 -1.2 -1.2 -1.2 -1.2 -1.2 -1.2 -1.2
98.2 89.8 81.7 72.1 58.9 46.9 37.4 34.6 50.6 69.9 85.3 107.7 116.5 123.1 139.8 141.8 142.3 142.8 143.2 142.5 141.8 141.5 140.6 141.2 141.6 142 142.2 142 141.2 140.1 138.4 136.8 134.7 132.2 129.1 126 122.9 119.4 115.5 110.4 104.8 98.3 92.3 87.2 82.3 75.4 68.9 62.5 55.9 52 56.2 61.4 67.1 71 69.3 64 54.9 43.5 32.8 24.6 -1.2 -1.2 -1.2 -1.2 -1.2 -1.2 -1.2 -1.2 -1.2 -1.2 -1.2 -1.2 -1.2 -1.2 -1.2 -1.2 -1.2 -1.2 -1.2 -1.2 -1.2 -1.2 -1.2 -1.2
100.8 92.2 84.2 71.4 55.8 42.9 33.8 32.7 47 62.7 76.9 91.1 109.4 126.1 139.2 141.9 142.4 142.9 143.4 143.5 142.7 142.5 142.2 142.2 142.5 142.6 142.6 142 141.3 139.8 138 136 133.3 130.1 126.6 122.7 119.3 114.7 109.6 102.7 94.8 87.7 83.4 75.1 69 64.9 60.8 59.1 61.6 65.9 70.6 75.2 78.1 79 74.4 66.2 58.3 47.4 39.8 -1.2 -1.2 -1.2 -1.2 -1.2 -1.2 -1.2 -1.2 -1.2 -1.2 -1.2 -1.2 -1.2 -1.2 -1.2 -1.2 -1.2 -1.2 -1.2 -1.2 -1.2 -1.2 -1.2 -1.2 -1.2
101.7 94.2 86.4 71.3 51.5 39.9 31.7 31 43.1 56.6 69.3 84.6 108.4 125.9 138.4 142 142.5 143 143.5 143.9 143.7 143.4 143.2 143 143.1 143.2 142.8 142 141.3 139.3 137.2 134.5 130.4 126 122.1 118.1 113.5 108.1 100.4 92.8 85 78.7 71.6 68.9 68 68.2 70 73.4 77.5 80.4 83.5 86.3 87.4 83 74.2 66.7 59 50.2 3.1 -1.2 -1.2 -1.2 -1.2 -1.2 -1.2 -1.2 -1.2 -1.2 -1.2 -1.2 -1.2 -1.2 -1.2 -1.2 -1.2 -1.2 -1.2 -1.2 -1.2 -1.2 -1.2 -1.2 -1.2 -1.2
98.8 94 79.7 60.2 49 37.8 29.8 30.1 40.7 54.5 70.9 89 108.6 124.6 138.3 142.2 142.7 143.2 143.7 144.1 144.2 144.3 144.2 144.1 143.9 143.9 143.3 142.6 141.4 139.1 136.2 133.5 128.2 121 114.2 109 104.5 98 89.6 81.8 78.6 78 80.1 81.4 82.3 83.1 85.2 88.1 91.5 94.4 96.8 94.5 89.8 82.1 73.3 65.3 58.2 50.2 22.7 -1.2 -1.2 -1.2 -1.2 -1.2 -1.2 -1.2 -1.2 -1.2 -1.2 -1.2 -1.2 -1.2 -1.2 -1.2 -1.2 -1.2 -1.2 -1.2 -1.2 -1.2 -1.2 -1.2 -1.2 -1.2
90.3 87.1 70 55.7 45.1 35.2 27.7 29.4 40 55.9 72.6 90.9 110.4 125.8 137.3 142 142.6 143.2 143.8 144.3 144.3 144.7 144.7 144.6 144.6 144.4 143.8 143.2 141.6 138.9 136.2 133 128.3 119.9 109.9 101.9 96.7 92.7 90.2 87.8 87.5 89.8 91.9 93.3 95.4 96.7 97.9 100.4 105 105.8 101.7 95.3 87.8 79.6 71.1 63.6 56.6 48.8 37.8 -1.2 -1.2 -1.2 -1.2 -1.2 -1.2 -1.2 -1.2 -1.2 -1.2 -1.2 -1.2 -1.2 -1.2 -1.2 -1.2 -1.2 -1.2 -1.2 -1.2 -1.2 -1.2 -1.2 -1.2 -1.2
76.7 73.5 60.9 49.8 40.4 30.9 24.5 29.7 39.9 52.7 69.9 90.9 112.1 122.8 133.4 140.6 142.5 143 143.5 144.1 144.5 144.9 145.2 145.1 145 144.7 144.2 143.4 141.9 139.3 136.4 133.2 127.4 120.9 114.6 109.5 107 104.5 101.7 98.2 98.1 102 104.7 107.8 109.7 111 112.2 112.4 111.1 107 100.4 91.4 83.8 76.8 69 62.3 54.8 46.9 2.4 -1.2 -1.2 -1.2 -1.2 -1.2 -1.2 -1.2 -1.2 -1.2 -1.2 -1.2 -1.2 -1.2 -1.2 -1.2 -1.2 -1.2 -1.2 -1.2 -1.2 -1.2 -1.2 -1.2 -1.2 -1.2
61.2 60.4 52.2 42.1 34.2 27.4 21.7 28.8 38.8 51.8 69.5 90.4 111.3 115.8 127.3 135.4 140.8 142.4 143.2 143.7 144.2 144.9 145.5 145.6 145.4 145 144.6 143.5 142.1 139.9 137.1 134.8 130.1 126.7 123 120.3 117.9 116.2 114.2 111 110.1 112.4 115.4 117.2 118 117.8 116.7 114.9 110.7 104.9 97.8 87 78.9 73.3 67.3 60.4 52.4 44.3 -1.2 -1.2 -1.2 -1.2 -1.2 -1.2 -1.2 -1.2 -1.2 -1.2 -1.2 -1.2 -1.2 -1.2 -1.2 -1.2 -1.2 -1.2 -1.2 -1.2 -1.2 -1.2 -1.2 -1.2 -1.2 -1.2
46.9 47.7 42.3 32.6 27.2 22.8 20.9 28 37.5 50.7 67 84.2 103.7 113.3 120.7 128 136 140.4 141.4 142.7 143.2 144 144.6 145.3 145.4 145.2 144.9 143.8 142.6 140.5 138.5 136.2 134 131.3 128.1 126.4 124.6 123.1 121.4 119.2 118.1 118.8 119.6 120.3 120.2 119.5 116.9 114.1 108.7 102.4 93.1 81.9 73.3 68.1 62.8 56.6 49.6 42.8 -1.2 -1.2 -1.2 -1.2 -1.2 -1.2 -1.2 -1.2 -1.2 -1.2 -1.2 -1.2 -1.2 -1.2 -1.2 -1.2 -1.2 -1.2 -1.2 -1.2 -1.2 -1.2 -1.2 -1.2 -1.2 -1.2
32.5 32.2 28.9 24.1 21.3 18.7 19.5 25.3 34.7 47.1 60.4 74 90 103.7 113.2 120.5 128.8 136.3 139.6 141.5 142.2 142.9 143.7 144.6 144.8 144.9 145 144.6 143.5 141.9 140.2 138.1 136 133.9 132 130.4 128.7 126.9 125.4 123.5 123 122.7 122.3 122.1 121.2 119.4 116.1 112.3 105.7 96.9 87.6 76.2 67.5 60.2 54.7 50.2 45.1 39.6 -1.2 -1.2 -1.2 -1.2 -1.2 -1.2 -1.2 -1.2 -1.2 -1.2 -1.2 -1.2 -1.2 -1.2 -1.2 -1.2 -1.2 -1.2 -1.2 -1.2 -1.2 -1.2 -1.2 -1.2 -1.2 -1.2
22.6 21.8 19.8 18.2 17.2 16.6 16.4 19.9 28 39.7 50.4 62.1 75.4 88.5 102.1 113.1 119.9 126.7 133.6 138.1 140.9 141.9 142.7 143.7 144.2 144.3 144.6 144.9 144 142.9 141.2 139.8 138.2 136.1 134.4 133 131.6 130.1 128.7 127.2 126.3 125.6 125 123.7 121.8 119.8 116.5 111.4 103.2 92.4 81.5 71 61.9 55.8 50.5 46 41.7 38.1 -1.2 -1.2 -1.2 -1.2 -1.2 -1.2 -1.2 -1.2 -1.2 -1.2 -1.2 -1.2 -1.2 -1.2 -1.2 -1.2 -1.2 -1.2 -1.2 -1.2 -1.2 -1.2 -1.2 -1.2 -1.2 -1.2
23.4 22.1 21.1 19.7 17.9 16.6 15.2 15.5 20.3 29.7 39.5 49.8 61.7 72.7 83.8 99.3 109.4 115.5 123 131.9 137.3 139.7 141.4 142.6 143.6 143.9 144.1 144.4 144.1 143.1 142 140.7 139.4 138 136.6 135 133.4 131.9 130.4 129.4 128.6 127.6 125.9 124.1 122.2 120.3 117 111.8 104.5 95.7 80.1 68.8 64.6 62.4 57.5 51.8 46.8 -1.2 -1.2 -1.2 -1.2 -1.2 -1.2 -1.2 -1.2 -1.2 -1.2 -1.2 -1.2 -1.2 -1.2 -1.2 -1.2 -1.2 -1.2 -1.2 -1.2 -1.2 -1.2 -1.2 -1.2 -1.2 -1.2 -1.2
33.9 31.6 31.3 29.5 24.6 21.1 16.7 14.3 15.5 22.3 30.4 37.7 47.1 58 68.6 78.9 90.1 100 110.7 119.8 128.4 136.3 139.2 140.3 141.9 142.9 143.1 143.4 143.5 142.5 141.7 140.8 139.9 138.5 137.4 136.4 135.2 133.7 132.5 131.6 130 128.5 126.8 124.4 122.5 120.8 117.4 112.7 104.8 92.4 80 77.8 76.7 73 65.7 58.7 53.8 -1.2 -1.2 -1.2 -1.2 -1.2 -1.2 -1.2 -1.2 -1.2 -1.2 -1.2 -1.2 -1.2 -1.2 -1.2 -1.2 -1.2 -1.2 -1.2 -1.2 -1.2 -1.2 -1.2 -1.2 -1.2 -1.2 -1.2
46.4 44.4 45.9 41.9 34.5 28.7 23.9 16.9 14.2 16.1 23.1 29.8 36.7 44.7 54.8 65.1 74.5 83.2 93.4 102.5 115.4 128.4 136.4 138.3 139.9 141.3 142.1 142.4 142.8 142.2 141.5 141 140.3 139 137.9 137 136 134.9 133.5 131.9 130.3 128.8 126.9 124.7 123.2 120.9 117.5 112.6 102.8 89.7 88.8 90.7 86.5 79.1 69.5 64 59.6 20.8 -1.2 -1.2 -1.2 -1.2 -1.2 -1.2 -1.2 -1.2 -1.2 -1.2 -1.2 -1.2 -1.2 -1.2 -1.2 -1.2 -1.2 -1.2 -1.2 -1.2 -1.2 -1.2 -1.2 -1.2 -1.2 -1.2
61.1 59.2 58.8 51.8 43.4 38.4 33.3 25.3 17 11.3 15.7 22.5 29.2 35.2 43.4 53.4 61.6 69.3 75 86.5 105.2 120.1 131.9 136.2 137.9 139.3 140.6 141.2 141.2 140.8 140.1 139.8 139.3 139 138.3 137.2 136.1 134.9 133.5 132.1 130.4 128.6 126.7 124.5 122.9 120.5 117.5 112.1 101.1 96.3 99.3 95.9 89.7 80.6 71.5 66 -1.2 -1.2 -1.2 -1.2 -1.2 -1.2 -1.2 -1.2 -1.2 -1.2 -1.2 -1.2 -1.2 -1.2 -1.2 -1.2 -1.2 -1.2 -1.2 -1.2 -1.2 -1.2 -1.2 -1.2 -1.2 -1.2 -1.2 -1.2
80 77.7 74.4 66.8 58.6 53.9 43.5 33.5 25.5 16.7 11.6 16 21.9 27.6 32.8 41.1 48.9 55.6 64 78.3 96.2 113.5 125.3 132.8 136 137.2 138.5 139.8 139.7 139.2 138.6 138.1 137.6 137.2 137.1 136.6 135.6 134.7 133.5 131.9 130.2 128.5 126.6 124.4 122.4 119.8 117.6 113.4 105.2 103.6 103.7 97.8 90.1 79.4 70.4 1.8 -1.2 -1.2 -1.2 -1.2 -1.2 -1.2 -1.2 -1.2 -1.2 -1.2 -1.2 -1.2 -1.2 -1.2 -1.2 -1.2 -1.2 -1.2 -1.2 -1.2 -1.2 -1.2 -1.2 -1.2 -1.2 -1.2 -1.2 -1.2
100.7 96.5 91.6 85.4 78.5 70.5 58.4 47.9 38.2 27.6 15.2 10.6 12.4 18.7 24.9 31.6 37.6 45.5 57.9 70.9 86 104.4 116.9 127.8 132.9 135.1 136.6 138 138.1 137.7 136.9 136.2 135.8 135.5 134.9 134.9 134.1 133.5 132.5 131.3 129.9 128.3 126.4 124.2 121.9 119.7 118.4 115.2 109.7 107.2 104.5 97.5 88.6 77.5 67.6 -1.2 -1.2 -1.2 -1.2 -1.2 -1.2 -1.2 -1.2 -1.2 -1.2 -1.2 -1.2 -1.2 -1.2 -1.2 -1.2 -1.2 -1.2 -1.2 -1.2 -1.2 -1.2 -1.2 -1.2 -1.2 -1.2 -1.2 -1.2 -1.2
114.6 113.2 108 99.9 90.7 81.5 72.2 63.5 52.5 38 25.2 13.4 9.2 11 17.3 24.4 30.3 38.3 50.2 62 75.4 90.7 106.8 118.5 128.4 133.1 135.1 136.2 136.6 136 135 134 133.4 133 132.7 132.7 132.5 132.1 131.3 130.3 128.9 127.5 125.9 123.6 121.9 120.6 119.1 116.5 111.3 107.6 103.6 96.6 86.7 75.4 65.8 -1.2 -1.2 -1.2 -1.2 -1.2 -1.2 -1.2 -1.2 -1.2 -1.2 -1.2 -1.2 -1.2 -1.2 -1.2 -1.2 -1.2 -1.2 -1.2 -1.2 -1.2 -1.2 -1.2 -1.2 -1.2 -1.2 -1.2 -1.2 -1.2
121.5 122.6 119.6 109.4 101.5 96.2 87.1 76.2 64.6 47.6 33.2 21.8 12.4 7.5 10 16.8 23.2 31.6 40.4 52.2 63.9 77.1 91.7 108 118.9 131 129.8 134.8 135 134.2 133.3 132.1 130 129.4 130.2 130.1 130 129.8 130.2 129.2 127.8 126.3 124.5 122.1 121.4 120.5 119.3 116.3 111 106 101.6 94.9 85 71.7 61.3 -1.2 -1.2 -1.2 -1.2 -1.2 -1.2 -1.2 -1.2 -1.2 -1.2 -1.2 -1.2 -1.2 -1.2 -1.2 -1.2 -1.2 -1.2 -1.2 -1.2 -1.2 -1.2 -1.2 -1.2 -1.2 -1.2 -1.2 -1.2 -1.2
86.5 86.7 90.8 83.7 76.3 68.3 66.3 57 47.9 47.4 39.6 28.6 19.2 10.7 6.1 10.5 17.9 25 34 43.5 53.2 49.9 60.5 64.3 65.2 70.4 82.7 109 130.2 132.6 132 129.7 126 125.4 126.7 127.7 127.6 127.4 128 127.6 126.5 124.9 123.1 120.7 120 120 118.6 115.9 108.4 103.7 99.5 92.5 79.8 67.5 57.5 -1.2 -1.2 -1.2 -1.2 -1.2 -1.2 -1.2 -1.2 -1.2 -1.2 -1.2 -1.2 -1.2 -1.2 -1.2 -1.2 -1.2 -1.2 -1.2 -1.2 -1.2 -1.2 -1.2 -1.2 -1.2 -1.2 -1.2 -1.2 -1.2
64.2 57.3 49.4 40.5 25.4 22.3 17 10.4 8.8 8.2 8.2 7.4 7.5 8.6 5.9 4.9 5.1 14.2 23.5 28.7 26.5 25.5 35.5 35.6 40.2 50.1 61.3 61.4 64 58.3 60.3 58.8 62.5 85.7 111 106.5 123.1 122.8 124.5 122.8 125.2 120 121.7 118.2 116.7 117.7 117.2 113.6 105.9 101.3 96.3 88.1 79.3 70.9 61.4 -1.2 -1.2 -1.2 -1.2 -1.2 -1.2 -1.2 -1.2 -1.2 -1.2 -1.2 -1.2 -1.2 -1.2 -1.2 -1.2 -1.2 -1.2 -1.2 -1.2 -1.2 -1.2 -1.2 -1.2 -1.2 -1.2 -1.2 -1.2 -1.2
