app/static/ascii/SY29.asc
ncols 200
nrows 200
xllcorner 320000
yllcorner 90000
cellsize 50
[rows 38 to 75 of 200, columns 0 to 84 of 200]
88.8 89.1 90.3 92.1 94.6 100.2 108.3 117.1 124.5 132.4 134.4 132.9 127.4 117.2 122.6 131 129.3 128 135.2 142.4 147.2 150.4 151.8 152.6 159.4 166.2 177.9 190.9 201.9 206.2 201.7 196.2 189.4 183 173 163.4 155.4 150.1 141.6 131.6 123.4 117.4 114.7 111 104.9 97.2 92.2 87.7 83.7 80.7 79.3 80.1 79.4 77.8 80.1 83.4 86.1 87.6 87.4 84.4 77.2 67.1 58.8 53.4 54.6 63.7 74.4 85.3 94.6 105 112.4 116.3 117.6 113.9 102.7 91.4 87.2 83 76.2 74.9 77.5 80.2 84.9 91.6 97.5
87 87.3 88 89.7 91.5 96.5 102.2 108.7 113.8 121.1 127.6 128.4 119.8 111.4 117.4 127 122.7 124.8 132.3 137.8 138.3 141.2 140.2 142.1 151.1 161.4 171.5 181.3 190.5 199.1 206.2 202.8 195.9 188.6 176.2 167.4 159.8 152.1 144.1 130.6 124.7 122.5 120.8 116.4 110.1 105 101.6 97.9 94.6 92.2 91.6 93.1 90.7 88.6 91.8 98.2 98.4 97.2 92.2 87.4 81.1 70.9 60.8 53.7 52.3 57.5 67.4 80.6 91.2 101.8 109.6 113 112.4 104.8 93.3 86.4 83.6 80.4 75 72.8 73.9 76.8 82.9 88.9 95.3
87.1 86 86.1 87 89.1 92.7 96 101.7 105.5 109.5 114.6 117.7 110.5 105.4 113.3 119.4 114.5 121.2 127.4 129.7 128.1 129.8 131.1 137.5 147.9 158.8 166.7 174.5 182.1 189.9 200.3 206.5 202.2 194.7 181.6 171.9 165.7 156.5 146.1 138.1 134.2 130.6 127.4 122.8 115.6 114.9 112.8 110.3 107.1 105.9 104.7 103.5 102.5 96.1 102.4 108.5 104.1 101.5 96 89.1 82.7 72.7 62.3 55.3 51.9 52.2 62.1 73.5 84.9 94.9 105.4 107.5 103.2 95.2 87 82.2 78.3 74.6 70.8 71.4 75.3 78.6 81.2 86.7 94.3
90 88 86.3 85.3 84.6 87 90.1 93.3 96.7 101.3 105.9 105.3 101.9 99.5 103.1 107.8 110.3 117.1 120.7 121.9 119.8 121.5 128.1 137.1 147.4 155.3 162.1 169.3 175.6 181.7 190.6 203.7 207 201.1 190.7 178.5 171.3 163.2 154.1 147.6 144.9 140.9 135.4 130.2 125.4 124.2 123.5 123 120.8 119.2 116.7 112.9 109.8 105.6 107.9 111 108.6 105.2 99.2 90 82.9 74.1 63.7 56.5 51.6 51.7 58.4 63.7 78.6 87.4 93.6 96 92.9 87.6 81.9 76.5 72.4 68.8 69.5 75.1 80.7 83.6 84.9 89.3 96.4
97 93.6 89.8 87.5 85 83.7 83.6 87 88.4 92.8 96.5 95 94.1 94.7 97.5 102.3 108.3 112.6 114.6 115 114 119.1 127.7 136.6 144.3 150.8 157.2 164.3 170.3 175.7 183.6 195.7 205.1 205.4 201.6 191.8 182.6 173.3 165.8 161.4 155.8 151.6 146.6 140.8 137.8 135.6 134.2 132.6 130.1 127.5 124.7 120.8 116.5 112.5 112.5 113.6 111.5 108 102.5 92.6 82.5 73.7 64.1 57.7 51.7 51 54.1 60.6 70.5 82.2 86.1 87.7 86.9 83.5 74.9 69.1 66.5 70.7 78 84.2 89.1 90.3 90.5 93.4 100.3
113.1 106.6 99.9 94.5 88.5 86.5 82.3 82.5 82.7 84.9 87.6 87.5 88.6 91.3 95.9 100.6 104.5 107.4 108.9 109.2 111.9 118.9 125.7 132.6 138.5 144.2 151.1 158.8 165 171.3 179 192.2 205 211.3 209.5 203.6 196.8 186.3 177.9 175.7 169.7 162.7 157.5 153 149.5 145.9 143.5 141.3 139 136.7 134.1 130.4 123.3 118.3 116.6 116.1 113.3 109.1 103.5 94.5 82.7 72.2 64.5 58.2 52.3 50.1 50.8 55.8 61.8 71.2 78.9 80.9 80.4 76.9 68.3 62.9 70.7 78.8 86.2 94 98.9 99.5 97.9 98.4 102.4
126.5 116.8 110.9 107.2 98.8 91.7 86.3 82.1 80.4 80.5 81.5 83.2 85.4 89.2 93.8 97.2 100.2 102.7 103.8 104.8 110.1 115.7 121.2 126.2 131.7 137.3 145 152.7 160.2 168.9 180.3 196.9 214.9 215.7 213.9 209.8 205.5 199.4 191.3 186 183.3 179.2 172.5 166.5 161.8 156.1 153.5 151.9 149.7 146.1 142.6 138.3 131.4 123.6 119.9 117.6 114.8 109.9 103.7 94.4 83.6 72.5 65.4 58.8 53.5 49.9 50 51.7 56.2 59.7 65.8 68.1 69.7 66.5 60.6 69.9 78.7 85.6 92.7 102.1 110.4 109.4 103.1 101.9 101.9
144.1 134.8 127.4 121.1 111.9 101.5 92.1 84.8 81.4 79.3 78.4 79.8 82.5 86.5 89.6 92.3 95.7 97.7 98.9 102.4 106.8 110.9 115.5 120 124.3 129.7 136.7 145.8 156.8 167.8 183.5 200.9 215.9 216.4 214.1 211.4 208 204.5 200.7 194.9 190.7 188.3 182.7 178.5 175.1 171.5 167.3 166.1 161.7 155.4 149.6 143.6 137.3 130.2 124 120.2 116.1 110.5 103.7 94.2 83.1 73 65.7 58.8 53.2 49.4 49.3 49.8 51.9 58.1 56.9 57.5 59.5 58.8 65.6 76.5 84.1 91.3 99 109.2 117.1 114.9 108.1 101.4 97.5
151.8 146.1 141.1 131.5 118.1 107.9 96.1 88.8 83.6 80.8 78.3 77.6 79.3 82.7 85.9 88.7 92.3 93.6 94.9 98.5 102.4 105.9 110 114.2 118.3 123.3 130.1 138.4 151.6 166.3 183.6 201 215.6 215.7 213 209.8 207 204.1 201.2 198.3 194.7 191.7 188.8 186.1 183.2 180 177.4 173.2 168.3 162.6 156.9 150.4 142 134.3 127.7 122.9 118.2 112.4 104.3 93.3 83.2 73.8 65.7 58.8 53.3 48.8 48.6 49 50.2 58.2 54.4 55 56.1 60.7 71.2 82.2 89 96.4 104.6 113.6 120.2 118.7 111.5 98.5 91.8
155.3 151.1 146.3 138.7 122.7 109.4 96.6 89.1 86 82.9 80.4 76.4 76.1 79.4 82.8 86.1 89.2 89.5 90.8 94.6 98.5 102.2 106.9 112.5 118.6 126.6 132 137 152 166.6 184 199.6 214 213.7 211.1 208 204.9 201.6 199.1 197.2 195.2 193.2 191.6 188.9 186.1 183.6 180.4 176.9 172.6 167.4 161.4 155.6 147.7 139 132.2 126 119.7 114.2 105 94.8 83.5 73.5 65.5 59.3 53.9 49.2 47.7 48.3 49 51.3 52.4 54.2 58.9 67.1 76.3 86.7 95.1 102.8 110 118.4 122.6 120.3 108.6 96.8 87.1
154.7 150.9 146.9 139.1 126.1 110.7 99.3 91.7 89.2 86.4 82.8 77.2 75.3 76.4 79.4 82.9 85.4 86 87.8 91.4 95.4 100.2 106.8 112.8 120 125.2 129.9 137.4 149.3 162.1 179.5 192.8 209.4 211.3 208.2 205.2 202.5 199.1 196.2 194.6 194.5 193.9 192.3 188.8 185.8 183.7 181.9 179.2 175.5 171 165.2 158.9 152.6 144.3 136.6 129.3 122.4 115.4 106 95.3 83.2 74.5 68.1 61.1 55.2 49.7 47.9 47.1 48.2 50.2 56 55.7 62.4 70.6 80.5 91.1 100.4 108.1 116 124.9 125 118.8 106.7 98.6 89.8
149.7 146 141.6 134.9 122.9 109.3 100.5 94.5 92.9 90.2 85.5 78.4 75.1 73.6 75.5 78.4 80.7 82 84.6 87.9 91.4 97.2 103.3 110.8 117.6 119.4 124.5 132.1 142.1 154.6 172.2 185.5 202.9 207 204.9 201.4 197.2 194.7 192.4 191.3 192.2 190.9 188.5 185 182.7 181.2 179.8 178.6 176.4 172.5 167.6 161.4 155.2 148.5 140.3 133.1 126.4 117.6 108.2 99.4 89 78.6 71 63.7 57 51.3 48.2 46.7 47.1 49 57.4 56.1 62.5 72.2 83.7 95.1 104.6 112.2 122.6 127.6 124.3 113.6 104.2 96.4 89.3
141.6 136.8 133.9 126.3 115.2 106.5 100.5 100.6 100.7 97.2 89.3 80.4 75.9 73.1 72.4 74.6 76.8 78.6 81.3 84.2 87.9 93.2 99.4 106.6 111.5 114.7 119.5 126.8 137.1 148.5 165.7 183.6 199.1 203.6 201.2 196.8 192.1 188 185.7 185 185.3 184 181.3 179.5 178 177.3 176.4 175.4 174 170.6 167.8 164 158.6 151.9 144.4 137.1 130.6 122.6 111.9 104.4 95.2 83.7 72.6 64.1 58 53 49.1 46.5 45.8 46.5 49.6 53.1 61.3 72.9 85.2 97.8 108.1 118.2 128.5 128.6 121.5 109 99.3 92.1 85.8
143 131.2 124.3 117.6 112.7 108.7 111.4 112.3 109.5 102.6 92.6 83.1 78 74.5 71.8 71.5 73.6 75.6 77.5 80 84.1 89.4 95.1 101.6 105.3 108.1 114.1 122.8 133.6 145.3 163.5 181.1 196 200.2 197.4 192.4 187.4 182.8 178.2 176.2 174.9 172.6 170.6 168.8 169.4 169.8 169.9 170.2 168.5 167.8 166 163.6 160.3 155.1 147.9 140.9 134.9 127.9 117 108 98.9 89.1 75.5 65.8 60.8 54.7 50.2 46.4 44.4 45.4 47.8 57.1 62.4 74.9 85.6 99.7 111.6 122.8 129 125.9 116.2 103.4 94.6 88.5 82.7
148.5 133.2 121.1 116.7 122.5 128.3 126.6 124.2 113.4 103 93.5 85.1 80.4 77.3 74.1 70.7 70.8 72.8 74.5 76 80.1 84.7 90.7 95.4 98.4 103.8 111.5 120.4 132.3 143 160.1 179.3 193.3 197.1 193.6 188.4 183.1 175.3 169 164.6 161.6 159.6 158.1 155.5 152.9 154.5 157.2 159 158.2 160 161.8 161.2 159.5 156.1 150.2 143.5 137.8 131.6 120.8 110.6 102.4 94.1 79.6 70.3 65.2 58.1 51.7 47.2 45.6 45.3 45.8 51 61.2 74.7 84.7 97.7 110.4 121.2 125.2 118.1 107.4 96.2 90.1 85.4 79.4
146.6 131.9 124 127.6 134.5 136.2 133.9 123.2 109.5 101.7 94.2 87.2 83.5 81.7 79.2 74 70.3 69.6 70.8 72.2 75.3 79.8 83.8 88.8 94.7 101.8 110.1 118.9 130.7 140.4 155.1 175.4 189 193.7 190.3 184.7 177.2 168.7 160.6 154.6 150.1 146.5 142.7 139.7 139 140.2 141.9 142.8 141.5 143.6 149.8 155.5 156.2 155.2 150.3 144.6 139.2 133.7 123.5 113.5 105.5 97.1 87.4 78.3 69.5 62.2 54.8 49 45.2 44.6 44.5 47.6 55.6 69.3 81.7 92.3 103.1 111.8 113.1 107.6 97.7 88.7 85 80.7 75.3
142.7 133.5 132.1 135.7 139.6 135.9 127.8 116.9 106.1 99.5 93.5 90.5 89.3 90.4 87.8 81.9 74.4 69.9 68.5 69.4 71.5 75.4 79.2 84.1 91 99.7 108 117.3 128.3 137.5 149.1 169.7 184.3 190.1 187.6 182.6 175.1 167.3 158.5 152 146.4 141.3 136.7 134.2 131.5 130.4 130.2 129.6 130.9 131.5 135.9 142.5 147.2 149.2 147.9 144.4 139.5 134.8 126.4 116.4 107.7 100 92.3 83.6 73.6 65.9 58.3 50.8 45.4 43.5 43.9 44.5 49.9 56.1 74.2 85.1 92.8 97.6 98.2 93.3 85.6 80.6 78.9 74.9 69.3
142.8 138.7 141.3 145.5 143.6 135.1 126.3 116 106.1 100.2 98.6 97.5 98.7 98.7 95.3 88.7 82.1 74.4 68.4 67.1 68.6 72.3 76.5 82.3 88.2 96.6 104.9 114.7 125.6 137.8 146.8 163.4 178.4 188.2 188 183.1 178.2 172.1 165 161.2 153.3 148.1 139.7 131 124.6 122.7 122.7 120.6 119.6 120.5 124.6 127.1 129.2 132.9 137.7 140.7 138.4 134.7 128.4 118.6 110.5 102.4 94 87.3 76.5 68.2 61.3 54 46.5 44 43.3 43.9 45.7 50.6 57.4 75 82.1 83.3 84.2 79.8 75.1 72.7 71.2 67.5 62.6
145.5 147.3 152.7 152.8 147.4 139 129.9 119 111.3 109.7 109.1 110 108.1 105.1 100.2 93.8 86.8 79.6 71.5 66.6 66.2 69.6 74.6 80.8 87.7 96 103.5 112.1 124.5 136.7 144.1 153.6 173.9 186.5 189.3 188.3 184.3 179.2 173.6 169.7 164.7 160 150.6 136.2 129 125.4 119.6 115.1 112.4 112.8 112.8 116.1 118.3 120.2 122.7 128.4 132 132 126.5 118.7 113.2 103.8 95 88.9 80.6 71.4 65 58.4 50.1 43.9 43.1 43.1 43.3 44.5 49.5 54.6 63.9 65.7 67.4 65.4 64.1 63.8 63.8 60.7 56.1
153.8 158.2 159.3 159.7 153 144.2 134.2 128.1 124.8 121.8 119.9 119.6 114.2 108.5 103 97.1 90.4 83.1 75.2 68.5 65.4 67.4 72.9 80.8 87.9 94.6 101.5 110.5 120.7 131.8 141.2 148.4 164.8 181.5 189.7 191.8 190.7 188.1 183 175.5 169.5 163.3 154.1 144.1 137.1 131.2 125.6 119.6 113.6 107.8 102.1 103.9 107.5 110.6 112.7 114.5 117.7 122.7 121.2 115.9 112.1 106.4 98.2 91 83.6 76.4 70.4 62.7 54.3 47 43.1 42.9 42.2 41.8 43.2 46.3 51.8 50.8 52.3 53.4 55.3 57.8 58.5 54.3 49.8
161.8 165.2 166.7 167.5 158.2 151 143.2 141.1 136.2 133.8 130.6 125.3 117.9 111.2 104.8 98.4 90.6 84.2 77.3 70.3 64.9 65.4 71.4 78.5 85.6 93 99.2 106.5 114.2 124.9 136.3 143.9 154.8 169.6 182.3 191.9 194.6 192.9 189.8 183.5 175.6 168.1 156.2 147.7 142.3 136.5 130.3 123.7 118.2 113 107.7 100.4 96.8 98.6 102.4 106 107.3 108.4 107.9 110.2 109 104.9 99.2 92.7 85.6 78.3 73.4 66.6 57.8 50.1 44.6 42.5 42 41.9 40.7 41.3 42.4 43.6 49.4 47 49.7 52.8 52.3 46.3 44.5
168 171 173.8 176.7 174.6 170 167.1 159.9 152.7 147.6 137.9 129.1 120.7 113.6 107.2 100.8 93 85.5 78.9 72 65.1 63.5 70 76.5 84 90.4 95 101.1 108.9 118.5 129.5 137.3 146.4 160.2 173.5 188.8 195.1 196 193.5 189.1 181.2 172.9 161.5 152.3 145.8 140 135.3 128.9 123 117.4 111.3 105.9 98.5 92.9 92.2 94.8 97.2 98.3 97.7 99.1 100.8 101.9 98.3 92.8 86.5 80.4 75.1 68.9 60.7 53.8 47.5 43.7 41.7 41.4 40.4 40.5 40.6 40.4 40.3 41.6 49.6 47.5 42.1 41.8 40.9
173.4 176.6 179.9 183.2 184.3 185.1 181.5 173 162.2 155.3 144.9 132 123 115.8 109.8 103.3 95.5 88 80.9 73.7 66.7 63.1 67.2 74.3 81 86.2 90.6 97.2 104.6 112.5 120.6 129.8 140.7 155.2 168.7 184 193.5 196.8 195.3 191.3 185.4 177.4 167.6 157.5 151.2 145 139.5 134.6 128.9 122.3 116 110.9 105 97.9 91.5 87.7 87 85.8 86.6 90.1 91.6 92.8 94.2 92.5 87.7 82.2 76.8 70.6 63 57.2 51.1 46.8 43.1 41.7 40.7 40.1 39.2 38.1 38.7 38.7 39.9 41.6 46.9 42.4 38.2
178.2 181.2 184.4 188.2 190.8 191.1 187.5 180.4 168.7 158.4 148.7 136.5 126.3 118.4 111.4 104.2 97.5 89.9 83 75.9 68.7 63.2 64.6 70.7 76.5 82 86.9 92.9 100 107.9 116.2 126.8 136.1 148.8 161.4 176.3 189.7 195.6 196.1 192.1 187.8 178.8 172.8 163.9 156.2 149.8 144 139.3 134.4 127.6 121 115.9 110.1 104.1 98.2 91.8 86.5 82.4 79.9 78.9 82.6 85.7 87.5 89.8 87.9 83.2 78 71.8 65.3 60.1 54.5 49.8 45.8 43.5 41.8 40.8 40 39 38.3 38.1 38 37.9 38.3 37.8 42.1
182.1 185.1 188.2 191.7 194 195.1 192.9 185.1 175.2 162.2 151.6 140.3 129.2 119.6 111.1 102.6 96 89.8 83 75.9 69.5 64.1 63.3 67.4 72.4 77.6 83.2 89.7 97.6 106.8 114.9 122.1 131.1 140.4 150.2 164.3 180.7 192.2 195.1 193.5 189.7 183.2 177.1 169.4 162.2 156.1 149.1 144 138.9 133.3 126.8 120.4 115.3 110.1 104.9 99 93.7 88.4 82.1 77 74.7 76.9 80 84.4 86.2 82.6 78.1 72.4 67.3 62.6 57.8 52.9 48.2 44.6 43.2 41.9 40.9 39.8 38.5 37.7 37.6 37.2 37.6 37.1 36.3
184.9 187.7 191.6 194.9 196.4 196.6 194.7 189.5 180.1 167.2 154.1 143.6 130.8 119.4 110.5 102.2 94.3 87.1 80.7 75.2 69.9 64.6 62 64.1 69.6 75.3 81.4 87.9 95.4 102.9 109.7 115.8 126.5 134.8 143.3 156.4 173.1 187.9 193 193.1 190.7 188.6 181.6 174.9 167.5 161.1 154.2 149.1 143.5 137.2 130.5 124.9 120 114.8 109.5 104.3 99.1 93.8 87 79.8 74 70.9 72.4 78.3 81.9 79.2 74.7 70.9 67.7 63.5 58 51.6 47.9 45.7 44 42.7 41.6 40.2 38.9 37.6 37.1 36.4 36.6 36.5 35.9
185.9 189.9 194.3 197.1 198.4 198.7 196.9 193.3 184.4 171.2 157.7 146.3 131.6 120 110.9 103.5 95.8 88.5 82.3 78.4 72.5 66.3 61.6 61.7 66.9 72.8 79.2 84.7 91.2 98 103.9 110.8 121.7 131.2 140.6 152.6 168.8 185.5 191.3 191.7 189.8 190.1 187 181.2 174.1 166.9 159.5 153.5 147.9 141.8 135.3 129 124.4 118.8 113.4 108 102.5 96.5 91 83.4 75.6 70.8 68.3 72.3 75.1 73.4 69.1 65.3 65.6 61.9 56.5 51 47.5 46.4 44.9 43.4 41.7 40.4 39.1 37.6 36.9 36.6 36.5 36.1 36
184.7 189.9 195.2 198.6 200.2 200.5 198.8 195.8 189 175.1 161 146.8 134.3 122.2 111.9 104.1 96.3 87.8 83.1 80.4 75.1 69.1 62.9 60 63.8 69.9 75.1 80.5 86.6 94 101.1 108.6 118.2 128.6 139.4 151.7 168 184.1 189.2 189.5 188.3 186.8 186.9 184.8 181.6 174.1 166.3 159 152.1 146.5 139.8 132.3 127.3 121.6 115.9 110.1 104 98.1 92.6 84.9 76.7 71.5 67.3 66.3 67.3 66.6 64.2 61.7 60.9 57.4 52.7 50.1 48.8 48.4 46.7 44.9 41.8 40.3 39 37.7 36.5 35.9 35.7 35.5 35.2
176.5 183.5 190.1 197.7 200.8 201.5 200.4 197.2 190.6 176.9 161.4 146.2 133.2 123.3 111.2 101 93 85.6 81 78.1 74.7 70.3 64.1 59.6 61.3 66.5 71.8 77.9 84.1 92.5 100.7 108.9 118.1 127 138.7 151.9 169.1 182.6 186.9 187 185.5 184.4 184.3 184.9 185 180.6 173.3 165.9 158.8 150.4 143.1 135.3 127.7 121.6 116.1 109.2 104.5 98.3 92.1 83.6 77.5 72.3 68.1 64.7 62.4 61.9 60 58.4 56.1 53.6 52.2 52.1 53.5 53.5 50.1 46.9 42.8 40.6 38.5 37.3 36.2 35.6 35.1 34.8 34.6
161.7 167.3 176.2 184.7 195.7 201.2 200.9 198.6 190.2 172 154.8 140.8 130.6 122.6 110.5 100.3 93.2 86.8 80.6 75.7 72.4 69.5 64.8 60.8 59.4 64.1 69.6 76.1 83.7 91.6 99.2 107.7 116.4 125.4 136.1 149.9 165.5 179 184.9 184.9 182.8 180.5 181.1 182.4 184.2 185 180.1 174.9 167.6 156.6 148.1 140.3 131.3 123.3 116.7 110.4 106.8 100.9 95.2 89 84.3 78.7 73.5 67.9 63.4 60.7 58.6 57.3 55.8 54.4 55.5 57.5 58.7 58 54.6 48.8 44.4 41.1 38.8 36.8 36 35.4 34.9 34.6 34.2
146.5 153.9 164 172.6 184.7 197.3 200.1 198.2 188.8 170 151.2 137.1 126.9 115.7 104.5 96.9 92.4 86.8 80.4 75.3 71.6 67.9 64.4 59.8 58.5 61.9 68.5 75.5 82.8 90 97.4 105.7 114.6 124.2 132.8 144.6 160.7 176.4 183.2 183.1 180 175.6 177.5 180.7 182.9 184.8 183.7 180 175.7 166.5 156.3 145.7 135.7 126.1 119.4 114.1 110.4 104.7 99.4 94.2 89.7 85 81.7 76.7 71.5 67 62.5 61.7 61.8 60.6 62.4 61.6 61.1 59.3 56 50.7 46.2 42.9 39.6 37.1 35.8 35 34.6 34.2 33.8
135.3 141.9 151 163.9 175 185 194.7 196.3 186.2 167.7 149.9 136.7 123.8 111.2 103.9 97.5 91.7 85.3 80 75.4 71.4 67.4 63.8 60.2 57.8 60.6 68 75.1 82.4 89.9 98 105.9 113.4 124.8 133.6 144.5 160.2 175.9 181.9 181.6 177.9 172.1 171.9 176.7 180.9 183.6 185 182.9 179.3 174.8 167.3 155.1 142.7 131.7 125.2 118.2 113.7 108.4 103.3 97.7 93.5 90 86.5 82.5 78.1 73.4 69.8 69.3 70.6 68.9 66.3 62.9 61.5 59.4 56.5 52.3 48 44.7 41.3 37.8 35.6 34.6 33.9 33.6 33.4
127 133.4 141.2 152.6 163.3 172.1 180.7 185 177 160.7 146.6 136.7 128.5 117.2 109 102.8 96.2 89 83.1 78.1 73.4 68.7 64.2 60.7 57.5 58.5 66.6 74.2 80.8 90.3 98.9 106.4 114.5 125.2 133.8 144.5 158.2 173.7 180.7 180.3 175.6 167.8 166.4 173.1 178.6 181.9 183.7 183 181.4 177.5 173.3 165.5 154.5 141.6 130.8 122.9 117.1 112.4 107.9 104.5 100.6 96.4 91.9 87 81.7 78.2 75.5 74.7 72.5 69 65.9 62.7 60.8 58.6 56 52.4 48.9 46.3 42.9 39.4 35.9 34.3 34 33.1 32.7
120.9 126.2 131.9 141.6 152.4 159.2 165.9 168.3 159.7 148.8 140.7 135.1 131.9 119.1 110.8 103.6 97.7 91.1 86.7 81.3 75.7 70.6 65.2 60.7 57 57.2 64.8 72.8 79 87.5 95 102.1 109.9 120.6 131.4 141.7 155.9 171.5 179.2 178.2 171.5 160.8 160.4 168.8 175.4 179.9 182.5 183.4 182 179 175 169 161.1 151.8 141.1 132.7 124.7 118.2 114.3 112.2 109.2 106.3 101.8 95.6 87 82.4 78 75.5 72.1 68.3 65 61.9 59.4 57.7 55.5 52.4 49.5 47.5 44.6 40.6 37 34.7 34 33.2 32.3
110.5 116.7 125.5 134.9 145.3 152.2 154.3 151.4 146.2 139.2 131.5 120.6 116 108 101 96 93.4 88.2 84.8 81.7 76.5 70.9 65.9 60.5 56.2 56.3 62.7 70 76.5 83.2 90.4 98.4 107.3 119.2 129.5 142 158.8 173 178 175.9 165.8 154.7 154.5 160.7 171.2 177.7 181 182.2 181 179 175.1 169.5 161.2 154.1 145.1 135.2 127.2 121.6 118.3 115.9 112.5 108.7 104.1 98.4 89.8 83 78 74.5 71.3 67.4 64.4 61.5 58.4 56.3 54.4 51.8 49.6 47.7 45.2 41.7 38.3 34.9 33.9 33.1 32.3
107.1 115.1 125.8 134.8 145.2 151.9 147.6 141.4 136.5 128.5 120.1 106.2 98.1 91.2 86.6 84.4 83.5 83.7 81.2 77.7 75.5 71.7 66.3 60.4 56.1 56.1 61.7 68.1 74.3 80.7 87.9 96.7 106.9 117.9 130.3 143.2 161.1 175.2 177.3 172.8 159.3 148.9 149 153.9 163.6 174.1 178.8 180.8 180.1 177.7 173.9 168 159.8 152.9 142.8 133.1 127.1 122.8 119.5 116.2 112.7 108 103.4 97.3 88.6 81.6 77.2 73.5 70.6 66.9 63.4 60.6 57.6 55.1 53.2 51.4 49.6 47.8 46.5 43.4 40.4 37.5 34.7 32.5 30.9
108 116.6 127.1 135.7 142.1 148.2 146 135.8 126.9 116.6 106.2 95.3 88.9 83.7 79.5 77.1 76.8 77 78.9 74.7 74.1 71.9 66 60.1 55.6 55.2 59.8 65.9 71.2 77.1 85.3 94.9 106.3 117 127.7 139.6 158 175.9 177.8 170.2 153.9 144.3 143.5 147.5 154.4 169.8 176.1 178.9 178.9 176.5 172.6 166.4 158.2 150.4 139.5 130.9 126.1 122 118.5 115.1 111 106.7 101.6 95.9 87.3 80.8 76.4 72.5 69.8 66.3 62.6 59.9 57 54.1 52.3 50.7 49.3 47.8 46.5 44.3 41.9 38.9 35.4 32.5 31.3
107.5 116.8 124.5 131.4 137.2 142.2 143.9 135.3 125.8 114.9 103.6 95.9 91.5 85.1 78 73.6 71.7 70.7 72 70.3 69.2 68.1 63.8 59.3 55.1 53.7 58 62.7 68.3 74.9 82.6 91 102.2 113 124.3 135.7 153.1 175.4 177 164.9 149.2 140.6 137.7 140.6 146.4 162.3 172.9 176.7 177.4 175.3 171.1 164.8 156.1 148 136.4 128.9 124.3 119.9 116.1 112.6 108.4 104 99.1 93 85.9 80.9 75.8 72.3 69.1 65.4 61.8 58.8 55.9 53.2 51.4 49.8 48.6 47.4 46.5 45.1 43.2 40.1 36.5 33 30.3
