app/static/ascii/SY39.asc
ncols 200
nrows 200
xllcorner 330000
yllcorner 90000
cellsize 50
[rows 144 to 179 of 200, columns 0 to 81 of 200]
155.8 160 163 165.3 166.8 168.3 169 169.3 169.5 169.4 168.8 168.1 167.3 166.4 165.1 164.1 162.6 162.3 161.9 160.4 158.8 157.1 153.5 144.7 136.8 131.4 123.1 111.6 106.3 102.2 100.7 94.4 85.7 76.1 71.7 74.2 76.9 79.7 84.8 89.9 95.4 100.1 104.4 104.5 99.9 93.9 99.1 104.2 108.6 113.7 119.4 132.8 141.9 146.5 147.1 146.3 144.3 139.8 132.2 123.3 112.8 104.4 97 87.6 81.5 76 70.6 64.5 58.6 53.7 48.4 42.4 35.6 29.1 22.3 27.7 31.5 33.5 36.1 40.4 44.9 49.6
154.6 158.7 161.4 163.4 165 166.5 166.8 167 167.3 167.6 166.9 166.1 165.4 164.2 162.7 162.4 161.2 161.4 161.4 160.1 158.4 156.5 153.6 145.5 137.6 132.7 124.8 113.4 105.9 99.9 91.1 86.4 81.3 72.6 74.3 76.2 79.7 83 89.6 94.9 98.8 103.4 113.9 120.6 107.6 97 100.2 105.9 112.3 119.4 130.3 143.5 148 148.8 149.4 149.5 148 144 138 129.9 119.3 108.2 100.1 93.1 84.5 79 73.2 67.5 60.5 54.7 50.4 45.3 38.3 33.2 27.9 19.3 25.9 28.1 31.2 35 39.6 44.2
153.8 157.4 159.9 161.6 163.2 164.6 165.1 165.4 165.7 165.7 164.9 164.2 163.4 161.9 160.4 159.5 159.9 159.9 159.6 159.1 157.7 155.7 153.3 146.5 138.5 133.8 126.7 115.8 108.1 101.9 98.2 97.1 92.8 80.4 76.9 78.2 81.8 86.8 94 97.9 102.7 107.8 123.3 133.3 118.3 104.7 104.3 111 121.7 133.6 142.8 149.1 150.3 150.8 151.4 151.8 150.6 146.8 142.3 135.8 124.5 112.1 104 97.8 90.6 82.4 75.5 70.1 62.9 56.2 50.6 46 41.7 38.2 33.8 27.5 18.2 22.7 25.3 29.7 34.7 38.3
153.4 155.9 158.1 159.8 161.5 162.6 163.2 163.8 164.1 163.8 163 162.2 161.2 159.7 158.3 156.8 158.1 158.3 157.8 157.5 156.9 154.9 152.8 148.4 140.4 134.4 127.8 119.2 111.4 104.8 100.7 98 93.6 81.5 78.8 80 84.5 91.6 97 102 107.4 110.9 138 139.1 124.7 110.1 112.9 125.5 135.6 144.6 149.1 152.1 152.8 153.2 153.6 154.1 152.1 149.3 145.7 140.1 130.8 116.8 107.2 101.8 95.2 86.4 79.1 73.6 66.2 58.8 54.7 50.6 46.2 42 37.5 33.1 28.6 22.2 17.8 23.3 29.7 33.9
151.6 153.7 155.5 157.3 159.4 160.6 161.2 161.8 162 161.7 160.7 159.3 158.1 157 155.1 153.4 155.8 156.6 156.2 155.9 155.2 153.9 151.8 148.7 143 136.9 128.8 123.5 116.1 108.3 101.7 95.7 89.7 78.6 80.2 81.9 88.8 95.4 99.1 105.8 111 121.6 143.1 142.4 132.3 116.5 122.2 134 143.2 148.4 151.5 154 154.7 155.3 155.8 155.8 153.6 151.3 148.3 142.7 135 123 112.7 104.8 99.1 91 83 76.5 69.7 63.1 57.9 54.9 51 46.7 41.8 36.8 32.5 28.3 21.5 17.2 23.7 29.2
149.2 151 152.8 154.9 157 158.1 159.1 159.6 159.6 159.4 158.3 155.7 153.8 152.6 150.7 150.2 153.7 154.6 154.3 153.4 152.6 151.6 150.3 148.3 143.9 139.7 131 125.3 120.3 112.5 103.3 95.6 86.6 80.4 81.8 85.9 92.3 96.8 102.5 109.2 112.6 135.3 145.3 144.4 137.8 119.3 129.9 140 146.4 150.5 153.4 155.1 156.3 156.6 157.1 156.9 153.9 152.3 150.1 144.8 138 128.1 118.6 110 102.1 94.9 88 81.7 75 69.5 62.7 59.5 55.8 51.2 46.4 41.5 36.5 31.7 26.2 17.1 16.9 23.6
145.8 148.1 150.8 153 155.5 155.8 156.6 157.4 157.3 157 155.9 152.5 148.8 147.5 146 148.5 151.4 152.3 151.6 150.8 150.2 149.2 147.6 146 143.5 140.6 135.2 127.5 122.5 116.7 106.1 95.6 85.5 80.8 82.8 88.4 95.1 100.5 106.2 112.2 123 145.5 147.5 145.4 140 124.4 137 144.4 148.7 151.8 153.8 155.5 156.6 157.4 158.2 157.9 154.4 152.9 151.1 146.5 140.7 133.1 125 116.5 106.7 99.4 93.2 87.1 80.9 74.5 68.4 64.4 60.6 56.1 51.4 46.2 41 34.7 29.3 23.7 15.4 20.9
142 146.7 149.7 152.3 154.5 155 155.3 155.2 154.7 154.2 153.3 150.2 145.1 141.5 141.1 146.6 149.1 149.3 148.3 147.6 146.9 146 144.5 143.2 141.3 139.5 136.1 130.5 123.7 117.6 107.9 95.2 84.4 81.3 84 90.6 96.9 102.6 109.3 117 138.1 147.5 148.6 146.6 141.2 133.7 142 146.5 149.7 152 154.1 155.8 156.8 157.7 158.5 158.2 155.4 153.3 151.4 147.7 142.9 136.6 129.2 122 113.2 105.5 98.8 91.9 86 80.7 73.5 68.6 65.2 61.3 56.8 50.6 44.5 37.1 31.1 26.3 20 14.1
142.7 146.2 148.9 151.2 153.4 154.1 154.2 153.5 152.3 151.9 150.6 148.3 143.9 137.8 139 144.3 145.8 146.4 145.3 144.2 142.8 141.6 140.2 138.7 137.1 134.9 131.7 127.8 121.3 114.9 106.8 90.5 81.6 82.5 87.7 93.7 98.7 105.6 114.3 129.8 146.1 148.9 148.4 146.8 142.3 138.5 144.2 147.5 149.8 151.7 153.9 155.7 157.1 158 158.9 158.7 155.5 153.4 151.5 147.6 143.4 137.9 132.2 125.3 117.9 111.4 104.4 97.1 90.9 85.6 80.5 75.5 71.3 66.5 59.5 53.4 46.8 39.4 33 27.4 24.3 17.3
142.6 145.5 148.4 150.5 152.6 153 153.2 151.8 150.4 149.2 147.5 145.6 143.1 136.2 133.2 140.4 142.2 142.3 140.8 138.7 137.1 136 133.8 132.1 129.9 124.8 117.9 111.3 104.6 99.8 94.1 84.3 80.7 84.1 91 95.4 101.2 111.7 126.7 142.3 147.7 148.9 148.3 146.5 143.1 141.2 145.3 147.8 149.7 151.4 153.6 155.2 156.6 158 158.8 158.4 155.4 153.2 151.3 147.2 143 138 132.8 127.5 121.1 114.8 109 102.3 96 90.5 85.2 80.6 75.5 69.4 61.6 55.8 49.2 42 34.7 28.5 24.9 16.8
141.4 144.5 147.7 150.4 152 152.3 152 150.2 147.7 145.6 143.9 142.1 140 134.1 127.2 134.9 136.9 135.7 133.5 131.5 130.2 126.1 123.1 117.7 110.8 104.9 99.5 95 89.9 87.3 84.3 81.2 80.9 86.9 94.1 100.8 111.6 127.2 138.9 145.6 148.5 148.6 147.9 146.3 143.8 143.7 145.7 148 149.7 151.2 153.3 154.7 156.1 157.6 158.3 157.9 155.7 153.2 150.9 146.2 140.9 136 132.1 128.3 123.7 118 112.8 108.5 102.4 95.4 89.9 84.3 78.3 70 63.4 57.9 51.6 44.6 37.3 30.1 24.4 17.8
144.8 145.8 146.2 147.5 150.7 151.7 150.7 148.2 145.3 142.1 138.4 136.1 135.5 131.2 123.8 127.9 127.5 122.8 118.5 116.3 113.9 108.6 103.3 99.4 94.7 90.5 87.7 87.1 86.6 86.6 83.8 81.7 83.3 90.2 100.2 112.2 125.5 135.6 143.1 146.9 147.9 148 147.5 146.2 144.7 144.6 146 148.1 149.6 151.1 152.8 154.2 155.7 157.2 157.7 157.2 154.9 152.2 149.7 144.9 139.3 133.9 130.8 128.4 124.6 119.3 115.6 111.6 106.8 100.5 93.4 87.6 79.5 70.4 64.3 58.9 52.8 46 38.9 32 25.8 19.4
148.2 149.2 150.4 152.4 150.9 151.8 150.4 147.2 144 138.5 131.2 124.6 125.1 124.4 118.3 117.6 114.7 107.4 104.5 102.3 100.3 97.9 95.7 97.1 98.6 100.5 101.6 104.1 104.7 94.2 86.8 87.6 84.2 92 104.6 121.3 131 138.9 143.8 145.8 147 147.1 146.7 146.1 144.9 145.3 146.7 147.8 149.2 150.7 152.1 153.6 155.1 156.1 156.3 155.5 153.8 151.3 147.8 143.4 136.5 132 129.4 127.6 123.9 119.7 116.5 113.3 108.5 103 95.9 87.4 79.1 70.6 64.8 58.9 52.9 45.9 38.8 32.2 25.6 21
152 152.5 153.1 154.2 153.9 152.7 151.4 148.4 145.7 141.6 136.8 130 120 115.9 113.2 111.9 109.7 112.9 114.3 112.2 109.3 110.6 113.7 115.5 116.8 117.3 118.4 118.8 112.2 95.4 89.9 100.4 91.9 91.6 108.4 124.1 132.9 139.1 142.4 144.3 145.3 146.3 146.2 145.7 145.5 145.4 146.3 147.3 148.5 149.8 151.3 152.8 153.6 154.3 154.8 153.6 151.9 149.8 145.7 141.4 133.6 128.4 126.4 123.5 119.9 116 114.1 111.4 107.9 102.7 94 84.2 75.8 69.9 64.4 58.5 52.2 45.6 38.5 32.4 26.5 21.7
155 155.4 155.9 156.1 155.6 154.3 152.4 150.1 147.9 142.9 138.3 130.9 119.3 117.5 118.9 119.5 120.7 125.9 129.8 127.7 126.9 128.7 130.3 131.1 130.3 129.1 126.6 121.7 110.8 93.4 97.8 106.9 99.8 91 105.6 120.6 130.5 135.8 139.8 142.5 144.1 145.1 145.7 145.3 145.4 145.5 145.8 146.9 148 149.2 150.3 151 151.8 152.5 153 151.6 149.9 148 144.3 139 130.5 124.2 121.9 116.8 112.9 110 109.4 108 104.2 98.7 89.1 79.6 72.5 67.7 63 57.6 51.2 45.3 39.1 34 28.9 22.2
157.2 157.7 158 157.9 157.3 156.1 154.4 151.8 148.5 143.6 138.1 129.3 119.3 130.1 136.1 136 135.5 139.2 140.1 138.4 138.5 137.5 138 136 134.3 131.6 126.2 120.9 109 92.9 104.8 113.5 109.1 98.8 97.1 110.5 121.8 131.4 136.5 140.3 142.8 143.9 145.2 144.8 145.1 145.5 145.4 146.1 147.1 148 148.8 149.8 150.2 150.9 150.7 149.1 147.3 145.4 141.2 134.6 124.3 115.6 113.9 106.2 102.3 102.8 103.9 102.5 99.4 93.1 83.1 73.7 68.7 63.7 60.1 57.4 50 46 38.2 29.2 23.2 16.7
159.5 159.7 159.8 159.5 159 158.1 156.2 153.5 149.7 145.3 138.6 129.7 122.3 132.5 140.3 141.6 142.3 143.5 143.3 142.9 142.1 141.1 140.4 138.1 134.9 129.4 120.7 112 104.6 102.3 112.5 121.7 118.9 109.9 102.7 100.3 114.3 125.1 133.2 137.8 141 142.8 144.1 144.4 144.9 145.5 145.2 144.9 145.7 146.1 147.2 148.3 148.6 148.4 147.6 145.7 143.4 141.7 135.3 125.2 114.6 105.7 100.2 96.5 93.6 92.3 94.8 95.5 93.7 89.5 78.2 69.8 64.7 59.7 53.4 47.6 40.1 35.9 26.5 17.5 10.2 4.3
161.3 161.5 161.5 161.2 160.7 159.8 157.7 155.4 151.4 146.9 141 131.3 126.9 136.1 142.2 144.1 144.9 145.3 145.1 144.4 143.7 142.8 140.8 137.5 131.4 124.1 114.7 104.4 103.2 109.7 122.1 125.5 124.4 120.5 106.6 104.1 110.1 121.6 130.7 135.5 138.9 141.6 143 144.3 144.9 145.4 145.1 144.7 143.9 144.5 145.1 145.6 146 145.5 143.6 140.6 136.1 130.2 122.9 113.5 105 96.7 91.7 90 88.6 86.3 83.5 82.5 84.4 82.7 72.4 65 59.2 53.7 46.3 36.3 28.7 22.7 16 6.3 -1.2 -1.2
163 163.3 163.2 162.8 162.4 161.4 159.2 156.9 153.8 149 143.7 135.4 131.5 140 144.2 145.9 146.3 146.5 146.1 145.6 144.8 142.7 140 133.7 124.6 119.5 110.7 105.4 109.5 118.7 127.6 128.3 127.2 123.8 115.2 107.7 109 120.3 128.4 133.3 137 140 142.1 143.9 145 145.4 145.2 144.9 143.3 142.2 142.6 142.9 143.3 141.8 137 131.8 122.8 116.7 110.5 103.2 95.2 89 84.1 81 81.4 80.6 78.2 75.7 75.1 74.2 67.1 60.5 54.1 47.4 39.3 28.9 22.7 10.5 4.4 -1.2 -1.2 -1.2
164.4 164.8 164.9 164.3 163.6 162.4 160.6 158.2 155.2 151.3 146.4 138.4 135.5 143.2 146.2 147.3 147.6 147.3 146.9 146.1 144.7 142.1 137.3 131.8 124.3 115.3 109.2 114.6 119.2 129.2 129.6 129.8 127.4 123.1 115.3 104.6 108.6 117.4 126.1 131.3 136.3 139.7 142 143.6 145.1 145.4 145.4 144.4 142.6 140.3 139.4 139.6 139.3 135.1 125.7 117.3 112.4 107.7 101.3 95.2 90.7 87.1 83.3 79.2 74 73 72.5 71 68.8 66.7 63 56.9 50.1 44.3 30.3 21 14.4 4.7 1.2 -1.2 -1.2 -1.2
165.5 165.9 165.8 165.2 164.5 163.1 161.5 159.1 156.6 152.6 148 140.1 139.7 146 148 148.5 148.3 147.7 146.8 145.4 144.7 139.3 131.2 126 122.3 119.2 118.6 122.7 132 132 132.2 130.9 128.1 123.1 122 121.2 113.2 120.3 127.5 131.7 136.7 139.8 142.3 143.9 145.4 145.5 145.5 143.9 142.3 140.2 137.6 133.9 130.2 124.9 120.1 116 111.4 106.8 101.9 99.9 99.4 95.6 91 86.3 81.3 74.8 69 64.3 64.3 61.2 58.4 52.1 45.2 34.9 23.1 16.1 5.7 3 0.8 -1.2 -1.2 -1.2
166.6 166.9 166.6 166 165.3 163.5 161.3 158.9 156.2 152.9 147.8 140.7 143.3 148.5 149.9 149.6 148.3 147.4 146.2 144.9 141.8 135.4 124.9 121.7 124.5 125 130 136.3 135.5 134.8 134 132 128.9 125.4 125.9 124.6 118.1 122.8 128.6 132.9 137.1 140.2 142.8 144.4 145.5 145.7 145.4 144.3 142.5 140.7 139.7 138.4 135.8 132.9 132.2 129.5 121.8 114.2 111.9 111 109.7 101.2 103.3 98.7 91 83.1 76.5 69 62.9 57.7 53.1 47.9 39.8 26.3 16.6 11.5 4.6 2.1 1.9 -1.2 -1.2 -1.2
167.3 167.5 167.4 166.6 165.3 163.4 161.1 158.6 155.8 151.6 146.1 142.6 146.7 150.7 151.5 151 148.8 146.7 145.1 143.1 136.9 129.3 127.3 130.8 136.2 138.8 141.5 140.7 138.7 137 135.3 132.9 129.6 128.9 128.6 126.9 122 125.3 129.7 133.9 137.9 140.6 143.1 144.5 145.7 145.8 145.3 144.2 143.3 142 140.9 140.1 138.9 137.8 138.2 137.7 134 128.6 116.2 104.9 91.5 88.9 85.8 84.3 85 86.6 79.5 69.6 62.4 52.2 38.9 38.4 25.5 14.6 10.3 6.3 3.2 1.3 -1.2 -1.2 -1.2 -1.2
167.6 167.7 167.7 166.5 165.1 163.3 160.9 158.2 155.1 150.2 145.4 147.1 150.9 152.8 153 151.9 149.1 146.1 142.9 138.2 133.4 131.4 138.1 143.5 145 145.7 145.4 143.8 141.1 138.4 136.6 133.8 132.4 131.3 130.9 128.8 125.8 126.7 131.1 134.8 138.5 141.1 143.1 144.6 145.4 145.5 145.5 144.7 144.1 143.1 142.1 141.2 140.3 140 139.7 124 108.8 100.3 95.8 91.4 87 83.8 81.7 78.5 75.3 72.5 72.4 65.7 46.7 32.2 20.2 14.8 11.2 7.2 6 5.2 2.2 1 -1.2 -1.2 -1.2 -1.2
168 168.1 167.6 166.4 164.9 162.9 160.2 156.8 153.8 150 148.4 151 153.7 154.8 154.3 152.7 149.9 146.1 142.1 137.5 138.9 142.6 145.8 147 148.4 148.6 148.1 146.5 143.8 140.4 137.7 135.6 134.8 134 132.8 131 129.1 130.5 132.7 135.9 139.1 141.5 143.2 144.4 145.4 145.2 145.3 145.2 144.2 143.2 142.2 141.7 140.6 124.9 111.8 101.6 100.4 97.2 92.7 86.3 81.7 79.3 76.3 74.1 68.9 64.9 58 49.7 35.1 18.5 10.3 7.1 6.1 5.5 4.8 5 3.9 -0.1 -1.2 -1.2 -1.2 -1.2
168.2 168.4 167.5 165.9 164.4 162 158.9 156 153.3 151.7 151.3 153.7 155.7 156.4 155.7 153.6 150.9 147.8 144.3 140.3 140.9 145.3 148 149.6 150.8 151.1 150.4 148.6 146 142.5 139.3 137.8 136.5 135.9 134.8 133.3 131.1 132.7 134.2 137.4 139.7 141.5 143.3 144.4 145 145.1 144.9 144.7 144 143.1 142.2 135.4 119.3 107.1 101.7 96 93.8 89.8 85.5 80.3 76.9 74.7 69.6 64.1 54.9 39.4 31.5 17.5 11.4 4.2 4.9 4.8 3.9 2.4 -1.2 -1.2 -1.2 0.5 -1.2 -1.2 -1.2 -1.2
168.1 168.3 167.8 165.9 164.1 161.4 159.1 157.5 156.4 155.1 154.7 155.9 157.2 157.4 156.7 154.6 152.1 149.2 146.3 143.2 143.2 146.8 150 151.8 152.6 152.9 152.1 150.4 147.7 144.4 140.9 139.1 138 136.1 134.8 133.9 133.4 134.3 135.7 138.4 140 141.7 143.1 144.4 144.8 144.6 144.4 144.2 143.7 142.6 132.3 115.3 99.1 95.5 91.8 88.5 86.2 82.6 79.5 74.1 68.3 63.5 57.3 48.3 28.3 17.7 10.6 4.5 2.3 1.8 1.1 -1.2 -1.2 -1.2 -1.2 -1.2 -1.2 -1.2 -1.2 -1.2 -1.2 -1.2
168.5 168.2 167.7 166.6 164.9 163.2 161.7 160.4 159.3 158.2 157.8 158.7 159.1 159 157.7 155.9 153.8 151 148.3 144.9 146.1 149 151.9 153.7 154.5 154.6 153.6 151.8 148.6 144.8 142 139.8 138 136.1 134.9 134.5 134.8 135.8 137.1 138.6 140.1 141.9 142.6 143.9 144.2 144.1 143.9 143.7 143.4 134.4 111.5 100.5 94.4 90 83.4 79 77.2 70.4 62.8 61.3 58.8 54.1 47 22 8.8 1.4 -1.2 -1.2 -1.2 -1.2 -1.2 -1.2 -1.2 -1.2 -1.2 -1.2 -1.2 -1.2 -1.2 -1.2 -1.2 -1.2
168.5 168 167.6 167.2 166.5 165.7 164.3 163.3 162.2 161.1 160.7 160.5 160.6 160.3 159.2 157.8 155.7 152.9 150.2 148.4 149.6 152.1 153.8 155.4 156.2 156.3 155 152.6 149.3 145.7 142.2 139.3 137.4 136 135.6 135.1 134.8 135.8 137.1 138.8 140.3 141.4 142.2 143 143 142.8 142.6 142.5 130.9 112.3 101.4 94.1 89 84.7 78 72.2 67 62.5 58 46 46.8 34.3 22.2 1.1 -1.2 -1.2 -1.2 -1.2 -1.2 -1.2 -1.2 -1.2 -1.2 -1.2 -1.2 -1.2 -1.2 -1.2 -1.2 -1.2 -1.2 -1.2
169.1 168.8 168.4 167.4 166.8 166.2 165.9 165.1 164.3 163.1 162.1 161.7 161.9 161.2 160 158.8 157.6 155 153 152.4 152.5 154.5 155.9 157 157.5 157.1 156 153.3 149.9 146 142 137.8 134.5 133.1 134.1 134.1 134.1 135.3 137 138.8 140.2 140.9 141.8 141.7 141.2 141.1 141 133.1 109.2 99.4 96.4 87.3 79.9 75.6 70.2 64.9 59.7 54.1 47.4 38.3 35.3 17.5 0.7 -1.2 -1.2 -1.2 -1.2 -1.2 -1.2 -1.2 -1.2 -1.2 -1.2 -1.2 -1.2 -1.2 -1.2 -1.2 -1.2 -1.2 -1.2 -1.2
170.1 169.5 168.5 167.7 167.1 166.8 166.5 166 165.2 164.1 163.4 162.7 162.3 162 160.8 160 158.8 157.6 156.3 155.3 155.7 156.5 157.7 158.4 158.8 158.1 156.8 154.1 151 146.1 141.9 137.2 132.1 128.4 129.9 130.7 130.7 133.8 136.3 138.4 139.6 140.3 140.2 139.8 139.2 138.7 136.6 112.4 101.1 99 89.5 80.7 74.1 69.1 63 58.4 47.9 41.2 37.3 32.7 16.4 0.5 -1.2 -1.2 -1.2 -1.2 -1.2 -1.2 -1.2 -1.2 -1.2 -1.2 -1.2 -1.2 -1.2 -1.2 -1.2 -1.2 -1.2 -1.2 -1.2 -1.2
170.6 169.7 168.7 168.1 167.8 167.4 167.1 166.7 165 163.8 162.5 162.2 161.8 161.7 161.4 160.9 159.9 159 158.4 158 158.3 158.7 159.1 159.7 159.5 159 157.6 155 152 147.8 142.9 137.5 132.1 124.2 121.6 124.5 126.6 131.8 135.8 137.7 138.6 133.2 127 123.7 121 118.4 113.9 97.6 96.8 93.5 82.8 73.6 67.4 61.4 54.4 44.8 39.8 38.9 34.5 12.4 0.5 -1.2 -1.2 -1.2 -1.2 -1.2 -1.2 -1.2 -1.2 -1.2 -1.2 -1.2 -1.2 -1.2 -1.2 -1.2 -1.2 -1.2 -1.2 -1.2 -1.2 -1.2
169.8 169 168.3 168.1 168 167.7 167.3 166.5 164.8 163.1 161.1 160.1 159.7 160.1 160.1 159.9 159.8 159.9 159.4 159.2 159.6 160 160.5 160.6 159.9 159.3 158.2 155.9 153 149.1 144.7 139.5 133.1 124.5 115.1 113.7 121.4 129.9 134.4 124.4 115 105 100 101.5 101 99 97.6 96.7 92.1 84 76.6 66.6 60.8 51.2 40.2 39.8 37.1 32.8 18.2 0.6 -1.2 -1.2 -1.2 -1.2 -1.2 -1.2 -1.2 -1.2 -1.2 -1.2 -1.2 -1.2 -1.2 -1.2 -1.2 -1.2 -1.2 -1.2 -1.2 -1.2 -1.2 -1.2
168.5 168.1 167.5 166.9 166.9 166.8 167.1 166.6 164.9 163 160.5 157.6 156.7 157.3 157.6 157.8 158.7 159 159.1 160 160.4 160.7 160.9 160.9 160.2 159.5 158.7 156.7 153.9 150.3 146 140.8 133.8 126 111.6 105.9 117.4 115.5 104.5 95.8 90.9 89.7 90 92.5 93 91.6 89.6 89.1 85.8 79.6 71.4 62.4 53.7 39.7 39.2 35.6 29.3 15.5 0.8 -0.1 -1.2 -1.2 -1.2 -1.2 -1.2 -1.2 -1.2 -1.2 -1.2 -1.2 -1.2 -1.2 -1.2 -1.2 -1.2 -1.2 -1.2 -1.2 -1.2 -1.2 -1.2 -1.2
167.1 166.6 166.2 165.8 166.1 166.5 166.9 166.3 165.2 163.6 161.2 157.5 152.9 152 153.4 154.4 155.6 156.7 158.3 159.2 160.2 160.3 160.4 160.5 160.4 159.8 159.2 157.3 154.9 151.3 147.2 141.8 133.4 119.8 103.3 96.4 93.8 90.8 89.4 86.8 84.5 81.8 82 86.1 86.8 85.1 81.1 79.7 79.3 73.2 67.1 57.8 46.8 38.2 35.3 27.6 16.1 1.3 0.1 -1.2 -1.2 -1.2 -1.2 -1.2 -1.2 -1.2 -1.2 -1.2 -1.2 -1.2 -1.2 -1.2 -1.2 -1.2 -1.2 -1.2 -1.2 -1.2 -1.2 -1.2 -1.2 -1.2
166 164.8 163.6 163.2 164.6 165.6 166.3 166 164.7 163.4 161 157.6 153.1 146.9 145.5 148.6 151.9 154.1 156.2 157.7 159.2 159.8 159.8 160.2 160.3 160 159.3 157.7 155.5 152.3 148.5 142.7 129.7 111.5 94.6 84.2 81.5 81 81.6 81.9 81.7 77.9 74.9 77.3 79.4 77.7 74.7 72.8 70.5 65 59.9 49 37.5 34.9 28.6 17 4.3 0.4 -1.2 -1.2 -1.2 -1.2 -1.2 -1.2 -1.2 -1.2 -1.2 -1.2 -1.2 -1.2 -1.2 -1.2 -1.2 -1.2 -1.2 -1.2 -1.2 -1.2 -1.2 -1.2 -1.2 -1.2
