app/static/ascii/SY58.asc
ncols 200
nrows 200
xllcorner 350000
yllcorner 80000
cellsize 50
[rows 88 to 131 of 200, columns 96 to 191 of 200]
30.9 31.5 34.5 37.6 40.1 41.1 44.9 47.9 49.5 49.4 54.4 60.2 65.7 69.6 71.5 74 77 81.9 87.7 93.6 99 105.4 112.8 120.1 122.9 120.2 119.4 115.8 111.6 108.6 105.6 98.8 105.5 109.6 109 106.6 102.7 101.3 96.6 97.3 94 89.1 84.2 77.5 69.7 63.3 72.9 79.9 82.2 82.1 90.7 93.4 90.1 82.8 71.8 75.3 83.6 82.8 75.5 76.1 75.9 72.9 72.7 75.4 77.7 81.5 83.4 81.4 79.2 80.4 81.4 81.8 84.3 86 86.4 85.4 84.4 81.7 79.5 77.8 77.2 77.9 76.5 73.4 70.5 67.6 63.9 61.9 60.4 59.7 62.9 65.8 69.2 71.9 71.8 69.9
26.1 27.4 29.6 32.3 34.3 36.2 39.6 42 42.6 43.7 49.1 55.2 59.4 62.2 64.2 67.3 70.9 76.4 82.3 89.3 93.7 102.9 111.1 118.1 119.6 114.8 110.3 106 100.2 97.7 93.9 89.4 97 98.6 96.7 94.5 91.3 90.1 84.9 82.9 81.7 79.5 76.2 71.5 64.8 58.3 62.2 67.7 71.3 72.7 76 77.9 77 76.3 64.2 66.3 72.8 73.7 67 65.2 64.7 62.7 65.1 69.3 71.1 75 76.7 73.3 70 72.4 74.9 76.2 76.2 78.2 79.2 78.3 75.9 73.5 72.4 71.1 70.6 70.3 69.3 65.9 64.2 61.4 57.7 55.8 54.8 55.2 57.5 60.5 63.2 66.1 66.7 64.6
21.8 23.2 25.4 27.7 28.8 31.5 34.2 35.8 36.3 39.2 44.9 49.9 53.5 55.5 57.3 60.9 66.8 72.2 78.3 85.2 93.5 101.9 110.8 118.5 118 112.2 106.5 101.1 94.5 87.8 85.3 80.6 90.6 91.7 87 84.4 82.5 80.8 76.7 76.3 73.6 69.7 67.6 63.6 58.4 52.9 55 58.5 61.3 62 63.7 65.3 65.3 63.9 57.3 58.7 63.2 63.8 60.5 56.6 56.2 57.7 60.8 64.7 66.2 67.6 68.4 66.2 63.5 64 66.5 67.8 69.6 71.4 71.7 70.7 68.2 66.8 66.4 66.6 65.9 65 63.5 61.2 58.7 55.7 52.5 51.1 51.2 52 53.5 55.5 57.6 56.3 57.8 55.7
17.5 19 20.8 22.6 24.7 27.3 29.1 30 31.4 35.9 41.2 45.1 46.1 47.6 48.5 57.2 62.7 69.1 74.9 85.6 95.4 104.1 114.4 119.1 113.9 108.7 102.3 95.8 89.7 80.9 75.6 71.4 82.2 82.6 77.8 75.7 74.2 72.4 70.6 67 66.3 64.4 61.8 58.1 53.7 49.7 49.3 51.1 52.3 53.6 55.1 55.9 55.9 55.4 54.5 51.2 52.5 51.4 51.6 48.6 49.6 52.8 57.3 61.3 62.7 62.8 63 61.1 59.9 58.9 58.8 60 62.1 64.1 65.5 64.1 61.9 60.1 61.4 63.2 62.5 60.7 58.8 56.9 54.3 51.9 49.8 49.3 51 53.1 51 51.8 53.2 53.5 51 48.7
13.7 14.8 16.7 18.8 20.8 22.9 24 25.3 29 32.9 36.8 39.4 39.4 38.1 46.3 54.8 64.5 73.4 82.6 93.6 102.7 115.5 123.9 115.1 104.3 98.1 92 85.1 78.6 72.8 68.7 63.2 67.5 70.5 68 67.6 67.7 65.5 62.5 59.7 58.4 58.3 56.5 53.5 49.8 46.8 45.5 45 44.9 46.6 47.1 48.2 48 48.2 48 46.7 45.4 44.3 44.4 45.6 47.9 50.9 53.7 56.6 58.1 58.6 58.2 57.6 56.6 55.5 53.7 53.8 55.5 57.6 58.8 59.9 57.1 54.6 56.6 58.9 59.2 57.5 55.9 53.7 51.4 50.4 46.8 45.6 46.4 47.5 48.7 49.6 50.5 49.5 46.4 45
8.6 11.2 13.2 15.2 17.1 18.6 20 22.5 26 29.8 32.5 33.1 32.3 37.3 48.6 63.1 77.2 80.7 84.2 94.1 103.5 108 112.4 109.8 97.4 86.6 79.6 75 69.5 65.8 62.5 59.2 60.7 60.9 59.8 61 62 61 59.1 56.8 54.4 52.1 50.8 50 46.6 43.5 42.6 42.1 41.9 42.8 43.1 45 45.2 46.5 46.8 46.4 44.5 41.7 42.3 44.5 48 49 50 51.7 53.3 54.1 53.8 53.5 53.2 52.4 51.1 49.9 50.3 52 53.3 54.6 53.2 51 52.5 53.9 55.3 54.7 52.9 50.9 48.6 46.7 44.4 43.4 44.3 45.5 46.6 47.7 48.2 46.9 44.3 43.1
2.5 6.5 10.7 11.5 13.1 14.6 17.1 19.7 22.9 25.8 28.3 29 30.4 42.9 56.8 65.5 71.2 73.6 75.2 83.4 93.8 98.6 103 101 93 81.2 72.7 66 61.7 58.9 57 54.7 54.3 52.9 53.9 55.4 56.1 56.3 55.2 53.4 50.7 48.1 45.2 44.6 41.7 40.3 40.5 40.5 40.5 40.4 41.6 43.4 44.7 45.5 45.6 44.9 42.2 39.4 40.7 42.8 44.8 45.9 46.9 48.1 49.2 49.4 49.3 49.2 49.5 49.8 47.9 45.7 45 46.8 48.4 49.3 49.2 47.3 48.1 50.4 53.2 53.3 50.7 48.1 46 43.9 41.9 42 42.4 43.5 44.6 45.7 45.5 44 42.3 41.4
-1 0.6 4.1 7.2 10.4 12.7 13.7 16.5 19 21.7 24.5 24.1 31.8 41.7 48.8 55.7 60.8 63.4 64.5 77.4 87.4 91.8 92.2 89.4 84.3 75.8 71.6 62.2 56.7 53.5 51.4 49.7 48.6 47.3 48.2 49.9 50.2 50.7 49.5 47.6 44.2 41.4 38.1 37.3 35.6 36.3 37.7 38.3 38.3 39.6 41.9 44 45.4 45.9 45.4 43.1 36.9 37.8 43.4 44 44.3 43.8 43.6 44.8 45.4 45.7 46 46.6 47 47.2 45.1 42.7 41.3 42.2 43.2 43.5 43.6 42.8 45.5 49.1 51.5 51.1 49.1 46.1 43.9 42 40 39.9 41 42.3 43.3 44 42.8 41.2 40 40.2
-1 -1 -1 2.2 5.9 10.8 11.2 12.4 14.5 17.1 19.1 21 28.4 33.8 39.5 45.9 52.2 54.7 58 74.8 81.2 82.7 83.1 80.3 71.1 65.9 63.3 59.7 52.4 48.6 45.8 43.7 45.6 42 43 45.3 45.9 45.1 43.1 41 37.9 34.5 32.2 31 31.8 33 34.4 36 38.2 41 43.4 45.8 47.4 47.7 46 39.9 34.1 35.9 43.9 44.2 41.9 40.5 40.5 41.2 41.8 43.1 44.5 46.2 46.3 45.1 42.9 40.6 38.8 39.5 39.2 38.2 37.8 40.8 45.4 49 49.3 48.1 46.7 43.6 41.7 39.8 37.8 38.1 39.6 40.9 41.7 42.1 40.8 39.1 39 39.3
-1 -1 -1 -1 -1 4.5 7.4 10.4 10.9 13.1 15.2 17.7 22.9 26.8 32.6 40.9 46.8 47.3 51.9 62.4 73.5 76.1 76.7 75.1 63.7 57.9 55.6 52.2 47.1 43.9 41.7 39.9 44.4 37.1 38 40.6 42.7 43.1 41.3 39 35.9 32.1 29.6 27.5 28.9 31.8 36.9 39.5 42.2 44.7 47.2 49 50.5 50.6 47.8 38.2 31.8 34 38.9 38.7 37.8 37 37.9 40.4 44.9 46.5 46.8 46.8 47.2 45.7 43.1 40.4 37 36.9 36.3 35 36.9 41.1 45.8 46.4 45.6 44.4 43.4 40.7 38.9 37.1 35.3 36.1 38.1 39.3 40 40.1 38.7 37.6 38 38.7
-1 -1 -1 -1 -1 -1 2.3 6.2 10.4 11.2 12.2 13.7 17.7 22.2 29.2 37.3 40.4 38.5 44.3 55 66.7 68 70.6 73.4 64.3 53.6 48.3 44.9 42.1 40.6 39.4 37.9 35.9 32.6 32.9 37.2 40.3 42.7 42.7 40.7 36.7 30.3 26 25.3 29.2 37.1 43.4 45.9 47.6 49.6 51.5 53.7 55 54.5 49.4 37.4 29.7 30.6 32.6 31.6 33.8 36 41.5 49 52.6 52.1 51.3 50.5 50 49 47.3 44.5 38.1 33.1 31.7 32.5 37.8 40.9 43.1 42.7 41.8 40.8 39.8 37.8 36 34.2 33.4 34.5 36.4 36.5 37.2 36.8 36.3 36.5 37.4 38.2
-1 -1 -1 -1 -1 -1 -1 -1 4.5 8.5 10.6 11 13.2 18.2 24.4 30.2 30.8 32.5 41.3 49 53.5 53.8 58.7 70.6 65.7 52.3 44.3 41.1 39.5 39.1 38.5 38.7 37.6 32.1 29.7 31.4 36.9 41.9 44.2 42.3 34.2 25.5 22.6 25.8 33.7 44.6 50.3 52.9 55 57 58.2 59.2 58.7 53.1 44.1 33.4 28.3 28.1 28.9 34.1 37.6 40.7 51 58.5 53.3 47.5 46.6 49.4 53.4 54.8 53.6 50.3 43.7 36.8 29.1 29.4 36 37.8 37.3 37.3 36.7 36.7 36.1 34.9 33.2 31.6 31.3 32.8 33.6 33.8 34.1 34.1 34.5 35.8 36.9 37.7
-1 -1 -1 -1 -1 -1 -1 -1 -1 2.6 6.4 8.9 10.7 14 18 21.9 24 30.2 39.5 43.2 43.3 44.9 52.7 62 56.1 48 41.4 37.8 39.4 40.3 43.8 44.7 41.9 36.8 28.6 26.8 31.9 36.4 40.5 36.9 24 20 22.8 27.6 38.6 55.9 59.1 61.2 63.1 64.4 64.4 65.1 58.3 45.7 36.6 28.9 26.2 27.8 35.3 40.6 44.9 47.9 53.8 47.7 32.9 28.4 29.8 34.8 44.2 53.5 54.7 49 44.2 38.6 27.7 26.5 29.6 29.5 29.6 29.9 30.2 31.1 31 30.9 30.2 29.4 29.8 31 31.7 33 33.1 34.3 35.4 36.3 36.8 37.2
-1 -1 -1 -1 -1 -1 -1 -1 -1 -1 0.9 4.4 8.7 10.6 12.8 15.4 19.5 27.4 35 36.7 35.9 41.3 50.2 52.7 48.4 42.2 36.1 33.1 40.3 45.3 50 52 47.1 38.7 29.7 23.8 24.5 25.2 27.6 24.3 18.7 19.2 23.9 29.3 38.3 51.5 65.5 69.1 71.1 72.1 72.1 67.4 53.6 43.9 33.2 24.4 24 34.3 44.8 48.6 51.5 51.7 42.7 28.2 18.4 17.6 18.6 23.5 30.9 41.1 45.2 41.1 36.2 33.7 29.9 24.8 26.3 27.2 27.1 27.2 27.2 27.9 28.4 29 30.1 30.8 32.7 35.3 34.3 34.8 36.8 37.9 38.4 39 39.2 39.4
-1 -1 -1 -1 -1 -1 -1 -1 -1 -1 -1 -1 2.7 6.8 8.7 10.8 15.6 21.9 26.8 27.9 31.6 41.4 48 46.4 41.2 35.1 30.4 34 42.1 50.8 56 57.2 52.4 43.8 32.9 25.8 22.5 20.7 18.6 16.9 16.5 19.1 27.1 33.8 42 48.3 57.5 69 79.6 79.5 74.1 62.2 51.2 39.5 29 21.7 27.9 39.3 53.3 55 53.6 44.9 30.9 17.8 14.8 16.7 21.1 20.2 21 26.5 30.4 29.9 26.1 24 24 27.3 33.4 37.5 37.6 36.6 33.3 30.5 32 33.8 36 39 40.6 42.3 38.8 38.3 40.7 41.8 42.5 42.1 41.4 41.8
-1 -1 -1 -1 -1 -1 -1 -1 -1 -1 -1 -1 -1 1 5 9 9.6 14 18.1 22.5 31.4 37.3 40.5 38.6 32.1 26.9 27.5 35.1 45.7 55.9 61.7 62 58.1 47 38.9 34.5 32.9 30.4 22.4 13.8 15.1 21.3 31.5 46.8 54.1 57 60.8 65.5 79.1 83.2 69.6 62.1 52 36.8 25.1 22.1 28.7 40.1 54.5 52.4 45 33.6 21.9 15.7 16.5 22.3 26.4 27.7 25.7 26.1 27.2 27.9 27.8 26.4 28.2 32.8 38.9 45.4 46.9 46.4 43.7 39.9 41.6 43.9 44.6 48.6 49.2 47.1 42.9 42.2 43.1 45.5 46.8 46 44.3 44.5
-1 -1 -1 -1 -1 -1 -1 -1 -1 -1 -1 -1 -1 -1 -1 3.1 5.6 7.5 8.2 14.4 27.1 31.7 32.4 30.8 23.2 21.2 29 37.4 49.7 60.5 66.7 68.2 62.9 52.9 47.3 43.5 39.3 34.7 23.6 13.3 15 22.7 33.1 47.5 57.7 64.5 68 70.8 78.8 82.9 73.8 63.6 49.8 35.4 24.7 20.6 27.5 37.8 45.2 40.9 32.7 23.5 16.3 14.9 20 26.2 31.6 32.2 30.8 31 32.7 33.8 34.2 36.3 38.8 41.9 45.6 56.4 57.1 56.1 54.5 51.9 54.2 54.7 54.6 56 55.8 51.5 47.6 47.1 47.6 49.5 50.9 50.2 47.8 48.6
-1 -1 -1 -1 -1 -1 -1 -1 -1 -1 -1 -1 -1 -1 -1 -1 -1 5.6 9.4 7.3 5.7 13 21.5 20.2 17.2 19.5 30.1 40.1 50.9 57.6 63.9 69.8 70 62.1 55.3 50.3 43.2 35.1 21 12.4 14.3 21.7 31.3 43.6 55.1 64.9 70 74.1 79.9 82.5 78 66.1 50.2 36.3 25 15.6 23.6 31.6 35.3 30.2 23.2 16 12.5 15.4 24.5 31.7 35.7 36.5 36.7 37.5 39.3 42 42.4 42.2 47.3 50.4 54.9 66.7 67.2 66 64.2 64 65.6 65.1 63.7 63.5 60.9 56.4 55.7 56.5 56 55 56 55.5 53.4 53.8
-1 -1 -1 -1 -1 -1 -1 -1 -1 -1 -1 -1 -1 -1 -1 -1 -1 -1 4 7.9 7.9 5.2 8.2 11.2 11.8 18.3 29.4 37.6 44.6 49.4 55 61.4 64.1 61.7 57 51.5 42.4 30.1 14.8 11.6 13.4 18.8 27.7 39.1 49.9 59 65.4 70.6 75.6 78.4 77.1 68.3 49.4 34 27.3 15.5 19.4 24.3 25 20.3 15 11.3 11.9 17.1 31.5 36.3 41.1 42.7 43.1 45.4 47.6 52.1 52.8 58.9 55.8 57.6 64 76.5 77 76.3 75.2 75.7 76.8 75.4 73 71.5 68.3 62.9 66.4 66.9 67.3 65.5 63.8 62.3 60.7 59.9
-1 -1 -1 -1 -1 -1 -1 -1 -1 -1 -1 -1 -1 -1 -1 -1 -1 -1 -1 2 6.4 8.6 5.8 6.4 8 12.8 19.8 27 33.6 39.6 45.1 50.1 53 51.4 46.1 38.9 30 19 11.7 11.7 12.6 16.6 23.2 32.9 42.9 51.1 58.1 64.1 68.4 71.8 71.8 65 47.2 39.5 25.2 16.3 13.7 16.7 15.8 13.9 11.2 10.2 12.1 18.5 28.6 42.3 47.2 50.3 51.3 52.4 55.4 63.6 71.7 69.7 67 65.1 69.8 83.8 86 86.4 86.7 87.6 86.2 85.2 82.8 79.3 70.8 68.5 74.1 76.3 77.1 75.5 73.7 72.2 71.3 69.8
-1 -1 -1 -1 -1 -1 -1 -1 -1 -1 -1 -1 -1 -1 -1 -1 -1 -1 -1 -1 -1 4.5 7.1 6.4 5.6 7.8 12.3 16.2 20.6 28.2 32.4 35.1 35.9 33.8 29.1 23.8 17.4 12.7 9.9 9.9 10.9 14.6 19.9 26.5 34.8 41.9 48.6 55.4 61 63.8 63 57 46 34.4 24.5 16.9 13 12.6 11.5 10.1 8.8 9.3 12.6 18.6 27.4 44.6 54 57.1 59.1 61 64.2 75.8 80.6 79.5 78.3 76.1 74.9 79 87.5 92.1 93 93.3 92 90.6 81.4 73.9 70.1 72.5 77.2 80.3 81.5 81.5 81 79.7 79.1 77.7
-1 -1 -1 -1 -1 -1 -1 -1 -1 -1 -1 -1 -1 -1 -1 -1 -1 -1 -1 -1 -1 -1 3 7.4 7.7 5 6.2 9.5 13.5 16.7 18.9 22 21.5 20.4 18 15.4 12.1 8.7 8.9 8.9 9.4 12.8 17.3 23.3 28.1 33.6 38 43.6 46.6 45.9 43.2 39.6 33.4 28 21.8 16.5 11.8 10.8 9.8 8.9 7.7 9 13.2 17.8 25.8 34.3 50.9 62.9 66 68 71.4 80.7 85.4 87.3 87 86 84.9 84.3 88.2 92.8 94.8 94.9 93.1 88 82.5 78.8 77.3 80.1 82.8 82.6 82.7 82.3 81.8 81.2 80 78.5
-1 -1 -1 -1 -1 -1 -1 -1 -1 -1 -1 -1 -1 -1 -1 -1 -1 -1 -1 -1 -1 -1 -1 -1 5 7.5 5.4 5.3 6.4 8.6 10.5 12.2 13.3 13.5 11.7 9.8 6.9 7.3 7.7 7.5 8 10.6 14.7 18.9 23 26.4 29.1 31.4 31.5 31.6 30.3 29 25.8 21.5 17.4 12.9 10 8.9 8.1 7.4 6.8 8 12.2 17.2 23.4 30.5 38.3 50.8 62.1 71.6 75.8 80.3 83.8 88 90.4 90.9 90.5 90.3 92.4 94.6 96.1 95.7 94.1 90.3 88.6 87.3 87.9 88.7 86.8 85.4 83.8 83.1 82.2 80.9 79.4 78.3
-1 -1 -1 -1 -1 -1 -1 -1 -1 -1 -1 -1 -1 -1 -1 -1 -1 -1 -1 -1 -1 -1 -1 -1 -1 3.6 5.8 5.5 4 3.5 3.5 4.5 6.2 7 6.2 5.4 5.4 5.8 6.6 6.8 6.8 9.2 12.4 15.2 17.9 20.1 21.8 23.4 24 24.2 23.3 22.7 20 16.8 13 9.5 8.1 7.8 7.2 6.6 6 7 10.3 15.8 20.4 26 32.5 38.5 45.4 53.4 62.6 71.9 80.6 83.6 86.3 87.7 87.4 88.4 89.5 91 92 92.5 91.9 90.5 89.4 88.9 88.9 88 86.9 86.2 84.7 83.1 82.2 80.5 79.8 79.2
-1 -1 -1 -1 -1 -1 -1 -1 -1 -1 -1 -1 -1 -1 -1 -1 -1 -1 -1 -1 -1 -1 -1 -1 -1 -1 2.1 4.5 6.6 5.4 3 2.8 2.7 3 3.5 3.5 4.1 4.9 5.7 5.6 5.7 7.7 10.4 12.3 14 15.2 16.4 18.1 18.1 18 17.9 17.4 15 11.9 9.3 7.2 6.6 6.5 6.3 5.7 5.2 6 8.2 12.8 17.7 22.8 27.2 31.7 37.3 43.3 48.7 53.7 59.1 65.8 74.8 79.2 76.1 75.1 84.3 85.4 85.3 85.6 84.8 83.8 83 83.2 83.3 83.5 83.1 82.3 81.6 80.7 79.7 79.4 79.7 79.7
-1 -1 -1 -1 -1 -1 -1 -1 -1 -1 -1 -1 -1 -1 -1 -1 -1 -1 -1 -1 -1 -1 -1 -1 -1 -1 -1 1.5 4.1 7 7.6 3.4 3.2 2.8 2.9 2.7 3 3.5 3.8 3.9 4.9 5.8 7.6 9.5 9.9 10.1 10.7 11.9 12.5 12.8 12.6 11.9 9.8 7.7 6.6 5.5 5.1 5 4.8 4.7 4.5 5 6.2 10 14.9 19.1 23.4 27.9 32.2 36.4 41.2 44.8 48.6 52 55.7 57.4 58.8 60.8 63.6 71.9 78 77.9 77.2 76.1 75.4 74.2 74.8 74.6 75.4 73.7 73 70.8 70.1 68.8 70 73.4
-1 -1 -1 -1 -1 -1 -1 -1 -1 -1 -1 -1 -1 -1 -1 -1 -1 -1 -1 -1 -1 -1 -1 -1 -1 -1 -1 -1 -1 3.3 7 9.7 5.5 2.8 2.9 2.7 2 1.9 2.1 2.6 3.2 4.1 5.2 5.9 6.3 5.4 4.5 5.3 5.5 6 6.5 6.5 5.4 4.9 4.7 4.1 3.9 3.8 3.6 3.6 3.8 4.2 5.4 8 11.7 15.8 19.7 24 28.2 32 35.5 39 42.2 44.7 47.7 50.1 52.5 55.6 58.3 61.1 65.1 66.2 66.6 64.3 63.4 62.2 61.6 61.3 60.4 60 59.6 58.7 57.6 56.9 57.7 60
-1 -1 -1 -1 -1 -1 -1 -1 -1 -1 -1 -1 -1 -1 -1 -1 -1 -1 -1 -1 -1 -1 -1 -1 -1 -1 -1 -1 -1 -1 2.3 6 9.7 7 2.9 2.6 2 1.5 1.8 2.1 2.3 2.5 2.9 3.3 3 2 1.7 1.7 1.5 1.5 2 2.8 3.2 3.3 3.4 3.1 2.9 2.7 2.8 3.2 3.3 3.5 4.8 7.3 9.7 12.5 16.4 20.1 23.6 27.3 30.8 34.1 37.1 39.7 42.4 44.7 47.4 50.5 53.2 56.1 58.4 58.5 58.7 58 57.3 56.2 54.8 55.1 54.1 52.7 52 51.5 51.1 50.8 51.2 52.9
-1 -1 -1 -1 -1 -1 -1 -1 -1 -1 -1 -1 -1 -1 -1 -1 -1 -1 -1 -1 -1 -1 -1 -1 -1 -1 -1 -1 -1 -1 -1 -1 4.5 8.5 10.1 4.7 2.8 2.3 1.7 1.7 2 2.4 2.2 2.6 1.8 1.7 1.6 1.3 1.1 1.4 2 2.4 2.4 2.5 2.6 2.3 2.1 1.9 2.3 2.6 2.7 2.8 4.5 6.4 8.1 10.4 13.4 16.1 19.1 22.6 26.1 29 32 35 37.9 40.3 42.7 45.4 48.3 51.2 52.7 52.8 52.8 51.9 51.2 50.2 49.3 49.3 48.4 47.2 46.3 45.8 45.4 45.1 45.2 45.9
-1 -1 -1 -1 -1 -1 -1 -1 -1 -1 -1 -1 -1 -1 -1 -1 -1 -1 -1 -1 -1 -1 -1 -1 -1 -1 -1 -1 -1 -1 -1 -1 -1 2.7 7.2 10.5 7.4 3.1 2.2 1.6 1.7 2.1 2 1.8 1.4 1.2 1.6 0.9 0.7 1.4 2 2 2.1 1.7 2.1 1.8 1.5 1.3 1.9 2.1 2.2 2.4 3.1 4.6 6.7 8.9 11 13.5 16 18.6 20.8 23.9 26.6 29.7 33 35.5 38 40.7 43.1 45.7 47.2 47.1 46.8 46 45 44.1 43.6 43.4 42.8 41.8 40.8 40.3 40 39.7 39.7 39.6
-1 -1 -1 -1 -1 -1 -1 -1 -1 -1 -1 -1 -1 -1 -1 -1 -1 -1 -1 -1 -1 -1 -1 -1 -1 -1 -1 -1 -1 -1 -1 -1 -1 -1 -1 5.3 9.6 9.3 3.2 1.9 1.9 2 1.9 1.4 1.3 -1 -1 -1 -1 1.4 1.9 1.5 1.7 1.5 1.2 1.3 0.9 1.3 1.6 1.9 2 2 2.4 3.5 5.5 7.5 9.6 12.1 14.1 15.7 17 17.7 20.6 24.6 28.2 31 33.7 36.1 38.8 41.6 42.3 42.1 41.4 40.4 39.5 39.1 39 37.6 36.9 36.3 35.5 35 34.8 34.7 34.5 33.9
-1 -1 -1 -1 -1 -1 -1 -1 -1 -1 -1 -1 -1 -1 -1 -1 -1 -1 -1 -1 -1 -1 -1 -1 -1 -1 -1 -1 -1 -1 -1 -1 -1 -1 -1 -1 3.1 8 7.9 4.9 1.8 -1 -1 -1 -1 -1 -1 -1 -1 1.6 1.3 1 1.3 1.4 1.2 1.2 1.1 1.3 -1 1.7 1.9 1.5 1.5 3.2 4.9 6.6 8.3 9.6 11.2 12.7 14.1 16.4 18.9 22.1 25.3 27.5 30.7 34.3 37.4 40.5 39.4 38.3 37.9 36.7 35.5 34.7 33.8 33 32 31.2 30.7 30.3 30.3 30.1 29.9 29.3
-1 -1 -1 -1 -1 -1 -1 -1 -1 -1 -1 -1 -1 -1 -1 -1 -1 -1 -1 -1 -1 -1 -1 -1 -1 -1 -1 -1 -1 -1 -1 -1 -1 -1 -1 -1 -1 -1 5 9.7 7.5 -1 -1 -1 -1 -1 -1 -1 -1 -1 -1 -1 -1 0.9 0.8 -1 -1 -1 -1 -1 -1 1.5 1 2.5 4.2 5.9 7.1 8.3 9.5 11.5 13.8 16.9 19.7 22.5 25.7 29.1 32.4 35.9 39.5 39.7 39.1 37.7 36.1 34.7 33.4 32.1 30.6 29.3 28.6 27.9 27.2 26.6 26 26.3 26.5 26.6
-1 -1 -1 -1 -1 -1 -1 -1 -1 -1 -1 -1 -1 -1 -1 -1 -1 -1 -1 -1 -1 -1 -1 -1 -1 -1 -1 -1 -1 -1 -1 -1 -1 -1 -1 -1 -1 -1 -1 4.3 7.4 10.1 -1 -1 -1 -1 -1 -1 -1 -1 -1 -1 -1 -0.9 -1 -1 -1 -1 -1 -1 -1 -1 1.6 2.1 3.5 4.9 6 7.4 9.3 11.6 14.7 18.2 21.1 23.7 28.3 32.1 34.9 38.3 40.6 41.2 40.1 38 36.2 34.4 33.1 31.6 30.1 28.7 27.4 26.1 25.1 24.3 24 24.3 24.3 24.3
-1 -1 -1 -1 -1 -1 -1 -1 -1 -1 -1 -1 -1 -1 -1 -1 -1 -1 -1 -1 -1 -1 -1 -1 -1 -1 -1 -1 -1 -1 -1 -1 -1 -1 -1 -1 -1 -1 -1 -1 2.5 7.3 10.9 -1 -1 -1 -1 -1 -1 -1 -1 -1 -1 -1 -1 -1 -1 -1 -1 -1 -1 -1 1.7 1.9 3.3 4.2 5.8 7.2 9.3 12.3 15.4 18.2 21.7 24.9 29.5 34.8 37.6 40.4 41.6 42.1 41 38.6 36.2 34.5 32.8 31.2 29.8 28.4 27.1 25.7 24.5 23.3 22.2 22.4 22.1 22
-1 -1 -1 -1 -1 -1 -1 -1 -1 -1 -1 -1 -1 -1 -1 -1 -1 -1 -1 -1 -1 -1 -1 -1 -1 -1 -1 -1 -1 -1 -1 -1 -1 -1 -1 -1 -1 -1 -1 -1 -1 -1 5.4 9.4 8.8 -1 -1 -1 -1 -1 -1 -1 -1 -1 -1 -1 -1 -1 -1 -1 -1 -1 1.7 1.8 3.3 5.3 6.7 8.5 10.6 13.6 15.8 17.9 21.3 25.5 29.8 34.3 37.9 40.2 42 41.8 40.5 38.7 36.7 34.6 32.7 30.8 29.4 28 26.7 25.3 24 22.8 21.3 20.4 20.1 19.9
-1 -1 -1 -1 -1 -1 -1 -1 -1 -1 -1 -1 -1 -1 -1 -1 -1 -1 -1 -1 -1 -1 -1 -1 -1 -1 -1 -1 -1 -1 -1 -1 -1 -1 -1 -1 -1 -1 -1 -1 -1 -1 -1 4 8.8 9.4 -1 -1 -1 -1 -1 -1 -1 -1 -1 -1 -1 -1 -1 -1 -1 -1 2 2.5 4.4 6.4 7.7 9.9 13 15.8 18.3 19.8 21.5 24.9 29 33.3 37 39.5 40.9 41.3 40.1 38.3 36.5 34.7 32.8 30.8 29 27.8 26.9 25.5 24 23 22 20.9 20.3 20.3
-1 -1 -1 -1 -1 -1 -1 -1 -1 -1 -1 -1 -1 -1 -1 -1 -1 -1 -1 -1 -1 -1 -1 -1 -1 -1 -1 -1 -1 -1 -1 -1 -1 -1 -1 -1 -1 -1 -1 -1 -1 -1 -1 -1 -1 7.3 10.2 5.7 -1 -1 -1 -1 -1 -1 -1 -1 -1 -1 -1 -1 -1 2.6 3.4 4.4 5.4 7.5 9 11.6 15.1 18 20.9 23.1 25.7 28.3 30.7 33.7 37 40 41.5 41.9 40.5 38.7 37.2 35.7 33.8 31.7 30 29.2 28.3 26.9 25.3 24.2 23.2 22.3 21.3 20.5
-1 -1 -1 -1 -1 -1 -1 -1 -1 -1 -1 -1 -1 -1 -1 -1 -1 -1 -1 -1 -1 -1 -1 -1 -1 -1 -1 -1 -1 -1 -1 -1 -1 -1 -1 -1 -1 -1 -1 -1 -1 -1 -1 -1 -1 -1 5.7 9.3 7.3 -1 -1 -1 -1 -1 -1 -1 -1 -1 -1 -1 4.6 7.1 7.3 8.6 9.7 11 12.5 14.6 17.7 20.3 23.2 26.3 29.5 32.4 35.1 37.7 40.1 41.9 43.1 43.6 41.7 40 38.3 36.6 34.8 32.7 31.3 30.5 29.7 28.2 26.6 25.4 24.6 23.6 22.5 20.9
-1 -1 -1 -1 -1 -1 -1 -1 -1 -1 -1 -1 -1 -1 -1 -1 -1 -1 -1 -1 -1 -1 -1 -1 -1 -1 -1 -1 -1 -1 -1 -1 -1 -1 -1 -1 -1 -1 -1 -1 -1 -1 -1 -1 -1 -1 -1 3.5 8 8.7 -1 -1 -1 -1 -1 -1 -1 -1 6.6 10.9 14.4 16 16.5 17.9 19.5 20.3 21.5 22.7 23.2 23.1 25.2 28.4 32.8 35.8 38 39.7 41.8 43.8 44.6 43.6 41.8 39.9 38.2 36.6 35.1 33.7 32.6 31.6 31 29.8 28.1 26.7 25.8 24.6 23.3 21.5
-1 -1 -1 -1 -1 -1 -1 -1 -1 -1 -1 -1 -1 -1 -1 -1 -1 -1 -1 -1 -1 -1 -1 -1 -1 -1 -1 -1 -1 -1 -1 -1 -1 -1 -1 -1 -1 -1 -1 -1 -1 -1 -1 -1 -1 -1 -1 -1 -1 5.6 8.7 5.6 -1 -1 -1 -1 -1 -1 5.6 11.2 17.1 21.9 25.6 28.6 30.2 31.4 32.6 32.9 33.1 32.2 31.4 31.5 33.8 36.8 39.4 41.4 43.2 44.5 44.7 43.7 42 40 38.2 36.6 35 33.6 33.4 33 32.4 31.7 30.5 29.6 27.9 25.6 23.9 22.4
-1 -1 -1 -1 -1 -1 -1 -1 -1 -1 -1 -1 -1 -1 -1 -1 -1 -1 -1 -1 -1 -1 -1 -1 -1 -1 -1 -1 -1 -1 -1 -1 -1 -1 -1 -1 -1 -1 -1 -1 -1 -1 -1 -1 -1 -1 -1 -1 -1 -1 4.3 8 7.2 -1 -1 -1 -1 -1 -1 7.4 12.8 18.2 22.1 27.9 33 37.6 40.4 41.9 42 41.8 41 40.1 39.8 40.3 41 43.1 45.3 46.1 45.5 44.5 42.9 41.3 40.1 38.9 36.9 35.9 34.9 34.6 34.5 34.4 33.4 32.3 30.8 29.3 27.8 26.3
-1 -1 -1 -1 -1 -1 -1 -1 -1 -1 -1 -1 -1 -1 -1 -1 -1 -1 -1 -1 -1 -1 -1 -1 -1 -1 -1 -1 -1 -1 -1 -1 -1 -1 -1 -1 -1 -1 -1 -1 -1 -1 -1 -1 -1 -1 -1 -1 -1 -1 -1 3.2 7.3 8.4 -1 -1 -1 -1 -1 -1 7.3 12.1 16.3 21.1 26.8 32.5 37.8 42.4 46.4 48.6 46.9 46.3 46.2 45.9 45.6 46.6 49.4 50.8 49.8 48.4 47.9 47.9 48.9 47.9 45.5 43.9 42.6 41 40.9 40.2 38.9 37.3 35.9 35 33.5 31.5
-1 -1 -1 -1 -1 -1 -1 -1 -1 -1 -1 -1 -1 -1 -1 -1 -1 -1 -1 -1 -1 -1 -1 -1 -1 -1 -1 -1 -1 -1 -1 -1 -1 -1 -1 -1 -1 -1 -1 -1 -1 -1 -1 -1 -1 -1 -1 -1 -1 -1 -1 -1 -1 6.5 10.3 6 -1 -1 -1 -1 -1 6.2 10.4 14.3 18.9 24.5 29.3 33.6 37.9 41.3 42.6 43.2 45.7 47.7 48.9 50.3 53.1 54.2 52.3 50.2 49 49.9 51.1 51 50.9 50.8 50.8 50.5 50.2 49.2 47.7 45.7 43.1 41.8 39.9 37.6
