app/static/ascii/SY59.asc
ncols 200
nrows 200
xllcorner 350000
yllcorner 90000
cellsize 50
[rows 108 to 143 of 200, columns 80 to 159 of 200]
231.7 236.4 243.3 244.1 244.8 246.1 242.6 245.5 245.4 246.7 246.9 247.6 246.6 244.9 242.7 236.9 227.9 214.8 204.2 194.6 190.1 187.9 187.5 187.3 186 183.5 182.2 179.7 178.7 176.1 173.1 170 168.6 165.3 162.6 158.5 158.3 158.7 161.2 165.5 171.7 174.2 172.5 171 169.6 168.6 164.7 158.7 151.9 146.1 151.2 157.9 166.2 171.6 178.1 185.6 190.7 194.5 196.5 196.8 196.2 193.8 190.3 185.1 177.3 169.8 163.9 154 143.8 143.2 150.9 162.5 180.7 191.7 196 198.4 199.1 198.8 196.5 194.1
220.7 229.8 233.8 237.5 240.7 239 239 240.8 243.3 246 248.1 249.2 249.9 247.6 244.9 239.7 230.3 219 207.3 196.2 188.3 184.9 183.9 182.7 181.8 180.6 179.1 175.7 173.9 169.5 164.7 162.4 161.1 160.9 160.8 162 164.8 169.4 175.1 183.8 184.8 183.8 178 173.4 170.2 168.8 165.3 159.8 155.2 147.6 157.4 158.6 162.6 171.4 180.4 188.8 193.6 197 198.9 199.3 198.4 196.6 193.6 188.3 180.4 171.8 165 155.7 146 144.3 153.4 165.3 186.7 194.4 198.8 200.3 199.5 198.4 196.2 192.8
207.1 208.8 210.6 220 223.7 218 217.1 224.8 237.5 242.8 246.6 249.7 250.9 249.4 247 242.6 235.2 225.5 212.9 198.8 190.9 185 181.6 179.1 177 177.7 174.3 170.2 168.2 166.4 168.4 165.5 161.9 161.7 166.5 171.7 177.5 184 192.7 193.4 192 185.7 177.9 172.8 169.8 167.1 164 158.6 154.7 152.9 162 166.5 166.8 171.3 182.4 191.2 196.4 199.5 201.4 201.4 201.1 198.4 195.3 190.5 183 173.4 165.3 156 145.3 146.7 156.8 168.5 187.5 198.3 201.4 202 201.1 198.1 195.3 190.9
196.3 196.2 196 193.8 193.7 192.5 189.1 205.2 227.1 237.6 243.6 248.1 251.1 251 248.9 245.1 239.3 230.6 220.5 207.6 196.6 187.9 183.9 179.5 174.3 172.3 170.7 171.6 176.9 176.6 175.8 171.4 164.7 170.2 176.9 184.2 195.1 197 198.3 196.8 191.9 184.8 176.8 170.4 166.2 163 160.6 155.6 151 156.7 164.2 172.1 174 173.1 182.1 192.6 198.3 201.8 203.1 203.3 202.5 200 196.2 190.6 182.4 172.7 164.4 155.3 145 150.1 159.2 171 189.9 200.1 203.8 203.4 201.5 196.9 193.8 188
189.9 189.6 190.3 183.7 173.9 171.4 173.6 192.9 208.7 228 240.3 245.9 249.6 251.3 250 246.7 242.1 235.4 228.1 217.2 204.1 197 190.2 182.2 177.4 175.4 177 181.4 182.1 180 172.3 167.8 168 177.3 187.6 197.6 202.3 203 200.5 196.1 188.9 180.4 175.3 170.2 167.2 162.4 159.8 154.4 149.9 154.8 168 178.4 184.7 180.1 182.8 194 200.2 203.5 204.8 204.9 203.4 200.1 196.4 189.5 179.3 169.8 163.7 154.3 146.6 151.8 161.3 174.8 194.2 203.1 205.6 204.8 201.4 196 191.7 184.1
181.7 181.6 180 177.7 171.8 160 166.6 175.9 188.6 214.2 235.7 243.7 248.6 251.3 251.1 248.6 245 239 233.6 224.7 216.9 212.1 203.1 197 192.5 195.9 196.4 194.1 188.9 178.7 171.1 169.9 174.1 188.5 200.4 206.1 207.4 205.9 201 193.9 186.4 180.7 177.8 172.6 170.1 166 160.8 153.5 149.9 159.8 171.5 185.2 190.5 187 186.1 196.4 202.1 205.2 206.7 206 203.7 199.7 194.4 186.7 175.4 167.2 162.5 155.1 148.4 151.2 161.6 175.4 193.8 204.1 206.8 205.8 201.2 195.8 189.4 181.3
172.2 169.8 166.7 163.7 159.5 155.9 158 167.4 184.2 209 233.7 242.2 247.8 250.9 252.2 250.8 247.8 243.5 239 233.5 230.7 226.9 221 217.2 213.7 211.8 208.4 201.3 188.8 176.4 172.8 175.2 186.2 200.5 208.3 212.1 212 208 200.7 194 188.8 185.7 182.3 177.8 171.7 166 160.6 152.5 152.7 164.9 179.1 190.5 194.9 193.2 191.8 199.5 204.9 207.2 207.7 206.8 203.8 198.8 191.8 180.3 170.3 165.3 163 157.5 149.8 151.3 161 174.3 193.6 206.2 208.3 205.5 201 194.5 185.6 175.8
164 162.1 159 157.2 155.5 152.2 155.7 171.9 191.6 214.9 231.8 240.9 246.4 250.7 252.2 252 250.2 247.5 244 240.8 238.3 234.5 231 228.4 226 221.9 216.3 207.2 190.9 177.4 177.7 184.5 198.9 210.4 215 216.7 214.9 211.2 204.4 198.9 194.9 189.3 182.8 174.6 167.9 162.5 159.8 152.1 157.5 167.7 183.4 194.9 198.2 199.6 198.2 203.1 206.9 208.3 209.4 207.4 204.6 198.1 189.5 174.3 168.4 164.1 161.6 156.5 148.8 155.2 164.5 176.7 197.2 208.2 209.4 205.9 200.5 192.9 182.2 174.8
157.7 152.6 148.4 149.9 152.1 146.9 153.2 165 182.4 208.5 230.1 239.6 245.7 250 252.1 252.6 251.4 249.8 247.8 245.3 242.8 240.8 238.4 235.8 232.4 227.8 221.8 211.3 191.6 182.2 186.3 198.1 212.4 217.6 220 220.8 218.5 214.5 209.7 203.1 196.3 189.5 182.9 172.8 166.4 161.4 158.9 153.3 161.6 171.2 189.1 198.4 202.4 204.5 205.9 206.5 208.8 210.1 210.5 208.7 204.8 197.5 188.6 173.6 167.3 163.8 161 154.3 153.4 159.8 170.4 184.8 207.1 211 210.9 206.9 200.7 192.3 181.2 185
151.7 145.3 142.5 145.6 147.9 143.7 150.6 166.5 188.1 215.7 230 239 245 249.2 251.7 252.9 252.4 251.6 250.7 248.6 246.8 245.1 243.2 240.2 237.4 232.6 226.8 214.5 198.5 198.4 204.2 214.1 220.2 223.9 224.7 223.9 221.2 217.8 213.3 206 196.7 189.9 180.7 171.3 162.2 158.3 155.8 156.4 162.4 176.4 194.2 202 207.1 209.8 210.9 211.3 212.4 212.5 211 207.9 204.8 198.9 189.9 176.6 168.2 163.3 159.5 155.3 158.9 165.7 177.3 197 210.9 213.2 212 208 202.8 194.5 187 191.1
145 141 140 143.1 142.6 143 151.5 172.1 191.9 217.1 230.2 237.8 244.2 248.2 250.7 252.6 252.8 252.1 251.4 250.6 248.9 247.2 245.7 244 240.8 237 232.3 223.3 215.9 217.4 220.1 223.3 226.9 228.1 228 226.3 223.5 220.1 214.2 205.3 196.4 187.5 176 165.6 161 158.6 157.2 157.6 162.7 178.3 194.7 205.4 210.9 212.9 214 214.6 214.7 213.9 211.9 208.9 204.9 198.7 189.5 177.8 167.6 161.3 158.7 160.2 166 173.6 191.9 209.4 214.1 215.4 214 209.9 204.7 200.6 193.6 196.7
140 138.8 139.4 139.7 139.9 143.5 159.1 180.4 203.7 220.3 230.7 237.3 242.9 246.7 249.2 251.6 252.4 252.6 251.9 251.3 250 248.3 246.7 245 243.2 240.3 236.5 232.8 230 228.4 229.3 230.1 231.3 231.5 230.1 228 224.6 220 213 202.8 192.5 182.5 169.7 163.4 161.6 161.5 161.6 160 161.8 173.1 191.4 205.6 212.3 215.4 216.4 216.7 216.3 214.9 213.4 209.6 205.1 197.3 187.5 173.8 165.5 163.6 164.8 165.5 171.6 188.4 208.4 213 216.8 217 215.8 212.5 208.4 205.2 202.2 202
136.6 137 135.1 136.3 141.1 156.3 175.3 195.5 211.3 223.4 229.4 236.4 240.3 243.5 246.7 249.3 251.5 251.9 251.8 251 250 248.5 247.3 245.7 244.3 242.3 239.7 237.6 235.7 234.4 234.3 234.4 234.4 233.7 231.9 228.8 224.5 218.2 208.8 197.8 186.4 174.4 167.3 164.8 169.3 170.5 169.1 166.1 162.6 169.1 185.2 205.4 213.7 216.9 217.5 217.6 217.1 215.6 213.2 209.4 203.4 194.4 178.4 170.5 168.3 176.6 178.8 175.1 187.5 204.3 211.1 216.5 218 217.9 217.2 215.1 212.3 209.8 207.9 207.6
134.3 131.3 133.3 139.6 152.6 172.5 192.2 206.2 216.7 224.1 229 231.1 233 237.7 242.2 246 249 250.3 250.7 249.7 248.7 247.9 246.7 245.3 244 243.1 241.4 239.7 238.6 238.1 237.5 236.9 235.8 234.7 233 228.9 223.5 213 199.2 188.7 177.9 171.8 168.9 173.8 180.6 180.9 176.3 171.4 165.4 168.3 182.8 205.5 214.2 217.6 218.3 218.3 217.6 215.7 212.5 208.1 199.9 187.9 175.8 173.7 181.5 189.5 191.5 187.7 198.4 207.4 214.8 217.8 218.3 218.4 218 216.7 215 213.8 211.9 210.4
129 132.8 137.9 149 169.9 186.1 202 210.8 218 221.2 219.5 213.8 213.6 227 235.1 241.8 245.7 247.4 248.2 247.7 246.9 245.5 244.6 243.7 243.1 242.5 241.9 241.3 240.4 239.5 238.7 237.8 236.6 235.4 232.9 228.9 222 212.2 192.7 181.1 175.3 174 179.6 188 192.6 188.8 179.9 173.5 168.2 170.9 185.7 205.9 214.4 217.9 219 218.7 217.9 215.1 210.7 203.9 194.9 180.9 178.9 189.5 197.8 201.6 201.9 200.6 205.8 212.1 216.5 218.4 218.4 218.4 218.4 217.5 216.7 215.7 214.6 213.2
134.2 140.4 149.6 169 184.8 199.8 209 214.5 215.1 207 197.6 189.2 190.7 204.2 226.6 237 242.4 244.8 245.2 244.1 242.5 241.2 240.5 240.9 241.7 241.7 241.2 241.1 240.2 240.1 239.6 238.6 237.7 235.5 232.3 228.4 221.7 208.5 189.8 180.8 181.7 187.5 197.7 201.9 199.6 193.7 182.7 173.8 172 174.2 188.6 206.1 214 214.8 219.6 219.7 218.7 216 209.6 201.2 190.3 189 195.8 203 206.3 208.2 209.2 211.2 212.9 215.5 217.3 218.7 218.6 218.3 217.8 217.6 217.1 216.5 215.7 214.4
144.9 152.9 167 182.9 201.2 207.8 212.9 211.3 203.8 190 181.2 171.6 178.3 200.3 224.3 233.1 238.9 241.5 241.4 239.3 236.9 234.2 232.7 234.6 237.2 239.1 240.3 240.6 240.2 240.2 240 239.4 238 236 232.6 227.8 221.7 204.6 188.9 191.6 199.1 207 208.9 207.9 203.9 196.4 180.7 179.4 180.5 181.1 190.4 205.9 214.3 217.7 220.1 220.7 219.4 216.9 210.6 204.2 201.9 201.4 205.4 208.1 211.2 213.9 214.8 215.7 216.7 217.8 218.7 218.6 217.5 217.1 216.8 216.6 216.8 216.4 215.8 215.1
156.2 172.2 187.9 195.4 209.9 212.2 210.1 204 188.9 175.3 162.1 163 180.6 202.7 220.9 229.4 234.5 236.9 236.3 233.1 228.4 221 215.1 228.5 232.8 235.9 237.9 239.3 239.8 240.1 240 239.4 238.2 236 232.5 227.5 218.7 203.8 203.8 210.9 213.3 214.8 214.1 211.5 207.1 197.5 187.1 193.7 194.2 195.7 198.9 206.7 215.6 220 221.6 222.2 220.6 219.1 214.2 212.7 211.2 209.4 212 213.9 215.1 216.8 217.7 218.4 219 219.3 219.5 218.7 217 215.6 214.6 215 215.2 215.6 215.6 214.9
182.3 196 205.7 210.4 212.2 211 204.4 190.6 176 162.7 153.5 163.6 181.4 202.3 217.8 225.7 230.8 232.8 230.3 221.6 208.4 198.1 201.2 220.5 228.7 232.8 234.9 236.7 238.1 238.9 239.3 239.6 238 235.8 232.1 226.1 217.5 211.3 216.7 218.2 219.4 219.3 218 214.6 209.8 201.7 199 204 204.6 206.2 209.1 213.3 218.1 221.4 222.9 223.2 222.7 221 218.8 218 216.7 215.3 216.7 217.2 218.2 218.8 219.4 220 220.3 220 219.4 218.3 215.2 213.4 211.7 212.9 213.7 214.5 215.1 214.8
203.7 208.8 210.6 212.9 211.3 207.1 197 181.9 166.5 151.5 151 163.4 180.6 202.1 213.7 222.3 227.2 228 223 205.3 189.6 183.8 200.1 217.9 225.6 229.2 232 234 235.9 237.8 238.4 238.8 237.8 235.4 231.5 226.3 222.1 221.8 222.6 222.9 222.9 221.8 220 218.1 213.5 207.9 207.9 211.1 211.5 212.6 214.9 217.8 221.2 223.2 224.2 224.5 223.9 222.6 221.3 220.3 219.4 218.5 217.8 217.9 218.8 219.6 220.7 220.8 220.3 219.9 218.9 216.8 213.7 209.7 206.7 207.2 209.3 212.7 214 214.9
209.7 212.1 212.5 211.1 207.3 200.3 187.2 174 158.5 146.7 148.7 162.3 179 202.9 211.4 218.7 223.5 223.7 213.8 194.7 176.8 180.5 200.8 216.1 221.4 224.8 227.7 231.1 233.4 235.1 236.9 237.6 236.8 234.8 232.5 229.8 227.7 226 225.5 225 225 224 222.1 220.4 217.6 214.7 214.5 215.3 216.6 218.3 219.5 221 223 224.2 225.2 225.1 224.5 223.6 221.6 220.5 219.7 218.9 218.6 218.5 219.2 219.3 220.3 220.3 220.2 219.5 218.1 216.2 212.9 208.9 203.3 203.6 206 209.8 212 214
211.5 211.2 209.3 206.1 200.6 190.7 177.1 163 149.9 142.1 146.9 161.3 177.9 198.8 208.7 215.3 219.4 219.2 207.4 187 168.7 173.3 193.9 211 215.4 218.6 222.6 225.9 229.5 232.8 234.9 235.9 235.8 233.8 232.1 230.6 228.6 227.5 226.2 225.3 225.5 224.9 223.6 222 220.4 217.8 217.8 218.4 219.2 220.2 221.3 222.6 224 224.7 225.3 225 224.4 223.4 221.6 220.6 219.9 219.3 218.8 218.8 218.9 219 219.5 219.5 219.6 219 217.6 215.2 211.7 206.4 202 199.5 202.5 207.1 210.5 212.6
208.1 206.2 202.6 198.1 189.8 178 163.8 152.2 140.1 138.3 146.5 156.9 173.9 194.5 206.1 212.8 216.4 215.7 205.8 183.5 166.2 165 181.4 200.9 204.6 207.7 214.1 218.8 223.5 230.2 232.9 234.2 234.5 233.1 231.5 230.1 228.1 225.9 225.4 225.4 225.3 224.8 224.2 222.7 221.1 220 219.4 219.9 219.8 220.7 221.9 223.2 224.2 225.1 224.9 224.7 224.2 222.9 221 219.2 218.6 217.5 217.5 217.5 218.3 218.8 218.8 218.9 219 218.2 216.7 214.2 210.4 203.8 199 196 199.1 203.8 208.2 211.3
202.7 199.9 195 186.9 174.7 162.5 150.7 139.4 134 140.1 147.7 157.9 173.3 193.5 204.2 211.1 214.1 212.6 205.1 183.3 165.6 158.3 168.5 179.9 183.8 190.3 199.3 203.8 217.7 226.1 230.2 232.3 232.4 232.4 230.4 228.4 226.5 224.7 224.2 224.5 224.3 224.2 223.7 222.7 221.2 220.5 219.9 219.7 219.7 220.5 221.7 222.9 223.9 224.7 224.5 224.2 223.8 222.3 220.2 217.8 215.4 215 214.9 215.2 216.6 217.3 217.9 218 218.2 217.1 215.6 213.3 209.5 203 197.9 194.7 197.4 200.4 204.4 209
196.2 190.5 182.1 169.8 159.2 146.1 137.4 129.7 133.9 143.1 151 162.4 179.9 196 204.9 210.9 213.5 210.6 203.7 185.3 167.7 153.1 156.7 164.7 166.8 173 180.3 194.6 215.5 223.9 228 230.6 231.2 230.7 228.8 225.6 222.7 221.5 222.1 222.7 222.6 222.4 222.5 221.9 221.2 219.9 218.4 218.4 218.4 219.8 220.8 221.9 222.9 223.5 223.6 223.3 222.8 220.8 217.9 214.3 211.3 209.7 210 211.5 213.2 214.9 215.7 216.7 217 216.2 214.6 212.3 208.9 203.5 198 195.5 195.6 197.9 201.9 205
187.9 177.9 165.2 153.2 142.7 132.8 125.9 128.6 138.2 144.4 153.5 166.7 186.4 199.1 205.9 211.1 212.3 208.6 201.7 184.3 166.4 151.5 149.9 155.9 160.5 168.6 182.6 200.8 215.4 222.7 226.2 228.6 229.5 228.9 226.9 224 219.2 218 219.5 220.4 220.8 220.7 220.9 220.5 219.8 218.3 216.5 215.1 215.8 217.2 218.9 220.2 221.5 222.1 222.6 222.3 222 220.1 216.9 212.4 208.1 204.7 205.2 207.2 208.7 210.6 213.3 214.6 214.8 215 213.1 211 208.7 203.7 199.6 193 190 192.6 197 200.4
178 161.6 146.9 140 130.4 122.7 127 134 141.3 148.3 158.4 171.7 192 201.3 208.3 211.8 211.6 206.8 199.6 179.5 162.8 148.1 148.2 158.2 166.5 176.3 192.5 207.9 216 221.5 224.9 226.6 227 227.5 225.4 222.4 216.5 212.8 216 217.9 218.4 218.7 219.1 219.1 218 216.3 213.5 211.8 212.8 214.5 216.1 218 219.6 220.6 221.2 221.4 221.1 218.9 217.4 213.9 209.6 203.4 200.2 201.1 204.5 206.8 209.1 211.3 212.2 211.8 210.8 209.7 207.7 203.4 200.2 193.1 188.6 188.8 192.3 196.4
167.5 149.4 136.5 126.3 119 122.4 130.4 138.9 145.2 155.5 165.7 183.4 196.7 204.5 209.8 212.6 211.3 205.9 196.5 174.7 157.6 144.6 149.6 161.7 173 187.2 198.8 208.6 215.2 219.9 223.3 225.1 225.4 225.7 224.3 221.8 217.7 211.1 211.6 214.3 215.8 216.4 217.2 217.5 216.2 214.9 211.5 207.9 209.1 211.1 213.2 214.8 217.2 218.7 219.8 220.3 220.1 219.1 217.8 215.2 211.1 205.9 200.4 196.9 200 203.4 206.4 208.2 209.5 209.6 208.6 208.4 205.6 202.8 199.5 193.6 187.2 181 189.2 192.9
155.4 139.3 125.8 116.5 117.8 127.9 136.8 143.3 152.5 162.3 177.4 192 200.9 207.1 210.8 212.9 210.7 204.3 191.7 169 152.4 141.8 150.1 162.3 177.8 190.6 200.3 207.7 213.6 218.5 221.9 223.3 224.2 224.4 223.2 220.8 217.5 210.9 208.5 210.8 212.7 214 215.4 215.9 215.2 213.9 211.1 206.9 204.5 206.8 208.5 211.2 214.1 216.5 217.8 218.9 219.2 218.6 217.4 215.6 211.2 207.3 202.8 196.8 195.5 199.8 203.4 205.2 205.9 205.9 206.1 206.6 204.3 202.3 199.7 193.7 185.2 178.4 181.3 188.8
148.2 131.2 118.1 118.2 124.5 133.8 139.8 148.9 159.3 173.8 188.5 197.5 204.6 209.2 211.8 212.6 210 202.6 184.5 164.3 147.8 140 147.6 158.7 175.2 187.3 197.2 205.1 211.4 216.7 220.3 221.5 222.8 222.9 221.7 219.7 216.3 211.6 206.5 206.3 209.3 211.3 213.3 214.4 214.2 212.8 210.3 206.1 202.7 202.6 204.7 207.3 210 213.2 215.7 217 217.7 217.4 216.4 214.8 211.7 206.6 202.3 197.7 190.8 195.8 200 202 202.1 202.3 203 203.4 202.4 201 197.9 193.1 186.6 178.4 177 184.7
136.8 121.5 112.2 113.8 126 135 142.6 154.6 170 184.7 193 201 206.7 210.5 212.5 212.3 209.2 201.6 186.5 163.9 149.4 138.5 140.1 149.3 161.2 172.8 190.6 201.3 208.9 214.9 218.6 220.3 221.3 221.5 220.5 218.2 215.6 210.9 207.1 202.4 205.5 209.1 211.1 212.4 212.8 211.7 209.2 205.9 203.6 201.5 200.6 203 206.5 210.2 213.7 215 216.3 216 215.2 213.3 210.5 206.9 201.8 198 190.1 191.2 195 198.9 199.9 199.7 200.9 200.1 199 197.1 194.5 191.5 186.6 179.4 171.7 181.1
130 116.4 109.1 114.8 127.1 135.6 147.3 164.4 179.7 189.5 196.6 202.8 207.8 210.7 212.2 212.1 209.1 202 192.1 173.5 158.5 144.8 136.5 140.2 148.4 160.7 177.2 198.1 206.2 212.9 216.9 219.1 220 220.4 219.4 217 214.5 210.3 205.4 200.6 201.9 206.6 208.9 210.2 211 210.3 208.6 206.3 203.8 201.3 198.6 200.3 203.5 207.3 211.3 213.2 214.8 214.6 214 211.7 209.5 206.6 202 198 191.3 187.1 189.2 194.3 195.8 196.3 196.3 195.8 194.9 192.4 191 187.8 184.8 179.3 170.2 175.4
125 111.1 108.3 116.6 128 136.7 152 170.7 182.4 191.9 198.1 203.1 207.8 209.9 211.2 211 208.6 202.9 194.2 181.1 161.1 147.5 136 137.7 145 155.5 172.5 195.9 204.8 211.2 215.5 217.9 218.6 219.3 217.9 215.8 213.3 209.6 204.9 200.1 198.5 203.6 206.7 208 208.8 208.6 207.5 205.8 203.3 200.5 197.4 196.5 199.5 204.6 209.5 211.2 213 213 212.4 210.9 207.9 204.8 201.7 198 193.6 188.7 184.6 187.3 190.1 191.3 190.5 189.8 189.7 188.4 186.6 184.7 182.6 178.7 170.1 170.6
118.1 107 108.6 117.6 130.6 140.7 157 172.3 182.9 191 197.3 201.9 206.4 208.4 209.4 209.4 207.3 201.9 194.1 182.1 162.3 146 135.9 137.1 144.7 153.8 171.6 194.1 202.7 209.8 213.7 216.1 217.2 217.7 216.6 214.7 212.2 208.7 202.8 197.7 196.9 201.9 204.3 205.9 206.6 206.4 206 205 202.2 198.6 195.6 192.6 195.6 202.2 208 210 211.8 211.3 210.6 208.8 205.4 202.1 200.6 197.3 194.3 190.6 185 181.1 183.8 186.4 186.2 185.6 184.3 183.8 183.9 182.8 180.6 177 170.7 165.3
112.4 104.9 109.2 119.5 129.8 143.7 157.4 168.6 178.5 186.4 193.1 198.1 203 205.7 207.3 207.2 205.1 200.2 191.9 178.2 158.8 143.6 136.4 137.3 145.5 153.9 172.9 193.2 201.4 207.1 211.6 214.1 215.6 216.2 215.9 214 211.6 208.1 202.1 196.4 194.9 199 201.4 203.1 203.7 203.6 203.2 202.6 200.5 197.1 192.9 189.1 194.1 201.5 205.8 208.3 210.4 209.1 208.3 205.1 203.2 199.8 198.5 195.7 192.9 191 188 182.4 179.2 180.9 180.6 179.5 178.7 178.6 178.4 176.3 175.7 173.9 169.9 163.7
107.9 101.6 109.4 120.8 126.4 135.9 141.2 153 162.6 172.1 182.6 190.9 197.9 202.3 204.2 204.6 203.2 198.3 189.4 169.3 152.6 139.3 132.3 135.6 145.9 156.2 177.5 191.9 199.6 205.2 208.9 211.5 213.4 214.4 214.7 213.4 211.2 208.1 202.9 197.2 191.5 195 197.9 199.7 200.6 200.8 200.5 200.2 198.1 195.5 191 186.2 193.4 200.4 203.5 205.8 208.5 207.5 205 202.1 200.1 197 195.1 193.4 191 189.7 186.8 182.8 180.5 177.3 173.9 172.7 172 169.9 167.6 167 167.9 168.1 166.1 161.8
