app/static/ascii/SY69.asc
ncols 200
nrows 200
xllcorner 360000
yllcorner 90000
cellsize 50
[rows 144 to 179 of 200, columns 0 to 80 of 200]
115 113.7 114.7 119.4 132.5 145.5 155.2 159.7 160.7 158.6 155.1 149.5 143.7 129.5 124.5 141.4 152.6 156.5 157.3 154.7 149.7 143.5 135.7 139.8 150.5 160.9 168.3 170.9 170.5 169.9 169.1 166 161.7 156.9 151.8 146.4 141.2 133.3 129.5 133.7 136.3 137.8 138.5 137.9 136.3 134.9 132.4 129.7 126.3 120.1 113.2 106.2 105.6 115.4 119.8 119.7 115 109.7 106.8 109.5 119.3 128.7 132.6 134.5 133.8 131.7 128.7 124.1 120.1 119.4 121.3 123.4 123.7 122.8 121 118.6 115.6 111.9 107.7 101.3 95.6
117 115.2 116.3 121.5 133.8 151 159 162.7 162.6 160.2 155.9 150.9 143.2 129.2 129.8 145.7 153.9 157.8 159.2 157 152 146.4 137.9 139.4 150 161.2 168.6 170.8 170.7 170.3 169.1 165.8 160.1 154.9 149.8 144.7 138 133.8 137.1 140.2 140.8 140.6 140 138.5 136.3 133.7 131.2 128.1 124.6 120 113.4 105.7 107.7 118.2 122.5 123.7 121.1 117.2 112.1 108.4 111.1 121.7 130.4 133.2 133.5 133.2 130.8 128.2 125 125 125.9 125.7 125.5 123.2 120.9 117.6 113.8 109.3 104 98.6 100.5
118.8 116.7 117 123.7 136.8 155.3 162.7 165.1 164.7 161.5 156.8 150.7 142.4 129.6 134.9 149.5 156.5 160 161.4 159.2 154.3 149.6 143.1 139.4 149.3 160.6 168.7 171.4 171.5 171 169 165 160.9 154 147.2 141.7 139.8 141.8 143.4 144 143.7 142.4 140.5 137.4 135.2 132.6 129.7 125.6 122 117.5 112.6 105.3 111.4 120.4 124.8 127 126.2 123.7 118.9 114.3 109.6 113.6 125.1 130.5 133.7 133.9 134 132 130.4 129.2 128.1 126.5 124.3 121.4 118.8 114.2 109.9 105.3 102.7 105.3 109.4
121 118.4 118.3 127.3 145.5 158.7 165.6 167.3 166.5 163.5 158.2 151.5 142.1 132.3 139.9 152 159.9 162.9 164.2 163.1 159.2 154.5 148.2 143 149.9 160 168.4 171.4 171.1 171.4 168.9 164.5 159.7 153.9 147.7 146.1 147.4 148.2 147.4 146.1 144.5 142.2 139.8 136.5 133.7 131.1 127.4 123.1 118.7 114.2 109.4 106 114.7 122.6 127.9 130.3 129.9 128.2 124.9 120.4 115.5 111.6 116.8 127.8 132.7 134.2 135.6 135.2 133.6 132.8 130.4 126.3 123.2 119.7 116.5 112.4 108.4 107.4 109.9 113.4 114.9
125.2 121.3 119.2 133.4 151.2 162.8 167.6 169.2 168.2 165.5 159.7 154.1 145.2 135.4 143.8 156.2 162.5 165.9 166.8 165.1 161.5 156.8 151.7 147 150.7 160.1 167.4 171.1 172.1 171.1 168.8 164.5 159.7 154.6 153.3 152 151.4 150.7 149.2 147.1 144.4 141.7 138.6 135.4 132.2 128.5 124.1 119.8 115.3 110.8 106.3 110.1 120.8 126.3 131.3 133.1 133 131.3 128.8 125.6 121.7 115.8 113.3 124.8 131.4 135.4 137.7 138.3 137.1 135.2 131.7 127.6 127.2 125.3 120.6 116.6 113 113.6 115.6 117.4 117.5
126.6 122.5 120.1 135.7 151.7 164.1 168.7 170.6 169.8 166.8 162.8 157.2 148.5 140.1 146.7 158.3 164.5 167.3 168.5 166.6 163.3 159.9 155.8 150.6 153.2 160.9 168 171.2 171.9 171.2 169.1 165.5 161.7 158.5 157.2 155.4 153.8 151.9 149.7 146.8 143.6 140.3 136.2 132.2 129 125.3 121.1 115.8 111.5 107.5 110.5 118.2 126.6 131.2 134.6 136.2 135.5 133.6 131.2 128.4 125 120.4 113.8 121.6 131.4 136.2 139.3 140.4 139.4 136.7 133.3 132.2 131.4 130.4 125.4 120.7 119.1 119.1 120.5 120.7 120.2
124.2 121.8 121.9 131.2 148.5 162.2 168 171 170.9 168.7 164.4 159.1 151.6 143.6 150.2 160.8 166 169.2 169.9 169.1 164.9 161.5 157.6 153.6 158.5 165.2 169.5 170.9 172.4 171 169.4 166.7 163.9 160.8 158 155.8 153.7 151.2 148.7 145.6 142.1 138.3 133.8 129.5 125.8 122.3 117.1 111.3 109.3 113.7 123.6 129.1 132.6 136.5 137.4 138 136.8 134.4 131.2 128.1 124.8 119.3 114.5 124.2 132.4 137.5 140.7 141.8 141.3 138.9 138.3 137.4 136.1 134.6 130.2 126.2 125.2 124.7 124.1 123.2 121.5
125.4 124.9 123.6 125 141.5 159.9 166.4 170.8 171.5 169.8 166 161.1 155.3 147.3 153.9 162 167.9 172 172.4 171.1 167.1 163.2 158.8 160.4 165.3 168.7 169.5 170.8 171.6 170.2 168.2 165.8 163.2 160.3 157.8 155 153.1 150.3 147.2 143.8 140.2 136.3 131.8 128 123.5 118.3 112.8 110.9 118.2 125.7 131.9 135.8 138.6 139.5 139.5 139.4 137.5 134.7 131.4 127.2 122 116 116.1 125.6 133.4 138.5 142 143.3 143.4 142.5 142.1 141.5 139.7 138 135.2 131.4 128.5 127.6 125.6 124.4 122.1
134.6 134.6 130.5 126.4 135 154.3 165.8 170.3 171.8 170.7 167.9 163.2 155.9 152.4 159.1 166.3 170.9 174.7 174.8 173.2 169.7 165.3 164.8 166.8 169.9 170.7 170.2 170.9 169.2 167.7 166 163.6 161.1 158.4 155 152.8 150.1 148.4 145.3 141.7 137.3 133.8 130 126.1 120.3 114.9 113.8 118.9 126.6 132.8 137.9 141.3 143 142.9 141.4 140.5 137.8 133.9 128.8 123.7 118.9 116.6 116 124.1 133.2 139 142.7 144.6 145.7 145.5 144.7 143.9 142.5 140.2 137.2 134.2 131 129.2 126.8 124.6 121.9
146.4 144.6 139.9 131.7 131.2 149.6 164.5 169.4 171.5 172.3 169.7 165.2 158.8 158.7 166.1 171.5 175.6 177.7 177.4 176.4 171.7 169.2 170.9 172.7 173.9 172.9 171.8 169.9 166.6 164.4 161.3 159.1 157.6 155 151.6 149.2 146.6 144.9 142.4 139.3 134.3 129.9 126.7 123.3 118.5 112.7 114.8 123.2 131.6 137.4 141.6 144.5 145.6 145.3 143.7 140.9 136.9 132.7 127.2 121.4 122.1 119.2 116.9 123.1 131.8 137.9 142.6 145.7 147.4 147.4 146.6 145.6 144.2 141.9 138.8 135.8 132.7 130 127.5 124.6 121
153.7 151.6 146.3 135.2 131.7 146.8 162.9 168.5 172.9 174 171.6 167.7 163 166.7 172.2 176.9 179.7 181.5 181.3 179.6 175.4 175.2 175.9 176.4 175.8 174.3 171.6 168.3 163.8 158.8 155.5 153.9 151.7 150.5 147.1 144.5 141.9 140.7 139 135.9 131.2 127.7 123.3 119 114.7 114.4 120.5 127.6 134.4 139.9 144.7 147.1 147.4 146.4 144.3 140 135.6 130.2 124.5 127.8 130.4 126.9 119.7 121.8 130.9 136.9 142.1 146.2 148.2 148.5 147.9 146.5 145 142.7 139.8 136.8 133.6 130.2 127.2 124 120.6
159.1 156.4 148.8 136.2 137.5 152.7 164.3 170.5 175.2 177.2 175.6 171.8 170.4 173.7 177.3 181.6 183.6 184.5 184.9 183.2 181.5 181.1 180 179 177.3 174.7 170.5 164.9 159.1 153.8 149.1 145.5 145.2 144.2 141.5 139.4 137 135.6 134.9 131.6 127.6 123.4 119.2 115.7 115.5 120.9 125.6 131.9 138.2 143.1 146.8 149 148.2 147 144.1 139.7 133.8 127.5 129.5 134 134.9 132.6 125.6 120.6 129.1 135.9 141.4 145.6 147.9 148.4 147.6 146.7 145.4 143.3 140.4 137.4 133.6 129.7 126.2 122.6 119.2
161.1 157.8 146.2 137.6 145.2 160.6 168.4 174 177.7 180 179.5 177.5 177.3 179.5 180.8 184 185.9 186.7 186.6 186.2 185.1 183.8 182.5 181.2 178.5 173.9 169 161.5 155.6 151.6 147 143.1 139.3 136.8 135.1 134.2 132.2 130.2 130.1 127.9 123.7 119.4 116.9 116.1 120.2 125.8 130.7 136.3 141.9 146.3 148.9 150.1 149.5 147.4 143.8 138.7 130.8 132 136.2 137.7 138.4 135.2 129.5 122 126.4 134.3 140.3 143.6 146.6 147.2 146.4 145.4 143.3 142.3 139.9 136.5 132.6 128.6 124.5 120.9 116.6
161.5 154.7 143.5 143.6 155.7 164.4 172.6 178 181 182.8 183.4 182.5 181.9 183.1 184.8 186.2 186.3 187.6 186.8 186.9 186.5 185.5 184.2 182.8 180.4 176.1 170.4 164.7 160.8 156 151.1 146.9 143 138.7 134.6 131.6 128.3 126.2 125.2 123.1 121 119.9 120.4 118.8 123.6 130.3 135.7 140.4 145.1 149.1 151.2 152.1 150.3 147.9 143.2 136.1 132.8 138.2 140.1 140.8 141.2 138.9 134.1 127 126.2 132 137.4 140.5 144.1 145.5 145.3 143.6 141.1 139.5 138.1 135.5 131.6 127 122.5 118 113.4
158.9 150.5 151.1 159.3 164.1 171.1 177 181.3 183.8 185.4 185.7 184.9 184.6 184.8 185.7 185.4 185.3 185.9 185.8 186.4 186.3 186.1 185.3 184 181.7 177.6 173.2 168 163 158.8 153.6 149.4 145.7 141.4 137.6 134.3 130.5 127.2 123.5 122.2 125.3 127.1 125 120.2 125.1 133 138.3 142.9 147.2 150.7 152.9 153.7 151.7 148.2 142 136.1 137.7 142.1 143.9 144.5 143.6 141.2 136.5 131.6 127.8 130.2 136.3 140.1 143.1 144 143.6 141.4 138.7 136.1 135.1 133.3 130.3 125.8 121.4 116.4 110.7
158.2 161 164.8 168.7 172.1 177.3 181.2 184 185.1 186.8 186.4 186 185.9 185.5 184.7 184.3 183.7 183.1 183.4 183.7 185 185.2 186 184.5 182.7 179.6 175.1 170.7 165.8 160.5 155 149.8 145 141 137 134.8 131.6 127.8 124.4 126.9 127.5 130.6 127.1 122.5 127.5 134.5 139.4 144.2 148.8 151.9 153.9 154.9 153.2 149.3 144.1 138.7 140.1 144.6 145.7 145.3 145.4 143.3 139.4 135.2 129.4 130.4 135.5 139.3 141.5 142.7 141.7 140 137.2 133.5 131.2 130.4 128.2 124.7 120.6 114.8 109.3
164.9 170 173 176.3 178.9 182 183.9 185.9 186.8 187.7 187.1 186 185 184.2 183.2 182.1 179.7 178.5 179.1 181.1 183.5 184.7 185.7 184.5 182.8 180.6 176.8 172.8 167.1 161.2 154.6 148.7 143 138.1 134.8 131.9 129.8 127.8 127.6 131.7 133.3 131.5 128 124 127.6 133.9 138.2 144.2 148.9 153.3 155.2 156.1 155.2 151.7 147.2 141.4 141.3 146 147.6 147.5 146.4 144.3 141.1 137.3 131.8 130.1 135.9 138.4 141.2 141.6 140.6 138.6 135.9 132.2 127.5 126.8 125.8 122.7 118.3 113.6 112.8
173.7 176.7 178.6 180.9 182.7 184.8 186.6 187.3 187.7 187.2 185.7 184 182.3 180.4 179 177.2 174.8 171.3 171.4 176.3 180.3 182.4 183.8 183.8 182.2 181 178 173.8 168.3 161.4 154.4 147.3 142 137.6 134.2 132.1 129.8 129.5 132.4 135.7 136.1 132.7 129 126.3 126.8 131.7 136.8 143.9 150 154.2 157 157.7 156.1 153.7 149.4 144.6 143.8 147.4 148.5 148.4 147.1 144.9 142 138.5 132.9 130.1 135.6 138.7 140.5 140.7 139.4 137.5 134.6 131.5 127.2 123.5 121.1 119.4 114.3 114.2 118.8
179.4 180.5 181.8 182.9 183.6 185.4 186.9 187.9 187.6 186.8 183.9 180.9 177.8 174.8 174 172.3 170.3 166.2 165.4 171.6 176.4 179.4 181.5 182 181.2 180.5 179 174.8 169.8 163.1 156.6 151.3 145.8 141.3 138.3 135.8 133 134 137.2 139.7 139.2 136.2 132.9 129.4 129.1 131.8 138.5 144.6 152 156.2 159.2 159.2 157.8 154.9 150.9 145.7 146.2 148.7 149 148.4 146.9 144.6 141.7 138.4 132.8 132.1 136.4 139.1 140 139.7 138.7 136.7 133.8 130.4 127 123.4 120.1 115 116.8 120.6 121.6
183.5 182.2 182.3 182.9 184 185.4 186.7 187.4 187.3 185.5 181.9 176 172.1 168.8 168 166.7 164.4 160.5 161.2 167.3 172.2 175.8 177.9 179.4 180.1 179.5 178.8 176.1 171.8 167.1 162 156.7 150.4 146.2 144.3 140.8 138.2 139.8 143.4 144.8 144.1 141.5 138.1 136.1 137.1 140 144.5 150.6 155.2 159.1 160.9 161 159.2 156.1 151.8 148 149.2 150.4 149.7 148.1 146 143.2 140.5 136.7 134.4 135.9 137.6 139.9 140.1 139 138 135.9 132.4 128.5 125.6 122.2 118.2 119 122.4 123.5 122.6
184.8 182.6 181.4 180.9 181.4 182.8 185.2 186.4 186.5 184.9 181.1 174.5 168.6 164.1 161.5 159.4 157.3 155.4 155.4 162.8 167.2 170.8 173.5 175.9 177.4 178.4 177.9 176.3 174.2 170.9 166.1 161.4 155.6 153.8 151.1 147 146.4 148.4 151.1 152.1 151.2 149.2 147 145.8 147.5 150 153.4 156.3 159.6 161.2 162 161.9 160 157.6 153.9 152.6 152.9 151.8 150.8 148.6 145.6 142.6 139.2 135.7 138.7 140.1 140.1 140.9 140.2 138.8 137.5 134.9 131.5 128.4 124.8 121.1 119.8 123.5 125.1 125.3 123.8
184.1 180.8 176.7 175.2 176.4 180.4 183.1 184.8 185.7 185 182 177.5 171.5 166.5 162.8 160 156.9 152.4 151 157.5 160.4 164.3 168.9 171.8 174.1 175.7 176 176 174.6 172.7 168.8 165.9 163.2 160.9 158.1 155 155.1 156.4 157.1 158.4 158.3 156.6 155.4 155.5 156.5 158.1 159.4 160.7 162 162.8 162.8 162 160.6 159 157.4 155.8 155.2 153.6 151.5 149 145.7 142.6 138.6 139.4 142.6 143.3 143.3 142.2 141.8 140.4 137.4 134.1 130.6 129.3 125.2 121.7 124.2 126.9 127.3 126.6 123.8
182.8 178.4 173.1 169.3 171.5 176.6 180.5 183 184.9 184.7 183.3 180.3 175.7 171.1 168.5 165.8 161.3 155.5 150.5 148.4 154.1 157.3 164.3 167.1 169.4 171.7 172.7 173.3 173.4 172.8 171.3 169.6 167.3 166 163.5 162 162.2 161.8 163.1 163.5 163.5 162.9 162.1 161.9 161.8 161.8 162.4 162.7 162.6 162.7 162.5 161.4 160.3 158.9 157.8 156.4 155.7 153.7 151.7 149.8 146.5 141.9 140.6 143.6 146.1 146.4 146.1 144.8 143 140.1 137.7 136.1 133.3 130.1 126 125.7 128.7 129.3 129 127.7 125.2
181.6 177.3 172.2 166 166.4 172.1 177.8 181.2 184.1 184.5 184.7 182.7 180.3 176.5 173.1 169.8 166 160.2 153.6 148 146.4 151.4 157.7 162 164 166.3 168.1 169.2 170.7 171.6 172.2 171.6 170.6 169.3 167.6 165.9 164.5 165 164.6 165 166.4 166.7 166.6 166.2 164.9 164.1 163.3 162.6 162.5 161.5 161 159.8 158.2 157.2 157.3 156.5 155.5 154.3 152.7 150.6 147.4 143.1 143.2 147.9 149.1 149.6 149.2 148 145 142.2 138.6 136.1 134.8 130.4 127 130.4 131.6 131.7 130.5 128.7 126.3
180.1 176.5 171.3 164.8 161.3 168 175.2 179.7 182.6 184.3 184.4 183.5 182.4 178.9 176.2 172.6 168.3 162.7 156.8 150.7 145 145.3 150 153.6 157.1 160.2 162.3 164.5 166.6 168.3 170 171.1 171.2 170.4 168.8 167 164.8 164 164 165.1 166.5 167.7 168.5 168 167 165.3 163.4 160.8 159.2 158.5 157.8 156 154.4 153.6 154 154.8 154.2 154.3 153.5 151.7 148.4 144.8 146.2 151 152.7 153.3 152.7 150.4 147.5 144.8 141.2 137.5 133.2 130.2 131.4 134.1 134.5 133.3 131.6 129.4 127.3
178.5 173.4 168.7 163 159.1 165.3 172.4 177 180.5 182.4 183.7 183.8 182.8 180.8 178.1 174.2 169.4 164.1 158 151.8 145.5 140.5 142.3 145 148.7 151.9 154.9 157.4 160.6 163.2 166.3 168.5 169.4 169.2 167.4 165.1 162.7 161 160.3 161.6 164.4 166.3 168.4 168.3 167 164.6 161.5 157.7 155.5 154.1 153.3 152.2 150.7 150 150.8 151.8 153 153.8 153.6 152.8 150.5 147.1 149.5 153.4 155.9 156.7 155.6 154 151.2 148.9 143.3 138.7 135.7 133.9 135.2 136.9 136.8 135.1 133.1 130.8 129.7
176.1 173 167.8 160.5 155.7 161.9 168.4 173.4 177.1 179.7 181.8 182.7 182.5 181.9 179.4 175.5 170.6 163.8 157.7 151.5 146.8 142.6 139.1 137.5 139.7 143.6 146.2 148.9 153.3 157.2 161.1 164.6 166.4 166.2 163.9 161 157.1 154.9 154 156.8 161.4 165.4 167.5 168.3 166.9 164.5 161.7 157.9 154.4 151.2 148 146.7 146.4 146.4 146.8 149.3 151.4 153.2 153.6 154.1 152.9 150.2 151.8 155.6 158.9 159.6 159.4 158.3 156.4 153.6 149 144.3 141.2 138.8 139.3 139.7 138.6 136.6 134.6 132.5 131
175.2 173 167.2 159.4 152.9 158.1 164.3 167.7 171.6 174.6 177.8 174.5 181 182.3 180.1 176.7 171.6 164 158.2 153.6 151 148.3 144.6 138.9 134.8 134.6 137.2 139.2 143.3 149.2 155.4 159.2 162 161.9 160 156.5 150 146.4 146 152.8 158.5 163.5 166.6 167.7 167.1 165 162.4 159.3 156.3 152.9 149 145.5 142.9 140.9 141.9 146 149.4 151.9 153.4 155.8 154.3 153.9 154.6 158.1 161.3 162.6 163.3 163.5 162.4 160 156.4 151.3 147.1 144.3 141.7 141.2 139.2 137 135.4 133.8 132
173.9 172.2 166.8 158.7 150.5 153.3 158.6 162.8 165.4 167 171 173.5 178.4 181.2 179.6 177 173.2 167.8 163 160 157.2 154.5 150.4 144.3 139.1 134 131.2 130.9 133 140.8 149.1 155.3 157.1 157.4 154.7 150.5 143.2 139.1 143.2 150.9 157 162.3 165.7 166.8 166.7 164.6 162.1 158.9 156.1 153.3 149.9 147 144.4 140.2 137.9 142.8 147.3 150.1 151.9 153.5 155.3 156.1 157.6 160.3 163.1 165.2 167 167.3 166.9 164.7 161.3 156.8 152.1 147.8 143.8 140.7 138.9 137.3 135.7 133.7 132
173.2 171.3 167.4 159.9 150.8 147.2 152.5 156.9 159.2 160.7 164.4 168.4 172.8 178 179.2 177.2 174.2 171.6 167.6 164.1 161.2 158.6 155.6 150.7 145.6 140.3 135.3 130.4 127.7 133.6 143.8 150.6 152.2 152.6 150 145.5 137.9 135.4 143.2 150.5 156.1 161.3 164.7 166.1 166.2 164 161.7 158.6 155.5 152.4 149.6 147.6 144.6 141.5 136 139.2 143.5 148.2 150.1 153 155.4 157.4 159.2 160.8 162.8 165.8 168.3 169.7 169.6 166.9 163.6 159 153.6 148.2 142.5 138.2 136.4 136 134.8 133 130.2
173.5 172.2 168.2 161.8 154.2 145.9 145.7 149 152.2 153.4 156.2 162.2 166.3 173.8 176.9 177 174.8 172 168.2 164.1 162.4 160.6 158.3 154.6 150 145.3 140.1 134 127.9 127 138.6 144.8 147.3 147.2 145 141.3 133.9 132.3 141.8 148.1 153.8 159 163.1 165.5 165.6 163.7 159.7 155.6 152.7 150.1 147.6 145.4 143.3 140.6 135.7 134.6 139.6 145.4 150 152.8 154.9 156 157.2 159.3 161.3 164.2 167.5 169.6 169.9 167 163.6 158.3 152.4 146 140 134.5 131.8 132.2 132.3 130.6 128.2
172.6 172.8 169.7 164.3 158.4 149.9 142.6 140.3 141.3 143.8 147.5 152.7 160.2 167.8 174.3 175 173.2 170.7 167.2 163.7 161.9 160.6 158.7 156 152.3 148.3 143 136.5 128.6 125.4 132.5 139.6 142.2 141.7 139.8 136.6 129.9 128.9 138.1 144.5 150.3 155.7 161.4 164.8 164.7 163.1 158.5 153.6 149.1 146 144.3 142.6 141 138.6 133.9 132.9 139.7 145.1 149 151.7 152.3 152.9 154.2 156.2 158.4 160.9 164.3 166.6 168.1 165.8 161.4 155.6 149.7 143.3 135.7 130.7 126.5 127.7 128.2 128.2 126
173.3 173.1 171.5 166.5 161.2 155.4 148 141.8 136.7 135.9 140.2 145.7 151.6 160.2 169.4 172.2 171.4 168.3 163.9 158.6 157.7 157.4 156.9 155.4 152.9 149.2 144.5 138.1 129.4 122.8 128.5 134 136.1 136.2 134.7 131.6 125.7 125.7 132.8 140.1 147 154.3 160.6 164.3 165 163.4 159 154.3 148.4 142.8 140 138.4 137.2 135.9 131.3 131.8 139 144.3 147.5 149.6 149.5 148.7 149.8 151.6 153.2 156 159.2 164 164.9 162.6 156.1 151.9 145.2 137.9 131.9 127 122.3 123.3 124.4 124.7 123.7
172.3 173.8 172.4 169.3 164.2 158.5 153 147.6 141.6 134.5 133.7 139 145.5 154.9 164.9 168.8 168.7 164.3 158.4 153.4 151.9 152.3 152.2 152.3 151.1 148.6 145 138.6 130.8 122.9 121.7 128.1 130.2 130.5 129.5 126.5 121.4 120.2 127.3 136.6 146.2 153.9 159.7 163.8 164.4 162.4 159.7 154.8 148.8 143.5 138.3 134.4 132.7 131.8 128.5 130 137 141.8 145.1 146.3 145.5 143.5 144.1 146.4 146.8 149.8 155.1 159.6 161.7 160.4 154.6 145.4 139 133.1 127.8 123.5 120 117.9 119.7 121.2 120.6
171.6 174.1 173.1 170.3 166 160.7 155.4 150.5 145.3 138.7 132.3 132.2 138.8 150.4 161.4 165.9 165.3 160.1 152.6 147.5 145.3 146.4 147.4 147.8 147.2 146 143.3 137.9 133.6 126.4 119.9 120.3 123.8 125 124 121.9 117.9 117.3 125.8 135.9 145.4 153.2 158.7 162.6 164 163.6 160.2 155.7 149.5 144.1 139.2 135.2 132.8 130.3 126.7 126.5 133.5 138.7 141.4 142.3 141.3 137.9 139 140.8 139.6 144.4 150.4 154.9 157.6 158.4 155.9 151 141.2 133.2 128.7 125.1 121.1 116.2 115.4 117.2 117.2
171.6 173.5 173.1 171.2 167.6 162.3 156.5 151 145.9 140.9 132.3 129.1 134.1 144.4 158.8 163.5 162.5 157.9 150.7 142.7 140.1 140.4 141.4 142.2 142.3 142.1 140.7 138.6 134.8 130.4 124.2 118.2 116.5 116.7 117.3 117.1 114.5 115.1 124.9 135.1 143.8 151.5 156.5 160.8 162.4 162.6 160.2 155.9 150.5 146.3 141.8 138.4 136.4 133.9 129.7 124.4 128.1 133.7 136.9 138 137.1 133.7 131.5 134.2 134.6 139.5 145.6 149.6 152.9 154.3 155.4 153.4 146.1 137.1 131.9 128 123.3 118.5 113.2 111.9 113.9
