app/static/ascii/SY79.asc
ncols 200
nrows 200
xllcorner 370000
yllcorner 90000
cellsize 50
[rows 111 to 147 of 200, columns 84 to 167 of 200]
92.5 91.3 89.5 86.5 84.4 84.5 84 83.6 83.3 85 83.5 82.1 78.5 62.8 70.1 65.4 62.8 60.8 60.8 61.1 62.6 66.2 66.5 65.9 65.1 64.2 63 62.5 62.2 61.7 60.3 57.5 58.2 57.8 57.3 56.4 55.9 55.2 54.6 54.2 54.1 53.9 53.7 53.3 53 52.3 52.2 52.4 52.6 52.4 51.8 51.6 51.7 51.3 50.8 50.3 50.3 50.2 50.1 49.9 49.7 49.7 50.2 50.3 50.4 53.7 58.9 58.3 53.7 52.9 56.2 60.2 60.1 58.7 56.8 54.9 51.5 50.2 49.8 48.8 47.5 46.7 46.2 45.8
98.5 98.1 95.5 93.1 91.8 92 92 90.5 90.5 90.3 87.7 82.5 64.1 71 70.9 66 63 61.8 63.2 64.8 68.1 69 69.4 68.3 67.5 67 65.9 64.7 63.7 63.1 62.1 59.9 60.4 59.5 58.7 57.2 56.5 55.8 55.1 54.7 54.3 54.2 54 53.6 53.2 53.3 53.3 52.4 52.5 52.3 52.2 52.1 51.5 51.1 50.7 50.3 50.2 50.1 49.9 49.8 49.7 49.7 49.8 50.1 50.3 52.6 56.1 56.9 52.9 52 52.8 55.5 56.3 54.5 52.6 50.7 49.3 48.8 48.4 47.7 46.7 46.5 46 45.8
104.4 103.6 101.6 98.9 97.8 96.9 95.7 93 91.7 90 85.3 66.5 69.5 73.1 68.8 63.9 63.1 63.8 64.9 70.6 75 73.4 72.6 71.8 70.9 70.2 69.8 68.6 66.6 63.9 62.5 62.5 62.7 61.4 59.6 57.6 57.2 56.4 55.7 55.3 55.3 55.3 55.6 56.1 56.5 56.6 56.6 55.8 55.5 53 52.6 52 51.6 51.3 51.1 50.6 50.4 50.1 49.8 49.7 49.8 49.8 49.9 49.9 50.1 50.6 52.8 53.6 51.5 51 51.2 52.2 52.2 50.3 49.7 48.9 48.6 48 47.2 46.6 46.4 46.3 46 45.8
108.7 106.8 102.5 100.1 97.9 95.7 93.4 89.8 86.2 83.5 69 69.5 71.4 68.6 64.7 64.1 63.5 66.1 70.6 77.4 80.3 79.8 77.1 75.7 75.4 73.6 73.2 72.5 70.4 67.5 65.1 63.6 62.7 60.8 59.3 57.9 58.2 57.3 56.3 56.4 57.1 57.8 58.6 59.8 60.7 62 61.6 60.9 60.5 60.8 58.4 55.1 52.4 51.8 51.5 51.1 50.7 50.5 50.2 49.9 49.8 49.9 49.8 49.7 49.9 49.8 50.3 50.7 50.7 50.1 49.8 50 50 49.4 48.8 48.5 48.3 47.9 47 46.4 46.6 46.4 46.1 45.8
107.4 102.5 97.6 94.3 90.8 88.7 86.8 83.8 80.5 70.5 71.2 70.3 67.8 65.4 64.4 64.9 65.9 70.7 76.2 82.4 86.2 87.1 85.1 81.8 80.6 78 76.6 74.8 73.4 71.6 67.9 65.5 62.4 60.2 59 58.2 58.5 58.4 58.4 58.8 60.5 61.3 62.1 63.4 65.3 66.8 66.3 65 64.7 64.8 63.1 59.9 56.5 53.4 51.9 51.5 51.1 50.8 50.7 50.3 50.1 49.9 49.6 49.8 49.5 49.2 49.3 49.3 49 48.9 48.7 48.7 49.1 48.7 48.5 48.2 48 47.7 46.9 46.4 46.7 46.5 46.2 45.9
102 96.3 92.3 88.8 85.4 82.3 79.9 77.2 71.5 71.5 69.7 67.2 65.4 64.8 65.8 67.4 70.2 74.1 79.7 87 91 92.3 91 87.5 84.8 81.6 77.5 75.7 74.2 72.3 69.3 66.2 62.4 61 60.1 59.8 59.8 61.3 60.9 61.3 63.3 64.8 65.9 67.1 68.5 71 69.9 68.7 68.6 68.9 66.6 62.1 57.7 54.5 54.6 53.2 53.1 51.8 51.1 50.6 50.3 50.1 49.5 49.7 49.4 49.2 48.8 48.3 48.2 48.4 48.6 48.7 48.8 48.5 48.2 48 47.7 47.5 46.8 46.4 46.7 46.4 46.1 45.9
97.2 92.1 87.1 83.8 80.9 78.6 75.3 72.9 73.3 72.3 69.9 67 66.7 67.4 68.6 71.2 73.9 77 80.2 87.8 93.5 93.5 91.3 88.9 85.8 82.3 78.5 75.7 74.1 70.5 66.9 63.4 63 62.2 62 62.4 63.7 64.9 63.7 63.7 65.7 67.8 69.4 70.3 72.1 74.4 73.7 71.8 71 68 62.7 60.9 57.5 56.6 57.9 59 57.7 55.1 52.6 51.4 50.7 49.9 49.1 49.1 49 48.9 48.6 48.2 48.3 48.5 48.7 48.7 48.5 48.3 48.1 47.7 47.4 47.2 46.7 46.4 46.6 46.3 46.1 45.8
91.1 88.7 84.3 80 77 74.8 75.4 76.2 74.3 73.3 71.7 70.9 70.2 70.1 70.7 73.4 78.1 81.7 86.1 89.8 94.2 92.8 89.7 86.5 82.2 79.9 77 75.2 71.9 68.5 66 64.9 63.9 63.4 62.8 65.8 68.1 68.3 66.3 66.4 68.8 71.1 72.9 75.2 77.3 78.8 76.8 73.6 70.3 65.2 62.1 61.8 59.9 60.2 61.8 62.9 61.1 58 55.9 54.8 53.1 51.2 48.6 48.5 48.5 48.6 48.6 48.2 48.5 48.7 48.6 48.6 48.3 48.1 47.9 47.6 47.1 46.9 46.5 46.6 46.6 46.2 46 46.1
85.5 83.3 81.2 78.1 77.4 77.7 79.1 76.9 74.6 73.2 74.5 75.6 74.1 72.8 73.6 74.8 78.1 82.6 88.7 92.2 96.1 93.2 88.9 85.4 81.4 78 75.4 73.4 69.8 68.2 66.9 67.2 67 66.9 65.9 69.5 71.9 70.8 68.4 69.5 72.2 74.5 76.6 78.6 80.4 80.5 78.3 74.7 68.2 64.8 63.2 64.4 64.1 63.7 66.5 67.6 64.4 59.6 59 58.2 56.6 54.7 51.7 49.1 48.3 48.4 48.4 48.1 48.5 48.8 48.6 48.6 48.1 47.7 47.7 47.5 47.2 46.7 46.4 46.8 46.6 46.5 47.1 47.6
82.6 80.1 78.1 82 80.2 79.8 79.1 80.1 77.1 75.1 78.8 79.7 77.7 76.1 79.2 78.5 79.2 83.9 88.6 93 95.2 93.4 89.9 86.4 82.4 78.6 76.3 74 71.1 69.9 70.1 70.9 71.5 71.3 69.6 73.5 75.5 73.9 71.1 72 74.7 76.1 78.1 79.7 80.6 79.8 77.1 72.1 67 65.2 65.4 66.9 66.1 66.8 69.2 69.6 65.5 62.8 62 61.3 60 57.8 55.6 53 50.6 48.3 48.1 48.1 48.6 48.9 48.5 48.3 47.9 47.4 47.5 47.3 47.1 46.8 46.8 48.2 49.8 51 52.1 53.9
83.2 85.9 84.2 76.5 74 79.8 83.7 83.4 79.2 78.9 83.3 83.1 81.2 79.8 81.1 81.2 82.8 86.2 91.3 92.8 91.3 89.8 91.6 88.5 86.1 82.8 81.2 76.9 74.7 73.2 73.3 73.8 75.3 76 75 77.6 78.5 76.9 74.4 73.7 76.3 75.3 76.1 78.8 79.9 78.8 75.2 69.9 67.9 67.6 70.6 69.7 69 70.4 71.2 69.9 67.1 66 65 64.3 63.2 61.6 59.5 57 54.4 51.8 49.8 49.3 48.8 48.8 48.4 48.1 47.6 47.2 47.2 47.1 47.6 47.7 50.4 52.7 54.5 56.8 58.5 60.3
89.1 86.4 83.6 81.2 80.9 83.1 85.7 83.9 81.5 83.1 87.4 87.6 85.5 84.6 85.7 86.8 89.8 91.5 92.6 91.5 87.5 85.8 87.5 87.6 87.4 84.5 83.3 82 79.8 77.6 75.8 77.3 79.2 80 80.8 81.7 81.1 79.9 77.8 76.8 76.4 73.1 73.7 77 79.4 79.1 74.7 71.5 70.7 70 75.9 73.4 72.4 74.1 75.7 72.6 71.2 69.6 68.1 67 65.9 64.4 63.4 61.4 59 56.4 53.7 50.8 50.5 49.6 48.8 48.7 48.7 48.5 48.2 49.4 50.3 51.8 54.9 57.7 60.8 63 63.8 63.6
86.7 85.3 83.6 82.2 84.4 86.1 86.3 86.7 86.8 87.7 90.7 92.9 93.6 94.6 94.2 93 90.9 91 90 86.5 83.4 80.7 81.2 80.9 82.5 81.8 82.5 86.2 84.7 83.2 80.9 80.1 81.7 82.3 81.7 82.4 82.3 82.1 81.1 79.7 75.7 70.7 70.2 74.7 77.6 78.4 77 74.8 74.2 74.7 77.7 77.3 76.1 79.1 78.9 76.1 75.3 74.4 74 72.6 70.1 68.8 67 65.2 62.3 59.3 55.3 52.2 53.6 53.9 52.7 51.4 51 49.8 50.4 52.5 54.2 55.3 57.5 59.8 62 64.1 63.8 62.8
88.5 87.8 87.5 87.7 88.2 88 88.7 89.5 92.4 94.1 96.1 96.4 96.2 95.5 94.5 93.3 91 87.7 84.5 81.8 79 76.3 76.8 77.4 77.5 77.7 80.1 85.6 85.1 84.1 83.1 81.7 80.3 79.2 76 79.3 79.7 81.8 81.3 78.8 74.3 68.6 66.8 70 74.4 76.3 76.8 82.2 79.6 76.6 74.5 77 79.4 82.2 83.6 81.3 80.2 84.1 87.1 87.9 83.1 75.2 70.7 67.3 63.8 59.6 56.2 53.9 56.9 58.1 57 55.3 53.2 51 53.1 56.7 57.4 57.1 58.6 61 63.3 64.4 63.4 62.2
94.4 93 91.9 91.2 90.9 90.4 90.8 92.4 94.6 95.6 96.4 96.3 94 90.7 89.1 88.9 88.7 85.5 80.3 76.9 74.9 74.5 75 75 74.8 74.5 78.3 81.7 81.5 79.9 79.5 78.6 76.8 74.8 73 73.7 76.3 79.8 80.1 76.6 72.7 67.5 63.5 64.5 69.2 72.3 73.9 79.7 79.8 71.7 71.1 72.3 72.8 77.6 82.2 84.4 88.2 89.7 91.6 91.9 90.9 87.2 78.6 68.9 64.3 60 57 56.8 59.9 61.6 61.9 60.6 56 52.8 54.9 58.7 61 61.5 61.9 62.3 63.3 64.3 64.2 62.4
100.1 97.6 95.4 93.6 92.4 91.3 91.6 91.1 91.6 91.5 91.2 90.5 87.7 84.5 82.2 82 83.8 81.8 78.7 75 72.2 71.9 72.2 71.9 71.6 71.5 75.8 79.2 78 75.6 74.8 73.5 72.4 71.1 68.1 70.4 74 77 76.3 72.2 68.4 65.5 61.6 61 64.3 67.6 70.4 74 74.3 68.9 68 68.2 69.9 70.6 74.5 83.4 88.7 90.7 91.6 91.3 91.3 90 83.8 68.3 63.7 61.4 61.9 62.2 63.4 65.4 64.5 63.3 58.2 54.5 56.5 60.5 63.7 65.2 64.6 64.5 64.7 64.6 64.8 63
103 100.5 97.8 95.3 93.3 92 89.9 88.2 88 87.2 86.6 85.2 83 79.8 78.2 77.6 77.8 78.5 76.9 74.8 71.3 69.1 68.6 68.4 68.2 70.5 73.7 75.7 74.9 71.6 69.4 68.1 67 65.8 65.9 68.4 71.4 73.7 72.4 69.2 65.1 62 59.3 59 61.6 64.3 68.3 72.7 73.4 68.7 64.8 64.7 67.6 69.3 75.9 83.3 88.6 90.1 90.7 90.6 90.6 90.9 82 67.3 65.7 65.1 65.9 69.3 71.4 70.2 69.2 64.6 60.4 56.3 58.3 62.9 65.7 68.3 67.7 67.4 67.2 66.7 64.6 62.2
101.9 99.1 96.1 92.9 90.4 88.6 86.8 85.4 84.2 83.4 82.1 80.6 78.7 76.8 75.3 73.7 73.1 73.8 72.7 70.1 68.7 66.9 66 65.8 65.9 68 70.2 70.9 70.5 68.1 66.1 65 64.1 63.2 63.3 64.8 67.2 70 69.5 66.3 62.8 60.2 57.4 56.6 58.9 61.8 65.6 69.4 70.7 67.8 63.6 63.3 66 71.1 77.2 82.2 87.7 90.1 90.3 90.5 90.6 90.7 81 70.4 74.7 79.8 78.7 80.9 78.8 74.9 70.6 62.4 60.4 58.4 61 65.4 67.4 68.5 70 69.4 68.6 67.4 65.5 63.5
97.8 95 94.2 92.4 90 86.1 84.4 84.3 81.5 80.1 78.5 77.8 77.3 75.7 74.4 73.1 72.1 71.2 70.1 69.2 68.4 67.5 66.1 64.5 63.8 65 66.1 67.3 66.7 65.4 63.6 62.3 61.5 60.6 60.8 61.9 63.2 65 64.6 64 61.4 58.8 56.1 54.8 56.7 59.5 61.9 64.9 66.1 64.6 61.4 60.6 63.8 72.8 74.6 79.1 84.3 89.8 90.7 90.7 89.8 89.7 81.4 73.7 82.3 86.5 86.2 83.2 79.6 75.1 71 64.8 60.7 61.9 65.2 69.4 70.5 72.3 71.4 70.7 69.6 68.8 67.9 65.9
98.8 98.6 97.5 96.2 94.2 92.3 89.9 87.4 84.4 82.2 79.9 78.9 78.6 78.2 76.7 75.5 74.5 73.6 72.2 71.1 71.2 70.9 67.5 64.6 62.9 62.2 63.3 63.5 62.9 62 61 59.6 58.8 58.4 58.3 59.1 60.3 60.6 60.8 60.6 59 56.4 54.4 52.8 54.7 55.9 58 59.9 61.1 61.1 58.2 57.8 62.2 69.8 71.3 72.9 78 86.6 90.8 90.7 90.6 89.7 84.7 78 80.7 85.6 84.5 82.3 79.1 74.3 68.8 63.8 62.9 66.1 70.8 75.6 74.3 74.4 72.9 71.8 70.9 70.1 69.3 68.2
106.6 106.8 107.2 106.2 103.1 99.6 95.7 91.7 87.6 85.1 83.3 83 83.4 82.4 79.6 78.2 77.5 76.8 75.6 74.6 73.9 72 68.8 65.4 63.6 62 61.4 60.6 60.2 59.6 58.3 57.7 57.2 56.9 56.3 55.9 56.5 56.6 56.9 56.7 55.9 54.3 52.6 51.6 52.1 52.2 54 55.7 56 56.9 55.9 56.7 59.7 64.8 66.3 70.9 75.8 83.1 89.3 90.7 90.8 90.8 89.2 86.7 86.9 84.3 82 78.1 74 71.3 65.5 64.1 66.2 71.4 77.3 78.5 77.4 76.2 74.7 73.1 72.3 71.5 70.7 70
117.6 118.5 117.4 115 110.6 105.1 100.2 94.9 90.2 88 87.6 86.7 86.3 84.5 82.4 81 80.1 79 78 77.1 75.6 72.6 69 65.1 64.1 62.8 62.8 62.1 61.5 61 60.6 59.5 58.6 57.2 55.6 55 54.5 54.3 54.5 53.9 53.9 53.7 53.3 51.6 51 50.2 50.2 52.2 53.5 53.9 53.3 55.9 58.5 60.9 66.1 70.7 75 80 82.8 87.7 88.9 88.4 88.5 88.1 87.1 85.3 80.7 77.7 72.7 68.5 66.3 67.4 70.9 76.7 79.3 80 79.1 78 76.5 74.9 73.7 72.9 72.1 71.4
120.6 120.5 117.8 113.3 108.8 104.7 100.7 96.9 92.4 89.1 89.5 89.7 86.7 84.2 83 81.9 81 79.8 77.7 76.9 74.5 71.3 68.3 65 64.3 64.9 66 65.7 65.3 64.9 64.7 62.7 60.3 58.5 57 56 55.3 55 54.8 55 56 56.2 56.4 54.6 52.4 50.4 49.6 49.2 50.7 51.2 52.7 54.8 57.3 60 64.5 69.1 71.8 73.6 74.2 77.9 78.8 78.6 84.8 87.9 87.3 85.7 83.3 80.2 74.9 70.2 68.7 70.5 75.6 81.8 82.5 82 80.8 79.8 78.4 77.1 75.8 74.8 73.7 72.9
118.3 114.4 110.7 107.9 105.9 103.3 101.6 98.1 93.8 89.2 88 88 85.8 84.1 82.9 82 80.8 78 76.1 74.4 71.7 68.4 66.5 66.1 67.2 68.4 70.3 70.6 70 69.6 68.3 65.2 61.9 60 59.1 58.3 58 58.1 58.7 59.3 61.9 64.6 63.4 59.8 56.4 52.1 49.3 48.8 48.7 49.5 51.5 53.7 55.9 58 60.2 65.3 66.5 67 69.5 73.2 73.9 80.8 84.8 87.2 86.9 85.7 83.4 80.1 74.7 71.7 71.4 75.7 81.9 84.4 85 84.3 82.9 81.6 80.5 79.3 78.1 77 75.5 74.6
113.2 108 103.6 100.5 98.8 98.2 99 97.7 94.9 88.1 83.9 84.3 83.8 82.7 81.1 80.1 79.4 75.2 72.7 70.7 68.8 68.2 67.9 69.9 70.8 73.5 75.7 77 76.2 74.4 70.3 66.2 63.1 61.6 62.6 61.4 61 61.6 62.5 64.3 68.1 69.6 67.3 63.4 58.5 53.4 49.4 48.8 48.3 49.2 50.7 52.5 54.7 56.5 57.7 59.8 61.4 63 64.8 66.7 68.8 80.3 85 86 86.4 85.1 82.8 79.6 76.4 74 75.8 81.7 84.6 86.6 86.8 85.7 84.5 83.3 82.2 81.1 79.5 78.2 77.3 76.5
107.5 104.7 100.5 94.7 93.9 91.7 90.9 91.9 90.2 86.6 82.3 81.2 81.5 80.3 78.4 77.7 76.3 73.3 71.3 70.1 68.8 69.4 70.9 74.2 76.8 80.7 84.1 86.3 83 77.9 72 67.5 64.9 66.1 67.3 66.2 64.6 64.8 65.5 69 70.1 69.6 66.7 61.8 57.1 52.7 49.6 48.8 48.2 49 50.5 51.9 53.3 54.3 55.5 56.9 58.4 60.5 63 65.3 69.9 75.9 77 81.2 85.8 84.6 82.6 80.9 80 78.7 80.5 84.2 86.3 88.4 88.2 87 85.3 84 83.2 82 80.4 79.5 79.4 78.4
104.4 102.1 98.9 97.6 95.6 90.9 89.5 87.2 85.7 83.8 82.1 79.2 79.2 77.8 75.9 74.4 73.6 73 74.9 75 76.2 78 79.3 80.2 82.1 83.7 86 87.5 85.6 79.9 73.4 69.8 68 69.2 71.4 70.4 69.2 68.4 68.6 71 69.9 67.8 63.5 58.8 54 51.4 50 49.2 48.3 48.6 50.1 50.9 51.7 52.4 53.3 54.9 57.8 60.3 62.8 66.5 72.2 71.6 70.2 77.1 83.1 84.3 85.2 84.2 83.9 83.4 84.5 86.1 88.1 90.1 88.9 87.2 85.4 84 83.4 82.6 81.5 81.5 81.3 80.3
102.7 99.1 97.7 98 95.8 93.7 90.6 87.5 84.9 84.2 81.5 79.9 78.4 77.3 76.6 75.9 75 75.2 77 79.1 80.6 81.5 82.7 83.2 84.1 86.2 87.7 87.7 85.2 79.2 75.4 74.1 73.1 73.1 75.4 77.6 77.2 76.3 73.9 73 69.4 64.7 59 55.1 53 52.2 52.3 50.5 49 47.6 48.2 48.9 49.7 50.4 52 55.2 58.7 62.3 64.3 67.5 68.2 65.1 64.9 70 76.8 82.1 81.5 86.9 88.2 88.4 88.3 89.4 91.1 90.7 87.9 86.4 85.7 85 84.2 83.6 83.2 82.5 82.4 82.2
96.6 98.9 98.2 100.1 98.4 95.5 91.8 88.4 86.2 85.6 83.9 82.4 80 78.5 78 77.3 77.2 77.3 79.8 81.6 82.7 83.5 84.5 85.3 86.1 87.5 87.4 87 85.2 83.6 81.3 79.2 78.1 78.1 78.2 79.3 79.1 77.2 75.1 72.2 68.4 61.6 57.4 55.2 55.5 55.2 55 52.7 50.8 48.1 46.9 47.1 48 48.8 52.1 55.9 59.7 62.5 63.4 63.3 61.2 59.3 60.7 65.2 71.3 73.3 77.9 85.4 89.1 90.7 91.8 91.9 93 91.8 89.7 88.3 87.2 85.6 84.2 82.4 83.3 83.4 83.4 83.7
89.5 93.4 95 102.5 99.6 94.3 91.9 89.5 88.1 88.2 84.5 82.7 80.5 78.7 78.2 77.9 78.9 80.6 81.9 81.9 83.4 84.3 85.3 85.9 86.5 86.5 85.6 85.4 84.6 82.8 81.9 80.6 79.4 79 78.8 79.1 78.9 77.3 74.2 70.1 64.8 60.1 57.9 57.6 58.7 58.1 56.3 54.2 51.1 48.7 46.9 46 46.3 47.8 51 55.2 57.8 59.4 60.2 59.2 56.9 56.8 59.5 64.9 69.3 70.9 76.1 82.2 85.4 87.9 91.4 93.6 92.8 92 91.5 90.9 90.2 88.9 85.9 83 80.4 82.6 83.5 83.3
85.7 89.8 92.9 95.4 94.8 91.5 87.4 83.6 82.2 83.3 82.4 79.1 78.3 76.6 77.4 77.4 79.3 81.3 82.3 82.1 82.9 83.6 84.4 85.3 84.8 83.9 84.1 84.2 83.2 81.7 81.3 80.1 79.1 78.1 77.5 77.6 77.1 76.2 74 69.9 63.4 59.9 60.3 61.3 61.1 59.1 57.1 54.7 51.6 49 46.9 45.6 45.1 45.9 48.8 51.9 53.9 55.1 55.7 54.9 53.2 54.2 59.5 64.6 65.2 65.2 70 75.6 80 83 85.7 89 90.5 91.6 91.7 91.8 91.8 89.8 86.9 84.2 81.7 78.4 81.6 82.5
88.4 83.5 86.5 86.4 84.3 84.2 84.7 81.3 80.2 76.4 75.9 75.7 76.1 72.3 73.9 76 78 79.6 81.5 82 82.4 82.5 83.1 83.5 82.1 80.4 80.3 81 80.6 79.8 79 79.6 78.9 77.7 75.6 75 73.2 73.6 72.6 67 62.5 63.3 65.2 64.5 63.6 61 58.3 55.3 52.4 49.5 47.3 45.4 44.8 44.5 46.1 48.1 49.6 50.9 51.4 50.6 50.5 52.8 58.1 61.9 60.5 62.3 65.7 67.5 73.2 78.2 81.4 84.5 87 89.1 91.4 91.5 91.4 89.8 88 86.7 83.8 79.8 77.2 76.6
91.7 83.6 82.1 81.7 79.5 80.1 80.9 81.1 78.7 75.1 72.5 71.8 72.7 69.7 73.8 74.3 75.7 77.3 79.6 81.1 81.1 81.2 81.6 81.4 79.4 77.8 78.5 79 78.9 78.9 78.6 78.4 78.4 77.2 74.9 72.6 71.4 69.3 69.7 65 66.7 68.2 69.7 68.8 66.6 63.5 59.9 56.5 53.5 50.8 48.2 46.5 45 44.2 43.8 44.8 45.7 46.7 47 47.2 48.8 51 53.7 55.3 57.3 59.5 60.2 61.1 65 72.7 76.5 79.7 82.8 85 87.7 89.5 90.3 89.8 88.5 86.2 82.9 80 75.5 74.3
88.7 85.1 81.1 79.2 76.7 76.6 77.7 80 78.4 75.8 72.7 69.3 68.7 68.1 70.8 72.1 73.5 75.1 78.1 80.8 79.9 79.9 79.4 78.6 76.7 74.5 74.3 75 76.5 75.7 74.4 76.3 77.7 78.1 75.9 74.1 72.7 70.8 68.8 68.7 69.5 70.6 71.1 69.9 67.8 65.5 61.7 57.7 54.8 52.3 50 48.1 46.4 44.9 43.8 43.3 43 43.8 44.3 45.3 47.2 49.1 50.7 52.9 55.5 56.2 56.5 58.9 63.6 68.2 72 75.8 79.2 82 84.6 86.9 88.2 88.4 85.2 83.6 81.8 80.3 79.8 79.1
90 83.6 81.2 76.7 73.9 73.9 77.1 80.2 80 76.2 73.9 69.7 67 67.6 68.5 70.4 71.9 73.7 76.5 79.4 78 77.2 76.8 75.9 74.7 70.5 69.9 72 73.1 73.6 70.9 73.8 77.4 77.8 77.5 76.2 74.5 72.9 71.4 71 70.4 71 70.6 69.5 67.8 66 64.2 59.9 56.5 53.8 51.9 50 48.2 46.3 44.8 43.5 42.6 42.3 42.7 43.7 45 46.8 47.8 49.7 51 51.4 53 55.9 60.2 61 65.9 71 76.5 80.4 83.6 86 88.3 88.9 87.6 86.4 85.8 84.4 83.1 81.5
90.5 83.4 79.5 74.7 71.9 73.2 76.7 77.4 80.8 81.1 74.6 69.9 66.2 65.1 65.9 67.7 69.3 71.6 72.2 73.8 73 73.3 73.6 73.3 71.3 67.6 66.4 67.7 69.5 68.1 65.4 73 77 77.7 77.4 76.8 75 74.2 73 71.8 69.9 69 69.3 68.6 67.5 67.2 65.7 61.6 58.7 56 54.6 52.9 50.7 48.1 46.1 44.3 43 41.9 41.6 42.1 43.2 44.2 44.8 45.5 46.1 48.1 51 53.6 55.2 54.5 58 70 76.6 79.5 82.6 86 89.4 90.6 90.5 89.5 88.3 86.8 85.1 82.5
86.3 83.8 78.9 73.4 70.5 70.2 72.9 78.1 79 77.9 73.7 68.1 64.3 63.5 62.8 64.5 67.5 67.4 67.7 68.1 67.2 68.7 71.7 72 70.2 67.3 61.7 61 65.9 64.9 67 73.4 76.3 76.8 76.5 76 75.7 75.2 74 72.1 69.5 67.1 66.7 67 67.7 67.4 67.7 64.5 61.3 59.5 59.4 57 53.6 50.3 47.7 46.5 45 43.8 41.9 41.4 41.4 41.8 42.6 43.3 44.8 46.7 49.4 50.1 49.7 51.1 61.5 72.9 78.3 79.1 80.9 84.4 89.1 92.9 92.8 91.5 90.3 88.9 87.9 86.2
