app/static/ascii/SZ08.asc
ncols 200
nrows 200
xllcorner 400000
yllcorner 80000
cellsize 50
[rows 78 to 116 of 200, columns 0 to 86 of 200]
3.8 3.8 3.2 2.1 0.8 0.4 0.2 -0.5 -0.5 -0.5 -0.5 -0.5 -0.5 -0.5 -0.5 -0.5 -0.5 -0.3 -0.2 -0.1 0.1 0.4 10.2 9.6 8.8 6.6 4.5 5.7 0.4 0.3 0.1 0 0 -0.1 -0.2 -0.3 -0.5 -0.5 -0.5 -0.5 -0.5 -0.5 -0.5 -0.5 -0.5 -0.5 -0.5 -0.5 -0.5 -0.5 -0.5 -0.5 -0.5 -0.5 -0.5 0.1 2.5 0.5 0.3 0.2 0.1 0.1 0.1 0.1 0.3 3.5 4.3 3 2.6 2.6 2.6 1.9 1.3 2.2 3 4.3 2.5 3.5 0.2 -0.5 0.1 0 -0.1 -0.5 -0.5 -0.5 -0.5
3.7 3.7 2.6 1.6 1.8 1 0.7 0.2 -0.5 -0.5 -0.5 -0.5 -0.5 -0.5 -0.5 -0.3 -0.2 -0.1 0 0.1 0.4 10.9 9.6 8.7 7.6 4.9 3.4 0.4 0.3 0.1 0 -0.1 -0.1 -0.2 -0.3 -0.3 -0.5 -0.5 -0.5 -0.5 -0.5 -0.5 -0.5 -0.5 -0.5 -0.5 -0.5 -0.5 -0.5 -0.5 -0.5 -0.5 -0.5 -0.3 -0.1 0.2 2.9 2.5 2.2 0.3 0.3 0.3 0.4 0.4 2.3 3 4.4 2.3 2.5 2.6 2.7 2.3 1.7 1.2 4.4 6.2 2.7 1.8 2.9 1.4 2.1 1.6 1 0.6 0.1 -0.5 -0.5
2.6 2.9 1.7 1.5 1.1 1.2 0.5 0.7 -0.5 -0.5 -0.5 -0.5 -0.3 -0.2 -0.1 -0.1 0 0 0.2 0.3 10.5 10 9.6 8 5.8 1.1 0.4 0.2 0.1 0 -0.1 -0.2 -0.3 -0.3 -0.4 -0.5 -0.5 -0.5 -0.5 -0.5 -0.5 -0.5 -0.5 -0.5 -0.5 -0.5 -0.5 -0.5 -0.5 -0.5 -0.5 -0.5 -0.5 -0.2 0 0.3 3.2 1.2 0.4 0.4 0.4 0.4 0.4 2.3 3.6 2.5 3.1 2.3 2.7 2.7 2.7 2.7 2.1 1.8 3.7 2.4 2.8 1.7 1.5 2.8 3.8 4.4 3.7 3.7 0.4 -0.5 -0.5
0.4 0.5 0.5 1 0.4 -0.5 -0.5 -0.5 -0.5 -0.5 -0.5 -0.5 -0.1 0.2 0.2 0.2 0.2 0.2 0.4 8.9 10.1 9.6 9.1 8.3 5 1.5 0.3 0.1 0 -0.1 -0.2 -0.3 -0.4 -0.5 -0.5 -0.5 -0.5 -0.5 -0.5 -0.5 -0.5 -0.5 -0.5 -0.5 -0.5 -0.5 -0.5 -0.5 -0.5 -0.5 -0.5 -0.5 -0.3 -0.2 0 0.2 2.6 1.3 0.9 0.8 0.4 0.4 1.7 4.7 2.9 2.1 4.6 3.1 2.8 2.7 2.7 2.6 2.2 1.7 4.9 4.5 2.9 1.8 1.8 2.7 2.3 2.2 4.4 4.3 0.3 -0.5 -0.5
1.2 0.8 0.4 0.1 -0.5 -0.5 -0.5 -0.5 -0.5 -0.5 -0.5 -0.5 0 0.5 1.6 1.2 0.4 1.4 4.7 8 9.7 9.5 9.2 8.4 3.9 0.3 0.1 0 -0.1 -0.2 -0.4 -0.4 -0.5 -0.5 -0.5 -0.5 -0.5 -0.5 -0.5 -0.5 -0.5 -0.5 -0.5 -0.5 -0.5 -0.5 -0.5 -0.3 -0.2 -0.2 -0.2 -0.1 -0.1 -0.1 0.1 0.2 2.5 2.6 2.3 1.8 0.7 0.4 2.6 3.2 1.4 3 4.9 3 2.8 2.5 2.2 2.1 3.2 4.6 5.1 2.9 3 2 2.2 2.4 2.5 1.5 5.4 3.3 0.2 -0.5 -0.5
1.2 0.8 0.4 0 -0.5 -0.5 -0.5 -0.5 -0.5 -0.5 -0.5 -0.5 -0.1 0.3 2 2.9 4.9 6.6 7.6 9.2 9.8 9.6 8.6 6.3 2.1 0.3 0 -0.2 -0.3 -0.4 -0.5 -0.5 -0.5 -0.5 -0.5 -0.5 -0.5 -0.5 -0.5 -0.5 -0.5 -0.5 -0.5 -0.5 -0.5 -0.5 -0.3 -0.1 0 0.1 0.1 0.1 0.1 0.1 0.2 0.3 3 3.8 3.5 3.1 2.6 2.9 3.6 2.4 1.3 3 3.6 2.8 2.8 2.5 2.2 1.6 3.3 3.7 6.6 2.8 3.2 2.7 2.6 2.8 1.6 4.6 5 3.2 0.1 -0.5 -0.5
0.7 0.4 0.2 -0.1 -0.5 -0.5 -0.5 -0.5 -0.5 -0.5 -0.5 -0.3 0 0.3 0.4 3.7 6.3 8.8 9.7 10.1 9.7 8.4 7.4 5.2 0.8 0.1 -0.1 -0.3 -0.5 -0.5 -0.5 -0.5 -0.5 -0.5 -0.5 -0.5 -0.5 -0.5 -0.5 -0.5 -0.5 -0.5 -0.5 -0.5 -0.5 -0.5 -0.2 0 0.2 0.3 0.4 0.3 0.3 0.3 0.3 0.4 3.8 4.4 4.5 4.2 4 4.3 4 2.3 2.4 3.7 3 2.4 2.5 2.4 2 1.6 1.6 4.9 4.9 4.6 2.6 2.8 2.9 2.3 2.2 7.9 3.1 2.1 0 -0.5 -0.5
0.4 0.2 0 -0.3 -0.3 -0.3 -0.4 -0.5 -0.5 -0.5 -0.5 -0.2 0.1 0.4 0.4 3.9 7.5 10.2 10.4 10.5 9.5 7.7 6.3 3 0.3 0 -0.2 -0.5 -0.5 -0.5 -0.5 -0.5 -0.5 -0.5 -0.5 -0.5 -0.5 -0.5 -0.5 -0.5 -0.5 -0.5 -0.5 -0.5 -0.5 -0.2 0 0.2 0.4 0.7 0.4 0.4 0.4 0.4 0.4 3.6 4.7 4.8 5.1 5.3 5.2 5.1 4.1 2.4 2.4 4.7 3.7 2.8 2.6 1.8 1.6 1.5 3 2.4 5 3.9 3 3 2.5 2.1 6.1 4.3 4.3 1.2 -0.5 -0.5 -0.5
0.4 0.2 0 -0.1 -0.1 0 -0.2 -0.3 -0.4 -0.5 -0.5 0 0.2 0.4 1.1 4 7.5 10.6 10.9 10.9 9.2 7.3 5.7 0.4 0.4 0.1 -0.1 -0.3 -0.3 -0.5 -0.5 -0.5 -0.5 -0.5 -0.5 -0.5 -0.5 -0.5 -0.5 -0.5 -0.5 -0.5 -0.5 -0.5 -0.2 0 0.1 0.3 0.9 1.7 0.8 0.4 0.4 0.4 3.3 4.7 5.2 5.4 5.6 5.8 5.8 4.8 3.8 2.4 2.4 2.6 3.1 2.7 2.3 1.8 1.6 4.9 3.3 5.5 4.5 2.2 2.4 4.1 2.4 5.3 5 2.8 3.7 0.3 -0.5 -0.5 -0.5
0.4 0.3 0.2 0.2 0.2 0.2 0.1 0 -0.3 -0.5 -0.5 0.2 0.8 1.7 2.6 4.3 7.4 10.6 11.7 10.8 8.8 6.9 5 0.4 0.4 0.2 0 -0.1 -0.2 -0.4 -0.5 -0.5 -0.5 -0.5 -0.5 -0.5 -0.5 -0.5 -0.5 -0.5 -0.5 -0.5 -0.5 -0.2 0 0.1 0.3 1.3 4.2 3.7 3.1 1.3 0.7 2.9 4.5 4.9 5.4 5.9 6 5.7 4.2 3.7 3 2.5 2.4 2.4 2.4 2.3 1.9 1.9 2.5 4.4 5.5 3.3 3.2 3.1 3.5 3.3 4 6.5 3.1 3.7 3.5 0 -0.5 -0.5 -0.5
1.7 0.3 0.4 0.4 1.1 0.9 0.2 -0.1 -0.3 -0.5 -0.5 0.3 1.5 2.4 3.5 5.4 8 11.6 12.4 10.7 8.8 6.7 4.1 0.4 0.4 0.3 0.2 0 -0.2 -0.4 -0.5 -0.5 -0.5 -0.5 -0.5 -0.5 -0.5 -0.5 -0.5 -0.5 -0.5 -0.5 -0.5 -0.1 0.2 0.3 0.4 4.7 6 5.6 4.9 4.2 4.8 5.6 5.9 6 6.5 6.5 6.5 4 1.8 2.7 3.7 2.7 2.7 2.8 2.8 2.6 1.9 2.9 4.4 4.5 6.7 4.2 3.7 3.8 3.9 3.6 6.6 4.2 3.2 3.7 0.3 -0.5 -0.5 -0.5 -0.5
3.2 1.6 0.6 0.6 2.3 1.7 0.2 0 -0.2 -0.5 -0.5 1.4 2 3.1 4.4 6.4 9.1 12.9 12.2 10 7.8 5.7 3.7 0.4 0.4 0.7 0.3 0.1 -0.1 -0.3 -0.5 -0.5 -0.5 -0.5 -0.5 -0.5 -0.5 -0.5 -0.5 -0.5 -0.5 -0.5 -0.5 0.5 0.8 0.4 0.4 4.2 6 6.9 6.8 6.6 6.3 6.5 6.8 6.9 6.6 6.4 4.1 1.8 1.8 2.6 3.2 2.8 3.1 3.2 3.2 2.9 1.7 3 3.9 6 4.3 3.2 3.7 3.9 4.2 6.1 7.2 3.9 4.2 4.3 -0.5 -0.5 -0.5 -0.5 -0.5
5.4 3.3 1.9 1.6 2.4 2.2 0.3 0 -0.2 -0.5 -0.1 1.6 2 2.9 4.3 6.1 10 13.7 11.8 9.3 7 4.8 3.2 2.2 1.9 0.9 0.2 0 -0.2 -0.4 -0.5 -0.5 -0.5 -0.5 -0.5 -0.5 -0.5 -0.5 -0.5 -0.5 -0.5 -0.5 -0.5 0.2 1.5 1.6 1.7 4.8 7 7.4 7.6 7.4 7.4 7.4 7.7 7 6.3 6.2 2.5 2.3 2.5 2.7 2.8 3.1 3.4 3.6 3.5 3 1.9 4.1 4.8 2.6 4.7 2.3 3.1 2.6 3.7 5.1 4.9 3.8 4.5 0.2 -0.5 -0.5 -0.5 -0.5 -0.5
7.6 4.9 3.3 2 1.5 1.9 0.3 0.1 -0.1 -0.2 0.1 0.4 1.8 2.7 4.1 5.9 10.2 13.7 11.9 9.3 6.7 4.6 3.9 3.3 2 0.7 0.2 -0.2 -0.5 -0.5 -0.5 -0.4 -0.3 -0.4 -0.5 -0.5 -0.5 -0.5 -0.5 -0.5 -0.5 -0.5 -0.5 0 0.3 1.9 3.3 5.4 7.5 8 8.4 8.3 8.5 8.3 8.3 7.3 6.4 5.7 2.2 2.1 2.4 2.6 2.9 3.1 3.4 3.5 3.4 3.1 2.5 2.4 3.5 5.6 3.3 2.3 3 3.3 4.9 6 4.4 3.8 2.3 -0.5 -0.5 -0.5 -0.5 -0.5 -0.5
9.7 6.5 5.2 4.4 2.1 0.4 0.4 0.3 0.1 0 0.3 0.4 1.2 2.6 3.8 5.6 9.6 13.3 12 9.6 5.6 4.6 4.1 3.4 2 0.4 0 -0.5 -0.5 -0.5 -0.3 -0.2 -0.1 -0.3 -0.5 -0.5 -0.5 -0.5 -0.5 -0.5 -0.5 -0.5 -0.5 -0.1 0.2 1.7 4.6 5.8 7.2 8.2 8.7 9.9 9.6 9.2 8.6 7.6 6.5 1.4 1.8 1.8 2.3 2.7 2.9 3.2 3.4 3.4 3.4 3 2.4 2.3 3.8 4.9 3.2 3 3.2 3.4 4.1 5.9 4.8 3.3 -0.5 -0.5 -0.5 -0.5 -0.5 -0.5 -0.5
13.1 7.7 8 7.7 5.3 1.6 0.4 0.4 0.3 0.2 0.4 0.4 2 2.8 3.6 5.8 10 13.4 11.8 9.6 6.7 4.7 4.2 3.7 2.3 0.4 -0.1 -0.5 -0.5 -0.2 -0.1 0 0 -0.2 -0.3 -0.5 -0.5 -0.5 -0.5 -0.5 -0.5 -0.5 -0.5 -0.2 0.1 0.3 2.7 4.6 6.3 8.7 9.7 10.3 10.2 9.9 8.9 7 4.2 1.8 1.8 1.8 1.8 2.6 2.7 2.8 2.9 3 3.1 2.7 2.6 3.9 5.1 3.6 3.8 3.1 3 4.4 3.9 6.4 4.5 0.6 -0.5 -0.5 -0.5 -0.5 -0.5 -0.5 -0.5
12 8.8 12.5 14 10.5 6.1 2.7 1.2 1.1 1.1 0.4 1.8 2.2 3.2 4.2 6.3 10.8 14.3 12.4 10.4 7.1 5.1 4.1 4.1 2.7 0.4 -0.1 -0.5 -0.5 -0.2 0.1 0.2 0.2 0 -0.2 -0.4 -0.5 -0.5 -0.5 -0.5 -0.5 -0.5 -0.5 -0.2 0 0.2 0.3 4.5 6.1 8.6 10.1 10.6 10.7 10.3 9.1 5.8 1.8 1.8 1.8 1.8 2.7 2.7 2.2 2.1 2.2 2.3 3.1 3.1 3.7 3.5 2.9 3.4 3.8 3.6 3.1 6.5 5.6 6.7 2.6 -0.5 -0.5 -0.5 -0.5 -0.5 -0.5 -0.5 -0.5
12.5 11.5 15.5 16.6 12.6 9 5.2 4.1 3.2 2.8 2.2 2.5 3.2 3.8 4.8 6.8 10.8 14.1 12.1 9.8 7.6 5.6 3.9 4.5 3.7 0.5 0.2 -0.5 -0.5 -0.1 0.2 0.4 0.3 0 -0.2 -0.5 -0.5 -0.5 -0.5 -0.5 -0.5 -0.5 -0.5 -0.3 -0.1 0 0.2 4.4 7.2 9.5 10.6 11.1 10.8 10.1 7.8 1.5 1.8 1.8 1.8 1.8 2.8 2.7 2.6 2 1.8 2 3 3.9 2.3 2 2.3 2.8 3.5 4 5.2 4.3 5.3 5 0.3 -0.5 -0.5 -0.5 -0.5 -0.5 -0.5 -0.5 -0.5
13 13.7 17.6 18.6 15.8 10.9 7.4 5 4.8 4.3 3.7 3.4 4 4.7 5.4 7.1 10.6 12.7 12 9.9 9.4 8.1 4.7 4.1 4.2 2.2 0.7 0 -0.5 0.3 0.4 0.4 0.4 0.1 -0.2 -0.5 -0.2 -0.3 -0.5 -0.5 -0.5 -0.5 -0.5 -0.5 -0.3 -0.1 0.2 2.7 9.1 10.1 11.2 11.2 10.5 7.9 4.7 1.7 1.8 1.8 1.8 2.7 2.8 2.4 2.7 2.2 2.1 2 2.9 2.2 1.9 1.8 1.9 2.1 2.8 3.6 5 4.7 6.2 3.1 -0.5 -0.5 -0.5 -0.5 -0.5 -0.5 -0.5 -0.5 -0.5
15.2 16.3 19.4 18.6 16 11.8 8.5 6.7 7 5.8 5.2 4.6 4.8 5.8 6.7 8.2 10.6 12 12.1 10.6 10.6 10.1 7.1 6.4 4.4 2.6 1.5 0.4 -0.5 0.4 0.4 0.4 0.4 0.2 -0.5 -0.5 0 0 -0.2 -0.3 -0.5 -0.5 -0.5 -0.5 -0.5 -0.2 0.2 5.5 8.8 10.4 11.5 10.9 7.1 3.5 2.7 1.8 1.8 2.5 2.6 2.7 2.9 2.2 2.8 2.5 2.4 2.3 2.1 2 1.6 1.7 1.7 1.6 3.4 4.9 3.5 4.1 3.8 0.4 -0.5 -0.5 -0.5 -0.5 -0.5 -0.5 -0.5 -0.5 -0.5
17.8 18.9 19.7 18.5 15.4 12 9.3 7.8 6.8 6.1 6 5.9 7.4 7.9 8.9 11.3 12.4 13 13.9 13.2 13.3 12.4 9.3 6.3 4.4 3.2 1.9 0.6 -0.5 0 0.4 0.1 -0.5 -0.5 -0.5 0.4 0.3 0.3 0.1 -0.1 -0.4 -0.5 -0.5 -0.5 -0.5 -0.1 1.2 7.3 9.7 11.6 12.4 8.5 4 2.3 0.6 1.8 1.8 2.5 2.4 2.4 1.6 1.4 2.8 2.6 2.3 2 1.7 1.7 1.7 1.7 1.7 1.7 2.7 6.2 4.1 3.4 3.2 -0.5 -0.5 -0.5 -0.5 -0.5 -0.5 -0.5 -0.5 -0.5 -0.5
19.4 20.2 20.2 19.6 15.2 11.9 9.4 7.4 5.7 6.6 7.5 9.3 10.6 10.9 12.5 13.5 14.1 14.7 15.1 15.2 14.8 12.5 9.4 6.7 5.3 3.6 2 0.5 -0.5 -0.1 0.3 0.1 -0.5 0.2 1.1 0.5 0.4 0.3 -0.1 -0.5 -0.5 -0.5 -0.5 -0.5 -0.5 0.2 6.4 8.7 10.4 9.5 9.5 7.4 3.7 2.9 2.1 2.2 1 1.8 1.1 1.8 1.8 1.8 2.4 2.1 1.9 1.6 1.4 1.7 1.7 1.7 2.6 3.8 3.7 2.8 4.1 4.7 1 -0.5 -0.5 -0.5 -0.5 -0.5 -0.5 -0.5 -0.5 -0.5 -0.5
19.1 20.6 20.5 19.9 16.5 12.9 9.3 8 8.8 11.1 11.4 12.9 14 15 14.7 15.3 15.9 15.5 15.5 15.9 15.4 13.1 10.4 7.4 5.9 4.5 2.8 1.4 -0.1 -0.1 0.3 0.3 0.4 1.7 1.7 0.1 -0.5 -0.5 -0.4 -0.2 -0.5 -0.5 -0.5 -0.5 -0.5 0.3 7.7 9.1 8.7 7.1 6.7 5 4 3.1 2.2 2.2 2.4 1.8 1.8 1.8 1.8 1.8 2.1 1.9 1.8 1.6 1.5 1.8 1.7 1.7 3.2 2.8 6.3 2.7 3.8 3.6 -0.5 -0.5 -0.5 -0.5 -0.5 -0.5 -0.5 -0.5 -0.5 -0.5 -0.5
20.7 20.6 20.4 20.2 16 13.1 10.7 11.8 13.5 14.9 15.1 15.8 16.8 17.7 17.3 16.6 15.9 16 16 16 15.3 13.4 10.3 8.5 6.5 5.2 3.9 2.2 0.9 0.4 0.4 2 2.5 2.8 1.5 0.2 -0.5 -0.2 -0.1 0.2 0.4 0 -0.1 -0.5 -0.5 3.4 8.2 9.4 7.7 4.9 2.9 3.7 3.5 3.3 2.4 1.8 1.8 1.8 1.8 1.8 1.8 1.8 1.8 2.5 2.1 2.1 2 2.4 4.3 1.9 3.7 5.8 5.7 3.6 3.9 2.6 -0.5 -0.5 -0.5 -0.5 -0.5 -0.5 -0.5 -0.5 -0.5 -0.5 -0.5
21.9 21.1 20.4 20.3 15.5 12.9 13.9 15.8 16.5 17.3 17.7 18.5 18.1 17.9 17 16.2 16.3 16.4 16.4 15.9 15.4 14 10.5 8.9 7.4 6.2 4.7 3 1.7 0.9 1.8 3 3.5 3.6 0.4 -0.1 -0.5 0.3 0.4 0.4 0.4 0.4 0.2 -0.2 -0.5 6.1 8.3 9.7 8 4.6 4.1 2.7 2.9 2.4 1.8 1.8 1.8 2.7 1.8 1.8 1.8 1.8 1.8 2.8 2.8 2.7 2.7 2.9 4.7 3.7 3.8 6.3 3.5 3.9 4 -0.5 -0.5 -0.5 -0.5 -0.5 -0.5 -0.5 -0.5 -0.5 -0.5 -0.5 -0.5
23.5 23.3 21.7 19.8 15.3 14.7 17.7 19.2 19.3 19.4 19.2 18.8 18.3 17.7 16.6 15.4 15.8 16.2 15.6 15.7 13.4 11.4 9.3 8.4 7.9 7.1 5.7 4 3.1 2.9 3.3 3.8 4.2 2.5 0.1 -0.5 -0.5 2.4 0.4 0.4 0.4 0.4 0.4 0 -0.5 0.5 7.1 9.9 9 7.4 6.1 4.9 2.9 1.8 1.8 1.8 2.4 2.3 1.8 1.8 1.8 1.9 2.8 2.6 2.4 2.3 2.1 3.2 5.4 3.9 4.3 7.1 3 3.7 3 -0.5 -0.5 -0.5 -0.5 -0.5 -0.5 -0.5 -0.5 -0.5 -0.5 -0.5 -0.5
24.5 24.9 23.2 20 17.5 18.7 21.4 21.6 21.6 19.9 19.4 18.3 17.1 16.5 16.1 14.5 14.7 12.2 11.1 14.5 13.2 8.2 6.4 5.4 6 5.2 4 4.6 5 4.9 4.8 4.7 3.8 0.3 -0.2 -0.5 3.3 3.5 2 1.3 1.3 1.2 1.1 0.2 -0.5 0.2 5.9 8.6 10.9 11.3 9.3 6.5 4.4 1.3 1.8 1.8 2.6 2.4 1.8 1.8 1.8 2 2.8 2.5 2.2 2.1 2.4 3.4 4.2 6.4 5.7 3 3.7 3.4 1.2 -0.5 -0.5 -0.5 -0.5 -0.5 -0.5 -0.5 -0.5 -0.5 -0.5 -0.5 -0.5
25.3 25.4 23.2 20.4 19.3 21 22.6 23.6 20.2 19 17.6 16.3 15.6 15.2 15.1 14.6 14.7 14.1 9.2 10.5 9.8 6.3 4.2 4.1 4.2 4.6 5.4 6.3 6.4 6.2 5.8 5.2 2.8 -0.5 -0.5 -0.5 4.1 5.5 4.2 3.6 3.6 3.7 2.9 0.3 0.1 -0.5 3.3 7.3 10.5 12.5 13.3 9.9 5.9 2.9 1.7 2.6 1.8 1.6 1.8 1.8 1.8 2.4 2.3 3 2.1 2.5 2.7 2.8 3.9 4.8 4.8 2.6 4 4.2 -0.5 -0.5 -0.5 -0.5 -0.5 -0.5 -0.5 -0.5 -0.5 -0.5 -0.5 -0.5 -0.5
25.8 25.6 23.9 22 21 22.5 21.2 19.6 17.6 16 14.7 14.8 13.2 14.8 14.9 14.4 13.3 13.3 10.3 9.3 8.9 6.4 4.4 4 4.7 5.4 6.3 6.7 6.5 5.7 5.6 4.6 2.2 -0.5 -0.5 3.5 4.1 5.3 6.3 5.7 5.6 5.1 4.6 4.1 2.2 -0.5 1.6 8.7 9.5 12.9 13.8 12 7.1 5.5 3.3 2.6 2.4 2.7 1.8 1.8 1.8 2.7 2.9 6 3.8 2.3 2.4 2.6 7 5.9 2.3 2.8 5.2 1.5 -0.5 -0.5 -0.5 -0.5 -0.5 -0.5 -0.5 -0.5 -0.5 -0.5 -0.5 -0.5 -0.5
25.7 25.4 24 22.8 23.3 21.4 19.7 18.1 16 14.7 16.2 14.9 11.3 14 13.7 14.4 13.4 12.1 11.4 9.6 9.4 9.4 7.9 6.8 5.2 7.9 7.2 7 6.8 5.9 4.7 3.9 1.9 0.8 -0.5 -0.5 5 6 6.8 7.1 6.7 5.8 6.2 5.8 4 -0.5 -0.5 3.9 7.7 13.3 14.7 12.2 9.4 9.9 5.4 1 1.8 0.6 2.7 1.8 1.8 1.8 2.8 3.2 6.6 3.7 2.2 2.4 3.9 5.9 2.8 3.8 4.7 -0.5 -0.5 -0.5 -0.5 -0.5 -0.5 -0.5 -0.5 -0.5 -0.5 -0.5 -0.5 -0.5 -0.5
25.2 25 23.7 21.6 21.9 19.6 19.4 19.1 16.6 12.3 15.6 14.2 14.8 14 10 9.5 9.3 10.2 10 10.4 10.1 10.1 9.3 8.4 7.4 6.5 6.9 6.3 4.5 4.2 3.8 3.1 2.4 1.1 -0.5 -0.5 5.3 6.1 6.9 7.5 7.2 6.6 6 5.7 3.9 1 -0.5 7.8 10.4 12.2 14.5 14.6 12 9.1 5.6 1.4 1.8 1.8 1.8 1.8 1.8 1.8 1.8 4.6 6.6 6.8 2.8 2.5 4.9 4.7 2.4 4.6 2.4 -0.5 -0.5 -0.5 -0.5 -0.5 -0.5 -0.5 -0.5 -0.5 -0.5 -0.5 -0.5 -0.5 -0.5
24.4 24.7 23.6 21.6 19.8 20.4 20.6 20.1 20 19.7 16.8 14.7 16.2 16.6 15.4 14.5 14.1 12.5 12.6 12.5 11.1 10.6 10.5 8 9.3 8.7 5.4 6.2 5.7 5.6 4.6 4.4 2.7 1.3 -0.5 6 5.9 5.9 7.1 7.9 7.6 6.8 6 6 4 2.6 2.2 4.3 6.3 10.9 15.4 16.6 14.6 11.8 9.8 5.3 1.8 1.8 1.8 1.8 1.8 1.8 1.8 4 4.1 5.3 5.2 4.2 6.2 3.2 2.5 3.5 -0.5 -0.5 -0.5 -0.5 -0.5 -0.5 -0.5 -0.5 -0.5 -0.5 -0.5 -0.5 -0.5 -0.5 -0.5
23.7 24.5 23.2 22.2 21.3 22.2 22.1 21.4 21.1 20.9 23 23.4 20.5 19.1 18.6 17.4 17.1 17.2 17 16.2 13.4 10.6 10.5 14.5 10.6 9.9 9.2 6.6 7.4 7.4 6 5.2 4.7 2.9 -0.5 7.4 7.6 7.9 8.1 8.4 8 7.2 6.4 6.4 5 4.3 2.6 3.7 5.6 8.8 13.3 17.4 17.1 15.7 10.2 5.8 1.8 1.8 1.8 1.8 1.8 1.8 1.8 3.7 3.8 4.1 3.8 5 6 2.7 2.7 4.5 -0.5 -0.5 -0.5 -0.5 -0.5 -0.5 -0.5 -0.5 -0.5 -0.5 -0.5 -0.5 -0.5 -0.5 -0.5
23 24.2 23.2 22.6 22.5 22.9 22.7 22.6 22.4 22.2 21.5 21.8 21.3 20.7 20.1 19.3 18.9 19.5 19.7 19.1 18.7 18.2 16.7 15.6 13.3 11 10.6 8.2 7.9 8.6 6.4 5.2 4.9 2.8 7.3 7.6 8.1 8.5 8.8 9.1 9 8.1 7.5 7.6 7.1 5.4 3.2 3.2 5.8 8.2 10.8 16.9 17.8 13.8 6.7 1.8 1.8 1.8 1.8 1.8 1.8 1.8 1.8 3.3 3.7 4.4 5.7 2.9 6.4 2.6 3.9 -0.5 -0.5 -0.5 -0.5 -0.5 -0.5 -0.5 -0.5 -0.5 -0.5 -0.5 -0.5 -0.5 -0.5 -0.5 -0.5
22.9 24 24 23.4 23.7 23.7 24.4 23.8 23.6 23.2 23.1 22.9 22.9 22.2 21.4 20.7 20 20.7 21.5 20.7 19.9 18.8 16.9 14.8 13 11.9 11.2 10.5 9.5 8.1 6.1 5 4.6 6.9 8 8.5 8.8 9.1 9.4 9.7 10.1 9.8 9.5 10.5 8.5 5.4 4.1 7.1 8.2 8.4 9.5 11.1 8.8 5.6 3 1.8 1.8 1.8 1.8 1.8 1.8 1.8 1.8 2.6 3.9 3.9 6.3 2.5 5.4 2.6 5 -0.5 -0.5 -0.5 -0.5 -0.5 -0.5 -0.5 -0.5 -0.5 -0.5 -0.5 -0.5 -0.5 -0.5 -0.5 -0.5
24.3 24.8 24.6 24.3 24.2 24.6 25.9 25.5 24.9 24.6 24.1 23.8 23.7 23.4 22.8 22 21.3 21.5 21.7 21 20.1 18.1 15.6 14.2 13 12.4 12 10.9 10.1 7.7 5.6 4.4 5.9 8.1 8.7 9.5 9.8 10.1 10.4 10.8 11.7 12.1 11.9 10.4 7.4 5.2 6.7 12.5 9.7 9.5 10.3 8.6 6.1 4.2 3 3.2 2.7 1.8 1.8 1.8 1.8 1.8 1.8 4.3 3.6 4.2 6.7 2.5 4.2 3.4 -0.5 -0.5 -0.5 -0.5 -0.5 -0.5 -0.5 -0.5 -0.5 -0.5 -0.5 -0.5 -0.5 -0.5 -0.5 -0.5 -0.5
25.7 26.2 25.7 25.8 25.5 25.4 25.5 25.4 25.4 25.4 25.1 24.7 24.5 24.2 23.9 23.3 22.6 21.9 21.8 21.1 20.1 18.4 16.3 15.2 14.2 13.4 12.7 11.5 10 7.5 4.1 5.8 7.8 8.7 9.7 10.4 10.7 11 11.5 12 13.3 13 11.8 9.7 6.9 6.4 10.6 12.6 10.3 11.1 12.1 9.8 7 5.6 4.6 4.4 4.5 4.2 3.9 3.2 1.8 1.8 1.8 3.5 3.4 3.1 6.8 4.7 5 4.4 -0.5 -0.5 -0.5 -0.5 -0.5 -0.5 -0.5 -0.5 -0.5 -0.5 -0.5 -0.5 -0.5 -0.5 -0.5 -0.5 -0.5
27.5 27.7 27.3 27.3 27 26.9 27 26.6 26.3 26.2 26 25.6 25.2 25 24.7 24.4 23.3 21.9 21.8 22.9 22.6 18.9 16.5 15.5 14.6 13.7 12.8 12.5 10.4 7.9 6.3 8 8.5 9.3 10.2 11.1 11.8 12.3 12.7 13.9 14.8 13 11.2 9.8 7.6 8.2 13.6 14.5 11.9 12.4 14 12.7 8.4 7.4 7.1 7.2 7.1 6.8 4.9 2.9 1.8 1.8 1.8 3.8 4.8 3.2 7 5.5 3.9 5.3 -0.5 -0.5 -0.5 -0.5 -0.5 -0.5 -0.5 -0.5 -0.5 -0.5 -0.5 -0.5 -0.5 -0.5 -0.5 -0.5 -0.5
28.5 28.8 29 28.8 28.6 28.4 28.4 28 27.7 28.1 27.3 26.6 26.6 25.9 25.2 24.9 23.8 21.4 20 20.6 21.2 19.8 15.5 14.7 13.8 12.9 12.1 11.4 10.5 8.5 7.7 9 9.6 10.6 11.5 12.5 12.7 13.3 13.9 16.1 15.3 14.1 12.6 10.5 7.5 9.4 15.9 14.5 14 13.5 14.6 14.4 9.9 9.8 9.9 9.7 9.5 7.5 5.5 3.5 1.8 1.8 1.8 3.1 2.9 3.3 6.9 5.4 4.5 4.9 -0.5 -0.5 -0.5 -0.5 -0.5 -0.5 -0.5 -0.5 -0.5 -0.5 -0.5 -0.5 -0.5 -0.5 -0.5 -0.5 -0.5
