app/static/ascii/SZ38.asc
ncols 200
nrows 200
xllcorner 430000
yllcorner 80000
cellsize 50
[rows 74 to 110 of 200, columns 0 to 83 of 200]
-0.8 -0.8 -0.8 -0.8 -0.8 -0.8 -0.8 -0.8 -0.8 -0.8 -0.8 -0.8 -0.8 -0.8 -0.8 -0.8 -0.8 -0.8 -0.8 8.5 13 18.1 20.5 22.5 25.2 27.9 32.4 35.8 36.4 43.1 54.3 61.8 62.3 61.9 71.7 72 71.4 67.1 61.9 57.1 56.4 56.3 54.8 52 48.8 45.4 42.1 42.4 47.3 51.5 54.3 57.5 60.2 60.7 59.3 56.1 53 48.7 45.6 41.7 40.1 41.4 38 33.9 30.3 26.6 23.6 26.8 27.6 27.9 25.8 27.2 29.1 29 29.1 28.8 28.4 28.5 29.7 29.6 26.1 22.7 21.8 19.9
-0.8 -0.8 -0.8 -0.8 -0.8 -0.8 -0.8 -0.8 -0.8 -0.8 -0.8 -0.8 -0.8 -0.8 -0.8 -0.8 -0.8 5.7 12.2 17.9 27.9 35.6 45.7 46.5 47.7 49.5 50.6 50.6 55.4 58.2 63.9 71.6 77.4 78.3 76.2 75 72.5 65.9 63.2 61 60.3 59.4 57.7 54.5 50.5 49.4 43.7 44.3 49.4 54.1 56 59.5 61.8 62.4 61.4 58.7 56.2 52.9 51.2 47.9 45.3 43.7 38.9 35.6 31 27.6 25.3 28.6 28.9 28.5 27.7 27.4 30.4 31.4 32 31.4 30.1 29.5 30.3 28.8 25.4 23.1 22.1 20
-0.8 -0.8 -0.8 -0.8 -0.8 -0.8 -0.8 -0.8 -0.8 -0.8 -0.8 -0.8 -0.8 -0.8 -0.8 -0.8 11.9 16.3 27.1 37.8 48.3 56.4 60.3 60.5 60.6 63.1 63.5 63.4 64.6 66.3 71.2 76.4 80.3 80.2 78.7 76.3 71.5 68.1 67.6 66.8 65 62.8 59.4 57 52.6 50.2 45.5 46.5 52.9 56.6 58.6 61 63.9 64.8 63 60.3 57.9 56.6 54.5 51.3 47.9 44.4 41 37.9 34.6 29.6 28.5 32.3 31.8 30.7 30.4 29.8 31.6 34.3 35.3 33.5 31 29.2 29.1 28 24.8 23.4 20.6 19.1
-0.8 -0.8 -0.8 -0.8 -0.8 -0.8 -0.8 -0.8 -0.8 -0.8 -0.8 -0.8 -0.8 1.2 12.8 18.6 25.2 34.2 46.8 60 64.7 69.3 71.5 71.4 70.3 73.2 73.3 72.8 71.8 74.8 80 83.5 85.9 84.3 80 76.5 73.2 72.1 72.3 70.4 66.6 62.7 59.7 57.1 55.3 50.7 45.9 49.3 55.7 59.4 61.8 64.5 66.9 66 62.6 58.9 55.1 53.5 50.5 48.5 46.1 41.9 39.3 36.7 33.8 28.7 32.8 35.2 34.4 33.3 34 33.8 34.2 37.7 37.7 36.5 34.2 32.3 30.3 28 26.3 23.5 20.6 17.7
-0.8 -0.8 -0.8 -0.8 -0.8 -0.8 -0.8 -0.8 -0.8 -0.8 -0.8 6.8 13.9 26.7 31.4 37.3 45.7 50 58.5 68.4 74.3 81.1 84.4 79.6 78.5 85.1 83.9 81.9 85.2 89.5 94.4 92 88.6 84.5 80.3 78.5 77.3 75.4 74 70.3 66.5 62.7 59.9 57.4 54.4 48.7 47.3 48.3 56.7 60.9 64.4 66 66.5 63.5 58.8 54.8 51.2 48.9 46.5 44.7 41.6 39 35.3 33 31.3 33.3 37.2 37.7 36.6 36.3 37.4 39.6 40.7 41.1 40.2 39.4 37.3 35 32.5 30.2 27.2 24 20.9 18.1
-0.8 -0.8 -0.8 -0.8 -0.8 -0.8 -0.8 -0.8 -0.8 -0.8 8.6 18.1 25.3 36.3 57.2 59.6 61.9 64.9 69.5 77.3 84.3 85.8 95.4 95.3 95 104 102 101.8 98.5 104 103.1 97.1 94.1 90.3 89.4 85.5 80.7 77.7 74.3 70.3 66.4 62.6 59.9 56.3 51.6 48.9 49.8 47.7 54.8 59.2 62.9 64.1 64.5 61.3 56.2 52 49.2 46.2 43.8 40.7 38.5 37.8 36.4 36.9 35.9 41.2 42.2 40.6 38.9 39.7 42.2 44.5 44.1 43.9 43.2 41.6 38.9 35.8 32.6 29 25.4 22 22.2 21
-0.8 -0.8 -0.8 -0.8 -0.8 -0.8 -0.8 -0.8 -0.8 -0.8 19.5 27.3 39.2 51.5 70.4 70.4 70 72.8 78.3 85.3 98.6 104.6 108.5 103.3 108.9 110.5 110.8 110.5 109.8 107.4 104.8 104.3 101.9 102.9 97.3 88.7 82 77.6 73.9 69.5 64.9 61.5 57.9 54.7 52.9 53.6 55.3 53.6 54.3 57.3 60.7 62.2 62.7 60.3 55.7 52.9 49.6 45 42.3 40.4 39.8 39.6 38.9 42.5 40.5 44.4 44 42.6 43.6 44.6 46.9 46.2 46.1 44.3 42.5 40.2 37.4 34 30.9 27.5 24.1 23.2 24.2 23.8
-0.8 -0.8 -0.8 -0.8 -0.8 -0.8 -0.8 -0.8 -0.8 0.5 23.2 45.3 54.4 63.7 70.9 76.6 79.9 82.4 87.3 93.5 112.4 113.9 112.1 111.4 114 114.4 114.6 114.3 112.9 110.7 108.7 107 105.7 100.9 93.6 85 80.9 76.2 71.4 66 62.6 59.6 56.8 56.7 58.2 58.6 59.3 56.6 55.2 57.6 60 62.3 64.5 60.7 55.2 51.4 49.6 45.8 42.6 42 43.2 41.5 43.1 49.7 49.2 48.7 46.5 45.9 48.6 49.4 47.6 45.8 44.2 42 40.2 38.1 35.7 31.9 29 26.8 25.9 26.8 28 25.3
-0.8 -0.8 -0.8 -0.8 -0.8 -0.8 -0.8 -0.8 -0.8 0.6 19.2 52.1 71.4 73.8 74.7 82.7 84.5 89.5 102.4 111.2 112.4 115.2 114.7 117.1 118 118 115.9 113.5 112.3 107.2 105.7 102.5 99 92.2 85.7 81.1 77.1 72.9 68.5 63.3 60.4 60.1 59.1 60.2 62.1 63.1 61.3 57.2 56.9 62.1 66.5 67.5 63.9 60.3 55.8 53.2 50.6 48 43 48.9 51.2 46.2 45.5 54.3 56.4 54.3 50.1 51 51.6 51.3 48.3 46.6 42.8 39.9 37.7 35.7 34 31 29 28.9 29.7 31.7 30.6 27.3
-0.8 -0.8 -0.8 -0.8 -0.8 -0.8 -0.8 -0.8 -0.8 0.7 18.4 48 70 75.3 82.4 82.9 90.1 95.8 96.7 95.5 98.2 100.8 99.6 104.4 105.3 104.4 102.8 100.6 102 100.1 96.2 92.6 91 85 81.1 77.8 74.3 70.3 67 63.6 64.5 63.6 63.8 67 68.2 66.2 62.5 58.4 58.4 63.8 68.1 67.6 63.9 61 59.2 57.4 55.8 50.5 47.1 52 55.2 47.6 47.7 51.7 57 55.8 53.9 54.9 55 53.8 50.7 47.3 44.1 40.9 40.1 38.7 35.8 34.1 33.5 33 35.3 36.8 33.5 30.3
-0.8 -0.8 -0.8 -0.8 -0.8 -0.8 -0.8 -0.8 -0.8 0.7 15.2 46.3 62.1 73.6 79.4 76 79.8 82.7 84.6 84.4 85.7 87.2 88.8 92.1 90.6 89.7 89.6 89.1 88.9 88.8 90.9 87.8 85.1 81.5 78.8 75.1 72.5 69.8 67.8 67.4 70.8 70 69.6 70.7 70.8 66.6 63.1 60.9 61.3 67.3 71.2 68.9 65.6 65.7 65.7 62.9 56.9 51.2 50.5 53.9 54.2 53.2 53 55.5 58.7 60 58.5 58.1 58.7 56.1 53.6 50.9 47.7 44.6 42.7 41.5 39.5 39.5 39.1 41.1 42.1 40.3 36.9 32.2
-0.8 -0.8 -0.8 -0.8 -0.8 -0.8 -0.8 -0.8 -0.8 0.4 10.7 38.3 58.2 65 67.2 69.2 71.4 74 76.7 76.1 78 78.7 79.6 82.9 81.7 80.8 80.2 80.2 80 84.4 88.5 86.5 83.7 81.3 78 75.6 72.9 69.2 69.6 72.7 76.1 75.1 74.8 74.9 72.6 68.3 68 69.8 65.8 75.3 76.4 71.3 70 69 66.4 61.4 56.5 55.6 55.8 60.1 61.4 63.4 65 69 67 70.3 70.5 68.3 66 61.3 58.4 57.1 55.8 52.8 50.2 47.2 49.2 52.1 50 50.1 47.7 43.9 38.7 33.6
-0.8 -0.8 -0.8 -0.8 -0.8 -0.8 -0.8 -0.8 -0.8 0.2 5.4 34.2 53.8 56.9 59.6 61.5 64 66.4 69.1 69.2 70.6 70.8 72.1 75.9 74.5 72.7 72.2 72.2 76.3 83.5 88.3 85.7 83.5 81.2 79.7 81.6 77.8 72.6 71 75.9 79.9 80.1 79.7 78 74.2 70.6 72.1 72.7 72.3 76.3 77.4 75.7 75.2 72.8 70.2 67.9 67.6 69.5 71.7 76.2 78.4 80.7 83.1 84.8 84.9 85.1 83.6 83 80.9 77.4 74.8 73.3 71.7 69.4 66.3 63.3 62.2 60.3 58.9 55.5 51.1 45.8 40.1 33.7
-0.8 -0.8 -0.8 -0.8 -0.8 -0.8 -0.8 -0.8 -0.8 -0.8 2.4 22.3 35.8 48.4 51.7 55 58.3 60.1 62.6 64 64.9 64.6 67.7 69.2 66.6 65.2 66.5 68.3 72.7 82.1 86.4 84.9 85 85.4 83.7 82.9 78.4 74.3 74.9 79.2 84.2 86.4 83.7 79.3 75.5 75.2 76.7 76.5 77.5 79.9 82.8 85.7 87.3 87 86.7 85.8 86.4 88.1 89.8 92.7 95.6 96.2 97.9 98.4 97.6 96.4 94.9 92.5 90.3 88.4 86.2 83.4 81.2 78.9 76.2 72.9 70.4 67.2 62.5 58 53 46.3 40.3 31.9
-0.8 -0.8 -0.8 -0.8 -0.8 -0.8 -0.8 -0.8 -0.8 -0.8 1.7 21 32.9 32.4 43.8 49 51.6 54.6 56.3 58 57 55.5 57.7 58.1 60.1 62.9 66.3 67.4 70.2 79 82.8 85 86.2 86.4 85.4 82.5 79.6 76.6 80.7 85.9 90.5 91.4 87 80.6 79.5 81 82.3 82.7 83 81.8 94.8 100.6 102.6 103.7 103 103.1 103.8 105.5 106.5 106.3 108.1 107.9 108 108.1 106.6 104.9 101.4 98.4 95.6 93.1 91 88.1 85 81.2 78.2 75.1 72.1 68.4 64.3 59.5 54.5 47.5 39.7 32.1
-0.8 -0.8 -0.8 -0.8 -0.8 -0.8 -0.8 -0.8 -0.8 -0.8 0.6 31.7 47.3 48.2 41.6 38 42.6 47.4 51.1 52.1 53.5 57.4 56.3 58.6 62.2 67.3 72.4 71.8 70.9 75.4 80.9 85.8 87.7 87.8 85.8 82.9 79.9 78.5 83 87.4 90.4 91.9 89.1 85.3 85.6 87.1 89.3 93.9 96.5 102.7 110.2 115.7 117.1 118 117.7 116.8 116.1 116.8 116.2 115.1 114.7 114.4 113.4 111.9 110 107.3 104 100.4 97 93.7 90.7 87.1 83.4 80.3 75.9 74 70.8 68 64 60.7 55.9 50.2 43.4 33.2
-0.8 -0.8 -0.8 -0.8 -0.8 -0.8 -0.8 -0.8 -0.8 -0.8 0.4 20.2 53 51.7 50.3 49.3 50.1 49.3 52.3 56.2 64.8 64 59.2 60 62.8 69.2 74.8 74.9 73.9 78.5 84.6 88.8 89 89.3 86.8 84.6 83 81.1 83.2 86.4 90.6 94.1 94.1 94.2 97.1 101.5 107.9 113.1 118.3 123.4 126.9 128.8 128.9 128.4 128.2 125.5 124.4 122.1 119.8 118 115.6 114.4 112.7 110.4 108.2 104.7 101.3 97.5 93.3 86.6 76.3 70 45.5 32.9 24.5 -0.8 -0.8 -0.8 -0.8 -0.8 -0.8 -0.8 -0.8 -0.8
-0.8 -0.8 -0.8 -0.8 -0.8 -0.8 -0.8 -0.8 -0.8 -0.8 -0.8 9.6 57.9 56.3 57.6 51.7 56.4 58.8 63.7 67.4 70.8 68.2 65.9 64.7 65.1 67.7 72.4 76.9 78 80.1 84.6 87.4 89.3 90.2 90.3 88.3 87 86.3 88.2 91.1 99.7 102.3 106.4 110.4 114.9 118.8 125.2 129.1 133 135.9 137.8 139.2 137.5 136.1 134.1 131.2 127.2 123 118.5 113.6 110.1 102.8 105.7 98.6 90.5 72.2 73.1 55.9 32.1 -0.8 -0.8 -0.8 -0.8 -0.8 -0.8 -0.8 -0.8 -0.8 -0.8 -0.8 -0.8 -0.8 -0.8 -0.8
-0.8 -0.8 -0.8 -0.8 -0.8 -0.8 -0.8 -0.8 -0.8 -0.8 -0.8 5.8 39.4 59.7 58.9 57.1 58.9 61.8 66 71.2 73.8 72.1 71.2 69.7 69.4 70.7 72.4 76.5 80.2 82.2 83.7 85.9 87.9 91.8 94.3 94.7 94.1 97.9 100.9 105.9 110.3 114.1 117.4 119.8 122.7 127.5 132.7 138.3 141 143.8 145.2 144.3 141.8 139.7 137 133.3 125.4 106.2 89.7 91.1 81.7 57 35.2 26.4 10 -0.8 -0.8 -0.8 -0.8 -0.8 -0.8 -0.8 -0.8 -0.8 -0.8 -0.8 -0.8 -0.8 -0.8 -0.8 -0.8 -0.8 -0.8 -0.8
-0.8 -0.8 -0.8 -0.8 -0.8 -0.8 -0.8 -0.8 -0.8 -0.8 -0.8 6.7 31.8 56.3 62 62.3 64.1 66.7 70.1 74 76.6 77.3 76.4 75.6 75.6 76.9 78.3 80.4 83.6 86.4 88.4 92.1 96.3 101.2 102.7 104.1 105.7 107.8 109.1 110.9 114.5 116.8 118.7 120.9 124.6 129.1 134.4 140.1 144 146.3 147.1 145.8 139 126.2 96.4 94.8 67.6 52.6 39.6 27.7 12.6 -0.8 -0.8 -0.8 -0.8 -0.8 -0.8 -0.8 -0.8 -0.8 -0.8 -0.8 -0.8 -0.8 -0.8 -0.8 -0.8 -0.8 -0.8 -0.8 -0.8 -0.8 -0.8 -0.8
-0.8 -0.8 -0.8 -0.8 -0.8 -0.8 -0.8 -0.8 -0.8 -0.8 -0.8 13.5 35.9 50.9 67.3 67.4 69.7 72.2 75.5 79.9 82.2 84.6 85.2 85.9 86.3 87.4 88.8 92.8 97.4 104.2 108.7 109.9 110.9 111 110.8 110.3 109.6 110.2 111.7 112.7 113 113.8 115.2 117 119.8 124.8 130.6 135.8 140.8 131.7 94.4 83.2 61.5 43.7 26 -0.8 -0.8 -0.8 -0.8 -0.8 -0.8 -0.8 -0.8 -0.8 -0.8 -0.8 -0.8 -0.8 -0.8 -0.8 -0.8 -0.8 -0.8 -0.8 -0.8 -0.8 -0.8 -0.8 -0.8 -0.8 -0.8 -0.8 -0.8 -0.8
-0.8 -0.8 -0.8 -0.8 -0.8 -0.8 -0.8 -0.8 -0.8 -0.8 -0.8 9.3 25 48.7 74.5 74.5 80.9 85.6 89.5 92.6 95.5 98.6 99.9 103.7 103.8 106 108.2 112 114.6 115.7 116.3 115.9 115 114.1 112.3 110.7 108.8 108.6 107.1 107 107.3 108.6 109 111 113.8 118 124.2 111.2 87.4 72.1 49.9 -0.8 -0.8 -0.8 -0.8 -0.8 -0.8 -0.8 -0.8 -0.8 -0.8 -0.8 -0.8 -0.8 -0.8 -0.8 -0.8 -0.8 -0.8 -0.8 -0.8 -0.8 -0.8 -0.8 -0.8 -0.8 -0.8 -0.8 -0.8 -0.8 -0.8 -0.8 -0.8 -0.8
-0.8 -0.8 -0.8 -0.8 -0.8 -0.8 -0.8 -0.8 -0.8 -0.8 -0.8 73.3 78.9 84.2 88.5 92.1 96.4 101.8 108.5 112.9 115.2 117.4 118.2 119.1 118.6 118.6 118.7 119.5 119.8 118.6 118 117 115.3 113.4 111.3 108.7 105.2 103.7 102.1 101.4 101.2 101.5 101.5 104.1 107.4 99.3 73.2 43.4 25.4 -0.8 -0.8 -0.8 -0.8 -0.8 -0.8 -0.8 -0.8 -0.8 -0.8 -0.8 -0.8 -0.8 -0.8 -0.8 -0.8 -0.8 -0.8 -0.8 -0.8 -0.8 -0.8 -0.8 -0.8 -0.8 -0.8 -0.8 -0.8 -0.8 -0.8 -0.8 -0.8 -0.8 -0.8 -0.8
-0.8 -0.8 -0.8 -0.8 -0.8 -0.8 -0.8 -0.8 -0.8 59.8 83.4 89.2 94.7 99.9 105.4 112.1 116.8 121 123.2 124.6 125.9 125.9 126.2 125.6 124.7 123.4 121.4 119.7 118.9 117.3 115.9 114.4 113 109.9 107.9 106.2 100.9 98.6 97.2 95.8 95.2 94.4 92.8 92.4 57.6 34.3 -0.8 -0.8 -0.8 -0.8 -0.8 -0.8 -0.8 -0.8 -0.8 -0.8 -0.8 -0.8 -0.8 -0.8 -0.8 -0.8 -0.8 -0.8 -0.8 -0.8 -0.8 -0.8 -0.8 -0.8 -0.8 -0.8 -0.8 -0.8 -0.8 -0.8 -0.8 -0.8 -0.8 -0.8 -0.8 -0.8 -0.8 -0.8
-0.8 -0.8 -0.8 -0.8 -0.8 -0.8 16.4 46.3 76.8 87 97.2 105.8 113.7 120.5 125.5 127.7 129.4 130.1 130.4 130.5 130.5 129.3 127.9 125.4 123 120.4 117.5 115.5 114.2 113.1 111.8 109.5 107.5 104.6 105.1 104 98.9 93.5 92.7 91 81.1 62.5 34 -0.8 -0.8 -0.8 -0.8 -0.8 -0.8 -0.8 -0.8 -0.8 -0.8 -0.8 -0.8 -0.8 -0.8 -0.8 -0.8 -0.8 -0.8 -0.8 -0.8 -0.8 -0.8 -0.8 -0.8 -0.8 -0.8 -0.8 -0.8 -0.8 -0.8 -0.8 -0.8 -0.8 -0.8 -0.8 -0.8 -0.8 -0.8 -0.8 -0.8 -0.8
-0.8 -0.8 -0.8 33.8 42.1 62.7 75.7 81.9 90 102.8 115.7 124.9 129.7 132.7 134.7 135.6 134.8 134.3 132.3 130.8 128.4 125.6 122.9 120 117.2 114.4 111.1 108.3 106.6 106.9 106.3 103.5 99.7 96.3 98.2 101.8 93.7 83.4 58.5 34.8 14 0.3 -0.2 -0.8 -0.8 -0.8 -0.8 -0.8 -0.8 -0.8 -0.8 -0.8 -0.8 -0.8 -0.8 -0.8 -0.8 -0.8 -0.8 -0.8 -0.8 -0.8 -0.8 -0.8 -0.8 -0.8 -0.8 -0.8 -0.8 -0.8 -0.8 -0.8 -0.8 -0.8 -0.8 -0.8 -0.8 -0.8 -0.8 -0.8 -0.8 -0.8 -0.8 -0.8
32.5 63.5 64.8 81.4 81.8 86.6 91.4 98 111.1 122.2 128.5 132.9 137.3 139.2 139.8 138.5 135.3 131.5 127.9 125.5 123 118.6 108.5 104.8 96.9 98.4 100.1 93 91.7 90.8 86.7 93.5 86.8 72.2 58.2 42.5 2.1 -0.8 -0.8 -0.8 -0.8 -0.8 -0.8 -0.8 -0.8 -0.8 -0.8 -0.8 -0.8 -0.8 -0.8 -0.8 -0.8 -0.8 -0.8 -0.8 -0.8 -0.8 -0.8 -0.8 -0.8 -0.8 -0.8 -0.8 -0.8 -0.8 -0.8 -0.8 -0.8 -0.8 -0.8 -0.8 -0.8 -0.8 -0.8 -0.8 -0.8 -0.8 -0.8 -0.8 -0.8 -0.8 -0.8 -0.8
94.4 98.4 101.5 103.7 104.6 107.5 114.7 122.1 126.5 131 134.3 136.9 138.6 138.6 137.1 134.2 130.9 127.2 120.9 110.5 74.9 -0.8 -0.8 -0.8 -0.8 -0.8 -0.8 -0.8 -0.8 -0.8 -0.8 -0.8 -0.8 -0.8 -0.8 -0.8 -0.8 -0.8 -0.8 -0.8 -0.8 -0.8 -0.8 -0.8 -0.8 -0.8 -0.8 -0.8 -0.8 -0.8 -0.8 -0.8 -0.8 -0.8 -0.8 -0.8 -0.8 -0.8 -0.8 -0.8 -0.8 -0.8 -0.8 -0.8 -0.8 -0.8 -0.8 -0.8 -0.8 -0.8 -0.8 -0.8 -0.8 -0.8 -0.8 -0.8 -0.8 -0.8 -0.8 -0.8 -0.8 -0.8 -0.8 -0.8
115.5 117.4 119.4 122.2 123.7 125.4 128.5 131.3 133.4 135.4 136 135.1 133.9 132.3 131.1 128.3 116.7 42.6 -0.8 -0.8 -0.8 -0.8 -0.8 -0.8 -0.8 -0.8 -0.8 -0.8 -0.8 -0.8 -0.8 -0.8 -0.8 -0.8 -0.8 -0.8 -0.8 -0.8 -0.8 -0.8 -0.8 -0.8 -0.8 -0.8 -0.8 -0.8 -0.8 -0.8 -0.8 -0.8 -0.8 -0.8 -0.8 -0.8 -0.8 -0.8 -0.8 -0.8 -0.8 -0.8 -0.8 -0.8 -0.8 -0.8 -0.8 -0.8 -0.8 -0.8 -0.8 -0.8 -0.8 -0.8 -0.8 -0.8 -0.8 -0.8 -0.8 -0.8 -0.8 -0.8 -0.8 -0.8 -0.8 -0.8
126.7 129.5 130.7 132.3 133.4 134.5 134.8 135.7 135.6 134.9 132.2 129.7 125.6 124.1 106.3 46.4 -0.8 -0.8 -0.8 -0.8 -0.8 -0.8 -0.8 -0.8 -0.8 -0.8 -0.8 -0.8 -0.8 -0.8 -0.8 -0.8 -0.8 -0.8 -0.8 -0.8 -0.8 -0.8 -0.8 -0.8 -0.8 -0.8 -0.8 -0.8 -0.8 -0.8 -0.8 -0.8 -0.8 -0.8 -0.8 -0.8 -0.8 -0.8 -0.8 -0.8 -0.8 -0.8 -0.8 -0.8 -0.8 -0.8 -0.8 -0.8 -0.8 -0.8 -0.8 -0.8 -0.8 -0.8 -0.8 -0.8 -0.8 -0.8 -0.8 -0.8 -0.8 -0.8 -0.8 -0.8 -0.8 -0.8 -0.8 -0.8
133.7 136 136.8 137.3 137.1 136.8 135.9 133.9 132 130 127.4 123 83.5 -0.8 -0.8 -0.8 -0.8 -0.8 -0.8 -0.8 -0.8 -0.8 -0.8 -0.8 -0.8 -0.8 -0.8 -0.8 -0.8 -0.8 -0.8 -0.8 -0.8 -0.8 -0.8 -0.8 -0.8 -0.8 -0.8 -0.8 -0.8 -0.8 -0.8 -0.8 -0.8 -0.8 -0.8 -0.8 -0.8 -0.8 -0.8 -0.8 -0.8 -0.8 -0.8 -0.8 -0.8 -0.8 -0.8 -0.8 -0.8 -0.8 -0.8 -0.8 -0.8 -0.8 -0.8 -0.8 -0.8 -0.8 -0.8 -0.8 -0.8 -0.8 -0.8 -0.8 -0.8 -0.8 -0.8 -0.8 -0.8 -0.8 -0.8 -0.8
135.2 136 135.5 135.7 134.5 132.9 132.1 129.2 126.9 81.2 41.9 23.6 -0.8 -0.8 -0.8 -0.8 -0.8 -0.8 -0.8 -0.8 -0.8 -0.8 -0.8 -0.8 -0.8 -0.8 -0.8 -0.8 -0.8 -0.8 -0.8 -0.8 -0.8 -0.8 -0.8 -0.8 -0.8 -0.8 -0.8 -0.8 -0.8 -0.8 -0.8 -0.8 -0.8 -0.8 -0.8 -0.8 -0.8 -0.8 -0.8 -0.8 -0.8 -0.8 -0.8 -0.8 -0.8 -0.8 -0.8 -0.8 -0.8 -0.8 -0.8 -0.8 -0.8 -0.8 -0.8 -0.8 -0.8 -0.8 -0.8 -0.8 -0.8 -0.8 -0.8 -0.8 -0.8 -0.8 -0.8 -0.8 -0.8 -0.8 -0.8 -0.8
128.5 129.9 129.2 128.6 128.1 127.6 94.3 -0.8 -0.8 -0.8 -0.8 -0.8 -0.8 -0.8 -0.8 -0.8 -0.8 -0.8 -0.8 -0.8 -0.8 -0.8 -0.8 -0.8 -0.8 -0.8 -0.8 -0.8 -0.8 -0.8 -0.8 -0.8 -0.8 -0.8 -0.8 -0.8 -0.8 -0.8 -0.8 -0.8 -0.8 -0.8 -0.8 -0.8 -0.8 -0.8 -0.8 -0.8 -0.8 -0.8 -0.8 -0.8 -0.8 -0.8 -0.8 -0.8 -0.8 -0.8 -0.8 -0.8 -0.8 -0.8 -0.8 -0.8 -0.8 -0.8 -0.8 -0.8 -0.8 -0.8 -0.8 -0.8 -0.8 -0.8 -0.8 -0.8 -0.8 -0.8 -0.8 -0.8 -0.8 -0.8 -0.8 -0.8
-0.8 -0.8 -0.8 -0.8 -0.8 -0.8 -0.8 -0.8 -0.8 -0.8 -0.8 -0.8 -0.8 -0.8 -0.8 -0.8 -0.8 -0.8 -0.8 -0.8 -0.8 -0.8 -0.8 -0.8 -0.8 -0.8 -0.8 -0.8 -0.8 -0.8 -0.8 -0.8 -0.8 -0.8 -0.8 -0.8 -0.8 -0.8 -0.8 -0.8 -0.8 -0.8 -0.8 -0.8 -0.8 -0.8 -0.8 -0.8 -0.8 -0.8 -0.8 -0.8 -0.8 -0.8 -0.8 -0.8 -0.8 -0.8 -0.8 -0.8 -0.8 -0.8 -0.8 -0.8 -0.8 -0.8 -0.8 -0.8 -0.8 -0.8 -0.8 -0.8 -0.8 -0.8 -0.8 -0.8 -0.8 -0.8 -0.8 -0.8 -0.8 -0.8 -0.8 -0.8
-0.8 -0.8 -0.8 -0.8 -0.8 -0.8 -0.8 -0.8 -0.8 -0.8 -0.8 -0.8 -0.8 -0.8 -0.8 -0.8 -0.8 -0.8 -0.8 -0.8 -0.8 -0.8 -0.8 -0.8 -0.8 -0.8 -0.8 -0.8 -0.8 -0.8 -0.8 -0.8 -0.8 -0.8 -0.8 -0.8 -0.8 -0.8 -0.8 -0.8 -0.8 -0.8 -0.8 -0.8 -0.8 -0.8 -0.8 -0.8 -0.8 -0.8 -0.8 -0.8 -0.8 -0.8 -0.8 -0.8 -0.8 -0.8 -0.8 -0.8 -0.8 -0.8 -0.8 -0.8 -0.8 -0.8 -0.8 -0.8 -0.8 -0.8 -0.8 -0.8 -0.8 -0.8 -0.8 -0.8 -0.8 -0.8 -0.8 -0.8 -0.8 -0.8 -0.8 -0.8
-0.8 -0.8 -0.8 -0.8 -0.8 -0.8 -0.8 -0.8 -0.8 -0.8 -0.8 -0.8 -0.8 -0.8 -0.8 -0.8 -0.8 -0.8 -0.8 -0.8 -0.8 -0.8 -0.8 -0.8 -0.8 -0.8 -0.8 -0.8 -0.8 -0.8 -0.8 -0.8 -0.8 -0.8 -0.8 -0.8 -0.8 -0.8 -0.8 -0.8 -0.8 -0.8 -0.8 -0.8 -0.8 -0.8 -0.8 -0.8 -0.8 -0.8 -0.8 -0.8 -0.8 -0.8 -0.8 -0.8 -0.8 -0.8 -0.8 -0.8 -0.8 -0.8 -0.8 -0.8 -0.8 -0.8 -0.8 -0.8 -0.8 -0.8 -0.8 -0.8 -0.8 -0.8 -0.8 -0.8 -0.8 -0.8 -0.8 -0.8 -0.8 -0.8 -0.8 -0.8
-0.8 -0.8 -0.8 -0.8 -0.8 -0.8 -0.8 -0.8 -0.8 -0.8 -0.8 -0.8 -0.8 -0.8 -0.8 -0.8 -0.8 -0.8 -0.8 -0.8 -0.8 -0.8 -0.8 -0.8 -0.8 -0.8 -0.8 -0.8 -0.8 -0.8 -0.8 -0.8 -0.8 -0.8 -0.8 -0.8 -0.8 -0.8 -0.8 -0.8 -0.8 -0.8 -0.8 -0.8 -0.8 -0.8 -0.8 -0.8 -0.8 -0.8 -0.8 -0.8 -0.8 -0.8 -0.8 -0.8 -0.8 -0.8 -0.8 -0.8 -0.8 -0.8 -0.8 -0.8 -0.8 -0.8 -0.8 -0.8 -0.8 -0.8 -0.8 -0.8 -0.8 -0.8 -0.8 -0.8 -0.8 -0.8 -0.8 -0.8 -0.8 -0.8 -0.8 -0.8
