app/static/ascii/SZ47.asc
ncols 200
nrows 200
xllcorner 440000
yllcorner 70000
cellsize 50
[rows 0 to 37 of 200, columns 84 to 167 of 200]
-0.9 -0.9 -0.9 -0.9 -0.9 3.7 21.3 28.4 28.9 28.5 29 29.4 29.6 29.5 29 28.6 28.6 28.1 27.9 28.6 28.8 28.8 29.9 30.1 30.1 30.5 30.9 31 31.4 32.7 33.8 35.9 36.9 37.9 37.3 37.4 38.2 39 39.3 39.3 38.6 36.6 32.8 32.8 33.2 33.2 33.5 33.4 33 34.3 34.3 34.7 35 35.2 35.3 35.4 36 36.7 37.3 39.4 43.6 45.8 46.5 46.9 47.4 47.7 45.9 43.9 43.9 45.1 46.7 49.7 54.1 60.4 73.8 79.1 78.7 78.4 78.9 76.5 73 71.2 71.4 73.1
-0.9 -0.9 -0.9 -0.9 -0.9 -0.9 0.9 17.7 27.5 28.1 28.7 28.4 28.9 28.6 26.7 27.4 22.1 24.6 29.6 29.4 29.6 29.8 30.2 30.2 30.5 30.9 31.4 32.3 32.9 34.6 37.2 39.1 40.3 40.3 39.3 39.4 40.2 41.1 41.3 41.4 40.7 37.1 33.3 33.2 33.5 33.4 33.2 33.4 33.8 34.4 34.6 35 35.4 35.6 35.7 36.8 36.2 37 37.8 43 48 49.6 49.9 50.8 50.9 50.6 49.6 48 46.7 45.6 46.9 50.3 54.9 63 77.7 80.5 80.2 79.9 79.2 77.9 76.4 74.9 74.1 73.8
-0.9 -0.9 -0.9 -0.9 -0.9 -0.9 -0.9 0.9 10.4 21.8 17.2 16.2 18.2 15.1 18 18.2 23.9 28.5 29.3 29.8 30 30.2 30.4 30.5 30.4 31.1 31.6 32.4 34.5 36.6 40.1 41.5 42.1 41.8 40.9 41.3 42.6 43.9 43.5 43.1 39.9 35.8 33.8 33.1 33 33 33 33.5 33.9 34.6 35 35.4 35.2 35.5 35.7 36 36.7 37.5 39.5 44.1 48 51.9 53 52.4 52.5 52.4 51.9 50.2 48.6 47.1 47.7 51.1 56.1 65.6 75.2 81.1 80.6 79.8 78.8 77.4 76.2 75.4 74.3 71.4
-0.9 -0.9 -0.9 -0.9 -0.9 -0.9 -0.9 -0.9 0.7 3 9.2 15.7 22.2 27.1 29.1 28.1 28.2 28.5 29 29.5 29.7 30 30.2 30.7 30.7 31.1 31.7 32.5 34.9 38.4 40.8 42 42.1 41.9 41.9 41.7 44 45.1 43.3 40.9 37.3 34.8 33.4 33 33.1 33.2 33.3 33.6 34 34.5 34.9 34.6 34.8 35 34.5 35.6 36.9 38.1 40.9 42.7 45.9 51.5 52.9 51.7 51.3 51.5 52.3 51.8 49.7 48.5 49.2 52.2 56.1 64.6 76.1 80.9 80.2 79.4 78.4 76.6 75.3 74 72.3 68.1
-0.9 -0.9 -0.9 -0.9 -0.9 -0.9 -0.9 -0.9 -0.9 -0.9 9.7 26.5 29.2 29.6 29.6 29.1 28.7 28.8 29 29.2 29.5 29.7 30 30.8 30.9 31 31.7 32.8 34.5 37.8 39.7 41.1 41.8 41.5 41.3 41.1 40.5 41.2 40.4 39 35.4 34.2 33.1 33.3 33.4 33.6 33.9 33.3 33.6 33.7 33.9 34.2 34.5 35 36.1 35.9 37.1 38.4 40.2 41.9 43.7 47 48.7 48.1 48.3 49.6 51.5 52.5 50.8 50.5 51.5 54.1 56.3 61 75.2 80.2 80 78.9 78 75.8 74.1 72.5 69.2 66
-0.9 -0.9 -0.9 -0.9 -0.9 -0.9 -0.9 -0.9 -0.9 -0.9 0.9 12.1 23 31.1 30.7 30.2 29.5 29.5 29.4 29.4 29.3 29.5 29.5 30.8 30.9 31.1 31.3 31.8 33.6 36 37.5 38.8 40 39.9 39.8 39.6 39.2 38.5 37.8 37.1 35.9 33.7 33.5 33.5 33.7 33.9 34.5 34.2 33.9 34.1 34.2 34.5 34.8 35 34.7 36.1 36.8 38.1 39.9 41.5 42.7 43.2 44.9 46.1 47.9 49.8 51.7 52.4 50.9 51.4 51.8 54.3 57 62.3 70.9 78.9 80.5 79.5 78.5 75.9 73.6 70.4 67.1 64.9
-0.9 -0.9 -0.9 -0.9 -0.9 -0.9 -0.9 -0.9 -0.9 -0.9 -0.9 0.8 10.3 17.5 31.3 31.3 30.6 30.1 29.9 29.7 29.6 29.6 29.6 29.7 30.5 30.1 30.4 31.1 32.2 33.8 35.2 36.5 37.9 38.1 38.1 38.1 37.8 37.2 36.4 35.6 35.1 33.5 33.5 33.4 33.5 33.8 34 34 34.3 34.5 34.6 34.9 35.2 35.3 35.2 34.6 36.3 37.8 39.4 40.8 41.9 43.1 47.3 49.3 50.2 51.2 52 51.1 50.4 51.4 52.9 54.7 56.9 58.2 62.5 70.4 79.4 79.9 78.8 77.3 75.1 70.7 66.8 64.1
-0.9 -0.9 -0.9 -0.9 -0.9 -0.9 -0.9 -0.9 -0.9 -0.9 -0.9 -0.9 -0.9 9.3 25 32.4 31.8 30.9 30.5 30.3 30.1 30.1 30.2 30.2 30.3 30.2 31 30.9 31.4 32.6 33.5 34.4 35.6 36.3 36.3 36.3 36.3 35.8 35.4 35.1 34.9 33.8 33.1 33 33 33.7 33.8 34.2 34.6 34.9 35 35.2 35.5 35.5 35.4 35.2 34.8 37.2 38.7 39.9 41.7 44 52.1 53.1 51.8 51.4 50 49.2 49.3 50.2 52 53.8 54.3 55.6 63.2 77.4 79.6 79.1 78.2 76.6 74.1 70 66.7 64.3
-0.9 -0.9 -0.9 -0.9 -0.9 -0.9 -0.9 -0.9 -0.9 -0.9 -0.9 -0.9 -0.9 -0.9 7.1 27.6 33.3 32 31.6 31.2 30.7 30.7 30.7 30.7 30.8 30 30.6 31.3 31.3 32.2 33.1 34 34.9 35.5 35.4 35.4 35.4 35.8 35.5 35.2 34.8 34.2 33.2 33 33.7 34.2 34.1 34.3 34.7 35.1 35.4 35.6 35.8 35.7 35.5 35.3 35.1 37.1 38 39.7 41.7 44.9 53.2 52.6 50.9 49.8 48.4 47 47.6 48.4 48.8 51.5 52.8 57 69.7 79.5 79.5 78.3 76.5 74.9 71.7 68.1 65.2 64.9
-0.9 -0.9 -0.9 -0.9 -0.9 -0.9 -0.9 -0.9 -0.9 -0.9 -0.9 -0.9 -0.9 -0.9 0.8 15.2 21.2 33.1 31.8 31.6 31.6 31.9 31.5 31.2 31 30.5 31 31.6 31.4 31.8 32.7 33.6 34.5 35 35.2 34.8 35.2 35.7 35.7 35.4 35.1 34.7 33.9 34.5 34.7 34.7 34.6 34.5 34.9 35.2 35.6 35.9 36.1 35.9 35.7 35.4 35.3 36.9 37.3 38.2 40 42.4 46 49.5 49.3 47.4 46.1 45.3 45.4 46 47.4 51.9 55.7 65.3 76.7 79.8 78 76 73.8 72.1 69.3 66.3 66.1 66.7
-0.9 -0.9 -0.9 -0.9 -0.9 -0.9 -0.9 -0.9 -0.9 -0.9 -0.9 -0.9 -0.9 -0.9 -0.9 1.5 14.6 24.8 32.5 32.3 32.6 32.9 32.8 32.2 31.1 30.9 31.4 31.7 31.5 31.5 32.4 33.2 34 34.4 34.6 35.2 35.5 35.7 35.8 35.5 35.2 34.9 34.8 34.9 35 35 35 35 35 35.4 35.8 36.2 36.3 36.3 36.2 36.1 35.9 36.6 37.2 38 39.2 41.3 48.2 52.8 48.4 45.4 44.1 44 44.6 46.5 48.2 53.4 59.9 74.9 78.3 79.2 76.5 73.4 71.3 69.4 67.2 65.9 66.7 68.9
-0.9 -0.9 -0.9 -0.9 -0.9 -0.9 -0.9 -0.9 -0.9 -0.9 -0.9 -0.9 -0.9 -0.9 -0.9 -0.9 3.1 18.4 31.6 33.2 33.4 33.6 33.2 32.5 31.1 30.9 31.2 31.7 31.5 31.4 32 32.8 33.4 33.6 33.9 34.5 34.9 35 35.1 35.2 35 34.7 34.7 35 35.2 35.3 35.3 35.3 35.4 35.6 36.1 36.5 36.6 36.5 36.6 36.9 36.7 36.6 36.9 38 38.7 41.5 48.8 52.9 48.3 44.4 42.8 42.9 44.3 46.3 49.4 54.4 59.8 73.6 78.9 77.7 74.4 72.4 70 67.6 66.1 65.9 68.6 70.2
-0.9 -0.9 -0.9 -0.9 -0.9 -0.9 -0.9 -0.9 -0.9 -0.9 -0.9 -0.9 -0.9 -0.9 -0.9 -0.9 0.6 7.2 17.8 33.7 33.6 33.5 32.7 31.5 30.9 30.8 31.1 31.7 31.6 31.6 31.8 32.6 33.1 33.3 33.4 33.5 34 34.3 34.4 34.5 34.6 34.5 34.7 35 35.3 35.6 35.6 35.7 35.7 36 36.4 36.9 36.9 36.8 36.7 36.6 36.7 36.5 36.5 36.7 38 40.4 47 51.8 49.1 43.6 41.9 42.7 44.4 46.6 49.6 55 62.4 78.6 81.1 78.8 76.2 75.2 72 67.7 66 67 70.9 72.7
-0.9 -0.9 -0.9 -0.9 -0.9 -0.9 -0.9 -0.9 -0.9 -0.9 -0.9 -0.9 -0.9 -0.9 -0.9 -0.9 -0.9 2.4 10.6 27.7 33.3 32.6 31.8 31 30.9 30.8 30.9 31.7 31.6 31.7 31.8 32.4 32.9 33 33.1 33.2 33.2 33.3 33.6 33.9 34.2 34.4 34.7 35 35.3 35.6 35.9 36 36.1 36.4 36.8 37.2 37.2 37.1 37 36.9 37 36.8 36.8 36.9 37.7 39.3 43.4 47.9 47.3 42.1 41.1 43.3 45.4 47.5 51.1 56.4 65.8 81.7 82.5 81.1 79.3 77 73.3 69.8 66.6 69.5 73.3 73.2
-0.9 -0.9 -0.9 -0.9 -0.9 -0.9 -0.9 -0.9 -0.9 -0.9 -0.9 -0.9 -0.9 -0.9 -0.9 -0.9 -0.9 0.4 6.1 15.6 32.8 32 31.5 31.1 31 30.9 30.8 31.6 31.8 31.9 32 32.1 32.7 32.8 32.8 32.9 33.1 33.2 33.6 33.9 34.2 34.5 34.8 35 35.3 35.6 35.9 36.2 36.5 36.8 37.1 37.6 37.5 37.4 37.3 37.4 37.5 37.5 37 37.5 37.9 38.4 40.9 41.1 41.5 40.5 41.4 44.5 47.1 49.6 52.8 58.8 69.8 82.1 82.6 81.7 80.1 77.9 74.8 70.4 67 70.4 73.6 74.9
-0.9 -0.9 -0.9 -0.9 -0.9 -0.9 -0.9 -0.9 -0.9 -0.9 -0.9 -0.9 -0.9 -0.9 -0.9 -0.9 -0.9 -0.9 1.4 13 28.5 32.4 31.4 31.1 31 30.9 30.7 31.5 31.9 32 32.1 32.2 32.5 32.6 32.7 32.9 33.1 33.2 33.6 33.9 34.2 34.5 34.8 35.1 35.4 35.7 36 36.3 36.9 37.2 37.5 37.8 37.8 37.7 37.7 37.9 38 38.1 38 38.1 38.3 38.4 39.3 39.4 40 40.7 41.7 44.6 47.7 50.8 54.8 61.9 74.3 82.9 82.6 81.5 80.2 78.7 76.3 71.4 67.6 69.9 72.7 74.1
-0.9 -0.9 -0.9 -0.9 -0.9 -0.9 -0.9 -0.9 -0.9 -0.9 -0.9 -0.9 -0.9 -0.9 -0.9 -0.9 -0.9 -0.9 -0.9 1.7 9.7 31.6 31.4 31.1 31 30.9 30.6 31.3 32.1 32.2 32.2 32.3 32.5 32.5 32.7 32.9 33.1 33.2 33.5 33.9 34.2 34.5 34.8 35.1 35.4 35.8 35.8 36.4 37 37.6 37.8 38.1 38 38.1 38.2 38.3 38.5 38.6 38.6 38.4 38.6 38.7 39.1 39.7 40.2 41.2 42.3 44.6 47.7 51.1 59.2 69.4 82.6 82.3 81.2 80.8 79.6 78.2 76 72.2 68.3 69.5 71.7 73.1
-0.9 -0.9 -0.9 -0.9 -0.9 -0.9 -0.9 -0.9 -0.9 -0.9 -0.9 -0.9 -0.9 -0.9 -0.9 -0.9 -0.9 -0.9 -0.9 -0.9 1.6 8.7 24.5 31.1 31 30.9 30.5 31.1 32.2 32.3 32.6 33.2 33.1 32.5 32.7 32.9 33.2 33.2 33.3 33.8 34.2 34.6 34.8 35.2 35.6 35.6 35.9 36.5 37.1 37.7 38.2 38.4 38.5 38.6 38.7 38.8 39 39.1 39.2 39 38.9 39.1 39.5 39.9 40.5 41.6 42.8 44.7 48.3 53.3 64.1 81.1 84.2 83.1 81.7 80.5 79.4 77.7 75.1 71.8 68.8 69.8 71.1 72.6
-0.9 -0.9 -0.9 -0.9 -0.9 -0.9 -0.9 -0.9 -0.9 -0.9 -0.9 -0.9 -0.9 -0.9 -0.9 -0.9 -0.9 -0.9 -0.9 -0.9 -0.9 0.9 3 4.1 11.4 11.5 19.2 31.1 32.1 32.8 33.5 33.8 33.6 32.8 32.9 33 33.2 33.2 33.2 33.7 34.1 34.6 35 35.4 35.5 35.4 36 36.6 37.2 37.8 38.4 38.8 39 39.1 39.2 39.4 39.5 39.7 39.8 39.6 39.5 39.5 39.9 40.4 40.8 41.9 44.2 45.3 48.5 54.2 66.1 83.3 83.9 83.1 81.4 79.6 78.3 76.7 74.8 72.1 70.2 70.4 72.5 73
-0.9 -0.9 -0.9 -0.9 -0.9 -0.9 -0.9 -0.9 -0.9 -0.9 -0.9 -0.9 -0.9 -0.9 -0.9 -0.9 -0.9 -0.9 -0.9 -0.9 -0.9 -0.9 -0.9 -0.9 -0.9 -0.9 0.8 2.2 4.1 13.2 30 33.1 32.3 33.2 33.3 33.3 33.2 33.3 33.3 33.7 34.2 34.6 35.1 35.5 35.2 35.4 36.1 36.7 37.3 37.9 38.5 39.1 39.4 39.6 39.8 40 40.2 40.3 40.4 40.2 39.8 39.9 40.3 40.7 41.2 42.5 43.6 45.4 48.2 55.1 67.5 81.9 82.2 81.1 79.9 78.2 76.7 75.2 73.1 71.4 70.7 71.3 72.3 73.3
-0.9 -0.9 -0.9 -0.9 -0.9 -0.9 -0.9 -0.9 -0.9 -0.9 -0.9 -0.9 -0.9 -0.9 -0.9 -0.9 -0.9 -0.9 -0.9 -0.9 -0.9 -0.9 -0.9 -0.9 -0.9 -0.9 -0.9 -0.9 -0.9 0.4 0.9 3.4 18.2 32.6 33.4 33.7 34 34.2 33.9 33.8 34.2 34.7 35.1 35.1 34.9 35.5 36.1 36.8 37.4 38 38.6 39.2 39.6 39.9 40.1 40.3 40.5 40.8 40.8 40.4 40.1 40.4 40.7 41.1 41.5 42.8 44.8 46.3 49.9 56 61.5 68.3 73.8 77.6 78.3 76.7 75.6 73.7 72.4 71.2 70.8 71.2 72.3 73.3
-0.9 -0.9 -0.9 -0.9 -0.9 -0.9 -0.9 -0.9 -0.9 -0.9 -0.9 -0.9 -0.9 -0.9 -0.9 -0.9 -0.9 -0.9 -0.9 -0.9 -0.9 -0.9 -0.9 -0.9 -0.9 -0.9 -0.9 -0.9 -0.9 -0.9 -0.9 0.3 0.9 3 32.7 33.8 34.9 35 34.5 34.5 34.4 34.5 34.6 34.8 35 35.9 36.3 36.8 37.5 38.1 38.7 39.3 39.9 40.2 40.4 40.6 40.8 41.2 40.9 40.5 40.6 40.9 41.1 41.5 42 43.3 45.4 48.4 52.6 57.3 64.9 67.5 73.5 79.1 78.3 77.1 75.3 73.5 71.5 71.4 72.8 73 73.7 75.1
-0.9 -0.9 -0.9 -0.9 -0.9 -0.9 -0.9 -0.9 -0.9 -0.9 -0.9 -0.9 -0.9 -0.9 -0.9 -0.9 -0.9 -0.9 -0.9 -0.9 -0.9 -0.9 -0.9 -0.9 -0.9 -0.9 -0.9 -0.9 -0.9 -0.9 -0.9 -0.9 -0.9 0.4 1.6 19.1 35.8 35.6 35.2 34.9 34.5 34.8 34.9 35.1 35.1 35.9 37.4 38.9 39.3 39.6 38.7 39.4 40 40.4 40.7 40.9 41.2 41.4 41.1 40.8 41 41.3 41.6 41.9 42.6 44.6 47 50 55.7 60.9 72.3 81.4 80.4 80.1 78.6 77.3 75 73.2 71.6 72.3 73.7 75.1 75.2 76.6
-0.9 -0.9 -0.9 -0.9 -0.9 -0.9 -0.9 -0.9 -0.9 -0.9 -0.9 -0.9 -0.9 -0.9 -0.9 -0.9 -0.9 -0.9 -0.9 -0.9 -0.9 -0.9 -0.9 -0.9 -0.9 -0.9 -0.9 -0.9 -0.9 -0.9 -0.9 -0.9 -0.9 -0.9 -0.9 0.7 4.2 31.3 34.9 34.3 34.8 35 35.2 35.6 35.6 35.8 36.8 39.3 41.4 40.7 39.3 39.4 40 40.6 40.9 41.2 41.8 41.6 41.4 41.5 41.6 41.8 42.1 42.8 44.4 46 49.6 53.2 60.3 70.4 82.2 81.4 82 80.6 78.9 77 74.6 72.8 72.2 73.6 76.1 76.8 76.6 77.7
-0.9 -0.9 -0.9 -0.9 -0.9 -0.9 -0.9 -0.9 -0.9 -0.9 -0.9 -0.9 -0.9 -0.9 -0.9 -0.9 -0.9 -0.9 -0.9 -0.9 -0.9 -0.9 -0.9 -0.9 -0.9 -0.9 -0.9 -0.9 -0.9 -0.9 -0.9 -0.9 -0.9 -0.9 -0.9 -0.9 0.3 1.7 13.5 34.7 35 35.3 35.6 36.1 36 36.3 37.5 40.7 42.4 41.9 40.4 39.3 40 40.7 41.2 41.8 42.1 42 42.1 42.2 42.2 42.3 43.4 47 47.8 48.4 52.3 58.1 70.5 82.9 82.9 81.2 80.6 80.4 79.1 76.7 74.3 72.9 73.4 75.2 77.7 76.8 76.7 77.3
-0.9 -0.9 -0.9 -0.9 -0.9 -0.9 -0.9 -0.9 -0.9 -0.9 -0.9 -0.9 -0.9 -0.9 -0.9 -0.9 -0.9 -0.9 -0.9 -0.9 -0.9 -0.9 -0.9 -0.9 -0.9 -0.9 -0.9 -0.9 -0.9 -0.9 -0.9 -0.9 -0.9 -0.9 -0.9 -0.9 -0.9 -0.9 0.8 5.7 34.1 35.1 36.1 36.5 37.3 37.9 38.7 40.9 43.1 42.7 41.4 40.1 39.6 40.4 41.3 42.2 42.6 42.7 42.7 42.8 42.9 43.7 45.5 49.9 49.8 51.3 55.1 66.4 82.6 83 81.4 78.8 75.5 77.9 77.1 75.2 73.2 74 74.2 75.2 76.9 76.2 75.1 75
-0.9 -0.9 -0.9 -0.9 -0.9 -0.9 -0.9 -0.9 -0.9 -0.9 -0.9 -0.9 -0.9 -0.9 -0.9 -0.9 -0.9 -0.9 -0.9 -0.9 -0.9 -0.9 -0.9 -0.9 -0.9 -0.9 -0.9 -0.9 -0.9 -0.9 -0.9 -0.9 -0.9 -0.9 -0.9 -0.9 -0.9 -0.9 -0.9 0.4 4 34.8 36.5 37.8 39.7 39.1 40 41.5 43 43.1 42.3 41.1 39.8 40.4 41.3 42.2 43.1 43.2 43.3 43.4 43.6 45.5 47.4 50.1 50 53.3 60.5 78 83 81.7 78.8 75.5 70.5 74.1 74.8 73.6 73.1 74.2 74.8 75.4 74.8 73.8 73 73.3
-0.9 -0.9 -0.9 -0.9 -0.9 -0.9 -0.9 -0.9 -0.9 -0.9 -0.9 -0.9 -0.9 -0.9 -0.9 -0.9 -0.9 -0.9 -0.9 -0.9 -0.9 -0.9 -0.9 -0.9 -0.9 -0.9 -0.9 -0.9 -0.9 -0.9 -0.9 -0.9 -0.9 -0.9 -0.9 -0.9 -0.9 -0.9 -0.9 -0.9 -0.9 0.8 20.3 39.5 41.9 41.7 41.6 42.9 43.9 44.3 43.3 42.3 41 40.3 41.2 42.1 43.2 43.6 43.7 43.8 44.5 46.3 48.4 50.7 51.4 55.2 67.3 82.6 81.6 78.3 74.6 73.2 68.8 69.8 72.6 73 73.2 74.1 74.3 73.6 72.3 71.2 71.1 72.8
-0.9 -0.9 -0.9 -0.9 -0.9 -0.9 -0.9 -0.9 -0.9 -0.9 -0.9 -0.9 -0.9 -0.9 -0.9 -0.9 -0.9 -0.9 -0.9 -0.9 -0.9 -0.9 -0.9 -0.9 -0.9 -0.9 -0.9 -0.9 -0.9 -0.9 -0.9 -0.9 -0.9 -0.9 -0.9 -0.9 -0.9 -0.9 -0.9 -0.9 -0.9 -0.9 0.2 2.3 36.5 44.5 44.2 44.5 45.4 45.7 45 43.6 42.2 40.8 41.2 42.1 43.2 44.1 44.2 44.5 45.4 47.1 49.1 51.1 53.7 61.1 76.5 81.9 77.7 72.2 69.5 69.5 66.5 66.8 72.2 72.8 72.9 72.5 72 70.7 69.6 69.5 71.4 73.3
-0.9 -0.9 -0.9 -0.9 -0.9 -0.9 -0.9 -0.9 -0.9 -0.9 -0.9 -0.9 -0.9 -0.9 -0.9 -0.9 -0.9 -0.9 -0.9 -0.9 -0.9 -0.9 -0.9 -0.9 -0.9 -0.9 -0.9 -0.9 -0.9 -0.9 -0.9 -0.9 -0.9 -0.9 -0.9 -0.9 -0.9 -0.9 -0.9 -0.9 -0.9 -0.9 -0.9 -0.9 0.5 6.6 33.7 46.4 46.8 47.1 46.7 44.7 41.7 41.1 41.2 42.1 43.2 44.3 44.7 45.2 46.4 47.9 49.3 51.6 54 67.4 78.7 77.8 71.5 66.2 65.1 64.8 63.1 66 69.7 71.4 70.8 69 67.5 67 68.2 70.1 72.5 74.5
-0.9 -0.9 -0.9 -0.9 -0.9 -0.9 -0.9 -0.9 -0.9 -0.9 -0.9 -0.9 -0.9 -0.9 -0.9 -0.9 -0.9 -0.9 -0.9 -0.9 -0.9 -0.9 -0.9 -0.9 -0.9 -0.9 -0.9 -0.9 -0.9 -0.9 -0.9 -0.9 -0.9 -0.9 -0.9 -0.9 -0.9 -0.9 -0.9 -0.9 -0.9 -0.9 -0.9 -0.9 -0.9 0.1 0.8 25.3 34.8 48.4 47.8 45.8 42.9 41.7 41.7 39.6 43 44.3 45.1 45.5 46.3 47.5 48.9 50.3 52.7 57.7 67.4 66.9 65.1 61.8 60.6 60.5 60.3 63.1 65.1 66.9 66.2 64.8 65.7 68.5 69.7 71.3 74.1 76.6
-0.9 -0.9 -0.9 -0.9 -0.9 -0.9 -0.9 -0.9 -0.9 -0.9 -0.9 -0.9 -0.9 -0.9 -0.9 -0.9 -0.9 -0.9 -0.9 -0.9 -0.9 -0.9 -0.9 -0.9 -0.9 -0.9 -0.9 -0.9 -0.9 -0.9 -0.9 -0.9 -0.9 -0.9 -0.9 -0.9 -0.9 -0.9 -0.9 -0.9 -0.9 -0.9 -0.9 -0.9 -0.9 -0.9 -0.9 0.5 19.8 27.3 46.3 45.1 43.4 42 41.7 42.5 42.6 43.6 44.7 45.6 46.4 47.2 48.6 50 51 53.1 57 58.4 58.5 57 56.9 57.7 58.2 59 60.6 62.5 63.1 63.8 66.7 69.5 70.6 72.4 75.4 79.3
-0.9 -0.9 -0.9 -0.9 -0.9 -0.9 -0.9 -0.9 -0.9 -0.9 -0.9 -0.9 -0.9 -0.9 -0.9 -0.9 -0.9 -0.9 -0.9 -0.9 -0.9 -0.9 -0.9 -0.9 -0.9 -0.9 -0.9 -0.9 -0.9 -0.9 -0.9 -0.9 -0.9 -0.9 -0.9 -0.9 -0.9 -0.9 -0.9 -0.9 -0.9 -0.9 -0.9 -0.9 -0.9 -0.9 -0.9 -0.9 0.3 7.8 24 43.1 42.2 41.7 28.8 44 44.7 44.3 42.9 45.4 46.2 47 48.3 49.5 50.1 51.2 52.4 53.5 54.3 54.5 56.3 57.6 57.7 57.9 59.2 60.3 62.3 64.6 67.3 69.5 70.8 73.4 76.9 82.4
-0.9 -0.9 -0.9 -0.9 -0.9 -0.9 -0.9 -0.9 -0.9 -0.9 -0.9 -0.9 -0.9 -0.9 -0.9 -0.9 -0.9 -0.9 -0.9 -0.9 -0.9 -0.9 -0.9 -0.9 -0.9 -0.9 -0.9 -0.9 -0.9 -0.9 -0.9 -0.9 -0.9 -0.9 -0.9 -0.9 -0.9 -0.9 -0.9 -0.9 -0.9 -0.9 -0.9 -0.9 -0.9 -0.9 -0.9 -0.9 -0.9 0.1 1 20.5 42.8 42.5 44.3 44.9 45.4 45.9 46.4 46.5 46.6 47 47.8 48.9 49.4 49.8 50.8 51.8 52.4 53.9 55.7 57.6 57.7 57.9 58.8 60 61.9 64.1 67.4 69.4 70.4 73.3 76.6 82.4
-0.9 -0.9 -0.9 -0.9 -0.9 -0.9 -0.9 -0.9 -0.9 -0.9 -0.9 -0.9 -0.9 -0.9 -0.9 -0.9 -0.9 -0.9 -0.9 -0.9 -0.9 -0.9 -0.9 -0.9 -0.9 -0.9 -0.9 -0.9 -0.9 -0.9 -0.9 -0.9 -0.9 -0.9 -0.9 -0.9 -0.9 -0.9 -0.9 -0.9 -0.9 -0.9 -0.9 -0.9 -0.9 -0.9 -0.9 -0.9 -0.9 -0.9 0 0.8 19.4 11.5 44.5 45.6 46.1 46.6 47.1 48.1 48.1 48.2 48.1 48.4 48.9 49.7 50.4 51.2 52.7 54.1 55.3 57 57.6 58.5 59 60.2 61.7 63.7 66.2 68 69.6 72.1 75.2 80.1
-0.9 -0.9 -0.9 -0.9 -0.9 -0.9 -0.9 -0.9 -0.9 -0.9 -0.9 -0.9 -0.9 -0.9 -0.9 -0.9 -0.9 -0.9 -0.9 -0.9 -0.9 -0.9 -0.9 -0.9 -0.9 -0.9 -0.9 -0.9 -0.9 -0.9 -0.9 -0.9 -0.9 -0.9 -0.9 -0.9 -0.9 -0.9 -0.9 -0.9 -0.9 -0.9 -0.9 -0.9 -0.9 -0.9 -0.9 -0.9 -0.9 -0.9 -0.9 -0.9 0.5 4 17 46.2 46.8 47.4 48.2 49.4 49.6 49.8 49.9 49.5 49 49.7 50.5 51.4 52.7 53.7 55.2 56.6 57.7 59 60 60.7 61.8 63 64.9 66.6 68.5 70.6 73.1 78
-0.9 -0.9 -0.9 -0.9 -0.9 -0.9 -0.9 -0.9 -0.9 -0.9 -0.9 -0.9 -0.9 -0.9 -0.9 -0.9 -0.9 -0.9 -0.9 -0.9 -0.9 -0.9 -0.9 -0.9 -0.9 -0.9 -0.9 -0.9 -0.9 -0.9 -0.9 -0.9 -0.9 -0.9 -0.9 -0.9 -0.9 -0.9 -0.9 -0.9 -0.9 -0.9 -0.9 -0.9 -0.9 -0.9 -0.9 -0.9 -0.9 -0.9 -0.9 -0.9 -0.9 0.2 3.6 14.5 47.6 49.1 49.7 50.4 51 51.2 51.7 51.2 50.4 50.8 51.1 52 52.9 53.5 55.1 57.2 60.2 62.7 63.3 61.8 62.5 63.2 64.2 65.8 67.6 69.6 71.7 75.5
-0.9 -0.9 -0.9 -0.9 -0.9 -0.9 -0.9 -0.9 -0.9 -0.9 -0.9 -0.9 -0.9 -0.9 -0.9 -0.9 -0.9 -0.9 -0.9 -0.9 -0.9 -0.9 -0.9 -0.9 -0.9 -0.9 -0.9 -0.9 -0.9 -0.9 -0.9 -0.9 -0.9 -0.9 -0.9 -0.9 -0.9 -0.9 -0.9 -0.9 -0.9 -0.9 -0.9 -0.9 -0.9 -0.9 -0.9 -0.9 -0.9 -0.9 -0.9 -0.9 -0.9 -0.9 0.2 3.1 17.1 48.5 49.7 50 50.4 50.7 52.5 52.1 51.9 51.2 51.9 52.9 53.9 54.7 56.6 60.1 62.9 65.7 66.7 64.3 62.9 63.5 64.8 66 67.3 69.1 71.2 73.9
