app/static/ascii/SZ48.asc
ncols 200
nrows 200
xllcorner 440000
yllcorner 80000
cellsize 50
[rows 0 to 35 of 200, columns 81 to 161 of 200]
14.3 12.8 11.6 10.4 9.6 9 8.3 7.8 9.8 10.7 11.4 12.6 14.3 15.8 17.3 19 20.2 21.3 20.9 20 19.6 19.3 19.3 20.3 22.2 23.3 24.2 25.1 26 26.1 25.9 25.2 24.4 24 23.7 23.8 23.9 23.7 23.4 23.2 22.9 25.2 26.3 26 25.1 24.5 24.1 24 24.5 24.5 25 25.6 26.3 26.8 27.3 27.8 28.3 29.2 30 30.8 31.5 32 32.7 33.2 33.2 33.4 34.4 34.9 35.5 36.4 38.2 40 41 41.8 42.7 43.8 45.8 48.1 49.6 50.1 50.4
15.5 14.6 13.3 12.2 11.6 11 10 8.9 8.1 11.1 12.6 13.5 14.4 15.5 17.4 19.1 20.7 22 21.8 21.8 21.2 20.6 20.4 20.5 20.9 21.6 22.3 23.6 24.7 25.8 26.5 26.1 25.2 25.2 25.3 24.5 24.4 24.2 24.1 24 23.7 25.6 27.2 27.6 26.5 25.5 24.8 24.5 24.7 24.6 24.9 25.4 26 26.3 26.7 27 27.5 28.5 29.4 30 30.4 30.8 31.2 31.4 31.5 31.5 31.3 31.8 32.4 33.4 34.9 36.5 36.5 36.6 37.2 39.3 41.3 43.4 45.3 46.1 46.5
17.8 16.4 15.2 13.8 13.3 12.5 11.5 10.2 8.6 11.3 12.6 14 15.2 16.5 17.8 19.6 21.3 23.3 23.6 23.4 22.8 22.2 21.6 21.5 21.3 21.5 21.9 22.5 23.4 25.3 26.5 26.6 26.7 26.6 26.6 26.3 25.8 25.8 25.7 24.6 23.7 25.8 27.2 27.9 27.5 26.6 26 25.4 25 25 25 25.7 26.3 26.3 26.6 26.9 27.2 28.2 29 29.3 29.7 30 30.3 30.2 30.2 30.3 30 29.7 29.6 30.6 32 32.3 32.5 32.7 33.9 35.6 37.6 39.6 41.6 42.5 42.6
19.8 18.1 16.7 15.4 14.6 13.8 12.5 11.1 9.6 11.1 12.2 14.4 16.3 17.8 19.5 21.2 23.6 25 25.5 25 24.4 23.8 23.3 22.7 22.3 22 22.4 22.7 23.6 25 26.7 31.4 30.4 30.4 28.2 26.6 26.8 26.8 26.1 27.2 25.4 26.1 27.1 28 28.5 27.8 27.3 26.8 26 25.8 26 26.1 26.6 26.5 26.7 26.8 27.2 28.1 28.4 28.7 28.9 29 29.2 29.1 29 29 28.8 28.5 27.9 27.9 28.1 28.3 28.9 29.9 31.3 33.1 34.6 36.1 38.1 39 38.7
20.7 18.9 17.5 16.4 15.7 14.9 13.6 12.3 10.9 10.9 11.8 13.9 16.7 19.7 21.4 23.7 25.9 26.7 27.2 26.6 26.1 25.5 25 24.3 23.4 23 22.7 23.2 24 24.9 27.2 32 30.4 30.4 30.3 28.2 27.6 27.4 27.6 26.1 26 26.5 26.8 27.9 28.9 29.2 28.7 27.9 27.4 27.3 27.6 27.7 27.2 26.8 26.8 26.8 27.1 27.7 28 28.4 28.6 28.5 28 27.9 27.8 27.8 27.6 27 26.4 26.6 26.8 27.1 28 28.9 29.8 31.4 32.4 33.9 35.8 37 37.6
21.6 19.8 18.3 17.4 16.7 15.8 14.5 13.3 12 11.6 11.4 13.1 15.8 19 22.1 24.7 26.8 28.7 29.2 28.4 27.7 27.2 26.9 25.8 24.7 24.3 23.9 23.6 24.6 26.2 28.1 32.9 31.7 32.1 31.1 30 28.9 28.8 28.1 26.1 27.1 27.2 27.3 28.1 28.9 29.7 30.3 29.8 29.3 28.8 29.5 29.8 28.7 28 27.3 27.2 27.5 27.4 27.8 28.2 28.5 28.4 27.8 27.2 26.6 26.5 26.2 25.7 25.4 25.2 25.4 26.1 27 27.9 28.9 30.3 31.5 32.9 34.6 35.9 37.2
22 20.5 19.2 18.4 17.7 16.8 15.4 14.2 13.1 12.4 12.5 13.6 15 18.1 20.4 22.8 25.1 28.1 30.5 30.7 30.1 29.5 28.8 27.5 26.2 25.5 24.7 24.6 26.6 28.1 29 32.7 33.3 33.3 32.1 31 29.8 29.2 28.4 27.9 27.8 28.1 28.2 28.3 29.1 29.9 30.8 31.7 31.2 30.9 31.3 31.3 30.9 29.9 28.9 28.7 28.8 28.2 27.7 28 28.3 28.2 27.6 27 26.4 25.8 25.1 24.7 24.4 23.9 24.2 25.2 26.5 27.7 29.2 31 32.1 33 33.9 35 36.1
22.5 21.3 20.3 19.4 18.6 17.8 16.3 15.1 13.4 12 12.9 13.4 14.6 16.4 18.7 21 23.9 27.5 30.8 32.3 32 31.6 30.7 29.3 28 26.3 25.5 26.1 28.3 30.8 31.2 34 34.9 34.3 33.2 32.1 30.9 29.8 28.8 28.7 28.8 29.1 29.2 29.1 29.4 30.2 31.1 32 33 32.4 32.5 32.5 32.3 31.6 30.6 30.2 30 29.6 28.9 28.6 28.6 28.1 27.6 27 26.1 25.3 24.7 23.7 23.4 23 23.2 24.9 26.5 27.8 29.7 31.6 32.4 33.2 34.1 34.7 35.3
22.8 21.5 20.3 19.4 19.2 18.7 16.9 15 12.9 13 13.2 13.6 14.3 14.5 16.9 19.5 23.1 26.6 30.2 32.7 33.5 33.2 32.6 31.3 29.3 27.1 25.8 27.5 30.4 33.4 34 34.2 35.7 35.6 34.3 33.2 31.9 30.8 30.1 29.4 29.8 30.4 30.6 30.5 30.2 30 30.9 32 32.9 33.7 33.8 33.8 33.6 33.2 32.1 31 31 30.9 30.3 29.6 28.8 28.2 27.5 26.4 25.6 24.9 24.3 23.5 22.5 22.4 22.4 24.8 26.4 27.7 29.6 30.8 31.7 32.3 32.8 33.5 34.2
22.6 21.2 20.2 19.3 18.5 18 16.1 14.3 13.6 14.1 14.2 14.6 15.1 15 16.1 18.4 22 25.7 29.2 32.7 34.8 34.9 34.6 32.7 30.5 28 26.5 28.8 32.1 35.5 37.3 36.7 37.1 36.8 35.7 34.3 32.8 31.7 30.9 30.1 30.8 31.6 32 31.7 31.5 30.8 31.1 31.9 32.8 33.8 34.9 35.1 34.9 34.1 33.2 32.1 31.5 31.4 30.8 29.9 29 27.8 26.7 25.8 25.2 24.5 23.9 23.2 22.5 21.9 21.4 23.5 25 25.7 27.7 29.5 30.4 30.6 31.1 31.8 32
22.5 20.9 20.1 19.2 18.3 17.3 16.2 15.2 13 15.3 15.5 16 16.3 15.8 16.1 17.9 20.7 24.6 28.3 31.9 34.5 35.3 35.5 33.8 31.2 28.4 28.3 30 33 36.3 37.9 39.4 39.2 38.6 37 35.1 33.4 32.5 31.8 31 31.4 32.4 33.4 33.1 32.8 31.7 31.7 32.4 33.2 33.8 35.1 35.8 35.8 34.9 34.1 33.7 32.6 32 31.1 29.9 28.2 27 26.1 25.4 24.8 24.2 23.8 23.3 22.9 22.1 21.6 20.9 22.3 23.6 25.6 27.1 28.3 28.8 29.3 29.6 29.4
22.1 20.5 19 18.1 17.4 16.8 16.1 15.2 15.5 16.3 16.8 17.4 17.3 16.9 15.9 16.8 19.6 23.1 27.1 31 33.7 35.9 35.6 33.7 31.6 29.2 29.8 31.3 34.4 37.6 39.8 40.6 40 39.3 37.5 35.7 34 33.4 31.9 31.2 32.1 33 34 34.6 34.2 32.9 32.4 32.6 33.3 33.9 34.9 34.9 34.2 33.9 33.8 33.9 32.9 32.5 30.9 28.9 27.3 27.1 26.4 26.2 25.6 25.1 24.7 24.2 23.8 23.4 22.8 21.1 20.2 21.5 23.2 24.6 26.2 26.8 27.5 27.4 26.4
21.7 20.2 18.8 17.3 16.9 16 15.6 16 16.6 17.3 18 18.7 18.4 17.7 16.4 17.5 19.1 21.7 25.7 30 32.8 35.7 36 34.3 32.2 31.1 29.5 32.6 35.8 39 40.7 41.6 41.3 39.7 37.8 36 35 33.8 32.7 32.3 33.4 34.5 35.6 36.1 35.7 34.8 34 33.6 33.6 34.1 34.1 33.3 32.2 31.7 32 31.7 30.9 30.4 29.2 28.4 27.9 28.4 27.9 26.9 26.1 25.9 25.7 25 24.3 23.9 23.4 21.6 20.9 19.5 19 22.8 23.9 25.1 25.9 25.1 23.4
21.9 20.6 19.2 17.7 16.9 17 17.2 17.5 17.3 17.5 18.8 20 19.8 19 18.2 17.9 18.5 20.6 24.4 28.1 31.5 35.2 36.6 35.5 33.5 32.9 32.1 33.8 36.8 40.1 41.6 42.4 42 40.3 38.3 36.5 35.3 34.2 33.2 33.2 34.3 35.6 37.2 37.6 37.1 36 35.1 34.9 34.7 34.5 33.6 32.7 31.7 30.9 30.8 30.7 29.6 29.1 28.5 28.3 28.5 29.1 29.5 28.5 27.4 26.3 25.9 25.8 25 24.3 23.7 22.2 20.7 19.6 18.8 20.8 22.3 23.8 23.6 22.8 20.3
22.3 20.8 19.6 18.2 17.9 17.3 17.9 18.2 17.6 18.3 19.6 21 21.1 20.8 20.5 20.1 19.9 19.9 23 26.8 31 35.3 37.4 37.2 36.8 36.4 34.7 34.7 37.7 41.3 42.2 42.6 42.8 40.9 38.9 37 35.7 34.5 34.2 34.4 36 37.6 39.1 39.1 38.3 37 36.1 35.9 35.6 34.8 33.7 32.5 31.8 31.3 30.7 30.1 30.1 30 29.6 29.3 29.5 30 30.5 30.9 29.2 28.2 26.5 26.4 25.6 24.5 23.2 21.7 20.7 20.1 19.6 18.7 20.3 21.5 20.5 18.9 16.9
22.3 21 19.7 18.9 18.2 17.9 18.5 19 18.3 18.8 20.2 21.6 22.4 22.2 21.8 21.3 19.9 20.9 23.3 26.1 30.7 35.2 37.9 39.1 39.9 39.3 37.3 37.6 39.7 40.7 42.1 43.3 43.4 41.6 39.5 37.8 36 35.6 35.3 36.1 38 39.6 40.6 40.4 39.5 38.2 37.2 36.7 35.9 35.1 34.2 33 32.3 31.8 31.4 31.1 31.3 31.3 30.9 30.6 30.2 30.5 31.5 32.4 31.3 30.3 28.9 27 25.2 23.9 22.8 21.9 21.4 21 20.9 20 18.5 17.3 17.7 18.6 19
21.8 20.5 19.6 18.4 18.4 18.5 19 19.3 18.9 19.4 20.8 22.2 23.2 23.3 23.1 21.5 19.6 20.7 22.1 25.4 29.9 34.1 37.8 40 41.1 40.7 38.7 39.3 40.1 40.7 44 44.8 43.7 41.9 39.9 38 36.6 36.1 36 37.8 39.8 41.6 42.1 41.6 40.6 39.3 37.9 37.1 36.3 35.4 34.6 33.5 32.8 32.4 32 32 32.2 32.4 31.9 31.4 30.9 31.2 32.5 33.4 33.2 31.9 29.8 27.7 25.5 24.3 23.4 22.6 22.3 22 22.1 22.2 21.8 19.8 19 21.1 22
21.9 19.8 19.4 19.3 19.2 19 19.3 19.4 19.6 19.9 21.3 22.5 23.8 24.1 24.3 22.7 20.6 20.9 21.1 24.8 28.6 32.7 36.7 39.9 41.8 42.1 40.8 40.3 43 44.7 45.3 45.8 44.1 42.1 40.2 38.5 37.2 36.5 37.6 39.6 41.6 43.5 43.5 42.6 41.2 39.4 38.3 37.7 36.7 35.8 35 33.9 33.5 33.7 33 32.9 33.1 33.3 32.9 32.5 32 32.4 33.3 33.7 33.5 32.6 29.9 27.7 25.7 24.8 23.9 23.5 23.2 23.3 23.6 23.5 22.3 20.9 20.9 22.1 22.5
21.1 20.8 19.9 19.8 19.7 19.7 20.1 20.1 20.2 20.4 21.1 22.2 23.6 25.2 25.6 24.5 23.3 22 22 23 26.7 30.6 34.7 38.9 41.8 42.6 42.7 41.3 44.1 46.2 46.7 46.2 44.8 42.8 41 39.1 38 37.6 38.9 41.2 43.4 44.6 44 42.5 40.9 39.4 38.6 38.5 37.5 36.5 35.5 35.2 34.7 34.9 34.2 33.7 34 34.2 34.1 33.8 33.5 34.2 34.8 34.5 33.9 31.9 30 28 26.2 25.6 24.9 24.4 24.4 24.6 24.2 23.7 22.6 22.2 22.6 22.7 22.5
22.1 21.8 21 20.3 20.2 20.5 21 21.1 21.2 21.5 21.9 22.3 23.8 25.8 26.8 26.1 24.9 23.8 22.8 22.8 24.9 28.5 32.7 36.9 40.8 42.2 43.5 43.9 46 47.5 47.6 47.1 45.4 43.6 41.3 39.3 39 39 40.4 42.7 45 45.7 44.1 42.6 41.1 39.6 39.5 39 38.3 37.3 36.8 36.8 36.1 36 35.5 34.6 34.8 34.9 34.7 34.9 35.4 36.1 36.8 35.8 33.8 31.6 29.6 28.1 26.8 26.7 26.7 25.4 25.2 24.6 24 23.3 23.2 22.7 23.6 23.3 23.5
23.1 22.8 22.2 20.9 20.7 21.4 22 22.1 22.2 22.5 22.9 23 24.6 26.6 28.1 27.7 26.6 25.4 23.1 22.3 23.6 26.3 30.3 34.6 39 41.1 43.2 45.4 47.7 48.6 48.2 47.6 45.6 43.1 41.2 39.6 38.9 39.5 42 44.4 46.3 46.4 44.6 42.8 41.3 40.5 40.6 40.2 39.2 38.3 38.6 38.2 37.7 37.5 36.2 35.7 35.7 36.1 36.6 37.2 37.7 38.6 37.8 36.2 33.7 31.5 29.8 28.7 28.1 28 27.3 25.8 25.2 24.8 24 23.2 24.3 23.8 24.2 24.9 25.5
23.9 23.8 23.3 22.1 21.2 22.2 23 23.1 23.2 23.6 23.7 23.6 25.2 27.7 29.2 29 28.1 26.9 25.3 23.4 23.9 24.9 27.9 32.3 37 39.2 42.2 45.7 48.3 48.7 48.6 48 46.1 43.7 41.8 40.3 39.2 40.7 43.3 45.9 47.2 47 45.2 43.1 41.5 41.5 41.7 41.3 40.3 40 40 39.7 39.3 38.7 37.4 36.7 36.7 37.6 38.5 39.4 39.9 40 38.2 36.4 33.7 31.6 30.6 29.7 29.2 29.1 28.2 26.5 25.5 24.9 24.2 24 25.6 25.4 25.5 26.3 28.1
25.5 25 24.5 23 21.9 23.1 24 24.1 24.3 24.5 24.3 24.2 25.8 28.3 30 29.9 29.1 27.8 26.3 25.2 25.4 25 27 30.5 34.9 39.1 42.6 46 48.5 49.2 48.8 48.5 46.6 44.4 42.3 40.8 40.1 42.1 44.7 47.3 47.8 47 45.2 43.4 42.3 42.5 42.7 42.3 41 42 41.9 41.4 40.7 39.6 38.8 37.7 37.7 38.8 39.8 40.7 41.3 40.7 38.8 36.4 33.7 32.4 31.4 31 30.6 29.7 28.4 27.1 25.8 25.2 24.9 25.1 26.7 27.4 26.4 27.2 29.2
27.1 26.7 25.6 23.7 22.6 24 24.7 25.1 25.2 25.1 24.9 24.8 26.3 28.3 30.1 29.9 29.6 28.6 26.8 26.3 24.9 25.2 26.1 29.2 32.9 37.4 42 46.2 48.5 49.6 49.4 49.1 47.3 45.2 43.1 41.1 40.9 43.4 46.1 48.6 48.7 47.6 46 44.3 43.6 43.8 43.9 43 42 43.6 43.5 43 41.9 40.5 39.7 38.8 38.8 40.1 40.9 41.7 42 41 38.8 36.5 35.1 33.9 32.4 31.7 31.8 30.8 28.7 27.4 26.5 26.4 26.9 27.9 29.3 29.9 28.3 28.6 29.4
28.6 28.1 26.1 23.7 23.3 24.9 25.4 25.7 26 26.2 26 26.1 26.8 28.1 29.8 30.7 30.5 29.5 28.1 27.1 26 26.4 26.4 28 30.8 35.4 40 44.2 47.9 49.4 50.2 49.7 47.7 45.7 43.6 41.6 42.2 44.6 47.3 49.3 49.1 47.9 46.7 45.1 44.9 45.1 44.8 43.5 43 44.3 45 44.5 43 41.6 40.6 40.3 40.6 41.3 42.1 42.8 42.1 40.7 38.9 37.1 37.1 35.7 33.7 33.4 33.4 32.2 30.9 31 30.6 30.7 31.9 33.2 33.2 31.8 29.8 30.8 30.5
29.9 28.9 26.5 23.9 24.7 25.7 26 26.3 26.6 26.9 27.2 28.1 28.8 29.4 30.5 31.2 30.8 30.9 29.7 28.5 27.2 27.4 27.2 28 30 33.5 37.7 41.9 46.1 48.9 50.2 50.2 48.5 46.4 44.3 42.3 43.4 45.2 48.1 49.8 49.6 48.4 47.1 45.9 46.2 46.5 45.4 44.2 43.9 45.1 46.6 46.3 43.6 42.6 42.6 42.7 42.6 42.6 43.3 43.7 42.2 40.7 40.6 39.4 39 37.4 37.1 38 37.9 36.8 36.5 36.3 36.2 35.5 37 35.9 34.8 31.9 31 31.7 32.3
30.6 28.9 26.1 24.8 25.9 26.5 26.8 27.1 27.4 27.8 28.3 29.8 30.6 31.3 32 32.1 32.1 32.2 31.2 29.8 27.9 28 27.5 29.5 30.3 31.3 35.5 39.6 43.8 47.8 49.4 50 49.4 47.2 45 43 43.6 45.7 48.4 50.1 49.8 48.8 47.7 46.7 47 47.1 46 45.1 45.5 46.8 47.6 47.1 45.7 43.9 45 45.6 45.4 45.1 45.3 45.4 43.5 43 43.4 43 42.3 40.2 36.8 41 42.9 42.8 41.7 41.4 38.7 38.3 37.6 35.6 34.5 34.4 34.6 34.1 34.2
30.4 27.6 25.5 25.9 26.9 27.4 27.7 28 28.4 28.9 29.4 30.4 32.5 33.2 33.8 34.1 33.9 33.7 32.4 30.8 29.4 28.3 28.3 29 29.7 30.4 33.3 37.4 41.5 45.4 48.1 49.5 49.7 48 45.8 43.7 44.1 46.8 48.8 50.1 50.2 49.2 48.2 47.8 48 47.8 46.6 47 47.5 48.6 48.8 47 46.2 45.7 47.4 48.5 48.6 48 48.2 47.6 45.6 45.1 45.1 44 42.5 39.7 41.4 44.1 46.1 46.8 46 43.9 41.1 39.2 35.8 33.4 34.1 35.5 35.7 36.5 35.7
29.7 27 26 26.9 27.9 28.2 28.5 29 29.5 30 30.5 31.1 33.2 35 35.6 35.9 35.5 34.9 33.5 32.3 30.9 30.6 29 28.4 29.2 30.2 31.7 35.1 38.7 42.2 45.4 47.7 49.1 48.1 46.2 44.4 45.2 47 48.7 50 50.9 50 49.1 48.9 49.1 49.1 48.3 49.5 50 51.2 50.2 48.1 47.2 47.6 49.9 51.5 52.4 51.7 51.7 51.4 49 47.7 47 44.4 41.8 42.7 44.1 46.2 48.2 47.8 47.1 44.9 42.5 41.7 35.7 33.4 33.4 38.2 38.8 37.7 37.4
29.3 27.5 26.7 27.9 28.8 29.1 29.5 30 30.6 31.1 31.6 32.1 33.9 36 36.8 36.6 36.5 36.2 35.1 34.2 33 31.5 29.2 29 29.4 30 31 33.2 36.3 39.1 42.7 45 48 48.2 46.3 45.1 45.5 47.1 48.6 50.7 51.3 50.7 50 50.1 50.4 50.7 50 50.4 52.6 53.8 52.2 49.5 48.6 49.3 51.4 53.8 55.5 55.2 55.1 54.5 52.5 50.4 48.1 45.4 44.5 46.8 47.8 48.8 52.2 51.2 49.6 45.7 45.4 44.4 43.6 41.9 40.8 41 42.1 41.9 40.5
28.9 27.8 27.6 28.9 29.6 30.1 30.6 31.1 31.6 32.2 32.7 33.2 34.5 35.6 36.2 37.1 37 37.1 36.8 35.8 33.9 31.8 29.7 29.8 30.1 30.6 31.4 32.6 34.1 36.8 39.9 43.3 47.2 48.4 47 45.7 46 47.3 49.6 51.8 51.5 51.3 50.9 51.2 51.5 52.4 51.7 52 54.9 55.6 54 51.5 50.6 50.8 53 56.4 59.1 59.4 59.2 59 56 52.8 50.1 47.4 48.8 52.2 52.8 52.7 54.8 54 50.6 48.5 48.3 47.7 47.1 45.4 44 44.1 43.6 42.4 39.8
29.1 28.5 28.7 29.9 30.7 31.2 31.8 32.3 32.8 33.3 33.8 34.3 34.7 35.5 36.4 37.3 36.7 36.6 36.6 35.7 34.2 32.1 30.5 30.4 30.7 31.2 31.8 32.8 34.3 36.2 39.8 43.9 47.8 48.7 47.6 46.5 46.7 47.8 49.8 51.1 51 51.4 52.3 52.6 53 53.3 53.3 54.7 57.1 58.2 56.3 54.1 52.7 52.9 54.7 58.1 63 65.1 64.6 63.3 59.5 55.9 53.4 50.7 51.5 57.1 57.2 57.2 56.5 55.7 52.6 52 51.4 50.4 49.7 48.5 47.4 46.8 46 44.3 42
30.5 29.7 30 31 31.9 32.5 33.1 33.6 34.1 34.5 34.9 35.3 35.6 35.9 36.6 37.5 37 36.2 35.5 34.9 34.3 31.8 31.5 31.3 31.2 31.7 32.2 33.1 34.6 36.8 40.9 45.9 50.2 49.9 48.2 47.3 47.4 48.8 50 50.9 51.8 52.6 53.5 54.2 54.5 54.4 54.9 57.2 59.4 61 58.8 56.1 55.6 55.5 56.8 59.5 65.4 69.6 69.1 65.8 61.9 59.8 57.3 54.3 53.8 57.5 60.7 60.5 59.8 57.8 56.3 55.6 55.4 54.5 53.3 52.2 51.2 50.1 49.2 47.8 44.3
31 30.9 31.4 32.1 33 33.8 34.3 34.7 35.1 35.5 35.9 36.3 36.5 36.8 37.1 37.7 37.3 35.9 35.9 35.4 34.8 32.8 32.6 32.4 32.1 32.2 32.7 34 35.7 37 42.9 47.9 52.8 52.1 49.7 48 48.1 49.1 50.2 51.7 53.4 55.1 55.7 56.8 57.1 57 56.5 59.1 61.8 63.3 62.3 60.1 58.5 58.5 59.2 61.4 66.6 71.8 72.2 68.5 65.9 64.4 61.8 59.7 58.5 61 62.8 64.1 63.6 62 60.6 59.2 58.8 58.6 57.4 56.2 55 54.1 52.8 50.1 47.1
31.6 32.1 32.6 33.2 34.6 36.1 36.7 36.6 36.5 36.5 36.9 37.2 37.6 38 38.4 39 39.3 39.2 37.3 35.6 35 33.8 33.6 33.4 34.1 34.7 35.8 36.6 38.2 39.7 44.9 52.3 54.8 53.4 50.7 48.7 49.1 49.6 50.8 52.4 54 55.7 57.5 60.2 59.9 59.1 58.4 60.8 63.7 65.8 65.8 64 62.1 61.8 62.9 64.1 67.7 71.5 74 73.2 71.5 69.7 68.6 67.2 69.4 68.2 67.2 67.5 67.9 67.1 66.1 64.8 62.6 63 61.6 60.2 59 58.7 56.3 54.2 51.9
33.1 33.6 34.2 35.8 37.4 38.9 40.1 40.1 39.8 39.4 38.8 38.4 39.7 41 41.8 42.2 42.4 41.9 40.3 38.2 36 35.1 36.6 36.2 37.3 38.8 40.6 42.3 42.9 44.5 48.5 54.2 56.2 54.3 51 49.8 50.1 51 52.1 53.3 54.7 56.4 58.7 61 62.2 61.3 60.5 62.3 65.2 67.9 68.1 66.9 65.3 65.4 65.8 67 70.3 73.8 77.5 79.6 79.3 79.5 80.2 81.2 82.7 82.9 74.1 75.4 74.8 74.7 75.5 75.1 74.8 70.9 65.5 65.5 65.5 64.9 62.3 60.8 58.3
