app/static/ascii/SZ57.asc
ncols 200
nrows 200
xllcorner 450000
yllcorner 70000
cellsize 50
[rows 38 to 75 of 200, columns 0 to 83 of 200]
111.3 102.5 95 98.9 103.5 108.2 110.5 112 114.1 113.3 112.5 113.7 114.5 114.6 114.8 115 113.7 111.3 107.5 104.9 104.8 101.9 100.6 101.3 98.3 95 90.8 86.3 81.4 78.4 77 76.8 71.4 64.6 65.5 70.8 73.4 73.3 73.8 73.2 71.3 69 68.1 70.7 73.2 75.1 77 79.4 80.9 82.3 83.8 86.2 87.9 91 95.4 101.1 107 114.4 123.5 130.6 135.8 137.7 137.8 137.6 137 137.1 137.3 137.2 136 134.8 133.9 134.4 136.4 139 142.8 147.6 154 160.1 163.3 167.2 175.8 189.5 199.8 206.2
108.1 101.1 96.1 101.1 105 109.5 112.9 115.1 115.8 117.8 118 118.2 118.7 121 121.5 119.2 118.6 116.8 112.4 110 108.9 104.7 104.8 104.9 101.9 98.3 95.2 90.1 85.1 78.4 73.9 71.6 68.4 64 67.4 71.6 73.6 74 74.6 74.8 73.1 70.3 69.1 70.1 71.7 73.7 75.7 77.3 79.1 81 83.2 87.8 91.5 95 102.1 111.1 118.5 125.6 131.2 135.1 136.5 136.6 136.7 136.1 135.5 134.9 135.1 135.2 134.1 133 132.1 132.7 134.2 137.2 141.1 145.7 150.8 153.7 155.5 159.7 169.5 186.3 198.2 205.6
103.3 99.9 100.6 100.3 103.4 109.1 114.2 117.3 119.7 123.1 123 124.1 124.2 127.9 128.8 130.5 129.9 126.4 122 117.1 113.7 110.9 108.8 106.6 103.3 99.7 96.6 93.5 87.1 80.2 76.2 72.8 66.7 65.5 67.9 70.8 71.7 72.5 74.9 75.8 74.6 72.2 70.2 70.5 70.4 72 74.9 76.6 79.7 83 86.6 91.3 95.7 100.5 108.9 118.7 124.2 130.3 134.4 135.7 135.5 135.6 135.6 135 134.3 133.6 132.9 133.1 132.2 131.3 130.5 130.7 132.3 134.5 138.9 142.6 146 147 149.9 157.3 170.4 186.5 198.4 205.9
103.4 105.8 107.1 107.4 106.8 110.9 114.9 118.9 124.1 128.4 130.2 132.3 133.7 139.4 145.8 150.4 148.7 139.8 128.3 121.4 117.2 113.9 109.2 106.2 102.6 99 95.8 92.9 87.7 81.9 77.7 72.8 66.7 66.3 68.3 69.3 70.1 71.4 75.4 77.3 76.7 74.7 74.1 72.9 72.9 71.5 74.1 77.5 80.9 84.5 88.6 93.3 97.9 104.8 114.9 123.4 129 133.2 135.2 135.4 135.1 134.8 134.5 133.8 133.1 132.4 131.7 131 130.4 129.7 129 129 130.6 132.5 135 137.9 139.3 143.1 151 161.1 173.3 189.1 198.9 206
110.4 110.8 111.6 112.2 113.5 115.3 117.9 121.9 127.3 133.1 139 146 152.6 153.2 157.3 155.5 148.9 137 127.7 121.8 117.4 113.3 108 105.8 102.1 98.1 93.4 90.2 87.3 82.4 76.3 71.6 66.8 67.6 70 71 71.3 72.2 77.4 79.6 79.1 77.9 78 77.3 77.9 73.7 73.7 76.9 80.3 85.1 90.2 95.1 100.1 107.6 119.3 126.6 131.1 134.5 135.3 135.1 134.6 134.1 133.5 132.7 132 131.3 130.6 129.9 129 128 127.4 127.3 128.9 131.1 132.3 134.3 138.3 144.9 155.8 166.4 176.8 190.5 199.6 205.9
115.4 115.9 116.9 118.1 119 120.3 122.4 126.4 133.6 139.9 150.8 156.4 160 162 160.2 155 145 134.2 126.1 119.7 114.9 110.9 106 103.6 100.2 96.1 90.9 86.5 83.3 79.7 75.1 70.5 67.2 71 73.7 74.7 75.4 74.6 75.9 79 80.7 80.6 80.8 80.9 80.5 77.5 72.2 76.8 81.2 85.4 89.7 94.8 101.3 110.6 121.7 128.5 132.1 134.2 134.9 134.5 133.7 133.2 132.5 131.6 130.9 130.3 129.6 128.9 127.9 126.8 126 126.1 127.7 129.5 131.1 133.9 139.4 145.9 158.2 169.8 180.7 192 200.9 206
120.8 121.4 121.8 122.7 122.5 125.1 128.7 135.8 142.5 152.8 160.1 163.6 164.9 163 159.6 152.8 142.8 131.4 125.1 119.1 112.9 109.7 104.9 100.9 97.8 92.5 88.3 82.8 78.8 76 73.1 68.9 70.2 74.7 79.1 81.1 80.6 79.4 78.3 79.8 81.1 83.3 84 84 83.1 80.3 76.4 76.3 81.9 86.3 90.2 95.8 101.8 110.5 121 128.1 131.7 133.5 134.3 134.2 133.4 132.6 131.6 130.7 129.8 129.1 128.5 127.8 126.8 126.1 125.4 124.8 126.4 127.9 130.6 134.6 139.8 147.1 159.4 170.5 182.9 193.1 201.1 204.7
126.4 127.2 127.5 126.4 132 137.5 143.5 148.9 157.1 163.1 165.8 166.5 165.3 162.5 157.9 151.4 142.5 131.3 124.5 118.9 112.3 110.3 105.6 100.4 96.8 89.5 84 80 76.5 73.3 70.9 69.2 73.1 79 82.6 85.3 86.2 84.8 83.2 84.2 86.2 86.8 87.1 87.7 86.1 82.9 79.4 73.9 81.3 86.3 91.4 96.4 102.1 110.3 120.1 127.6 131.1 132.7 133.6 134.7 133.5 132.4 131.4 130.2 129 127.9 127.3 126.7 126.1 125.4 124.8 124.1 125.4 127.6 130.7 135.2 141.3 149.8 161.9 172.5 184.9 194.3 201 202.9
132.1 131.6 131 136.7 143.8 152.5 159.8 164.2 166.3 167.9 167.4 165.9 163.8 160.4 155.8 149.1 141.9 132.8 125 119.8 112.7 109.8 104 99.6 96 89.2 84 82.2 78.9 73.9 69.4 73 76.7 81.6 84.9 87.8 90.8 90.6 89.7 92.1 93.8 93.3 93.5 91.8 90.7 86.3 81.7 75.3 81.2 86.8 91.8 96.6 102 111.1 120.3 127.1 130.2 132.1 134.3 136.3 136.1 134.3 131.7 130.4 129.2 127.5 125.9 125.2 124.5 123.8 123.2 122.6 124.5 126.5 130.2 135.7 142.9 154.3 164.1 173.9 186.6 194.9 199.6 199.5
135.3 135 140 149.6 159.6 165.6 167.5 169.3 169 168.4 167.4 165.3 162.2 158.8 153.9 147.1 139.7 131.3 124.9 119.8 114.2 109.5 103 99.1 95.8 90.9 87 84.1 78.6 72.6 71.1 76.3 80.1 84.1 87.9 91.5 94.7 96.3 97.8 99.4 100.8 100.9 98.7 97.1 93.2 87.8 83.7 76.7 81.8 87.2 91.7 96.8 102 110.8 119 126.5 129.6 131.7 133.9 135.5 137.8 136.2 133.2 130.6 128.5 126.4 125 123.6 123 122.3 121.6 121.6 123.4 125.3 128.8 134.6 144.7 155.7 165.1 174.8 186.8 193.7 197 194.4
146.5 151.5 157.5 165.3 168.8 169.6 169.6 169.5 168.9 168 166.2 163.6 159.9 156.1 150.9 144.4 137 130.1 125.4 120.4 115.3 108.3 102.8 98.9 95.2 91.4 86.4 82.7 77.7 72.3 74.5 79 82.2 86.6 90.5 94.1 98.9 101.8 105.5 107.7 113.2 113.1 106.8 100.6 94.6 89.6 84.2 78.9 82.6 87.7 91.8 97.7 103.2 112.3 119.9 126.5 129 131.2 134.2 136.9 138.4 138.1 134.9 131.5 128.1 125.5 124.1 122.7 121.4 120.8 120 119.7 121.2 123.9 128 133.3 142.8 154 163.9 173.1 183.9 190.3 191.4 188.1
163.8 168.1 169.9 170.7 171 170.7 170.2 169.2 168 166.9 164.7 162 158.2 154.2 147.8 140.2 132.7 127 122.8 119.2 114.2 107.5 102.7 97.9 94.1 89.3 84.2 79.9 75.3 73 77.9 81.1 84.2 88.6 93 98 102.8 106.7 112.3 120.1 127.3 122.5 114.4 105.3 97.6 91.1 84.9 80.7 84.1 88.3 92.5 98.1 104.8 113.3 119.7 126.1 128.5 131.3 134.3 136.9 137.5 136.9 134.1 130.8 127.3 124.4 122.9 121.7 120.3 118.5 117.8 118.4 119.8 122.9 127.3 131.9 140.8 152.8 162.3 171 178.9 184.6 184.4 180
172.2 172.1 171.9 171.7 170.8 170.1 169 168 166.9 165.5 163.2 160.5 156.1 151.5 143.9 134.7 127.4 122.5 119.6 115.9 111.3 106 102.4 98.5 93.5 88.5 84.9 80.4 74 74.3 78.3 82.4 86.2 90.8 96 101.5 106.6 112.4 123.1 130.2 131.8 127.3 118.6 109.5 100.2 92.8 86.1 82.2 84.6 88.9 93.2 98.7 105.9 114.2 119.9 125.5 129.1 132.6 135.7 137 136.9 134.7 132 129 125.5 123.6 122 120.2 118.6 116.1 116.4 117.8 119.6 122 126.2 131 140.5 151.3 160 166.9 173.8 176.3 175.5 172.1
172.4 171.7 171.3 170.6 170 168.9 167.8 166.7 165.8 164.1 161.8 159 154 148.4 141.1 130.7 122.3 116.2 113 110 107.6 103.9 100.8 97.2 93.5 88.9 85.3 80.5 74.4 75.9 79.5 83.8 88.1 93.8 99.3 104.5 110 119.4 130 134.2 133 129.3 121.8 113.1 104.5 96.2 88.2 83.5 85.3 88.7 93.4 98.8 107.4 115 121 125.9 129.8 133.4 135.9 136.2 134.4 131.7 128.6 125.7 123 121.5 120 118.6 115.2 115.5 117 118.2 120.1 122 124.8 128.9 136 145.5 154.5 161.6 166.2 168.6 166.2 163.8
171 169.5 168.8 168.2 168.1 166.9 165.8 164.8 163.9 162.3 160 156.8 152 146.2 139.4 130.7 121 113.4 108.7 106.2 105.5 101.9 98 94.1 91.5 88.5 84 78.1 75.2 78.2 81.1 85.5 90.1 95.6 101.6 107.3 117.5 128.4 133.8 135 133.5 130.1 124.5 116.2 108.1 99.7 91 85.1 83.8 88.3 93.4 99.3 108.3 115.2 121.2 125.2 129 131 131.5 132 131.4 128.2 125.4 123.2 121.3 120.5 119.3 117.9 113.9 114.9 116.7 117.1 118.5 120.5 123 126.9 132.5 139.2 148.3 154.3 158.9 160.3 157.8 155.1
169.5 167.1 166 166.2 165.9 164.6 163.1 162 161.7 160.1 157.9 154.6 149.8 144.6 138.2 129.7 120 112.7 106 101.2 101.1 98.6 96.3 93 88.8 85.6 81.8 77.8 77.1 80.9 83.8 87.6 92.2 97.5 104 114.5 127.1 132.9 135.2 134.9 133.6 130.6 126.8 119.3 111.3 102.2 93.5 88.7 85.2 87.7 91.5 99.1 108.1 115 120.4 123.2 125.9 127.2 127.2 127.4 127.2 125.6 123.6 121.3 119.5 118.7 117.9 117 112.6 113.9 116.1 116.5 117 119.1 121.7 125 128.6 133.7 141.3 147.6 150.7 151.6 151.3 146.5
169.8 167.7 164 160 158.3 156.6 155.4 156.8 157.9 156.9 154.9 152.1 147.3 142.8 136.5 128 119.1 112.9 105.9 100.1 97.1 95.2 92.9 91.2 87.9 83.9 80.1 76.9 78.2 82.4 86.2 89.6 94.5 99.9 108.3 122.3 131.2 134.1 135 134.7 133.7 131.1 127.4 121.8 112.9 102.6 94.9 90.7 87.7 85.7 88.2 95.4 105 113.7 118.5 120.5 122 122.5 122.1 122.7 122.7 122.1 120.8 119.8 116.9 113.9 113.5 112.2 110.8 114.2 115 115.6 116.2 118.1 120.6 123.5 126.9 129 132.3 138.3 140.8 141 139.3 136.3
170.1 168.2 165.4 159.6 152.1 144.9 141.2 141.8 148.1 151.4 149.8 147.6 144.4 139.7 133.1 125.9 118.1 112.3 106.5 101.4 97.7 93.5 89.6 87.9 85.7 83.4 80.1 77.4 79 82.7 86.7 91.4 96.8 102.2 113.8 127.5 133.1 134.5 134.7 134.3 133 131.3 128 122.8 112.6 102.6 96.8 92.8 90.3 88.1 88.9 92.3 98.3 105 110 109.2 107.5 109.1 111.5 114 117.4 118 117.2 115.7 109.2 107.9 108.3 108.6 111.6 113.7 113.9 114.5 115.7 117.8 119.9 122.6 125.7 126.1 128 128.8 129.5 129.1 128.8 125.6
169.2 168.2 164.8 161.5 155.3 144.4 135.8 133.1 133.7 140 143.8 142.5 139.6 135.8 130.3 123.7 116.6 110 105.5 102.6 99.2 95.3 91.1 86.9 83.9 81.5 79.2 78 80.6 84 87.4 92.8 98 105.4 118.6 128.7 132.9 133.7 133.5 132.8 132.1 130.7 127.9 122.6 110.9 102.6 97.4 95.1 93.1 91.2 90.1 90.8 92.8 95.7 97.2 97.6 98.2 100.3 102.2 105.2 109.2 112.2 111.6 108 105.3 106.8 108.8 111.8 111.5 112.3 113.1 114.3 115.5 117.3 119.5 121.8 122.7 122.8 121.5 122.3 121.5 120.6 119.4 117.5
166.2 164.9 162.3 159.9 156.1 148.1 136.3 129.1 127.3 128 133 135.4 134.4 129.9 125 120.1 114 107.8 102.8 99.4 96.2 94.2 89.9 86.3 83.2 80.3 78.9 79.2 82.2 85 88.4 93.7 99.1 107.9 121.4 129.2 132.1 132.8 132 131.4 130.7 129.7 126.4 121.2 110 104.3 103.2 101 98.1 95.3 92.8 91.7 91.7 93.1 94.3 95.4 97.8 99.2 99.8 101.4 101.9 103.6 103.7 103.9 106.1 112.8 114.2 113.7 112.7 113.1 113.1 114.1 115.3 116.8 118.6 120.1 120.4 119.1 117.3 115.4 114.6 113.8 112 111.2
163.8 162.6 160.5 157.8 153.4 148 137.2 128.7 124.8 121.5 122.9 126.7 127.2 123.6 118.8 114.7 109.5 105.4 100 95.5 92 90.1 88.1 85 81.8 80.1 79.7 80.2 82.8 85.7 89.4 94.3 100 110.7 123 128.5 130.9 132.1 131 130.4 129.4 128.3 127 122.3 111.5 108.9 112.1 109 104.3 100.6 97.2 93.8 94.2 95.4 98.7 103 105 106 106.3 105.3 103.7 103.5 104.2 106.5 111 114.4 115.4 115.6 113.9 113.2 113.3 113.4 114 114.9 116 116.7 116.7 114.7 111.3 109 107.4 107.6 92.1 76.8
163.3 160.3 158.8 154.7 150.1 145.6 138 128.3 121.5 118.2 117 117.5 119.1 117.7 114.4 111.4 108 105.6 101.5 96 92.4 88.6 85.8 83.6 81.9 81 80.6 81.2 83.4 86.3 90.2 94.7 100.5 111.2 122.7 127.9 129.5 130.6 130 129 127.9 127 126.1 123.6 115.9 117.3 119.1 116.7 115 107.5 102.3 97.8 95.1 97.8 108 112.1 113.7 114.8 114.8 113.4 109.7 110.1 110.7 112.5 114.3 115.9 117.4 118.5 116.9 116 114.1 112.6 112.2 111.6 112.2 113 112.8 110.3 106.9 104.9 84.9 74.5 74.4 71.2
163.1 157.7 155.2 152.3 147.8 143.3 136.9 127 120.2 116.2 112.9 112.6 112.4 111.6 109.8 107.7 106.3 103.9 100.9 97.2 92.9 88.1 85.8 83.8 82.5 82.1 82.8 82.6 83.9 86.6 90.2 94.3 100 110.2 121.1 126.1 128.5 129.3 129.6 128.8 127.9 127.1 126.1 123.6 120.4 121.6 122.1 121.7 120.7 117.7 107.7 101.8 98.6 99.3 111 115.1 115.9 116 115.9 115.9 115.6 116.4 117 117.8 120.4 121.1 124.6 124.3 123.4 121.1 117.1 114.2 110.4 108.6 107.8 108.4 110.3 107.5 86.6 71.8 68.4 64.3 58.9 59.1
160.4 155.3 150.9 149.1 145.2 140.4 133.4 125.1 119.2 113.6 110.7 108.5 108 107.7 106.7 105.3 104 101.8 98 95.4 91 88.3 85.7 84.6 83.7 84.2 84.7 84.2 84.7 86.9 90.2 94.3 99.9 107.2 117.9 124.3 127.1 128.3 128.9 128.7 127.9 127.1 125.5 123.6 122.6 123.3 124.6 126.8 126 122.1 114.2 105.5 101.1 97.7 105.9 113.1 115.8 116.6 116.5 117.2 119.8 121.4 123.8 126.4 128.4 130.1 132.2 132.5 130.8 126.8 119.8 117.3 112.5 107.7 105.5 104 92.2 72.7 72 67.2 61.8 57.2 57.7 57.8
156.6 153.2 145.3 144.9 141.2 135.5 129.4 122.9 116.6 111.8 107.9 106.3 104.8 104.5 103.6 103.3 101.7 99.1 96.8 93.4 90.5 88.5 86.4 85.5 85.4 86.1 86.5 86 86 87.5 90.4 94.7 99.8 105.8 116.4 123.3 126.1 127.2 128.2 129.9 129.6 128.7 127.5 126.3 125.6 125.9 127.7 130.7 130.6 126 120.6 111.7 104.3 102.2 92.9 108.7 113.5 115 115.9 118.2 121.3 124.6 126.9 131.9 135 136.9 137.8 138 135.5 131.1 123.4 117.4 112.4 107.9 104.7 85.9 71.5 66 60.9 60.7 57 52.4 46.3 44.6
147.1 146.8 143.2 135.4 134.8 131 124.6 119.3 114.6 110.1 106.4 104.1 102.8 101.9 100.6 100.7 98.8 96 94.4 92.1 89.7 88.5 87.2 87.7 88.6 89.8 89.8 89.1 88.6 89 91.7 95.1 100.5 106.2 114 122.6 125.2 127.4 129.3 131.7 132.2 128.7 132.1 130.5 130.3 130.6 131.2 132.8 133 129.5 123.4 118.2 108 105.1 107.8 108.5 110.7 113.9 116.2 118 120.5 123.5 128 133.3 137.4 139.7 138.9 140.6 136.7 130.7 122.9 114.1 110 92.1 77.2 69.5 62.7 61.2 56.1 53.7 49.8 45.3 37.8 35.1
133.3 131.6 133.8 129.2 127.2 125.2 121.1 116.4 113.3 109.4 106 102.3 100.7 100.1 97.9 96.5 94.6 93.2 92.1 91.1 89.7 88.4 89.4 91.9 92.7 93.4 94 93.3 91.7 91.6 92.4 95.9 101.6 109.2 119.7 122.6 125.7 128 131.1 133.8 137.2 138.6 138.4 136.9 135.7 134.1 133.2 132.1 131.9 129.6 125.1 119.9 113.4 108.3 114 114.2 112.5 113.9 115.3 116.9 118.9 122.5 127.2 132 135.9 139.5 140.5 139.5 134.3 127.2 117 97.1 76 71.6 69.5 58.6 57.3 54.4 50.3 47.2 41.3 35.7 31.3 28.2
131.3 127.6 124.3 122.9 120.3 117.9 114.7 112.3 110.9 108.7 105.4 101.9 101.5 99.8 97.6 96 94.4 93.2 92.4 90.9 90.5 90.7 92.9 95.3 96.6 98.8 99.8 99.2 96.6 95.3 94.2 95.7 101.3 110.4 118.9 122.6 125.8 130.2 135.8 141.7 140.8 141.3 147.5 145.2 141.1 135.8 131.4 128.9 128.3 126.8 124.3 120.2 114.3 112.7 118 119.5 117.7 115.3 114.5 115.4 117.3 120.3 123.9 129.1 133.7 136.2 137.6 135.2 129.6 111 88.3 76 70 67.9 62.3 54.4 51 46 45.2 37.5 30.9 27.5 25.3 25.1
132.8 127.3 123.2 119.7 117.4 115.5 112 109.8 108.3 105.7 104.9 105 105.8 102.4 98.7 97.1 95.3 93.9 92.7 91.6 91.6 92.8 96.4 98.7 101.9 106.2 111.5 113.7 104.2 99.8 97.1 97 100.3 107.8 116.9 122.3 125.2 130.8 138.5 146.2 152.8 155.8 155 152.2 144 136.6 130.9 126.7 124.7 122.9 121.2 118.2 114.2 116.6 121.5 124.5 123.4 120.3 117.5 115.9 116.3 118.1 121.4 125.5 129 130.7 131.9 121.2 109.7 77.6 75.6 70.4 67.2 63.9 51.3 50 47.5 39.5 33.7 27.2 24.3 25.5 23.3 18.5
136 128.3 122.6 118.4 115.9 113.9 111.1 110.7 109.8 109.5 112.7 115.2 117.3 109.9 101.4 100.4 97.4 97 94.4 93 93.4 96.3 99.8 102.9 108.3 116.5 121 122.1 115.9 103.9 99.9 98.2 100 105.5 114.6 121.5 124.4 129.7 137.3 145 153.9 159.3 157.8 152.8 144.7 137.2 131.1 125.1 121.5 119.6 118.6 117.1 117.6 122.5 126 128.4 126.8 124.8 120.9 118.4 116.7 117 118.9 121.7 123.7 124.3 105.7 86.5 74 73.9 73.2 65.5 62.8 52.5 51.7 45 37.1 30.7 25.6 27.5 28.4 20.1 17.7 16.2
138.5 129.5 121.6 117.8 116.2 115.7 116.2 115.9 118.9 121.5 125.2 126.6 122.3 117.8 105.8 104 101.5 99 95.8 95.3 96.3 99.5 103.8 109.9 117.7 123.4 125.6 125.6 122.6 111.1 103.2 100.2 100.6 105.4 115.5 121.2 123.3 128 135.7 143.5 150.2 155.4 155.1 150 142.9 136.7 129.7 124.9 121.8 120.7 119.1 119.3 123.2 128.1 130.7 130.4 128.2 126.1 122.8 119.2 115.5 113.1 116.5 118.9 114.3 82.7 71.3 72.8 72.9 72.2 59.2 58 49.8 49.6 44.5 40.8 27.4 25.6 24.9 21.3 18.2 15.8 17.5 15.7
133.1 125.4 120.8 118.4 118.2 122.3 126.8 130.8 133.7 134.7 134.9 133.5 128.4 114.3 108.7 104.8 100.9 99.7 98.2 98.4 99.4 103 111.3 119.3 124 126.3 126.9 125.8 123.8 118.4 107.5 102.6 101.7 104.1 115.2 119.8 121.1 125.7 132.1 139 143.2 147.8 148.1 144.8 139.8 134.9 129.2 126.2 124.4 125.4 126 126.9 129.7 132.4 132.2 130.3 128.5 124.7 120.8 116.7 112.7 108.7 106.2 92.5 78.9 68.8 66 66.3 64.4 55.7 52.5 47.3 42.5 35.6 34.6 27.6 26.2 24.4 22.1 20.1 15.3 15.1 18.4 11.3
128.3 123.3 120.7 121.7 128.4 136.6 139.5 139.8 140.2 139.4 136.9 133.1 123.7 112.3 108.2 104.9 103.5 102 101.9 102.2 103 104.9 115.3 122.5 126 126.9 126.1 125.3 123.9 121.6 112.2 105.2 103.4 104.4 110.3 115 118.4 122.9 127.4 132.3 136.4 139.4 140.3 139 136.3 132.5 129.6 127.9 129.6 133.1 134.5 135.1 134.7 133.1 131.6 129.3 126.1 113.3 95.3 86.1 86.5 73.8 77.6 72.8 68.3 61.2 62.8 60.9 54.5 46.4 41.9 37.6 32.2 30.5 26.6 25 22.7 19.9 18.8 16.8 17.9 18.6 12.4 0.4
128.6 123.7 123.6 128.9 140.8 142.2 142.6 141.7 140.4 139.2 135.7 127.9 116.9 111 107.3 106 106.6 107.4 109.4 109.1 107.8 109 115.2 124.1 126.1 126 125.2 124.4 123.4 121.9 116.9 108.5 104.2 105.2 106.7 111.4 115.6 119.1 122.5 125.6 130.2 132.3 133.4 133.5 132.1 130.4 129.9 131.8 136.4 140.8 141.4 138.9 118.5 104.5 102.6 94.1 85.9 75.8 69.9 67.4 67.1 66.7 65.9 62.9 58.7 57 56.2 45.9 38.4 29.6 29.5 30 27.5 24.2 19.3 18.6 18.5 17.4 16.5 18 12.7 1 -1.1 -1.1
128.7 124.9 129.8 141.1 143.6 143 142.1 141.2 139.3 137.1 132.6 121.6 113.6 110.3 108.5 108.6 110.5 114.6 121.9 120.5 115.7 114.2 117.2 123.7 125.5 125.2 124.3 123.4 122.5 121.2 119.3 113.2 108.2 106.2 106.8 109.4 113.8 116.7 118.7 120.9 123.5 125.8 126.5 127.1 127.8 128.2 130.9 134.4 139.9 125.5 107.7 92.7 76.4 73.2 70.8 71.3 71 69.8 65.6 62.7 56.6 51.8 48 52.2 52.8 51.5 43.5 36.5 28 25.5 25.4 20.2 18.5 18.1 18.7 19.1 17.2 16.1 19.2 -1.1 -1.1 -1.1 -1.1 -1.1
128.5 128 139.8 143.3 143.2 142.2 141.3 140.1 138.4 135.4 126.4 116.6 112.2 110.6 110.5 112.5 119.3 126.5 128 126.5 124.8 123.5 119.7 122.7 124.8 124.2 123.2 122.3 121.4 120.6 119.4 118 114.4 108.2 106.6 108.2 111.2 113.4 114.6 116.5 118.3 119.7 120.6 121.4 122.9 124.7 119.6 101.4 84.1 71.3 73.3 68.9 70.5 67.9 65.3 63.6 60.2 59.7 54.8 52 49.2 46.3 42.7 46.1 43.2 39.7 35.4 26.4 22.4 19.8 19.5 18 21.5 21.1 21.6 23.1 21.3 8.3 -1.1 -1.1 -1.1 -1.1 -1.1 -1.1
127.9 136.2 142.3 142.7 142 141 139.9 138.6 136.9 133.8 122.3 114.5 111.6 111.4 113.1 120.1 128.4 129.2 129.2 128.6 127.5 126 122.9 123.7 123.5 122.9 122.1 121.1 120.3 119.7 118.7 117.2 115.9 111.8 108.8 108.7 110.3 111.4 112.7 113.3 113.8 114.4 115.9 116.6 118.1 90.9 78.3 74.4 72.6 70.1 68 64.6 59.6 57.6 55.9 53.7 51.1 50.2 46 43 40.5 42.5 38.1 37.6 38.8 32.5 25.9 21.2 20.2 20.3 24.1 25.8 19.6 21.3 19.8 17.8 13.8 -1.1 -1.1 -1.1 -1.1 -1.1 -1.1 -1.1
132.9 141.7 141.8 141.2 140.5 139.7 138.4 136.8 134.5 129 117.6 109.5 111.1 113.4 119.2 129.5 130.2 129.5 128.5 127.5 126.5 125.3 124 122.3 122 121.5 120.8 120.1 119.4 118.9 118 116.4 115.5 112.1 110.2 111.3 110.6 110.4 110.6 110.7 109.3 108.2 109.4 88.2 77.1 76.9 73.7 68.1 62.7 59.3 58.7 55.1 52.1 51.6 49.3 47.1 42.7 40.9 39.2 38.6 38.6 34.9 32.3 27.9 24.2 20.9 21.6 20.9 20.4 20.8 22.8 22.9 27.3 33.4 31.2 28.4 -1.1 -1.1 -1.1 -1.1 -1.1 -1.1 -1.1 -1.1
