app/static/ascii/TA08.asc
ncols 200
nrows 200
xllcorner 500000
yllcorner 480000
cellsize 50
[rows 38 to 75 of 200, columns 0 to 85 of 200]
172.9 174 174.7 175.1 176 176.9 177.7 178.2 178.6 179.1 179.9 180.6 180.7 180.4 180.1 178.9 176.6 162.9 145.7 126 114.2 105.9 101 96.6 92.3 88.6 85.4 82.5 82 80.8 79.9 78.8 76.8 74.8 72.8 68.4 71.8 71.9 71.7 71.2 72.3 74.2 73.7 70.2 66.2 66.7 68.5 70.2 71.6 74.2 76.6 78.2 79.2 78.2 76.3 73 70.6 63.9 56.4 55.7 54.9 58.4 60.1 59.9 56.9 51.4 49.7 49.7 50.1 50 51.7 53.8 52.9 52.7 52.3 47.6 49.4 44.6 38.8 33.4 21.2 20.6 16.5 19.2 25.9 40.4
172.9 173.4 174.1 174.8 175 175.7 176.7 177.4 178 178.5 179.3 179.9 180.4 180.6 180.3 179.3 177.4 174.7 155.6 135.7 122.7 111.6 104.1 99.7 95.6 91.8 88.6 85.3 84 82.2 80.7 79.5 77.4 75.3 72.1 73.9 75.2 75.2 75.1 75 75.5 76.1 75.4 72.8 67.1 65.5 66.9 69.8 71.8 72.9 74.4 74.5 72.3 67.2 65.3 63.2 61 58.3 58.8 57.5 55.6 58.7 61.3 59.8 56.3 53.1 50.7 50 50.4 50.5 50.9 51.9 52.6 52.6 52.6 51.3 46 40.7 35.4 26.3 19.9 22 26.9 31.1 39.1 45.8
172.3 173 173.4 174.1 174.3 174.9 175.8 176.4 177.1 177.7 178.5 179.3 179.9 180.4 180.4 179.7 178.1 176.2 169.7 149.8 132.3 119.1 108.8 102.9 98.8 94.4 91.1 87.9 85.3 83.5 81.7 80.2 78.1 75 75.3 77.1 78.3 78.3 78.2 77.9 77.5 77.7 77 75.1 70.2 65.7 65.9 68.6 70.7 70.2 68.8 65.4 64.3 65.6 63.7 62 61 60.4 60.1 58.1 55.4 54.6 55.6 55.3 54.3 51.8 51.3 50.5 50.4 50.3 50.3 51.4 52.4 52.5 47.5 46.6 42.5 38.2 31.5 21.2 29.9 30.1 36.9 38.1 44 49.7
171.4 172.3 173.3 173 173.2 173.9 174.8 175.6 176.2 176.8 177.6 178.4 179.3 179.8 180.1 179.8 178.9 177.4 173.2 160.3 142.3 126.7 115.6 106.8 101.2 96.6 93.4 89.4 86.3 84.6 82.9 80.7 78.1 76.1 77.9 80.1 81.3 81.4 81.2 80.6 79.9 79.1 78.5 76.3 73.9 68.4 65.8 67.5 68 66.6 64.7 68.1 74 78.7 79.2 72.3 63.2 61.2 60.2 57.1 54.3 53.5 53 51.7 51.1 51.2 51 50.7 50.6 50.2 49.8 50.7 51.7 48.2 47.6 42.7 38.1 33.6 22.9 31.5 36 38.2 40.9 45.1 49.3 51.5
170.3 171.3 171.6 171.7 171.9 172.8 173.5 174.3 175.2 176 176.8 177.5 178.4 179.3 179.9 180.2 180.3 178.6 174.2 169 152.8 135.1 121.2 110.4 103.6 98.9 95.2 91 87.8 85.6 83.2 79.9 76.6 80.2 82.1 83.6 85.2 85.1 84 83.1 82.2 81.3 79.7 77.1 75.2 71 67 65.9 66.1 66.9 70.9 75.7 84.5 88.6 91.2 85.8 70.2 63.4 60.6 57.9 55.6 54.3 53.9 52.9 51.2 49.6 50.3 50.5 50.7 50.2 49.7 49.3 49.9 47.2 43.7 38.6 33.7 26.8 29.3 36.7 41 42.3 44.4 48.2 51.2 52.1
168.7 169.3 169.1 169.2 170.3 171.3 172.2 173 173.8 174.7 175.7 176.5 177.6 178.6 179.3 180.2 180.8 179.4 177.7 171.7 163.4 144.3 126.7 114 105.9 101.2 96.5 92.7 89.3 86.2 82.9 79.7 79.1 83 86.5 89 90.4 90.2 88.8 87.2 85 83 80.9 78.2 75.2 74.2 70.6 68.9 69.6 71.4 75.7 81.1 85.1 89.2 93.6 91.9 80 69.7 62.8 59.6 56.7 55.6 55.1 53.2 50.4 48 46.7 46.4 48.9 49 49.1 47.3 41.2 41.4 38.4 34.1 29.1 27.3 34.7 43.2 44.7 45.6 46.9 49.7 51.7 52.6
167.3 166.9 166.7 167.5 168.8 169.7 170.4 171.2 172 172.9 173.8 175.5 176.8 178 179.2 180.2 180.7 179.7 178.1 175 170 154.1 134.3 118.6 108 102.7 97.8 93.2 89.6 86.7 84 80.7 80.8 85.1 89.8 94.4 98.1 96.8 94.5 91 87.7 84.6 82 79.4 77.6 77.1 73.9 71.5 73.4 75.5 78.8 81.8 85.4 89.4 94.6 95.1 86.5 75.4 66.6 61.1 58 57 55.8 53.5 50.8 49.2 46.9 43 46.4 46.6 47 38.2 34.2 33.6 32.4 29.3 26.9 33.6 42.1 46.2 47.3 48.4 48.9 50.7 52 53
165.7 165.1 165.1 166.3 167.6 168.1 168.7 169.4 170.2 171.2 173.5 175.1 176.8 178.6 179.3 180.2 180.9 180.3 178.3 176.4 172.3 164.1 143.5 124.5 111.4 104.7 99.2 94.2 90 87.6 85.3 82.5 82.2 86.9 92.9 99.4 104.3 104 100.3 94.4 88.6 85.1 82.9 81.1 80.5 78.9 76.7 74.1 76.6 79 80.8 82.8 86.4 89.8 95.2 96.7 90.6 79.3 69.9 63.2 59.2 57.9 56.4 54.4 52.5 50.7 48.1 39.8 45 46.9 40.1 32.6 29.6 30.1 28.5 32.5 36.1 35.5 40.2 46.5 48.7 49.9 51 51.3 52.4 53.5
164.4 164 164.3 165.4 165.9 166.4 166.9 167.6 168.7 171.9 174.7 174.7 176.2 177.7 179.4 181.2 184 182.1 178.1 175.4 172.5 169.5 153.8 133.5 117.9 107 101.5 96.1 91.9 90.1 86.9 83.9 83 88.6 95.2 103 108.6 108.4 104.1 96.1 90 86.9 84.5 82.6 81.7 80.5 78.2 77.1 78.2 80.2 82.2 84 87.2 90.8 95.9 97.7 94.6 83.7 73.3 65.2 60.6 58.4 56.9 55 52.1 48.8 45.1 38 38.2 33.6 33 30.6 35.2 33.9 34.8 38.2 42.7 44.8 43.3 45.2 49.6 51.1 51.7 52.4 53.1 53.9
162.7 163 163.2 162.1 162.6 164.2 165.1 166 168.2 171.1 174 174.2 174.8 176.5 179.5 182.6 187.7 180.5 177 175.2 173.3 170.8 162.3 145.1 125.4 112.6 105.1 99.8 96.2 93 89.4 85.7 84.2 88.9 94.9 101.8 107.1 110.1 108.9 98.4 92.8 90.3 88.1 85.3 83.4 82.2 80.4 80.4 81 82.1 83.4 85.4 87.9 91.5 95.9 99.8 100.8 88.4 77.7 68 61.8 59 57.3 53.4 49.6 45.8 43.8 41.9 45.1 39.7 34.7 31 38.5 36.2 38 41.6 45 47.2 49.7 50.3 49.3 51.5 52.9 53.4 53.9 55.1
160.7 161 161.4 161.3 161.2 162.6 163.3 164.6 166.6 168.5 169.4 172.2 173.5 176.2 179.4 182.5 182.2 178.2 175.3 173.9 173.4 171.5 168.9 157.3 134.5 119.6 110.3 103.7 100.1 96.6 93 89 85.2 88.9 93.6 98.3 103.2 108.2 108.3 106.6 98.6 102.8 92.2 88.8 87.1 85.4 83.8 83.8 84.3 85 85.8 86.5 88.7 92.3 96.6 100.7 104 99.3 84.1 73.1 64.8 59.1 56.4 52.8 48.3 45.8 44.7 44.6 43.9 39.5 32.4 36.3 39.7 38.2 40.6 43.3 46.2 48.9 50.1 50.3 51 52.7 53.6 53.9 54.3 54.2
158.7 159.2 159.5 159.8 160.1 160.9 161.6 162.6 164.6 166.2 169.6 171.1 172.7 175.8 178.2 178.9 176.9 175.2 172.8 170.9 171.9 172.1 170.2 167.6 149.5 128.9 116.2 108.6 104.8 99.9 95.8 91.6 88.3 89.7 94 98.5 103.8 109 111.8 109.4 107.9 107.4 97.2 92.3 89.8 87.7 87.1 87.3 87.8 88.4 89 89.4 90.2 94 97.7 101.6 106.6 103.3 96.1 81.8 70.5 63.2 55.6 52.2 49.6 47.5 45.4 44.7 41.7 35.7 31.5 37.3 40.4 40.5 43.3 44.6 46.8 48.9 50.4 51.4 52.7 54 54.6 54.6 54.5 54.6
156.4 156.8 157.6 158.1 158.5 159 159.5 160.2 162.1 163.9 168.2 170 171 173 174.3 174.4 172.9 171.7 170.4 169.8 170.9 171 170.6 168.3 162.7 144 126.6 116.2 110.2 103.6 98.3 94.5 90.6 92 96.5 102.5 107.7 111.8 116.9 118.2 116 112.9 108.1 99.5 92.9 90.5 90.8 91.7 91.6 92 92.1 92.2 92 96.4 100.8 104.4 110.5 105.6 99.7 92.3 81.1 67.2 56.1 51.8 50.9 49.6 47.1 44.4 37.4 32.1 33.3 36.7 41.2 43.6 45.2 45.3 47.1 49.8 52.2 53.7 54.4 55.2 55.9 56.7 56.4 55.9
153.7 153.7 154.7 155.4 156.5 157 157.4 157.8 159.3 161.5 163.6 168.9 168.4 169.9 170.8 170.9 170.3 169.2 167.8 168.8 169.6 170 169.7 168.9 167.7 159.7 142 125 114.9 107.3 101.3 97.4 93.6 93.5 99.8 109.2 115.2 119.3 131.8 129.5 124.1 120.2 113.5 104.3 96.6 94.3 95.3 96.2 96.5 93.7 92.4 92.2 92.6 96.3 99.9 105.8 110.4 109.8 102.6 94.8 78.8 62.8 53.3 51.8 51 50.5 46.5 42.4 32.6 29.8 32.8 38 43.5 44.6 45.2 45.3 47.9 52.1 55.3 57.2 57.9 58.1 58 59.1 58.4 57.8
150.7 150.7 151.8 153 153.8 154.7 155.3 155.9 157.4 159.2 162.1 164.1 163.6 165.7 168 167.6 166.9 166.2 166.1 166.8 167.4 167.9 168.4 168.6 168 166.7 155.8 137.1 122.3 112.6 106.3 99.9 95.1 95.2 101.5 112.8 123.6 129.4 150.8 145.1 134.5 126.2 118.6 113.2 104.1 98.9 99.3 103.5 99.7 96.9 93.9 92.7 93.2 95.9 99.3 105.1 110.2 108.9 104.1 78.8 64.2 58.7 54.4 53.1 52 51.5 45.9 40 32.6 30.7 33.4 40.4 44.7 45.7 45.5 45.5 53.1 56.1 58.6 60.7 61.4 61 60.9 61.1 60.5 59.8
148.1 148.7 149.3 150.2 151.1 152 152.7 153.7 154.7 156.3 158.6 160.3 161.1 163.7 164.4 164.2 164.1 162.6 164.2 164.6 165 165.5 166.2 166.9 167.2 166.6 165.7 151.4 134.1 120.5 111.7 103.3 97.9 96.6 102 112.7 124.4 132.7 149.2 154.6 146.4 133 124.4 116.7 108.3 103 105.2 109.5 103.1 98.7 93.8 92.7 92.1 94.1 96.9 103.5 109.5 108.4 89.6 65.8 61.5 58.5 55.4 54 52.6 51.6 44.5 39.1 32.8 31.2 35.7 41.5 45.7 50.1 51.5 54.3 57.1 61.3 62.6 64.9 65.2 65.5 64.2 63.8 63 62.2
145.5 146.3 146.9 147.6 148.7 149.4 150.3 151.3 152.2 153.5 155.1 157.2 159.4 159.8 159.9 160.3 160.9 159.5 161.1 162.8 162.6 163.3 164 164.6 165.3 165.6 165.7 165.4 149.2 131.6 119.1 109.8 102.6 98.9 101.9 110.6 123.6 130.3 145.3 154.8 155.8 142.2 130.3 120.9 111.9 107.8 111.4 112.6 106.8 100.2 93.5 89.5 89.4 90.1 94 100.6 106.3 107.2 95 69.9 63.3 55.8 54.5 53.4 52.2 51.2 44.2 38.7 34.2 31.6 37.5 42.2 46.6 53.6 57.8 60 62.6 65.1 69.2 72 71.4 72 68.5 66 65.5 64.6
142.4 143.4 144.3 145.5 146.3 146.8 147.6 148.7 149.8 150.8 152.4 150.8 153.3 155.1 156.8 157.2 157.7 156.9 157 158 159.3 160 161.1 162.1 163.3 163.6 164.1 165.2 165.5 148.2 132.2 117.9 110 104.7 101.9 108.8 120.2 131.7 143.1 153.5 156 154.9 140.3 127.2 117.4 113.5 114.3 113.8 110 103.4 97.5 90 83.9 85.3 89.7 98 104.9 106.2 98.6 82.3 68.8 55 53.3 52.2 51.1 50.3 43.9 40.1 36.9 32.5 38.3 45.7 51.8 61.1 65.2 65.4 71.3 74.8 79.9 80.7 77.4 79.1 75.7 69.7 67.7 66.7
140 142.9 142.7 143.4 144.8 144.5 144.9 146 147.2 148.3 149 147.9 148.4 150.4 152.6 153.9 154.4 154 153.8 154.8 156.9 157.9 159 160.1 161.2 161.6 162.1 163.5 164.3 164 148.8 133.2 118.7 112.7 108.7 108.7 117.8 129 139.9 151.2 154.5 156.9 149.1 136.3 125.1 117.9 114.2 113.7 111.1 106.8 100.9 94.8 83.3 80 88.8 98.5 106.4 106 98.6 84.4 69.3 55.4 52.8 51.9 50.3 48.8 43.4 41.2 37.7 32.9 40.4 50 58.6 65.5 71.5 78.9 86.2 90.3 90.9 89.6 87.1 85.9 81.7 74.8 70.6 69.5
139.3 141.2 140.8 141.9 143.1 142.7 142.8 144.1 145.2 146.2 146.4 144.8 145 147.4 149.8 151.3 151.6 151.2 151 152.2 154.5 155.9 157 158.1 159.2 159.6 160.4 161.6 162 163.1 163 150.5 134.6 122.1 116.7 111.8 116.2 126.4 136.6 148.4 153 155.1 158.2 150.1 133.6 120.7 112.7 109.5 109.2 106.9 99.6 93.2 82.3 75.5 86.7 97.8 107.2 105.6 98.2 83.3 70.6 54.5 52.3 52 49.8 47.1 43.3 40.8 36.1 36.1 43.3 58.9 68.8 74.8 84.1 92.6 99.2 106 104.6 101.4 99.9 90.6 87.2 77.7 74.6 73.1
137.5 138.8 136.9 139.8 141.2 139.5 141.2 142.6 143.7 144.3 143.5 141.8 141.9 145 147.8 149.1 149.2 148.6 148.3 149.9 152.2 153.9 155 156.1 157.1 157.6 158.7 159.3 160.1 161.3 162.4 162 151.3 135.7 125.1 119.3 117.9 125.9 135 147.2 152.3 154 155.7 157 144.5 126.9 114.3 107.2 100.6 102.4 96.2 86.7 77.7 72.3 83.6 94.9 103.6 103.1 96.7 79.9 61.4 54.1 51.8 50.5 48.6 45.4 43 40.8 34.2 38.6 48.3 65.2 79 86 94.3 102.6 111.3 118.9 119.2 119.9 116.7 109.3 94 86.5 84.7 79.5
136.7 136.1 135.1 135.5 136.8 136.7 139.2 140.7 141.8 142.1 140.9 138.4 140.8 143.9 145.4 147 147.8 147.3 144.9 147 149.2 151.4 153 154.1 155 155.6 156.5 157.3 158.2 159.4 160.4 161.4 161 152.7 138.7 128.4 125.6 126.7 134 146.2 150.6 152 153.7 155.1 155.6 136.5 119 108.7 98 91.7 87 81.8 74 70.4 79.4 91.2 98.7 97.4 93.5 74.9 66.3 54.7 50.9 49.8 47.9 44.5 42.6 39.3 34 41.8 55.8 72.8 88.3 99.4 105 112.2 125.7 139.1 145.3 144.4 134.2 123.3 105.8 96.9 92.6 83.6
133.6 132.4 131.7 131.4 132.3 134.6 137.5 138.8 139.8 139.7 137.5 134.6 138.8 141.8 143.4 144.9 145.8 145.9 142.3 143.5 146.1 148.7 150.7 152.1 153 153.8 154.6 155.4 156.3 157.3 158.3 159.2 160.1 159.7 152.2 144.2 140.4 138.3 137.3 142.6 149.5 149.9 151.4 152.4 153.2 144 125.3 112.1 101.3 93 89.3 82.3 74.2 68.3 77 87.8 84.5 87 82.6 70.8 64.1 53.9 50.2 49.2 46.4 43.2 40.6 37.5 37.2 46.4 62.9 78.4 95.7 104.5 109.4 118.5 131.8 152.7 151.7 151.1 150.1 135.3 116.9 100.5 92.1 83.2
131.8 129.5 128.9 129.1 129.1 132.6 136.1 137.1 137.3 136.5 133.4 131.2 136.7 140.8 141.4 142.5 143.1 143.9 140.2 141.4 144.3 147 148.4 149.5 150.6 151.4 152.3 153.2 154.1 155.1 156.1 157.1 157.9 158.4 158.4 158.5 153.9 156 152 140.5 146.9 146 147.1 148.4 150.1 151.6 133.3 117.9 107.8 101.2 97 84.9 73.4 67 77.2 77.3 64.2 64.1 62.1 61.2 57.6 53.3 50.8 48.5 45.1 43 40.5 37.5 37.9 49.7 63.9 78.2 99.1 103.8 107.1 113.3 127.5 144.6 151.3 150.9 149.6 142.4 124.6 97.7 88.2 82
128.2 126.2 125.5 124.7 127.3 130.8 133.7 135.6 134.4 133.3 130.2 129.1 134.5 137.8 138.8 140 141.2 141.5 138 139.9 142.9 144.9 146.2 147.4 148.1 148.9 149.7 150.7 151.7 152.7 153.6 154.6 155.2 155.5 156.3 156.9 156.6 155.9 153.9 145.5 143.5 142.5 144.2 145.9 147.8 149.3 143.1 123.3 107.1 96.7 88.2 81 70.4 65.1 74.2 71.4 60.2 59.9 59.2 58.5 56 52.3 48.4 46.5 43.4 42.2 39.9 38.1 42.5 51 63.3 76.5 96.3 98.8 99.7 107.2 119.5 136.3 151.4 151.3 149.2 143.6 126.6 97.2 89 82.9
124.8 123.1 122.4 122.7 125.7 129.1 131 132.3 131.8 130.5 126.1 128.3 132.9 136.1 137.2 138 138.7 139.7 135.6 135.3 139.7 142.6 143.9 144.9 145.6 146.4 147.2 148.2 149.2 150.2 151.1 151.7 152.5 153.2 153.7 154.3 154.3 153.9 152.9 149.3 142.2 140.1 141.8 143.5 145.4 146.7 147 132.2 112.7 100 85.7 81 70.9 62 67.4 66.9 60.6 60.5 59.1 57.7 51 49.2 45.7 44 41.7 41.9 40.5 38.9 46.3 51.6 61.9 76.2 93.5 90.4 91.2 100.2 112.4 128.7 147.2 150.3 148.6 143.4 124.5 96.4 88.7 83.4
121.6 120.6 120.8 121 125.6 126.4 128.2 129.1 128.4 125 120.9 127 131.7 133.7 134.8 135.6 136.3 137 132.7 132.4 137.5 139.5 140.9 142.4 143.2 143.9 144.7 145.5 146.6 147 147.8 148.5 149.7 150.3 150.9 151.6 151.4 151.3 150.9 150.5 145 140.2 138.3 139.7 141.7 144.2 145.4 143.1 122.2 103.9 92.7 85.5 83.3 67.8 59.6 60.2 61.4 61.8 58.6 57.1 48.3 45.9 44.3 42.4 41.3 41 39.8 38.9 47.7 51.9 61.2 72.3 83.6 80.2 84.5 96.6 106.9 123.6 141.2 149.1 148.3 141.5 122.4 94.6 89 85
119.5 118.4 117.8 120 122.9 124.4 125.4 125.6 123.7 120.2 121.4 127 128.9 130.8 132 132.8 133.5 134 129.7 130.3 134.8 136.6 137.9 139.1 140.2 141.2 141.9 142.4 142.9 143.8 144.6 145.3 146.5 147.5 148.5 149.3 149.6 149.5 149.9 149.6 147 143.1 139.6 135.9 138.1 140.6 143 143.3 136 112.7 99.4 92.6 82.7 73.3 69.1 64.3 55.8 51 50.2 48.1 45.7 44.2 43.2 41.8 41.2 40.7 39.6 37.8 44 52.7 59.1 66.3 71 73.2 84.7 93.6 102.4 119.5 137.1 149.4 147.1 141.6 120.2 95.5 88.4 84.9
117 116 115.3 117.7 120.2 121 121.8 121.9 117.8 115.8 121.3 125 126.5 127.9 129.1 129.9 130.5 130.7 126.7 127.5 131.6 133.7 135 136.4 137.8 138.6 139.2 139.7 139.8 140.2 141.3 142.1 143.2 144.2 145.7 146.9 147.7 147.7 148.1 147.9 146.1 144.5 140.9 136.7 134.1 136.9 139.5 140.1 141.3 125.7 105.1 95.2 86.8 85.9 84.6 75.2 65.8 57.9 52.6 46.4 44.1 43.2 42 42.3 41.7 41.4 38.5 38.9 41.7 50.5 54.7 60.8 64.7 71.2 78.9 88.6 99.5 116.7 137.6 147.3 145.4 139.3 118.4 95.5 87.6 84.1
114.4 114 112 114.6 117.3 117.7 117.1 114.4 110.1 116.8 120.3 122.9 124.2 125.3 126.3 127 127.5 127.2 124.3 124.5 129.4 131.2 132.9 134.4 135.6 136.1 136.5 136.3 136 136.5 137.7 138.3 138.9 140.9 142.8 144.6 145.4 146.3 146.7 146.9 145.8 145.1 142.1 137.9 133.8 132.8 135.8 138.8 140.1 140.2 118 101.6 93.9 91 87.7 79.6 70.7 69 65 55.6 44.4 43.5 43.2 43.1 43.1 42.7 39 39.5 41.6 45.2 50.8 56.3 61.7 68.8 76.9 86.8 98.5 116.4 137.2 147.3 144.3 138.5 118.5 96.4 89.3 85.2
111.8 111.3 107.9 110.4 113.1 112.3 110.7 106.8 111.5 117.7 118.3 120.3 121.5 122.4 123.2 123.9 124.5 124.3 120.2 122.2 126.6 128.4 130.2 131.7 132.5 132.7 133.5 133.5 133 132.4 133.9 134.3 134.9 138.6 140.6 141.9 144.4 144.7 145.1 145.6 145.3 144.7 142.9 139.3 135.5 130.9 131.7 135.1 137.7 137.8 131.8 110.7 98.6 91.7 85.9 80.3 79.9 80.1 71.7 62.9 48.8 44.8 44.5 43.8 43.6 43 40.6 39.3 39.8 39.9 45.6 51.4 60.2 69.1 77.6 87.8 99.5 117.6 138.8 146 143.9 135.3 116.1 96.7 90.4 86.7
109.2 108.6 105.8 107.3 109.3 108 104.8 106 112 115.3 116 117 118.2 119.2 120 120.8 121.5 120.8 114.9 120.7 123.7 125.7 127.5 128.5 129.3 129.4 129.9 130.4 129.7 127.9 129.9 130.6 134.3 136.2 138.3 140.1 141.9 142.6 143.2 143.6 143.2 142.9 142.4 141 137.3 132.8 127.8 131.5 134.7 135.9 136.7 126 106.4 96.4 90 86.6 87 86.9 74.6 66.1 52.7 46 44.6 44 43.7 43.1 40.8 39.5 38.7 37.5 42.8 48.5 58.5 68.4 81.7 92.6 101.6 120.3 141.5 144.5 142.5 132.6 113.2 97.4 90.7 90.5
106.4 106.1 102.6 104 106 104.8 100 105.8 110.4 112.5 113.4 114.2 115 116.1 116.7 117.3 117.9 116.1 113.3 118.4 122.1 123.1 124.8 125.6 126.2 126.3 126.8 127.3 127.1 126.2 126.3 127.9 131.2 134.1 136.3 138.1 139.4 140.4 141.2 141.4 141.3 141.3 141.3 141.3 138.9 134.6 129.5 126.8 131.1 133.5 135 134.7 121.9 104.3 95.1 91.4 88.1 86.7 75.7 67.3 59.2 49.3 45.4 44.3 43.5 42.7 40.4 39.9 38 37.5 41.3 48.8 59.9 69 78.6 91.6 102.6 123.7 142.7 143.3 141.5 130.6 110.9 97.7 93.1 92.1
103.6 103.8 100.6 98.1 102.3 99.9 99.2 103.9 107.4 109.9 111.3 112.1 112.7 113.3 113.4 113.6 114.1 111 113.1 117.4 119.5 120.9 121.9 122.7 123.2 123.3 123.7 124.1 123.7 122 122.7 127.5 130 132.4 133.8 135.2 136.8 137.8 138.5 139.5 140.2 140.3 140.4 140.5 139.4 136.8 132.4 126.1 125.6 129.3 132 133 132.9 122.1 106.4 95.6 90 86.3 78.3 68.6 60 51.9 46.9 44.6 43.1 42.5 40.4 45.2 42.5 40.2 41.2 48.9 61.5 78 83.7 93 107.2 128.4 142.5 142.2 140.1 128.6 109.9 99.3 95.3 91.8
100.3 101.1 99.4 92.1 98.2 93.6 99.2 102.6 105 107.2 109 109.5 110.2 110.8 110.8 111 111 105.9 112.7 114.7 116.4 118.3 119.2 119.8 120.3 120.7 119.1 120 120.3 117.2 122.6 126.3 128.6 130 131.4 132.8 134 135 135.5 136.7 137.9 138.9 139 139.1 139.6 137.3 134.6 129 123.6 123.6 127.6 130.1 132.6 132.7 124.1 107.9 96.3 89.1 81.2 73.9 64.8 54.7 48.1 44.8 42.8 41.7 40.4 41 38.4 37.3 40.4 47.3 59.2 72.7 84.3 95.9 113.1 134.6 141.1 140.6 136.9 123.7 105.4 98.6 94.4 90.3
97.3 98.3 97.9 89.3 92 91 97 100.3 102.2 104.7 106.2 107 107.7 108.3 108.7 108.1 106.3 104.9 110.8 113.5 114.9 116.2 116.8 117.5 117.6 116.8 116.1 116.8 116.1 116 121.2 124.3 125.8 127.6 129.1 130.5 131.8 132.3 132.7 133.8 135 136.2 137.4 137.7 138.1 137.7 135.7 132.4 127.2 120.3 122.6 125.5 128.7 131.9 133 119.5 103.3 93.7 86.2 77.2 65.3 56.3 49.2 44 41.8 41.1 40.7 39.5 38.7 38.7 37.5 46.2 62.1 79.1 86.5 97.6 117.4 138.8 139.2 139.2 135 120.4 102.2 96.7 92.3 89
94.6 95 95.4 90.9 85.6 91.4 96.1 97.4 99.7 102 103.2 104.3 104.4 104.9 105.3 104.2 101.4 103.9 108 111.6 113.4 114 114.5 114.2 114.3 114.2 113.3 112.2 110.9 114.2 119.1 121.5 123 124.4 126.1 127.9 129.5 129.7 130.5 131.8 132.8 133.9 135 135.7 136.3 136.4 135.6 133.8 130.1 123.5 115.4 121.2 125 129 130.7 129.6 115.4 98.5 87.8 76.3 64.4 56.9 50.7 44.3 41.6 41.1 40.5 41.6 38.7 38.7 38.7 48.2 60.3 73.8 84.9 99.6 122.6 137.3 137.7 138 133.8 118.1 100.1 94 89.5 87
93.5 93.2 92.1 89.9 81.7 89.9 93.4 95.2 97.3 99.4 100.6 101.7 101.5 101.5 102 100.9 98.1 102.9 107.6 109.4 110.6 110.8 111.3 111.2 111 111.6 111 108 106.8 111.5 115.5 118.6 120.1 121.4 122.9 124.7 125.7 125.8 127.8 130 131.1 131 131.5 132.5 134.1 134.8 134.8 133.8 131.6 126.8 119.7 113.2 121.4 125 128.8 129.2 128 109.1 91.5 81.8 72.1 61.2 54.5 46.8 42 41.1 40.6 43.3 38.7 38.7 38.7 46.6 60.5 74.5 86 101.2 126.1 135.9 136.5 136.5 132.6 115.8 98.4 91.3 86.2 85.1
