app/static/ascii/TA18.asc
ncols 200
nrows 200
xllcorner 510000
yllcorner 480000
cellsize 50
[rows 152 to 189 of 200, columns 0 to 83 of 200]
67 65.9 67.6 68.8 67.8 65.3 62.9 62.5 62.1 62.5 61.2 61.1 63 63.7 62.7 64.5 64.7 65.6 66.3 65.4 66.9 61.8 5.9 1.3 0.9 3.7 14.1 1.8 -1.6 -1.6 -1.6 -1.6 -1.6 -1.6 -1.6 -1.6 -1.6 -1.6 -1.6 -1.6 -1.6 -1.6 -1.6 -1.6 -1.6 -1.6 -1.6 -1.6 -1.6 -1.6 -1.6 -1.6 -1.6 -1.6 -1.6 -1.6 -1.6 -1.6 -1.6 -1.6 -1.6 -1.6 -1.6 -1.6 -1.6 -1.6 -1.6 -1.6 -1.6 -1.6 -1.6 -1.6 -1.6 -1.6 -1.6 -1.6 -1.6 -1.6 -1.6 -1.6 -1.6 -1.6 -1.6 -1.6
62.7 62.7 64.5 64.6 63.5 62.8 60.1 58.8 58.3 57.9 57.5 58.5 60.4 60.6 60 62.2 62.9 63.6 63.1 62.5 63.6 64.3 64 62.1 55.8 63.7 66.1 64.4 37.2 1.6 -1.6 -1.6 -1.6 -1.6 -1.6 -1.6 -1.6 -1.6 -1.6 -1.6 -1.6 -1.6 -1.6 -1.6 -1.6 -1.6 -1.6 -1.6 -1.6 -1.6 -1.6 -1.6 -1.6 -1.6 -1.6 -1.6 -1.6 -1.6 -1.6 -1.6 -1.6 -1.6 -1.6 -1.6 -1.6 -1.6 -1.6 -1.6 -1.6 -1.6 -1.6 -1.6 -1.6 -1.6 -1.6 -1.6 -1.6 -1.6 -1.6 -1.6 -1.6 -1.6 -1.6 -1.6
60 60.5 61.8 60.1 59 59.1 57.3 55.1 54.6 55.3 53.8 54.8 55.9 56.5 57.1 59.5 60.4 60.8 60.6 60.5 60.9 61.5 61.9 61.9 63.4 64.1 66.2 67.1 66.7 56.6 8 -1.6 -1.6 -1.6 -1.6 -1.6 -1.6 -1.6 -1.6 -1.6 -1.6 -1.6 -1.6 -1.6 -1.6 -1.6 -1.6 -1.6 -1.6 -1.6 -1.6 -1.6 -1.6 -1.6 -1.6 -1.6 -1.6 -1.6 -1.6 -1.6 -1.6 -1.6 -1.6 -1.6 -1.6 -1.6 -1.6 -1.6 -1.6 -1.6 -1.6 -1.6 -1.6 -1.6 -1.6 -1.6 -1.6 -1.6 -1.6 -1.6 -1.6 -1.6 -1.6 -1.6
58.9 58.9 59 56.8 55.9 55.3 53.9 52 52.3 52.7 52.6 53.4 53.5 54.1 54.1 56.5 57.4 58 58.6 58.8 59.4 60.2 59.1 58.2 60.2 61.6 63.1 63.6 63.7 65.3 66.4 49.9 4.7 2.3 1.5 -1.6 -1.6 -1.6 -1.6 -1.6 -1.6 -1.6 -1.6 -1.6 -1.6 -1.6 -1.6 -1.6 -1.6 -1.6 -1.6 -1.6 -1.6 -1.6 -1.6 -1.6 -1.6 -1.6 -1.6 -1.6 -1.6 -1.6 -1.6 -1.6 -1.6 -1.6 -1.6 -1.6 -1.6 -1.6 -1.6 -1.6 -1.6 -1.6 -1.6 -1.6 -1.6 -1.6 -1.6 -1.6 -1.6 -1.6 -1.6 -1.6
57.1 57.5 56.5 54.1 53 52.2 50.9 49 49.2 50.1 51.6 51.5 51.4 50.6 51.3 51.6 52.6 54.2 55.1 56 57.6 57.6 55.7 54.9 57.9 59.9 60.8 61.4 61.7 63.2 64.6 64.1 63.2 61.5 43.5 9.4 3.2 -1.6 -1.6 -1.6 -1.6 -1.6 -1.6 -1.6 -1.6 -1.6 -1.6 -1.6 -1.6 -1.6 -1.6 -1.6 -1.6 -1.6 -1.6 -1.6 -1.6 -1.6 -1.6 -1.6 -1.6 -1.6 -1.6 -1.6 -1.6 -1.6 -1.6 -1.6 -1.6 -1.6 -1.6 -1.6 -1.6 -1.6 -1.6 -1.6 -1.6 -1.6 -1.6 -1.6 -1.6 -1.6 -1.6 -1.6
54.8 55 54.1 52.8 51.4 49 48 47.3 47.6 48.9 51.2 50.1 48.1 47.1 48.9 50.2 49.3 51.3 52.5 53.9 54.8 53.2 52.4 52.7 55.7 57.1 58 59 60.2 61.8 62.4 62.2 61 60.2 60.4 61.1 46.3 4.8 -1.6 -1.6 -1.6 -1.6 -1.6 -1.6 -1.6 -1.6 -1.6 -1.6 -1.6 -1.6 -1.6 -1.6 -1.6 -1.6 -1.6 -1.6 -1.6 -1.6 -1.6 -1.6 -1.6 -1.6 -1.6 -1.6 -1.6 -1.6 -1.6 -1.6 -1.6 -1.6 -1.6 -1.6 -1.6 -1.6 -1.6 -1.6 -1.6 -1.6 -1.6 -1.6 -1.6 -1.6 -1.6 -1.6
52.2 52.4 51.3 50.4 49.3 46.5 46.7 46.2 45.6 46.6 48.1 47.6 44.9 44.6 46 48.6 46.7 47.5 49 50.5 50.8 49.6 50.2 51.4 52.2 52.7 53.4 55 58 58.8 59.4 59.8 58.8 57.9 57.7 57.1 58.1 54.9 5.9 1.3 -1.6 -1.6 -1.6 -1.6 -1.6 -1.6 -1.6 -1.6 -1.6 -1.6 -1.6 -1.6 -1.6 -1.6 -1.6 -1.6 -1.6 -1.6 -1.6 -1.6 -1.6 -1.6 -1.6 -1.6 -1.6 -1.6 -1.6 -1.6 -1.6 -1.6 -1.6 -1.6 -1.6 -1.6 -1.6 -1.6 -1.6 -1.6 -1.6 -1.6 -1.6 -1.6 -1.6 -1.6
49.8 49.8 48.7 47.8 46.5 45.3 45.6 45.3 44.5 44.1 45 44.7 42.3 42.9 43.1 45.4 44.3 44.6 45.7 46.8 47.3 47.3 48.8 49.7 49.6 50.1 51.1 52.4 54.7 55.3 56.1 56.9 56.4 55.5 54.5 53.6 55 55 55.6 40.7 1.9 -1.6 -1.6 -1.6 -1.6 -1.6 -1.6 -1.6 -1.6 -1.6 -1.6 -1.6 -1.6 -1.6 -1.6 -1.6 -1.6 -1.6 -1.6 -1.6 -1.6 -1.6 -1.6 -1.6 -1.6 -1.6 -1.6 -1.6 -1.6 -1.6 -1.6 -1.6 -1.6 -1.6 -1.6 -1.6 -1.6 -1.6 -1.6 -1.6 -1.6 -1.6 -1.6 -1.6
46.2 44.6 44.6 45 44.5 43.7 44 43.4 42.8 42.4 42.5 42.3 40.6 40.5 40.8 41.4 41.7 42.2 43.5 44.3 45.1 45.4 47.2 47.8 48.1 47.8 49.2 50.7 51.7 52.1 52.8 53.5 53.1 53.2 53 52.3 52.3 51.9 53.3 54.4 44.9 2.2 -1.6 -1.6 -1.6 -1.6 -1.6 -1.6 -1.6 -1.6 -1.6 -1.6 -1.6 -1.6 -1.6 -1.6 -1.6 -1.6 -1.6 -1.6 -1.6 -1.6 -1.6 -1.6 -1.6 -1.6 -1.6 -1.6 -1.6 -1.6 -1.6 -1.6 -1.6 -1.6 -1.6 -1.6 -1.6 -1.6 -1.6 -1.6 -1.6 -1.6 -1.6 -1.6
42.4 41.6 41 41.6 42.4 41.9 41.6 40.9 41.6 40.3 40.4 40.1 39.2 38.3 39.1 39.8 40.3 40.9 41.5 42.7 43.2 43.4 46.3 46.6 46.9 46.8 47.9 49.2 49.7 49.5 49.9 50.3 51.1 51.5 51.4 50.8 49.5 49 51.7 53.2 52.1 51.1 43.4 3.8 0.8 -1.6 -1.6 -1.6 -1.6 -1.6 -1.6 -1.6 -1.6 -1.6 -1.6 -1.6 -1.6 -1.6 -1.6 -1.6 -1.6 -1.6 -1.6 -1.6 -1.6 -1.6 -1.6 -1.6 -1.6 -1.6 -1.6 -1.6 -1.6 -1.6 -1.6 -1.6 -1.6 -1.6 -1.6 -1.6 -1.6 -1.6 -1.6 -1.6
39.2 39.5 38.3 38.6 39.4 40.5 40.2 39.9 39.7 39.2 39.5 39.4 38.1 38.2 38.5 38.9 39.5 40.4 41.4 41.8 42.4 43.7 45.4 45.7 45.8 46 47.3 48.3 47.8 47 47.7 48.7 49.2 49.9 49.8 48.7 47.1 48.1 50.1 51 50.8 49.3 49.8 50.4 45.4 -1.6 -1.6 -1.6 -1.6 -1.6 -1.6 -1.6 -1.6 -1.6 -1.6 -1.6 -1.6 -1.6 -1.6 -1.6 -1.6 -1.6 -1.6 -1.6 -1.6 -1.6 -1.6 -1.6 -1.6 -1.6 -1.6 -1.6 -1.6 -1.6 -1.6 -1.6 -1.6 -1.6 -1.6 -1.6 -1.6 -1.6 -1.6 -1.6
37.2 38.7 37.8 37.2 38.7 40.5 39.7 39.3 39 38.6 38.6 38.1 37.8 38.1 38.7 38.3 39.2 40.6 40.8 40.9 41.3 43 44.6 44.8 45 45.2 44.7 46.7 46 45.3 46.3 48.3 49 48.8 48 47.1 47.4 47.8 48.4 49 49.5 48.6 48.6 49.9 50.5 50.6 50.4 49.1 -1.6 -1.6 -1.6 -1.6 -1.6 -1.6 -1.6 -1.6 -1.6 -1.6 -1.6 -1.6 -1.6 -1.6 -1.6 -1.6 -1.6 -1.6 -1.6 -1.6 -1.6 -1.6 -1.6 -1.6 -1.6 -1.6 -1.6 -1.6 -1.6 -1.6 -1.6 -1.6 -1.6 -1.6 -1.6 -1.6
36.3 38 36.9 36.8 38.7 40.5 40.1 39.8 39.2 39.2 38.3 38 38 38.1 38 38.2 39.3 41.1 40.3 40.5 40.8 43.8 44.1 43.9 43.4 43 43.6 45.5 44.8 44.5 44.9 47 48 47.1 46.2 45.2 47.2 47.1 47.2 47.7 48.2 48 47.8 48.8 49.5 49 48 47.9 46.1 -1.6 -1.6 -1.6 -1.6 -1.6 -1.6 -1.6 -1.6 -1.6 -1.6 -1.6 -1.6 -1.6 -1.6 -1.6 -1.6 -1.6 -1.6 -1.6 -1.6 -1.6 -1.6 -1.6 -1.6 -1.6 -1.6 -1.6 -1.6 -1.6 -1.6 -1.6 -1.6 -1.6 -1.6 -1.6
35.4 36.1 35.7 35.6 38 39.9 40.1 39.9 39.6 39.4 38.2 38.6 38.8 38.2 38 38 40.2 41.2 40.6 40.9 40.9 40.7 43.5 43.9 43.1 42.4 42.9 44.3 43.9 43.8 44.1 45.4 46.2 44.7 43.4 42.9 45.7 46.2 45.8 46.5 46.6 46.4 46.5 47 48.4 47.5 46.8 46.4 45.1 43.7 43.5 -1.6 18.8 -1.6 -1.6 -1.6 -1.6 -1.6 -1.6 -1.6 -1.6 -1.6 -1.6 -1.6 -1.6 -1.6 -1.6 -1.6 -1.6 -1.6 -1.6 -1.6 -1.6 -1.6 -1.6 -1.6 -1.6 -1.6 -1.6 -1.6 -1.6 -1.6 -1.6 -1.6
36.9 36.7 36.2 34.9 35.5 37.8 37.8 39 38.7 38.3 38.7 39.4 38.8 38.2 37.9 38 38.9 41.2 41.1 40.5 40.9 41.3 42 44.1 43.7 42.7 42.5 43 43.2 43.2 43.6 44 44.4 42 40.1 40.6 41.8 42.5 42.9 44.2 44.5 44.7 46 46.7 46.5 46.2 44.7 44.7 42.5 42.8 43.6 41.6 40.7 28.5 1.3 -1.6 -1.6 -1.6 -1.6 -1.6 -1.6 -1.6 -1.6 -1.6 -1.6 -1.6 -1.6 -1.6 -1.6 -1.6 -1.6 -1.6 -1.6 -1.6 -1.6 -1.6 -1.6 -1.6 -1.6 -1.6 -1.6 -1.6 -1.6 -1.6
35.8 35.3 35.1 35.5 36.5 37.2 38.5 40.1 39.2 38.6 38 38.4 38.8 38.2 37.9 38 38.4 40.7 40.4 40 39.9 40.8 41.9 43.5 44.1 41.8 41 40.5 40.5 41.8 42.7 43.1 42.8 40.3 39.1 39.6 40 38.8 39.6 40.6 41.4 42.3 43.6 44 44.7 44.6 44.1 44.1 42.5 32.1 32 31.7 37.5 41.6 38.9 35.2 20.4 26.3 28.2 20.7 1.4 -1.6 -1.6 -1.6 -1.6 -1.6 -1.6 -1.6 -1.6 -1.6 -1.6 -1.6 -1.6 -1.6 -1.6 -1.6 -1.6 -1.6 -1.6 -1.6 -1.6 -1.6 -1.6 -1.6
33.8 34.4 38.3 37.3 38.1 39.1 39.7 40.1 39.6 38.5 37.9 37.9 37.9 37.9 37.8 37.7 37.7 38.7 39 37.7 37.4 38 40.6 41.8 42.1 41 39.9 39.3 38.5 39.7 40.9 41.5 40.7 38.7 38.2 38.7 38.5 37.6 38.6 37.9 38.9 40 41.1 41.3 42 41.9 41.5 41.5 24.7 4.9 1.9 1.7 1.8 2.4 22.7 32.1 38 40.8 41 38.9 16.4 -0.3 -1.6 -1.6 -1.6 -1.6 -1.6 -1.6 -1.6 -1.6 -1.6 -1.6 -1.6 -1.6 -1.6 -1.6 -1.6 -1.6 -1.6 -1.6 -1.6 -1.6 -1.6 -1.6
35.8 34.7 38 38.5 41.3 41.9 40.8 40 39.2 38.1 38 37.9 37.9 38 38.6 38.3 38.6 38.3 37.5 36.7 36.2 36.6 38.4 40 38.9 38.6 39 38.1 37.7 38.8 40.6 40.1 39.2 38.5 37.7 37.4 37.2 37.2 37.2 37.1 37.6 38.7 39.1 39.6 39.4 39.8 39 23.6 2 1.6 1 0.6 0.5 0.3 1.3 1.3 10.4 16.2 18.6 27.8 33 6.5 1.7 0.6 -1.6 -1.6 -1.6 -1.6 -1.6 -1.6 -1.6 -1.6 -1.6 -1.6 -1.6 -1.6 -1.6 -1.6 -1.6 -1.6 -1.6 -1.6 -1.6 -1.6
33.7 33.9 36.3 37.6 41.9 44.8 42.5 40.9 40.3 39.5 38.8 38.4 38 38.4 39 39.4 40.5 38.4 37.3 36.4 36.1 36.2 37.9 37.8 37 37.1 37.6 37.2 37.2 38 39.1 40.2 39.3 38.5 37.9 37.5 37.7 37.3 37.3 37.1 36.6 37.3 37.1 37.6 38 37.5 28.9 2.5 1.4 0.7 0.2 -0.4 -0.9 -1.6 -1.6 -1.6 -1.6 -1.6 1.1 1.8 2.2 2.8 2.7 3.5 1.9 0.6 -1.6 -1.6 -1.6 -1.6 -1.6 -1.6 -1.6 -1.6 -1.6 -1.6 -1.6 -1.6 -1.6 -1.6 -1.6 -1.6 -1.6 -1.6
35.6 34.8 37.7 40.3 41.9 41.9 38.5 41.6 41.1 41.2 40.4 40 39.8 39.4 39.5 40.1 40.8 39.4 37.1 36 36 36 37 37.1 37.5 36.3 36.6 35.6 35.5 36 37 38.8 39.8 38.4 38.3 38.1 37.9 37.7 37.5 37.2 36.6 36.3 36 36.5 36.8 24.7 12 1.6 0.9 0.1 -0.6 -1.6 -1.6 -1.6 -1.6 -1.6 -1.6 -1.6 -1.6 -1.6 -1.6 -1.6 -1.6 -1.6 1.7 1.5 1.9 1.9 2 2.4 1.7 -1.6 -1.6 -1.6 -1.6 -1.6 -1.6 -1.6 -1.6 -1.6 -1.6 -1.6 -1.6 -1.6
36.1 36.9 38.4 40.5 40.8 40.3 40.7 40.9 38.2 41.4 40.7 41 41.3 41.1 41 40.8 40.6 38.7 37.5 36.8 36.3 35.8 36.7 37.3 37.7 36.6 35.4 34.5 34.5 34.8 35.6 37.4 39.2 38.3 38.3 38.3 38.3 38 37.6 36.9 35.6 31.1 34.8 35.8 36.2 14.4 1.9 1 0.3 -0.5 -1.6 -1.6 -1.6 -1.6 -1.6 -1.6 -1.6 -1.6 -1.6 -1.6 -1.6 -1.6 -1.6 -1.6 -1.6 -1.6 -1.6 -1.6 -1.6 -1.6 -1.6 -1.6 -1.6 -1.6 -1.6 -1.6 -1.6 -1.6 -1.6 -1.6 -1.6 -1.6 -1.6 -1.6
36.5 39.6 41.1 40.3 39.9 39.5 39 39 39.2 39.8 38.7 41.8 42.3 42 41.7 41.6 40.5 39 37.9 36.8 36.2 36.1 36.8 37.3 37.7 36.1 34.6 34.1 33.8 33.8 34.8 36.6 37.4 36.8 36.7 36.7 37.2 37.7 37 36.2 35.8 33.2 24.3 26.7 23.6 2.9 1.3 0.5 -0.3 -1.6 -1.6 -1.6 -1.6 -1.6 -1.6 -1.6 -1.6 -1.6 -1.6 -1.6 -1.6 -1.6 -1.6 -1.6 -1.6 -1.6 -1.6 -1.6 -1.6 -1.6 -1.6 -1.6 -1.6 -1.6 -1.6 -1.6 -1.6 -1.6 -1.6 -1.6 -1.6 -1.6 -1.6 -1.6
38.1 42.2 43.1 41.7 40.3 39.4 38.8 38.1 38.1 39.4 40.5 41.6 38.9 41.8 41.8 41.9 40.6 39 37.4 36.7 36.1 36.1 36 36.5 36.4 35.3 34.4 33.3 33 32.7 34 34.4 35.4 35.2 35.2 35.2 35.8 36.4 35.7 35.3 35 34.6 34.4 23.7 10.4 1.6 0.8 0 -0.8 -1.6 -1.6 -1.6 -1.6 -1.6 -1.6 -1.6 -1.6 -1.6 -1.6 -1.6 -1.6 -1.6 -1.6 -1.6 -1.6 -1.6 -1.6 -1.6 -1.6 -1.6 -1.6 -1.6 -1.6 -1.6 -1.6 -1.6 -1.6 -1.6 -1.6 -1.6 -1.6 -1.6 -1.6 -1.6
38.6 42 43.3 42.6 41.1 40.2 38.5 36.9 37.9 38.8 40 40.7 40.9 41.7 41.7 41.1 39.5 38 37.6 37 36.4 36.3 36.1 36.3 35.7 35.4 35.2 34.2 32.5 31.9 33.9 34.1 33.9 33.7 33.5 33.7 34.2 35 35.4 35 34.7 34.7 34.8 25.5 2 1.1 0.3 -0.5 -1.6 -1.6 -1.6 -1.6 -1.6 -1.6 -1.6 -1.6 -1.6 -1.6 -1.6 -1.6 -1.6 -1.6 -1.6 -1.6 -1.6 -1.6 -1.6 -1.6 -1.6 -1.6 -1.6 -1.6 -1.6 -1.6 -1.6 -1.6 -1.6 -1.6 -1.6 -1.6 -1.6 -1.6 -1.6 -1.6
38.5 41.3 42.7 42.7 41.8 40.1 38.4 36.4 36.7 38.9 39.9 40.4 40.7 40.6 40.3 38.8 39.8 38.5 38 36.9 36.7 36.7 36.6 36.2 35.9 35.4 35.6 34.4 32.4 32 32 32.9 31.6 32.1 32.1 34 35 35.6 36.1 35.4 35.1 35.1 35.1 7.9 1.5 0.7 -0.1 -1 -1.6 -1.6 -1.6 -1.6 -1.6 -1.6 -1.6 -1.6 -1.6 -1.6 -1.6 -1.6 -1.6 -1.6 -1.6 -1.6 -1.6 -1.6 -1.6 -1.6 -1.6 -1.6 -1.6 -1.6 -1.6 -1.6 -1.6 -1.6 -1.6 -1.6 -1.6 -1.6 -1.6 -1.6 -1.6 -1.6
39.7 41.7 42.4 42.4 41.5 39.9 38.3 36.4 36.4 38.1 39.3 39.8 39.7 39.2 39 39 39.4 38.7 38.1 37.3 37.1 37 36.4 36.5 36.7 35.5 35.6 34.2 33.2 32.1 30.4 28.2 25.1 28.4 32.4 33.3 33.8 35.1 36.6 36.2 35.9 35.7 19.5 1.9 1.1 0.3 -0.5 -1.6 -1.6 -1.6 -1.6 -1.6 -1.6 -1.6 -1.6 -1.6 -1.6 -1.6 -1.6 -1.6 -1.6 -1.6 -1.6 -1.6 -1.6 -1.6 -1.6 -1.6 -1.6 -1.6 -1.6 -1.6 -1.6 -1.6 -1.6 -1.6 -1.6 -1.6 -1.6 -1.6 -1.6 -1.6 -1.6 -1.6
40.8 41.5 42.3 42.4 41.4 40.5 38.9 36.6 36.4 37.2 39 39.2 38.9 38.3 38.4 38.4 38.5 38.2 38.1 37.6 37.3 36.5 36.4 36.9 37.1 36.9 36.1 35.4 33.5 32.1 30.7 30.3 26.2 22 30 33 32.7 33.8 36.1 36.2 36 35.5 10.6 1.6 0.7 -0.1 -0.9 -1.6 -1.6 -1.6 -1.6 -1.6 -1.6 -1.6 -1.6 -1.6 -1.6 -1.6 -1.6 -1.6 -1.6 -1.6 -1.6 -1.6 -1.6 -1.6 -1.6 -1.6 -1.6 -1.6 -1.6 -1.6 -1.6 -1.6 -1.6 -1.6 -1.6 -1.6 -1.6 -1.6 -1.6 -1.6 -1.6 -1.6
42.8 41.8 42 42.5 41.7 40.9 39.6 38.3 37.1 37 38.4 38.6 38.7 38.4 38 37.5 37.6 37.5 37.6 37.8 38.4 36.7 36.8 37.2 37.4 37.7 37.4 36.6 35.2 34.3 32.3 30.3 32 28.2 17.5 31.8 32.2 32.9 33.7 34.7 35 27.7 2.4 1.2 0.4 -0.5 -1.6 -1.6 -1.6 -1.6 -1.6 -1.6 -1.6 -1.6 -1.6 -1.6 -1.6 -1.6 -1.6 -1.6 -1.6 -1.6 -1.6 -1.6 -1.6 -1.6 -1.6 -1.6 -1.6 -1.6 -1.6 -1.6 -1.6 -1.6 -1.6 -1.6 -1.6 -1.6 -1.6 -1.6 -1.6 -1.6 -1.6 -1.6
44.3 41.5 41.8 42.6 42.1 41.2 40 39 37.9 37.3 37.1 36.6 38.6 38.3 37.6 36 37.7 37.1 37.4 37.8 37.4 38.4 37.2 37.6 38.1 38 37.4 36.5 35.4 34.9 34.6 32 33.6 32.8 30.2 15.1 26.7 32.6 32.4 32.5 33.1 16.5 1.8 0.9 0 -0.8 -1.6 -1.6 -1.6 -1.6 -1.6 -1.6 -1.6 -1.6 -1.6 -1.6 -1.6 -1.6 -1.6 -1.6 -1.6 -1.6 -1.6 -1.6 -1.6 -1.6 -1.6 -1.6 -1.6 -1.6 -1.6 -1.6 -1.6 -1.6 -1.6 -1.6 -1.6 -1.6 -1.6 -1.6 -1.6 -1.6 -1.6 -1.6
45.2 42 41.6 42.6 42.2 41.6 40.7 39.7 38.6 37.5 35.9 35 35.2 36.3 37.5 35.2 37.4 37 36.7 36.7 37.3 38 38.1 38.4 38.4 38 37.4 36.5 35.5 35 34.6 33.5 35.6 34.4 33.4 31.4 19.8 11.3 18.7 23 26.3 7.7 1.6 0.7 -0.2 -1.6 -1.6 -1.6 -1.6 -1.6 -1.6 -1.6 -1.6 -1.6 -1.6 -1.6 -1.6 -1.6 -1.6 -1.6 -1.6 -1.6 -1.6 -1.6 -1.6 -1.6 -1.6 -1.6 -1.6 -1.6 -1.6 -1.6 -1.6 -1.6 -1.6 -1.6 -1.6 -1.6 -1.6 -1.6 -1.6 -1.6 -1.6 -1.6
46.2 43.6 42.5 42.5 42.3 41.6 41.3 40.5 39.4 37.9 36.3 35 35 35 35 35 35.7 36.2 36 36.6 36.3 36.9 37.8 38.6 38.3 38 37.4 36.5 35.6 35.3 34.7 33.8 34.8 34.7 34.3 33.5 32.9 31.3 27 16 15.9 3.8 1.2 0.3 -0.6 -1.6 -1.6 -1.6 -1.6 -1.6 -1.6 -1.6 -1.6 -1.6 -1.6 -1.6 -1.6 -1.6 -1.6 -1.6 -1.6 -1.6 -1.6 -1.6 -1.6 -1.6 -1.6 -1.6 -1.6 -1.6 -1.6 -1.6 -1.6 -1.6 -1.6 -1.6 -1.6 -1.6 -1.6 -1.6 -1.6 -1.6 -1.6 -1.6
47.5 45.3 43.2 42.5 42 41.5 41.1 40.9 40.2 38.7 37.2 35.1 35 35 35 35 35 35.6 36.1 36.9 37 37.6 38.5 38.5 38.2 38 37.3 36.9 36.9 35.9 34.5 35 35.7 34.6 33.4 33.4 33.2 32.8 31.8 21.2 8.6 1.7 0.9 0 -0.9 -1.6 -1.6 -1.6 -1.6 -1.6 -1.6 -1.6 -1.6 -1.6 -1.6 -1.6 -1.6 -1.6 -1.6 -1.6 -1.6 -1.6 -1.6 -1.6 -1.6 -1.6 -1.6 -1.6 -1.6 -1.6 -1.6 -1.6 -1.6 -1.6 -1.6 -1.6 -1.6 -1.6 -1.6 -1.6 -1.6 -1.6 -1.6 -1.6
48.3 47.1 45.4 42.8 42 42 41.7 41.5 40.8 38.5 36.6 35 35 35 35.5 35 36 36.9 37.8 38.3 38.5 38.4 38.3 37.9 37.5 37.5 37.9 37.7 37.7 36.3 34.9 35.1 35.4 34 33.7 33.8 32.6 32.3 30.8 18.7 7.3 1.4 0.5 -0.3 -1.6 -1.6 -1.6 -1.6 -1.6 -1.6 -1.6 -1.6 -1.6 -1.6 -1.6 -1.6 -1.6 -1.6 -1.6 -1.6 -1.6 -1.6 -1.6 -1.6 -1.6 -1.6 -1.6 -1.6 -1.6 -1.6 -1.6 -1.6 -1.6 -1.6 -1.6 -1.6 -1.6 -1.6 -1.6 -1.6 -1.6 -1.6 -1.6 -1.6
50.1 48.8 46.8 44.2 43.2 42.8 42.4 41.8 41.1 39.5 37.3 35.5 35.1 36.7 36.4 35.9 37.5 36.9 37.7 38.1 38.1 37.8 37.5 37.3 37.3 37.6 38.2 38.3 37.7 36.9 35.4 34.7 34.9 33.2 32.6 33.6 31.4 31 26.2 12.3 5.8 1.2 0.3 -0.6 -1.6 -1.6 -1.6 -1.6 -1.6 -1.6 -1.6 -1.6 -1.6 -1.6 -1.6 -1.6 -1.6 -1.6 -1.6 -1.6 -1.6 -1.6 -1.6 -1.6 -1.6 -1.6 -1.6 -1.6 -1.6 -1.6 -1.6 -1.6 -1.6 -1.6 -1.6 -1.6 -1.6 -1.6 -1.6 -1.6 -1.6 -1.6 -1.6 -1.6
50.3 49.8 48.4 46.5 44 44 44.4 43.6 42.6 41.1 38.8 39.1 38.9 38.9 39.3 37.5 38.5 37.9 37.5 37.7 37.6 37.4 37.2 37.4 37.6 37.8 38 37.7 37.4 36.9 36 35.1 34.4 33 32.2 32.1 31 30.1 20.2 10.9 1.9 1 0.1 -0.8 -1.6 -1.6 -1.6 -1.6 -1.6 -1.6 -1.6 -1.6 -1.6 -1.6 -1.6 -1.6 -1.6 -1.6 -1.6 -1.6 -1.6 -1.6 -1.6 -1.6 -1.6 -1.6 -1.6 -1.6 -1.6 -1.6 -1.6 -1.6 -1.6 -1.6 -1.6 -1.6 -1.6 -1.6 -1.6 -1.6 -1.6 -1.6 -1.6 -1.6
49.6 50.8 49.6 48.7 45.4 43.7 44 44.9 44 42.7 41 40.1 39.9 40.2 39.7 39.9 39.4 38.7 38 37.3 37.2 37.4 37.5 37.7 37.9 38.1 38.3 37.6 37.5 36.5 35.8 35.1 34.3 33.5 32.4 31 30.1 29.6 15.8 11.3 1.7 0.8 0 -0.9 -1.6 -1.6 -1.6 -1.6 -1.6 -1.6 -1.6 -1.6 -1.6 -1.6 -1.6 -1.6 -1.6 -1.6 -1.6 -1.6 -1.6 -1.6 -1.6 -1.6 -1.6 -1.6 -1.6 -1.6 -1.6 -1.6 -1.6 -1.6 -1.6 -1.6 -1.6 -1.6 -1.6 -1.6 -1.6 -1.6 -1.6 -1.6 -1.6 -1.6
49.4 51.1 50.7 49.9 49 46.1 44.8 45.3 45.3 44.2 43.3 42.3 42.6 40.9 40.6 40.5 39.6 39 38.2 38.1 38.1 38.1 38.2 38.2 38.1 38.3 38.2 36.7 35.6 35.8 35.5 34.8 33.7 33.1 32.6 31.5 30.3 29.4 14.1 7.5 1.6 0.7 -0.2 -1 -1.6 -1.6 -1.6 -1.6 -1.6 -1.6 -1.6 -1.6 -1.6 -1.6 -1.6 -1.6 -1.6 -1.6 -1.6 -1.6 -1.6 -1.6 -1.6 -1.6 -1.6 -1.6 -1.6 -1.6 -1.6 -1.6 -1.6 -1.6 -1.6 -1.6 -1.6 -1.6 -1.6 -1.6 -1.6 -1.6 -1.6 -1.6 -1.6 -1.6
48.9 50.9 51.5 51.5 50.6 48 47.1 47.2 46.2 45 43.8 43 42.9 41.9 41.3 40.7 39.7 39.3 39.3 39.2 39.2 39.2 39.2 39 38.7 38 36.5 35 34.8 36.7 34.4 33.7 33.2 32.6 32.1 31.5 30.8 29.6 15.6 7.5 1.5 0.6 -0.3 -1.6 -1.6 -1.6 -1.6 -1.6 -1.6 -1.6 -1.6 -1.6 -1.6 -1.6 -1.6 -1.6 -1.6 -1.6 -1.6 -1.6 -1.6 -1.6 -1.6 -1.6 -1.6 -1.6 -1.6 -1.6 -1.6 -1.6 -1.6 -1.6 -1.6 -1.6 -1.6 -1.6 -1.6 -1.6 -1.6 -1.6 -1.6 -1.6 -1.6 -1.6
