app/static/ascii/TG14.asc
ncols 200
nrows 200
xllcorner 610000
yllcorner 340000
cellsize 50
[rows 152 to 189 of 200, columns 84 to 167 of 200]
33.9 32.9 31.4 30 29.3 29.1 29.9 31.9 34.3 38 41.4 43 42.7 42.4 43.8 44.8 44.9 45.3 45.3 44.8 43.9 42.6 41.9 41.8 42 44.3 45.9 44.4 41.1 39.5 40.3 41.2 40.4 44 46.9 43.2 39.9 37.3 36.5 35.7 35.6 35.3 34.3 32.4 31.4 31 32.1 34.8 33.7 32.6 33.5 35.5 38 38.2 38.5 39.2 39.2 37.7 36.2 35.5 35.6 35.9 36.3 36.8 36.9 36.4 36.4 37.5 39.4 39.8 38.3 37.1 38.2 42.6 42.5 39.2 37.5 36 34.2 34.3 34.7 36.2 37.6 40.6
35.9 33.7 32.2 30.9 30.4 30.4 31.2 33.9 37.2 40.2 42.8 44.5 44.3 44.2 45.5 46.2 47.3 48.4 47 44.8 44.7 44.1 43.5 43.1 43.5 45.2 45.7 46.1 44.5 43.3 46.2 48.7 49.9 46.3 51.7 46.8 42.1 39.6 38.1 37.4 36.8 36.3 35.5 33.4 32.3 32.1 32.3 34.3 34.2 34 35.9 38.2 39.9 40.3 41.5 41.2 40.1 39 37.7 36.9 37.2 37.5 38 38.5 38.7 38.1 37.8 39.4 41.2 41.6 40.3 39.1 43 49.5 46.7 41.4 38.4 38.1 36.4 36.1 35.9 37.4 39.2 41.5
38.1 34.1 33 31.9 31.6 31.9 32.3 34.6 38.3 41.7 45.2 45.4 45.6 46.3 47 46.6 49.2 49.8 48.2 47 46.6 46.1 45.8 45.6 44.9 45.4 46.4 47.4 46.8 47.5 54.8 60 59.1 51.1 54 47 42.6 40.7 39.3 39 38.3 37.3 35.7 33.7 33.5 33.2 34.1 33.7 34.3 35.3 37 39.2 40.3 42.3 44.7 42.1 41.2 40.7 39.3 38.5 38.9 39.2 39.7 40 40.3 39.5 39.8 41 42.5 42.9 42.6 44.1 47.3 51.5 47.9 43.4 40.5 39.3 38.4 38 37.7 38.7 39.6 42.7
38.6 34.7 33.5 33.6 33.6 34 34.7 35.2 38.7 42.7 45.8 45.3 46.5 47.4 48.4 49.5 49.6 50 51.4 50.7 49.7 48.5 48.6 48.5 48 46.7 47.6 48.9 50.8 54 60.8 67.2 68.8 58.5 56.2 48.5 44.9 42.6 43.3 41.9 39.7 37.9 35.8 34.9 34.7 34.5 35.9 36 35.3 36.2 37.4 39.1 41.3 44.7 46.1 43.7 42.5 41.9 41.1 40.2 40.5 41.1 41.5 41.9 42.5 41.9 42.4 43.2 43.9 44.4 48.3 50.7 50.6 53.6 49.3 45.3 41.9 40.8 40.2 39.8 39.5 40.5 42.1 42.9
38.6 35.8 35.4 35.2 35.6 36 36.4 36.9 38.7 41.3 43.9 44.6 47.4 48.1 49.4 50.9 51.7 53 53.4 52.5 51.8 51.1 50.8 50.4 49.8 48.4 48.7 50.1 52.2 56.8 62.3 67.1 68.9 62.4 55.5 50.9 47.9 48.1 46.9 43.3 40.5 38.5 37 37 36.1 35.9 37.1 36.9 36.7 38.4 40.4 42.3 44.6 48.6 47.8 46.2 45.2 44.1 43.4 42.9 42.4 43.2 43.7 44.1 46.2 44.8 44.9 45.5 46.1 47.6 52.1 56.7 52.7 53 50.5 46.3 43.6 42.4 41.7 41.3 41.4 43.5 45.7 45.6
38.7 37.1 36.8 36.5 36.3 36.7 37.8 37.9 38.6 40.7 42.1 43.8 45.7 47.8 50.3 52.4 53.2 55.7 55.1 54.1 53.4 52.8 52.3 51.7 51 50.1 50.1 51.3 53.3 55.3 59.8 64.7 66 60.6 56.2 52.2 49.6 49.8 46 43 40.6 39.1 37.4 39.7 38.5 37.3 38.1 38.2 38.2 40.1 42.8 45.9 47.9 49.6 49.1 48.3 47 46.4 45.9 46 44.8 45.2 46 47.2 49.8 49 47.8 47.9 48.4 48.8 52.1 54.3 54.4 53.9 51.6 47.8 44.8 43.4 43.6 43.7 43.4 45.4 56.4 50.4
38.8 38.6 38.4 37.8 37.5 37.8 39.7 39.4 39.6 41.2 41.5 44.1 46.2 48.1 50.7 52.9 53.7 57.5 57.6 58.6 57.4 57.2 57.9 56.2 53 51.5 51.7 52.5 54 56.8 59.7 62.9 63.5 62.6 56.2 52.7 49.9 48.5 44.6 42.4 40.6 39.4 39.1 42.9 41 38.8 39.2 39.7 40.5 42.3 44.2 46.8 49 50.8 50.9 49.9 48.9 48.9 49.9 49.3 48.4 48.6 48.8 50.5 51.9 51.2 50.6 50.4 50.6 50.9 52.4 53.8 53.5 53.4 51.8 48.7 46.1 45.3 47.7 47.3 45.5 46.9 56.3 60.2
39.8 39.9 39.4 38.9 38.7 39.7 41.1 40.7 40.7 41.6 43.2 45.2 47.6 49.8 53.3 54.2 55.8 58.4 60.7 64.6 62 62.4 60.9 59.8 56.4 53.8 53.3 53.8 55.3 57.6 60.1 62.3 63.3 62.4 56.5 53.5 50.3 48.3 45.3 43 42.6 41.5 42 45.6 42.1 39.8 41.3 43.9 44.4 46.1 47.5 50.1 52.3 54.3 54.6 53.2 52.1 52.5 53.6 53.4 52.6 52.2 52.7 53.8 54.6 54.4 53.2 53.1 53.6 53.9 54.3 55.3 55.1 53.6 52 50.8 49.1 48.3 51 51.4 48.4 47 51 59.6
41.1 40.3 40.4 40.1 40.5 41.5 42.3 42.4 42.1 42.8 45.4 48.3 51.8 54.7 57 58 57.1 58.1 68.7 72.2 72 68.4 65.3 62.2 59.8 55.6 55.1 55.8 57.4 58.9 60.8 63.3 63.6 61.6 59.2 54.1 50.5 47.3 44.4 44 43.7 43.5 45.1 44.6 42.4 41.3 43.2 45.1 47.1 49.6 52.5 56.2 58.3 60.1 59.3 56.6 55.7 56.2 57.4 58.1 58 59.6 59.1 57.4 57.9 57.7 56.9 56.6 56.6 56.6 57.2 58.2 58 55.5 53.4 53.3 54.7 55.5 53.6 54.4 51 48.3 50.2 54.3
42.7 43 42.5 41.7 41.5 42.3 43.2 43.8 43.4 44.3 47.4 50.3 53.8 57.6 61.7 62.7 60.6 60 71.6 78.7 77.8 73.9 72.8 72.6 63.5 57.1 57.5 58.7 59.6 60.2 61.4 63.8 64.6 65.1 60.8 55.5 50.5 47.7 45.6 44.8 44.6 44.6 45.5 43.6 42.9 42.8 45.3 45.6 47.5 50.2 54.8 59.1 62.7 63.6 63.3 59.9 60.2 60.8 70.2 70.8 69.8 78.6 71.3 60.1 65.9 71.3 62.5 60.1 60.1 59.5 60.5 62.1 67.8 59.9 58.7 64.2 63.4 60.2 55.2 54.1 51.4 49.9 51.1 53.2
44.3 45.2 44.2 43.1 43.6 44.1 44.7 44.9 44.8 46.3 49.3 52.4 55.8 60.5 67 75.6 63 66.9 71.6 83.8 82.2 79.9 75 70.7 62 58.8 59.9 61.6 63.1 63.8 64 65.1 65.6 65.6 60.4 54.9 49.8 48.4 47.4 45.8 45.2 45.2 45.6 44.5 44.2 44.2 46.7 48.6 49.4 50 52.7 56.5 60.9 63.7 65.1 65.2 66.7 72.5 75.9 75.9 76.6 83.9 78.5 66.9 76.5 81.1 73.5 73.1 66.1 66.2 67.2 70.3 75.1 63.1 68.7 69.3 72.1 63.8 57 54.8 53.6 52.4 52.6 54.5
46.6 47.4 46.2 45.7 45.5 45.8 46.4 51.6 47.6 49 51.6 54.8 58.2 67.9 76.8 79.5 69 76.8 71.6 87.2 86.2 81.9 73.8 66.6 61.1 60.7 65.3 65.5 69 69.3 68.2 67.1 65.3 61.4 57.5 52.7 49.9 51 48.2 46.4 46.5 47.5 48.6 48.5 47.2 45.7 47.4 50.2 52.2 55.7 54.5 56.3 59.9 63.8 67.8 74.9 84.5 88.1 79.5 80.3 84.1 85 74.4 78.4 87.6 86.7 75.8 82.2 69.2 78.6 74.2 77.1 81.3 67.1 77.5 73.5 75.7 65.4 58.8 57.2 56.3 55.1 55.2 55.4
49 50 49.6 47.2 46.7 48 50.8 53.9 50.2 49.2 53.4 58.8 61.6 69.2 74.8 79.2 82.6 79.7 71.1 81.8 86.6 83.1 74.1 66.7 63 63.3 66.7 69.2 74.3 79.7 74.8 68.6 67.5 63.8 59.1 53.3 55.9 53.7 48.1 47.8 48.5 50.5 52.4 53 49.6 47.4 48.2 51 54.1 56.7 57.4 57.4 60.6 64.6 71.6 88.9 91.4 90.1 88.8 88.8 88.4 85 82.1 89.3 92.4 89.5 77.7 88.8 75.9 88.6 80.8 82.8 83.6 72 80.6 82.1 73 65.3 61.4 59.4 58.8 57.9 58.1 58.2
53.8 56.4 52.3 49.8 48.4 51.2 53.4 54.6 52.5 49.1 54.5 60.1 66.5 75.5 82.7 83.4 86.6 87 75.7 89.2 85.4 76.8 69 66.4 64.8 66.9 66.8 68.2 77.9 82 73.6 75.2 72.9 67.2 59.2 56.9 55.8 53 49.1 51.2 51.3 52.7 55.6 57.3 54.3 50.2 49.6 51.7 54.7 57.7 59.3 61.8 62.6 65.8 74.7 87.6 90.9 91.6 90 89.3 89.4 87.9 90.8 93 95.3 91.6 85.6 90.8 87.9 90.3 90.4 84.1 89.1 85.2 78.6 81.8 76.6 73.2 68.3 63.7 61.6 60.6 60.7 62.7
58 61.5 55.8 52.1 50.8 53.1 56.5 58.7 56.7 53.2 54.8 61.5 73.2 80.7 90.7 86.2 88.7 86.9 84.2 91.8 86.8 82.5 74.9 66.5 66.3 78.4 71 73.2 73.1 76.7 79.7 81 70.5 63.6 60.8 64 59.8 54 49.4 55.5 55.1 54.9 57.5 58.6 57.8 52.4 52.3 52.7 55.7 58.8 61.8 63.8 66.2 69.6 78 87.7 82.5 90.4 89.9 89.5 89.6 90.6 92.9 95 95.9 94.8 89.6 93.2 95.7 96 96.2 90.5 95.6 92.9 91.9 89.1 89.3 76.4 76.2 68.5 64.9 63.6 63.9 66.3
60.3 62.5 58.6 55.3 52 54.8 62.2 66.5 63.2 55.4 52.4 60.6 72.4 83.5 85.6 87.5 90.3 88.2 90.1 92.5 91.2 87.4 73.4 66.9 67.7 80.3 77.7 77.9 74.1 76.9 83.6 79.2 71 66.2 66.5 66.8 62.3 55.3 52.5 57.6 57.9 57 60.3 60.1 57.3 52.8 54.1 56.5 58.4 61.2 64.8 67.5 79.9 80.1 77.9 75.6 63.3 63.5 81.8 88.6 89.3 90.7 92.4 95.3 95.9 95.9 94.2 95.7 95.9 95.9 95.9 95.9 95.8 95.1 95.9 95.1 93.2 90 76.9 70.7 74.1 67.2 69.3 73.8
62.5 62.4 59.1 59.6 54.4 57.4 63.6 67.9 66.7 56.7 54.7 64.1 77.8 76.4 80 87.4 88.5 90.6 92.5 95 94.2 81.9 69.8 74.9 73.6 78.5 86.1 88.8 81.2 82.2 85.6 79.9 73.4 64.7 68.4 63.2 57.1 53.5 59.4 58.9 61.5 61.9 63.9 63.2 57 55.4 56.4 58.4 60.5 64.2 67.8 75.1 70.2 66.7 63.9 61.5 75 83.7 86.9 87.7 88.5 90 91.6 94.3 94.7 95.1 94.8 95.6 95.9 95.9 95.9 95.9 95.9 95.4 95.6 94.2 87.3 80.3 80.6 79.8 83.5 72.4 76.3 78.1
66.8 63.4 62.7 63.1 57.2 58.8 62.6 69 63.8 60.9 59.7 57.7 65.2 70.2 75.4 79.2 84 91.3 93.1 94.2 89.6 76.6 75.3 82.5 77.5 88.4 96.6 87.3 89 90.7 82.9 77.8 70.2 67.7 63.9 61.2 57.1 58.8 67.4 64.5 64.6 69.5 69 62.8 58.2 58.8 58 59.3 63.9 68 72.2 71.7 70.8 70.1 69.8 62.1 61.5 78.2 88.2 88.1 87.7 88.6 90.4 91.9 92.4 93 94 94.7 95.4 95.7 95.9 95.9 95.9 95.7 95.8 95.6 91.1 88.3 89.9 94.6 83.4 78.1 84.3 91.2
70.7 68.9 64.8 63.8 59.4 63.9 64.2 70.4 65.7 69.5 65.1 65.2 61.5 69.1 79.7 85.2 88.3 91.9 93.1 92.2 84.9 75.9 80.7 83.3 83 88.1 101.8 93.5 95.6 91.5 79.4 74.8 76 72.2 62.7 66.1 59.7 61.6 67.6 66.6 68.6 75.9 69.2 61.5 61.1 62.1 61.1 60.5 64.7 69.4 73.1 72.1 71.6 74.4 63.6 63.7 62.9 83.7 88.9 88.8 87.9 87.1 87.5 90.3 91 92.4 93.1 93.8 94.5 94.9 95.2 95.4 95.7 95.7 95.5 95.4 95.7 95.4 96.1 95.3 82.9 86.3 97.1 100.7
69.8 78.1 69.9 63.8 61.9 67.6 67.3 73.8 71.8 73.9 79.3 74.1 64.4 68.6 68.8 79.5 90.2 91.3 91 90.8 84.2 79.8 82.6 91.2 90.3 94 101.2 100.6 94.7 85.1 79.1 74.3 72.7 67.2 67.3 68.1 61.5 70.4 73.5 73.9 76.7 77.5 66.3 62.6 63.3 64.2 66.2 64.4 65.4 70.7 73.2 73.4 76.3 75.8 68.1 63.6 76.3 89.8 89.7 89.3 88.6 86.4 85.5 88.3 90.7 91.5 92.2 92.9 93.5 94.2 94.4 94.7 95.2 95.4 95.2 95.3 95.7 96.2 97.4 99 98.3 96.9 102.8 101.8
77.6 81.3 71.3 64.3 64.3 74.4 69.2 78.3 80.9 80.4 79.3 73.8 67.5 78.7 79 73.7 80.5 85.3 90.1 90.1 83.7 83.5 84.8 93.5 99.8 101 102 100.7 95.9 88.5 82.4 74.4 70.2 69.1 72.7 67.9 65 65.9 75.3 78.7 78.2 78.4 65.3 66 67.5 69.8 72.2 68.8 67.9 70.8 74.4 79.4 77.8 76.5 70.1 79.8 90.1 89.6 89.5 89.5 89.5 88.1 86.5 86.6 88.1 90.6 91.3 91.9 92.6 93.3 93.8 94.3 94.7 95.2 95.1 95.3 95.7 96.3 97.9 99.6 101.2 102.4 103.3 103.1
79.8 81.1 68.6 66.8 67.7 73.9 79.1 85 86.2 85.4 84.1 81.3 72.6 80.7 91.3 85.1 81.7 82.3 88.2 88.8 87 92.7 89.4 96.2 100.1 100.3 100.6 99 98.8 93.4 85.5 74.4 71.8 75 75.2 65.5 71.3 74.9 73.8 79.7 78.4 79.4 69.2 69.4 70.5 76.5 76.1 72.5 70.3 79.3 86.4 83.1 74.7 83.5 87 90 89.5 89.3 89.3 89.2 89.1 87.8 87.2 87.3 86.8 88.4 90.4 91.1 91.8 91.8 92.5 93.2 93.9 94.6 95.5 95.6 95.5 95.6 97.3 98.9 100.4 101.8 102.6 102.9
79.4 75.7 69.3 73.7 79 80.5 82.6 86.2 87.4 87.3 87 85.9 76.9 75.7 86 89.5 88.7 86.4 87.1 89.1 94.2 95 96.3 96.9 98.4 98.8 99.3 98.1 98.3 96.9 86.7 74.5 78.5 85 72.8 67.6 75.5 85.4 79.9 78.2 79.3 77.1 79.8 73.9 74.5 81.8 81.5 76.8 75.5 84.9 84.8 84.5 72.9 86.2 90 89.5 89.2 88.7 88.5 88.6 88.6 88.4 87.8 88 86.9 86.9 89.1 90.3 90.3 90.3 91 91.6 92.3 93 94.1 93.5 93.9 95.2 96.4 97.9 99.5 100.5 100.8 100.9
78.4 78.2 71.2 77.8 82.5 85 85.4 85.9 86.7 86.6 86.1 85.7 80.7 84.7 80 84.3 90.9 90.2 90.1 91.9 96.2 97.1 97.7 98 98.1 98.1 98.1 97.4 97.1 95.6 88.1 80.1 87.4 80.6 69.2 74.5 77.2 91.9 85.9 79.1 82.5 87.8 91.4 84.6 83.1 86.1 84.1 81.9 80.7 86.8 81.2 82.8 76 90.6 89.3 88.2 88.8 88 87.5 87.7 88.1 88.1 88 87.9 87 86.6 87.3 88.8 88.7 88.7 89.4 90.1 90.8 91.5 91.7 91.1 91.5 93 95.2 97 98.3 98.8 98.9 98.9
81.7 80.7 76 79.4 83 83.6 84.2 85.1 85.7 86 85.5 85 85.5 85.3 86.6 87.6 90.9 93.6 93.6 95 96.3 97.5 97.8 97.8 97.7 97.5 97.6 96.8 93.5 88.2 85.3 91.1 86.7 73.7 72.8 84.2 79.1 91.7 90 86.6 92.2 94.4 93.3 89.7 88.2 86.5 85 84 84.9 87 87.5 88.6 84.6 89.6 88.8 88.2 88.3 87.3 86.4 87 87.4 87.5 87.6 87.7 87.3 86.6 86 87.1 86.8 87.2 87.9 88.6 89.3 90 90.1 89.9 89.9 91 93.8 95.8 96.8 97.1 97.3 97.3
81.8 81.2 78.2 78.8 82.8 83.3 83.5 84.1 84.6 85.4 84.9 85.4 86.5 87.7 88.9 90 91.9 93.8 94.2 95.7 96.5 97.3 97.5 97.3 97 96.7 97.1 97.1 96.1 92.3 91.4 91.7 78.2 78.2 79.3 84 87.3 92.5 94.6 93.8 92.2 92.5 90.7 89.2 87.8 86.7 85.6 84.7 84.8 86.4 87.5 89.6 89.8 88.6 88.5 88.2 87.9 87 86.4 86.5 86.7 86.8 86.9 87.2 87.2 86.2 85.5 85.4 85 85.7 86.6 87.7 88.7 87.9 88.5 89.2 89.6 90.2 92.2 93 94.8 95.8 95.7 95.4
82.7 81.8 81.6 80.8 83.1 83.1 83.2 83.4 83.6 84.5 84.6 85.4 86.9 88.4 90.4 91.8 92.6 93.9 94.7 95.8 96.6 97.2 96.8 96.6 96.2 96.5 97 97.5 97.9 97 93.9 89.2 88.6 80.5 90.9 88.9 92.4 95.3 94.7 93.8 91.8 91.1 90 88.6 87.2 86.2 85.1 84.6 84.9 86.3 86.9 88.5 89.2 87.9 87.7 88 87.5 86.8 86.2 85.9 86.1 86.4 86.8 86.8 86.8 86 85.1 85.6 84.1 85.2 86.2 87.3 86.7 85.8 86.5 87.2 88 89.3 90.1 89.7 90.6 93.1 93.7 94.1
83.9 83.4 83.5 83 83.1 82.9 82.8 83 83.3 83.8 84.4 85.1 86.6 88.7 90.4 92 92.9 93.7 94.2 95.3 96.2 96.7 96.7 95.8 96 96.6 97.2 97.9 98.6 98.4 96.8 95.6 92.1 90.2 92 95.2 96 94.9 93.9 92.7 91.1 90.2 89.2 87.9 86.7 85.6 84.6 84.4 84.8 84.8 85.4 86.9 86.8 87.5 87.2 87.6 86.8 85.9 85.7 85.4 85.8 86.3 86.3 86.3 86.3 86 85.1 84.8 84.1 84.5 85.8 85.8 85.6 85 84.8 85.3 86.5 87.3 87.3 87.2 88.2 90.4 90.7 92.2
84.9 84.5 84.1 83.2 82.9 82.6 82.5 82.5 82.9 83.4 84.1 84.9 86.6 88.8 90.4 91.4 92.2 93 93.4 93.8 94.8 95.5 95.4 95.2 95.7 96.7 97.4 98.3 98.7 98.6 98.3 97.9 97.5 97.2 96.7 96.1 95.3 94.2 93 92 90.9 89.7 88.4 87.2 86.2 85.1 84.3 83.7 83.4 83.4 84 85.2 85.3 86.5 87.5 87.3 86.3 85.4 85 84.7 84.8 85.1 85.1 85.1 85.1 85.1 84.9 84.8 84.4 84.9 85.5 84.9 84.8 84.2 83.6 84.5 84.5 84.5 84.5 84.9 86.8 88.3 89 91.1
85.3 84.8 84 83 82.3 82.1 82.1 82 82.4 83.1 84 85 86.2 87.9 88.9 90 91.1 92 92.9 93.5 93.9 94.4 94.5 94.4 95.2 96.8 97.5 98.5 98.4 98.6 98.1 97.5 96.8 96.5 96 95.2 94.2 92.9 92.1 91 91 89.6 88.4 87.2 85.9 84.7 83.6 82.7 82.1 81.9 82.6 83.5 84 85.5 86.2 86.8 85.9 85.4 84.7 84.1 83 82.7 82.3 82.3 82.3 82.5 82.5 82.4 83.3 84.3 84.8 83.9 83.3 82.9 82.6 83.1 83.6 84.2 85.1 86.3 87.7 88.7 89.5 91.7
85.3 84.7 83.8 82.8 81.9 81.6 81.6 81.6 82 82.9 83.9 84.3 85.3 86.3 87.4 88.5 90.1 90.9 91.8 92.7 93.1 93.4 93.6 93.8 94.8 96.8 98 98.5 98.4 98.4 97.7 96.9 96.2 95.8 95.2 94.2 92.9 91.6 90.4 90.3 90.9 89.6 88.3 87 85.7 84.4 83.4 83.1 82 81.4 81.7 82.3 83.6 84.7 85.3 85.8 85.8 85.4 84.7 83.4 81.5 80.7 80.7 80.7 80.7 80.6 80.5 80.9 81.4 81.7 82 82.6 82.4 82.3 82.1 82.1 82.2 84.4 86 87.7 89.2 90.3 91.2 92.6
85.1 84.4 83.7 82.7 81.7 81.1 81.2 81.3 81.5 82.7 83.7 83.6 83.7 84.8 85.8 87 88.6 89.8 90.9 91.8 92.1 92.2 92.6 93.3 94.7 96.7 98.5 98.9 98.7 97.9 97.2 96.4 95.6 95.2 94.8 94.1 91.9 90.6 89.3 90.3 90.5 89.6 88.4 87.2 85.7 84.1 83.6 83.2 82.1 80.5 80.4 81.2 83.2 84 84.6 85.2 84 83.3 82.5 81.9 81 80.7 80 79.4 79.5 78.8 79.7 81 81.8 82.1 81.7 81.8 81.4 81.8 82.1 80.7 80.9 84 86.7 89.1 89.4 90.2 91.6 93.1
84.8 84.2 83.5 82.5 81.3 80.6 81 81.1 80.7 81.7 82.5 82.8 82.9 83.1 84.2 85.4 87.1 88.6 90.1 90.8 90.8 91.1 91.9 93.1 94.6 97.1 99.1 98.7 98 97.4 96.9 96.7 95.3 94.9 94.5 93.9 91.2 89.7 88.3 89.9 90.7 89.9 88.6 87.3 86 84.5 82.7 82.3 82.7 80.4 79.3 80.7 82.7 83.3 83.7 83.9 83.1 82.3 82.2 81.7 80.9 80.5 80 79.3 79.4 79.3 79.4 81.4 81.9 81.5 81.1 80.7 80.5 80.3 80.1 79.4 81.9 83.3 86 87.9 89.1 90 91.1 91.5
84.6 83.8 83.2 82 80.8 79.8 79.7 80.3 80.2 80.4 81.2 81.9 82 82.6 83.8 85.2 85.3 87.1 88.9 89.5 89.6 90.7 91.9 93.1 95.2 97.4 98.4 97 96.5 96.5 96.4 96.2 95.4 94.9 94.2 93.7 91.7 88.7 88.6 91.4 90.6 90.2 89.1 87.8 86.5 85 83.3 82.9 82.7 81.1 79.5 79.7 81.9 82 82.2 82.3 81.9 81.5 81.1 81.8 81.1 80.3 79.8 79.2 79.2 79 78.9 80.8 81 80.6 80.3 80 79.7 79.8 79.1 78.4 80.3 82.9 84.7 86.4 87.9 89.8 90.6 90.6
83.8 83.1 82.5 81.3 80.2 79.6 79 79.8 80.2 79.7 80 81.2 82.5 83.2 84.3 85.6 86.3 86.5 87.9 88.4 89.5 90.7 91.9 93.1 94.9 97.2 96.7 95.3 94.6 94.3 95.7 95.6 94.9 94.7 94.5 93.7 92 88.6 89.8 92.8 91.1 90.3 89.7 88.6 87.7 86 85.1 84.3 83.3 81 79.8 79.7 80.8 80.9 81 81.1 80.8 80.4 81 81.8 81.4 80.6 79.7 79.1 79.2 79.5 78.9 80.1 80.1 79.6 79.3 79 78.2 77.5 77 77.3 80 81.8 83.2 83.4 85.8 87.5 89.1 90.3
83.1 82.5 81.8 80.6 79.7 79.2 78.8 79.2 79.2 79.2 79.3 80.7 82.5 83.8 84.9 86 87 88 88.1 88.4 89.5 90.7 92 93.1 94.6 95.5 94.8 93.5 92.3 93.2 94.8 94 93.1 92.9 92.7 92 89.7 86.8 88 91 90.3 89.7 89.7 89.6 88.9 87.6 86.8 85.1 83.5 81.6 79.8 79 80.3 80.3 80.3 80.2 79.9 80.1 80.8 80.9 80.6 80.3 79.9 79.7 79.9 79.4 78.9 79.4 79.3 78.5 78.2 77.9 76.9 74.8 75.4 79.6 80.4 81.4 82.4 83.3 83.7 84.6 87.2 88.8
82.5 81.8 81.2 80 79.6 79.2 78.6 78.3 78.3 78.4 78.6 79.8 81.9 83.8 85.4 86.4 87.4 88.4 89.4 89.6 89.8 90.8 92 93 94.3 93.7 92.9 91.6 90.7 90.1 92.2 92.1 91.4 90.5 89.8 89.1 86.2 84.9 85.3 86.2 87.1 88.2 89.6 89.7 89.6 88.4 86.7 85 83.4 81.9 80 79.1 80 80 79.8 79.2 78.5 78.7 78.8 79.3 79.1 78.8 78.3 78 79.1 79.3 78.8 78.7 78.6 77.7 77.1 76.8 75.6 73.2 76.8 79.3 79.7 79.7 80.8 81.9 82.5 82.6 85.1 87.5
82.2 81.4 80.5 80.3 80.5 79.2 78.7 78.2 77.6 77.6 77.8 78.7 81.1 83.4 85.5 86.4 87.2 88.6 90 90.2 90.5 91.3 92.2 93.3 93.4 92.1 91 90.7 87.7 86.1 89.6 90.1 89.3 87.8 86.9 85.8 86.2 84.1 83.7 83.3 85 86.7 88.1 89.1 89.2 88.2 86.6 84.9 83.4 81.8 80.2 79.2 79.7 79.2 78.6 78 77.4 77 76.9 77.2 77.6 77.3 76.3 76.6 78.1 78.3 78.4 78.3 77.8 77 76.1 75.7 74.4 72.1 75.9 77.2 78 77.9 77.8 78.8 79.4 81.2 83.9 85.5
