app/static/ascii/TQ03.asc
ncols 200
nrows 200
xllcorner 500000
yllcorner 130000
cellsize 50
[rows 38 to 75 of 200, columns 86 to 171 of 200]
47.8 48 48.4 48.5 48.6 48.9 49.3 49.6 50.5 51.5 51.5 50.5 49.4 49.3 49.5 50.4 51.1 51.8 52.9 53.8 54.2 55.8 58.1 60.9 62.6 62.5 61.6 60.6 62.2 63.4 62.7 60.9 58.9 58 57 56.2 55.5 54.8 55.8 56.4 56.7 57.4 58.3 59.1 60.7 61 62 62.4 63.9 64.4 65.7 67.1 69.5 70 72.6 74.3 73.9 71.5 68.4 66.1 63.7 62 61 60.6 60.1 60.5 59.1 58.6 58.1 58.1 58.1 58.3 59.1 60.1 60.5 60.8 61.2 62.4 63 62.9 64.4 64.9 67.4 70.2 72.8 76.3
48.1 48.4 49 49.1 49.4 49.7 50.3 51.6 52 51.9 51.5 50.8 49.9 49.4 49.5 50.1 50.8 51.4 52.1 52.8 53.3 55 56.8 58.4 59.9 60.2 59.2 58.8 60.7 61.5 60.4 59.1 57.9 56.5 55.5 55.9 55.2 55.4 56.3 57.2 57.5 58 59.2 60.4 62 62.8 63.4 65.1 66.1 66.1 67.7 70.2 72 72.4 72 72.2 72 70.1 67.7 65.1 62.8 61.7 60.3 59.3 58.9 59.1 58.2 57.8 57.8 58.5 57.4 58.8 59.9 60.6 60.4 60.9 61.9 63.4 64.3 64.2 65.5 69.7 72.7 74.5 77.3 79.1
48.7 49.7 49.9 50 50.3 50.9 53.1 53.5 52.8 52.5 51.5 51 50.3 49.7 49.6 50 50.4 51.1 51.7 52.2 52.7 54.6 54.9 55.9 57.9 58.9 58.6 57.4 59 59.7 58.4 56.8 55.9 55.1 54.1 54.5 55.3 56 56.9 57.7 58.4 58.9 60 61.7 63.3 65.3 66.9 67.7 69.2 68.3 69.1 70.5 71.3 71 69.7 69.4 68.5 67.4 65.9 64.4 62.2 61 59.5 58.6 57.9 58 57.4 57.5 57.7 58.6 59.1 60.1 60.4 59.9 60.2 61 62.5 64 64.9 66.2 68.7 74.4 77.6 79.8 80.9 82
49.4 50.4 51 51.2 51.5 53.8 55.3 54.9 54.4 53.4 52.5 51.8 51.1 50.4 50 50 50.7 50.7 51.1 51.5 53.2 53.6 55.3 57.6 59.3 59 58.5 56 56.8 57.5 56.7 55.6 54.4 53.7 53.9 55.3 55.8 56.2 57 58 59 59.6 60.7 63.3 65.1 68.2 71.5 71.7 70.7 68.5 67.7 67.7 68.2 67.5 66 65.8 65.1 64.5 65.4 64.6 62.3 60.6 59.4 58.2 57.5 57.3 57.4 57.6 58.3 59.6 60 60 60 59.6 60.1 61 62.4 63.9 65 66.8 70.3 77.3 81.4 82.5 82.5 81.5
50.6 51.2 52 52.4 52.9 55.8 57.1 57.6 57.6 55.9 54.4 52.9 51.8 51.2 50.7 50.2 50 50.4 50.6 52.7 52.8 53.6 55.1 58.1 59.5 59.2 57.7 54.4 55.1 54.9 54.6 53.7 53.5 53.8 55.5 56.3 57.5 57.5 57.9 58.2 59.4 60.2 62.2 65.9 69.5 72.5 73.5 71.5 68.7 65.7 63.7 64.4 65 64.5 63.5 62.8 62.5 62.5 62.6 62.4 61.8 60.3 58.7 57.2 57.2 56.9 57.5 57.6 58.2 58.7 58.9 59 59.6 60 60.7 61.7 62.8 64.1 65.4 67.7 72.1 79 82.4 82.5 80.7 78.9
51.2 52.1 52.7 53.5 55 56.1 58.5 61.4 60.3 58.1 55.9 54.5 52.9 51.9 51.4 50.7 50.3 50.3 50.8 52.6 52.4 54.2 56.9 57.8 57.1 56.9 55.2 53.1 52.8 52.8 52.8 54 56.3 56.8 58.2 58.5 58.4 58.5 59.6 60 60.4 61.1 63.3 69.4 73.7 75.1 73.3 69.5 66.2 63.3 62.4 62.3 63.1 62.3 61.3 60.8 60.9 60.9 61 60.4 59.9 59.1 57.6 56.9 57.1 57.1 57.9 57.1 57.5 57.6 57.2 57.7 58.3 59.2 60.7 61.4 62.9 64.6 65.9 68.8 72.7 79.9 82.6 80.7 77.8 75.3
51.4 52.4 53.3 54.5 56.2 57.4 61.3 63 61.4 59.2 57.2 55.4 53.9 52.7 51.9 51.3 50.8 50.7 50.6 52.5 52.9 54.1 55.6 55.7 54.1 52.9 52.2 52.5 52.8 53.9 56.3 59.2 61.8 62.3 61.2 60.8 59.3 58.9 60.7 61.8 62.6 64 66.2 72.4 75.2 74 71 67 63.9 62.4 61.1 61.2 61.7 60.7 59.9 60 60.2 60.5 60.1 59.5 58.9 58.5 57.4 56.8 56.9 56.9 57.5 57.1 56.7 57.9 57.6 57.7 57.7 59.4 60.6 61.3 62.5 63.9 65.9 68.7 74.4 80.5 81.1 78.7 74.2 71.6
51.8 52.7 54.2 55.6 57.6 59.7 63.6 63.6 62.5 60.5 58.5 56.4 54.9 53.6 53.4 52.6 51.7 50.9 50.5 50.5 52 52.3 51.9 51.9 52.5 51.6 52.2 53.2 54.1 57.8 62.5 65.6 66.4 64.7 62.5 61.4 60.5 60.4 63.2 66.3 67.1 68.2 72.2 74.5 74.7 72.7 68.5 64.7 62.3 61.1 60.4 60.4 60.4 59.8 59.2 59 59.4 59.8 59 58.7 58.2 57.6 57.2 56.4 57.4 56.9 56.6 57.2 57 57.3 56.9 57.2 57.5 58.4 59.4 61.1 63.1 66.2 69.5 72.5 77.5 80.7 79.7 76.3 71.6 68.9
53.7 54.2 54.7 57.3 61.2 63.4 65.4 65.4 64.2 61.7 59.2 56.9 55.9 55.7 56.1 55.3 54.1 52.4 50.8 51.2 50.9 50.7 51.1 51.1 51.7 52.5 54.7 54.8 55.4 59.4 64.1 66.7 66.9 64.4 62.5 62.9 63.8 63.2 68.5 71.6 73.1 74.3 74.9 75.3 73.9 70.8 66.8 63.1 61.5 60.2 59.6 60.4 59.8 59.2 58.5 58.3 58.7 58.8 58.4 57.7 57.3 56.8 56.3 56.8 58 57 57 57.2 57.4 57 56.7 57.2 57.8 59.2 60.5 62.5 63.8 67.3 73.3 76.8 79.5 79.9 77.5 73.5 70.6 68.5
54 54.7 56.1 59.8 64.6 66.9 67.7 67.5 66 63.4 60.4 59.3 58.8 59.1 60.3 58.1 56.7 54.2 52.2 51 51.7 50.3 50.5 52.1 52.4 53.8 55 54 54.8 58 61.9 64.8 65.3 63.1 62.2 64.3 66.8 67.9 70.9 74.4 75.1 75.4 75.2 74.8 72.8 68.8 64.7 62.4 60.9 60.4 59.5 58.9 58.7 58.2 58.1 58.1 57.6 58.6 58.6 57.8 56.3 56.2 56 56.6 57.7 57.8 57.3 56.9 55.4 57.4 57.7 58.2 58.9 60.4 62.4 63.7 65.3 67 74.5 77.9 78.9 77 74.2 71.3 69.6 68.2
53 54.3 56 60 64.6 67.3 68.2 68.2 67.7 66 63.1 63 62.4 62.5 61.8 60.6 59.2 56.3 53.1 52.8 51.6 50.3 50.6 52.1 51.7 52.5 52.3 52.9 53.7 56.2 59 61.4 61.9 60.5 62.9 65.8 69.8 72 67.5 74.5 75 75.2 74.8 74 71.3 67.1 63.7 62.1 60.6 60.1 59.1 58 57.6 57.2 57.2 56.6 57.1 57.8 57.3 56.5 56.5 55.3 55.4 55.3 56.8 57.4 57.7 55.5 56.7 57.8 58.7 59.6 60.4 60.6 62.9 64.2 67.6 71.3 75.6 78.1 76.2 73.8 70.7 69.5 68.1 66.8
52.7 53.5 56 60.5 64.5 66.2 67.2 68.2 68.4 67 66.9 66.8 65 63.8 63.8 62.2 59.9 56.3 52.8 51.7 51.6 50.6 50.5 51 50.9 51 51.4 52.1 53 54.7 56.5 57.9 58.7 61.6 65.1 69.4 71.6 73.2 65.7 72.6 74.2 74.4 73.8 72.5 69.8 66.6 63.7 61.8 60.5 59.2 58.4 57.5 56.7 56.3 56 56.4 55.6 55.3 55.3 55.4 55.4 55.4 55.4 55.4 55.4 56.8 56.4 57.7 58.4 59.5 60.7 61.8 62.4 62.7 63.3 66.1 69.1 74.1 76.9 75.3 72.8 70.2 68.3 66.8 66.2 65.3
51.8 53.3 55.5 59.3 62.4 63.7 64.9 66.9 67.8 68.4 68.6 67.7 66.3 65.1 63.5 61.4 58.3 55.1 52.2 50.8 52.2 51.6 49.9 50.7 50.7 50.7 51.3 52 53 54 55.2 56.6 59.4 63.1 66.8 69.6 71.9 72.8 70.6 71.6 72.7 72.5 72 71.4 70.2 67.3 64.9 62.6 60.7 59.4 58 57.1 56.3 55.8 55.3 55.3 55.4 55.4 55.4 55.4 55.4 57.1 56.7 57.6 58.7 60.5 61.1 60 60.1 61.3 62.9 64.6 66.7 66.9 66.7 69.8 72.3 75.4 76 72.8 69.5 66.9 65.6 64.3 63.8 63.4
51.1 52.5 54.5 57 59.1 59.4 61.3 63.9 66.2 67.4 67.3 64.6 64.4 63.2 60.4 57.7 54.6 52.5 51.3 50.5 51.9 51 50.3 50.6 50.7 50.8 51.3 52.1 52.7 53.5 54.6 56.4 59.1 63.1 66.4 68.5 69.7 71.2 69.9 66.6 67.7 67.2 69.7 70.8 69.2 67.3 64.9 62.6 60.8 59.7 57.8 56.8 55.9 55.3 55.4 55.4 55.4 55.4 55.4 55.4 59.2 59.3 60.9 63.6 64.9 64.4 63.2 61.2 62.5 65.4 69.4 72 73.7 74.5 73.6 74.3 75.3 75.3 73.4 70.5 66.8 64.8 63.4 62.5 62.3 62.4
50.2 51.4 52.3 54 55.4 55.7 57.5 60.2 62.6 63.9 63.1 60.8 58.7 57.4 56 53.7 52.7 51.7 51.1 51.1 50.8 50.5 50.5 50.6 50.6 50.8 51.3 52 52.6 53.1 54.6 56.5 58.6 62.4 65.4 65.8 66.8 67.3 66.8 62.8 62 65.1 68.8 68.9 66.9 65.1 63.4 61.9 60.3 59.2 57.6 56.6 55.5 55.4 55.4 55.4 55.4 55.4 58.3 58.2 61.5 64.5 66.9 68.5 68.4 66 63.9 62.5 64.8 68.6 74.7 76.5 77.1 77.2 76.6 75.3 74.8 73.3 70.3 67 64.4 63.5 62 61.2 60.8 60.9
49.4 50.1 50.9 51.7 52.7 53.5 54.4 55.7 57 57.2 56.3 55 53.2 52.6 52.1 51.3 50.9 51.2 50.6 50.8 50.4 50.5 50.6 50.6 50.6 50.8 51.3 51.7 52.3 52.9 54.1 56.1 58.8 61.4 63.1 62.3 62.3 62.4 61.1 60.1 59.9 64.8 67 66.3 64.8 62.5 61.3 60.4 59.1 58.3 57.4 56.2 55.3 55.4 55.4 55.4 55.4 58 62.3 62.8 64.7 68.7 70.7 70.5 67.9 65.1 62.2 62.3 64.7 69.2 74.3 76.3 76.5 76.1 75.3 72.3 70.9 68.7 65.3 64.7 61.7 61.8 61 60.2 59.7 59.7
48 48.8 49.5 50.3 51.1 52 52.6 53.1 52.7 52.9 53.1 51.8 51 50.5 50.4 50.4 50.1 49.8 50 50.3 50.4 50.5 50.7 50.9 50.9 50.7 51 51.5 51.8 52.1 53.3 54.5 56.5 58.3 59.4 58.6 58.3 59.8 57.8 57 58.3 62.8 64.8 64.3 62.1 60.2 59.4 58.6 58 57.5 56.8 55.3 55.4 55.4 55.4 55.4 59.5 60.7 65 68 69.4 71.9 71.1 68 65.2 62.5 61.1 63.3 64.9 68.3 72.4 73.8 72.8 71.5 70.4 66.4 65.3 63.7 62.6 62.3 59.8 60.2 59.1 58.9 59.3 58.7
46.6 48.5 49.1 49.6 49.6 50.5 50.7 50.9 50.7 50.4 50.6 49.9 49.7 49.9 49.5 49.5 49.8 50 50 50.3 50.6 50.8 51 50.9 50.8 50.7 50.5 50.7 51.1 51.3 51.9 52.8 53.8 55.3 55.9 55.2 56.6 57.8 56.9 55.3 57.2 59.8 62.5 62.1 60.3 58.5 57.8 57.4 56.9 56 55.3 55.3 55.4 55.4 55.4 60.7 62.7 65.7 70.1 71.7 72 71.4 69.2 65.1 61.9 59.9 61.1 64.1 67.2 69.1 70.4 70.2 68.5 66.8 64 63 62.2 62.5 60.8 60.4 58.7 58.1 58.2 57.7 58.4 58.7
46.5 48 48.3 48.6 48.5 49.4 49.4 49 48.8 49 48.8 49.3 49.4 49.4 49.4 49.5 49.8 50.2 50.3 50.3 50.7 50.7 50.7 50.7 50.6 50.5 50.3 50.7 50.5 50.7 51 51.4 51.9 52.9 53.2 52.9 54.3 55.2 54.4 53.5 55 57.3 60 60.3 58.9 57.5 56.6 56.2 56 55.3 55.4 55.4 55.4 55.4 59 63.8 67.6 70.4 71.9 72.2 71.7 68.6 66 62.5 59.5 58.5 60.7 64.5 67.4 68.8 69.1 66.8 63.9 62.4 62 61.4 60.8 60.6 59.4 59.1 57.7 57.2 57.6 57.7 57.8 57.6
46.6 47.2 46.8 47.3 47.7 47.4 47.5 48 48.5 48.9 49.1 49.5 49.6 49.5 49.4 49.6 49.8 50.2 50.6 50.4 50.2 50.3 50.3 50.4 50.3 50.2 50.1 50.5 50 50.4 50.7 50.6 50.9 51.1 50.8 50.9 51.1 52.1 52.6 53 53.7 55.3 57.7 58.6 58.2 57 55.4 55.4 55.4 55.4 55.4 55.4 55.4 57.6 64.2 69.5 70.5 70.6 70.4 70.5 69.7 65.7 62.4 60 58.6 57.7 58.6 62.5 65 65.7 65 62.4 61.2 60.8 60.2 59.9 59.8 59 58.4 57.9 57.1 57.7 58.6 58.2 58.2 58.2
46.7 47.4 47.9 47.8 47.8 48.5 48.7 49 48.9 48.6 49.2 49.4 49.5 49.5 49.5 49.7 50.4 50.1 50 50.1 50.3 50.3 50.3 50.3 50.3 50.2 49.6 50.2 50 50.3 50.4 50.3 50.1 50.3 50.6 50.4 51.9 51.9 52.4 53.2 54 54.8 56.2 57.2 57.2 56.2 56.1 55.4 55.4 55.4 55.4 55.4 59.9 64.6 68.9 70.9 69.7 67.8 68 66.3 65.8 63.2 59.4 58.6 58.3 57.5 57.2 58.5 60.5 60.8 60.7 59.7 59.4 59.3 59.3 59.2 58.8 57.8 57.9 57.3 57 57.8 59.4 60 60 59
47.6 47.6 47.9 48.2 48.4 48.9 49.2 49.2 49.2 48.8 49.1 49.2 49.4 49.7 50.1 49.6 49.8 49.9 50.1 50.3 50.4 50.4 50.4 50.4 50.3 50.2 49.5 49.6 50 50.1 50.2 50.3 50.3 50.3 50.5 50.9 50.4 51.9 51.8 52.4 54.1 54.8 55.1 55.3 55.6 55 54.9 55.4 55.4 55.4 55.4 55.4 64.2 68 69.7 68.8 65.4 65 64.4 62.7 61.7 60.5 59.3 57.1 56.9 56.7 56.9 57 57.1 57.3 57.9 58.1 58.3 58.3 58.8 58.5 57.8 57.3 57 56.7 56.9 58.7 59.4 60.4 60.7 60.5
47 47.5 47.8 48.1 48.5 49 49.6 49.1 49.5 49.4 49.2 49.4 49.3 49.4 49.6 49.7 49.9 50 50.2 50.4 50.5 50.5 50.4 50.4 50.4 49.6 50 49.9 50 50.3 50.5 50.7 51.3 51.9 52.8 53.1 51.6 51.2 51.6 51 52.6 53.4 53.4 53.6 53.7 53.1 53.8 54.6 55.4 55.4 55.4 56.7 65.4 68.8 68.7 66 62.6 61.5 59.4 60 59 57.2 56.3 56.1 56.1 56.2 56.4 56.6 56.8 56.9 57.5 57.7 58.8 59.7 59.6 58.5 57.4 57.2 56.8 56.9 58.1 59.3 60.6 61.6 61.8 61.9
46.9 47.7 47.9 48 48.5 48.7 48.9 48.8 49.1 49.5 49.3 49.2 49.4 49.5 49.7 49.8 50 50.1 50.3 50.5 50.7 50.7 50.7 50.5 49.8 49.4 49.9 50.1 50.9 50.9 51 52 52.8 54 55.5 55.6 53.5 51.3 50.4 51 51 51.4 53.2 52.8 53.1 54.2 54.5 53.7 53.4 55.4 55.4 60.8 65.1 66.8 65.5 63.5 60.3 58.7 57.8 57.1 56.4 56.1 55.7 55.6 55.8 56.4 57.2 57.5 57.9 58.1 58.9 59.6 60.2 59.7 58.4 57.1 57.2 56.9 56.3 56.7 60 63.1 63.1 64 64.1 64.2
46.9 47.6 48 48.2 48.2 48.5 48.6 48.8 48.6 49.1 49.3 49.3 49.4 49.6 49.8 49.9 50 50.2 50.4 50.6 50.4 50.6 50.6 50 49.1 49.9 50.4 50.5 51.3 51 51.5 52.8 54.2 55.8 56.9 56.2 54.4 51.8 51.3 51 51 51.2 53.2 52.8 53.9 55.3 56.1 55.1 52.8 54 55.9 59.6 62.7 63.7 62.5 60.8 58.6 57.7 57.6 57.7 57.2 55.7 55.2 55.2 55.5 56.2 57 57.1 57.5 58.1 58.7 58.5 58.3 57.7 56.7 57.1 57.5 56 57 57.1 60.9 64.4 65.7 65.2 66 65.4
47.2 47.7 47.9 48.1 48.4 48.6 48.7 48.5 48.6 48.6 49.1 49.4 49.5 49.6 49.9 50 50.1 50.3 50.5 50.3 50 49.9 49.3 49 49.5 50.3 51.2 52.3 52.6 51.6 52.6 53.5 54.7 55.3 55.3 55.1 53.8 52.6 51.8 52.3 52.1 51.9 52.6 52.4 53.2 54.7 54.8 53.2 52.7 53.8 54.2 55.5 57.9 59.7 58.7 57.6 57.5 58.1 58.4 58.6 57.8 56.2 55 55 55.8 56.7 56.6 57.1 56.7 56.3 56.6 56.8 56.4 56.5 55.9 55.8 56.2 56.1 57.8 59 60.8 63.7 64.9 65.3 65.3 64.1
47.2 47.3 47.5 47.4 47.6 47.7 47.7 48.4 47.8 48.1 48.4 49 49.4 49.6 50 50.2 50.2 50.2 49.6 49.1 49.5 50 49.9 50 50.8 50.8 51.5 53.2 52 52 53.1 53.7 54.5 54.4 54.7 54.2 52.9 52.7 53 53.5 52.9 52.9 52.6 52.5 53.6 55.2 54.4 53.4 53.1 54.4 54.4 54 54.4 56.5 56.4 56.9 57.1 58.4 58.4 57.8 56.3 54.8 55.4 55.9 56.2 56.5 56.7 56.2 55.5 55.4 55.5 55.6 55.6 55.5 55.6 55.7 56.4 56.4 57.8 60 61.4 61.3 60.9 60.5 60.7 60.7
47.4 46.8 47.2 47.3 47.5 47.4 47.7 48.6 48.4 48 48.4 48.4 48.6 49 48.3 48.8 48.9 48.7 48.9 49.4 51.1 51.2 50 50.7 50.7 50.8 52 52.4 51.8 51.9 52.7 53.5 54 53.9 53.5 53.7 53.5 54.1 54.4 54.3 53.6 52.9 53 53.3 54.6 58.2 58.6 56.5 55.1 54.1 53.3 52.4 53.3 53.7 54.5 56.3 57.2 57.6 57.2 56.5 55.4 54.2 54.1 54.7 54.6 55.1 55 55.3 55.2 55.2 55.2 55.3 55.3 55.4 55.5 56.1 56.3 56.7 58.8 60.5 59.8 59 58.9 58.7 58.4 58.3
46.8 47.2 47.2 48 47.8 47.8 47.8 48.3 48.5 48.3 48.5 48.5 48.7 49.5 48.4 47.9 48.5 48.9 49.6 49.8 50.7 50.9 50.9 50.8 51 50.8 51.7 51.7 51.5 51.7 52.1 52.6 53.2 53.8 53.6 53.9 54.7 55.5 55.7 54.8 54 53.5 53.9 54.7 55.5 59.6 60.9 59.8 57.2 54.5 53.5 53.4 52.4 52.5 52.9 54.8 56.2 56.4 55.5 55 54.2 53.8 53.9 54.1 54.6 54.6 54.7 55.1 55 55 55 55.1 55.2 55.3 55.4 55.8 56.5 57.9 60.2 60 58.3 57.8 57.5 57.4 57.2 57
47.6 47.7 47.2 48.2 48.5 48.3 48.6 48.7 48.8 48.6 48.8 49 49.1 49.1 49.2 49.6 49.9 50.3 50.5 50.7 50.8 51 51.4 51.2 51 51.3 51.8 51.9 51.6 51.5 51.9 52.4 52.8 53.3 53.8 54.7 56.2 56.6 56.3 55.4 55.1 53.9 55.3 55.7 56.1 58.8 59.9 58.1 56.4 54.4 55 54.3 53 52.8 52.5 52.7 53.2 53.8 54 53.5 53.9 54.6 55.3 56.1 55.7 55.6 55 54.8 54.8 54.8 55 55 55 55.1 56.5 56 56.9 58.5 60.4 60 58.3 57.3 57 56.5 56 56.3
48.4 48.5 47.9 47.7 48.6 48.9 49 49 49 49.2 49.3 49.3 49.4 49.5 49.7 50 50.1 50.3 50.5 50.8 51.4 51.7 51.9 51.3 50.9 51.2 51.8 52.6 52.4 51.8 51.7 52.2 52.6 53.1 53.7 55 56.3 57.2 56.8 56.4 55.5 54.8 55.5 56.4 56.8 57.6 56.8 56.3 54.8 54.8 56.2 55.4 53.8 52.6 52.8 53.1 53.1 52.8 53.5 54.1 55.3 57 58.3 59 58.5 57.4 56.1 54.6 54.5 54.7 55 54.9 54.9 56.1 55.6 55.7 56.2 59 59.6 59.2 58.2 57.2 56.5 55.9 55.2 55.2
48.4 48.5 48.1 47.6 48.4 49 49.1 49.3 49.3 49.3 49.3 49.4 49.6 49.7 49.9 50.1 50.2 50.4 50.4 50.6 51.2 52.4 51.9 51 51.1 51.6 52.4 51.8 52.1 52.5 52.5 52.3 52.8 53.3 53.8 54.7 56.4 57.3 56.8 56.2 55.7 56 56.4 57.2 57.7 57.6 56.5 55.5 55.8 57.6 58.5 57.3 54.9 54.3 53.8 52.9 53.5 53.1 53.7 54.9 57 59.3 60.3 61.1 59.5 57.3 56.4 54.5 54.4 54.7 54.9 54.5 54.9 55.6 55.1 55.8 55.9 56.8 56.9 57.2 56.6 56 55.5 55.7 55.2 55.2
48.5 48.6 48.6 47.5 48 48.7 48.9 49.1 49.3 49.3 49.4 49.5 49.7 49.8 50 50.1 50.3 50.5 50.5 50.6 50.6 50.9 51.4 52.1 53.2 52.5 52.6 52.7 52.9 52.9 52.6 53.1 53.9 54.5 54.4 54.8 56.6 57.3 56.9 57.1 57.8 58 58 58.1 59 58.1 57 55.7 57.5 60.3 62.6 61.3 57.9 57.6 56.5 53.8 53.3 53.2 53.8 54.7 56.7 58 58.8 59.8 58.6 56.1 55.3 55.2 54.5 54.6 54.8 54.3 54.7 55 54.9 55.7 56.5 56.6 56.1 55.3 55.2 55 55.1 55.4 55.2 55.2
48.6 48.7 48.8 48 47.9 48.4 48.9 49.2 49.2 49.4 49.5 49.7 49.8 49.9 50 50.1 50.3 50.5 50.7 50.4 50.4 50.9 51.3 52.9 54.3 53.8 54.2 54.4 53.9 53.2 53.5 54.5 55.5 55.2 55.2 55.5 56 57 58 58.4 60 61.3 60.9 60.2 60.1 59.3 58.4 57.3 57.8 61.7 64.9 65.3 62.7 62.3 59.8 56.5 54.2 53.4 53.3 53.8 54.6 55.6 56.2 56.4 55.5 54.1 54.2 54.6 54.6 54.5 54.9 54.9 54.6 54.6 54.9 54.9 55.9 56.1 55.4 55.1 55 55.2 55.8 55.8 55.2 55.3
48.6 48.7 48.9 48.4 47.9 48 48.8 49.1 49.1 49.3 49.5 49.7 49.8 50 50 50.1 50.4 50.4 50.3 50.3 50.8 51.3 51.8 53.9 55.4 55.4 55.8 56 55.2 54.4 54 54.9 55.5 55.9 56.3 56.6 56.7 57.8 58.7 59.8 61.2 62.8 63 62.1 61.4 61.7 60.4 59.3 58 61.6 64.1 65.4 64.3 63.1 60.4 57.4 55.6 54.3 53.3 53.2 53.4 53.9 54.5 54 53.9 54 54.1 56.2 56.4 56 55.8 55.3 55 55.1 55.2 54.7 55 55.3 55 55.6 55.9 56.3 56.1 55.8 55.9 56.4
48.8 48.8 49 48.8 48.4 48.1 48.2 48.9 49 49.2 49.3 49.5 49.7 49.7 50 50.1 49.8 49.8 50.2 50.7 51.2 51.9 52.6 55.8 58 56.9 56.9 57.1 55.6 55.2 55.7 56.2 56.6 57.1 57.6 57.3 57.2 58.3 60 61.5 63.3 65.7 66.8 66.1 66.1 66.3 64.7 61.3 59.4 60.2 62.9 64 62.6 61.3 58.7 56.6 55.4 54 53.5 53 53.7 53.8 54.1 54 53.9 54.3 55.3 57.2 58.2 58.5 57.5 56.5 55.7 55.2 55 55.8 56.1 57.4 57.7 56.7 57 56.9 56.6 56.2 55.9 56.1
49.6 49.5 49.3 48.8 48.5 48.6 48.1 48.3 48.6 49 49.1 49.3 49.6 49.4 49.7 50.3 50 50.4 50.9 51.3 52.1 52.8 54 57.8 58.8 58.5 57.7 57.9 56.3 57.2 58.3 57.9 57.9 58.4 58.8 58.4 58.4 59.4 60.6 62.7 65.6 67.9 69.8 70.3 70.7 70 67.4 63.4 60.2 62.1 63.1 64.3 62.6 60.2 57.7 56.3 55.9 54.5 54.1 53.8 54.2 54.3 54.9 54.5 54.6 55.8 57.8 60.7 62.5 62 59.6 56.9 55.3 54.9 56.3 57.2 57.9 59.1 58.9 57.8 58 57.5 57 56.5 56.1 56.3
49.9 49.7 49.1 48.6 48.5 48.8 49.1 49.1 48.5 48.6 48.8 48.8 49.3 49.7 50 50.4 50.8 51.2 51.6 52.2 53 53.8 56.3 59.1 59.9 59.1 58.4 58.7 57.8 59.1 60.5 60.1 59.3 59.1 58.9 58.6 59.8 60.7 61.5 63.2 66.1 68.9 70.7 74 74.9 73.7 68.4 63.4 61.5 63.5 66 66.4 63.4 60.5 58.6 57 57.2 56.2 54.8 54 54.8 56 56.3 56.2 58.6 60.5 62.1 66.2 67.4 65.3 61.4 57.5 55.4 55.9 59.9 61.9 61.7 61.2 60.6 59.3 58.9 58.4 57.5 57 56.6 56.5
