app/static/ascii/TQ05.asc
ncols 200
nrows 200
xllcorner 500000
yllcorner 150000
cellsize 50
[rows 114 to 151 of 200, columns 86 to 171 of 200]
45.8 45.3 43.4 40.3 39 38.9 38.9 39.4 40.4 40.4 38.9 37 35.9 36.2 36.7 37.7 38.9 39.8 40.5 39.8 39.5 39 39.1 39.5 40.2 41 41.8 43.6 45.8 49 54.8 57.8 57 55.1 53.2 50.2 48.9 48.9 48.9 48.9 48.9 49.3 50 50.6 51.2 51.7 51.3 50.7 50.1 50 49.6 49 48.2 47.3 46.4 45.4 44.7 43.9 43.2 42.5 41.7 41.9 43 44.2 44.6 45 45.5 46.3 47.1 50 53.6 56.2 57 56.8 56 54.7 53.6 54.2 54.9 55.7 56.9 58.4 59.1 59.6 60.2 60.8
46.5 45.6 44.5 41 39.2 39 39.4 40.7 41.5 41.1 39.4 37.4 36.1 37.2 38 38.9 39.9 40.5 40.6 40.7 41.4 40.9 40.3 40 40.9 41.8 42.6 44.1 46.8 51.1 56.7 59.2 57.3 54.8 52.8 49.7 48.9 48.9 48.9 49.4 49.8 50.5 51.3 52 52.7 53.1 52.5 51.9 51.3 50.7 50.2 49.9 49.1 48.2 47 45.9 45.4 44.7 43.9 42.9 42.1 43 43.9 44.3 44.8 45.1 45.7 46.9 47.4 47.5 50.2 51.6 54.7 55.9 55.5 54.6 53.9 54.8 55.4 56.5 57.9 59.3 60.1 60.6 61.2 61.8
46.9 45.9 44.2 41.3 39.7 39.5 40.3 41.5 42.4 41.8 39.8 37.7 36.8 38.1 39.2 39.4 40 40.3 40.8 41.8 42.5 42 41.2 41 41.9 42.8 43.1 43.7 46.3 50.7 55.2 57.9 55.7 54.2 52.2 49.7 49.1 49.7 50.2 50.7 51 51.4 52.2 53 53.7 53.8 53.6 53 52.4 51.8 51.3 50.8 49.9 48.7 47 46.5 45.9 45.3 44.4 43.7 43.8 43.9 44.2 44.3 44.4 45.5 46.9 48.1 48.7 49.2 49.7 49.2 50.3 51.8 53.4 53.6 54.1 55.2 56.4 58.1 59.5 60.7 61.3 61.7 62.2 62.8
46.7 45.3 44 41.8 40.2 40.2 40.8 42.4 42.9 41.9 39.9 37.9 37.1 38.3 39 39.1 40 40.7 41.4 42.1 42.8 42.5 42.1 42.1 42.9 43.5 43.4 44 46 49.5 52.7 54.6 55 54.2 51.6 49.7 50.1 51 51.5 51.9 52.1 52.4 53.1 53.9 54.2 54 53.9 53.7 53.5 52.9 52.3 51.7 50.4 48.7 47.6 47 46.4 45.7 44.8 44 44.5 44.8 44.4 44.1 44.1 45.8 47.6 49.2 49.9 51.1 51.9 51.5 50.9 50.4 51.4 53.4 54.9 56.2 58 59.5 60.9 62.1 62.4 63.1 63.5 63.9
46.5 44.9 43.4 41.9 40.4 40.5 41.1 42.9 43.4 42.4 40.3 38.1 37.2 37.7 38.2 38.9 39.6 40.4 41.2 42.1 43 43.3 43.1 43.1 43.7 44.2 43.8 44.3 45.6 48.7 52.5 54.6 55.1 54.4 52.9 51.4 51.3 51.9 52.8 53 53.3 53.5 54 54.6 54.5 54.3 54.2 54 53.8 53.7 53.3 52.1 50.4 48.7 48.1 47.5 46.7 46 45.2 44.2 45.4 45.7 44.9 44.3 45 46.9 48.6 50.4 51.7 52.9 53.9 54 53.4 52.9 52.4 53.4 55.2 57.4 59.1 60.8 62.2 63.3 63.7 64.1 64.9 65.3
46.6 45.1 43.6 42 40.5 40.9 41.7 43.5 43.9 43 39.9 38 37.9 38 38.5 39 40 40.9 41.7 42.7 43.6 43.9 43.9 44.2 44.5 44.5 44.2 44.6 46 48.1 51.2 54.9 55 55 54.3 52.8 52.5 53.9 54.3 54.4 54.6 54.7 55 54.9 54.9 54.8 54.8 54.7 54.7 54.7 54.2 52.1 50.4 49.2 48.5 47.7 47 46.3 45.5 45.2 45.3 45.4 45.6 46.3 46.9 48.9 50.7 52.6 54.1 54.8 55.3 55.8 55.1 54.6 54 53.6 55.2 57.2 59.6 61.4 63.1 64.4 64.8 65.3 65.9 66.8
46.9 45.7 43.9 42.2 40.9 41.5 42.5 44.6 44.1 42.5 39.4 38.4 38.7 38.7 38.9 39.4 40.5 41.7 42.5 43.4 44.3 44.6 44.7 44.8 44.9 44.6 44.6 45.7 46.9 48.1 52.2 55.6 55.3 55 55 54.2 53.9 55.9 56 56 56 55.9 56 56.3 56.3 56.3 56.2 56.2 56.2 56 54.9 52.7 50.3 49.5 48.7 48 47.3 46.7 46 46 46 46.1 46.5 47.3 48.9 51.1 53.2 55 56.3 57 57.1 56.8 56.5 55.9 55.4 54.2 55.4 56.6 60 61.9 63.4 64.8 65.6 66.2 66.9 67.8
48.2 46.4 43.6 42.1 41.5 42.5 43.4 45.3 44.8 41.8 38.6 38.5 38.8 39.2 39.4 39.7 41 42.3 43.4 44.1 44.6 44.9 44.9 44.9 44.9 44.8 45.9 47 48.1 49.3 55.6 56.4 56.7 56.2 55.6 55.1 55.2 56.7 56.9 56.9 56.9 56.9 57 57.1 57.7 57.7 57.7 57.6 57.6 56.7 55.2 53.2 51.5 49.6 49.2 48.5 47.9 47.2 46.9 46.8 46.7 46.8 47.8 49.6 51 53.8 55.4 57.1 58.5 58.8 58.8 58.3 57.6 57.3 56.5 55.3 55.6 55.9 59 61.1 62.5 63.8 64.8 65.7 63.6 68.4
49.1 46 43.6 42.1 42.3 43.3 44.3 44.8 43.2 41.1 39.1 38.8 39 39.3 39.7 40.1 41.4 42.5 43.7 44.3 44.7 45.1 45.1 45.1 45.2 45.8 47 48.2 49.4 51 55.2 57.3 57.9 57.6 57 56.6 56.2 57.4 57.6 57.8 57.8 57.8 57.9 58.2 58.5 59.1 59.1 59.1 58.5 56.8 55.3 53.4 52.1 50.7 49.4 49.1 48.4 47.7 48 48.3 48.1 47.4 48.4 49.5 53.4 56 57.4 59 60.6 60.6 60.4 59.7 59.1 58.6 57.6 56.4 56 56.3 57.4 59.5 60.8 62.1 63.4 65.3 66.9 68.6
49.2 45.3 43.5 42 42.4 43 43.5 43.9 41.9 40.4 39.7 39.4 39.3 39.1 39.2 40.1 41.5 42.5 43.4 44.4 44.9 45.4 45.4 45.7 46.1 46.4 46.8 48 49.3 50.7 54.1 57.3 58.4 59 58.5 58 57.6 58.1 58.3 58.5 58.7 58.7 58.9 59.2 59.3 59.8 60.5 60.2 58.7 57.3 55.9 53.6 52.1 50.8 50.2 50 49.3 48.6 49 49.5 48.4 48.1 48.5 51.2 55.3 57.6 59.4 61 60.8 60.8 61.2 60.7 60.2 59.7 58.7 57.5 57.3 56.7 56.9 57.8 61.8 60.5 61.7 63.9 65.3 67.7
48 45.2 43.2 42.4 42.2 42.8 43.1 42.6 41.5 40.5 40.2 39.9 39.7 39.6 39.4 40.5 41.2 42.3 43.3 44.3 45.1 45.7 46.3 46.7 47 47.3 47.5 47.8 49 50.6 54 57.3 60 60.2 59.9 59.5 59 58.8 59 59.2 59.4 59.6 59.6 59.7 59.4 61 61 61 59.3 57.9 56 53.8 52.1 51.3 50.7 50 49.3 49.1 49.3 49.2 49.2 48.8 49.4 51.9 55.3 58.5 61 60.8 60.8 60.9 61.2 61.1 60.6 60.2 59.3 58.4 57.2 56.8 62.5 59.1 60.4 61.6 62.1 63.9 65.7 66.3
47.6 45 43.6 42.9 42.5 42.3 42.1 42 41.4 41 40.7 40.3 40.1 39.9 39.8 40.3 40.8 41.8 42.7 44 45.6 46.3 47.2 47.6 48 48.2 48.5 48.7 49.1 51.2 54.4 57.6 60.5 61.6 61.1 60.8 60.6 60.8 60.8 61.1 61.3 60.4 59 60.1 61 61 60.6 60.7 59.6 58.3 56.2 54 52.1 51.9 51.3 50.5 50.1 49.9 49.7 49.8 50 50.1 50.7 52.6 54.3 58.3 61.2 61.3 61.3 61.3 61.4 61.5 61.1 60.7 59.8 60.6 61.6 57.8 58 59.1 61.4 64 64.5 65.3 65.2 65.8
47.4 44.8 43.9 43.1 42.8 42.6 42.5 42.2 41.8 41.7 41.3 40.8 40.5 40.1 40.7 41.2 41.5 41.5 42.4 43.8 45.9 46.8 47.8 48.5 48.9 49.1 49.4 51 53.6 53.9 55 58.1 61.3 63.5 63.1 62.5 62.9 63 63.1 63.1 62.6 61.2 59.7 60.5 61 61 60.7 60.2 59.4 58 56 53.9 52.7 52.5 51.8 51.3 51 50.7 50.6 50.7 50.9 51.1 52 53.8 56.2 59.6 60.7 61.7 61.7 61.9 62 61.9 62 61.8 61.1 60.2 58.8 58.4 59 59.9 62.4 65 65.4 66.7 66.9 67.6
47.4 44.9 44 43.4 43.1 43.1 43.1 42.8 42.4 42.3 41.7 41.3 41 40.7 41.5 42.2 42.6 42.6 42.7 43.6 45.6 47.6 48.5 49.4 49.8 50.4 52.9 54.9 56.4 56.2 57.2 59 62.5 65.4 64.4 64.6 64.6 64.8 66 64.8 63.8 62.7 61.6 60.6 60.7 61 60.9 59.4 58.8 57.7 56.3 54.6 53.4 53.1 52.5 52.2 51.9 51.6 51.5 51.6 51.8 52 53.1 54.8 57.9 60.7 61.7 61.8 60.9 61.5 63.3 63.2 63.2 63.2 62 61.1 59.8 59.3 59.6 60.2 62.3 64.2 66.8 68.3 69.1 69.1
46.9 45.1 44.3 43.7 43.6 43.6 43.6 43.4 43 42.3 42.2 41.9 41.5 41.2 41.8 42.9 43.6 43.7 43.7 44 46.1 49.2 49.8 49.4 50.9 52.9 54.8 56.1 57.3 58.4 60.9 62.6 64.3 66 66.6 66.7 66.6 66.2 66.6 65.7 64.7 63.6 62.6 61.6 60.6 60.9 60.2 59 58.3 57.5 56.8 55.2 54.1 53.6 53 53 52.7 52.4 52.4 52.5 52.7 52.6 53.2 56.8 59.3 60.1 63.2 64.3 64.2 64.7 64.5 64.2 64.1 64.6 63.3 62 60.6 60.5 60.8 61 62.3 63.4 65.5 68.2 69.8 70.1
47.2 45.2 44.6 44.1 44.1 44.1 44.1 44 43.2 42.4 42.7 42.4 42 41.7 42.2 43 43.8 44.5 44.4 44.5 47 49.7 50.6 51.1 53.4 54.4 55.8 57.2 58.5 60.9 64.2 66.3 67.4 67.9 68.7 68.4 68.1 67.8 67.4 66.6 65.6 64.5 63.6 62.6 61.6 60.6 59.1 59 58.3 57.4 56.6 55.8 54.7 54.2 53.6 53.3 53.4 53.3 53.3 54.3 58.6 57.5 55 58.3 61.1 63.3 64.9 64.8 64.9 65.4 65 65 65 66.1 64.9 63.7 62 62.2 62.6 62.5 62.8 63.6 64.1 66.5 69.2 69.9
47.3 46.2 45.6 44.9 44.6 44.5 44.4 44.2 43.6 43.3 43.3 43.2 42.9 42.7 42.3 42 43.3 44.6 44.9 45.1 46.7 48.4 49.8 52.2 54 56.1 57.1 58.3 61.3 64.1 66.1 67.7 69.8 70.3 69.5 69.8 69.5 69 68.2 67.4 66.5 65.5 64.4 63.2 61.9 60.8 59.6 58.9 58.3 57.7 56.8 55.9 55.4 54.8 54.2 53.7 58.3 56.8 54.8 55.1 54.7 54.5 56.6 60.6 62.9 64.6 65.4 65.3 65.6 65.8 65.6 65.6 65.7 66.6 66.3 64.8 63.1 64.1 64.5 63.9 63.6 63.8 63.9 66.2 69.1 70.7
48.1 47.2 46.6 45.8 45.3 45.2 44.8 44.5 44.3 44.2 44.6 44.2 43.7 43.5 43 42.8 43.5 44.8 45.1 45.6 46.2 47.4 48.8 51.3 54.5 56 56.9 58.7 61.8 64.8 67.1 68.8 71 71 70.9 70.3 70.4 70 69.3 68.5 67.3 65.7 64.5 63.2 62.1 61 60 58.9 58.1 57.7 57.1 57 58.8 56.8 54.5 53.7 54.4 55 55.7 56.4 56.4 56.2 57.5 61.2 64.3 66 65.9 65.9 66.5 66.7 66.6 66.4 66.3 67.2 67 65.6 64 66 67.4 66.9 64.5 63.9 64.2 66.3 69.2 70.7
48.8 48.3 47.5 46.8 45.9 45.4 45.2 45.1 45 45 45.3 45.1 44.7 44.2 43.7 43.6 44.3 44.9 45.3 45.7 46.1 47 48 49.5 53.3 55.5 57.3 59.2 61.8 63.8 66.7 69.2 71 71 70.9 70.9 71.4 71.5 70.7 69.9 68.1 65.8 64.5 63.4 62.3 61.2 59.5 58.4 60.8 59.8 57.6 57.5 56.7 56.1 55.3 54.7 55.2 55.9 56.6 57.3 57.9 57.5 58 60.5 63.2 65.2 65.1 67.1 67.3 67.5 67.5 67.6 68 68.6 67.7 66.4 64.9 67.2 69 67.7 65.5 65.1 64.9 67.2 69.6 71.2
49.3 48.9 48.1 47.2 46.2 45.9 45.8 45.7 45.6 45.4 45.4 45.3 45.2 45.1 44.5 44.2 44.4 44.9 45.4 45.8 46.2 46.8 48.2 49.3 49.4 54.6 56.4 57.9 60.4 62.6 65.5 68.4 70.3 71 71.2 72 72.6 72.8 72.1 70.9 69.1 66.7 65 63.8 62.5 62.2 60.5 59.5 59.7 59.8 59.6 58.7 57.8 57 56.5 56.1 56 56.8 57.5 58.3 59 58.7 58.7 60.2 62.8 64.3 65.1 67.7 68.7 68.8 69 68.5 68.8 69.1 68.4 67.1 66 67.3 69.2 68.1 66.8 66.2 66.2 67 69.3 70.7
49.9 49.4 48.6 47.6 46.9 46.7 46.5 46.3 46.1 45.8 45.8 45.8 45.9 45.8 45.5 45.1 45 44.9 45.7 46.4 47.6 48.7 49.3 49.3 48.9 49.8 53.1 53.9 56.4 60.5 63.6 66.2 68.4 70.4 72.2 73 73.7 74 73 71.4 69.8 67.8 66.2 63.5 62.6 61.8 61.1 61.2 61.3 61 60.3 59.4 58.6 57.8 57.4 57 56.6 57.5 58.3 59 59.8 60.3 59.7 60.9 62.8 65 67 68.2 69.3 69.8 69.3 68.8 69.6 68.9 68.2 67.7 67.1 68.2 68.6 69 68 67.5 67.5 68.2 69.2 70.4
50.2 49.9 49.1 48.3 47.9 47.6 47.5 47.3 47.2 47.1 46.9 46.8 46.6 46.5 46.4 46.1 45.9 46 46.7 47.7 49.2 50.6 50 49.9 49.2 49.1 50.3 52.9 52.9 55.8 59 62.4 66.5 68.6 71.6 73.6 74.5 74.8 73.2 71.9 68.9 65 66.2 65.4 64.1 63.2 62.7 62.8 62.2 61.7 61 60.1 59.3 58.8 58.4 58 57.6 58.2 59 59.8 61.2 61.7 61 61.5 65 67.5 69.2 70.1 70.3 70.5 70.1 70 70.2 69.9 69.5 69.1 68.3 68.5 68.9 69.5 69 68.9 68.8 69.4 69.4 70.1
50.7 50.4 49.8 49.3 49 48.7 48.4 48.3 48.1 47.9 47.6 47.5 47.3 46.9 46.9 46.9 46.9 47.5 48.1 49.3 50.8 50.4 51.1 50.8 50.7 51.2 51.7 52.9 52.9 52.9 55.5 60.1 63.9 66.8 69.8 72.8 75.1 74.9 70.2 66.9 70 69 67.7 67.3 66 64.5 64 63.5 62.9 62.4 61.7 60.8 60.1 59.7 59.3 58.9 58.5 58.7 59.7 61.1 62 62.5 62.4 62.2 65.2 69.4 70.7 70.6 71 71.2 70.8 71.6 71.9 71.5 71.6 70.9 69.8 69.9 70.2 70.4 69.8 69.8 70 69.2 69.8 70.5
51.6 51 50.6 50.3 50 49.7 49.4 49.2 49.1 48.9 48.7 48.2 48 47.9 48.5 48.5 48.5 49 49.7 50.8 51.1 49.5 51.3 51.6 52.2 52.9 54.3 53.4 54.3 53.5 55.5 57.4 61.2 64.7 67.3 70 68.7 68 73.6 72.7 71.5 70.6 69.8 69 67.7 65.8 64.8 64.1 63.6 63 62.4 61.5 61 60.6 60.2 59.8 59.4 59 60.4 61.3 62.1 62.5 62.9 63.1 64.7 69.5 71.3 71 71.4 71.9 72.2 73.1 73.6 73.6 73.4 72.5 71.2 71.5 71.6 71.7 71 70.9 71.1 70.7 71.3 71.9
52.4 51.9 51.5 51.2 50.9 50.7 50.4 50.2 50.3 50.3 49.8 49.2 48.8 48.8 50.4 49.2 49.1 49.1 48.9 48.9 48.9 50.2 51.7 53.1 53.7 54.3 54.9 55.2 55.9 56.4 55.6 57.7 60.9 63.4 65.8 68.5 72.5 74 74.4 74 73 72.2 71.4 70.3 69.6 68.3 66.9 65.3 64.3 63.7 63.1 62.4 62 61.6 61.2 60.7 60.1 60 60.8 61.7 62.7 63.5 64 64.4 64.9 68.4 70.7 71.5 71.8 72.4 73.4 75 75.8 75.8 75.2 73.8 72.7 72.8 72.9 72.9 72.4 72.2 72.2 72.3 72.7 73.2
53.3 52.8 52.4 52.1 51.8 51.6 51.2 50.8 50.9 50.8 50.6 49.9 49.7 49.7 50.5 50.8 48.9 48.9 48.9 49.7 51.5 53.1 54.1 54.1 54.6 55.4 56.8 57.2 57.3 57.6 56.5 64 61.6 59.6 62.1 66.9 68.4 70.2 72.6 75.3 74.5 73.7 72.4 71.7 71 70.2 69 67.4 65.9 64.4 63.8 63.3 62.9 62.3 61.8 61.2 60.8 60.6 61.6 62.6 63.6 64.6 65.4 65.9 65.5 67.4 69.4 71.7 72.3 73.6 74.6 76.1 76.5 76.9 76.1 74.8 74.3 74.1 74.1 74.1 73.8 73.5 73.2 73.8 74.1 74.7
54.3 53.7 53.3 53 52.7 52.3 52 51.6 51.5 51.4 51.2 50.6 50.5 50.9 51.3 51.6 51.4 50.8 49.9 52.7 54.7 54.7 54.4 54.9 55.6 56.6 57.8 61.2 61.7 58.9 59.7 59.5 58.9 59 59.6 62 64.6 67.1 71 74.9 75.9 74.6 73.7 72.9 72.1 71.2 70.3 68.9 67.4 66 64.8 64.3 63.9 63.4 63 62.5 62.1 61.8 62.5 63.5 64.5 64.8 65.3 65.9 66.5 67.1 68.8 70.8 73.6 74.9 74.9 76.3 77.5 77.9 76.9 76.5 76.3 75.9 75.4 75.3 74.8 74.3 74.2 74.5 76 75.5
55.3 54.4 53.9 53.7 53.5 53.1 52.7 52.4 52.1 52 51.9 51.5 51 51.9 53.3 53.2 53.1 52.5 52.4 55.4 55.7 55.6 56.6 59.1 57.9 57.5 58.3 58.7 60.2 61.2 61.2 61.3 60 59.4 59.9 61.7 63.7 66.1 69.5 74.1 75.8 75.6 74.8 73.9 73 72.1 71.2 69.8 68.4 66.9 66.4 66.1 65.7 64.7 64.3 63.8 63.4 63.1 63.4 64.2 65 65.1 65.9 66.6 67.2 67.9 69.3 71.2 73.6 75.9 76.1 77.5 78.4 78.9 78.4 77.7 77.1 76.5 76.7 76.6 75.7 75.2 75.2 75.5 75.6 75.7
56.6 55.5 54.5 54.1 53.9 53.9 53.5 53.2 52.8 52.6 52.5 52.4 51.8 52.8 54.7 54.7 54.3 53.6 57.3 57.9 58.9 58.8 58.4 58 58.4 58.7 59.6 61.2 62.5 63.6 63.7 61.9 60.7 60.2 61 62.4 64.5 66.7 68.9 73.7 75.6 75.8 75.7 74.8 73.9 73 72.1 70.8 69.3 68.4 68 67.7 67.3 66.7 65 65.6 64.4 63.7 63 65.4 65.3 65.8 66.6 67.3 67.9 69 70.3 71.9 74.1 76.5 77.2 78.7 80.4 80.2 78.9 78.3 77.7 77.8 78.1 77.8 76.7 76.2 76.3 76.5 76.5 76.5
57.5 56.3 55.4 54.7 54.2 54.2 54.2 53.9 53.5 53.7 53.2 52.8 52.7 53.7 56.2 56.4 56.1 57 56.2 59.4 60.9 60.7 58.9 58.9 58.9 59 60.2 62.9 64.7 65.8 65.5 63.6 62.1 62.6 62.8 62.8 64.4 66.5 68.8 72.5 75.9 75.6 75.5 75.5 74.8 73.9 73 71.7 70.3 70 69.6 69.2 68.1 66.4 66.1 65.1 64.8 64.1 63.8 65.3 65.5 66.4 67.2 68 68.7 70 71.4 72.7 74.6 76.2 78.4 79.7 81 81 79.5 78.8 78.9 79.1 79.4 79 77.8 77.2 77.4 77.4 77.4 77.5
58.1 57.1 56.4 55.6 55.1 54.1 54.1 54.2 54.2 54.7 53.6 53.8 53.5 55.3 57.1 58.2 58.2 57.1 56.8 60.1 61.6 60.9 59.9 59.9 61 61.1 61.3 64.1 65.9 65.6 66.3 65.3 64.1 64.2 64 63.5 63.7 65.9 68.6 71.5 75.7 75.4 75.4 75.3 75.2 74.8 73.9 72.7 71.9 71.5 70.5 69.4 68.1 67.4 67.2 66.2 65.1 64.7 64.4 65.2 66 67 67.9 68.6 69.7 71.1 72.4 74 74.6 75.6 78.7 81 81 81 80.6 79.9 80.2 80.5 80.7 80.3 78.9 78.3 78.4 78.4 78.4 78.4
57.3 57.9 57.8 56.6 55.5 53.6 54.1 54 54 54.4 54.1 54 54.1 55.8 57.7 60.2 60.6 59.5 59.2 60.3 62.3 62.2 62.2 62.4 63.4 63.9 64 65.6 66.1 66.5 67.6 66.6 65.8 65.8 65.5 65 64.5 65.6 68.3 70.9 74.5 76.5 75.9 75.3 75.1 75 74.8 73.8 73 71.9 70.8 69.7 68.6 68.4 68.3 67.3 66.2 65.4 64.9 65.7 66.6 67.5 68.5 69.5 71 72.6 74.1 75.7 75 75.5 79.6 80.8 80.7 81 81.3 80.4 80.3 80.3 80.3 79.9 79.1 79.4 79.9 80 80.1 80.1
54.1 52.9 58.7 57.4 55.5 55.6 55.5 55.2 55 54.9 55.1 54.9 55.4 56.8 58.8 61 60.9 61 58.9 60.5 63 64.6 64.7 65 65.1 65.2 65.3 65 66.5 67.7 69 68 67.5 67.4 67 66.4 65.8 66.3 67.9 70.7 74.7 77.9 79 78.4 77.8 77.2 76.1 74.4 73.3 72.2 71.1 69.9 69.5 69.4 69.3 68.4 67.3 66.7 66.3 66.8 67.5 69 70.6 70.9 72.1 73.5 74.6 75.5 75.1 75.9 79.1 79.8 81.1 82.5 82.5 81 81.9 81.9 81.9 81.7 80.8 81 82.2 82.7 82.9 83
55.2 59.4 59.8 58.9 57.5 57.1 56.6 56.4 56.1 56 56.1 56 56.3 57.7 59 60.9 60.8 60.9 60.2 61.5 64 66 65.7 65.5 66.2 67 66.4 66.4 67.7 69 70.2 69.7 69.3 69 68.4 67.3 67.3 67.1 68.4 70.6 75.4 79.4 81 81 80.2 78.7 77 75.3 73.6 72.4 71.3 70.7 70.5 70.4 70.3 69.5 68.7 68.3 68.1 68.1 69.1 71.4 73 73.5 73.4 72.9 73.9 75.8 77.1 76.7 78.4 80.7 82.6 84.1 82.7 81.8 82.8 83.5 83.6 83.5 82.7 82.6 84.4 85.2 85.5 85.6
57.4 60.5 60.9 60.2 59.4 58.6 57.8 57.5 57.1 57.2 57.1 56.8 57 58.4 59.7 59.8 61 61.5 62 63.7 64.8 65.9 66 66.9 67.6 68.4 68.5 68 68.8 70.2 70.7 70.9 70.8 70.5 69.2 68.6 68.4 68.2 69.1 70.7 76.5 80.5 81 81 81 79.6 77.9 76.2 74.5 72.8 72 71.6 71.5 71.4 71.3 70.6 70.4 70.6 70.5 70.4 70.7 74 76.7 78.1 77.9 76.2 74.5 77 78.8 78.5 78.3 80.9 84.3 85.4 84.4 83.6 83.6 84.6 85.2 85.2 84.6 84.6 86.4 87.5 87.8 87.7
60 61.4 61.9 61.2 60.5 59.6 59 58.6 58.3 58.3 58.2 57.6 57.7 59.1 59.6 61.2 62.5 63.3 63.8 64.8 65.2 65.9 67.5 68.4 69.2 70.1 70.6 69.9 69.7 70.4 71.9 73.3 73.2 72.3 71.2 70.1 69.8 69.5 69 69.6 75.7 79.5 81 81 81 81 79 77.3 75.6 73.6 72.7 72.8 73.1 73.4 73.6 74.8 74.2 74.1 73.6 72.8 72.1 78.5 81.8 82.6 79.4 75.8 75.5 76.7 79 79.2 78.9 81.6 85.4 87.2 88.2 85.6 83.5 84 86 87.4 87.4 87.6 88.1 89.9 90.5 89.7
61 62.2 62.7 62.7 61.7 60.7 60 59.6 59.4 59.3 59 58.3 58.4 60.3 61.5 62.7 63.9 64.6 65.3 65.9 66.4 67.3 68.9 69.9 70.7 71.9 72.7 71.9 71.6 71.7 74.3 75.5 75.2 74.2 72.9 71.8 71.3 70.9 70.5 71.2 74.5 78.5 81 81 81.1 82 80.7 78.4 76.5 74.1 73.3 73.2 74.2 75.3 78.2 79.4 78.4 78.4 78.1 77.3 78 84.6 87.8 86.5 80.7 76.2 74.2 77 81.3 83.1 81.4 82.6 84 88.3 91.2 87.9 84.8 85.1 87.2 89 89.4 89.7 89.4 91.2 92 90.4
58.9 61.8 62.9 63.5 62.7 61.9 61.1 60.5 60.3 60 59.6 59.1 59.2 61.4 63.4 64.2 65.2 65.9 66.3 67 67.7 68.6 70.4 71.4 72.3 73.6 74.9 74.8 74.7 75.1 75.8 75.7 75.5 75.6 74.1 73.6 73.6 73.1 72.8 72.9 74.2 77.5 81 81.4 82.2 83.2 82 79.8 76.7 74.5 73.9 73.8 74.5 78 81 81 80.8 81 81.7 81.7 83.2 88.4 90.7 88.4 82.5 77.9 76.3 80.1 85.2 86.3 84 83.6 84.7 87.9 89.7 88.5 87.6 86.5 88.6 91 91.7 92 92.9 92.9 94 92.3
