app/static/ascii/TQ07.asc
ncols 200
nrows 200
xllcorner 500000
yllcorner 170000
cellsize 50
[rows 0 to 37 of 200, columns 86 to 171 of 200]
33.6 35.1 35.2 35 32.8 30.2 28.6 27.4 27.2 27.9 26.6 26.4 27.1 27 26.1 26.2 27.4 27.4 26.1 26.3 26.3 26.5 27 27.3 26.5 27.2 26.5 26 26.5 26.9 26.7 26.5 27.1 28 28.8 29.2 29.5 29.6 30.2 30 29.2 29 28.8 29.2 29.8 30.1 32.6 28.8 28.8 30.2 32 32.4 32.6 32.4 32.1 32.1 32.4 32.2 31.8 31.9 32.1 31.9 33.6 34.5 33.4 33.8 35.7 36.9 36.7 35.8 35.2 34.6 33.5 33.1 34.5 33.5 33.4 33.8 33.5 33 33.4 32.7 33.5 33.8 34.6 33.8
34.6 34.2 33.8 33.4 31.7 30.4 29.1 27.7 27.6 27.8 27.9 27.7 27.9 27.4 27.5 27.4 27.4 27.4 27.1 26.7 26.7 26.7 26.7 27.1 27.1 27.1 27.2 27.1 26.7 26.8 26.9 27 27.5 28.1 29.3 30 30.8 30.6 30.8 30.5 29.8 29.7 29.7 29.9 30.9 32.3 31.3 30.3 30.1 30.2 30.4 30.6 30.9 31.4 31.4 31.3 31.2 32.4 33 33.3 33.4 33.3 33.9 34.4 35.3 31.6 34.2 35.2 34.9 36.5 36 33.8 32.8 32.8 34.5 34.3 33.8 33.3 33.1 32.5 33.8 33.6 33.6 34.7 34.8 34.2
33.6 33.2 32.8 32.3 31.6 30.5 29.4 28 27.9 27.8 29.7 28.3 27.4 27.2 27.2 27.3 27.4 27.4 27.3 27 26.9 26.7 26.5 26.8 26.8 26.8 27 26.9 26.7 26.6 26.7 26.8 27.2 28.1 29.3 30 30.5 30.8 30.7 30.4 30.4 30.4 30.5 30.6 30.8 31.9 31 30.1 29.9 30 30.4 30.5 30.5 30.7 30.8 30.6 30.8 31 31.9 32.6 33 33 33 33.4 33.8 34.1 38 34.1 33.7 34.1 33.6 32.5 32.2 32.7 33.4 33.5 32.8 32.7 32.6 32.2 32.2 34.2 34.2 34.1 33.9 33.6
33.7 33.1 32.6 32 31.1 29.9 28.7 27.5 26.4 27.9 28.9 29.1 28.2 27.4 27.8 27.2 27.3 27.8 27.7 27 26.5 25.9 26.3 26.6 27 27.1 26.8 26.6 26.5 26.7 26.9 27 26.7 27.3 28.3 29.8 29.6 30.5 30.5 30 29.8 29.8 29.9 29.9 30.5 31.2 30.4 29.7 30.1 30.7 30.9 30.9 30.6 29.8 30.7 30.8 31.2 31.2 31.2 31.8 32 32.3 32.9 33.2 33.5 33.9 35.2 33.7 33.9 34.3 34.1 33.6 33.4 33 33.2 33.7 33.1 33.2 34.4 34.7 34.7 34.2 34.1 33.9 33.5 32.1
34.8 33.7 32.4 30.7 30.4 29.3 28.1 26.8 26.4 26.6 28.6 28.7 28.7 28.7 30.1 29.8 28.4 28.4 28.1 26.7 25.4 26.1 26.3 26.6 26.8 26.7 26.5 26.4 25.8 25.9 27.3 27.6 25.7 27 26.7 26.8 29.9 30.5 30.8 30 29.3 29.4 29.4 29.5 29.5 29.7 29.5 29.3 30.6 31.5 31.2 30.9 30.8 30.4 30.7 30.7 31.2 30.9 31.3 31.4 31.5 31.9 33.2 33.3 33.6 33.4 37.9 33.7 33.8 32.9 33.7 34 34.1 33.9 33.9 33.7 33.4 33.4 33.6 33.8 33.6 33.1 33.3 32.9 31.9 30.1
35.8 33.6 31.8 29.8 28.7 28.6 27.8 26.9 26.4 26.6 27.3 28.1 28.6 29 30.1 29.7 28.9 28.1 28.5 27.3 26.1 26 25.9 26.1 26.5 26.4 26.3 26 24.5 26.3 27.2 26.9 25.6 27 26.4 28 28.8 29.6 30.4 31.1 30.2 30.3 30.3 30.3 30.9 30.9 31 31.1 31.1 31.2 31 30.8 30.9 30.8 30.6 30.6 31.3 30.4 30.9 31.2 31.4 32.3 32.4 32.9 33.2 33.6 37.2 33.6 33.3 33.7 33.8 33.2 32.2 33.6 33 34.3 34 33.8 33.7 33.5 32.4 30.8 31.4 31.2 30 30.4
34.2 32.9 31.1 29.1 27.4 27.5 27.4 26.7 26.4 26.5 26.9 27.7 28.4 29 29.6 29.7 28.9 31.9 28.8 28.1 27 25.8 24.4 25.2 25.8 26.2 26 25 24.5 27 27.1 26 25.9 26.7 26.4 27.9 28.7 29.5 30.2 30.9 30.2 30.2 30.2 30.2 30.8 29.8 30.1 30.4 30.8 31.1 31 30.8 31 30.6 29.6 30.5 31 30 30.1 30.9 31.4 31.7 31.6 32 32.4 32.9 35.4 32.8 32.1 33 32.7 34.9 38.5 32.3 34 35.5 35.3 35 34.4 33.9 33.5 33.1 30.5 31.2 30.9 30.8
32.8 31.8 30.1 27.7 27.2 27.5 27.1 26.3 26.4 26.6 26.8 27.6 28.2 29.1 29.2 29.4 27.7 27.3 28.3 27.9 27.3 26.3 24 25 25.6 26 25.4 24.7 24.4 26.9 27.4 27.1 26.6 26.9 26.8 27.8 28.5 29.4 30.3 30.9 30.7 29.8 29.6 30.2 30.3 29.3 29.2 29.2 30 29.6 30 30.6 30.7 30.5 30.4 30.6 30.5 30 30.1 30.6 31 31.1 31.8 32.6 32.2 33.1 34.1 32.4 32.3 33.3 35.7 33.9 33 35.2 32.4 33.4 33.5 33.9 35.2 35.8 34.7 34.8 34.5 33.9 33.2 32.8
31.5 30.5 28.5 25.5 27 27.5 26.7 26.3 26.7 27.1 27.5 27.5 28.3 28.3 28.9 28.9 27 27.3 27.5 27.4 27.1 26.6 26 24.4 25.1 25.6 25 24.4 25.8 26.4 26.6 27.1 26.7 26.8 27.2 28.3 31 31 30.7 30.3 30.9 30.6 30.3 30.6 30.3 29.5 29.3 29.6 30 30.1 30.2 30.4 30.5 30.4 30.3 30.8 30.5 29.2 29.5 30.1 31 33.3 32.4 32.4 32.2 33.8 33.8 32.8 32.8 32.9 33.1 33.1 33 32.8 32.2 32.6 33 32.8 32.8 33.4 33.7 34.9 34.8 34.7 34.4 34.2
29.4 28.4 26.4 25.5 27.1 27.2 26.5 26.1 26.4 26.8 27.1 27.7 28.4 28.1 28.6 28.2 26.9 27.3 27 26.9 27 25.9 24.6 24.2 25 25.6 25 24.6 26 26.1 26.1 26.1 26.9 27.3 28.1 29.2 30.6 31.4 30.9 30.6 31.1 30.8 31 30.8 30.1 29.4 29.5 29.8 30.1 30.1 30.1 30.2 30.3 30.2 30.3 31 30.5 29.4 29.6 29.8 31 32.7 33.8 32.6 33.5 34.7 33.3 32.1 33.7 34.5 32.9 32.8 32.7 32.9 32.6 32.5 32.4 32.4 32.8 33.1 33.3 34.3 34.2 34 33.9 33.8
26.7 27.7 29 27.7 27.2 26.9 26.2 25.9 26.3 26.9 27.5 26.3 27.9 27.9 27.9 27.4 28 27.1 26.9 26.9 27 26.6 26.2 24.2 25 25.8 25.8 25.8 26.2 26.3 25.8 25.2 24.4 26.4 28.2 29.5 30.3 31.2 31.4 31.2 31.1 30.6 29.9 30.4 30.6 30.5 30.6 30.7 30.9 29.8 29.9 29.9 29.9 30 30 30.2 29.9 29.8 29.4 29.9 31 33.4 35.3 33.6 33.9 34.9 33.7 33.6 33.7 33.1 33 32.8 32.6 32.6 32.5 32.2 31.9 32.1 32.5 32.7 33.8 33.8 33.8 33.7 33.4 33.2
28.4 28.4 26.3 26.2 26.6 28.5 26.8 26.7 27 27.3 26 26.1 25.4 27 27.1 26.3 26.7 26.9 26.8 26.9 27 27.6 27 24.6 25.3 25.8 25.9 26.1 26.4 26.1 25.4 25.2 25 26.3 26.4 28.3 29.9 30.8 30.9 30.9 31 30.6 30.6 30.5 30.7 30.1 30.1 30.1 30.1 29.6 29.7 29.8 30 30 30.2 30.7 30.8 30.6 30.1 30.3 34 33.2 36.6 34.5 35 35.5 33.8 33.7 32.9 33 33.1 33.1 32.7 32.7 32.3 32.1 31.7 30.4 31.6 32.3 32.1 32.8 33.4 33.5 33.6 33.3
27.8 27.8 26.6 25.8 26.8 27.4 27.6 27.2 27 26.9 25.5 26.4 25.6 26.4 26 26.1 25.9 26.6 25.8 26.2 26.9 27.4 25.5 24.8 24.7 25.9 26.1 26 26.1 25.8 25 25.4 25.6 27.1 28.6 29.1 30.5 30.9 30.8 30.8 31 30.8 30.7 30.3 30 29.4 29.4 29.3 29.3 29.4 29.5 29.7 30.3 30.4 30.9 31.2 31.4 31.5 31.5 33.1 35.1 34.8 35.6 37.9 38.7 35.3 34.2 33.6 33.4 32.8 32.6 33.2 31.6 32.5 32.1 32 31.5 30.8 32 32.3 32 32.8 33.1 33.2 33.3 33.2
27.2 28.4 27.8 27.2 27 27.6 27.9 27.5 27.1 26.4 27.2 26.5 26 26 30.1 26 25.8 26.5 25.5 25.7 26.2 26.3 25.7 25.4 26 26 26.4 26.4 25.9 25.3 24.6 25.3 26.3 27.6 28.6 29.7 30.6 30.9 29.5 30.7 31 30.9 30.5 30.2 29.9 29.8 29.5 29.3 29.1 28.9 29.1 30.1 30.3 30.5 30.8 31.1 31.1 31.7 32 33.7 35.5 34.8 35.9 37 39.1 34.7 35.1 35.4 33.6 33.1 32.7 33.1 31.5 32.7 31.7 31.2 30.7 30.7 30.2 32.4 32.1 32.4 31.9 32.8 32.4 32.2
26.9 27.9 28.7 27.8 27.2 28 28 27.6 26.7 26.2 26.4 26.3 25 25.1 25.4 25.1 27.9 26.2 25.6 25.2 26.4 25.9 25.4 25.5 25.9 26.1 26.4 26.2 25.7 25.2 24.6 25.6 26.9 27.6 28.6 29.9 30.6 30.5 30.2 30.7 30.9 30.7 30.3 30 30.1 30.1 29.9 29.5 28.9 28.6 29.2 30 30.2 30.5 30.7 30.6 30.6 30.9 31.7 34 35.7 35.6 38.3 36.8 36.9 35.1 35.1 35.6 34.8 33.5 32.6 32.2 32.2 32.4 31.5 30.7 30.3 30.1 29.8 31.7 32.2 32.1 32.3 32.8 32 31.8
26.4 27.5 28.8 28.2 27.6 28.4 27.9 26.8 25.4 25.5 25.6 27.1 26.3 24.8 25.6 24.5 24.5 24.6 25.8 25.9 25.8 25.3 25.2 25.3 26.1 26.3 25.7 25.2 24.9 24.6 25.3 26.4 27.2 27.5 28.7 30 30.6 30.4 29.9 30 30.2 29.9 30 30.1 30 30.2 29.9 29.3 28.8 29 30.1 29.8 30.1 30.4 30.5 30.5 30.3 30.6 30.9 34.2 35.2 35.5 37 37 36.8 36.6 34.8 37.9 38.7 34.4 34 31.4 31.1 30.7 30.3 29.9 29.2 29.5 30.1 30.8 29.6 31.1 30.4 32.1 31.8 31.4
26.5 27 28.6 29 28.2 27.4 26.4 25.7 24.2 24.3 24.2 24.3 24.3 24.7 25.9 25.1 24.5 24.6 25 25.6 25.4 25.2 25.2 25.3 26.1 26.2 25.2 24.8 25 24.9 25.4 25.2 27.6 27.6 28.9 30.2 30.7 29.9 28.8 29.1 29.4 29.6 29.8 30.2 30.2 30 29.7 29.1 28.9 29.8 30.2 29.5 30.2 30.7 30.8 30.3 30.5 30.8 31.1 34.8 34.7 34.8 36.6 37 37 35.9 35.2 38.6 37.1 34.1 33.7 30.5 30.1 29.8 29.4 29.1 29 29.1 30.1 30.1 30 30.9 30.9 31.3 31.4 31.1
26.6 26.9 28.5 29.8 27.4 26 27.3 24.3 24.3 24.3 24.3 24.3 24.2 25.1 26.3 25.9 26.1 25 24.9 25.5 25.4 26.2 26.5 25.6 25.7 24.9 25.3 24.7 25 25.5 25.4 24.6 26.7 28.3 29.2 30.3 30.7 29.8 28.6 28.9 29.2 29.5 29.8 30 30.1 29.8 29.5 29.3 29 29.7 30.5 30.5 30.7 30.6 30.3 30 30.8 31.1 31.1 35.6 34.6 34.2 38.2 37.1 37.1 33 36.4 37.7 35.8 33.8 33.2 29.5 29.4 29.4 29.4 29.4 29.4 28.7 29.4 29.6 30.1 30.4 30.6 30.7 30.7 30.7
26.7 27 26.3 29.8 26.1 27.3 24.3 24.3 24.3 24.3 24.3 24.2 24.4 25.6 26.4 26.1 24.2 24.2 25.4 25.1 24.6 25.1 27.2 25.5 25.6 25 26.1 25 25.1 26 25.9 25.6 26.9 28.3 29.2 30.2 30.8 29.6 28.7 29 29.2 29.4 29.7 29.8 29.9 29.8 29.3 29.2 29.1 29.4 30.2 30.7 31.1 31.2 30.1 29.7 30.4 31.1 31.6 36.1 34.2 33.3 34.5 36 35.6 32.5 36.5 36.6 35.4 34.1 33 31.2 29.9 30.2 30.6 31 31.2 28.2 28.8 29.4 29.6 29.8 30 30 30 30.1
26.8 27.1 26.6 29 30.1 25.4 24.3 24.3 24.3 24.3 24.2 24.2 24.5 25.8 25.5 24.8 24.1 24.1 24.1 24.4 24.8 25.5 25.3 25.4 25.8 25.4 25 26 26.1 26 25.8 26.2 27.3 28.2 29 29.9 29.6 29 29.1 29.3 29.6 30 30.6 29.9 29.7 29.7 29.6 28.6 29.1 29.2 30.6 31.1 31.2 31.1 30 29.5 30.2 31 31.8 35 33.4 33.3 31.7 33.5 33.6 33.8 36 35.7 35.1 34.2 33.2 33.1 31.1 32.5 32.8 31.7 30.5 28 28.9 29.3 29.5 29.7 29.7 29.8 29.9 30
27 27.3 26.8 27.7 30.5 25.2 24.3 24.3 24.3 24.3 24.3 24.6 25.8 25.6 24.1 24.1 24.1 24.1 24.1 25.4 25.5 25.8 25.8 25.8 25.8 25.3 24.6 25.2 26.1 25.9 26.3 26.7 27.5 28.3 29 29.8 29.6 29.4 29.4 29.7 30.1 30.7 31.2 30.9 30 29.7 29.6 29.2 29.6 30.3 30.5 31 31.1 31.1 30.3 30.1 30.8 30.9 31.9 34 33.2 33.2 33.3 33.4 32.7 34.3 35.2 35.1 34.5 34.1 33 31.5 30.6 31.7 31.8 30.2 30.1 28.8 29.1 29.3 29.4 29.5 29.5 29.6 29.8 29.9
27 27.2 26.8 25.8 31 31.1 25.3 24.3 24.3 24.3 24.3 25.6 24.9 24.1 24.1 24.1 24.1 25.1 24.6 26 25.8 25.6 25.6 25.6 25.5 25 25 25.6 26.1 25.7 26.9 27.4 27.6 28.3 28.9 29.7 29.7 29.6 29.8 30.1 30.5 31.2 31.2 30.2 29.7 29.8 29.8 29.4 29.9 30.1 30.3 30.7 31 31 30.8 30.8 30.8 30.8 32 33 32.7 33 33.4 34.1 32.4 34.2 34.3 34.5 33.7 33.2 32.1 30.5 30.2 31 30.5 29.8 29.5 29.1 29.1 29.2 29.3 29.3 29.3 29.4 29.4 29.6
26.9 26.8 26.6 26.1 31.1 32.3 25.8 24.3 24.3 24.3 24.5 25.9 24.5 24.1 24.1 24.1 24.1 24.1 25 25.2 25.6 25.8 25.4 25.6 25.5 25.6 25.8 25.9 25.7 26.2 27 27.2 27.5 28.2 28.9 29.6 29.3 29.6 30 30.4 30.8 31.2 30.7 29.9 29.7 29.8 30 30.1 29.9 30.1 30.3 30.4 30.6 30.7 30.8 30.8 30.8 30.7 31.9 32.3 32.1 32.2 33.1 33.1 32 33.4 33.4 33.5 32.8 32.3 31.4 30.1 29.8 30.3 30.4 29.6 29.5 29.1 28.8 28.7 28.7 29 29.1 29 29.1 29.4
26.7 26.6 26.2 26.7 31 33.5 31.1 25.7 24.3 24.3 26.1 26.1 25.8 24.8 24.1 24.1 26.2 26.1 26.2 25.3 25.9 26.1 25.6 25.3 25.5 25.7 26.1 25.7 25.6 26.2 26.8 27 27.6 28.3 28.9 29.3 29.4 29.5 30 30.2 30.1 31.3 30.6 30.1 29.6 29.7 29.7 29.9 30.2 30.1 30.2 30.2 30.3 30.5 30.6 30.8 30.9 30.8 31.7 31.7 31.7 31.4 32.1 31.5 31.4 32.6 32.4 32.3 32.2 31.9 30.9 29.2 29.3 29.4 29.5 29.4 29.1 28.7 28.4 28.3 28.4 28.7 28.8 28.8 29 29.2
26.6 26.7 25.6 28.6 31.4 34.2 32.6 29.8 26.4 25.7 26.3 26.7 26.2 24.8 24.1 24.1 26.1 25.7 26 25.1 24.4 26.8 26.1 25.8 25.9 25.6 25.6 25.5 25.6 26.2 26.6 26.9 27.7 28.5 29.2 29.6 29.6 30 30.7 30.4 30.1 31.4 30.6 29.3 29.5 29.5 29.8 30.1 30.4 30 30.3 30.2 30.3 30.1 30.6 30.8 30.9 30.9 31 30.5 31.1 31.2 31 30.1 30.6 31.4 31.4 31.6 31.7 31.6 30.6 29.2 29.2 28.8 29 29.2 28.4 28.3 28.2 27.8 28.1 28.4 28.5 28.7 29 29.3
26.4 26 25.3 29.2 32.1 34.9 34 30 26.7 26.1 26.4 26.8 26.5 24.1 24.1 24.1 25.9 25.7 25.9 25.5 24.4 25.3 26.1 26.2 26 25.7 25.4 25.2 25.7 26.3 26.7 27.5 28.1 28.7 29.9 29.9 30.3 31 31.5 30.8 30.6 31.5 30.1 29.1 29 29.3 29.7 30.5 30.4 30.2 30 30.3 30.7 29.9 30.4 30.7 30.7 30.8 30.5 29.3 30.5 30.3 31.7 30.8 30.3 30.7 30.3 30.9 31.2 31.4 29.6 29.5 29.4 29.3 29.3 29.2 28.1 28.3 28.2 28.1 28.2 28.3 28.4 28.8 29.1 29.4
25.6 24.5 29.9 30.6 33.8 35.4 35.5 28.7 30.7 26.3 26.5 26.3 25.5 24.5 24.1 24.1 25.6 25.6 26 25.9 24.9 24.5 25.3 26.2 26 25.7 25.4 25.2 25.7 26.2 25.5 27.8 29 29.8 30.3 30.9 31.3 31.5 31.7 31 30.9 31.8 29.8 28.9 28.7 29.1 29.5 29.9 30.3 30.3 30 30.2 30.3 29.6 30.6 30.5 30.4 30.3 30.1 29.4 32.3 32.6 31.4 30.7 30.4 30.5 30.5 30.7 30.8 30.4 30 29.6 29.4 29.3 29 28.9 28.7 28.6 28.4 28 27.9 28.2 28.5 28.4 28.4 28.9
24.6 27.8 30.9 32.7 33.9 35.5 37.3 28.2 26.4 30.7 26.5 25.9 25.6 25.1 25.6 25.6 25.4 25.6 26.1 26 25.3 24.9 25.4 26 25.8 25.5 25.2 25.4 25.6 26.5 27.5 28.5 29.4 30.3 30.9 31.4 31.6 31.6 31.5 31.2 31 32.5 29.5 29.4 29.8 29.9 29.9 29.9 29.9 30.1 30 29.9 30.2 30.6 30.2 30.3 30.2 30.3 29 32.8 32.3 31.2 30.5 30.5 30.7 30.8 30.9 30.4 31.2 30 29.4 28.5 29.6 29.5 28.6 28.9 28.8 28.7 28.6 27.7 27.6 28.2 28.6 28.5 28.4 28.3
27 29.9 33.1 34.2 33.9 33 32.2 26 28.3 28.3 29.2 26.2 24.9 25.4 25.6 25.6 25.4 25.6 26 25.5 25.7 25.2 25.6 25.6 25.5 25.3 25.1 25.3 25.6 26.6 27.7 28.6 29.6 30.6 31.2 31.2 30.8 29.9 29.3 31.2 30.1 34.7 29 29.1 29.6 29.7 29.8 29.9 30.1 30.1 30.3 30.4 32 30 33.3 33.2 33.8 34.4 29.6 35.8 36.5 36.9 35.2 34 30.8 31.7 31 31.6 32.6 32.9 32.6 30.8 30 29.6 29.8 30 28.8 28.9 28.8 28 27.7 28.3 28.7 28.6 28.5 28.5
29.3 31.5 34.6 36.9 35.6 29.4 27.1 26.9 27.9 27.2 27.3 27.7 25.5 25.6 25.6 25.6 25.9 26.3 26.4 25.7 25.7 25.3 25.4 25.3 25.2 25.1 25 25.1 25.7 26.9 28 29 29.9 30.8 31.4 31.4 30.9 30.9 30.6 30.7 30.8 35.5 28.9 28.9 30.2 30.3 30.4 30.3 30.6 30.7 30.7 30.9 31.2 31.5 31.4 31.9 32.8 28.5 34.4 33.4 32.8 33.7 33.1 34.4 31.1 36.5 35.9 35.3 34.6 33.7 32.8 32.2 31.4 30.6 29.2 31.4 30.1 28.8 28.9 28.7 28.4 28.4 28.8 28.8 28.7 28.6
28.8 30.5 33.8 36.6 39.6 28.2 26.4 27.7 28.1 27.5 27.2 27.1 26.6 25.4 25.6 25.8 26.3 26.5 26 26.3 24.7 24.6 25.2 25.1 25 25 24.9 24.9 26 25.5 28.1 29 29.9 30.7 31.2 31.1 30.4 29.8 29.4 29.4 29.4 31.5 33.8 31 28.8 29.1 30.1 31.7 33 33.4 33.9 33.6 31.3 30.6 30.5 30.7 30.5 29.5 30.2 30.3 30.8 30.5 30.1 30.3 30.6 30.7 31.4 31.7 31.8 31.9 32 31.6 31.1 30.6 29.7 29.1 28.7 28.3 28.1 27.8 28.7 28.8 28.8 28.9 28.9 28.6
27.7 28.9 30.2 33.6 30.9 25.1 28.3 30.2 29.5 28.6 27.8 27 26.6 26.8 26.7 25.7 25.6 25.9 25.7 25.9 24.7 24.6 24.9 24.9 24.9 24.9 24.8 24.9 25.9 27.4 28.3 28.9 29 29 29 29.9 34 33.9 30.6 28.9 28.4 28.2 30 30.8 31.1 31.2 32.2 30.9 32 32 32 31.4 30.7 30.6 31.3 30.4 30.3 30.2 30.2 30.3 30.2 30.1 30.2 29.9 30.5 31 31.5 31.4 31.4 31.2 31 30.9 30.8 30.3 29.7 29.5 28.5 27.5 28.5 28.4 28.2 28 27.8 27.6 27.5 27.5
28.4 29.1 29.8 30.5 28.1 31.8 31.6 31.4 31.2 30.4 29.3 28.8 28.7 28.4 28.2 28.2 28.1 28.4 24.9 27.6 27.7 25 28.7 28.7 28.8 28.8 28.8 28.7 28.9 28.8 28.6 28.7 28.8 28.5 28.3 28.9 30.8 30.7 30.1 29.6 30 33.8 30.3 31.2 30.8 30.5 30.2 29.6 31 31.7 31.1 30.5 30.3 31.2 30.6 31 31.3 30.5 30.6 30.4 30.4 30.3 29.9 29.8 32.4 34.1 35.1 33.9 34.8 34.2 32.4 30.9 30.7 30.3 29.8 30 28.8 28.3 28.6 28.3 27.8 27.6 27.7 27.8 27.6 27.3
26.5 26.5 26.2 24 25.1 30.7 36.3 41.8 36 33.9 33.4 33.2 32.2 31.5 30.8 29.1 28.7 28.8 27.9 27.7 27.8 25 28.1 27.4 27.5 27.7 27.8 28.2 28.3 28.3 30 30.8 30.8 30.6 30.4 30.4 30.2 30.1 29.4 28.9 29 32.2 32.3 31.5 30.6 29.8 29.6 30.7 30.9 30.9 30.9 31.2 31.1 31.5 31.8 30.5 30.2 30 30.1 30.2 30.3 30.1 29.9 29.9 32.6 33.4 33.8 31.1 31.4 31.8 31.5 31.4 31 30.4 30.6 35.2 35.5 35 34 28.9 28 27.6 27.8 27.8 27.8 27.7
26.6 25.8 25.4 24.5 26.6 32.7 36.2 40.2 42.1 37.5 37.3 36.9 35 30.4 27 26.8 25.8 27 31.6 31.2 26.8 24 24.5 24.5 24.4 24.5 24.4 24.5 24.5 24.4 24.5 30.6 30.6 30.4 30.2 30.1 29.8 29.6 29.1 28 28.9 30.8 33.6 31.7 30.2 29.6 29.8 30.5 30.6 30.2 30.4 31.1 31.4 31.9 32 31.5 30.6 30 30.2 30.3 30.3 31.3 29.7 30.8 25.4 30 30.2 29.1 31.8 31.8 31 32.8 34.7 32.3 31.7 30 29.9 29.8 29.4 29 28.2 27.8 27.9 27.8 27.7 28
25.5 29.1 26.1 26.1 29.5 34.1 36.2 39.1 37.9 38.1 38.8 35.1 29.6 28.9 30.7 26.5 25.7 30.9 33 31.5 24.4 24.5 25.1 24.5 24.5 24.5 24.4 24.4 24.5 24.5 24.6 30.5 30.3 30.1 29.9 29.7 29.5 29.3 28.7 27.9 28.7 29.9 33.9 30.7 29.4 30.2 29.9 29.5 29.4 30.6 31.2 31.6 32.2 32.4 32.2 31.5 31.1 30.4 30.3 30.4 31.1 31.7 29.6 31.3 25.4 25.4 30.2 30.7 31.8 31.3 32.9 35.7 35 30.9 35.4 29.1 29.1 29.1 28.9 28.8 28.6 28.3 27.9 27.7 27.7 28
24.9 24.8 24.7 27.6 30.4 34.2 35.9 41.9 39.2 40.2 35.2 29.1 30 31.9 28.9 24.3 27.4 31.2 31.9 31.7 24.9 24.1 24.5 24.4 24.5 24.4 24.5 24.5 24.4 24.4 26.4 30 29.9 29.6 29.4 29.2 29 28.8 28.3 28.2 29 29.4 29.4 29.5 29.2 29.3 29 29 28 30.8 32.2 32.7 32.3 32.1 31.5 31.1 31 30.4 30.1 30.4 31.5 31.4 29.3 31.1 29.9 25.4 30.3 29.8 29.6 30.9 30.5 30.2 30 31.1 32 29.1 29.2 29.2 29.1 29.1 28.9 28.7 28.3 27.9 27.6 27.8
24.1 24.5 24.6 28.4 29.8 33.3 35.5 40.4 39.6 34.4 28.4 29 30.8 28.6 25.2 24.6 29.2 30.3 31.4 30.8 26.6 25.9 26 24.7 24.4 24.4 24.5 24.5 24.4 24.5 30.4 29.7 29.5 29.3 29.3 29.2 28.7 28.8 28.6 28.6 29.2 30.4 29.8 28.9 28.9 28.9 28.9 28.6 27.1 29.9 31.9 33.6 31.7 31.1 30.8 30.6 30.3 30 30.3 30.3 31.4 31.1 29.5 30.8 29.8 30.3 30.4 29.6 29 30.7 29.9 29.5 29.3 29 28.8 29.1 29.2 29.3 29 29 28.9 28.7 28.3 27.9 27.3 26.9
