app/static/ascii/TQ11.asc
ncols 200
nrows 200
xllcorner 510000
yllcorner 110000
cellsize 50
[rows 156 to 194 of 200, columns 88 to 175 of 200]
98.3 95.8 92.3 88.1 81.9 77.4 74.5 73.4 70.7 68.4 66.3 65.7 66.1 67 66.6 65.5 62.3 61.4 61.3 61.1 58.5 54.5 52.1 49.8 47.7 45.8 44.5 43 40.8 39.3 37.9 38.1 37.7 35.5 31.4 35.4 42.5 43.3 42.9 40.3 38.5 38.3 38 37.7 35.3 31.9 28.2 24.5 22.5 21.4 19.7 19.3 18.2 17.4 17.5 19.1 19.1 18.1 17.7 16.9 16 15 14.2 13.9 13 12.2 10.3 7.5 7.2 9.4 9.2 8.6 7.6 5.9 3.9 3.6 7.1 10.6 10.4 10.5 10.9 10.4 9.1 8.2 6.7 5.6 4.4 2.8
106.1 102.9 100.2 91.2 84 79.3 77.2 75.1 73.3 70.3 67.8 66.6 68.1 68.8 68 65.5 64.5 64.5 64.6 64 62.7 59.8 56.8 53.9 50.1 47.5 45.7 43 40.4 38.5 36.3 35.8 35.2 33.7 35.7 41.7 44.4 44.7 43 40.2 38.4 37.1 36.4 36.1 35.3 33 29.4 26 24.2 23 21.5 20.6 19.9 19.9 20.2 20.9 20.8 19.7 18.7 18 17.1 16.2 15.4 14.5 13.6 12.7 12.3 10.8 7.4 6.2 8.6 9.2 8 6.7 4 3.3 4.8 9.7 10.6 10.7 10.7 10.5 9.7 8.9 7.8 6.7 4.9 3.1
115.2 107.4 99.4 91.1 86.4 84.6 82.4 80.3 77 73.2 69.5 68.5 70.8 71.1 68.8 67.1 68.2 69.2 67.7 66.9 64.7 62.2 59.1 55.1 51.5 48.5 46.1 43.8 41.2 38.1 35.9 34.5 33.3 34.3 39.8 44.3 46 45.8 43.7 40.3 38.1 36.7 36 34.9 34 33 30.5 28.3 26.8 25.5 23.6 23 22.6 22.4 22.6 22.3 21.7 21 20 18.9 17.7 16.5 15.7 15 14.1 13.5 12.8 11.9 10.6 7.7 6.8 7.8 8 5.9 4.2 3.4 4 8.7 10.6 10.7 10.3 10.2 10.3 9.5 6.9 6.8 5.1 3.3
119.6 106.7 97.9 94.5 95 94.3 91 86.5 81.3 75.6 71.7 71.5 74.2 73.8 71 71 73.3 72.9 70.4 68.3 65 61.9 58.5 54.4 51 48.7 47.8 46 43.8 40.4 36.9 36.2 35.8 35.7 39.1 43.5 46.5 47 44.3 41.2 38.6 36.8 35.4 34.3 33.4 32.7 31.5 30.1 29 27.9 25.9 25.2 24.6 24 23.5 22.8 22.2 21.1 20.2 18.9 18 16.8 15.8 15.1 14.4 13.7 12.8 11.4 10.9 9.8 7.6 6 6.7 6 4.7 4.1 3.7 8.3 9.4 10.1 9.6 9.3 9 8.3 6.5 6.5 5.2 3.3
125.7 115.1 111.7 111.8 108.5 103 96.9 90.4 83.1 76.8 72.9 74.3 76.8 76.6 73.7 73.9 75.8 73.6 70.8 66.1 62.1 59.7 57.2 54.8 52.4 50.5 49.4 47.7 44.3 40.5 37.5 37.7 39.2 38.6 38.4 41.5 45 46.1 44.2 42.1 39.7 37.6 35.9 34.3 32.8 31.2 30.2 29.8 29.5 28.5 27 26 25.3 24.7 24 23.2 22.3 21.3 20.3 18.5 17.8 17.2 16.1 15 14.5 13.2 12.2 11.4 10.4 9.2 7.4 6 6.7 5.8 4.2 3.6 3.7 5 6.9 8.8 9.7 9.4 9 6.7 6.1 3.7 3.2 2.1
142.8 133.8 128.1 126.1 117.8 107.7 98.7 90.3 81.8 76.8 73.4 75.7 78.8 78.7 75.8 75.9 76.4 73.5 70.3 63.6 58.2 54.9 53 51.8 50.4 48.8 47.1 44.7 41.3 39.2 37.8 40.4 42 41.4 40 41.9 43.8 44.2 43.4 41.8 39.1 37 35.2 33.5 31.5 30.3 29.6 28.5 28.2 28.1 26.6 26.5 25.5 24.5 23.6 22.8 21.8 20.9 19.9 18.8 18 16.4 16 15.1 13.8 12.6 11.5 10.6 9.7 8.4 7.5 7.3 6.7 6.3 4.6 3.4 3.4 3.3 6.6 8 9.1 9.2 8.6 5.6 3.3 1.9 1 0.8
160.6 147.4 135.8 128.4 119 106.1 96.2 86.7 80.5 76.1 74.7 76.3 80.2 80.5 78.3 78.2 77.6 74.5 70.7 62.2 56.1 52.9 51.3 49.8 47.2 44.1 42.9 41.2 40.2 39 39.7 42.7 44.4 43.1 41.8 42.5 43.6 43.4 41.7 40.1 38.4 36.4 34.7 33.3 31.6 30.1 29 27.9 27 26.9 24.9 25.1 24.7 23.9 23 22.6 21.7 20.7 19.8 19 17.4 16.4 15.3 14.3 13.8 12.3 11 10.1 9.8 9.1 8.6 7.7 7 7.3 5.3 3.9 3.2 2.9 5.4 5.4 5.9 5.9 4.8 2.5 1.8 2.1 1.3 0.9
169.8 152.3 136.1 123.4 108.4 97.8 89.2 83 78.9 76.5 75.4 77.1 81 82.6 80.7 80.6 80.6 77.8 71.7 60.8 57 55.2 53.5 51.8 51.6 51.5 47.9 45.8 44.6 42.8 42.2 44.2 46.4 45.5 44.6 43.9 44.3 43.1 41.3 39.5 37.9 36.3 34.8 32.7 31.8 30.3 29.1 27.8 26.3 25 25.2 25.4 24.9 23.7 22.9 22.6 22 21.2 20.1 18.6 17.2 16.3 14.9 14 13.4 12.4 11.3 10.3 10 9.9 8.9 7.9 7 6.3 6.3 3.7 3.9 2.5 2.9 2.2 2.5 2.3 1.8 1.3 1.5 1.3 1.5 1.3
173.5 149.9 128.5 111.3 101.1 93.9 86.3 82.4 79.7 77.3 76.8 78.1 82.4 84.8 83.9 83.3 84.4 82.2 73.2 63.2 64.8 70.9 70.4 67.3 66.2 62.1 55.8 53.8 51.1 48.1 45.5 46.8 47.9 47.9 47 45.6 44.1 42.9 41.5 39.9 38.1 36.5 34.8 33.2 31.8 30.1 29.1 27.1 26 25.5 24.4 23.6 23.4 23 22.9 22.3 21.8 20.8 19.7 18 17.1 15.9 14.8 14.2 13.6 12.9 11.9 10.8 10.2 9.3 8 7.5 6.3 6.1 7.4 4 6.8 6.4 3 2 2.1 1.4 1.2 1.3 1.2 1.9 2.3 1.6
175.5 149.8 130.3 117.1 107.1 94.3 87.3 84.3 82.1 79.5 79 82 88.7 91.3 89.4 88.2 89.1 85.5 76.3 81.5 84.8 88 87.4 84.2 79 72.4 66.3 61.8 56.8 51.9 49.1 49.9 50 49.7 47.6 45.9 44.5 42.5 40.9 39.5 38.1 36.4 34.7 33 32 30.6 29.2 27.7 24.7 23.5 23.7 22.8 22.4 22.2 22.2 21.6 21 20.4 19.5 17.6 16.8 15.9 14.8 14.2 13.8 13.5 12.6 11.4 10.5 9 7 6.1 4.6 3.6 9 5.6 7.4 6.4 3.4 2.5 1.9 1.4 1.2 1.3 1.2 2.6 2.7 1.9
178 155.4 135.7 118.6 104.8 94.7 90.4 90.1 86.5 82.5 82.1 88.6 96.6 98.2 95.3 95.3 97.9 92.8 96.7 98.6 102.3 102.9 100.7 95.1 88 79.2 72.2 64.9 58.6 54 52.6 53 52.3 50.4 48.1 46.2 44.1 41.8 40.3 38.8 37.3 36.3 35.2 33.6 32.4 31.1 30 28.9 27.4 25.5 24.4 23 21.4 20.5 19.4 20.1 20.2 19.6 19 14.9 16.1 15.6 15.1 14.8 14.5 14.5 13.3 11.7 10.3 8.9 6.7 5 3.1 3 8.3 6.5 6.2 4.3 4.4 4.1 3.7 3.3 2.4 1.9 3.1 3.3 3.5 3.2
179.9 157.2 133.6 116.6 103.6 97.6 98.4 98.1 91.5 86.1 86 92.2 100.7 103.9 100.9 101 104.7 110.3 115 116.7 116.9 114.5 109.3 100.9 91 80.5 71.8 65 59.6 56.8 55 54.1 52.8 50.4 47.6 45.6 43.7 42.4 40.5 38.9 37.4 36.9 36.7 36.3 34 31.9 30.7 29.2 27.4 26.6 25.2 23.8 22.5 20.2 18.4 14.8 17 18 17.7 15 16.3 16.2 15.8 15.6 15.3 14.2 13.4 12.1 9.9 8.2 5.9 3.9 3.9 3.1 5.8 6.4 4.3 5.8 6.2 6.2 5.3 4.4 3.6 2.3 4.2 4.4 4.1 3.7
183.8 160.7 138.2 119.3 107.4 105.7 104.8 99.4 92.7 89.7 92.4 95.5 102.8 109.5 108.3 108.8 116.2 125 129.5 131.8 128.7 121.9 112.8 101 88.1 75.2 70 65.8 61.4 58.3 55.9 53.8 51.9 49 46.9 46.2 45.3 44 44.1 42 41.4 41.3 41.7 40.5 38.1 35.4 32 29.9 27.9 26.5 25.1 24 22.3 20.4 19.2 17.1 15.6 12 14.5 13.4 15.1 15.6 15.5 14.8 14.4 13.9 13.1 11.9 9.3 7.3 4.9 4.6 4.4 4.5 6.1 7.1 7.8 9.2 8.9 8.9 7.4 6.2 4.8 3.3 5.1 5.3 4.7 3.7
187.2 165.7 140.7 122.3 115 110.4 104.3 98.7 95.1 97 101.6 102.6 107.1 115.5 121.2 128 134.7 141.3 145.9 144.2 137.3 125.6 111.2 95.1 78.8 72.1 68.7 65.8 63 58.6 55 51.8 50.2 49.2 48.8 49.3 49.2 49.3 49.5 49 49.2 49.1 49 46.3 43 38.5 34.7 31 27.6 25.7 24.4 23.2 21.8 19.6 18.1 17.3 15.7 12.6 11.6 11.2 13 13.8 12.8 13 12.4 10.7 11.4 11.7 8.3 6.5 4.7 4.8 4.8 5.3 7.4 10.5 11.5 11.3 11.3 9.9 8.4 7.1 5.6 4.8 6 6 5.4 3.5
193.1 175.2 152.6 139.9 129.1 118 111.6 107.3 103.2 107.2 115.8 118.2 122.5 131 141.3 149.3 155.5 158.9 159.7 153.2 141.7 124.9 105 85.3 73.7 68.6 65.7 63.2 60.3 56.7 54.4 52.1 51.4 52.1 54.4 55.9 56.7 57.4 58.2 58.4 58 57 55.1 51.2 42.5 40.7 36.9 31.9 27.7 24.9 23.5 22.3 20.7 18.3 17 17.5 16.7 15.3 13 11.1 11.1 10.9 11 10.7 9.8 9.2 8.9 9.1 7.8 6.2 4.8 5 5.5 7.2 8.8 10.9 12.1 11.6 11.1 10.2 8.7 7.5 6.4 6.4 6.9 6.5 4.5 2.4
200.2 188 174.3 161.2 148.4 137.6 129.8 122.7 117.9 123.9 133.3 139.6 144.6 150.5 155.9 166.9 173.1 175.5 171.6 160.3 142.8 119.5 94.8 79.6 73.2 68.1 64 61 58.1 57.6 55.8 53.6 54.5 59.6 63 65.9 66.9 67.6 67.6 66.7 65.3 63.4 59.5 53.7 48.5 42.8 37.2 31.2 26.6 24.2 22.1 20.8 19.7 17.6 18.8 19.1 18.4 17.2 15.7 13.2 11.3 11.2 12.8 12.6 12.1 11.7 10.3 8.8 7.5 8 7.5 6 7.2 9.2 9.8 10.5 11.6 10.7 10.2 9.4 7.9 7.2 7.1 7.4 7.2 6.3 4.7 3
205.3 198.9 189.7 180.7 170.4 160.8 153.5 145.3 138.8 146.1 152.1 158.9 165.2 171 177.3 184.2 188.9 190.8 183.1 165.6 142 114.3 95.5 86.7 76.6 70.7 65.8 62.7 60.4 60.7 58.5 56.2 59.6 66.4 72.4 76 77.1 76.6 75.1 71 68.8 65.9 61.6 55.2 45.7 40.1 34 29 25.2 22.9 21 19.3 18.3 19.1 19.6 19.6 19.5 18.2 16.6 15 14.3 13.3 15.4 16.3 15.1 15.2 14.2 12.6 11.5 11.4 8.2 6.6 7.5 9.5 9.3 10.2 11.3 10.8 10 9 8.5 8.4 8.6 8.8 8.5 6.8 5.5 3.6
207.6 204.9 201 195 187.7 181.1 174.4 168.5 166.4 166.9 172.3 178.2 183.8 187.9 194.6 198.3 200.8 201.4 192.8 171.7 144 125.1 110.9 97.7 83.3 76.2 69.4 65.6 64.8 63.5 60.1 59.7 65.5 75.5 82.7 86.7 87 83.8 76.6 71.5 69.8 63.1 52.1 42 36.9 32.9 29.8 27 23.3 21.6 20.9 20.2 20 20.3 20.1 19.9 19.2 18.2 17.4 16.8 17.4 17.1 16 17.5 17.3 16.7 16.1 14.5 13.2 11.6 7.4 7.1 8.5 10.2 13.6 9.7 11.9 11.4 10.8 10.3 10.7 10.6 10.9 10.5 9.2 7 5.5 3.9
207.9 208.1 206.1 202.8 199.8 195.2 190.7 186.8 185.2 186 189.5 192.7 195.5 199.1 202.9 206 207.2 206.3 200.1 181.9 159.6 139.7 120.2 108.1 95 82.1 73.6 69.6 71.4 66.9 64 65.4 73.4 86.5 92.7 94.4 91.5 84.3 73.6 66 58 46.9 37.7 33.2 30.7 25.2 26.5 25.1 21.3 22.3 24.4 23.9 24 22.3 20.7 19.6 18.8 18.2 17.4 18.2 18.9 19.2 18.5 18.6 18.4 18.3 17.2 15.5 13.9 11 7.5 8 10.6 11.1 14 9.7 13.7 12.6 12.2 12.2 12.2 13 12.9 12.2 10.1 7.5 5.6 4.3
207 209 209 207.4 205.2 203.2 201.4 198.4 196.9 197.1 198.1 200 203.2 205.8 207.9 209.8 210 207.8 202.4 191.6 174.2 152.8 131.6 117.1 100.7 91.1 84.4 82.3 78 71 69.3 76.1 87.6 98.6 103.5 101.9 94.7 81.5 66.6 53.7 41.7 36.9 35.1 33.6 32.8 32.2 30.8 31.4 32.1 32.1 31.6 29.8 28 26.1 24 21.7 20 18.8 18.6 19.6 20 20.3 20.3 19.6 19.3 18.7 17.8 15.6 13.6 10.5 8.8 12.1 14 15 14.9 14 15.5 14.3 14.3 14.3 14.3 15.4 14.9 12.6 8.6 4.3 1 1
205.9 208.7 209 208.2 206.3 205.7 204.1 202.3 201.1 201.2 201.8 203.2 206.1 208 209.5 210.2 210.2 207.9 203.3 196.9 185.9 167.5 147.2 126.1 105.7 95.2 98.3 93.8 85.1 79.2 83.2 93.8 104.3 111.9 114.1 109.4 97.6 77.4 56.1 46.1 42.3 43.5 45.2 46.9 46.6 47 48 47.5 45.6 43.4 40.3 37.2 33.9 31.3 28.2 25.4 23 21.3 20.4 20.9 21.3 21.5 21.7 21.1 19.4 17.6 16.1 14.9 13.4 9.7 11.3 15.1 16.9 17.1 16.9 17.4 17 15.9 16.2 16.4 16.7 17.5 15.9 12.6 6.7 0.6 0.6 0.6
205.3 207.2 207 205.7 204.5 204.2 203 201.4 200 200.2 200.9 203.2 205.4 206.9 208.4 208.6 207.8 205.9 203.3 199.1 192.9 179.4 160.5 137.2 116.4 115.1 111.8 102.7 92.8 87.2 99.7 110.9 119.8 124.8 124.5 117.7 103.2 77.8 66.7 64.1 63.9 63.8 63.7 66 66.1 63.3 60.3 56.5 52.4 49.4 45.1 41.9 38.7 35.2 32.4 29.4 26.4 24.2 22.5 22.3 22.5 22.7 22.6 21.6 19.5 16.6 13.3 11.6 10.3 9.9 14.6 17.6 18.4 17.9 17.6 17.5 18 17.5 17.9 18.4 18.9 18 15.7 11.4 4.7 0.6 0.4 0.6
203.7 205.3 203.8 202 200.7 200.2 199.6 197.9 196.8 196.8 198 199.9 202.3 204.3 205.6 205.4 204 202.2 200.3 199 196 188.8 173.4 149.5 140.1 136 128.8 117.1 105.1 104 114.2 126 133.9 136.4 134.1 127 115.2 101.4 92.7 88.2 85.2 82.4 78.7 75.5 72.4 68.2 63.9 59.7 56.4 52.7 48.5 44.5 40.9 37.9 34.9 31.8 28.7 26.7 24.8 23.7 22.4 22.5 21.8 19.4 17 15.2 12.7 10.9 11.6 13.2 16.7 19 19.2 18.6 17.9 17.5 12.8 16.7 17.3 18 17.4 15.5 12.4 8.3 1.1 0.5 0.7 0.4
203.3 202.2 199.9 196.9 195.5 194.9 194.2 192.9 191 190.8 191.8 195.2 198.6 201.9 202.6 201.7 199.8 197.5 196.4 196.5 195.8 193.2 184.9 172.5 164.1 157.3 149 138.2 123.3 127.5 133.2 141.3 145.7 145.4 141.1 134 124.7 116.3 106.4 99.4 94.9 90.5 85.1 79.5 73.6 68.5 62.8 60 56 51.9 48 43.8 40.5 37.2 34.7 32 29.2 26.2 25.4 24 23 20.6 17.8 16.2 15.8 17.3 16.9 13.4 11.6 16.2 18.7 20.4 19.5 18 15.2 13.5 8.4 14.4 14.2 14.5 14 12.6 10.7 5.4 0.8 0.3 0.6 0.3
201.2 198.9 195.6 191.5 187.9 188 188.3 186.4 183.9 183.1 185.1 190.9 196.5 199.4 199.5 197.3 194.7 191.8 190.7 191.2 192.3 192.6 191.7 188.1 182.4 176.1 168.7 160 152.1 151.8 153.1 155.1 153.8 148.3 142.4 135.9 128.1 115.5 105.6 98 93 87.7 81.8 75.9 70.4 65 59.3 56.5 53.1 49.1 44.7 40.6 37.6 34.8 32.2 30.1 28 27 25.9 24.2 23.8 20.7 20.7 19.8 21.3 21 18.4 14.8 15.4 19.3 20.8 20.4 18.4 15.7 12.4 10.3 9 9.2 10.4 10.7 10.6 10.9 9.7 3.6 0.8 0.9 1 1
199.1 195.4 190.4 184.8 179.7 180.5 181.6 179.5 176.7 175.5 181.5 189.7 194.4 196.8 195.9 192.6 189.4 186.6 183.3 185.6 187 188.9 190 191 190.2 187.6 183.9 179.6 174.4 173 170.1 165.1 157.9 147.1 135.6 125.3 113.3 103.6 97.1 91 85.6 80.8 75.8 69.5 63.8 59.7 55.8 51.5 48.6 44.6 40.6 37.1 34.7 33.1 31.9 30.6 29.6 28.9 27.9 27.2 26.6 25.9 25.4 24.9 24.2 22.6 19.8 15.8 18.3 21.2 21.2 18.7 15.8 12.7 9.6 7.5 7.3 7 7.3 8 8.6 10.6 9.6 2.5 0.7 0.6 0.9 0.8
196.8 191.8 185.7 179.2 172.7 172.2 174.6 172.9 169.5 172.7 182.7 189.1 193 194.1 191.8 189.1 185.7 180.4 176 178.6 181 184.4 187.3 189.9 191.9 192.3 191.3 189.9 189.2 189.3 183.8 171.2 156.2 138.5 121.4 107.8 95.1 86.2 81.6 77.6 73.1 69.4 64.9 60.7 55.8 50.6 47.1 44.3 42.5 39.9 38.1 37 36.2 34.3 32.8 32.3 32.2 32.4 31.2 30.2 29.3 28.3 27.1 26.4 25.2 23.6 19.5 17.6 20.4 21.5 19.6 16.3 12.6 9.6 7.2 5.4 4.6 7.2 5.4 6.2 8.5 11.1 11.2 3.9 0.6 0.7 0.9 1.5
195.1 189.4 180.8 172.5 165.1 163.1 166.3 163.4 165.5 176.4 184 188.7 191.4 190.6 188.3 185.3 181.5 176.4 167.2 171.3 175.3 178.7 182.8 187 190.7 193.3 194.6 195.2 195.3 195.7 192.9 175.2 152.3 127.2 107 94.3 85.1 77.7 72 67.5 62.9 59.2 55.5 51.7 48.1 45.6 44.6 41.8 39.6 39.1 40.5 41.1 39 36.7 35 34.1 34 33.5 32.9 32.1 30.8 29.4 28.2 27 25.7 23.5 19.6 18.5 21 20.7 17.4 12.9 9.7 7.3 5.4 3.9 3.3 4 5.2 5.5 8.2 13.4 16.2 5.9 0.5 0.5 1.1 0.6
193.2 187.4 178.6 168.6 158.1 154.2 156.4 159.9 169.8 177.5 183.7 187.5 189.1 187.4 184.5 181.1 177.1 172 164.1 164.2 169.3 173.7 178.9 183.7 188.2 191.6 193.7 195.8 196.8 197.6 194.4 179.2 155.9 135.2 119.6 104.8 92.3 84 75.9 68.9 61.9 57.1 51.6 47.9 45.8 46.9 46.3 43.6 41.7 43.9 45.5 44.9 40.8 38.6 36.4 34.7 33.3 32.4 32.4 32.3 31.5 30.3 29.1 26.8 24.8 21.4 19.5 19.6 20.5 19.3 15.9 12.7 8.8 6.1 4.3 2.7 2.4 2.4 6 5.6 10.3 16.7 26.9 12.3 0.4 0.5 0.7 1
191 184.2 176.4 165.7 153.3 148 153.1 162.6 169.9 176.9 181.9 185.8 185.9 183.8 180.3 176.4 172 167 159.4 155.8 161.8 168.6 175 180.8 185.2 188.4 190.6 192.4 195 196.3 194.2 184.5 165.9 146.7 128.7 112.6 97.6 87 78.7 70.7 62.6 56.1 50.7 48.6 48.8 48.3 46.9 45.7 48.2 50.4 49.1 46 42.5 40 37.7 34.7 32 31 30.1 30.7 30.9 30.4 29 26.3 22.9 20.8 20.2 21.1 21.1 19.4 16.9 13.1 9.4 5.8 3.7 1.6 1.7 1.9 2.9 7.2 10.7 17.4 25.1 18.5 2 1.1 0.5 0.6
189.1 183.1 175.6 164.4 149.7 144.9 153.5 161.3 168.5 174.9 180.3 183.2 182.8 179.6 175.7 171.7 167.1 162.4 156.3 148.1 155 164.3 171.8 177.6 181.7 184 185.9 188 191.2 193.7 193.3 187.2 170.9 152.3 131.9 113.3 96.8 85 75.8 67.5 60.3 54.8 52.4 54.2 54.8 55 56 57.8 57.5 54.1 49.9 46.4 42.2 39.4 38.2 34.4 31.8 29.8 28.2 28.4 28 28 26.6 24.4 22.7 22.1 22.1 23.3 22.6 19.9 17.4 14.3 10 6.4 4.2 2.5 1.8 1.3 2.1 5.4 8.6 13.1 23.4 24.3 5.5 1.2 1.6 0.5
187 181.2 173.5 161.1 146.2 143.6 151.8 159.2 166.2 172.6 177.9 180.6 179.4 175.1 171.2 166.7 161.7 156.9 151.4 143.9 151.4 161.3 169.2 174.3 177.5 179.3 180.6 182.8 187.2 190.5 191.7 186.9 173.3 153.9 131.9 110.3 94.6 82.9 74.9 66.3 60.2 58.8 59.9 64.8 66 68.6 70.8 69.4 64.3 56.7 48.7 45.6 40.3 37.8 36.4 33.7 31.2 29.3 28.3 27.4 26.3 25.2 24.8 23.4 25 25.5 26.1 26.3 25 22.1 18.7 14.8 11 7.7 5.3 3.9 3.8 4.3 3.4 2 5.4 9.8 15 15.1 7.4 2.7 3 1.1
184.8 179 171.4 158.9 142.7 140.8 148.8 156.4 163.4 169.7 174.7 177.3 175.7 171.5 166.5 161.2 156.2 151.3 145.4 139.2 149.5 159.4 166.3 170.7 173 174 174.8 177.8 182.5 187.6 190 186.4 175.2 152.8 128.9 108 91.3 81 72.3 66.2 66.2 70.6 73.3 77.4 79.9 82 82.8 79.1 65 58.3 46.9 45.1 39.7 36.8 35.1 33.1 31.3 30.2 29.6 28.2 26.4 25.6 25.6 29.7 32.2 31.4 30.3 29.3 26.6 22.4 18.4 15.3 11.8 8.3 6.7 7.1 8.7 9.2 7.5 6.5 3.5 6.4 9.2 8.3 5.2 1.9 1 1.2
182.7 176.8 169.4 158.1 142.1 136.5 145.3 153 160.1 166.4 171.3 173.8 171.9 166.7 161.8 156.2 150.9 146.2 139.1 136.8 148.3 156.7 162.7 166.5 167.2 167.5 168.2 172.5 178.8 185 188.7 186.9 177.5 153.2 132.1 114 99.7 84.6 76.3 73.9 80.9 86.5 88.6 91.1 95.7 97 99.6 92.6 80.4 68.3 56.4 47.1 42.4 39.3 37.4 36 34.4 34.2 34 32.1 30.1 31.5 35.4 40.5 38.4 35.8 32.8 30.1 27 23.1 19.3 16 12.5 10.8 10.4 12.4 14.8 14.4 12.9 10 6.5 6.7 7.1 4.4 1 1.1 1 0.8
180.5 174.5 167.3 157.2 143.1 132.9 140.6 149 156.1 162.5 167.9 170.2 168.1 163.3 158 151.7 145.4 140.7 134.6 135.4 146.4 153.9 159 161.2 161 160.1 161.4 168.9 177.2 183.4 188.5 187.2 182 167.6 150.3 132.1 113.6 93.3 93.7 95.4 96.7 101.3 105.2 108.3 111.3 116.7 114.7 109.3 97.8 84.2 71.2 60.3 54.8 50.3 47 44.8 42.6 41.9 40.1 38.5 37.2 40.2 42.6 42.5 41.7 38.3 32.4 29.5 26.1 22.5 19.8 16.9 15.5 15.6 16.6 19.2 19.8 18.4 15 10.7 6.9 4.2 3 3.4 0.6 0.7 0.2 0.3
178.2 172.3 164.9 156.3 142.8 130.7 135.9 145.3 152.8 158.8 163.8 166.6 164.7 159.6 153.8 147.1 140.5 134.6 130 133.7 144.2 149.9 153.4 154.9 153.8 153 158.1 170.1 178.1 184.4 188.2 188.1 184.3 177.7 163.6 145.3 123.8 114.5 111.3 110.3 110.7 116.7 121.7 126.1 130.5 132.3 128.9 122.1 110.9 95.8 80.4 73.3 67.8 63.3 61.7 60.7 58.4 56.6 51.6 49.9 49 47.8 46.1 43.8 45 42.3 35.8 31.8 27.9 23.8 21 19.4 19.8 22 23.6 24.2 23.4 21 15.9 10.6 5.9 3.1 1.4 3.4 1 0.2 0.1 0.6
175.8 170.1 163.6 155.7 144.4 130.9 131.5 141.1 148.8 154.5 159.7 162.5 161 155.3 149.4 141.8 135.1 129.6 125.2 131.7 140.1 144.9 147.2 147.3 147 151.7 162.9 173.1 180.1 185.2 188.2 188.8 186.1 181.4 174.5 160.1 145.4 136.1 128.1 125.5 129.1 135.3 142.5 146.8 147.3 144.2 137.4 127.4 115.9 101.3 85.3 78.5 73.6 71.1 70.2 70.1 70.2 69.8 69.2 67.5 65.4 53.2 46.5 47.1 50.1 50 42.9 36.5 32 27.9 25.8 23.4 24.7 26.9 27 25.2 23.8 21.2 14.5 10.1 5.5 2.5 1.7 1.4 2.8 0.4 0.7 0.2
173.3 167.6 161.4 154.6 145 132.7 127.5 136.3 143.4 149.9 155.7 158.6 157 151.7 144.6 136.8 128.9 124.5 120.6 125.6 131.4 135.7 137.7 140.5 148.4 159.4 169.2 176 181.7 185.3 187.4 187.8 186.7 183.6 178.9 174 165.6 157.7 150.1 148.7 151.4 156.6 158.7 158.2 155.3 148 139.2 127.4 107.5 99 89.5 80.3 74.8 72.1 71.4 72.5 74.3 76.4 77.3 76.1 74.1 65.5 60.8 60.1 60.3 54.1 47.9 40.3 35.2 30.7 28 25.3 26.1 27.2 26.6 25.5 22.9 20.4 15.9 14.9 13.2 9.4 5.6 2.9 2.6 2.3 2.1 0.2
170.6 165 158.7 152.4 144.9 135.3 124.7 128.9 137.8 145 151.4 154.8 153 147.3 140 131.8 122.5 117.9 123.4 129.9 133 137.3 143.1 149.5 159.2 166.4 172.3 177.6 182.2 184.7 185.6 185.8 185.3 184.4 182.2 178.9 175.9 172 168.9 167.9 167.6 167.5 166.2 162.2 155.4 145.9 133 117.9 106.1 97.8 86.8 78.4 72.7 69 69.4 71.3 74.2 77.2 78.8 78 75.5 72.7 69.4 65.6 61 55.2 49.5 42 35.6 31.6 27.2 25.1 23.1 26.4 26 25.1 24.9 23.4 21.5 20 18.4 16 12.5 8.4 5.9 4.1 1.6 1.8
