app/static/ascii/TQ15.asc
ncols 200
nrows 200
xllcorner 510000
yllcorner 150000
cellsize 50
[rows 111 to 147 of 200, columns 84 to 167 of 200]
85.3 86.6 87.7 88.8 90.1 91.8 93.4 95.7 97.5 99.2 101.2 101 101.1 98.4 94.6 89.6 82.3 75.6 77.2 85.1 90.6 94 94.6 92.4 88.5 82.2 83.3 90.7 94.9 98 100.2 104.1 107.9 111.9 115.6 117.4 117.8 114.7 108.2 100.5 90.2 80.5 70.9 62.4 55.1 33.7 33.3 32.9 33.6 34.5 35 36 38 41 45.3 50 52.6 48.9 46.8 49.2 50.6 54.4 62.9 75.5 83.7 88.5 88 87.3 85.9 87 93.2 98.5 101.3 105 106.7 105.2 99.9 99.3 101.1 103.9 109.8 112.4 115.7 121.1
87 88.6 89.8 90.7 91.7 93.1 95 97.5 99.3 100.9 101.6 101.7 100.8 96.9 93.1 88.1 80.3 78 80.9 90.3 95.7 98.2 99 98.6 94.2 86.8 88.3 91.6 96.8 100.8 104.2 108.1 111.7 115.1 118.2 119.6 118.5 114.1 108.8 101.9 91.5 81.9 72.6 62 57.4 34.4 33 32.9 32.9 33.5 34 34 35.5 37.7 40.8 42 44 44.1 46.8 52.5 50.2 49.2 56.8 68.1 77.9 81.4 80.6 76.1 73.4 77 85.1 91.8 97.7 100.9 99.4 95.7 94.6 101.2 106.6 111.7 117.2 120 121.5 123.4
89.3 90.5 91.8 92.7 93.6 94.6 97.1 99.4 101 102.3 102.8 101.6 100.1 95.9 91.8 85 80.8 79.2 83.2 91.7 98.8 101.6 102.7 101.9 99.2 91.4 94.3 95.4 98.5 104 108.2 111.7 114.6 117.3 120.4 121 119.2 115.2 109.7 102.2 90.5 80.7 70.3 59.7 53.4 38.5 32.9 32.9 32.9 32.9 34 34.1 34.4 34.9 35.6 34.9 34.7 39.6 46.8 55.1 56.7 54.8 54.6 62.2 70.1 73.3 71.3 67.7 70.9 74 74.6 82.6 91 92.6 90.4 91.9 100 107.2 113 118.8 122.3 126.2 129.4 131
90.8 91.4 93.8 94.7 95.7 97 99.5 101.3 103.1 104.5 105 103.2 99.7 95.3 89.8 83.6 81.8 84.3 83.5 91.1 99.4 103.1 105.8 105 102.3 95.3 98.5 101.9 101.5 107.1 111.8 114.5 117.2 119.7 120.8 121.1 118.7 116.2 110.2 99.6 87.7 77.1 64.4 54.9 49.3 42 33.8 32.9 32.9 32.9 33.6 34.2 34.4 34.9 34.5 33.8 33.4 33.7 37.6 46.4 57.2 57.1 54.3 56.8 61.8 64.3 64 68.2 75.7 81.9 83 81.2 79.3 84.1 91.5 96.8 105 111.8 116.5 121.5 125 128.3 132.8 136.6
90.2 92.2 94.2 96.2 98.2 99.6 101.5 103.3 105.2 106.2 106.2 103.4 99 94 86.7 83.7 89.2 90.4 84 89.5 99.1 104.4 108 108.6 106.3 99.6 103.8 107.8 108.5 110.7 114.5 117.1 119 120.9 121 120.5 119 116.2 110 97.5 83.6 71.5 59.7 51.8 53.4 56.2 46.9 34.3 33 33 33.6 35.1 34.7 35.3 34.5 34.5 34.3 33.7 34 36.5 43.3 60 57.4 56.9 59.8 62.7 67.5 76.9 86.5 93.1 94 92.3 89.7 93.6 98.2 102.4 109.9 116.9 120.5 123.4 127 129.9 134.5 138.7
89.7 92.7 95.6 98 100.2 102.1 103.8 105.7 107.4 107.3 106.5 103.6 98.6 92.3 85.6 90 96 96 87.8 88.6 98.4 105.1 110.2 111.1 109.9 106.1 107.4 111.7 112.1 114.7 116.9 118.5 120.4 121.2 121.1 120.1 118.3 114.6 108 94.6 80.4 66.9 59.6 63 70.1 69.6 62.6 41.2 35.8 35.4 34.8 36.2 35.6 35.6 35.3 35 35 34 33.6 33.4 36.5 48.8 60.9 60.3 62.5 68.9 75.6 83 89.4 95.1 98.1 99.3 99.5 101 104.8 109.6 116.8 120.6 123.9 126.9 129.7 132.7 137.7 141.5
89.4 93.4 96.5 99.1 101.8 103.8 106.1 107.8 109.4 108.4 107.1 103.6 97.4 90.2 89.7 99.6 101.6 99.8 91.9 89 97.6 104.8 110.2 111.5 111.8 109.8 109 113.4 115.6 117 117.9 119.7 121 121.9 121.6 119.8 117 110.6 102 88.1 73.1 64.8 68.7 73 85.7 84.5 68.9 49.1 44.3 41 39.2 37.6 36.7 36 35.8 35.4 35 34.5 34 33.4 33.8 38.9 58.3 62.8 65.6 68.3 71.3 80.1 85.3 92.4 97.6 104.7 107.7 109.3 112.3 116.8 121.4 124.4 126.9 130.7 133.3 137.4 141 143.5
90.2 93.7 96.9 100.2 102.8 105.2 107.8 109.9 110.8 109.3 106.3 102.4 95.2 89.1 98.4 103.8 104.7 102.8 96.6 89.9 96 103.9 109.8 112.6 114.2 112.8 111.6 113.9 116.6 118.1 118.9 120.5 121.6 122.3 121.7 118.4 113.3 103.1 89.3 75.7 71.9 74.1 81.6 92.3 91.6 86.8 72.3 59 49.7 45.7 42.9 40.4 38.2 36.8 36.2 36 35.1 34.9 34.7 33.9 33 36 44.7 66.5 71.4 71.4 71.8 73.9 78.1 83.8 91.6 99.4 108.8 111.9 116.3 120.9 124.8 128.3 130.5 134.5 136 138.4 140.9 143.5
90.3 93.6 97.1 100.9 104.4 106.9 109.4 111 111.1 108.7 105.1 99.4 93.3 93.3 104.4 107 107.5 105.6 101.1 95.8 93.6 101.9 109.1 112.9 115.8 116 114.6 114.5 117.3 119 119.6 121.1 121.7 122.2 120.4 115.7 106.9 92.9 81.9 82.2 85.9 90.5 98.3 101.1 95.5 87.2 76.2 63.6 54.5 49.2 46.3 43.4 41 38.4 37.1 36.4 35.5 35 35 34 34 34 40.6 65.9 80.6 84.5 82 80.3 78.4 80.6 85.4 93.6 103.7 111.1 116.9 121.8 126.4 131.1 131.6 133.5 134.3 135.3 139.1 143
90.3 93.8 97.4 101.1 104.8 107.7 110.4 111.1 110.1 108 103.7 97.6 93.9 100.3 107.4 109.9 110.6 108.9 105.2 101.8 94.3 98.5 106.6 111.5 114.9 115.9 116.5 117.1 118.8 120.4 120.6 120.7 121.6 122 118.1 110.3 98.3 94.7 96.4 99.7 102 106.4 108.2 105.1 96.5 87.7 76.8 65.6 57.4 53.1 49.7 46.1 43.4 41 38.6 37.1 35.6 35.1 35 34 33.8 34.2 37.1 62.3 83.6 92.3 94.1 93.3 92.1 89.9 85.3 89.2 96 106.7 113.3 118.6 122 124 125.6 128.7 131.6 135.3 139.8 143.8
90 93.6 97.5 101.2 105.2 108.5 110.6 111.2 110.7 108.1 104.1 97.8 94.2 105.5 109.6 111.8 112.6 111.6 109 105.8 101.2 97.2 103.4 109.3 113 116.4 117.7 118.8 119.9 120.5 121.4 120.7 121 120.5 115.8 108 103.5 102 108.4 110.5 111.9 113.8 112 105.9 96.7 86.8 76.7 68.1 61.5 57.9 53.7 49.2 45.2 42.1 39.6 37.3 35.8 34.9 34.5 34 33.6 33.9 39.2 58.3 78.5 93.4 104 105.3 104.9 103.6 98.1 91.2 92 98.3 106.4 108.8 113.3 117.2 119.9 125.8 132.6 137.4 141.8 145.5
89.8 93.6 97.4 101.7 106 109.2 111.5 111.2 111 108.4 105.6 99.6 94.8 107.5 111.4 113.9 114.6 114 112.1 110 106.5 103.3 100.6 106.7 111.4 115 117.4 118.6 120.4 121.7 122.1 121.5 120.3 118.9 114.5 112.2 111.5 112.9 115.7 116.8 116.9 116.5 112.2 104.4 96.2 85.9 77.9 71.9 66.8 62.9 57.3 52.8 47.9 43.7 40.1 37.8 35.3 35 34.8 34.4 33.7 35.1 42 56.8 74 92.2 106 110.4 111.2 110.5 108.5 102.8 97.6 98.4 101.8 106.3 111 117.4 123.4 128.6 135.1 139.7 143.8 147.7
90.7 93.5 97.4 101.9 106.1 109.2 111.5 112.5 112.1 110.4 107.3 100.9 99.7 109.9 113.1 115.6 116.6 116.7 115.3 113.5 110.9 106.6 102.5 104 109.7 113.4 116.8 119 120.7 122.2 122.9 122.5 120.9 119.6 118.9 118.2 115.7 119.4 118.8 118.9 118.3 115.8 109.2 100.8 89.9 77.5 70 64.3 60 57.8 55.3 53.3 49.8 44.6 40.4 37.3 34.8 34.7 35.1 34.7 34.9 38 45.4 55.7 69.7 90.2 105.5 114.4 117.4 116.9 115.7 113.6 108.5 106.3 110.5 113.2 119.1 123.8 127.1 132 137.9 142.4 146.1 149.6
93.2 94 97 102.5 106.3 109.3 111.6 113.1 113.2 112.1 109 102.4 100.7 109.6 114.8 117.7 118.6 118.8 118.1 116.1 113.1 107.4 106.1 109.9 109.8 112.3 115.8 119.9 121.8 123.3 124.2 123.7 122.2 122.6 122.2 122.1 121.3 120.7 115.2 112.6 110.5 104 95 84.1 73.3 62.7 56 46.7 41.7 38.3 40.8 40.2 43.6 40.3 37.5 35.7 34.4 34.3 35 36.8 38 40.4 47.4 55.6 67.4 89.4 103.9 113.9 120.8 121.4 121 120.1 118.5 115.9 116.4 120.5 126.1 129.8 132.2 136.7 141.4 145.4 148.3 151
97.3 95.1 97.7 102.3 106 109.8 112 113.8 114.6 112.8 109.3 104.4 104 110.2 115.7 118.6 120.3 121.1 119.9 117.6 113.8 109.6 109.2 112.9 114.1 115.2 117.7 121 123.5 124.6 125 124.7 124.1 124.8 124.6 124.8 123.6 117.2 101.3 96.3 95.9 91.5 77.7 64.2 54.9 45.1 34.7 34.1 34.5 35.1 34.6 34.4 34.3 34.4 34 34.3 34.4 35 36.3 38.3 41.2 43.6 48.7 56 65.2 88.5 101.7 113.8 121.8 126.5 128.6 129.1 127.5 125 123.1 127 130.5 133.2 135.5 140 144.3 148.2 150.1 149.8
100.8 99 99 102.3 106.2 110.1 113.5 115.6 116.7 114.4 111 106.5 104.4 110.3 116.2 118.7 120.9 121.1 121.1 118.9 115 110.4 112.5 114.7 116.4 117.7 120.1 122.5 125.5 126.6 127.3 126.9 126.5 126.1 123.1 121.2 119.1 110.7 93 81.1 77.4 73.7 59.8 49 38.9 37.1 35 35.7 35.9 35.8 35.5 35.3 35 34.7 34.5 35.4 36.3 36.4 37.8 39.9 42.3 45.3 50.1 57.2 64.9 87.2 100.8 113.4 121.9 128.8 132.2 133 132.8 131.1 131 131.6 133.8 136.7 139.8 143.6 147.4 149.8 149.7 148.6
103.3 101.6 99.8 103.2 107.1 111 114.8 116.8 118.1 116.5 113.4 109.1 105.2 110.4 116.3 118.7 121.1 121.1 121.1 119.7 115.7 114.1 117.5 119 119.8 121.1 122.9 124.7 127.6 128.9 130.2 129.7 129.4 126.2 113.5 107 105.7 98.8 86.9 75.1 64.9 56.3 46.2 38.4 37.9 37.3 36.4 37.4 38.5 37.7 37.4 37.4 37 36.5 36.6 37.6 37.8 37.9 39.2 41.3 43.5 47.3 52 57.6 65.1 86.5 101.1 113.4 121 128.5 132.7 134.9 135.1 132.8 134.8 135 137.9 141.2 144.4 147.1 150.3 149.6 148.3 145.4
105.3 104.4 103 104.7 108.1 112.1 116.1 118.9 119.4 117.8 115.2 111.2 108.8 109.9 115.7 119.2 120.8 121.8 121.9 120.7 117.2 118.4 121.5 122.6 123.8 125.2 126.3 128.2 129.3 130.1 131 131.5 130.4 123.8 106.6 91.4 89.2 85.4 75.9 63.5 51.7 44 38.8 38.3 37.9 38.7 39.2 39.4 38.9 39.2 39.3 39.3 38.7 37.9 39 39.9 39.4 39.5 40.8 42.7 45.1 49.2 53.8 58.6 67.5 85.8 101.8 112.8 118.9 128 132.6 135.7 137.6 137.7 138.7 139.9 142.5 145.3 148.5 150.2 149.1 147 143.5 140.1
107.6 106.5 104 106 110.2 113.6 117.5 120.8 121 119.7 116.9 113.3 109.5 109 115.2 118.3 121.8 123.4 123.9 122.4 119.4 120.4 124.5 125.7 126.7 127.8 129.3 131.3 131.3 131.9 132 131.1 126.2 117 103.8 93.5 78.6 72 63.1 52.1 43.6 39.3 38.1 38 38 38.8 40.7 40.5 40 39.9 39.9 40.2 39.5 39.7 40.2 40.5 40.6 41.5 42.5 44.3 46.9 51.3 55.8 60.7 72.9 86.6 102 112.2 116.3 122.1 131.4 135.1 139.5 142.3 144 144.9 147.5 149.5 150.5 147.8 145.5 140.6 137 133.5
110.2 108.9 106.9 108.8 112.8 116 119.3 121.3 122.1 121.3 118.4 115.5 112 111.7 115.2 118.8 122.6 124.8 125.9 124.1 122.6 123.1 126.5 128.3 128.9 130.2 132 134.3 135 134.6 133.5 126.3 113.8 102 94.2 84.7 75.2 59.9 52.5 44.6 41.3 38.1 38.4 38.4 38.5 40 41.8 41.4 41.4 41.1 41 40.7 40.7 41 41.4 42.1 43 43.9 45 46.2 48.8 52.5 57 63 77.7 88.4 100.7 105.3 110.5 117.1 127.9 135.2 140.7 144.2 146.9 148.9 150.6 151.1 148.5 144.5 140.6 132.2 128.2 121.5
111.2 110.9 108.9 111.1 115.3 118.4 121.2 122.6 123.6 122.7 120 117.2 114.4 113.5 117.1 119.9 123.7 126.3 126.3 126 125.3 125.7 128 130.9 132.2 132.6 134.4 136 136 136 133.6 117.9 101.7 90.5 85.7 74.4 64.3 54.2 47 42.3 39.4 38.1 38.3 38.7 38.9 40.7 42.3 42.5 42.5 42.3 41.8 41.3 41.5 42 42.6 44 45.6 47.4 48.5 49.4 51.5 54 57.7 65.2 76.6 83.4 87.6 93.8 103.6 116 128.6 135 141.4 146.3 148.9 150.9 150.8 148.3 143.8 139 128.4 115.9 110 101.3
112.4 113.1 111.6 112.4 116.7 120 123 124.1 124.9 124.7 122.6 119.8 116.1 113.9 118.2 121.4 124.7 126.5 127.4 127.8 128 128.6 129.1 131.1 132.6 133.9 136 136.2 136.2 136.3 132.6 115.7 101.4 88.3 78.3 67.4 56.2 47.9 44.4 40.3 38.2 37.9 38.2 38.6 39.3 40.9 42.6 43.4 43.6 42.9 42 42.1 42.5 42.9 43.7 45.4 46.9 50.6 50.8 52.1 53.8 56 59 64 70 76 84.1 94.4 108.6 118.6 130 136.9 144 149.4 151 150.6 148.2 145.5 138.2 129.2 109.3 98.5 79.1 78.6
113.7 115.9 116.1 114.3 117.1 121.6 124.7 126.1 126.7 126.5 124.6 121.7 118.5 115.8 118.3 122.5 125.5 127.8 129.1 130 130.1 130.6 131 132.3 133.8 134.8 136.6 138 137.9 136 130.7 113.9 99.5 84.3 73.4 61 52.1 46.8 43 39.6 38.2 38 38.2 38.6 39.3 41 42.8 44.1 44.4 43.7 42.8 43.2 43.6 44.2 45.2 47.4 49.3 50.9 52.8 54.5 56.3 58.2 61.2 65.3 70 77 87.2 102.6 112.5 122.8 133.1 139.6 146.4 150.3 150.2 147.8 144.6 140.3 131.4 111.1 96.2 78 78.1 78
114.8 117.8 118.6 119.2 118.9 121.8 125 127.4 128.4 128 125.7 123.2 119.9 119.1 118.9 121.8 125.4 128.6 130.7 131.6 132.1 132.4 132.8 133.9 134.3 136.1 138 139.2 138.9 136.6 127.4 111.2 97.1 80.5 68.6 57.3 50.1 46.1 42.7 39.8 38.6 38 38.3 38.6 38.9 40.7 43 45.5 45.8 44.2 43.9 44.3 44.9 46.2 47.8 49.7 50.8 52.6 54.5 56.6 59 61.5 64.8 70.9 75 84.9 97.3 108.8 116.3 126.4 134.3 141.5 146.3 147.4 147.2 144.7 140.4 135.7 121.4 100.9 83.5 77.6 79.4 78.6
116.1 119.1 121.2 122.5 122.2 122.4 125.4 129.1 131 129.7 127.5 124.4 120.9 121.2 121.8 121.9 125 128.6 131.4 133.2 134.2 134.1 134.4 135.3 136.3 137.9 139.5 139.9 139 136.8 129.4 110.6 95.8 77.1 66.2 54.3 49.4 45.9 42.9 40.4 39.1 38.2 38.3 38.5 38.8 40 41.2 46.1 45.7 45.6 46.2 47 47.1 48.6 50.1 51.3 52.5 54.2 56.4 59.2 61.3 65.7 72.7 80.7 88.6 97.6 108.5 114.5 122.6 131 136 139 140.7 141.8 140.8 139 135.7 129.3 110.9 96.7 75.3 77.6 81.4 80.3
117.5 120.6 123.5 125.3 125.8 125 127.4 129.9 131.3 131 128.9 125.5 123.5 123.7 125.2 124.7 125.9 128.8 131.3 134.3 135.4 136.3 137 138.1 138.6 139.1 139.1 141.1 140.3 138 130.5 114.2 96.5 76.8 65.4 53.7 48.5 45.7 43 40.9 39.5 38.4 38 38.3 38.5 38.6 39.2 44.2 46.5 48.2 49 49.4 49.6 50.7 51.4 52.5 53.8 56.2 59.2 61.4 64.6 70.3 80.3 89 98.6 110 116 122.1 128.6 132.8 136.2 135.8 136.2 135.4 133.5 132.3 129.6 118.2 105.6 91 73 77.2 83.6 85.4
119 122.3 125.6 127.8 128.7 129.2 130 131.7 132.2 131.9 130.6 127.5 125.1 126.4 128.1 127.8 128 130 130.7 134.9 136.7 138.3 139.9 140.8 141.1 139.7 139.8 141.1 140.3 137.6 129.6 115.6 101 80 64.6 54.6 48.3 45.2 42.4 40.4 39 38.3 38 37.9 38.1 38.4 39.3 43.1 46.3 49.6 51.7 52.1 52.6 52.8 53.2 54.5 57.4 59.6 61.3 64.6 68.4 76.2 87.6 97.9 109 117.2 121.9 127.7 131.1 130.7 129.7 127.5 124.2 121.9 121.8 120.8 116.7 108.8 98.7 77.8 70.1 77.8 85.8 88.5
120.6 124 127.3 130 131.2 131.7 132.4 133.1 133.6 132.9 132 130.2 129.5 129.1 130.7 131 130.6 132.4 132.9 135.4 138 139.9 140.8 141.1 141.3 141.2 141.1 141.1 138 135.3 126.3 114 104.9 87.9 65.8 55.8 49 45 42.1 40.7 39 38.3 38 38 38.2 38.3 39.9 43 44.3 46.9 50.3 55.4 56.2 56.8 57.5 58.8 61.3 62.9 65.1 68.4 73.9 84.1 93.6 106.3 115.2 121.5 124.4 125 123.5 121.1 114.4 110.7 107 106.6 106.5 107.2 106.5 99.5 87.1 72.2 69.9 78.2 88.6 89.3
123.1 125.5 128.7 131.6 133.2 134.2 134.8 134.9 135 134.4 133.7 133.3 132.6 131.9 133 133.3 133.8 134.8 135.6 136.6 138.9 140.8 141 141.3 141.4 141.2 141.1 138.3 136.3 129.9 119.3 109.3 101.9 90.2 68.9 57.5 50.8 45.8 42 40.1 38.8 38.3 38 38.4 38.7 38.6 40.6 43.7 44.2 44.1 44.8 55.4 58.3 61 61.4 62.2 64.7 68.1 71.6 73.6 83.1 92.4 104.3 112.6 118.1 120.3 117.6 112 107.6 100.9 97.1 92.8 89.6 89.7 89.2 92.5 92.7 85.9 74.6 69 71.8 82.4 91.4 89.2
125.2 127.1 129.4 132.2 134.4 135.9 136.6 136.8 137.1 136.7 136.2 136 135.4 134.8 135.5 136.3 136.7 137.4 138.2 138.8 139.3 141.1 141.3 141.5 141.5 140.7 139.2 135.2 131.8 120 108.4 97.8 89.2 79.6 68.7 57.8 51.1 46.4 42.5 39.6 38.5 38 38.4 38.9 39.2 39 46.2 49.8 48.1 44 43.6 43.3 52.5 59.6 62.3 62.8 65.5 70.6 76 81.7 93.4 104.5 113.7 116 115.5 111.6 104.5 98.7 91.5 82.8 75 69.7 67.8 66.3 71.1 74 74.3 72.4 69.2 69 77.3 87.1 92.7 89
127.4 129.8 131.5 133.1 135.2 137.1 138.1 138.7 139.2 139.1 138.7 138.5 138.2 138.6 138.9 139.4 139.4 140 140.4 141.1 141.1 141.1 141.4 142.2 142.5 141.5 138.2 132.8 123.9 112.4 100.4 88.8 79.9 73.2 64.5 57.9 52.4 48.1 43 39.2 38.2 38 38.3 39.2 39.7 42.3 49 55.1 54.3 51 46.7 44 43.7 47 53.2 61.7 64.6 70.7 77.2 87.3 100 111.5 114.8 114.1 108.2 101.2 90.4 77.4 65 61.5 62.9 63.8 64.1 64.4 65.9 67.5 68.9 68.6 68.5 73.4 82.1 90 95.3 92.8
128.7 131.5 133.4 134.5 136.1 138 139.3 141 141 141 141 141 141.2 141.1 141.2 141.5 141.2 141.6 141.7 141.3 141.4 141.8 142.2 143 143.8 142 138.7 134.7 128.7 117.2 108.4 99.7 92.4 83.8 70.8 59.8 54.9 50.5 45 38.5 38.1 37.9 38.1 38.7 40.4 43.4 51.1 56.9 58.7 56.6 53.4 51.3 48.9 46.9 48 51.2 60 64.6 71.4 82.1 92.7 104.9 109.8 105.2 96.3 85.8 67.7 58 59.2 58.9 66.5 67.7 68.6 67.5 67.5 67.7 68.9 68.8 73.2 79.1 86.5 94.9 101.1 98.2
130.3 133.3 135.1 136.3 137.4 139 141 141.1 141.1 141.2 141.2 141.2 141.8 142.4 142.3 142.5 142.4 142.6 142.7 142.4 142.8 143.2 143.1 143.9 144.6 142.7 140 136.4 133 128.4 119.4 109.2 101.6 90.1 72.9 61.4 55.9 51.6 38.7 38.2 37.9 37.9 37.9 38.5 38.9 42.1 50.6 57 61.2 60.1 58.5 55.6 53.9 52.1 50.9 49 49.9 55.2 61.6 68.6 78 90.7 98.4 91.8 78.7 58.1 58.1 60.6 63.6 64.7 67.8 77.6 79.5 78.9 79.2 80.4 80.6 82.1 83.7 89.4 95.1 104.4 113 109.9
133 135.2 137.2 138.2 139.2 140.3 141.2 141.3 141.4 141.5 141.4 141.4 141.9 142.6 143.2 143.2 143.2 143.5 143.6 143.8 144.1 144.5 143.9 144.3 144.5 142.7 141.7 139.2 136.3 132.8 126.4 113 100.5 89.5 71.8 61.6 57.1 50.6 37.9 37.9 37.9 37.9 37.9 38.2 38.9 40.3 45.3 57.1 60.8 61.6 61 59 57.9 56.9 54.7 52.3 49.7 49.5 53.2 58.5 64.4 69.9 74.5 67.7 58.4 58 60.2 65.6 69.8 69.4 68 83.4 88.2 90 91.9 93.3 94.6 96.7 98.3 99.9 104.2 116.5 125 120.6
135.3 137.4 139.5 140.1 140.3 140.5 141.5 141.7 141.8 141.4 141.4 141.6 142 142.7 143.3 143.7 143.7 143.9 144.1 144.5 144.7 144.7 144.6 144.8 144.1 144 143.8 141.5 139.5 135.3 129.7 114.5 101.5 88.4 71.6 61.4 57.6 48.3 37.9 37.9 37.9 37.9 37.9 38 39 40.9 42.8 49.3 58 61.4 61.2 61.1 60.4 60.5 60.9 59.3 53.7 50.5 49.3 52.2 54.2 55.6 56.4 55.9 58 60 65.3 70.8 75.9 76 68.5 78.7 91.9 97.5 102.4 104.5 108.8 112.1 112.9 115.9 123.3 130.6 133.8 130.8
137.3 139.8 140.1 140.3 140.5 140.7 140.7 141.6 141.4 141 140 140.6 141.6 142.1 142.6 143.1 143.4 143.6 144.2 144.9 144.8 144.8 144.9 144.2 143 144 144 143.2 141 137.5 133.2 116 102.5 90.3 74.9 63.4 58.1 51.6 37.9 38.1 37.9 37.9 37.9 38.1 39.7 41 42.2 44.4 50.1 58.6 61.1 62.2 64.2 64.9 65 64.6 60.8 56.2 52.2 51.8 52.2 52.9 53.8 56.6 61.7 64.4 68.5 73.9 79.4 82.8 77.4 73.7 83.2 96 104.6 113.3 120.4 124.4 128.6 132.8 138.9 142.9 144.4 141.1
139.4 140.7 140.5 140.5 140.7 140.5 140.6 140.3 139.8 138.4 137.6 138.7 140.3 140.7 141 141.1 141.6 142 142.9 143.8 144.7 144.4 143.8 142.5 142.2 142.2 142.1 141.8 140.8 137.9 133.6 121.9 106.8 95.2 80.7 67.2 59.9 51.1 38.3 38.5 38 38 37.9 38.2 39.7 40.7 41.6 43.1 45.8 55.6 58.8 61.2 64.3 66.9 66.9 68.4 67.8 63.3 57.4 54.4 54.3 54.4 57.2 61 65.4 67.9 71.9 77.4 83.5 88 88.3 80.3 74.8 82.4 96.2 109.1 121 128.8 137.8 144 148.7 152 152.6 149.3
