app/static/ascii/TQ20.asc
ncols 200
nrows 200
xllcorner 520000
yllcorner 100000
cellsize 50
[rows 0 to 41 of 200, columns 0 to 94 of 200]
15 17.2 20.1 24.2 30.8 32.7 36.4 36.7 36.7 35.7 34.8 33.7 36.2 38.7 43.4 53.4 72 84.5 94.1 101.8 107.9 111.8 115.9 122 129.5 136 143.2 149.8 155.6 160.2 162.5 161.1 156.3 148.1 138.6 148.6 151.3 149.7 146 147.2 154.6 160.5 164.5 167.8 171.1 173.8 175.1 174 169.7 162.6 151.8 134 129.3 140.5 147.2 152.8 156.8 158.7 156.5 152.2 145.8 138.8 130.4 121.1 110.2 102.5 98.8 104.5 118 125 129.2 130.9 129.5 125.4 119.3 110.2 96.6 95.1 101.1 104.7 110.1 119.2 130.7 139 145.6 151.4 155.9 158.6 160.2 161.1 161.4 161.3 161.5 163.7 165.5
19.6 21.5 24.4 29 35.2 40.1 43.5 46.8 48.3 48.3 47.8 47.1 48.9 51.1 57.5 70.9 85.3 93.8 104.4 111.8 117.9 123.2 128.4 133.6 139.1 145.1 151.3 156.1 160.4 163.9 164.5 160.5 153.6 142.4 136.5 145.2 146.7 145 141.4 143.5 151 156.4 160.1 163.7 167 170 172.3 172 168.8 162.6 154.1 137.1 124.2 129.5 141 147.2 151.7 154.6 154.5 150.7 144.8 137.9 129.6 120.3 109.5 100 97.1 104.3 114 118.8 122.6 124.4 124.3 121.5 116.5 109.6 98.4 92.7 95 98.9 107.8 120.6 132.2 140.4 147.3 152.1 155.7 157.6 158.4 158.2 157.5 156.8 158.1 160.1 162.3
22.6 24.8 28.5 32.8 39 45.6 50.5 52.9 56.9 59.4 61.3 63.5 67.1 70.8 77.1 87.9 95.5 104.3 112.5 118.9 124.6 129.8 135.4 140.6 146.2 151.6 156.8 161.4 165.3 166.8 165.6 160.2 152.2 138.6 132.3 140.5 141.7 139.9 137.7 141.3 147.1 152.2 155.9 159.5 163.1 166.3 168.5 169.7 167.9 162.1 154.4 140.9 125.1 120.3 129.8 141.7 146.8 150.3 151 149 144 137.6 129.6 121 108.8 98.6 95.6 100 105.1 108.8 113.3 116.5 117.8 117.1 113.7 107.7 100.1 91.6 91.3 97.8 109.4 123.1 134.3 141.4 148.2 152.5 154.6 155.5 155.6 154.5 153 151.9 153.7 156 158.8
25 27.1 30.7 36.7 43.3 50.5 56.5 61.7 65 69.1 71.8 76.3 81 86 91.7 98.2 104.7 112.1 118.5 124 130.1 135 140.7 146.1 151.3 156.4 161.3 165.2 167.9 168.6 166.1 160.6 151.1 136.9 128.5 134.5 136.4 134.2 133.7 140.2 144.4 148.1 151.7 155.3 158.9 162.3 165 167.2 166.3 161.8 154.5 141.8 125.9 116.6 123.9 136 141.1 144.4 147.6 147.1 143.5 138.5 130.9 122.4 111.5 99.1 94.2 93.7 93.8 93.8 99.9 106.1 109.9 111 108.9 104.6 98.4 91.5 89.6 98.3 112.7 127.2 136.3 142.9 148.7 151.5 152.4 152.1 151.1 149.7 147.9 147 149.6 152.5 155.3
25.2 28.6 32.9 39.9 47.1 55 62.1 67.9 72.9 77.6 81.3 86 90.5 95.5 100.4 105.6 111.7 117.2 122.4 128 133.7 138.6 144.1 149.9 154.9 159.8 164.1 167.3 168.7 169.2 167.1 162.2 153.7 140.2 127.8 126.9 130.4 127.8 131.6 137.1 139.9 143.4 147.1 150.8 154.5 158.4 161.3 164.1 164.1 160.9 154.6 142.7 125.7 115.1 118.6 129.3 135 139.2 142.7 144.1 142.9 138.7 132.7 125 115.9 105.9 98.6 93.8 92.1 91 90.2 91.8 98.7 103.6 103.3 100.1 95 89.2 89.1 101.8 117.2 129.4 137.8 143.7 147.7 149.3 149.4 148.4 146.8 144.8 142.2 140.8 145.5 149.9 152.4
25.6 29.1 34.2 41.9 50.7 59.3 66.4 72.7 78.4 83.6 88.2 92.8 96.4 101.5 107 109.5 116.8 121.8 126.5 131.6 136.9 142.1 147.4 152.7 157.3 161.7 165 167.2 168.7 169.1 167.2 163.8 158.3 147 131.5 122.3 123.2 124.3 129.8 133 135.3 138.7 142.4 146.1 150.2 154.3 157.5 159.8 161.5 159.5 154.8 144.7 127.9 114.4 113.4 119.6 126.8 132.3 137.3 141 140.7 138.2 134 127.8 121.5 114.5 108.8 104.2 99.2 94.5 89.7 87.2 87.4 94.6 96.6 94.2 90.1 87.4 92.3 105.3 121.4 131.3 139 143.5 145.8 146.1 145.4 143.6 141.8 139.9 137.2 136.4 143 148.4 151.9
25.8 30.4 36.8 44.8 53.9 62 69.4 76.4 82.5 88 92.8 97 102.2 105.8 109.9 113.7 118.2 123.5 128 132.9 138 143 149 154 158.1 161.7 164.4 166.3 167.8 168.1 166.9 164.4 159.2 154.2 141.5 127.3 118.9 121.7 126.2 128 130.2 133.9 137.7 141.9 146.1 150.2 153.7 156.2 158 157.9 154.8 148.1 133.7 118.3 108.5 108.7 113 123.4 131.3 136.2 137.4 136.3 133.1 128.9 124.9 120 115.4 111.2 106.7 101.7 96 89.9 85.3 84.6 90.1 88.5 85.4 86.9 96.6 112.4 123.8 133.1 139.1 142 142.5 141.8 140.1 138.3 136.5 134.8 132.1 134.5 142 147.2 150
27.6 33.2 39.4 48.5 56.9 64.4 71.7 79 85 90.6 96.3 100.6 102.9 105.8 108.4 112 117.2 122 127.4 133.5 138.7 144.4 149.6 154.1 157.7 160.5 162.5 164 165.4 166.2 166.1 164.2 160.9 156.1 150.2 137.1 122.6 116 121.3 121.9 125.6 129.2 133.2 137.4 141.7 145.8 149.2 152 154.1 155 153.9 149.1 141.3 127.2 114.3 106.2 104 109.4 123.6 130.5 132.3 131.4 130 127.1 123.9 120.8 117.7 114.4 110.5 105.7 100.6 94.9 88.3 82.3 82.4 83.4 84.8 91.8 104.1 118.1 127.4 134 138.5 139.5 139.3 136.8 134.9 132.8 131 129.2 128.4 133.3 141.2 146.1 148.8
30.3 36.2 43.4 51.6 59.2 66.9 74.2 81.1 86.2 91.9 96.6 97.3 93.9 91.8 92.6 100.7 112.7 120.6 126.8 132.9 139 144.3 149.4 153.2 155.7 158.2 159.3 160.7 162.5 163.6 164.4 162.8 160.5 156.9 151.7 145.1 132.5 117.9 114.3 117.8 121.5 124.5 128.6 132.8 137.1 141 144.3 147.3 150 150.5 151.4 149.8 144 134.2 119.9 109 101.9 103.1 115.6 122.7 125.5 125.1 123.1 120.9 118.3 116.4 114.8 112.1 109 105.2 100.3 94.2 87.7 80.8 80.7 83.4 88.6 99.3 113.5 122.6 130 134.6 136.9 136.9 135 132.4 129.5 127.6 125.6 123.7 126.6 133.8 141 145.7 147.6
32.6 39.2 46.1 53.9 61.2 68.8 75.6 81.9 86.8 90.8 89.6 83.1 76.5 71.8 73.8 88.7 110.4 119.1 126.2 132.3 138.5 143.7 148.2 151.3 153.6 154.5 155.2 156.6 158.7 160.8 162.1 161.8 160 156.7 151.8 146.7 140.1 126.9 112.7 113 116.5 119.9 124 128.2 132.2 135.9 139.3 142.4 145.2 147.9 149.2 148.7 145 137.8 124 109.7 101.2 100.1 110.2 115.5 117.8 117.9 116 113.9 111.8 110.3 108.8 107.5 105.7 101.5 96.8 90.3 83 80.3 83 87.5 97.5 108.3 118.7 125.6 131.3 134.2 134.3 133.6 130.2 126.9 123.4 121.3 119.5 121.5 127.6 134.7 141.1 144.8 146.4
35.2 42 49.1 55.8 62.5 69.3 75.7 80.4 84.3 83.9 74.5 64.1 57.2 58.9 71.6 92.2 109.8 118.1 125.5 131.9 137.7 142.5 146.7 148.9 150.1 150.4 150.9 152.8 155 157 158.8 159.4 158.2 155.8 151.7 146.9 141 134.4 121.4 109 111.2 114.9 119.4 123.4 127.1 130.8 134.1 137.5 140.7 143.5 146.2 147.3 145.3 139.5 127.4 110.3 99.1 98.4 105.3 108.1 109.5 108.8 107.6 106.4 104.6 103.2 101.8 100.5 99.1 96.4 92.1 85.9 79.6 80.4 84.9 95.5 105.3 115 122 128.1 131.2 132.7 131.8 128.6 124.4 120.7 117.3 116.5 117.2 123.3 129.8 136.1 140.7 144 145.3
37.8 44.1 49.5 54.5 60.5 66.9 72.1 75.3 77.6 70.6 56.5 46.7 48.3 61.4 79 98.6 109.5 118.1 124.9 131.4 136.6 141.4 144.2 146.4 146.8 145.9 145.6 148.6 150.9 153.1 155.4 156.7 156.1 153.9 149.8 145.5 140.7 135.4 128.2 115.9 106.8 109.2 114.5 118.2 121.8 125.5 128.7 132.1 135.9 139.3 142.6 145.2 144.7 140.3 130.4 111.7 97.8 95.7 98.5 100 99.5 99.5 98.6 97.1 95.9 94.8 94.3 93.2 92.5 90.5 86.7 80.7 78.3 81.4 89.5 101 109.9 117.2 124 128.8 130.6 130.6 127.4 124 118.7 114.4 111.2 111 118.6 125.9 130.6 135.2 139.6 142.5 144.5
37.4 42 46.4 50 53.1 58.2 63.7 67.1 67 53.7 40.1 40.1 52 68.7 88.8 101 109.9 117.9 124.4 130.8 135.8 139.4 142 143.3 142.6 140.8 140.8 144 146.9 149.6 152.3 153.8 153.7 151.8 147.7 143.4 138.7 134.4 129.6 122.5 111.6 103.3 108.6 112.7 116.4 120.1 123.3 126.7 130.7 134.8 139.3 143.5 144 141 133 115.2 98.8 93.7 93 92.8 92.1 91.5 90.1 88.5 86.7 86.4 86 85.9 85.5 86 82.6 77.7 78.2 85.7 94.5 104.8 112.4 119.1 125.4 128.5 129.8 127.8 124 118.9 113.4 108 108.7 115.7 120.8 124.9 129.2 133.6 138.1 141.2 143.3
33.6 36.3 36.7 36.8 37.6 40.6 45.3 51.4 51.5 37.7 33.7 42 58 75.7 93.2 102.5 110.8 117.9 124.3 129.5 134.1 137.5 139.3 139.9 139 134.9 137 140.1 143 146 148.9 150.8 150.9 149.4 145.6 141.1 136.4 132.6 129.2 123.5 116.8 106.8 101.7 107.2 111 114.7 117.8 121.3 125.8 131.8 137.2 141.9 144.5 141.9 136.8 123.6 106.8 97.2 92 89.8 88.5 87.8 86.2 84.3 82.9 81.4 78.9 77.4 78.9 80.6 78.8 75.5 80.3 89.2 98.7 106.5 113.6 120.1 125.2 128 127.2 124.5 119.2 113 106.3 104 110.1 115.6 119.1 122.5 127.2 132 136.6 139.8 141.3
22.8 21.3 20 18.7 19.6 21.9 26.1 33.5 36.2 28.1 32.8 46.9 63.1 82.7 94.6 103.3 111.5 118 123.8 128.5 132.2 134.7 136.6 136.7 134.5 129.7 133.2 136 139 142.2 145.1 147.4 147.7 146.4 143.7 138.7 134 128.8 126.9 123.4 118.1 110.4 101.8 101.6 106.3 109.5 112.3 116.5 122 129.8 135.9 140.7 143.5 143.6 140.5 134.4 122.5 109.5 100.5 94.3 90.8 89.3 88.2 86.3 85.1 85.2 82.3 78 74.7 75.5 75.1 76.4 84.5 93.8 101.2 107.8 113.8 120.6 125.1 126.5 124.7 121.2 115.1 106.1 100.8 104.6 110.3 113 116 120.1 125.1 130.2 134.9 138 139.2
10.3 10.3 11.6 13.7 15.4 17.6 18.5 20.1 22.1 25.8 38.7 53.7 71.4 86.8 96.2 104.1 111.6 117.8 122.9 126.3 129.2 132.1 133.4 133.4 130.5 125.6 129.4 132 134.9 138.1 141.3 143.8 145.3 144 141.3 137 131.2 124.5 123 121.5 117.9 112.4 104.7 97.7 101 104.3 106.5 112 120.7 128.5 134.5 139.4 142.4 144.1 143.6 140.3 136 126.3 115.7 106.4 100.6 99.3 97.8 96 95.8 92.7 85.2 78.7 74.7 73.2 74.7 81.1 89.2 95.7 102 108.4 114.1 120.3 124.2 125 122.7 117.6 109.3 99.8 97.8 103.7 107.2 108.8 112.3 117.6 123.2 128.3 133.2 136.4 137.2
6.6 9 13.2 20.2 24.2 25.8 25.1 24.1 26.3 35.3 47.8 63 80.2 90 98.2 105.8 111.7 117 120.6 123.5 126.4 129.2 130.6 130.3 127 122.1 125.7 128.2 130.9 134.3 137.4 140.5 142.7 142.7 139 135 129.5 122.6 116.8 117.5 116.1 112.1 106.1 98.5 96.6 100 104.9 113.6 122 128.7 133.4 138 141.1 143.7 145.3 145.9 144 140.1 133.3 125.1 118 115.5 113.3 109.6 105.2 97.5 84.8 76.8 72.7 72.6 77.7 84.1 91.1 96.5 102.4 108.9 114.5 120.1 123 123.5 120.7 114.8 106.1 95.5 96.8 102.1 102.9 103.7 108.4 114.9 120.5 126.6 131.8 134.5 135.1
16.2 19.9 25.3 31.1 35.8 37.7 37.6 37.6 40.6 48.6 60.4 75.3 84.8 92.9 100.4 106.6 111.1 114.6 117.6 120.4 123.3 126.4 127.9 127.5 123.4 117.8 121.2 123.3 126.6 130.2 133.8 137.1 139.9 140.4 138 133.9 127.5 120.4 112.4 112 112.2 109.7 105.4 99 94.5 98.4 106 115.8 122.8 128 131.9 135.6 138.9 142.2 145.7 147.6 148.8 147 143.6 137.7 133 127 122.8 116.9 109.1 99.9 83.1 72.9 69.6 74 80.6 86 91.8 97.3 102.7 109.4 114.7 119.6 121.9 121.7 119 113.3 104.1 93.8 94.3 97.8 97.4 99.6 105.6 112.1 118.7 125 130.1 132.4 132.7
30.9 34.9 38 42.4 46.3 49.7 50.2 52.1 56.5 63.9 73.9 82.7 88.5 95.4 81.5 76 75.8 78.6 113.5 117.3 120.4 123.7 125.2 125 121 113.6 116.3 118.6 122.3 126 130.4 133.7 136.9 137.6 136.4 132.5 125.9 118.6 109.9 104.8 107.4 106 102.7 97.9 92.8 97.7 109 116.9 123.1 127.1 129.4 132.3 135.2 139 143.8 148.1 149.6 149.5 146.8 142.3 137 130.7 124.6 117.5 109.7 99.3 79.4 69.8 72.1 75.6 82.1 86.9 92 97.5 103.2 109.6 114.4 118.7 119.8 119.3 116.8 111.6 104.1 94.4 89.1 92.4 92.6 97.4 102.8 109.9 117 123.3 127.9 130.3 130.1
40.8 46 49.5 52.5 56.6 61.1 63.1 66.6 70.5 75.7 75.5 67.8 71.3 69.8 65.4 65.7 70.1 74.6 109.6 113.9 117.6 121.1 122.7 122.4 119.2 112 110.9 114.4 118.1 122.6 127.2 130.5 133.8 135.7 134.7 131.1 124.7 116.9 107.6 100.3 101.8 101.3 98.9 95.1 90.5 97.3 109.6 116.8 121.8 124.5 125.6 128 130.7 135.5 141.7 146.7 149.9 149.6 146.6 141.9 136.1 128.9 122 115 107.8 97.4 77.6 68.5 72.4 76.1 81.7 86.7 91.9 97.8 103.7 109.6 113.8 116.3 117.7 116.7 113.6 109.7 104.7 96.1 87.7 85.4 88.6 94.3 100.3 108 115.1 122.1 126.3 128.6 127
44.6 50.8 56.6 47.4 48.2 48.7 49.3 50.5 51.2 52.4 55.4 52.3 56.4 57.9 56.1 56.3 65.7 70.8 105.5 110.4 114.8 118.3 120.3 120.2 117.7 112.1 106 109.1 114.7 119.8 124.6 128.4 131.8 133.7 133.2 129.6 123.7 116.1 106.5 98.5 95.7 96.3 94 91.7 89.9 100.4 110.4 116 118.7 119.6 120.7 122.3 126.1 133 139.3 144.6 147.8 147.4 143.9 138.7 132.3 124.8 117.8 111.9 105 96.6 79.7 68.2 71.6 75.4 80.4 84.9 91.2 97.7 103.8 108.3 111.4 113.2 114.3 113.2 110.4 106.8 102.5 96.8 89.8 83.7 85.7 91.8 98.4 106.4 114.1 121.7 125.7 127 123.7
46.5 46.3 47.8 37.7 28.6 27.5 31.2 27.8 39.2 50.2 45.5 45.7 46.1 47.9 55.1 56 57.1 69 79.6 107.4 111.9 115.6 118 118.1 115.4 111 103.7 105.2 111.6 117.2 122 125.9 129.2 130.9 131.1 128.2 122.3 114.5 105.2 96.2 91.7 91.7 90.1 87.5 91.8 103.8 110.4 113.2 114.5 114.2 114.4 115.7 122.3 129.9 136.9 142.2 145.3 144.4 140.7 134.8 126.4 118.7 112.8 107.3 102.7 95.6 83.8 69.1 69.3 73.1 78.4 83.8 90.3 97 102.1 106.2 108.3 109.5 109.7 108.4 106.4 103.1 99.1 94.2 88.2 83.8 82.5 88.7 96.7 105.4 114 121.1 125.2 125 119.9
44.5 44.7 26.8 26.1 27.5 24.4 21.5 21.9 18.4 37.7 44.7 44.4 45 48.7 55.4 62.7 74.9 93.5 99.3 104.2 109 112.8 115.4 115.7 113.4 109.1 102.4 101.7 109.2 114.8 119.3 123.3 126.5 128.7 129.1 126.4 120.6 112.7 102.8 94.4 89.5 87.9 86 87.5 95.9 104.7 108.6 109.8 108.9 108.2 107.8 111.1 119.2 127.6 134.1 139.6 142.8 142.4 137.9 129.6 119 110.6 106.1 104.2 99.9 94.4 85.2 72.6 66.9 71.3 76.6 82.5 89.1 95.2 99.3 102.5 104.1 104.4 104.1 102.9 101 98.1 94.9 90.9 86.7 81.5 79.5 86.3 94.7 104.7 114.7 121.2 125.4 123.4 118.5
42.9 43.1 23 25.6 25.2 22.4 21.2 20.6 17 17.3 43.3 44.8 52.2 76.9 81.2 80.8 87.3 92 96.6 101.4 105.9 110.3 112.7 112.6 110.5 106.3 99.5 99.8 107.3 112.8 116.3 120.2 123.7 126.1 126.8 124.3 118.9 111 99.8 91 87 84.6 84.9 91.1 100.1 104.2 105.7 104.6 103.3 101.9 101.9 108.2 116.8 124.8 132 138 141.7 141.1 135.7 126.9 111.6 101.7 99.9 98.3 96.7 92.5 85.6 76.8 65.8 69.6 72.8 80.1 87.4 92.6 95.7 97.9 98.6 99 98.5 97.5 95.4 92.8 89.9 86.3 82.7 79.3 77.9 85.5 95.3 106.4 116.3 123.3 126.5 124.6 117.1
43.3 44.4 30.9 19.6 19.7 19.5 19.7 18.7 16.6 15.4 64.1 81 78 73.2 71.7 79.6 84.3 88.9 93.6 98.4 102.9 107.4 110.1 109.6 106.8 103.1 96.4 99.8 105.5 109.9 113.4 117.1 120.3 122.8 123.7 122.4 117.4 109.6 96.3 88.7 84.1 82.8 88.1 95.3 99.5 100.7 100.7 99.5 97.5 95.9 98.2 105.2 114.1 122.8 130.2 136.3 140.9 140.3 136 127.4 113.6 97.8 95 93.9 92.5 90.1 84.9 77.5 68.6 67.2 70.4 77.7 85.1 88.6 91.1 91.8 92.2 92.6 92.6 91.8 90.1 87.4 84.6 81.7 78.7 75.6 76.7 86.1 97.4 110.2 120.4 126.8 128.7 124.9 116.3
7.5 8.6 9 27.3 17.5 17.6 18 17.5 17.1 27.1 77.5 74.9 70.8 63.9 70.9 75.9 80.8 85.6 90.3 95.1 100 104.2 106.3 105.4 103.2 98.8 92.5 97.9 103.2 106.8 110.4 113.6 116.7 119.6 121 120.2 116 108.4 94.3 85.1 80.7 84.8 90.9 94.8 96.1 96.6 95.8 93.7 91.4 91.6 97 103.8 112.5 121.6 129.4 136.8 142.1 142.5 137.2 128 115 95.8 90.7 89.4 88.2 86.8 83.5 78.3 70.4 65 67.1 74.7 81 83.8 84.6 85.2 85.9 86.1 86.3 85.5 84.2 82.3 79.6 76.9 74.6 72.2 80.5 90 101.6 115.8 124.9 129.6 130.3 125.7 116.9
7.6 8 8.6 12.4 14.8 15 16.4 17.5 18.6 61.3 71.8 68.1 62.4 58.7 68.1 72.3 77.2 82 86.8 91.7 96.6 100.9 103.4 102.7 99.9 93.8 89.4 97.1 100.8 103.9 106.9 110 113.2 116.3 118.1 118.5 114.2 106.8 93.1 82.2 79.5 85.1 89 90.9 91.8 91.8 90.6 88.2 85.9 90 95.4 103 111.9 121.6 130.5 138.6 144.5 144.7 140.1 131.5 116.8 96.1 88.2 85.6 83.1 82.6 80.6 76.6 71.4 65 64.4 69.5 76.2 77.5 77.9 78.3 79.3 80.2 80.5 80.3 78.9 77.5 74.7 72 69.8 77.9 86.7 95.6 111.1 121.2 127.8 131.5 131.4 126.3 116.7
7.7 8.1 8.4 9.7 14.1 15.1 17 19.3 30 68 66 62.2 53.4 58.3 63.6 68.5 73.5 78.5 83.3 88.3 93.2 97.7 100.3 99.6 95.6 88.9 89.2 94.7 97.4 100.4 103.4 106.5 109.6 112.7 115.3 115.8 114.2 107.4 93.1 80.4 78.1 83.4 85.4 86.5 87.1 86.9 85.5 83 83.3 88.2 94.1 101.6 111 121.1 131.3 139.7 145.9 146.7 143.1 134.8 123.1 100.8 88.6 83.5 80 77.6 75.7 73.8 70.2 65.6 62.9 66 70.4 71.6 71.7 72 73.5 74.4 75 75.5 74.2 72.8 69.9 67.6 74.3 83.3 94 106.5 117.4 124.8 129.9 132.6 131.3 126.2 118.1
7.9 8.1 8.5 14.9 17.2 17.9 23.4 24.5 62.1 63.7 61.4 55.8 46.7 54.3 59.7 64.8 69.7 74.7 79.7 84.8 89.9 94.2 96.8 96.2 92 84.2 88.7 91.3 93.8 96.8 99.8 102.9 106 109.1 112.2 114.1 113.5 109.1 97.5 82.6 76.3 77.1 80.2 81.5 82.1 82 80.4 78 82 86.7 92.1 99.8 109.7 120.1 131 139.8 146.3 148.5 145.9 139.5 128.1 108.2 93.1 85.6 80.9 76.6 73.4 71.1 68.5 64.7 61.9 62.2 64.2 65.8 66.1 66.4 67.6 68.5 69.7 70.5 70.2 68.2 66 70.8 80.8 91.9 103.4 112.6 120 126.1 129.7 131.7 130 124.9 117.5
27.5 29.7 41.2 44.7 47.8 50.3 53.3 56.1 59.1 59 55.9 48 43.7 51 56 61 66.1 71.2 76.2 81.4 86.6 90.9 92.8 93.7 89 81.4 86.1 88.2 90.5 93.4 96.4 99.1 102.2 105.4 108.7 111.8 112.1 110.5 106 93.6 81.9 75.2 74.4 75.6 76.7 77.2 75.4 76.3 80.9 85 90.5 98.2 108 119 129.8 138.6 145.9 148.7 148 143.5 135 121.1 106.2 96 89.2 81.6 76.6 73.2 70.8 68.4 64 61 60.3 59.6 59.8 60.2 61.1 63.7 65.4 66.8 66.4 63.4 67.7 77.1 88.5 97.4 105.7 112.8 119.5 125.3 128.3 129.1 127 121.7 114.8
28 31.9 36.1 39.6 42.6 45.5 49.1 52.3 54.6 54.7 51.4 40.8 41.2 47.4 52.2 57.1 62.5 67.8 72.8 78 83.2 87.7 91.6 91.1 86.3 78.4 82.7 84.3 87.5 90.3 92.7 95.3 98.4 101.6 105.2 108.4 110.9 111.1 109 104.3 95.9 87.5 78.6 72.9 70.9 70.9 71.9 74.4 77.9 82.2 87.9 95.5 105.3 116.7 127.6 137.1 144.7 149 149.3 145.9 140.2 132.6 122.3 113.6 105.2 97.4 91.8 86.9 81.7 77.9 73.3 69.9 66 64 61.6 59.4 58.5 57.6 61.3 62.8 61.5 63.8 73.7 83.6 91.8 98.6 104.3 110.7 116.8 121.4 124.6 125.2 122.9 117.3 110
21.4 25.3 30.3 33.3 37.3 40.8 44.7 48 50.6 50.4 47.1 35.1 37.1 43.3 48.3 53.3 58.7 64.1 69.4 74.6 80 84.5 89.2 89 85.2 78.2 78.3 81.2 84.5 86.8 89 91.3 94.5 98 101.8 105.2 107.7 109.5 110.2 107.8 104.1 98.5 90.8 83.3 76.4 70.4 67.6 71.2 74.5 78.8 83.6 92.1 102.8 114.2 125.8 135.5 143.3 148 150 147.4 142.7 136.8 129.2 121.4 114.4 107.7 101.9 97 92.7 88.9 85.8 82.7 80 77.1 74.2 70.6 64.7 58 57 58.3 61.3 69.9 79.4 86.1 91.6 95.6 100.3 105.6 111.4 117 119.3 119.5 117.4 112 104.3
15.4 19.3 23.3 27.4 31.9 36.5 40.6 43.9 46.4 46.3 42.8 30.4 32.7 39 44.3 49.6 55 60.5 66.2 71.7 77.1 82.1 87.6 88.8 85.3 77.9 75.5 79.3 81.5 83.3 85.2 87.4 90.4 94 97.8 101.3 104.3 107.2 108.6 106.7 103 98.6 92.5 85.8 79 73.9 69.1 66.9 71.1 75.2 79.7 87.5 101.2 113 124.6 134.6 142.4 147 149.2 147.6 143.4 138 130.6 123 116.3 110.6 105.6 100.8 98.1 94.9 91.8 88.8 86 82.6 79 74 67.8 59.8 54.6 58.6 65.7 74.2 80.6 84.6 88.1 90.6 95.2 100.1 105.4 111.3 113.8 114.5 111 105.4 97.6
8.2 13.2 17 21.4 26.8 32.2 36.6 40 42.3 42.1 39.1 26.9 26.9 35 40.5 46.1 51.8 57.5 63.1 68.6 74.5 80.5 86.1 88.7 86.7 79.4 72.8 77.7 78.9 78.5 81.3 83.3 86.3 89.9 93.7 97.4 101 104.3 105 103.3 99.3 94.6 88.8 82.6 77.2 73.4 69.5 65.7 68.3 72.2 76.6 84.5 101.2 113.2 124.7 133.9 141.3 145.7 147.7 146.1 142.8 137.4 129.8 121.8 114.7 108.5 103.3 99.4 96.7 93.9 91.1 88.3 85.4 82.5 78.7 73.5 67.4 58.8 55.1 59.7 67.7 74.8 78.8 82 84.3 85.8 88.8 93.5 98.7 104.6 108.8 109.5 106.1 99.1 88.9
4 6.7 10.6 14.7 21.2 27.9 33 36.6 38 37.5 34.5 23.3 23.1 31.7 36.8 42.8 48.8 54.5 60.3 66.1 72.7 78.8 85.1 88.5 88.3 81.4 72.1 73 75.6 75.7 76.8 79.2 82.2 85.8 89.4 93.1 96.8 100 101.5 99.6 95.4 90.1 83.3 77.2 73.4 70.9 68.5 65.2 66 70.5 76.2 87.8 102.8 114.2 124 132.4 139.4 144.1 146 144.5 141.2 135.8 126.5 115.1 107.3 102 97.8 94.1 90.6 88.1 85.6 83.3 80.9 77.8 74.8 71.2 65.8 58.7 54.7 60 67.2 72.9 75.7 77.5 77.6 79 82 85.3 92.5 98.7 103.9 104.6 101.3 93.8 81.1
3.6 2.5 4.4 9 17.1 25.4 29.6 32.1 33 32.5 30 18.9 21.3 27.9 33.2 38.5 44.8 52 58 64.6 71.1 77.5 83.9 88.9 90 84.8 72.8 68.7 71.5 71.6 73.1 75.7 78.2 81.6 85 88.8 92.8 95.6 97.9 95.8 91 84.6 77.5 72.9 69.7 68.1 66.4 64 65.1 69.8 76 90.8 103.6 113.6 122.5 130.7 137.4 142.1 143.5 143.3 140.1 134.3 124.2 108.3 97.3 92.5 87.4 83.1 80.7 79.2 77.3 75.4 73.7 71.5 68.6 66.8 62.9 57.4 52 59.8 66.8 69.9 71.7 72.9 72.9 72.5 73 78.3 86.1 93.8 98.9 99.7 96.5 89.1 76.3
-2 2.8 2.8 3.8 11.9 20.1 25.3 27 27.5 26.6 24.3 14.8 15.6 21.9 27.8 35.5 42.1 49.9 56.9 63.4 69.7 75.7 84 91.2 92.9 89.3 76.8 68.1 67.1 67.9 69.6 72.2 74.2 77.1 80.5 84.3 88.4 92.4 94.1 91.8 87 79.4 72.3 68.7 66.7 65.4 63.7 61.9 66 72.1 82.1 95 105.1 114 121.9 129.6 135.6 140.1 141.7 141.6 139.3 135.1 128.4 115.7 99.9 88.7 83.6 80.1 76.8 73.3 71.1 68.8 67.1 64.5 62.6 60.8 58.6 55.4 52.5 57.9 63.6 66 67.3 68.3 68 67 67 73.4 81.3 88.2 93.9 95.5 92.6 85 74.3
-2 -2 -2 3.9 3.2 13.4 19.6 20.7 20.8 18.2 13.7 10.3 17.8 29.1 35.7 40.8 47.1 51 57.2 63.3 69.2 76.5 87.6 94.9 97 93.4 84.6 71.9 66.5 64.4 65.8 67.6 70.1 73 76 79.8 84.2 88.7 90.3 88.4 82.5 74.2 68.1 65.1 63.6 62.9 61.2 63 68.6 77 89.6 98.3 105.9 113.5 121.4 128.5 133.7 137.7 139.2 139.3 138.2 135.4 130.8 123.9 111.7 98 90.2 84.8 80.4 76.6 72.7 69.2 66.6 64.4 62 59.8 57.2 55.1 52.5 55 58.9 61.7 63 63.8 63.7 62.4 64.3 69.7 76.7 83.2 92 91.7 88.7 82.9 72.9
2.5 -2 -2 -2 2.8 3.5 9.9 13 4.8 3.5 6.9 15.1 26.6 35.7 41.5 46.2 50.2 54.1 59.7 65.4 72.3 83.9 93.8 98.9 100 96.9 90.4 79.8 70.3 63.9 62.1 62.9 65.8 68.7 71.5 76 80.4 84.7 86.6 84.9 79.1 70.2 64.3 62.4 60.9 59.5 61.2 67.2 75.3 84.5 92.2 99.4 106.7 113.6 119.7 126.4 131 133.7 134.9 135.2 135 135.2 132.1 128 123.3 113.6 103.9 96.8 90.8 85.8 81.4 77.5 75.4 71.7 68.9 66.6 63.2 57.4 51.4 52.1 54.3 56.4 58.3 59.7 58.3 59 61.4 65.6 72.3 79.1 84.4 87.1 85.4 80.4 72.3
2.5 2.3 -2 -2 -2 2.7 3.7 2.8 2.9 5.4 14.4 25.6 33.6 39.4 44.1 48.6 53.1 57.3 62.7 69.4 80.4 90.9 98.1 102 102 98.1 91.8 84.5 76.1 68.6 62.9 59.1 60.6 63.5 67.3 71.9 76.7 81.1 83.5 81 75.2 66 61.2 58.7 58 59.5 65.5 73.6 80.5 86.5 92.3 98.5 104.9 111.1 116.9 122.4 126.8 128.9 129.3 130.1 131.3 132.3 132.1 129.8 126.2 122.1 117 110.8 106.2 101 94.2 90.3 87.7 82.9 79.6 76.4 71.3 64.4 56.7 51.3 50.7 51.6 55.6 55.2 54.3 54.9 56.7 60.1 67.5 74.6 79.8 76.8 73.2 70.5 69.3
2.4 2.3 2.3 -2 -2 4.2 2.5 3.3 10.4 17.3 25.2 32 37.5 41.4 45.8 49.8 54.7 59.7 66.2 75.5 86.1 94.9 101.3 103.6 101.9 96.9 90.6 83 75.3 69.9 65 60 57.2 59 63 68.4 73.9 78.4 80.5 78 71.3 63 57.9 56.5 57.5 63.1 71.3 77.4 81.7 85.4 89.9 95.2 100.8 106.6 112.3 117.4 121.3 123.1 122.8 123.1 125 127.3 128.2 128.4 126.6 124.2 122 118.9 116.4 114.3 110.1 106.1 102.9 99.8 96.2 91.1 83.5 74.5 64.8 57.2 51.7 48.4 48.8 50 51.4 51.2 53 56.1 61.4 64.1 63.8 64.2 64.1 66.3 68.6
2.2 2.3 2.4 2.5 -2 -2 2.4 2.9 21.7 27.6 32.1 36.3 39.6 43.4 47.4 51.2 55.3 60.9 69.4 79.3 89.3 97.6 102.9 103.7 100.6 94.7 87.7 79.4 71.8 67.4 63.8 60.3 56.1 55.3 59.9 65.5 71.1 75.6 77.6 74.8 67.5 59.8 56 55.8 60.3 68 73.9 77.5 80.2 82.6 85.3 89.3 95 100.9 106.9 112.3 115.8 117.1 115.6 114.5 118.5 122 124.4 124.3 123.5 121.9 120.9 121.4 120.8 119 117 114.8 113.4 110.8 108.5 104.5 96.7 87.2 75.8 65.4 59.1 54.4 50.2 47.3 47.5 48.8 48 59 60.9 65.2 70.7 75.5 76.4 74.5 69.7
