app/static/ascii/TQ25.asc
ncols 200
nrows 200
xllcorner 520000
yllcorner 150000
cellsize 50
[rows 105 to 139 of 200, columns 78 to 155 of 200]
162.2 161.6 159.6 155.7 149.4 152.4 153.1 155.8 158.4 160.5 161.4 161.5 159.2 159.5 159.5 158.3 156.4 151.7 147.1 145 151.6 155.8 159.5 161.2 162 161.7 161.1 159.8 156.2 150.8 145.9 152.2 154.6 155.1 151.7 148.9 153 159.1 160.5 162.1 160.3 157.9 151.6 147.8 151.2 151.4 151.5 157.3 160.3 163 164.2 165.2 164.3 162.5 157.3 152 158 161.8 163.5 165.7 167.9 170.4 172.8 174.8 176.6 177.9 178.9 179.9 180.7 180.3 177.9 174.6 171.3 168.6 165.9 163.4 161.3 159.2
163.3 161.1 158.2 153.2 150.8 155.3 157 157.5 160 162.2 162.7 162.9 158.8 162.1 160.9 159.2 156.3 151.2 145.8 148.8 154.7 159.3 161.7 162.6 162.8 162.4 161.9 160.5 155.4 149.8 148.3 154.3 157.7 156.3 152.7 150.4 153.7 159.8 162 162.4 160.2 156.7 150.4 152.7 155.3 156.1 155.2 158.6 161.1 163.9 165.1 166.1 165.5 163.3 159.4 154 159.5 162.2 164.9 167.7 168.9 171 173.4 175.4 177 178.3 179.5 180.5 180.7 179.1 177 173.2 169.5 166.9 164.5 162 159.9 158.6
163.4 161.7 157 151.4 155 159 159.5 158.7 162.1 163.6 163.8 163.9 162.2 162.8 161.4 159.8 155.7 149.6 147.1 153 158.4 161.5 162.7 163.4 163.4 163.1 162.7 160.3 153.8 148.1 151.5 156.3 160.5 158.1 154 151.2 153 159 163.2 162.7 160 154.6 152 156.2 158.9 159.5 158.2 160.7 162.5 164.7 165.7 166.4 166.1 164.5 160.4 156.3 159.5 163.2 165.9 168.6 170.2 172.1 174 176 177.3 178.6 179.9 180.7 180.6 179.2 177.9 175.4 170.4 167.4 164.4 162.1 159.9 159.8
163.9 161.4 156.1 154.3 158.3 161.3 161.9 160.7 163.2 164.8 164.9 165 165 160.3 161.9 159.4 154.2 147.4 151.4 156 159.6 162.6 163.8 164.1 164.1 163.7 162.9 159.4 152.8 150.1 154.8 159.5 161.4 161 156.2 152.6 155.5 162.6 164.2 162.8 159.8 153.8 155 158.8 162.3 162.3 161.2 162.4 163.8 165.3 166.4 166.5 166.5 165.5 163.1 159.4 159.3 164.5 167.1 170.2 172.1 174 175.6 177 178.5 180 180.9 180.6 180 179.6 179.1 177.1 173.7 169.7 166.1 162.7 160.4 161.9
164 159.7 154.5 157.3 161.5 163.7 163.6 162.9 164.9 165.8 165.8 165.9 165.3 160.7 161.9 157.9 151.7 149.8 154.3 158.7 161.6 163.9 165.4 165.5 164.7 164.4 162.8 158.3 151.8 153.8 159 162.4 163 162.1 156.1 155.1 161 163.7 164.3 163.9 159.9 154.2 157.8 162 164.4 164.8 163.8 165 166.1 167.2 168 168.3 168.4 167.2 166.2 162.3 160.5 165.6 168.7 171 173.2 175.1 177.2 178.8 180.3 181.5 181.4 181.7 181 180.3 179.7 178 175.1 170.4 166.6 162.1 160.9 163.3
162.6 158.8 155.4 159.8 163.4 165.8 165.4 165 166.2 166.8 166.7 166.7 165.7 164.9 160.3 155.8 150.1 152.7 157.1 161.5 163.3 165.7 166.6 166.7 165.9 165 162.7 157.1 151.1 156.8 161.8 164.7 163.9 162.9 157.3 157.6 162.7 166.1 165.8 164.3 160 156.1 160.9 165.1 166 166.1 166.1 167.2 168.2 169.2 169.6 170 170.2 169.1 168.6 165.7 161.1 166.9 169.7 172.2 174.2 176.4 178.5 180.6 182.1 182.3 182.8 182.7 182 181.4 179.8 177.4 174.6 170.2 165.7 161.8 161.6 164.7
161.4 157.3 158.5 161.9 165 166.8 167 167 167.6 167.9 167.8 167.1 165.7 164.3 160.1 154 151.8 156.4 160.1 163.2 165.1 167.1 167.5 167.8 167.3 165.8 162.4 157 153.7 157.9 163 166.3 165.1 163.1 158.3 159.9 164.3 167.3 166.2 164.4 160.1 158.3 163.6 166.7 167.8 168 168.1 169.1 170.1 170.9 171.3 171.6 171.9 171.4 170.7 168.6 164.5 166.8 170.1 173.4 175.8 178.2 180.7 182.5 183.1 183.6 184.1 183.7 183 181.5 179.4 176.9 173.6 169.9 165.2 161.9 161.4 165.3
160.5 156.8 160.3 164.1 166.4 167.6 168 168.5 169 168.7 168.6 167.4 165.9 163.2 160.1 152.4 155.6 159.8 163.3 164.9 166.7 167.9 167.9 167.9 167.4 165.6 163.2 158.2 155.9 161.9 165.1 165.8 165.7 163.7 158.6 161.9 166.1 167.6 166.1 164.6 160.6 160.4 165.4 168.5 169.7 169.9 170 171 172 172.6 173.2 173.5 173.5 173.1 172.3 171 167.1 167.4 171.6 174.9 177.3 179.5 182 183.5 184 184.6 184.7 184.1 183.3 181.7 179.7 176.1 172.9 169.2 165 160 161.2 165.4
158.3 159.2 163.7 166.2 168.3 168.8 169.3 169.7 170.1 169.6 169.4 167.8 166.1 162.4 160.5 159.6 158.2 162.4 165.2 166.9 168.4 169 169 169.1 167.6 165.6 163.8 159.8 159.2 164.9 166.7 166.6 166.2 162.9 159.9 164.1 166.9 168.5 167 165.6 161.1 162.3 167 169.9 171.1 171.7 172 172.8 173.7 174.3 174.9 175.1 175 174.8 173.6 172.5 169.4 168 173.4 176.2 178.5 180.7 183 184.4 184.5 184.6 184.6 184.1 182.9 181.4 179 175.2 171.3 166.5 160.6 156.9 161.7 165.4
159.8 162.9 165.9 168 169.3 169.9 170.5 170.9 171.1 170.5 169.9 167.8 165.3 163.2 161.4 160.3 161.1 164.5 166.7 168.7 170.1 170.4 170.7 170.2 168.1 165.9 163.9 161.5 162.6 166.1 167.6 167.5 167.1 162.5 162.4 165.9 168.5 169.9 168.6 166 162.7 163.1 168.6 171.3 172.3 173.1 173.9 174.7 175.3 175.8 176.3 176.2 176.2 176.4 175.6 174.5 171.8 170.6 174.3 177.4 179.7 181.9 183.5 184.1 184.4 184.6 184.5 183.8 182.5 181.2 177.9 173.1 167 159.3 156.4 159.2 165.3 168.4
161.1 164.1 167.9 169.9 170.6 171.1 171.6 172.2 172.1 171.4 170.3 168.2 165.7 163.2 161.6 161.1 162 164.8 167.3 169.2 170.9 171.4 171.7 171.1 169.2 166.8 162.3 160.2 165.5 168 169.4 168.7 167 163.7 164.2 167.3 169.9 171 170.1 166.9 164.4 164.2 170 172.4 173.6 174.4 175.2 176.3 176.7 177.3 177.4 177.5 177.9 178 177.5 176.1 173.3 172.4 175.7 178.5 181.1 183 183.8 184.3 184.6 184.8 184.2 183.5 182.4 180.1 176.5 168.6 158.8 152.5 154.5 163.3 169 171.4
162.5 165 169.5 171.4 172.1 172.6 172.9 173.2 172.2 171.7 170.9 168.2 165.6 163.2 161.9 162.4 162.9 165.2 168 169.8 171.6 172.3 172.2 171 169.6 166.9 161.1 163.2 168.3 170.2 171.1 170.2 167 164.2 166.9 169.3 171.1 171.8 170.7 168.2 165.8 164.9 170.1 172.5 174.8 175.8 176.8 177.9 178.2 178.6 178.8 179.2 179.6 179.5 179.1 177.3 174.5 173.9 177.1 180.3 182.5 183.4 184.2 184.6 184.9 184.4 183.8 183.2 182.2 178.5 174.5 162.7 150.2 147.4 156.9 165.6 171.5 174.1
164.5 165.5 169.3 171.8 173.1 173.4 173.7 173.6 172.5 171.6 170 167.8 165.4 163 163.2 163.8 164.4 165.8 168.7 170.6 172.3 172.6 172.2 170.6 169.2 165.4 160.1 165.4 169.8 171.2 171.7 170 167.1 167.2 169.6 171.5 172.9 173.3 172.7 170.2 167.4 166.1 170.3 172.7 175.3 177 178.2 179.4 179.8 180.1 180.5 180.9 181.3 181 180.6 178 174.8 175.7 178.8 181.8 183.6 184.5 185 185.3 184.8 184.2 183.6 182.9 180.4 175.6 170.9 157 142.5 144.3 158.5 165.8 172.1 175.5
166.3 165.4 169 172.3 173.6 174.3 174.6 173.9 173 171.2 169.2 167.2 165 164.7 166.3 166.9 166.9 166.9 169.5 171.7 173 173.1 172.7 171.2 169.7 163.6 162.8 168.5 171 172 172.6 170.7 167.4 170.1 171.8 173.2 174.5 174.9 174.4 172.4 168.8 166.7 170.6 173 175.9 177.7 179.2 180.3 181 181.8 182.2 182.6 183 182.5 181.6 178.4 175.2 177.6 180.5 183.4 184.7 185.5 185.9 186.2 185.4 184.3 183.7 182.1 178.8 174.5 165.9 152.4 138.8 140.8 155.2 163.2 169.4 174.4
167.8 166.5 169.6 172.6 173.8 174.9 175 174.3 173.6 171.9 169.8 167.6 166.3 168.4 170.5 170.3 169.4 168.4 170.4 172.8 173.6 173.7 173.4 172.4 170.1 163.8 166.1 170.3 171.7 173.1 173.5 171.3 168.8 172.4 174 175.1 175.7 175.6 174.9 173.1 169.6 167.6 170.8 173.6 176.5 178.3 179.9 181.3 182.3 183.2 184 184.3 184.3 183.3 182.4 179.3 177.4 180.1 182 184.2 185.4 186.3 186.3 186.2 185.6 184.5 182.6 180.6 176.6 169.6 162.2 149.7 138.9 139.4 149.7 159.8 166.6 170.9
169.9 169.6 170.3 172.9 174.7 175.5 175.7 175 174.3 172.8 170.7 168.6 168.9 170.7 172.1 172.5 172 170.6 171.4 172.9 174.3 174.8 174.3 173 169.5 163.5 169.2 172.8 174.7 174.6 174.5 171.8 170.5 174.1 175.7 176.6 177 176.9 175.8 173.9 171.1 168.7 171.4 173.7 176.5 178.8 181 182.3 183.7 184.3 184.9 185.2 185.1 184.4 183.3 180 180.2 182.1 183.3 184.8 185.6 186.1 186.1 186 185.4 183 181.1 178 171.9 163.9 156 144.1 135.1 135 144.2 155.5 163.8 167.1
171.8 170.6 171.3 173.1 175.2 176 176 175.4 174.8 173.9 172 170 170.7 172 173.4 174.2 173 173.1 173.9 174.4 175 175.7 174.2 172.8 169.3 165.8 171.1 174.6 176.1 175.8 175.4 172.5 171.7 175.1 176.6 177.9 178.4 178.3 177.1 175.4 172 170.7 172.5 174 176.2 179.4 181.5 183.1 184.8 185.2 185.8 186 185.7 185.1 182.3 181 182.8 183.8 185 185.4 185.5 185.9 185.9 185.9 184.2 181.4 179.2 174.2 164.1 154.7 145.1 135.8 131.2 132.6 141 149.6 158.5 162.6
173.4 172.4 172.8 174.1 175.3 176.5 176.2 175.8 175.6 175.4 173.6 171.6 172.6 173.7 174.7 175.6 175.9 176 176.6 176.6 176.7 176.2 175.5 173.4 169 167.7 173 175.6 177.4 177 176.5 173.7 173.1 176.1 177.9 179.3 179.6 179.3 178.2 176.5 173 171.5 174.3 176.5 176.3 178.7 181 183.5 186 186.2 186.5 186.6 186.2 184.4 182.6 182.8 183.9 184.8 185.9 186.7 185.9 185.7 184.9 184 182.2 179.3 174.6 167.6 157.4 145.7 136.4 130.7 126.1 127.9 133.6 141.1 149.9 154.8
175 174 174.4 175.3 176.2 177 176.7 176.4 176.1 175.8 174.3 173.4 174.3 175.2 176.2 177 177.6 178.1 178.4 178.5 178.6 177.8 177 174.5 169.8 168.7 174.1 177 178.5 178.5 178.1 175.9 173 175.9 178 179.6 179.8 179.6 179 177.5 175.1 174.3 176 178.6 178.7 178.9 180.7 183.1 185.1 186 186.9 187.4 186.2 184.6 184.1 184 184.4 185.7 186.8 187 186.1 184.8 183.5 182.7 179.8 175.1 170.1 161.6 150.5 139.3 131.4 126.5 123.9 123.6 127.2 133.4 139.5 142.7
176.3 175.6 175.9 176.7 177.4 177.8 177.8 177.2 176.6 176 174.8 175 175.8 176.7 177.6 178.4 179 179.8 180.4 180.6 180.4 179.4 177.8 175.1 170.5 170 174.6 178.4 179.6 179.6 179.3 177.6 173.9 176.5 178.5 179.9 180.5 180.4 180.1 179 176.9 175.4 176.8 179.6 180.8 180.8 180.8 183 185.2 186.1 186.8 187.4 186.2 185.5 185.5 185.4 185.4 186 186.9 186.8 185.8 184.6 183 181 176 170.7 162.5 152.9 142.7 135 128.7 126.8 125.1 121.4 121 122.6 128.3 130.7
178 177.5 177.3 177.9 178.5 178.5 178.5 178.6 178 177.5 176.9 176.3 176.8 177.6 178.3 179.5 180.3 181.1 181.8 181.7 181.5 180.7 179.3 176.9 172.6 171.5 175.9 179.7 180.5 180.4 180.3 178.9 176.4 177.1 178.9 180 181 181.3 181.3 180.1 178.4 176.6 177.3 180.3 181.5 182.4 182.6 183.5 185.7 186.4 186.9 187.1 186.7 186.3 186.1 186.2 186.3 186.2 186.1 186.2 185.6 184 181.8 178.7 173.3 165 153.9 145.8 138.2 132.3 128.8 127.4 125.7 122.4 118.6 118.4 118.9 120.7
179.4 179 178.3 179 179.4 179.3 179.2 179.2 179.2 178.5 178.1 177.6 177.7 178.3 179 180.3 181.6 182.1 182.5 182.7 182.6 181.7 180.4 177.5 173 172.5 178.4 180.7 180.8 180.8 180.8 180.7 179.9 178.7 179.2 180 180.9 182.2 182.3 181 179.7 177.3 177.9 181.1 182.3 183.4 184.2 184.7 186.1 187.1 187.7 187.8 187.5 187.2 186.9 186.7 186.7 185.9 185.3 185.4 183.2 181.6 179.2 175.7 170.8 162.8 152.2 142.9 135.7 130.5 128.6 126.9 124.8 121.4 122.5 123.6 116.4 120.5
180.8 180.6 180.1 180.2 180.2 179.9 179.6 179.4 179.4 179.4 178.8 178.5 178.6 178.9 179.8 181.1 182.4 182.9 183.1 183.4 183.4 182.8 180.9 178.9 176.4 173.3 177.1 180.5 181.1 181.5 181.8 181.8 181.1 180.4 179.3 179.7 181.1 182.5 183.3 182.3 181 178.8 178.5 181.4 183.7 185.4 185.8 186.2 187.1 188.1 188.5 188.3 188.3 188 187.7 187.6 186.7 185.7 184 181.7 178 174.4 169.8 169 163.9 157.3 149.1 140.8 133.7 128.7 127.8 127.1 127.7 125.4 123.6 120.3 114.7 113.8
181.9 181.8 181.4 181.2 181.1 180.7 180.4 180.2 179.8 179.6 179.4 179.4 179.7 179.8 180.6 181.8 183 184.2 184.3 184.2 184.5 184 181.8 180.3 176.7 174.8 174.6 179.7 181.9 182.3 182.6 183.2 182.1 181.4 180.4 180.1 181.4 182.8 183.8 183.6 182.3 180.8 180.9 182.3 184 185.8 187.1 187.8 188.5 188.9 189.2 189.3 189 188.9 188.8 188.7 188 185.9 182.9 178.4 169.7 165.2 160.5 159 154.2 148.7 143.1 135 129.5 129.5 131.2 127.3 125.9 119.1 117.5 115.9 114.6 113.8
182.9 183 182.5 182.4 182.1 181.7 181.3 181 180.7 180.4 180.2 180.5 180.8 181.1 182 182.9 184 185.2 185.9 185.8 185.6 185 182.2 180.5 177.6 176.8 176.8 178.6 181.3 183.4 183.6 184.3 184 182.9 182.2 182 182.3 183.7 185.2 184.9 184.1 182.5 181.8 183.1 184.7 186.5 188.1 188.9 189.6 189.9 190 190.2 190.3 190.5 190.1 189.9 189.2 187.4 184 179.4 174.8 168.8 162.8 152.6 145.9 139.1 135.4 132.9 135.2 130.1 128.7 122.1 120.2 118.2 117.1 115.7 115.4 115.8
184 184.1 183.7 183.5 183.2 182.7 182.3 181.9 181.6 181.8 181.7 181.7 181.8 182.4 183.3 184.2 185.2 185.9 186.7 186.6 186.3 185.7 184.2 182.6 181.4 179.7 178.7 179.2 181.3 183.1 184.6 185.4 185.5 184.7 184.1 183.4 183.2 184.7 186.3 186.1 185.3 184.4 183.2 183.8 185.5 187.2 188.8 189.8 190.7 191.1 191.2 191.5 192 192.2 191.8 191.4 190.1 188.5 185.6 182.5 179.4 174.2 169.3 157.8 146.1 137.3 139.5 134.8 132.3 123.8 120.7 119.6 118.5 117.3 116.8 117.3 118.5 119.8
185.1 185.1 184.9 184.8 184.3 183.9 183.5 183.2 183.2 183.3 183.1 182.9 182.9 183.8 184.6 185.6 186.3 186.7 187 187.3 187.1 186.8 186.2 185 183.6 182 179.4 177.6 179.3 182 184.9 186 186.1 186.2 185.5 184.7 184.2 185.8 187.3 187.4 186.9 185.5 183.9 184.2 186 187.9 189.5 190.9 191.7 192.4 192.8 193.1 193.6 193.8 193.1 192.4 190.9 189.1 186.5 182.4 177.5 171.8 164.9 155.1 145.4 142.3 136.5 132.4 123.3 121.8 120 117.8 117.7 118 118.4 120.3 121.9 123.8
186.2 186.3 186.2 186.1 185.9 185.5 185.2 185.2 185.3 184 183.6 183.3 183.6 184.5 186 186.9 187.4 187.9 188.1 188.2 188.3 188.3 188 186.8 185.7 183.9 180.3 177.8 179.5 180.5 184.9 186.7 187.2 187.6 186.7 185.8 185.8 187.6 188.7 188.9 187.9 185.8 184.6 186.4 187.4 189.4 191.2 192 192.7 193.4 194.2 195 195.5 194.5 193.6 192.2 190.6 188.1 184.8 179.6 173.8 167.4 159.3 147 142.6 138.8 127.2 125.4 124.6 122.5 119.6 119.6 120.1 120 122.7 125.5 127 127.9
187.5 187.6 187.5 187.5 187.4 187.1 187.2 187.3 186.9 184.4 183.3 183.2 184.1 185 186.8 188.1 188.6 189.1 189.5 189.9 189.9 189.9 189.6 188.4 187.2 185 181.5 180.7 182.6 183.1 183.7 187.1 187.7 188.8 188.2 187.2 187.7 189.4 190.2 190.3 188.9 186.8 188.2 189.3 189.8 191.7 192.3 193 193.8 194.5 195.2 197.2 196.2 195.2 193.3 191.1 189 185.5 181.3 175.2 168.5 161.7 149.3 144.7 141 130.5 128.9 127.1 125 122.9 122.6 122.9 123.8 124.5 127.4 130.6 132 132.3
189 189 188.9 188.9 188.9 189.1 189.3 189.4 187.3 185.2 182.8 183.3 184.4 186.4 188.2 189.8 190.6 191.1 191.3 191.3 191 190.7 190.4 189.7 188.7 185.7 182.3 183.3 185.3 185.8 185.1 187 189.3 189.9 190 189 188.7 189.8 191.4 191.8 190.9 191.4 191.6 191.9 192.2 193.6 193.9 194.1 194.8 195.6 196.7 197.4 197 195.4 192.8 190 186.2 182.4 177 170.4 163.7 151.7 147.6 140.4 132.4 129.4 128.3 126.8 126.3 125.7 124.6 125.9 126.8 127.6 131.1 134.1 133.4 132.8
190.3 190.3 190.3 190.3 190.4 190.5 190.8 190.9 190 186.6 183.1 181.8 184.8 187.9 189.9 191.1 192.1 192.6 192.8 192.6 192.2 191.8 191.4 190.9 189.1 185.8 183.2 185.4 187.5 187.8 187.6 187.8 190.3 191 191.5 191.1 189.8 190.4 193.1 193.3 193.5 193.7 193.9 194.3 194.7 195.4 196.3 195.5 195.9 196.6 197.9 197.5 196.8 194.1 190.1 186.3 183 178.5 172.5 162.9 154.1 150 140.2 132.9 128.7 129.2 132 129.4 128.1 128.2 127.3 128.6 130.1 130.2 132.2 134.5 134 133.3
191.3 191.5 191.6 191.6 191.8 191.9 192 192.2 190.9 186.8 183.1 182.5 187.2 189.8 191.3 192.6 193.7 193.7 193.6 194.1 193.7 193.4 193 192 188.9 185.5 185.6 188 188.7 188.6 188.3 189.2 190.8 192.3 192.6 191.9 190.4 191.9 195.3 195.6 195.9 196.1 196.3 196.7 196.7 196.8 198.2 198 197.1 197.7 198 197.4 196.1 191.7 186.7 181.7 177.9 173.4 161.9 156.2 152.7 144.9 135.7 129.5 132 142.9 137 131.7 129.4 130.6 130.1 131.8 132 132.2 133.2 133.4 132.8 131.5
192.3 192.8 192.9 193 193.2 193.3 193.4 193.4 191.4 187 182.6 185.1 189 191.2 192.8 194 195.2 195.2 195.1 195 195.3 195 194.2 192.5 189.2 185.9 187.1 190.3 190 189.7 189.3 190.9 192.5 193.7 193.7 193.4 191.9 193.5 196.2 197.5 197.9 198.2 198.5 198.7 198.6 198.6 199.6 200.4 199.6 198.3 196.5 195.1 192.3 187.3 182.7 177.4 172.5 160.6 157.8 155.5 148.4 140.7 132.6 132.6 141.3 153.4 140.2 133.7 131.5 131.5 132.2 132.7 132.7 132.8 133.6 133 131.2 129.1
193.5 194 194.3 194.4 194.5 194.4 194.2 193.9 191.2 187 183.5 186.6 189.7 192.2 193.8 195.3 196.1 196.4 196.6 196.9 196.8 196.1 195.3 192.4 189 187.1 189.2 192 191.8 191.6 191.8 193.3 193.9 194.7 195.4 194.5 193.7 195 196.9 198.8 199.5 199.9 200.3 200.7 200.6 200.6 201 201.2 200.6 198.8 195.2 191.2 188.8 184.6 179.8 168 162.8 159.7 157.9 150.1 144.3 137.2 132.5 140.6 150.9 150.9 139.5 135.4 134.8 133.2 133.5 133.7 134 133.3 133.3 131.5 129 125.8
194.7 195.3 195.5 195 194.9 194.7 194.6 194.2 190.7 186.6 184.9 187.3 190.2 193 194.7 196.3 197 197.2 197.5 197.7 197.7 196.8 194.8 190.5 189.4 190.8 192.8 193.9 193.7 193.6 194.1 195.3 196.4 196.8 196.6 196.6 195.9 196.1 197.5 199.4 201.3 201.5 201.9 202.4 202.8 202.8 203.2 201 200.4 197.6 193.5 189.4 185.4 182.3 170.5 165 161.6 159 152.3 146.1 140.4 135.5 138.3 149.9 156.5 145.7 137.7 134.8 134.6 134.4 134.7 135.1 135.3 133.7 133 131.2 125.3 120.6
