app/static/ascii/TQ30.asc
ncols 200
nrows 200
xllcorner 530000
yllcorner 100000
cellsize 50
[rows 74 to 110 of 200, columns 84 to 167 of 200]
98.9 94.2 85.3 76.7 71.6 72.1 76.8 83 87.9 91.4 92.4 92.5 98.4 108.9 115.4 122.4 129.7 132.3 134.9 137.6 136.4 139.8 144.4 149.4 153.5 156.6 159.9 161.4 163.5 161 161.5 160.6 159.8 158.8 158.9 161.3 164.6 168.2 170.8 173 175.4 177.6 179.8 183.1 186.5 190.1 192.5 194.3 195.1 195.1 194.9 194.3 193.8 193.4 192.2 191.1 189.4 187.1 184.2 180.5 175 166.9 154.9 135.9 114.8 105.6 97.3 88.9 84.2 82.2 79.3 77.9 76.9 81.7 80.8 77.9 77.2 81.2 84.8 92 103.1 118.1 130.8 149.2
105.9 102.7 95.9 87.1 78 75.3 78.4 87.5 95.2 100.4 102.1 103.3 104 108.3 115.2 123.9 131.8 137.9 140.8 142.8 143.4 146.8 150 153.2 155.5 157.8 159.2 160 159.1 154.2 157.7 155.7 149 149.3 152.1 156.7 160.4 163.9 166.6 168.6 170.9 173 175.4 179.1 182.2 185.5 188.2 191.4 193.7 195.2 195.1 194.2 193.3 192 190.5 189.1 188.1 186.7 185.1 182.4 178.3 171.9 163.6 150.5 135.6 124.3 114.6 104.7 97.2 88.3 82.3 78 74.5 73.7 74.6 76.3 79.7 85.2 92.3 104.2 116.1 128.7 142.9 155.1
114.4 111.9 106.9 97.8 87 79.2 79.5 91.5 99.7 105.9 108.9 110.3 111.7 115.5 123.8 131.9 137.9 142.4 145.8 147.8 149.5 151.8 154 155.4 156.7 157.8 157.5 157.3 155.8 154.1 154.3 150.5 145.5 142.4 147.3 152.2 156.6 160.5 162.3 164.3 165.5 167.4 169.6 171.9 175.8 179.7 183 186.7 190.3 192.8 193.5 192.2 190.6 188 186.1 184.2 183.1 182 181.5 180.5 178.4 174.5 168.6 160.9 152 142.6 132.9 122.9 111.6 97.9 85.9 79.8 74.5 73.5 74.1 78.5 85.5 94 104.8 115.4 125.3 137.9 148.8 160.2
120.6 118.7 113.9 106.4 92.8 86.8 88.3 92.9 102.5 109.2 113.2 115.5 119.2 126.5 134.8 140.2 144.1 147.4 150 151.5 152.9 154.5 155.7 156.5 156.9 156.3 155.5 153.7 151.9 148.8 146.5 141.8 139 137.9 143.2 149.2 153.5 156.7 158.4 159.9 160.6 161.8 163.6 165.4 168.6 172.6 177 181.6 185.5 189.2 190.9 188.9 186 182 178.9 177 175.4 174.6 174.6 175.3 174.9 173.1 169.6 163.6 155.5 147.4 139 129.2 118.5 104 87.9 79.1 74.2 72.8 74.8 81.5 90.2 101.1 111.5 120.9 130.1 139.6 151.3 161.5
124.6 123.6 119 111.9 98.7 89.2 89.2 95 103.1 111.7 118.1 124.8 131.9 137.4 142.3 146 148.9 151.2 152.8 153.6 154.1 154.5 155.3 156.1 155.5 154 152 149.9 146.3 143 139.8 136.9 133.6 134 140.5 146.7 150.4 152.8 154 154.2 154.7 155 156.6 158.5 161.4 165.4 169.7 175.3 181.4 184.8 187.1 185.3 180 173.8 168.5 163.4 159.6 159.7 163.4 167.5 168.5 168.7 166.9 161.9 155.6 147.7 139 129.5 118.3 104.5 87.4 78.3 72.7 71.4 76.8 84.4 93.4 102.9 111 119.7 126.9 135.9 146.1 158.3
126.6 127 122.8 116.6 103 89.6 89.5 97.2 106.1 117.5 128.1 135.5 141 144.3 147.7 150 151.7 152.9 153.6 153.7 154.1 154.2 154 154.1 153 151 148.7 145.6 141.8 138.2 134.4 131.5 129.8 133 139.5 144.4 147.4 149.1 148.3 148.2 148.5 148.1 149.2 151.5 154.4 159 163.6 169.7 175.7 179.8 182.5 183.1 179.7 172.4 159.9 150.5 143.4 140.6 143.1 150.3 159.4 162 161.7 158.6 152.6 145.1 135.5 125.5 113.9 99 86.2 77 71.9 70.7 77.4 84.8 92.5 99.6 105 111.1 113.8 121.6 137.5 153.5
127 129.7 127.5 121.5 107.9 98.8 99.6 106.2 116.2 129.8 137.9 142.6 146.7 149 150.2 151.7 152.3 152.1 152 151.8 151.6 151.5 151 151 149.5 147.1 144.7 141.5 137.5 132.9 128.6 126 124.7 132.5 138.7 143.2 144.4 145 143.9 142.9 141.3 140.4 141.5 143.2 146.1 151.1 157.9 164.3 169.8 174.4 178.9 180.5 180.4 176.3 169.2 158 144.3 133 128.3 133 142.6 153.4 154.6 152.5 147.1 139.4 129.4 118.5 106.6 92.5 84 75.1 70.3 69.8 76.5 82.3 88.1 91.9 93.3 92.4 97.8 108.8 128.3 150.3
126.8 131.2 131.7 127.2 117.7 111.9 114.1 119.2 130.6 138.4 143.7 147.2 149.3 150.5 150.5 150.7 150.7 149.7 149.5 149.3 149 148.6 148.1 147.5 146.7 143.6 140.5 137.6 132.8 127.9 123.2 120.2 124.4 132.2 137.6 140.7 141.4 140.7 139.7 137.6 134.6 133.3 134.1 135.6 139.4 145.4 152.3 158.7 164.2 169.9 174.5 177.5 178.3 176.9 172.2 165.3 152.4 138.2 124.7 121.4 127.3 138.4 146.3 145.6 140.5 132.5 122.2 108.8 96.9 87.5 79.5 73.6 69.5 68.9 72.4 77.5 80.2 82 82.8 86 93.3 107.4 126.3 149.1
128.3 134.4 136.3 135.6 131.3 129.1 132.6 137.1 141.7 145.1 147.8 149.4 150.2 149.9 149.1 148.5 147.9 147.2 146.9 146.2 145.4 144.5 143.8 143.7 143.3 140.8 137.7 133.7 128.7 123.7 118.7 116.9 124.2 131 136.3 137.7 137.9 136.5 134.9 131.9 128.9 126.7 126.9 129.1 134.3 140.4 147.8 154.3 160.6 165.3 169.4 172.7 174.4 174.4 171.4 164.8 153.2 136.9 123 115.4 116.1 122.7 136.5 137.4 132.7 125 113.5 100.6 89.2 82.2 76.2 71.9 69.7 69.1 69.4 70.4 73.2 75.1 78.2 85.2 96 111.3 129.3 150.7
133.6 138.8 141.9 142.1 141.9 142.5 144 145.6 147.5 149.5 149.5 149.4 148 146.8 145.7 145 144.3 143.6 142.8 142.1 141.3 140.4 139.4 139.3 139.5 138 134.5 129.8 125 119.9 114.7 116.5 125.3 129.4 133 135.1 134.5 132.8 129.6 126.5 123 120.6 120.5 123.9 130.5 137.5 144.2 150.4 156.5 161.1 164.7 167.2 169.4 170 169.2 164.2 152.3 132.8 119.4 111.7 108.9 112.6 122.3 128.2 124.7 116.8 105.8 94.2 84.8 78.3 75.6 73.4 72.3 69.7 67.9 66.9 68.3 71.5 77.1 86.5 98.4 114.9 135.1 150.3
138.7 143.2 146.5 147.7 148.3 149 149.9 150.6 150.4 149.6 148.1 146.2 144.3 143.1 141.9 140.9 140.2 139.5 138.7 138 137.2 136.4 135.5 135.7 136.2 135.3 131.8 126.8 120.8 115.8 111.4 116.1 124.7 128.2 130.3 131.5 131.2 128.4 125.4 122.3 119 116.1 116 121.5 128.7 135.1 141.5 147.8 152.8 156.5 159.3 161.7 163.5 164.8 164.8 163.2 154.5 140.7 121.7 110 105.7 105.7 108.8 118.2 116.4 108.6 97.5 89.5 82 79.2 80.7 83.6 82.6 76 69.9 66.6 66.3 69.9 78 89.1 102.1 124.3 139.7 150.1
143.2 146.5 149.2 150.8 151.7 152.4 152.6 152.6 150.6 148.2 144.8 141.9 139.5 138.3 136.9 135.9 135.3 135.1 134.6 133.9 132.8 131.8 131.1 132.8 133.6 132.8 129.2 124 117.4 111.4 108.9 117 122.8 125.6 127.4 127.6 127.3 125.5 122.3 118.5 114.8 111.8 115.1 120.7 126.9 133 139.1 144.8 149.2 151.6 153.9 156.2 157.4 159.5 160.6 160.5 155.9 147.4 130 108.7 103.3 101.6 101.3 104 105.5 98.8 91.3 86 82.8 85.6 90.1 96.9 93.1 82.7 72.7 66.4 66 70.4 80.9 92.3 110.3 128.1 139.5 149.3
145.3 148.2 150.5 152.1 152.8 153.6 153.1 151.7 149.6 145.3 140.7 137.1 134.2 132.5 130.9 130.6 130.4 129.6 129.7 129.6 128.1 127.1 126.5 129.6 131.1 130.3 126.6 121.3 113.8 106.6 108.2 116.4 119.3 121.9 123.4 123.3 123.2 121.8 119.3 115.9 110.4 109.1 114 119.6 124.9 131.1 137.1 141.8 145.3 146.9 148.5 149.3 151.7 153.9 156.2 157.3 155 148.2 135.6 113.6 103.8 99.5 96.9 96 95.8 91.2 87.1 85.6 88.7 94.2 101.6 103.2 92.3 81.8 72.9 66.1 66 72.4 83.5 99.9 117.1 128.2 138.8 147.8
145.7 147.7 149.7 151 152 152.7 152.1 150.7 147.2 141.6 135.5 129.6 127.8 126.2 124.6 124.8 124.6 124 123.6 123.7 123.3 121.5 123.4 127.5 129.9 128.4 124.7 118.5 110.2 103.1 107.4 114.6 116.9 118.1 119.2 119.1 118.9 117.5 115.5 113 106.5 106.8 112.4 117.2 122.9 129.5 135 139.1 141.5 141.8 142.5 143.1 144.9 148 151.6 154.1 153.9 149.9 143.2 125.1 107.7 100.5 96.7 94 91.9 89.7 88.6 93.1 97.7 104.3 108.3 102.8 91.8 78.8 69.5 65.9 67.3 75.5 88.7 104.4 117.9 128.5 136.7 145.1
143.8 145.2 146.6 148 149.2 150.4 150.3 148.5 145 138.9 131.1 123.1 120.9 119.8 118.8 119 119 119 118.9 118.3 118.5 119.4 120.7 126.8 129.5 127.3 123 115.9 107.4 99.4 106.6 111.4 112.9 113.9 115 114.7 114.4 113.6 111.4 107.7 104.8 105.7 110.7 115.4 121.9 127.9 133.5 136.6 137.5 136.7 136 136.7 139.6 142.6 147.3 150.7 152.5 151.1 146.8 138.8 123.3 109.7 102.4 98 96.8 96.6 99 103.5 109.1 112 108.9 101.6 87 74.5 66.5 65.5 69.5 78.7 92.8 106.6 117.8 126.6 134.6 141.6
138.1 139.7 140.9 143.4 145.1 147.2 147.3 146.3 143.3 137.6 128.5 119.4 114.3 113.3 113.4 113.8 113.9 113.9 113.9 115.8 116.4 117.6 121.8 127.1 129.5 127 121.5 114.3 104.5 96.3 104.6 107.6 108.5 109.4 110.2 110.3 109.7 109 108.2 104.7 102.1 104.7 109.7 114.9 121.5 126.9 131.6 133.5 132.5 131.2 129.4 129.8 133.3 137.5 142.7 146.9 150.4 152.4 150.7 146.9 139.9 129.1 120.3 115.1 111.6 110.6 113 116.4 117.2 114.1 107.8 98.9 84 71.2 64.5 65.3 71.4 80.7 93.8 106.8 117.3 124.5 131.7 138.4
131.9 133.4 135.6 138 140.2 143.2 144.8 144.3 141.9 136.9 129.7 119.8 109.9 107.5 108.2 109 108.9 108.8 108.7 114 115.1 117.8 123.4 127.9 129.7 127.2 121 112.7 101.1 94.8 100.4 102.8 103.8 104.6 105.3 105.8 105.1 104.4 103.6 101.9 98.9 103.5 108.7 115.1 121.8 126.3 130.1 130.5 128.5 124.4 122.5 124.1 127.6 132.4 137.5 143.4 148.5 152.2 152.5 150.9 147.5 143.9 138.5 134.9 130.5 130.7 128.5 125 119.1 111.4 103.9 94.6 80.3 68.1 64.2 65.7 72.8 82.5 94.5 105.4 115.3 122.3 129 135.5
124.7 127.1 129.3 131.9 135.3 139.1 142.2 142.2 140.5 136.5 130.6 121.6 110.7 102.5 103.4 104 103.9 103.8 103.2 107.6 115.5 121 125.9 129.3 129.8 127.5 122.3 113.7 101.7 92.3 93.7 97.7 98.9 100 101 101.6 101 100.3 99.7 97.9 97.2 102.2 108.1 115.5 122.6 126.4 127.5 126.5 123 118.5 115.8 118.4 122.6 127.4 133.8 140.4 147.4 152 153.5 152.9 150.9 148.5 145 143.7 141 136.8 131.4 125.5 117.2 107.8 98.4 88.6 77.3 66.2 63.7 66.2 73.8 84.1 95.4 104.1 112.7 119.8 126.7 131.9
121.7 122.2 122.8 125.6 129.6 135.1 139.1 139.8 138.5 135.1 129.3 121.7 111.3 100 99.1 99.3 98.8 99 104.7 112 117.8 121.9 125.3 128.4 129.4 127.8 123.6 115.9 106.5 95.4 89.5 91 93.4 95.5 96.9 98.1 98.1 97.8 96.8 95.4 95.6 102.3 111.2 118 122.6 125.5 124.4 122.4 118.8 113 110 113.8 117.7 123.3 130 138.4 146 150.6 152.1 151.5 150 148.6 147.5 145.9 142.3 137.2 130.7 122.5 112.9 103 93.3 83.2 72.1 65.1 63.7 66.8 75.5 84.2 94.3 102.9 110.7 117.7 124 127.8
120.9 120.9 121 121.7 125.5 131.6 136.1 137.6 136.3 132.9 127.2 119.5 108.5 97.7 94.4 94.9 94.9 102.3 108.4 113.4 116.7 119.5 122.6 125.9 127.5 127.2 123 117 109.4 100.3 92.5 86.5 88.5 91.7 93.2 94.4 94.4 94.5 93.6 92.6 98.4 105.7 115 120.6 123.8 123.7 122.2 119.2 114.5 108.6 105.4 110 113 119.6 128.5 136.5 144.6 147.8 148.5 147.7 146.9 146 146 144.9 141.3 136.3 129.4 120.5 109.9 99.5 89.6 79.9 70.5 64.1 63.8 67.8 76.8 85 93 101 108.8 115.8 121 124.4
120.2 120.1 120.3 120.8 122.6 128.5 134.2 135.9 134.4 130.5 125 117 105.2 94.8 91 91.3 97.6 104 108.2 111 112.9 115.9 119.2 122.4 125.3 124.7 121.7 116 108.3 100.5 91.3 85.1 84.9 88.1 89.5 90.8 90.8 90.7 90 94.4 103.9 112.2 118.4 122.5 122.7 121.4 119.2 115 109.9 104.2 101.4 105.5 109.4 118.2 128.4 136.6 142.6 145.2 144.3 142.6 140.9 141.2 142.8 143.1 140.1 135 128.3 119.5 109.6 98.3 89.2 79.6 71.3 63.6 61.7 68.3 76.4 83.4 90.1 98 106.6 113.2 118.3 121
119.5 119.6 119.7 119.9 120.5 127 132.5 133.5 131.8 128.3 123.1 114.9 102.3 91.9 88.1 92.6 98.2 102.3 104.6 106.2 107.7 110 114.3 118.9 122.1 121.7 118.9 113.3 106 96.9 88.9 83.3 82.2 84.5 85.9 87.2 87.6 88 90.8 101.6 109.4 115.6 120.5 121.9 120.7 118.6 115.4 110.8 105.5 100 97.6 101.4 108.3 118.3 128.3 136.2 140.7 141.1 138.5 135.3 133.3 135 137.8 139.7 138.7 133.8 127.2 118.6 108.9 98.1 88.6 80.9 72.4 63.8 61.1 66.8 73.5 79.9 87.8 96.3 104.9 111.1 114.2 115.8
118.8 118.9 119 119.1 120.4 126.5 130.5 130.8 129.3 126.4 120.9 113.1 100.7 89.7 87.5 92.2 96.4 98.2 99.8 100.7 101.6 104.5 109.5 115.2 118.5 119 115.9 109.7 101.9 92.6 85.5 81.1 79.6 81.6 83.1 83.6 86.6 92.2 98.9 107.5 113.1 118.4 120.4 119.6 118.3 115.2 111.7 106.6 101.1 95.6 94.9 100.1 109.4 119.5 128.7 135.5 138.2 136.9 133.1 125.8 123.6 128.2 132.6 136.3 136.3 132.5 125.4 117 106.8 96.6 88 81.6 74.1 64.9 59.6 63.6 69.9 76.4 85.3 94.6 102.8 107.4 109.9 110.9
117.9 118.2 118.3 118.2 122.3 127.2 128.8 127.8 126.5 123.7 119.2 112.5 100.7 88.3 84.8 90 92.5 93.6 93.8 94.4 95.4 99.3 105.2 112 115.5 115.8 112.8 106.1 97 87.3 81.6 79.1 77.9 79.2 80.7 85.3 90.7 97.6 105.2 109.5 114 117.6 118.3 117.6 115.2 111.4 107.2 102.1 96.6 91.1 93.8 101.1 111 120.3 129.2 134.3 135.8 132.3 126.6 115.1 114.3 121.9 128.1 132.2 133.9 130.8 123.3 114.3 104.5 93.5 86.2 81.1 75.4 67 61.4 61.9 67.5 74.2 82.9 93 101.1 104.3 105.8 105.2
116.8 117.2 117.4 117.8 125.1 127.9 127.1 125.4 123.6 121.8 117.8 112.1 103.3 91.6 82.8 85.4 87.6 88.8 89 89.1 90.5 94.9 102 109 112.5 113.1 109.7 102.7 92.8 82.3 79.2 78.3 77.7 80.3 84.6 90.3 95.4 99.7 104.4 109.2 112.2 115.1 115.1 114.2 111.8 107.6 102.2 96.9 91.6 88.3 92.8 101.6 111.8 121.5 129.1 133.3 132.3 128.4 120.2 107.6 108.7 116.3 122.7 128.4 132 129.3 122.3 112.1 101.4 89.8 84 80 75.4 68.1 61.1 59.6 64.8 71.7 81.1 91.5 98.2 101 100.5 98.6
115.8 116.2 116.6 119.7 126.7 128.5 125.9 122.3 119.3 118 116.6 111.8 105.9 95.8 83.3 81.5 82.9 84 84.1 84.5 86.3 92.5 99.1 105.8 109.7 110.4 106.4 99.6 90.1 79.9 77.9 77.6 79.5 82.3 86.3 90.9 94.5 98.2 102.1 105.7 109.1 111 111.7 110.4 107.8 103.4 97.7 91.6 87.1 87 93.4 101.9 112.7 122.1 129.3 131 129.7 124.1 113.1 102.1 104.2 111.5 118.5 125.6 130 128 121 111.9 98.1 85.9 81 77.6 73.9 69.2 62.1 58.2 62.1 68.8 80.1 90.5 96 97.4 95.3 93
109.5 110.4 112.6 120.8 126.8 128.3 125 118.5 112.5 112.3 113.3 111.3 107.9 99.8 88.8 80.1 77.7 78.1 78.9 80.5 84.4 89.7 96.4 102.5 106.7 107.6 104 97.1 87 78.3 76.6 77 79.3 82.5 85.5 88.1 90.4 93.2 97.1 101 104.3 106 106.7 105.9 103.6 99 93.3 87.2 83.7 86.6 93.7 104.3 115.1 123.3 128.6 129.7 126.6 119.9 107.8 97.4 99.8 106.9 115.1 123.2 128.1 127.4 121.1 112 96.8 82.3 76.9 73.7 71 67.1 62.2 56.2 59.9 67.1 80.3 90 94.7 93.5 90.8 87.2
107.9 108.2 111.8 119.5 125.9 127.6 125.1 119.1 111.8 105.6 108.1 109.1 108.1 104.1 96.7 88.7 81.5 75.1 74.1 76.6 81.9 87.4 92.7 98.7 103.2 104.7 102.6 96.1 85.2 76.3 75.8 75.6 77.4 79.5 81.7 83.9 86 88.4 92.1 95.7 99.2 100.9 102.1 101.1 98.9 94.6 89.5 83.6 82.2 87.5 96.5 107.5 118.7 125.9 128.7 128.1 123.6 116 102.5 93.5 96.4 102.9 112.4 120.9 126 126.3 121.9 113.7 100.5 84.2 73.8 70.3 67.9 64.4 60.5 55.9 58.7 67.3 82.5 90.1 91.7 89.7 86.6 82.5
107.5 107.6 110.4 118 124 126.7 124.7 119.7 110.2 100.9 100.8 105.7 106.9 105.2 101.2 95.2 86.9 77.4 72.1 74.3 78.9 83.8 89 94.4 99.4 101.8 100.5 95.4 85.1 75.5 75 73.7 74.1 75.2 76.9 79.3 81.1 83.4 86.4 89.9 93.4 95.5 96.9 96 94 90.2 85.1 80 80.4 88.9 98.9 111.4 121 126.7 128.5 126 120.7 112.2 97.8 90.4 93 99.7 109.9 118.1 123.4 124.8 121.4 114.5 103.9 88.1 74.6 68.8 64.9 62.3 59.4 55.8 58.7 71 84 88.7 88.3 85.7 81.8 77.6
99.4 103.3 107.9 115.3 121.7 125 124.2 118.7 108.6 95.2 95.2 100.4 103.6 104.6 103 97.9 90.1 79.8 73.3 72.3 75.2 79.9 84.7 90.2 95.3 97.8 100.4 97.1 89.2 77.6 73.4 72.2 71.7 71.8 72.8 74.5 75.8 77.2 79.7 83.3 87 89.4 91 90.4 89 85.8 80.8 76.9 81.8 90.4 102.5 114.6 122.6 126.5 126.6 123.5 117.9 108 94.2 87 89.8 97.3 106.7 115.7 120.3 122.2 119.7 114.1 103.7 90.5 73 66.4 62.6 59.8 57.2 54.4 61.2 76.4 83.1 85.5 84.2 81.3 77.5 73.8
98 99.9 104.2 111.7 118.8 123.8 122.7 117.9 109.9 93 90.3 95 99.2 101.5 101.5 98 92.5 83.2 73.4 69.9 71.9 76.1 80.4 85.7 91.2 95.1 99.5 100 96.1 87 74.8 71 70.1 69.2 69.3 69.9 70.6 70.7 72.9 76.5 80.8 83.4 85.1 85 84.2 80.9 77.5 74.6 82.7 93.2 106.1 116 122.7 125.1 123.8 120.1 114.3 105.2 92.1 83.9 86.7 94.4 103.4 111.8 117.1 120 118.4 112.5 103.4 89.8 71 64.5 60.5 57.3 54.7 56.2 66.7 76.3 80 80.5 78.8 76.6 73.2 70.1
93.8 95.1 100.5 107.3 115.2 120.6 120.9 117.6 110.1 93.3 86.9 89.6 94 97.5 98.7 96.7 92.2 85 75.9 69.4 68.6 72.3 75.9 81 87.2 93.3 99.1 102.1 101.3 95.9 86.1 72.4 68.1 67.5 63.1 64.2 64.8 66 66.9 69.8 74.9 77.6 79.2 79.9 79.4 76.5 73.9 75.4 83.8 96.1 109.3 117.4 121.6 122.3 120.1 116 110 101.4 89.9 81.6 83.2 91.8 99.9 107.7 113.9 116.4 116.8 110.9 101.3 88.6 69.6 62.8 58.7 55.2 52.7 57.7 67.1 71.7 73.5 73.9 72.6 71.1 69.5 66.5
89.4 88.2 94.9 103.3 111.9 118.3 120.1 116.5 108.8 92.7 84.3 85.8 89.7 93.8 94.1 93.7 89.7 84.5 77.1 69.9 66.6 68.3 72 77.1 83.8 91.5 100 105.3 106.1 102.8 95.5 84.8 76.2 69.6 64.6 61.9 61.1 60.5 61.1 63.6 69.3 72 72.8 73.7 74.6 72.6 71.3 77 86.8 102.3 111.1 116.5 118.4 118.3 115.7 111.6 105.5 97.8 88 79.3 80.3 88.5 96.7 104.5 111.6 115.7 115.1 110.1 99.7 82.3 67.7 61.4 57.1 53.4 54.8 58.7 62.2 63.6 64.1 64.2 64.9 65.6 64.7 63.2
86.5 86.2 90.1 98.9 108 116.2 118.9 115.6 108.1 91 81.3 81.4 85.4 90 90.6 90.1 86.2 81.5 76 69.6 65 65.1 69.3 74.5 80.9 91.5 101.8 107.9 108.9 107.2 102.1 96.1 89.7 82 75.1 70.7 65.4 61.6 58 58.6 64.1 67.5 68.1 68.3 69.2 68.1 73.4 80.6 93.1 104.8 110.7 113.6 113.8 112.5 110 106 100.1 93.2 85.3 77.6 77.1 85.1 93.5 102.3 110.5 115.3 115.2 110.6 101.7 85.5 66.5 60 56.8 52.4 52.5 54.7 55.2 56.7 56 56.1 57.8 58.7 59.7 59.3
85.1 85.1 85.6 96.7 106.5 114.6 117.3 114.4 107 89.2 79.3 78.8 82.6 85.7 87 86.4 82.9 78 72.8 67.7 63.5 62.5 66.9 72.4 80.5 94.5 104.2 109.2 110.6 109.4 105.7 101 93.8 86 77.5 70.7 66 62.6 58.2 56.4 60 63 64.7 65.1 65.1 71.3 77.5 88.4 99.8 105 108 108.9 108.5 106.7 103.8 100.2 94.4 88.2 81.3 75.2 74.6 81.7 91.3 101.8 111 115.8 116.2 111.9 103.8 87.6 68.3 59.7 57.3 52.3 51.1 51.6 52 51.3 50.8 50.6 51.6 53.3 54.3 55.5
81.8 84.3 85.2 93.1 103.8 111.6 115.2 113.4 105.3 88.1 76.2 75.8 79.6 81.9 82.9 82.1 78.9 74.3 69.7 65 61.7 60.4 64.8 71 83.8 97.5 105.1 109.4 109.9 108.7 105.5 100.7 94.7 87 77.6 68.7 63.7 60.2 56.2 55.2 57.5 59.5 61 64.7 71.3 78.4 88.5 97.8 101.4 102.9 103.6 103.1 102.5 100.5 97.9 94.3 88.2 81.7 76.6 72.1 73.6 82.5 93.1 105.3 114.3 119.1 118.6 113.8 107.4 94.5 74.8 63.4 58.6 52.6 49.7 49.4 48.9 48.3 48 47.6 47.3 47.6 49.1 50
68.8 78.8 84.5 90.3 100.5 109.6 114.2 113.1 104.9 87.5 74.3 73 75.4 77.5 78.7 78 75.1 71.1 66.5 62.8 60.1 59.5 63.9 71.6 88.1 97.7 103.9 106.9 107.6 105.7 102.7 98.9 93.5 86.6 77.3 66.7 61.1 57.6 53.2 54.2 56.7 60.3 65.5 72.6 80.9 90.6 96.7 99.7 100.6 99.6 98.6 97.5 96.1 93.7 90.2 86.5 80.8 75.2 70.6 69 75.4 84.7 97.9 110.1 118.2 122.4 121.9 118.4 111.5 101.4 86 72.9 62.5 54.9 51.3 49.2 49.4 48.8 49 48.6 46.7 45.7 44.8 45.8
