app/static/ascii/TQ31.asc
ncols 200
nrows 200
xllcorner 530000
yllcorner 110000
cellsize 50
[rows 0 to 37 of 200, columns 86 to 171 of 200]
37.8 38.3 38.8 39.2 39.7 40 40.6 40.7 41.1 42.3 44.5 46.6 47.3 47 47.4 48.4 50 51.1 53 52.5 52.5 51.9 51.2 50 48.2 46.3 44.3 42.3 40.4 41.2 43.5 47.3 54.8 56.9 55.5 54.5 53.1 50.9 49.3 48 48.7 47.3 45.3 43 41.3 39 37.3 36.9 36.3 35.1 34.2 33.1 32 31.9 32.9 33.1 33.4 33.7 34.8 35.6 35.7 35.7 35.4 37.9 41.2 45.9 46.4 47.3 47 46.3 45.4 44.4 43.5 43.9 44.1 44.6 44.6 43.9 42.3 41.7 40.2 37.7 34.8 32.6 30.5 29.4
38.6 38.9 39.6 40.1 40.5 40.8 41.1 41.2 41.2 42.4 43.7 44.8 45.4 46 47.9 49.5 50.9 52.6 54.3 52 51.8 50.2 49.2 48.3 46.8 44.8 41.5 40.4 39.6 40.1 42.2 46.3 50.5 55.4 54.6 54.2 53.6 51.9 50.5 49.8 49.3 47 44.9 41.3 39.2 37.7 36.9 36.3 35.5 34.1 32.9 32.3 31.7 31.1 31.4 31.7 32 32.1 32.9 33.5 33.5 33.6 34.1 38.2 42.4 44.5 45.5 45.7 45 44.2 43.1 42.2 42.3 42.7 42.8 42.8 43.2 43.3 43 42.1 40.2 37.4 34.7 32.2 29.3 28.1
39.4 39.6 40 40.8 41.4 41.8 42 42 41.8 42.2 43.1 44 44.8 46.2 48.3 50.4 51.7 53.2 54 51.7 49.8 48.5 47.5 46.6 45.4 43.6 41.9 40.7 39.8 39.1 40.3 43.4 46.6 51.1 54.2 53.9 53.6 53 51.4 49.5 47.3 45.5 42.8 39.8 37.9 36.5 36.5 36.1 35 33.8 32.8 32.2 31.6 30.8 30.2 30.4 30.6 30.9 31 31.4 31.3 31.1 32.7 36.5 39.3 41.3 42.7 43.1 42.8 41.9 40.9 40.5 40.3 40.1 40.2 40.4 40.9 41.4 41.1 40.3 38.9 35.7 33.2 30.8 27.8 26.7
40.1 40.5 41.1 42.1 42.6 42.9 43.1 43.1 43 43.2 43.3 43.7 45 47 49.1 50.5 52.4 54.1 53.6 51.3 49 47.5 46.5 45.4 44.6 43.5 42.4 41.3 40.2 39.1 38.4 39.3 43 48.8 54.2 53.7 53.4 52.2 49.1 47 44.8 42.5 40 37.9 36.6 36.4 36.9 36.4 34.5 33.4 32.7 32.1 31 29.8 29.3 29.3 29.6 30.5 29.7 29.2 28.9 28.9 31.4 34.3 36.5 38.1 39.8 39.7 39.4 39.4 40 38.3 37.5 37.5 37.7 38.2 38.8 39.4 39.4 38.4 36.5 33.5 31.2 29 26.2 24.9
41.5 42.1 42.6 43.5 44.1 44.3 44.7 44.9 45 44.9 44.9 44.9 45.4 47.1 49.2 50.7 53.8 56.1 53.6 51.2 49 47.4 46.5 44.7 45.4 44.5 42.9 41.8 40.7 39.1 38.1 38.1 41.2 45.9 51.9 52.5 51.5 48.8 46.4 44.5 42.1 39.6 37.1 35.7 35.5 35.4 36.4 35.4 33.6 32.7 32 30.8 29.6 28.6 27.9 27.2 27.7 28.7 28.5 27.8 27.7 28.8 29.8 31.3 33.7 36.1 36.4 36.2 36 38 38.5 37.3 35 35.1 35.4 35.9 36.6 37.3 37.5 36.8 34.3 31.9 29.5 28 26.9 27.2
43.8 43.9 44.4 45.4 46.6 46.8 48 48.1 48.1 47.6 46.8 48.8 48.9 49.7 50.6 53.4 57.1 58.3 55.3 51.5 50.1 48.7 47 46.3 47 45.9 43.8 41.8 40.4 39.4 37.8 37.1 39.3 42.3 46.5 49.7 48.7 46.9 43.5 41.6 39.3 36.8 34.8 34.6 34.4 34.1 34.4 33.9 32.7 31.8 30.7 29.7 29 29.1 28.8 28.3 26.4 26.6 26.8 26.6 26.4 26.1 27.2 28.4 30.5 31.8 32.1 33.5 35.5 37.5 36.6 35.3 33.5 32.8 33.1 33.6 34.4 35.1 35.9 36 35.3 33.6 31 28.5 29.3 29.8
46.6 46.3 46.2 47.4 48.7 49.6 51.2 51.7 51.5 51 51.9 56.4 57.4 58.3 58.7 59 59.7 61.1 58.4 55.9 54 53.1 52.5 50.2 48.7 46.9 44.7 43.8 42 39.7 37.5 36.8 37 38.9 40.4 43.4 45 43.4 40.8 38.5 36.4 34.7 34.1 33.6 33.3 32.9 32.9 32.3 31.6 31 30.2 29.7 29.4 29.4 29.7 27.5 26.2 26.4 26.2 26.6 27.5 26.9 26.1 25.8 27.3 28.7 29.7 33.1 34.8 35.4 34.7 33 31.3 30.5 30.8 31.3 32.4 33.6 34.7 35.7 35.9 35 33.2 30.8 31.2 31.4
49.8 49 48.3 49 50.4 53.1 55.2 56.5 56.9 56.9 58 62.5 63.7 64.6 62.6 63.2 63.6 63.6 63.2 61.5 59.9 59 57.6 54.8 51.6 48.4 46.8 46.5 43.2 40 38.1 36.7 36.9 36.7 37.8 39.5 41.1 41.1 38.8 36.2 34.5 33.7 33.1 32.8 32.5 32 31.7 31.4 31 30.4 29.9 29.8 29.7 29.5 28.2 26.4 27.3 28 27.9 29.3 29 28.1 26.7 25.5 25.3 26.1 29.3 32.6 33.5 33.2 32.5 30.8 29 28.9 29.5 30.1 30.3 31.8 33.4 34.9 35.5 35 33.3 31 30.8 30.9
52.8 52.4 51.1 52 53.7 56.4 58.6 61.4 62 62.5 63.1 64.7 65.3 64.4 63.8 63.7 63.6 64.1 63 62 60.9 58.8 56.8 54.4 51.4 49.1 48.2 47 43.4 39.3 37.7 36.6 35.8 35.7 36 37.5 39 38.7 36.4 34.8 33.6 32.6 32.2 31.9 31.7 31.4 31.1 30.7 30.4 29.8 29.4 29.3 29.3 29 27.2 27.4 28.7 28.7 29.5 29.8 29.4 28.4 27 25.5 24.5 25.3 28.1 31 31.1 30.7 30.4 29 28.2 28 28.3 28.3 28.8 30 31.3 32.7 34 33.7 32.1 30.5 29.4 29.3
55.7 55.9 56 56.4 57.5 59.8 63.1 65.3 65.8 66.5 66.1 65.5 64.9 63.2 62.5 62 62 62.6 61.5 60 58.6 57.5 55.5 53.3 52.4 51.9 49.7 47.4 43.6 38.6 36 34.9 34.4 34.6 35 36.3 36.9 35.7 34 33.1 32.4 31.7 31.3 31.1 30.8 30.6 30.4 30.1 29.8 29.3 28.9 28.9 28.7 28.2 27 27.1 28.1 28.5 29.3 29.7 29.5 28.7 27.3 26.4 26.2 24.4 27 29.5 29.5 29.3 28.6 28 27.4 27.1 27.2 27.2 27.5 28.6 29.7 30.8 31.5 30.8 30 29.1 27.5 27.6
58.4 59.3 60 60.7 62.3 64.9 66.3 66.8 68.1 68 66 64.9 64 62.5 60.9 60.1 59.4 59.3 58.5 57.4 56 54.9 53.8 52.7 51.5 50.8 50.4 47.8 43.6 39.5 37 36.3 35.8 34.6 33.8 34.1 34.2 33.7 33.3 32.6 32.2 31.7 31 30.3 30.1 29.9 29.7 29.4 29.1 28.8 28.5 28.4 27.9 27.4 27.2 27 27.5 28.1 29.1 29.9 29.9 29.4 28.4 27.5 26.1 24.7 25.1 27.2 28.5 27.9 27.2 26.6 26.1 25.8 25.8 25.9 26.3 27.3 28.4 29.5 30 29.4 28.6 27.4 25.9 24.7
61.5 61.9 62.3 63.5 64.6 65.6 66.5 67.3 68 67.8 66.4 64.7 63.4 61.2 58.6 57.2 56.7 56.1 55.4 54.3 53.2 52 50.8 50.3 49.8 49.9 49.2 46.7 44.2 41.4 38.8 38 37.9 36.6 35 34 33.4 32.6 32.6 32.6 32.1 31.6 31.1 30.4 29.8 29.1 28.9 28.7 28.5 28.2 28 27.8 27.7 27.5 27.2 27.1 27.4 27.6 28.6 29.1 30 30.1 29.2 28.1 26.7 25.2 24.3 25.2 27 26.4 25.8 25.2 24.7 24.4 24.4 24.8 25.3 26 27.1 28.3 28.3 28 27.1 26 24.9 23.6
61.4 62.3 62.6 62.9 63.2 63.5 64.1 65 66.3 66.9 66.2 63.9 61.7 58.6 54.1 54.4 54.4 52.8 52.2 51.4 50.2 48.8 48 47.5 47.2 47.8 46.8 45.2 43.4 42.2 41.4 40.3 40.2 38.8 37.1 35.2 34.8 33.8 32.7 31.7 31.7 31.6 31 30.5 29.9 29.3 28.5 28.1 28.3 28.2 28 27.9 27.7 27.4 27.1 27.2 27.4 28 28.6 29.2 29.8 29.9 29.2 28.6 27.2 25.9 25 24.3 25.4 25 24.4 24.1 23.8 23.3 23.3 23.8 24.3 24.8 25.8 27 26.7 26.5 25.8 25.2 24.6 23.3
59.6 60.1 60.2 60.5 60.8 61 61.8 62.9 64.2 65.8 65.5 63.1 60.8 55.4 53.6 52.7 52.3 50.2 49 48.5 47 45.4 45.1 44.6 44.3 44.8 43.8 42.7 41.4 42 42.4 41.9 41.3 39.9 38.3 36.4 34.6 33.9 33.1 32.5 31.5 31.5 30.9 30.3 29.6 29.1 28.4 28.3 28.4 28.3 28.2 28.1 27.9 27.7 27.5 27.7 27.9 28.4 28.7 29.3 29.7 29.6 29.1 28.5 27.7 26.6 25.6 24.9 24.2 24.3 24.5 24.8 24.7 24.1 23.5 23.2 23.3 23.8 24.6 25.4 25.4 25.4 25.1 24.5 23.9 23
57 57.5 57.8 58.2 58.5 58.8 59.9 61.8 63.7 64.5 64.3 61.9 59.5 56.1 53.9 51.5 49.9 49.9 50.3 48.8 46.1 45.1 43.9 42.2 40.6 41.5 42.1 39.7 38.6 41.1 42.4 42.3 41 39.1 37.6 36.5 34.7 33.6 32.9 32.3 31.9 31.3 30.6 30 29.2 28.8 28.5 28.6 28.6 28.4 28.3 28.3 28.3 28.2 28.1 28.2 28.1 28.4 28.6 28.9 29.2 29.4 28.9 28.4 27.9 26.9 26.5 25.7 25.2 25 25.2 25.5 25.6 24.9 24.7 24.4 23.3 22.5 23.4 24.2 24.5 24.6 24.4 23.9 23.4 22.4
54.9 55.4 56.1 56.5 56.8 57.2 59 61.4 63.1 63.3 63.1 61 58.8 56.5 53.2 51 49.5 49.8 50.5 49.4 48 46.4 45.2 44.1 42.4 40.3 38.8 37.7 37.2 40.5 42 41.7 40.3 38.1 36.9 35.7 34.6 33.4 32.8 32.1 31.4 30.6 29.7 28.8 28.4 28.9 29.3 29.3 28.9 28.8 28.7 28.8 28.7 28.6 28.4 28.4 28.3 28.2 28.3 28.5 28.8 29 29 28.7 28.3 27.9 27.7 27.1 26.6 26 26 26.2 26.1 26 25.8 24.5 23.6 22.7 22.2 22.5 23.2 23.8 23.7 23.5 23 21.9
52.9 53.6 54.2 54.6 55.2 55.6 58 60.5 62.4 62.5 62.3 60.3 58.2 55.9 53.1 50.3 48 49.1 50.5 48.7 47.3 45.9 44.5 43.6 42 40.2 38.8 37.7 35.7 39.1 40.2 40.2 38.9 36.6 35.7 34.5 33.3 32.1 31.7 31.2 30.3 29.5 29.1 29.3 29.3 29.8 30.1 29.8 29.3 29.1 29.3 29.5 29.2 28.8 28.7 28.6 28.5 28.5 28.5 28.8 29.1 29.6 30.1 29.9 29.7 29.5 29.2 28.8 27.1 26.9 26.7 26.4 26.3 26.1 25.6 24.5 23.5 22.8 22.3 22 21.7 22.1 22.2 22.1 21.5 21.7
50.9 51.8 52.7 53.1 53.5 54.9 57.3 59.8 62.1 62.1 61.5 59.7 57.6 55.3 52.7 49.9 46.4 47.1 47.8 46.3 45.8 44.8 43.9 42.6 41 40 39.1 38 35 36.7 38 38 36.9 34.4 33.2 32.7 31.9 31.3 31 30.7 30.2 30.3 30.5 30.4 30.3 30.7 30.6 30.3 29.9 29.9 30.2 29.9 29.5 29 28.8 28.9 28.9 28.9 29 29.5 29.9 30.6 31.2 31 30.3 29.7 28.9 28.1 27.3 26.6 25.9 25.5 25.5 25.3 24.7 23.8 23.2 22.8 22.3 22.1 21.9 21.5 21.4 21.7 22.5 23.1
49.1 50.2 51 51.6 52.8 54.5 56.8 59.1 61.6 61.6 60.8 59.1 57.2 54.8 52.3 49.9 46.8 43.5 45 43.4 42.6 42.5 41.5 40.6 39.1 39.1 38.9 38.3 36.4 34.6 35.4 34.9 34 32.6 32.3 32.2 32.3 32.1 31.9 31.6 31.8 31.9 31.7 31.5 31.4 31.4 31.1 30.8 30.5 30.8 30.7 30.2 29.8 29.4 29 29.2 29.3 29.3 29.5 29.9 30.1 30.6 30.4 30.1 29.4 28.8 28.1 27.3 26.5 25.5 24.7 24.4 24.6 24.4 23.8 23.3 22.5 22.8 22.8 22.7 22.2 21.6 21.4 22.3 23.3 24.2
48.8 49.9 50.2 51.1 52.3 54.1 56.4 58.7 60.6 60.7 60.1 58.8 56.6 54.1 51.5 49 46 43.3 41.7 40.6 39.1 39.2 39.2 38.3 37.2 37 36.5 36.4 35.4 33.8 33.1 33.3 34.1 34.1 33.5 33.4 33.5 33.4 33.1 32.7 32.9 33.1 32.8 32.6 32.4 32 31.9 31.7 31.6 31.7 31 30.5 30.1 29.8 29.3 29.5 29.6 29.7 30 30.2 30 29.8 29.6 29.1 28.4 27.9 27.3 26.5 25.5 24.4 23.4 23.8 24 23.8 23.6 23 22.7 23.2 23.2 23.2 22.5 21.7 21.9 23.1 24.2 25.4
48.6 49.6 50.3 50.9 51.8 53.7 55.6 57.2 58.8 59.8 59.5 58.4 55.7 53.3 51.1 48.2 45 43.4 41.9 42 40.4 38.6 37.7 37 36.7 36 34.9 34.5 34.3 32.9 33.9 34.9 36 35.6 35.4 34.9 34.7 34.6 34.3 34 34.2 34.1 33.9 33.5 32.9 32.6 32.5 32.4 32.5 32.2 30.9 30.5 30.4 30.2 29.8 29.7 29.9 30.1 30.2 30 29.7 29.4 29.1 28.2 27.4 27 26.5 26.7 25.8 24.8 24.2 24.2 23.9 23.7 23.4 22.6 23.1 23.6 23.4 23.1 22.4 21.7 23.1 24.5 25.7 26.9
48.9 50 50.8 51.4 51.9 52.5 53.9 55.5 57.3 58.3 59.1 58.2 55.2 53.1 51.4 49.1 45.7 44.8 44.2 42.4 40.3 39 38.8 38.7 38.6 37.9 37.3 36.4 33.9 33.7 35.1 36.5 37.2 37 36.8 36 36.4 36.2 37.4 37.4 37 36.4 36.8 35 34.1 33.9 33.8 33.8 33.5 33 31.5 30.6 30.6 30.5 30.3 30.3 30.4 30.3 30 29.7 29.4 29.1 28.7 27.5 27.5 27.3 27.4 27.8 26.7 25.7 25.2 25 24.8 24.4 23.4 22.7 23.1 23.7 23.6 23 22.3 22.5 24.2 25.7 27.1 28.3
49.6 50.4 51.1 51.9 52.6 53.2 53.9 54.9 56.7 58.3 59.6 58.2 54.8 53.5 51.7 49.6 47.6 46.1 44.5 42.1 40.8 41 41.1 40.9 40.5 39.6 38.4 36.6 33.3 35.1 36.4 37.8 38.4 38.4 36.7 37.5 39.2 40 41.8 41.5 41.1 40.1 39.6 39.3 38.4 37.2 36.3 35.1 34.1 33.9 32.6 31.5 31.4 31.2 31 31.1 30.9 30.4 29.8 29.4 29.1 28.7 28.1 27.7 27.7 27.8 27.6 27.5 27 26.4 25.9 25.3 24.7 24 23 23.6 23.5 23.6 23.6 23 22.5 23.7 25.5 27 28.4 29.4
49.6 50.7 51.4 52.2 52.8 54.3 55.1 55.6 57.2 58.5 59.6 58.1 55.7 53.8 52.4 50.4 48.5 46.7 45.1 43.7 42.9 43.1 43.1 42.5 41.5 40.4 38.9 38.1 36.9 37.3 38.6 39.9 39.7 39.7 38.2 38.9 42.2 43.7 45.3 46.4 43.7 43.2 44.4 44.4 42.9 40.9 38.7 37.8 37.7 35.6 34.1 32.8 32.7 33.3 32.4 32.2 31.2 30.5 29.9 29.3 28.7 28.2 27.9 27.9 27.9 27.8 27.6 27.1 26.6 26.1 25.5 24.7 24.1 23.7 23.8 24.5 24.5 24 23.5 23.2 22.8 24.3 26.3 28.9 29.8 30.2
49.5 51 51.6 52.2 53.4 55.5 56 56.6 57.8 59 59.8 58.7 57 55.1 53 51.2 49.3 47.6 46.4 45.4 44.3 44.8 44.6 43.4 42.3 41 38.4 38.5 38.2 39.7 41 41.3 41.1 41 39.3 40.8 43.8 46.2 48 48 46 46.7 46.9 46.7 44.8 42.8 40.6 40.3 41.5 40.3 38.7 38.5 37.3 35.6 34.1 33.5 32.1 30.7 29.6 29.3 28.8 28.2 27.7 27.7 27.7 27.4 27.1 26.6 26.2 25.7 25.1 24.3 23.5 24 24.3 24.3 24.2 23.8 23.3 22.9 23.3 25.1 27.8 29.6 30.5 30.7
49 50.3 51.3 52.2 54.2 56 56.8 57.5 57.9 58.4 59.5 59.3 57.6 55.6 53.6 51.8 50.1 49.1 48.1 47 45.8 45.9 45.7 44.6 43.1 40.5 36.8 35.8 38.9 41.6 42.6 42.7 42.6 42.4 41 42.6 45.4 47.8 49.3 49.3 49.3 49.6 49.4 48.5 46.6 44.6 42.6 43.3 44.4 43.6 43.4 41.9 40 39.1 37.7 35.3 32.9 30.7 29.8 29.3 28.8 28.3 27.7 27.5 27.2 26.9 26.6 26.2 25.8 25.2 24.7 24 24.4 25.1 25.1 24.4 24.1 23.7 23.1 22.9 23.5 25.6 27.6 29.2 30.1 30.3
49 50.6 51.8 52.9 53.9 54.6 55.3 56 57 57.4 58.9 58.8 56.8 55.3 53.5 51.7 50.3 50.8 49.7 48 46.8 45.5 45.8 44.9 41.7 39 36.5 36.2 40.4 41.8 43 43.4 44 44.2 43.1 44.8 46.9 48.8 50.5 50.9 51.4 52.8 53.1 50.4 48.3 46.2 44.9 46 46.4 45.7 44.9 43.5 42.2 40.6 38.4 36.3 33.8 31.4 30 29.5 29 28.5 28 27.3 26.9 26.6 26.3 25.8 25.3 24.9 24.4 24.6 25.3 25.8 25.3 24.7 24.4 23.7 23.2 22.8 24.1 25.9 27.3 28.8 28.8 29
50.5 51.4 51.9 52.6 53.4 54.3 54.8 55.8 56.8 58 58.5 57.4 56.3 54.6 52.9 51.2 50.6 50.4 49.4 48.5 47.1 46 45.8 41.9 38.7 37.3 35.5 36.7 39.6 41 42.6 44.4 45.4 46.2 46.2 46.8 48.6 50.3 51.6 52.1 53.6 55.8 56 53.5 48.9 47.9 47.8 48.1 47.1 45.9 44.1 43.6 42.2 40 38.5 36.4 34.1 32 30.4 29.9 29.4 28.9 28.3 27.5 26.9 26.6 26.2 25.7 25.3 24.7 24.3 25.1 25.4 25.8 25.4 25 24.8 24.3 23.4 23.2 23.8 25.3 26.7 27.6 27.7 28.5
49.2 49.8 50.6 51.6 52.8 55 57.4 59.4 59.5 58.8 58.2 56 55.2 53.5 52 50.7 50 49.4 48.9 48.2 47.5 46.7 45.4 42 39.7 36.4 35.4 37.3 39.6 41.5 43.1 44.9 46.7 48.1 48.6 47.6 50.5 51.8 52.5 53.7 55.5 56.9 56.1 54 49.9 50 49.7 48.9 46.9 44.8 43.2 42.6 41.2 39 37.5 36.5 34.3 32.2 30.9 30.4 29.8 29.3 28.5 27.8 27.2 26.6 26.2 25.8 25.3 24.8 24.3 25.3 25.4 25.7 25.3 25 24.7 24.3 23.6 23.2 23.8 24.8 25.8 26.5 27.2 28
48.7 48.9 51.4 54.7 57.2 59.8 61.6 61.9 61.5 59.8 58.1 55.4 54.2 52.9 51.5 50.2 48.9 47.9 48.6 48 47.3 46.2 45.1 44.1 42 39.2 36.5 37.8 40 42 43.6 46.1 48 49.6 50.5 50.6 51.4 52.8 53.6 55.2 56.7 58 57.2 54.6 53 52.4 50.2 48.4 45.8 43.7 42.3 41.2 40.2 38 36.3 35.1 33.6 32.1 32.2 32 31 29.8 28.8 28.1 27.4 26.7 26.3 25.8 25.3 24.9 24.4 25.6 25.6 25.6 25.1 25.2 24.7 24.2 23.5 23.9 25.1 25.7 26.6 27.3 28 29.3
52.4 53.7 56.1 58.2 59.5 61 62.5 62.7 61.6 59.7 57.3 54.7 53.3 52.1 50.9 49.6 46.8 44.8 45.9 47.6 46.8 44.8 43.1 42.3 41.2 39.1 38.9 40.3 42.3 43.6 44.6 47.4 49.2 50.5 51.4 51.6 52 53.4 54.8 56.2 57.8 59.3 59.5 57.3 55.3 53.8 51.2 48 44.6 42.2 40.2 38.9 37.6 36.1 34.7 33.6 33 33.3 34 33.8 33 31 30.1 29.1 28.2 27.1 26.4 25.9 25.4 24.9 24.6 25.8 25.7 25.3 25.2 25.5 24.8 24 23.2 25.1 26.4 26.8 27.5 28.2 29 30.6
54.6 56.4 57.3 58.3 59.6 60.8 61.9 61.8 60.3 58.8 57.1 54.5 52.3 51.2 50 48.1 46.4 45.9 45.3 44.9 44.4 43.2 42.9 41.8 40 39 40.5 42.6 44.2 45.3 46.3 48.1 49.7 51 52.1 52.7 53.4 54.5 55.9 57.1 58.4 60.1 60.9 59.5 57 54 50.9 47.3 43.9 41.4 39.4 37.5 36.5 35.9 35.4 35.6 35.8 36.1 35.9 35.4 34.7 32.8 31.3 30.4 29.5 28.3 27.2 26.5 25.8 25 24.9 26.1 26 26 26.1 25.6 24.9 24.2 24 26 27.3 27.8 28.5 29.9 30.4 32.6
54.3 55.2 56.3 57.5 59 60.8 62.9 62.6 60.6 58.4 56.4 54.4 52.2 51.1 50 49.5 49.4 49.2 48.9 48.5 47.5 45.4 45.4 43.7 39.5 40.2 43.9 46.4 46.7 47.7 48.7 49.4 50.6 51.7 52.9 53.7 54.7 55.6 57.1 58.3 59.4 60 60.3 59.2 56.3 54.1 50.1 46.3 43.3 40.5 38.6 39 39.7 38.8 38 38.2 38.4 38.9 39.4 38.1 36.5 34.6 33.3 32 30.8 29.5 28.2 27.4 26.6 25.8 25.3 26.3 26.3 26.5 26.3 25.8 24.8 24.5 25.3 26.8 28.3 29 30.4 31.9 33.4 35.8
53.2 54.1 55.5 57.8 60.1 62.4 64.3 63.7 61.1 58.5 56.8 54.5 52.6 51.7 52.5 52.6 52.4 52.2 51.7 50.9 48.8 46.2 45 43.2 39.2 41.2 45 46.9 48.1 48.9 50.6 51.6 52.3 53 53.8 54.7 55.5 56.3 57.9 58.9 59.6 60.1 58.5 56.9 55.3 52.5 49.1 45.7 42.6 39.6 42.7 42.4 42.8 43.3 41.4 40.3 40.7 41.6 41 39.8 38.2 36.5 35.3 33.8 32 30.8 29.2 28.4 27.5 26.7 25.8 26.6 26.8 27 26.7 25.4 24.5 24.9 26.5 28.1 29.4 30.9 32.3 33.9 36.7 39.5
52.7 54.3 56.1 59 61.5 64.3 65.4 64.6 61.7 59 56.6 54.2 53.5 54.2 54.9 55.4 54.3 53.5 52.8 51.4 48.9 46.3 44.6 41.5 39.6 42.6 45.2 47.1 48.6 49.4 50.9 51.4 52.3 53.2 53.9 54.7 55.5 56.3 57.6 59.1 59.7 58.9 56.6 55.5 54.3 51.6 48.2 45.3 42.1 44.5 46.5 46.7 46.8 48 45.7 42.1 43.1 42.9 42.2 41.1 39.8 38.2 36.5 34.7 33 31.9 30.8 29.9 28.9 28 26.9 27.4 27.3 27.3 26.5 25.1 25.6 25.7 27.6 29.8 31.4 32.7 34 37.2 40.1 42.8
53.4 54.4 56.3 58.6 61.6 62.9 64.2 63.8 62.6 59.4 56.6 55.5 56.2 56.9 57.6 57.6 56.3 54.9 53.4 52.1 49.3 46.4 44.8 40.6 41.8 44.8 46.4 47.2 48.9 49.8 50.9 51.5 52.2 53 53.7 54.3 55.2 56 57.1 58.5 59.4 58.3 56.2 53.9 52.7 50.6 47.6 45 45.1 47.2 48.1 48.5 49.1 49.8 49 46.7 43.8 43.3 42.5 41.8 40.8 39.2 37.5 35.7 34.1 33.1 32.4 31.2 30 29 28.5 28.2 28.1 28 26.1 26.5 27.6 27.5 29.6 31.7 33.3 34.3 36.3 38.3 43.4 46.2
52.4 54 55.7 57.4 59 61.4 63.2 63.6 63.1 61 57.3 58.2 59.5 59.9 60.5 58.8 55.7 53.7 52.8 51.1 48.5 46.2 43.5 40.4 43 45.1 46.5 47.9 48.9 49.9 50.9 51.7 52.3 52.7 53.3 53.9 54.6 54.9 55.4 56.6 58.3 57.9 55.8 53.8 52.2 50.2 48.4 47.6 48 49.2 49.7 50.4 51.2 50.7 49.3 46.7 44.5 43.3 41.7 41.2 40.6 39.6 38.2 36.7 35.3 34 32.9 32 30.9 30.2 29.6 29.1 28.8 27.9 26.2 27.7 29 29 30.4 32.9 34.5 36.5 38.4 40.2 45 47.8
51.3 53.8 55.9 57.6 59.3 61.1 62.8 63.6 63.1 61.4 60.4 61.7 60.4 58.7 58.7 56.1 54.1 51.8 50.2 48.8 47.4 44.9 42.7 44.2 43.1 45.2 45.7 46.8 48 49 49.7 50.4 51.1 51.5 51.9 52.5 53 53.3 53.4 54.4 55.6 56.1 55.1 53.4 51.9 51.2 50.2 49.5 49.5 50 51.1 51.6 51.1 50.4 48.9 46.7 44.9 43.1 41.2 40.1 39.4 38.6 37.5 36.3 35.1 34 33 32.1 31.1 30.5 29.9 29.4 28.5 27.8 27.2 29.1 30.3 30.4 30 32.6 35.1 37.9 39.9 42.8 45.8 47.1
