app/static/ascii/TQ42.asc
ncols 200
nrows 200
xllcorner 540000
yllcorner 120000
cellsize 50
[rows 76 to 113 of 200, columns 0 to 85 of 200]
66.6 65.5 64.4 63.2 59.4 55.6 52.6 49.4 49.1 49.6 51.7 53.9 58.7 61.4 63.9 67.3 69 68.6 67.3 67.8 68 66.6 64.2 62 60.2 57.6 53.3 45.5 40.2 37.2 35 34.2 38.7 45.8 51 55.2 57.6 59.9 61.5 54.3 47.5 45.8 49.2 49.9 51.4 53.7 58.2 61.8 65.2 70.6 77.5 79.8 81.3 82.4 85.1 85.6 85.2 84.5 85.1 85.6 83.8 82.3 79.7 75.5 71.7 69.8 68.6 67.3 64.9 62.2 58.6 54.6 50.8 50.4 51.7 56.3 61.5 65.2 67.8 71.4 75.4 79.4 83.5 85.7 88.9 91.1
63.1 61.8 60.7 59.6 57.6 54.2 49.9 46.8 48.1 52.4 54.5 56.2 59.2 60.5 63.6 66.3 68.1 67.6 68.1 68.5 68.4 67.3 65.6 63.5 60.8 57.8 54.8 48.3 43.4 38.6 35.8 33.9 36 44.4 50.1 56.5 60.7 61.3 67.2 68 62.1 59.1 60.4 61.2 65.6 68.4 71.8 75.2 76.4 77.1 79 79.9 80.7 80.7 82.1 82.2 81.6 80.7 80.8 81.4 81.7 80.3 78.8 77.4 75.3 72.7 71.7 70.9 68.1 64.6 60.7 55.6 50.3 49.5 53.2 61.8 66.3 71.2 75.4 77.5 81.2 85.1 87.5 90.2 90.8 91.6
61.4 60.1 58.6 57.2 56 54.2 49 44.2 49.1 56.2 57.2 58.8 61.4 63.1 65 66.6 67.5 67.9 68.3 68.1 68.1 66.8 65.3 64 61.8 58.8 55.8 51.9 47.4 41.8 36 33.9 36.9 42.9 46.8 53 55.8 61.7 67.9 72.2 74.9 75.6 76.6 77.3 77.7 78.2 77.6 78.2 79 77.3 76.7 76.7 77.7 79.1 78.4 78.4 78 77.1 77.4 78.5 78.6 78.1 76.2 74.7 72.3 71.5 72.3 73 71.1 66.2 59.3 52.9 49 51.7 59.9 65.6 70.5 76.5 81.5 84.2 84.2 85.6 86.5 88.6 90.7 90.5
59.3 58.2 57.1 55.6 55.6 54.4 49.3 43.5 52.8 56.8 58.7 60.2 61.9 63.6 65.3 66.2 67 67.8 68.4 68.1 67.8 67 65.8 64.8 62.7 60.1 56.8 53.2 49 42.1 35.1 33.9 34.1 39 44.4 52.2 57.3 62.6 69.7 74 76.5 77.8 79.9 80.7 81 80.5 79.7 78.9 78 76.5 75.6 75.1 76.7 77.1 75.3 73.7 73.6 74.8 76.4 78.8 79.8 80.2 78.2 74.4 70.3 67.1 69.6 71.5 70.6 64 55.9 49.1 48.2 59.2 65.3 69.4 75.9 81.7 84.7 85.1 84.3 83.3 84.1 85.7 87.3 88
57.2 56.1 54.9 54.2 54.4 51.7 46.7 44.7 53.4 56.9 58.9 60.6 61.9 63.7 62.9 63.9 64.8 66 66.5 67.5 67.6 67.3 66.2 65.1 62.7 60.8 56.3 52.6 48.8 41.6 38.3 33.9 33.9 41.5 51.7 58.8 63.4 67.7 70.4 74.1 77.8 79.3 79.9 79.4 79 78.1 76.5 76.2 75.9 75.6 73.7 72.6 74.5 74.2 73.1 71.2 69.4 72.2 75.4 79 80.1 80.3 80.2 74.8 70.9 67.4 62 63.3 66.3 59.1 50.9 47.6 55.8 64 68.5 71.6 77 79.2 81.1 82.6 81.3 79.9 80.9 82.7 83.5 84.1
55.2 53.2 51.6 51.7 50.2 47.1 41.9 43.7 51.2 57 59 61.1 62.4 62.7 61.1 61 63.2 65 65.5 66.4 66.9 66.4 64.9 64.1 61.8 57.9 54.1 51.2 47.8 43.6 40.1 33.9 33.9 42.8 54.6 61.8 64.7 68.6 71.7 74.9 76.4 78 78.2 77.7 77.1 74.4 73 72.6 72.3 72 70.9 69.2 70.9 72 71.5 69.6 69.2 71.3 74.4 79 79.1 78.9 78.2 74.9 71.6 68.7 64.2 57.1 53.4 51.4 47.8 50 61 65.3 68.4 70.7 73 75.3 77 78.4 77.9 76.3 76.7 78.2 78.2 79.3
51.5 49.4 49.1 49.2 45.7 41.7 42.9 47.9 50.6 56.8 59.1 61.2 63 62 59.6 60.8 63.3 64.8 65.6 66.1 66 65.5 63.6 62.2 60.3 56.5 51.9 49.1 44.5 42.7 39.7 33.9 33.9 46 57.8 63.5 65.8 68.8 72.1 73.8 75.1 76.2 76.4 76 73.1 70.7 70.3 69 68.7 68.4 68 66.7 68.1 69.3 69.9 68.9 69.3 70.6 73.1 76.3 77.8 78.5 76.5 74.2 71.5 68.9 64.8 60.5 57 50.2 47.2 49.8 58.9 63.3 66.7 68.9 70.3 71.5 72.8 74.3 74.4 72.6 72.6 73.6 73.9 74.5
48.2 46.7 46.7 45.5 42.3 40.5 46.2 50.6 53.7 56.8 59.3 61.5 62.1 61.3 59.8 60.6 63.5 64.6 65.8 65.3 65.1 64.5 62.5 60.8 56.8 53.9 49.1 43 40.8 39.4 37.8 33.9 34.4 50.1 59.5 64.5 66.2 69.2 70.9 71.9 73 74 74.4 72.2 69.2 67.6 67.4 66.5 65 64.8 64.5 64.5 65.1 66.5 67.8 67.7 67.7 69.5 71.6 74 76.2 76.6 74.9 72.9 70.8 68.9 66.2 63.5 60.8 57.2 47.2 47.5 54.2 59.7 63.9 66.4 67.6 69.3 70.4 71.5 71.3 69.8 69.4 70.9 72 73
44.7 43.8 43.1 42.1 41.4 41.1 46.9 51.1 53.8 56.8 59.4 61 61.1 59.6 56.8 57.8 61.3 64 65.5 66.2 65.5 63.3 61.3 59.8 57.6 52.9 45.3 41.9 38.7 36 35.3 35.1 38 53.8 58.5 62.4 64.9 67.9 68.3 69.1 70.7 71.8 71.6 68.8 66.4 64.8 64.5 64.5 62.7 61.1 60.6 62 63.4 64.3 65.6 64.9 66.2 68.3 70.3 72.2 74.1 73.4 71.9 70.3 68.5 67.1 65.7 63.7 62 60 49 47.2 49.5 56 60.4 63.3 65.4 67 68.2 68.4 67.8 67.2 66.7 67.9 69.2 70.5
40.8 40.7 40.3 40.1 40.7 45.4 47.7 51.5 54.2 56.9 58.8 59.7 60.1 57.7 55.8 54.8 58 61.3 63.5 65.5 65 62.4 60 58.7 57 46 38.9 39.2 36.3 33.2 31.2 31.9 41.8 53.2 57.9 60.2 63.9 65.9 66.8 65.7 67.2 68.8 68.7 66.2 64 62.3 61.3 61.6 60.6 57.3 59.4 60.5 61.8 62.2 63 62.2 64.4 66.5 68.7 70.6 72.1 71.4 70.3 68.7 67.1 65.7 64.4 63.3 61.9 59.7 51.8 47.2 47.2 52.6 57 60 63 66.1 65.5 65.1 64.8 64.4 64.6 65.3 66.6 68.1
39.8 39 38.1 37.9 42.9 47.2 49.4 52 54.8 57.2 58 59.3 58.2 55.5 53.2 53.7 55.5 59.1 62.5 64.4 63.4 61.9 59.3 58 55.8 42.7 38.2 38.2 33.6 31.3 29.2 33.6 46.5 54.5 57.5 59.4 66 64.4 65.2 64.7 63.9 65.5 65.8 63.5 61.5 59.6 59.8 58.9 57 54.4 59.7 60.8 60.2 60.8 60.5 60.3 63.3 66 67.3 68.7 69.8 69 67.9 66.9 65.6 64.2 63.4 62.3 61.1 59.6 56.9 47.2 47.2 50 53.7 56.8 59.8 62.2 62.1 63 62.7 62.5 63.1 63.6 64.2 65.7
38.9 36.7 36.2 39.6 44.9 47.5 50.4 53.5 56.1 57.5 58.9 58.9 56.1 52.3 51.2 53.1 55.3 58 61.4 64.1 63.6 62.3 60.4 59.6 57.1 51.8 45.2 45.1 35.6 30.4 29.4 38.2 49.6 54.1 56.5 60.2 59.3 61.8 64.5 64.3 62.7 63 63 60.9 59.7 58.2 57.9 55.4 54.1 54.3 56.8 59.4 59.5 57.3 53.9 60 63.3 64.8 66.3 66.5 67.6 66.6 65.5 64.5 63.6 63.2 62.3 61.2 60.5 59.9 57.3 48.9 47.2 48.1 52.9 55.4 57.7 57.7 58.1 58.1 60.2 61.1 61.8 62.5 63.1 64.2
38.5 34.2 38 42.5 46.6 48.4 51.5 54.5 56.7 56.8 57.9 56.9 54 49.6 50.7 53 55 56.5 59.7 63.1 63.9 63 61.3 59.7 57.2 55 52.2 49.3 36.4 30.3 28.5 39 50 52.9 54.6 60.6 56.5 56 58.7 59.7 60.1 61.1 60.4 59 57.8 56.5 54.6 50.7 50.4 54.7 55.5 56.1 53.9 56 54.6 59.7 62.7 64 65 65.3 65.7 64.5 63.6 62.7 61.9 61.5 61.3 60.3 59.4 58.4 56.6 50.9 47.2 47.5 51.8 54.1 54.8 54.8 54.7 56.1 58.3 59.7 60.8 61.4 62.1 62.6
36.3 36.2 40 44.5 48.2 50.1 52.3 54.8 55.9 56.3 56.1 54.1 51.3 44.9 50.6 53 54.6 54.7 58.3 62 64.2 63.1 61.3 59 56 53.7 50.7 48.4 38.7 29.6 29 36.1 48.2 50.4 52.7 55.6 58.8 54.4 53.9 56.4 59 61 59 57 55.6 54.6 52.3 48.8 49.1 51.9 52.4 49.9 51.2 54.2 57.2 59.6 62.2 63.5 64.4 64.3 65.4 64.2 62.9 61.7 60.2 59.4 58.9 58.4 57.6 56.4 54.9 50.8 44.2 46.5 50.4 52 52 53.1 54.2 54.5 56.2 57.4 59.2 60.4 60.9 61
33.9 34.2 41.5 46 49.5 51.9 53.1 54 55.2 55.8 53.5 51.1 47.6 45.8 50.3 51.7 52.9 53.4 57.8 61.5 63 62.2 60.3 57 54.1 50.5 48.4 47.3 41.1 32.2 29.1 32.2 44.4 47.5 50.3 51.6 52 53 54.6 56.9 59.8 59.9 57.9 55.8 53.9 53.1 51.8 48 46.7 48.9 46.7 48.7 51.9 55.2 58.1 60.5 62.4 63.6 64.5 63.6 64 62.5 61.1 59.8 58.5 57.4 56.4 55.9 55.6 54.4 52.8 48.4 44.2 46.3 49.1 49.9 50.3 51.1 51.8 52.7 54.4 55.3 57.4 59 59.8 59.2
30.3 35.5 43.5 47.4 50.3 52.5 53.3 54 54.6 53.4 50.4 47.3 44.2 46 47.3 48.1 48.3 51.4 55.5 59.8 61.8 61 58.4 55 51.7 48.2 47.2 46.3 42.4 34.8 29.4 28.4 40.3 45.9 47.6 48.6 49.1 54.6 57.2 59.1 58.9 58.6 57.1 55.3 53.5 51.7 50.9 47.2 44.3 44.5 45.9 49.4 53.1 56.1 58.4 61.3 63.9 64.5 64.3 63.1 62 60.7 59.4 58.1 56.9 55.7 54.5 53.5 53.5 52.5 50.7 47.1 44.2 44.3 47 48.2 48.5 48.7 49 50.4 52.2 53.9 55.7 57.5 59.2 59.1
29.9 37.7 43 47.3 49.8 51.6 53.3 54 52.2 50.4 47.3 44.4 43.4 43.3 43.8 45.1 48.3 52.1 56.2 59.5 60.2 60.3 56.8 53.8 50.7 47.9 45.3 44.3 39.6 34.6 29.7 29 38.4 43.5 44.6 45.1 48.5 54.5 57.6 58.3 58 57.5 56 54.3 52.6 50.6 48.5 46.1 42 43.7 46.5 50.4 52.9 55.3 58.6 61.3 65.4 64.5 63 61.2 59.8 59 57.7 56.5 55.2 53.9 52.6 51.7 51.5 50.6 48.6 46.3 43.7 43.7 45.4 46.3 46.9 47.2 48.8 50.7 51.9 53.3 54.9 56.8 59 59.7
34.3 37.5 41.7 44.9 48.3 49.5 51.2 52.1 50.1 47.5 44.6 42.1 41.5 40.5 42.4 44.9 48.3 51.8 56.1 58.7 59 59 55.3 52.4 49.5 46.5 43.7 39.4 35.3 32.8 29.4 28.7 38.9 41.6 42.7 43.7 45.4 51.2 54.9 56.6 56.9 56.3 54.9 52.8 50.7 48.7 46.6 45.5 41.9 43.2 47 49.9 52 54.1 57.6 61.2 64.1 62.3 59.6 58.1 57.5 57.1 56.2 55.4 54.4 53.2 51.4 49.6 48.6 48 46.7 44.4 42.7 42.4 43.8 44.7 45.3 47.1 49.2 51.2 52.8 54.4 56 57.8 59.3 61.8
33.6 36 39 40 43.2 47.3 50 50.2 48.1 43.9 40.8 40.6 39.8 39 41.4 44.3 48.2 51.9 55.7 56.5 57.1 57.4 54.3 51.3 48.9 46.4 42.7 40.6 38.7 34.7 30.5 29.8 37 40 41 42.1 44.9 48.5 51.9 54.4 55.2 54.5 53 50.9 48.8 46.8 44.7 43.4 41.1 43 46.9 49.2 51.3 53.3 56.9 60.8 60.4 59.1 55.8 55 54.8 54.7 55.6 54.9 54.2 53 50.7 49.1 48.5 46.5 44.5 43.4 42.5 41.4 42.9 43.4 45.2 47.7 49.7 51.6 53.5 55.4 57.2 59 61.6 64.2
32.1 34.5 35.4 37 41.3 46 48.3 48 45.9 39.9 39.4 39.2 39.1 38.9 40 42.6 46.6 50.7 54.2 54.8 55.5 55.6 52.9 50.4 48.4 45.9 43.5 40.6 38.2 35 30.8 28.6 32 35 38.3 40.7 43.4 46.3 49.1 51.7 52.6 52.5 51.8 49 46.9 44.7 42.8 41.3 39.6 42.9 46.2 48.5 50.3 51.2 53.2 55.6 55.5 53.9 51.7 52.2 51.3 52.9 54 54.3 54 53.8 53.6 52.5 50.4 49 47 44.8 42.2 41.2 41.1 42.5 45.7 48.9 50.2 52.1 54 55.8 57.6 59.7 62 64.3
29.8 32.8 35.8 39.9 44.8 46.1 46.3 45.7 43 40.2 38.9 38.1 39.1 39 39.7 42.2 45.3 49.1 52.2 52.7 53.3 53.1 50.9 49.3 47.3 45.1 42.7 40.5 37.8 35.1 30.5 28.2 30.2 32.9 36.4 38.8 40.7 43.4 46.2 49.5 50.4 50.5 50.6 48.2 45 42.5 41 39.6 38.9 42.1 45.1 45.9 46.9 48.1 49.3 49.9 50.5 50.3 48.8 48.8 49.8 51.4 52.7 53.2 53.8 53.8 53.8 53.8 52.7 51.4 49.8 47 43.8 40.7 39.6 42.1 45.7 49.3 50.6 51.5 53.3 55 56.3 58.7 61.1 63.5
31.9 34.8 38.7 42.3 45 46.8 46.3 44.7 41.9 39 37 36.1 38.1 40.3 40.9 42.2 44.3 47.6 50 50.5 51 51 49.5 48.1 46 43.5 41 39.3 37.1 34.6 31.6 28 29.1 32.2 35 36.8 38.8 40.7 44.7 47.2 48.3 48.5 48.4 46.2 42.9 40.4 39 37.7 38.4 40.7 42.7 43.2 43.7 44.3 45.3 46 46.7 47.2 46.7 47.9 49.2 50.7 52.4 53.9 55.2 55.7 55.7 56.2 55.1 53 52.4 49 46.8 43.1 38.5 41.3 45.7 50.2 51 50.6 52.3 53.6 54.7 57.5 59.8 61.6
34.1 37.8 41.6 45.1 46.1 46.8 44.6 43.5 40.5 37.6 35.4 34.7 36.9 39.6 40.7 42 43.5 46.1 47.8 48.3 48.8 49.1 47.8 46.5 44.3 41.8 39.2 36.9 36 33.2 31 28 26.7 30.4 32.8 35.5 39.1 42.5 46 45.8 46 46.6 45.5 42.9 39.8 38.2 36.5 36.1 35.2 38.7 40.2 40.8 41.1 41 41.4 42.3 42.9 43.5 44.7 46.7 48.4 51.2 54.1 55.5 56.8 57.7 57.7 58.5 57.5 55.1 53.9 50.6 48 45.1 39.4 38 43.4 48.8 49.6 50.2 50.3 52.2 54.2 56 57.8 59.9
36.2 40.3 42.8 45.9 47.3 46.3 44.2 42.1 38.6 35.5 34.6 34.4 35.2 39 40.3 41.6 43.6 45.1 45.6 46.4 47.3 47.4 46.1 44.7 42.8 40.7 37.6 34.8 34.7 31.8 29.6 27.2 26.6 28.5 31.4 34.8 38.8 42.3 44.6 44.8 44.2 44 42.2 39.6 36.6 36 34.4 33.5 34.5 36.4 38 37.9 38.4 38.7 39 39.8 41.4 43 44.7 46.4 49.1 52.1 54.7 56.8 58.3 59.6 60 60.8 59.7 57.3 54.4 51.4 48.7 46.2 41.7 36.6 39.7 44.3 46.7 47.2 49.6 51.6 53.7 54.8 55.9 58.5
38.3 41.3 43.4 45.4 46.7 45.6 43.9 41.1 37.7 34.9 34.7 34.7 34.5 37.2 40.1 40.9 42.7 44.3 44.1 45.8 46.1 45.7 44.5 43 41.6 38.6 34.8 33 31.4 29.9 28.4 27.4 26.8 27.1 30.6 34.1 37.6 40.5 42.1 42.2 42.3 42.4 40.3 36.8 34.4 33.9 32.7 31.8 33.2 34.5 35.9 34.1 37.5 39.8 40.3 40.2 41.4 43.1 45 47.4 50.1 52.3 54.6 57.3 59 60.8 62 62.6 61.6 59.7 57.8 53.9 49.4 46.5 42.6 37.5 36.6 39.6 43 46.4 49 51 51.6 52.3 53.1 56.5
39.9 41.8 44 46.1 46.3 44.8 42.8 40.2 37.1 35 34.2 35.2 35.4 36.1 38.4 40.9 40.6 40.7 41.2 43.3 44.5 44.1 43.4 42.1 40.8 38.7 34.9 33.7 32.9 31.3 29.7 28.2 27 26.1 30.2 34.5 37.4 38.7 40.2 41.7 42.3 41 39.9 37.3 34.8 33.8 31.9 31 32 33.1 34.4 37.2 39.8 40.8 40.9 40.2 42.5 44.4 45.9 48.3 51.5 53.7 55.5 57.6 59.9 62.2 63.7 64.3 63.4 61.5 59.2 56 51.8 47.5 43.6 39.4 36.2 37.7 41.1 44.9 47.9 50.1 50.3 49.5 51 54.5
40.3 42.7 44.9 47.7 45.2 43.8 41.2 39.3 37.3 35.5 35.5 35.3 35.1 35.5 37.1 39 39.2 38.7 39.5 40.8 42.7 42.9 43.2 42.1 41.1 40.2 37.6 34.9 34.6 32.6 31.1 29.1 26.9 25.1 30 34.4 35.8 37.2 39.1 41.7 40.9 39.8 38.7 37.5 36.1 34.2 32 31.2 32.4 33.5 35.1 37.9 39.3 40.8 40.2 40 42.9 45.9 46.9 49.3 52.9 55.6 57.3 59.2 61.4 63.7 65 64.7 64.4 63.3 60.2 57.3 53.7 49.8 46.5 42 38 35.9 39.3 44 46.6 49.7 50 48.6 49.2 52.4
40.1 42.3 46.9 48 45.6 42.1 39.4 37.8 35.8 34.9 34.2 33.8 33.6 34.1 35 37.1 37.6 38.4 40.4 40.9 41.9 42.7 43.8 42.8 41.8 40.9 39.3 37.1 35.7 33.6 30.5 27.7 25.6 26.8 30.4 32.3 34.1 35.6 37.9 38.9 39.6 38.5 37.6 36.4 34.8 33 31 30.7 32.6 33.8 35.3 36.5 37.6 37.9 38.2 39.6 42.5 45.8 47.5 50.4 56 56.9 58.4 60.1 61.6 63.1 64.3 64.5 64.2 63.3 61.1 58.3 55.4 50.1 44.7 41.7 37.5 35.2 37.9 41.4 45.9 50.7 49.1 47.6 48.2 50.1
38 40.9 45.9 49.2 47.1 43.2 39.6 36.7 34.2 33.7 32.9 32.2 32 32.8 33.7 34.9 37.5 39.9 42.4 43.1 43.5 43 45.1 45.1 44.3 42.8 40.1 38 36.3 34.1 31.4 28.6 24.1 25.3 30.7 30 32.5 36 35.7 36.8 37.9 37.3 36.4 35.3 33.5 31.7 30.1 29.6 31.7 32.6 33.7 35.7 36.1 35.7 36.9 38.9 41 43.8 47.2 52 55.5 56.6 57.7 59.1 60.5 61.9 62.7 63 63.4 63.1 61.7 59.7 55 51.3 47.7 43.2 39 35.5 35.7 40 45.2 48.6 47.3 45.7 46.5 48.3
36.9 40.2 44.9 48.3 48.3 45.5 40.8 38.2 36.4 33.9 32.5 31.2 30.6 31.5 32.5 33.7 40.7 45.2 46.8 48.4 48.1 47.4 46.1 46.7 45.9 44.1 41 38.7 36.5 34.7 32.4 27.5 23.1 24.5 29.4 29.3 31.2 33.8 34.7 35.3 36 36.3 34.9 33.2 31.5 30 29.7 28.1 29.1 30.7 31.7 33.8 35.1 34.8 35.7 38.3 40.7 44 47.8 52.1 53.8 54.6 55.9 57.4 58.8 60.1 60.9 61.7 62 62.1 61.8 61 58.3 54.6 50.4 45.8 41.6 37.2 35.7 38.4 41.9 45.5 45.4 44.7 45.5 48.7
38.4 42 46.1 47.5 48.5 46.8 43.7 40.4 36.2 33.5 32.1 31.1 30.1 30.6 31.7 34 42.1 46 46.8 47.7 49.6 49.3 48.2 47.1 46.3 45.3 41 38.3 36.5 34.4 30.8 26.9 23.4 24 26.7 29.9 31 31.8 33.1 33.8 34.4 34.3 33.2 31.5 29.9 28.6 28.1 26.7 28.2 29.6 30.4 31.9 33.6 34.6 35.4 38.6 41.4 44.7 48.1 49.5 51 52.5 54.5 56.1 57.6 59 59.9 60.2 60.7 60.7 60.8 60.4 59.1 55.8 52.1 48.3 43.3 38.3 35.3 36.9 39.9 42.9 42.6 43.2 44.4 47.9
41.7 44.6 46.6 47.4 47.4 45.9 42.3 38.7 34.9 33.3 32.3 31.3 30.3 29.3 31.3 35.5 42.1 44.5 44.7 45.1 46.2 47 46.9 46.3 46.3 45 42.4 38.1 35.7 32.7 29.8 27.7 24.3 24 24.5 27.4 29.8 29.3 30.3 32 32.5 31.5 31.3 30.2 28.5 27.1 26.3 26.3 27.2 28.5 29.3 30.6 31.8 34.7 37.4 39.9 42.5 44.8 46.1 47.4 48.7 50.7 52.9 55.2 56.6 57.8 57.8 58.8 59.4 59.6 59.6 59.1 58.1 57.4 54 49.9 45 39.3 34.8 36 38.1 39.9 40.5 42.3 43.7 47.3
41.5 45.1 46.2 46.2 46.1 44.4 41 38.1 35.1 34.1 33 31.6 30.3 29 30.7 34.7 41.2 42.8 43.1 43.2 43.4 44 44.1 45.9 46.7 46 45.5 41.7 38.1 35.7 32.7 29.6 26 23.9 23.7 25 27.6 29.5 30.1 30.7 29.8 28.8 28.4 28.3 27 25.8 25.6 26.3 26.5 27.4 28.6 29.2 31.2 34.2 37.8 40.3 42.4 43.6 44.8 46 47.3 49.4 52.1 54 54.8 55.1 55.9 57.5 58 58.4 58.4 57.6 56.8 56 55.3 50.9 44.9 39.3 34.8 35.1 36.4 37.5 39.2 41.3 46.1 50.6
40.4 44.7 45.2 45.1 44.5 42.4 40.8 38.3 34.6 33.4 32.1 30.8 29.4 28.9 30.7 33.8 39.6 40.9 41 41.1 41.4 40.7 42 45.9 47.2 47.7 47 45.9 42.6 38.6 35.1 31.6 27.6 24.6 23.6 23.9 25.6 28 29 29.4 28.6 26.3 25.4 25.4 25.2 25 25.2 25.8 26.8 28 29.4 31.2 35.3 36.1 37.9 40.3 41 42.5 43.8 45.2 47.3 49.2 51.2 52.1 53.5 54.1 54.9 56.5 56.9 57.1 56.9 56.3 55.7 54.5 53.6 51 45.1 40.1 35.9 33.1 34.6 36.7 38.4 39.8 48.2 53.6
39.6 42.7 43.2 43.7 42.5 40.3 40.3 35.4 33.2 32.4 31.2 29.9 28.5 29.3 31.1 32.9 38 38.9 39.1 39.3 39.1 38.8 42.8 45.9 47.7 48.3 48.1 46.6 44.5 40.5 37.3 33.6 29.6 25.6 23.9 23.9 23.7 25.5 27 27.1 27 24.9 23.4 23.5 24 24.8 25.1 26.7 28.3 29.2 29.5 33.1 34.2 36.5 38.8 40.4 40.8 41.7 43.8 45.3 47.3 47.9 48.4 49.2 50.7 53.7 55.4 56 57.1 57.4 56.7 56.2 54.9 53 51.4 50.9 49.5 44.2 38.5 34.5 33.2 35.3 37.5 42.1 48.4 53.5
37.6 39.9 41 42.2 40.1 37.6 35.7 31.8 30.7 30.6 30.2 29 27.9 29.7 31.5 33.3 36.3 36.9 37.1 37.6 36.6 39.2 42.6 45.7 47 47.9 47.9 47.4 45.2 42.4 39.6 35.6 31.7 27.9 25 23 22.2 23.3 24.9 24.8 24.7 23.5 22.4 22.5 23.6 24.4 25.6 28.1 30 31.2 31.1 34.9 36.5 38.3 40.6 39.9 39.9 40.4 44.1 46.2 45.4 46.3 47.3 47.5 49.9 52.3 55.8 55.6 56.6 57.1 56.5 55.3 53 51.2 51.1 50.8 50.7 48.3 42.1 37.6 33.5 33.6 35.8 43 48.3 50.8
35.2 37.7 38.4 38.5 37 34.3 31.2 29.4 28.1 28.1 28 27.8 28.2 30 31.8 33.5 35.7 35.9 36.3 36 37.4 39.6 42.9 45.3 46.4 47.2 46.5 45.9 45.1 43.2 41.9 38.4 34.3 31.1 28.4 25.9 22.9 22.2 22.9 22.9 22.6 22.4 22.4 23.3 24.4 25.6 27.3 29.2 30.7 31.1 34.1 37 39 40.3 41 39.9 39.1 39.4 42 43.8 44.6 45 46.5 47.5 50 51.8 54.2 55 55.2 55.1 54.4 52.9 50.7 49.1 48.7 48.5 49.1 48.6 45.6 40.7 36.4 32 33.6 41.3 47.5 50.2
32.3 34.5 35.3 34.5 33.7 31.2 29.2 27.2 25.6 25.6 25.7 26 27.8 29.7 31.6 33.6 35 34.9 33.9 33.6 37 40 43.1 45.1 45.9 45.4 44.7 44 43.4 42.9 41.9 41 36.8 34.5 31.7 28.7 26 22.5 22.2 22.2 22.2 22.3 22.5 23.8 24.6 24.9 25.4 27.7 29.4 33.1 36.2 38.9 40.3 39.7 39.7 38.8 38.8 40 41.8 42.7 43.6 44.7 46 47.5 49.3 51.5 53.2 54.6 54.7 52.9 51.6 50 48.5 47.1 46.2 46.2 45.2 46.4 44.5 42.1 38.3 33.6 31.2 39.3 46.3 49.1
