app/static/ascii/TQ74.asc
ncols 200
nrows 200
xllcorner 570000
yllcorner 140000
cellsize 50
[rows 0 to 37 of 200, columns 86 to 171 of 200]
57.5 60 57.1 54.7 60 61.7 59.5 56.9 55.4 58.3 60.7 61.2 60.4 59.6 56.2 52.7 49.1 47.6 51.8 57 61.9 66.1 70.5 74.9 78 81.1 80.8 81.5 82.2 82.8 80.6 81.5 84.8 84.8 86.2 84.8 82.9 80.4 79.3 78 76.5 74.3 75.9 77 80.7 84.6 88 89.5 90.8 92.7 94.7 95.2 96.1 97 97.6 97.4 96.2 95.4 93.8 89.5 88.5 86.7 87.8 89.8 93.4 94.8 96.4 97.7 98.9 100.1 100 100.9 102 102.6 103.4 103.6 103.8 104 104.6 105.4 106.6 107.7 108.3 109.2 108.5 108.6
54.4 57.4 54 53 57.4 57.4 55.3 51.5 50.3 52.6 55.6 56.3 56.6 54.9 52.9 50.1 46.8 45 49.3 52.9 57.5 60.9 64.8 70.9 73.9 75.8 75.7 75.4 76.7 76.3 73.7 76.2 78.2 79.3 80.1 78.8 78.3 75.2 73.7 73.2 71.1 68.5 67.8 69.3 71 75.9 80.7 83.5 86 87.1 89.1 90.4 91.5 92.1 93.3 92.8 91.5 90.5 82.4 76.6 74.4 74.5 76 76.7 80.9 88.9 92.8 93.7 94.8 96.2 96.9 98.4 99.1 99.5 99.8 100 100.4 101.3 101.7 102.5 103.6 105.1 105.3 107.2 107.8 107.9
51.6 53 50.6 51.1 54.2 53 50 47.4 45.5 47.7 50.1 52 54.8 53.3 50.5 47.7 45.2 43.3 46.3 48.5 51.4 56.5 61.3 67.3 69.7 70.4 71.2 70.4 68.5 68.2 67.8 70.2 73.2 73.6 74.4 75.5 75.5 72.9 72.4 71.4 68.6 63 61 62.2 64.1 67.4 73 76 78 80.1 83.5 85.7 86.9 87.4 87.5 87.6 86.9 80.2 72.2 68.3 64.8 64.9 67.1 69.3 73.6 79.2 88.2 89.5 90.9 92.2 92.8 94 95.5 95.9 96.3 96.6 97.5 98.1 99.3 100.6 102 103.1 102.8 104.5 105.8 106.5
49.9 48.9 45.9 49.1 50.8 48.1 45.1 42.1 42.4 44.9 47.1 50.3 52.3 51.7 49.2 46 44.2 42.1 43.1 44.6 49.1 56.1 60.4 63.7 65 64.6 65.4 64.5 63.8 62.7 61.8 64.4 65.4 66.7 67.7 69.8 68 68.1 67.1 66.6 64.4 60.4 56.8 55.7 58.8 61.5 65 67.8 68.8 72.8 78.7 80.7 82.2 82.9 82.3 80.4 77.9 70.2 63.5 61.5 59.5 58.6 59.6 63.1 67.1 71.7 82.5 85.2 86.8 87.9 88.7 89.9 91.6 92.4 92.9 93.6 94.8 96.1 97.1 99 100.6 101 101.2 102.2 103.4 104.2
48.8 46.3 43.7 46.4 47 44 40.6 39 39.3 41.8 44.2 47.2 49.3 48.4 46.9 44.1 41.9 43.1 43.1 45.1 50.9 56.9 59.6 60.7 60.7 59.9 60.5 59.4 59.2 59.1 57.2 59.1 59.9 60.7 62.9 64.7 64.5 63.8 62.7 62.1 61.9 58.2 54.6 51.9 53.3 55.9 58.5 62 64.9 67.1 71.4 74.5 76.2 78.6 76.8 72 67.2 63.3 58 56.3 54.6 53.6 54.6 56.9 60.9 65.4 74.1 80.8 81.7 82 84.5 86.4 87.8 88.2 88.1 86.6 90.7 92.6 94 96.2 97.3 98 98.6 99.8 101.1 101.9
45.7 44.6 41.8 43.7 44.4 41.8 39.3 37.1 37.6 39.1 41 43.3 45.2 44.7 43.3 41.1 38.9 42.4 44.4 48.9 53.5 56.8 57.5 57.3 56.9 56.7 56.2 55.2 55.8 54.8 52.5 53.1 53.5 55.4 60 62.8 61.5 59.2 57.6 57.4 58.6 55.8 52 48.8 50 52.5 56.4 57.7 58.7 60.3 64.4 67.5 70.3 71.9 71.9 67.8 62.8 58.9 53.4 51.4 49.8 48.9 49.6 51.7 55.1 60.2 67.9 75.6 76.4 73.7 76.8 72.8 83.8 74.9 73 74.6 81.5 88.9 88.9 90.5 92.8 94.5 95 96.7 97.5 98.5
44.3 43.9 40.4 42.7 42.2 39.5 37 35.9 35.6 36.9 38.6 40.4 41.7 41.2 40 37.6 38.8 45.2 49.1 50.4 53.9 56.4 55.8 54.6 54.3 54.7 53.5 52.1 51.9 50.7 49.2 49 48.6 52.1 58.2 59.6 58.4 54.6 54.7 54.7 55.3 54 50.2 47 48.6 52.5 55.5 56 55.3 55.2 58.4 61.6 65.5 67.2 65.3 63.9 59.3 54.7 49.3 45 43.9 43.7 43.6 46.7 50.8 56.7 63.4 65.5 64.3 63.2 66.3 67.8 68.7 67.1 64.9 66.7 72.1 83.1 83.6 85.2 87.3 88.7 90.6 90.9 92.8 94.8
42.8 43.1 40.6 39 39.1 37 35.3 34.7 34.1 34.8 36.3 38.3 39.3 38.7 37.2 35.2 41.3 48.1 48.2 50.1 53 54.9 53.7 52.9 52.9 53.2 52.1 49.8 48.7 47.6 46.2 45.9 46 50.1 54.4 55.4 53 51.9 52.2 53 53.8 52 48.9 45.9 49.4 54 55.6 54.9 52.8 52.5 55.3 58.1 61.2 61.6 58.8 57.9 56.1 54.5 49.7 44.7 41.6 39.6 37.5 40.4 46.6 52.2 56.3 57.1 56.2 57.2 60.4 62.9 61.7 59 59.5 59.7 63.8 69.2 73.2 76.4 80.8 83.5 79.5 78.2 83.2 91
41.4 41.7 41.1 38.3 36.4 34.6 33.9 32.9 32.3 33.2 34.8 36.9 37 36 34.7 34.5 40.9 44.6 45.4 48.6 50.8 51.9 51 50.5 50.9 51.2 50.1 47.8 46.4 46.1 44 43 44.2 48.5 51.9 51.6 50.5 48.5 49.8 50.8 51.5 50.1 46.8 46.7 52.8 54.9 54.2 51 49.2 50 51.3 53.5 54.8 55 53.4 53 53.5 52.3 49.2 45.3 42.7 39.7 34.9 34.9 41.4 46.1 49.8 50.4 49.2 51 54.1 55.3 56.5 54.4 54.2 55 58.6 62.2 65.8 68.5 70.1 70.4 68.4 67.1 74.1 80.7
39.7 40.2 39.3 37.5 35.6 34.3 33.3 32.2 31.2 31.6 33.2 34.3 34.7 33.6 32.3 34.1 37.9 40.8 42.5 46.5 48.9 49.5 49.5 47.6 47.9 48.5 48.1 45.9 44.7 45.2 42.8 41.5 43.7 48.2 50.7 49.2 47.5 44.7 46.6 49 49 47.1 44 49.2 53.1 54 52 49 46.6 47 48.1 48.9 50.2 51 50.7 50.3 50.5 49.8 46.5 44.6 43 40.4 36.4 34.9 35.8 41 44.4 44.2 43.3 45.2 48.8 52.2 51.9 49.1 47.4 50.6 55.4 57.1 61 62.5 63.4 61.8 60.4 60.8 64.1 67.6
37.8 39 37.1 35.3 34.2 33.3 32.4 31.5 30.5 30.3 31.4 32.1 32.3 31.8 34.4 34.7 36.1 37.7 40 43.3 46.1 47.1 46.6 45.5 45.4 45.7 45.3 43.5 42.6 43.6 41.3 40.1 43.9 47.5 48.5 46.7 44.4 42.8 45.8 46.6 45 44 45 49.3 51 51.5 50 47.5 44.6 44.9 45.5 47.3 48.9 48.3 49 47.7 47.8 47.3 45.4 43.8 42.1 40.1 36.3 35.5 33.8 36.4 39.1 38.7 39.6 42.2 45.2 48.8 47.8 45 42.3 44.6 47.9 51.4 54.1 56.2 56 55 55.2 56.1 59 62.6
35.4 36.6 35.3 33.2 32.9 31.9 31 30.1 28.8 29.4 29.7 30.2 30.5 31.5 33.1 34.7 35.7 36.6 38.5 40.2 42.9 45.1 45.4 45.4 43.9 44.6 43.5 42.1 40.9 40.8 38.1 39.4 44.2 45.4 46.5 45.1 43 42.2 45.5 45.2 43.4 41 45.2 48.6 48.7 48.6 48.2 45.2 42.1 42.6 44.3 47.1 48.2 46.7 47.7 46.9 44.5 44.4 44 42.6 40.9 39.3 36.5 34.7 32.7 34.6 34.7 36.2 38.5 39.9 42.3 45.3 44.6 42.6 39.6 39.8 42.3 45.8 48.1 49.8 50.3 49.8 50.1 50.8 52.7 54.5
36 35 33.8 31.8 31.1 30.4 29.5 28.4 28.4 28.4 28.4 28.6 29 30.4 32.1 33.5 34.2 35.5 36.9 38.5 40.7 43.2 44.2 43.5 42.5 42.9 42.2 41.1 39.6 37.4 37.4 38.4 42.3 43.4 44.1 43 41.6 41.5 43.8 43.3 41.2 41.7 44.6 46.3 46.8 47.2 46.2 42.9 40 41.5 44.3 46.7 47.2 44.7 47.3 46 43.3 42.7 42.2 40.8 39.4 37.9 36.1 33.7 31.8 32.9 33.5 36.8 37.6 38.5 40.2 42.6 41.9 39.9 37.4 36.7 36.1 39 42 43.5 44.3 45.2 44.6 45.5 47 48.5
35.3 34.4 33.1 31 28.8 28.9 27.9 27.4 27.1 27 27.1 27.3 27.7 29.2 30.4 32 32.7 34.2 35.5 37.3 39.4 41.1 42.1 42.4 41.6 41.2 40.9 39.9 38.9 37.4 37.4 38.1 40.4 41.2 41.7 41.3 40.2 39.5 40.7 41.2 39.1 41.3 44.3 45.1 44.6 45.5 43.3 39.7 38.6 41.2 44.9 46.9 45.1 42.7 46.1 45.7 41.5 40.5 40.4 39 37.9 36.8 35.2 32.6 31.6 31.7 33.4 35.7 36.4 37.6 39 41.6 40.1 37.7 35.6 34.4 35.8 35.8 37.5 38.9 40.6 41.2 39.7 38.9 40.5 42.7
34.2 34 32.2 30.3 28.1 28.1 28.1 28.2 26.1 26.2 25.9 25.9 26 27 28.2 29 29.3 32.5 34.9 37.3 39 39.5 40.2 40.6 40.7 40 40.1 40.2 38.7 37.5 36.3 36.7 38 39.7 40.1 39.6 39 38 38.8 38.7 37.9 41.8 43.4 43.5 43.2 42.2 39.5 36.8 37.1 40.6 45.1 45.2 44.2 41 44.7 43.8 40.7 38.7 38.5 37.6 36.5 35.4 34.2 31.7 30.8 29.9 31.2 33 34.5 35.8 36.7 39.3 39.3 36.8 34.6 33.1 33.6 34.2 36.1 38.2 40 39.1 37.5 36.6 37.4 39.8
33.2 33.2 32 30.1 27.7 28.1 28.1 28.1 26.1 25.3 24.9 24.9 25 25.8 25.8 26.7 28 31.3 35.6 37.9 38.5 38.7 38.9 39.1 39.5 39 39.1 39.3 38 36.5 34.4 34.8 36.5 38.4 38.1 37.6 37 36.4 36.6 35.8 39.4 41.9 42.2 42.5 42.2 40.4 38 35.4 36.2 39.1 41.8 42.2 40.9 39.2 41.8 42.2 39.5 37.1 36.6 36 34.9 33.8 32.7 30.5 29.7 29.2 29 30.1 32.1 32.3 34.4 36.6 37.5 35.5 33.3 31.9 32.5 34 36.2 38.1 37.9 37 35.9 35.2 37.2 39.7
32.1 32.1 30.9 29.1 26.8 28.1 28.1 28.1 25.9 24.4 24.1 24 23.9 26.5 26.5 26.5 27.4 29.9 33.4 36.1 37.3 37.7 37.4 37.1 37.7 37.8 37.8 37.8 36.3 34.8 34.2 35 35.3 36.6 36.1 35.6 35 34.5 33.7 37 40 40.6 41.1 41.6 40.8 38.7 36.3 33.9 36.1 38.7 39.1 39.3 38.4 37.2 38.6 39.7 37.2 35.5 35 34.5 33.3 32.2 31.2 29.6 29.2 28.8 28.5 30.5 30.5 30.5 31.6 34 35.3 33.6 31.6 30.8 30.9 32.9 35.5 35.9 36.5 35.8 34.5 34.7 36.3 39.2
31.4 30.7 29.4 28.2 25.3 25.1 27.2 27.1 23.6 23.3 23.1 23 22.9 23.6 25.4 26.5 28 27.8 29.4 31.6 33 34 34.9 35 36.5 36.9 36.7 35.7 34.9 34.1 32.8 33.6 34.4 34.9 34.2 33.4 32.4 32.8 35.3 37.6 38.8 39.3 39.8 39.5 38.9 36.8 34.5 34 36.3 38.2 37.9 37.3 36.4 35.5 35.5 35.2 34.3 34.3 33.9 33.3 31.8 30.4 29.2 29 28.8 28.4 28 30.5 30.5 30.5 30.5 31.6 33 31.5 29.9 29.8 29.8 31.7 33.9 34.4 34.8 34.5 32.9 34.8 36 37.5
30.2 29.3 28.1 26.9 24.7 23.4 23.2 23.1 22.5 22.3 22.2 22.1 22.1 23.2 24 23.8 26.2 24.8 25.8 27.5 28.9 30.1 31.4 33.7 35.7 36.4 36 35.2 34.2 33.4 31.7 32.2 32 32.3 31.6 30.6 31.7 33.8 35.2 37.2 37.6 38 37.8 37.3 36.6 34.8 33.1 33.3 35.7 36.9 37.4 36.4 35.4 34.1 32.6 32.5 33.1 33.5 32.8 32 30.6 29.3 28.3 28.3 28.2 27.8 27.3 28.8 29.3 30.5 30.5 30.8 31.7 30.2 29.2 29.2 28.9 30.6 31.5 32 32.6 32.5 33.6 35.9 37.1 37.2
28.7 27.9 27 25.3 24 22.8 22.4 22 21.7 21.6 21.4 21.3 21.3 24 24 22.5 22.5 23.5 24.7 25.6 27 28.3 29.7 32.7 34.3 35.3 35.7 34.8 33.7 32.5 30.7 30.2 29.7 29.7 29.4 29.3 31.2 33.8 36.1 36.2 36.2 35.8 36.3 36.3 35.8 33.7 31.4 32.4 34.7 36.8 36.2 35.3 34.6 33.3 31.5 30.8 30.9 31.4 31.8 30.8 29.8 28.8 27.8 27.8 27.3 26.9 26.6 26.3 28 32.1 31.1 31.5 30.5 29.4 28.8 29 28.3 28.7 29.7 30.1 30.6 33 35.9 37 37.2 36.9
27 26.8 25 23.8 23.2 22.3 21.9 21.5 21.1 21 20.8 20.7 20.7 22.1 21.6 21.5 21.7 22.9 24.2 25 26 27.3 28.3 29.6 31.4 33.1 33.6 34 33.1 32.4 30.6 28.5 28.2 28.1 28.2 28.3 29.2 31.6 32.5 33.5 33.8 33.4 33.4 35.5 33.7 31.3 29.1 31.5 33.7 35.1 35 34.4 33.8 32.2 30.5 28.9 29.1 29.3 30 29.9 29.1 28.3 27.4 26.9 26.6 26.5 26 25.5 26.4 28 29.9 29.9 29.7 29 28.7 28.7 28.3 28.2 28.2 28.4 29.8 33.4 37.7 38.3 37.5 36.2
25.4 25.1 23.6 23.1 22.4 21.8 21.4 20.9 20.7 20.5 20.2 20 20.1 20.4 20.8 20.8 21.7 22.5 23.6 24.4 25.2 26 26.4 27.4 28.7 30.3 32 33.2 32.8 32.1 31.5 29.4 27.3 27.2 27.1 27.3 27.6 27.6 28.5 29.4 30 30.1 30.5 32.3 31 29 27.9 30.7 32.6 33.9 34.2 33.6 32.7 30.6 27.5 26 27 28.1 29 28.6 27.9 27.1 26.2 26.1 25.6 25.6 25.2 25 26.1 27.4 28.7 29.7 29.1 28.1 27.6 27.9 27 27.2 27.3 27.7 30 32.9 35.6 36.9 36.5 35.1
23.6 23.2 22.3 22.1 20.7 21.2 20.8 20.1 20.2 20.1 19.9 19.4 19.5 19.9 20.2 21 21.7 22.3 23.2 23.6 24.4 24.8 25.2 25.1 26.9 29.7 32 32.4 32.3 32.2 31.7 29.7 26.6 26.3 26 26 26.2 26.2 26.2 26.2 26.2 26.7 27.7 29 27.7 26.1 26.2 29.2 30.1 31 31.5 31.5 30.5 28 25.1 24.2 26 27.1 27.9 27.3 26.7 25.9 25 24.9 24.9 24.8 24.7 25.1 25.7 27 28.2 28.8 28 27 26.4 26 25.9 26.1 26.2 26.8 28.7 31.3 33.4 34 33.8 32.5
23.2 22.5 21.5 20.4 20.1 20.5 20 19.5 19.4 19.8 19.4 19.1 19.1 19.5 20 20.8 21.8 21.8 22.6 22.9 23.3 23.7 24.1 24.1 25.7 29 32.1 32 32 32.5 31.8 29.8 26.5 25.4 25.2 24.9 24.7 24.9 25 25.1 25 24.5 24.5 25.6 24.9 24.2 25.1 26.4 27.2 28.1 28.3 28.7 27.5 25.3 23.9 23.2 24.7 26 26.6 26 25.4 25 24.2 24.4 24.5 24.4 24.4 25.1 25.5 26.5 27.5 27.3 26.7 25.8 25.6 25.1 24.8 25 25.6 26.8 28.4 29.7 30.9 31.8 31.7 31
23 22.8 21.8 20.6 19.8 18.5 18.4 18.4 18.8 19.1 19.1 18.8 18.8 19.3 19.9 20.9 21.8 21.7 21.8 22.2 22.3 22.5 22.9 24 26.4 29.7 32.1 32.2 32.1 32.1 31.6 29.3 26.4 24.6 24.4 23.6 23.1 23.4 23.7 23.8 23.9 23.8 23.3 23.6 24.1 22.9 24 24.7 24.4 25.1 25.2 25.3 24.6 23.3 22.8 22.3 23.6 24.5 24.5 24.3 24 23.9 23.6 23.5 24.3 24.2 24 24.5 25.6 26 26 25.7 25.3 25.3 25.3 24 23.7 24.2 25.2 26.6 27.9 29 29.8 30.8 30.4 30.2
20.8 21.9 21.8 20.9 19.7 18.4 17.2 16.8 17.4 18.1 18.6 18.7 18.9 19.1 19.9 20.9 21.8 21.6 21.3 21.7 21.9 22.1 22.8 24.4 27.1 29.9 31.4 31.9 31.8 31.6 31.3 29.6 27.5 25.1 23.5 22.5 21.9 22 22.3 22.5 22.7 22.7 22.5 22.8 22.6 22.1 21.3 21.5 21.8 22 22.2 22.3 22 21.3 21 22.4 23.3 23.9 23.9 23.4 22.9 22.5 22.2 22.6 23.7 23.7 23.7 24.2 25 24.9 25 25.3 25 24.6 24.7 23.4 23.6 23.8 24.5 25.5 26.1 27.6 28.6 30.1 30.3 30.3
19 20.2 21 20.6 19.1 17.7 16.6 16.9 17.9 18.9 20.4 20.3 20.1 19.9 19.7 20.4 21.3 21.2 20.8 21.3 21.7 22.7 23.7 24.9 27.8 30.1 30.8 31.2 31.4 31.1 30.7 29.6 27.7 25 23.4 22.2 21.6 21.7 21.8 21.5 21.8 22.1 22.3 22 21.7 21.5 21.1 20.5 20.2 20.2 20.5 20.7 20.5 20.3 20.8 22.3 22.9 23.5 23.3 22.7 22.3 22 21.6 22.6 23.3 23.7 23.5 23.9 23.9 23.9 24.1 24.4 24.7 24.1 23.6 23.3 23.4 23.6 23.8 24.2 24.9 25.8 27.6 29.4 30.5 30.3
17.1 18 19.2 18.5 18 16.9 18.2 20.5 21.7 22.2 22.5 22.4 22.3 21.9 20.9 19.9 20.2 20.2 20.6 21.6 22.6 23.6 24.6 25.9 28.3 30.2 30.6 30.8 31 30.7 30.4 29.4 27.2 25.4 23.6 22.2 21.5 21.6 21.4 20.9 20.9 21.2 21.1 21 20.9 20.4 19.6 19.6 19.3 19.1 19.3 19.4 19.2 19.4 20.3 21.7 22.7 23.1 22.7 22 21.6 21.4 21.6 22.9 23.6 23.8 23.6 23 22.9 22.9 23.2 23.5 23.8 24 23.7 23.5 23.3 23.4 23.2 23.6 24.1 24.7 26 27.3 30.6 30.4
15.7 16.4 17.1 16.7 16.2 17.3 20.6 23.4 23.7 23.9 24 24.1 24.3 23.5 22.6 21.4 20.5 20.8 21.1 22.5 23.9 24.7 25.9 28.2 29.6 29.9 30.1 30 30.2 30.7 30.1 29.2 27.8 26.1 24.2 22.3 21.4 21.4 20.9 20.4 19.9 20.2 19.6 19.7 19.7 19.5 19.4 18.7 18.6 18.4 18.1 18.2 18.3 18.4 19.7 21.2 22 22.2 22.1 21.9 21.4 21.4 22.1 23.3 23.8 23.3 22.1 22 22 22 22.3 22.6 23 23.3 23.3 23.2 23 22.7 22.5 22.9 23.1 23.8 24.9 27 29 30.5
14.5 15.2 15.9 16.2 16.3 18.4 21.9 23.1 24 24.7 24.9 24.9 25.1 24.4 23.9 22.7 22.3 22.8 22.8 24.2 25.7 26.8 28.1 29.3 29.4 29.5 29.6 29.4 29.4 29.5 29.1 28.7 28.1 26.4 25.1 23.3 21.5 21 20.4 19.8 19.3 18.6 18.3 18.5 19 19.6 18.2 18 17.8 17.6 17.4 17.5 17.7 17.6 18.8 20 20.8 21.3 21.8 21.6 21.3 20.9 21.9 22.6 22.8 22.2 21.5 21.2 21.4 21.4 21.7 22 22.3 22.6 22.6 22.4 22 21.8 21.6 21.9 22.1 22.9 23.8 24.9 26.7 27.2
14 14.5 15 15.6 16.4 18.2 20.3 21.9 23 23.6 24.7 24.9 25.5 24.9 24.2 23.4 24.2 25.2 26.1 27.7 28.3 28.1 29.2 29.7 29.4 29.2 29.4 29.9 29.9 29.6 29 28.5 27.7 26.6 25.6 23.9 22 20.2 19.5 18.8 18 17.4 18.7 19.2 19.1 18.5 17.4 17.3 17.2 17 17 16.9 17.4 17.9 18 19.7 20.4 20.4 20.9 20.5 20 20.1 20.8 20.9 21 21.4 20.9 20.6 20.7 20.9 21.1 21.3 21.6 21.9 22 21.8 21.6 21.5 21.5 21.2 21.1 21.9 22.6 23.3 23.8 24.2
13.8 14.1 14.7 15.3 16.4 17.4 18.8 20.1 21.4 22.2 23.4 24.5 24.9 24.8 24 24.3 25.5 26.8 27.2 27.8 28.5 29 29.2 29 28.7 28.6 28.7 28.7 28.6 28.6 28.3 27.4 26.7 26.2 25.9 24.2 22.1 20 18.4 17.5 16.8 18.6 18.8 18.7 18.7 18.1 17.1 16.9 16.7 16.6 16.5 16.4 16.8 17.2 17.6 18.9 19.4 19.7 19.2 19.1 19.1 19.2 19.4 19.6 19.8 20 20 19.9 20.2 20.4 20.4 20.7 20.9 21 21.1 21.4 21.3 21.2 21.2 21.2 20.7 20.8 21.5 22.2 22.8 23.1
13.8 13.9 14.2 14.6 15.5 16.4 17.3 18.3 19.4 20.9 22.1 23.7 23.5 23.3 23.2 24.2 25.6 26.4 26.5 27.2 27.3 28.2 28.4 28.1 27.9 28 28.1 28.1 28.1 28.1 27.2 26.1 25.3 24.7 25.3 23.9 21.9 19.8 18.1 17.3 17 18.7 18.6 17.5 17.3 17 16.7 16.4 16.2 16.1 16.1 16 16.2 16.6 17.7 18.5 18.8 19 19.3 18.9 18.8 18.7 18.7 18.8 18.9 19.3 19.7 19.6 19.7 20 20 20 20 20.1 20.2 20.4 20.6 20.9 20.9 20.9 20.8 20.7 20.4 21.2 21.7 22.2
13.5 13.7 13.8 14.2 14.3 15.2 16.1 17.2 18.4 19.6 21 22.3 22.3 22.2 22 23.1 24.4 25.6 25.9 25.7 25.6 26.9 27.6 27.4 27.2 27.4 27.5 27.6 27.6 27.1 26 24.8 23.6 22.6 24.5 23 21 18.9 17.4 16.9 16.1 16.7 17.2 16.6 16.2 15.9 15.7 15.9 15.8 15.7 15.6 15.6 15.6 16.5 17.6 17.9 18.1 18.4 18.7 18.7 18.6 18.5 18.3 18.2 18.5 19 19.2 19.3 19.2 19.3 19.5 19.5 19.5 19.6 19.8 19.8 20.3 20.5 20.3 19.7 20.1 20.2 20.2 20.3 21 21.7
13.7 13.7 13.4 13.7 13.9 14 15 16.2 17.5 18.8 19.9 20.6 20.7 20.7 20.6 21.2 22.9 23.9 24 23.9 24.1 24.4 25.2 26.5 26.6 26.8 26.9 26.9 26.4 25.7 24.5 23.1 21.6 20.7 21.9 21 19.8 18 17.3 16.8 15.9 16.2 16.1 15.7 15.3 14.9 14.8 15.1 15.4 15.7 15.7 15.7 15.7 16.7 17.5 17.8 17.9 18.1 18.3 18.4 18.5 18.4 18.1 17.9 18 18.4 18.5 18.8 18.8 18.9 19.1 19.1 19.1 19.3 19.5 19.7 20.1 20 19.9 19.7 19.7 20 20.2 20.5 21 21.5
10.3 11.5 13 13.3 13.5 13.2 13.9 15.2 16.2 17.6 18.7 19.4 19.2 18.7 18.7 19.3 20.2 21.4 21.5 21.2 21.2 21.3 21.8 22.9 23.5 23.6 24.2 24.7 23.8 23.5 22.2 20.6 19.4 18.9 19.3 19 18.6 17.9 17 16.5 15.6 15.8 15.2 15 14.6 14.3 14.4 14.7 15 15.3 15.7 15.8 16 16.7 17.4 17.6 17.7 17.9 18 18.2 18.3 18.2 17.9 17.6 17.7 17.7 17.8 18.2 18.4 18.5 18.7 18.7 18.8 19 19.2 19.5 19.7 19.6 19.4 19.3 19.7 20 20.4 20.8 21.1 21.4
13.1 13.1 12.9 12.7 12.9 12.8 13.2 13 14.5 16.2 16.8 17.6 17.1 16.6 16.9 17.5 18.1 18.5 18.8 18.7 18.2 18.4 18.7 19.6 20 19.9 21.1 21.5 20.8 20.4 19.3 18.6 17.9 16.9 17.5 17.8 17.8 17.3 16.7 16.1 15.4 14.9 14.4 14.2 14 13.8 14.1 14.4 14.6 14.9 15.2 15.6 15.9 16.6 17.2 17.3 17.4 17.6 17.7 17.8 17.9 18.1 17.8 17.6 17.4 17.4 17.2 17.7 18 18.1 18.3 18.3 18.5 18.7 18.9 19.1 19.2 19.1 19 19.1 19.4 19.8 20.1 20.5 20.3 21.2
13.2 13.2 13.3 13.1 13.1 13.1 13.1 10.7 13.8 14.6 15 14.5 14 14.6 14.4 14.9 15.3 15.8 16.3 16.3 16 16.2 16.6 17.2 17.6 17.9 18.4 18.6 18.8 18.9 18.1 17.7 16.5 16.1 16.3 16.5 16.8 16.6 16.2 15.8 10.3 11.3 13.5 13.5 13.5 13.5 13.7 14 14.2 14.5 14.7 15.1 15.5 15.9 16.1 16.6 16.8 16.9 17.1 17.4 17.6 17.7 17.7 17.5 17.3 17.1 16.9 17.1 17.4 17.7 17.9 18 18.2 18.4 18.5 18.7 18.8 18.7 18.6 18.8 19.2 19.5 19.8 20.2 20.5 21.5
