app/static/ascii/TQ78.asc
ncols 200
nrows 200
xllcorner 570000
yllcorner 180000
cellsize 50
[rows 82 to 122 of 200, columns 0 to 92 of 200]
31.3 28.6 26.9 25.5 24.5 24 23.5 22.2 21.2 19.9 18.8 17.4 18.3 18 17.4 16.3 14.5 12.5 10.8 9.5 9.9 10.9 10.5 9.5 8.9 8.7 7.9 6.5 5.1 4.3 3.5 3.5 4.9 7 10.7 15.1 15.1 13 10.7 8.4 6.2 4.8 3.7 2.1 1.8 1.8 1.8 1.6 1.6 1.5 1.6 1.7 2 2.1 1.5 2.1 1.8 1.8 2.2 2.3 1.9 1.9 -2.1 -2.1 -2.1 1.3 1.9 1.8 -2.1 -2.1 -2.1 -2.1 3.1 4.2 4.1 2.9 3.1 2.5 4.3 5.2 6 5.6 8.5 12.8 16.8 19 20.4 21.1 20.6 19.5 18.6 14.8 9.6
30.6 28.4 26.9 25.2 23.7 22.9 22.5 21.9 20.9 19.7 19.5 19.6 19.4 19.5 17.5 16.8 15.3 11.5 10.5 10.5 11.2 12.5 12.1 10.6 9.9 9.2 8.5 6.7 5.3 4.6 3.9 4 5.7 8.4 14.3 17.2 16.5 14.9 12.4 9.6 6.8 5 3.5 2 1.8 1.8 1.8 1.7 1.8 1.9 1.9 1.4 1.6 2 1.7 1.7 2.1 1.7 1.2 2.4 2.4 1.5 2.5 2.4 2.2 -2.1 -1.6 -2.1 -2.1 1.1 1.4 -2.1 -2.1 -2.1 3.8 3.4 2.6 2.6 4.5 5.2 6.1 9.4 12 14.5 18.9 21.2 23.4 23.6 23.4 22.1 19.5 15.2 11
30 28 26.6 24.8 23.3 22.7 22.2 21.8 21 20.7 21.2 20.6 24 23.7 21.3 19.2 17.1 14.4 12.9 12.7 12.9 13.4 13 11.8 10.8 9.7 8.5 7.1 5.6 4.8 4.3 4.5 6.3 10.3 16 17.8 16.6 15.3 13.1 10 6.9 4.9 3.3 1.9 1.8 1.8 1.8 1.7 1.9 1.8 1.4 1.2 2 1.9 2 1.6 1.9 1.7 1.6 2.1 2 0.9 3.8 3.8 2.6 1.7 2.7 2.7 3.1 3.3 3 3.4 2.7 -2.1 -2.1 -2.1 2.6 4.4 5.2 5 8.9 12.1 13.6 15.4 20.7 23.6 24.9 25.5 25.9 25 23.1 18.3 12.7
28.4 28 26.5 25 23.6 22.6 21.9 21.7 21.3 21.8 20.7 24.8 28.1 28.3 26.1 24.3 22.6 19.9 17.5 16.1 15.5 15.3 14.7 13.3 12.2 10.9 9.1 7.5 6.2 5.2 5 5.1 6.7 11.4 15.5 16.7 15.9 14.9 13 10 6.8 4.9 3.3 2.1 1.9 1.9 2.1 1.5 2.2 2.1 1.4 1.3 2 2.4 1.9 1.8 1.5 1.4 1.8 1.7 1.9 1.4 3.1 3.8 3.8 2.4 1.9 1.7 1.9 1.9 1.8 2.9 2.7 2.8 2.6 -2.1 -2.1 3 5.6 5.4 10.5 13.6 14.9 19.6 23.1 25.4 26.9 27.9 28.1 26.5 24.9 21 15.7
28.9 27.2 26 25.1 24.1 22.8 22.2 21.8 21.8 20.7 24 26.5 29.9 30.9 31.3 29.4 27.1 24.6 21.9 20.2 19.6 18.8 17.4 16 14.4 12.6 10.8 8.9 7.6 6.5 5.8 5.4 6.5 10.4 13.6 15.2 14.6 13.7 12.3 9.4 6.7 4.7 3.3 2 1.7 2.1 2.4 1.7 1.5 1.7 1.9 1.3 2.2 1.4 1.4 1.9 1.6 2 1.3 1.5 1.8 2.1 2.3 3.1 3.8 2.9 1.8 1.9 1.9 1.9 1.7 2.1 2.1 3.1 2.9 2.7 -2.1 -2.1 3.7 6.8 11 16.2 19.9 22.2 24.8 26.8 28.7 30.2 30.3 29 26.6 23.5 18.9
28.3 27 25.7 24.4 23.4 22.6 22.3 21.9 21.1 23.4 25.4 27.4 31 32.7 34.1 32.8 30.7 28.4 25 23.3 23.3 22.5 21 19.6 17.1 14.7 12.8 11 9.1 7.8 6.5 5.6 6.2 8.5 11.5 13.1 12.8 12 10.6 7.9 5.7 4.4 3.2 1.9 1.5 2 2 1.9 1.9 1.8 1.7 1.6 1.3 1.5 2 2 1.9 2 1.6 1.5 2.1 2.1 2 1.9 1.7 1.8 1.8 1.8 1.9 1.9 1.7 1.9 2 2 3.2 2.6 2.7 -2.1 -2.1 6.1 9.3 14.6 20.2 23.1 25.8 28.1 30.4 32.6 32.3 30.7 28.2 26.1 23.5
28 27 25.4 23.7 22.7 22.1 21.7 20.6 22.5 24 25.8 28.9 32.8 34.6 35.9 35.3 33.7 30.9 28.3 26.8 26.6 26.1 25.1 22.3 20.5 17.3 15 13 10.5 8.5 7.1 6.2 6.6 7 9.1 10.2 10.3 9.5 7.7 5.6 4.1 2.9 2.6 2 1.5 1.5 1.8 1.8 1.9 1.8 1.7 1.5 1.5 1.9 1.9 1.9 1.6 1.7 1.7 1.6 1.8 2.7 1.9 2.1 1.5 1.8 1.8 1.8 1.9 1.9 1.7 1.6 1.7 2 2.3 3.2 2.8 1 -2.1 4.3 7.6 13.2 19.2 22.9 25.5 27.6 30.3 33.1 34 31.9 30.1 28 25.5
27.5 26 24.3 23.4 22.3 21.5 21.2 21.8 22.6 23.7 26.2 30.8 36.6 36.2 35.3 36 36 34.1 32.5 30.7 29.9 28.6 27 24.2 22.2 19.4 16.2 13.7 11.4 9.8 8.7 7.9 7.8 7.4 7.3 7.1 7.3 6.7 5.3 3.5 2.4 2.5 2.2 2 1.6 1 1.5 1.7 1.9 1.9 1.7 1.5 1.6 1.8 1.9 1.9 2 2 1.9 1.8 1.8 2.1 1.8 1.5 1.6 1.6 1.8 1.8 1.5 1.4 1.9 1.7 1.8 2 1.9 2.9 2.7 2.7 -2.1 3.8 6.3 11 17.1 21.3 25.1 26.5 29.2 32.8 34.4 32.5 30.6 28.4 25.8
26.5 24.9 23.8 22.9 22.1 21.2 21.2 21.3 22.1 23.3 25.8 31.2 36 35.1 33.6 34.5 36.5 36.2 34.5 33.1 30.8 29.5 28.1 25.3 23.3 20.2 17.2 14.8 13.3 12 9.7 10 9.2 8.1 7.6 5.7 5 4.2 3.3 2.5 2.3 2.4 1.9 1.6 1 1.6 1.5 1.6 1.9 1.9 1.5 1.5 1.7 1.6 1.9 1.7 2.1 2.2 2 1.9 1.7 1.5 1.8 1.4 1.9 1.5 1.9 1.9 1.8 1.9 1.5 1.9 2 2.1 2 3.1 2.6 2.8 -2.1 3.1 6 7.3 14.3 19.8 24.4 26.9 28.4 29.5 32.1 30.8 29.4 27.9 27.2
25.3 24.3 23.4 22.5 21.5 21 20.8 21 21.4 22.7 24.9 29 32.8 33.2 31.7 32.9 35.5 36.2 34.8 34 31.7 30.3 28.9 26.3 23.8 21.6 19 17.3 15.9 14.5 13.7 12.5 10.6 9.6 8.4 6.9 4.7 3.3 2.7 2.3 2.2 2.3 1.8 1.8 1.3 1.6 2 1.9 2 1.8 1.8 2 2.1 2.2 1.7 2 1.9 2.1 2.1 1.5 1.3 2 2.1 2.1 1.9 2.2 2.1 2.1 2 2 2 1.9 1.9 2 1.9 3 2.6 2.6 -2.1 -2.1 5.5 6.6 12.3 18.4 22.6 25.7 26.8 28.5 28.6 27.2 26.5 25.6 26.3
24.2 24.2 22.6 21 21.1 20.7 20.5 20.7 21 22 23.5 25.7 29.6 30.6 29.6 31.2 33.4 35.3 34.9 33.7 32.4 31 30 28.3 26.8 24 22.2 21 19.2 17.7 16.4 14.5 13 12 9.6 7.6 6 4.9 3.9 3.8 3.5 3.1 2.8 2 1.7 1.9 2.1 1.3 1.7 2.2 1.8 2.4 2.5 2.4 2.2 1.9 1.6 2 1.7 1.5 1.3 1.8 2.1 2.1 2.1 1.7 1.9 1.8 1.3 1.7 1.5 1.5 1.6 1.8 2.2 2.7 2.6 2.6 -2.1 -2.1 4.6 6.2 8.2 15.5 20.9 24.7 25.4 26.2 26.1 27.7 25.5 24 24.5
23.3 23.2 22 21.4 20.7 20.2 20.1 20.4 20.7 21.2 22.1 23.4 25.2 26.8 26.9 28.1 30.3 33.4 33 34 33.4 32.7 31.9 31.1 29.2 26.9 25 24.5 22.8 20.7 18.2 16.7 14.8 13.2 11 9.3 8.5 7.4 6.3 5.9 5.7 4.8 3.7 2.5 2.4 2.2 2.1 1.6 1.5 1.7 2.3 2.4 2.3 2.3 2.4 1.8 2 2.2 2 2 2 2.1 2.1 2.1 2 2.1 2.2 1.9 2.1 2.1 1.5 1.9 1.8 1.6 2.2 3.3 3.3 3.1 -2.1 -2.1 5 5.5 6.6 12.5 18.6 22.9 24.2 25.3 24.5 22.5 24 23.1 23.6
22.7 22.3 21.1 21.4 20.3 19.7 19.8 20.1 20.3 20.7 21 21.9 23.1 24.2 24.7 26 27.5 29.2 30.1 32 33.9 33.8 33.4 32 31.3 30 27.8 27 25 22.6 20.7 19.1 17 14.8 12.9 12.1 11.1 9.4 8.6 7.7 5.9 4.7 3.3 2.4 2.1 2 1.6 1.3 2.3 2.1 2.3 2.4 3 3.6 2.4 2.5 1.9 1.9 2.2 2.2 1.2 2.1 2.1 2.5 2.1 2.2 2.2 1.9 2 1.9 2.1 2.2 2.1 1.6 2.6 3.4 3.3 3.4 -2.1 -2.1 5.2 5.1 6 10.7 16.1 21.2 23.3 23.8 24.3 20.3 22.3 23.5 23.3
21.1 20.6 21.6 21.2 19.7 19.6 19.3 19.6 20.1 20.5 20.8 21.3 22.1 23.3 23.4 23.9 25.4 26.6 27.6 29.8 32.5 33.8 34 34.2 33.7 31.7 30.4 28.5 27.1 24.9 23.3 21.6 19 17 15.8 14.8 13 11.3 10 7.9 5.8 4.1 3 2.2 1.9 1.6 1.8 1.8 1.2 2 2.2 2.6 2.5 2.3 2.3 2.1 1.9 1.7 1.8 2.3 2.2 2.1 2.1 1.8 2.1 2.1 1.7 1.6 1.8 1.7 1.7 1.9 1.4 3.1 2.7 3.3 2.9 3.1 2.8 -2.1 4 6 5.6 6.8 9.8 13.2 16.8 18.6 18.1 19.9 22.4 23.2 22.3
20 21 20.6 19.9 19.6 19.4 19.1 19.4 19.8 20.2 20.6 20.8 21.4 22.2 23 23.2 24.2 25.2 25.9 27.3 29.9 31.9 34 34.9 34.4 33 31.7 30.5 28.4 27.1 25.3 23.5 21.3 19.8 18.6 17.3 14.8 12.8 10.9 8.3 6 4.4 3 2.5 2 1.9 2.1 2.1 2 1.7 2.1 2 2 2 2.1 1.9 1.8 2 2.1 2.3 2.2 2 0.8 1.7 2.6 2.6 2.9 2.6 1.8 2.1 2.1 2.3 2.7 2.6 2.6 2.7 2.6 2.6 2.8 -2.1 -2.1 5.1 5.3 6 9.4 12 13 15.5 19.7 19.9 22.6 21.7 21.8
19.8 20.3 19.9 19.6 19.5 19.2 19.1 19.1 19.5 20 20.5 21 21.8 22.2 22.5 22.8 24 24.7 24.8 25.9 27.7 29.7 31.8 34.2 35.2 34.5 33.2 31.7 29.8 28.4 27 25.4 23.6 22.4 20.8 19.1 16.7 14.3 11.9 9.5 7.1 5.2 4.1 2.4 2.3 2.2 2.1 2.1 1.9 2.1 2 2 2 2 1.9 1.7 1.8 2.2 2 2.2 2 2 1.8 1.4 2.7 2.6 2.6 2.6 2.6 2.6 2.6 3.1 2.6 3.2 2.6 3 3.1 2.7 2.6 -2.1 -2.1 4 5.5 6 8.3 10.6 12.2 17.2 22.2 21.2 21.6 23.5 21.4
19.6 19.6 19.3 19 18.9 19.1 19 18.9 19.7 20.9 21.5 21.9 21.8 22 22.3 22.7 23.3 23.9 24.8 24.9 25.4 27.2 29.4 32 33.4 34.6 34.5 33.1 31.1 29.7 28.1 26.7 25.9 24.4 22.8 20.9 18.6 16.2 13.8 11.3 8.6 6.2 4.6 3.1 2.1 2.2 2.1 1.6 1.4 2 2 2 2 1.9 1.8 1.6 1.8 1.9 1.7 2.2 1.9 2.2 1.9 1.7 2.7 2.6 2.6 3.1 3.1 2.7 2.6 2.6 2.6 3.1 2.5 2.9 2.6 2.6 2.7 2.3 -2.1 1.7 5.4 5.7 6.4 9.9 11.8 15.6 21.8 23.1 21.5 22.2 24.5
19.3 19.2 19 18.8 18.8 18.9 18.7 19.2 20.2 22.2 23 23 22.9 22.8 22.7 22.9 23.3 23.3 23.3 23.8 24.4 25.7 27.9 30.8 32.5 33.2 34.6 34.1 32.9 31 28.9 27.8 27.1 26.2 24.6 22.7 20.5 18.1 15.7 13 10.3 7.6 5.6 4.1 2.6 2.4 2.1 1.8 1.9 2 2 2 1.9 1.9 1.7 1.6 2.4 2.1 2.3 2.1 2.3 1.7 2.4 2.4 2.3 1.7 2 2 2 2 2 2 2.1 2.2 2.3 2.9 -2.1 -2.1 0.1 -2.1 -2.1 0 5 5.7 6 8.8 13.9 17.6 22 25.6 22.5 21.1 25.2
18.9 19 18.8 18.6 18.7 19 18.8 19.5 21.4 23 23.8 23.7 23.6 23.4 23.3 23 22.7 22.8 22.8 22.9 24 24.8 26.8 29.9 31.9 32.3 33.9 34.5 33.5 31.7 29.9 29.2 28.4 27.4 25.9 24.3 22 19.6 17.2 14.5 11.8 9.1 6.3 4.3 3 2.3 2 1.8 1.9 2 1.9 1.9 1.7 2 1.6 1.7 2.1 1.9 2.1 2.1 2 2 2 2.3 2.3 2.1 2.1 1.9 1.9 2 1.9 1.8 2 2 2.6 -2.1 1.1 2.7 2.7 -2.1 -2.1 -2.1 2.8 5 6 8.1 14.1 18.4 21.9 25.2 24.8 25.5 28.9
18.4 18.6 18.5 18.4 18.5 18.8 19.2 20.4 22.6 23.4 23.8 23.7 23.6 23.4 23.1 22.6 22.3 22.3 22.3 22.4 23.7 23.6 26 28.7 30.8 31.8 32.7 34 34 32.5 30.4 29.7 28.7 27.7 26.6 24.9 22.7 20.6 18.2 15.4 12.7 9.8 6.9 4.7 3.1 2.3 2.2 2 1.9 1.9 2.2 2 1.9 2.2 1.6 1.9 2.2 2.1 2.3 2.1 1.9 2.1 1.4 2.1 2.1 2.3 2 1.8 2.1 2.1 1.9 1.6 1.5 1.9 -2.1 -2.1 2.8 3 2.6 3.1 -2.1 -2.1 1.7 5.1 5.3 8.3 13.5 17.6 20.7 24.1 24.9 28 30.7
18 18.1 18.3 18.3 18.3 18.7 19.6 20.7 22.7 22.9 23.4 23.7 23.5 23.2 22.7 22.2 22 21.9 21.9 22 22.5 23.8 25 27.7 30.3 31.6 32.9 33.9 34 32.6 30.7 29.7 28.8 27.7 26.7 25.2 23.3 21.1 18.6 16 12.8 10 7.3 4.9 3.2 2.3 2.4 2.2 2.3 1.9 2 1.9 1.8 1.8 1.7 1.8 2.1 2.4 2.4 2.1 2 2 1.7 1.8 2.8 2.3 1.7 1.9 2.1 2.1 2 2 1.5 1.7 -2.1 3 2.9 3.1 3.1 3 3 -2.1 -2.1 4.5 5.4 7.7 12 16.7 19.6 23 25.7 27 30.2
17.8 17.9 17.9 17.9 17.9 19.1 20.2 21.2 21.8 22.4 22.3 23.4 23.1 22.4 22.1 22 21.6 21.5 21.4 21.7 22.6 24.3 25.9 27.4 29.6 31.3 32.7 33.8 33.7 32.7 30.7 29.6 28.6 27.6 26.2 24.6 22.6 20.4 17.8 15 12.4 9.8 7.2 4.9 3.4 2.4 2.4 2.1 2.3 2 2.1 1.9 1.8 1.8 2.5 2.1 2.1 2.1 2.3 2 2.1 2.1 2.2 2.4 2.5 2.1 2 2 2.1 2.1 2.1 2 1.7 -2.1 -2.1 3.1 2.9 3.1 3.2 2.9 2.6 -2.1 -2.1 3.9 5.1 6 10.5 15.9 18.8 22.5 24.7 27.1 29.5
17.6 17.6 17.5 17.4 18.7 19.6 20.2 20.8 21.4 22 21 22.4 22.5 21.8 21.7 21.8 21.7 21.2 21 21.1 22.4 24.1 25.6 26.3 28.5 30.3 32.1 33.7 33.5 32.3 30.9 29.2 28.1 27.1 25.3 23.5 21.3 18.9 15.7 13.5 11.3 9.4 7.2 5.1 3.5 3 2 2.3 1.9 2.2 2.1 1.9 1.8 1.7 1.9 2.5 2.4 2.3 2.1 2.5 2.3 2 2.1 2.3 1.9 1.7 1.8 1.9 1.7 1.8 1.9 2 1.5 -2.1 3.3 3.3 3.2 3.2 3.1 2.8 -2.1 -2.1 3.2 3.6 4.3 5.9 9.1 14.1 18.7 22 23.5 25.5 27.5
18.1 17.7 17.4 17.4 19.7 20.5 20.3 20.1 20.4 21 20.6 20.2 20.7 21.5 21.2 21.1 21 20.9 20.6 20.7 21.6 22.8 23.8 24.9 27.1 29.2 31 32.7 32.8 31.8 30.4 29 27.9 26.3 24.3 22.1 19.9 17.1 14 11.6 9.5 7.6 5.9 4.7 3 2.3 2 2.1 2.1 2 1.9 1.8 1.6 1.6 1.7 2.7 2.5 2.3 2.2 1.8 1.8 2.1 2.1 2.2 1.9 1.7 1.9 1.9 1.4 1.8 1.9 1.9 -2.1 -2.1 3.2 3.2 3.2 3.2 3.2 2.2 -2.1 -2.1 3.5 3.3 3.6 6 7.4 11 17.3 20.8 22.2 23.7 24.3
17.6 17.1 16.8 17.3 19.3 20.2 20.3 20.6 19.6 19.2 19.3 19.1 19.7 20.4 20.4 20.6 20.5 20.3 20 20.5 21.5 22.3 22.2 23.6 25.8 28.4 30.2 31.7 32.2 31.8 30.1 28.8 27.6 26 24.4 22 19 16.1 13.3 10.8 8.5 6.3 4.7 3.9 3.1 2.6 2.1 1.9 1.8 1.8 1.7 1.5 1.7 1.6 1.9 2.3 2.4 2.1 2.2 2.2 1.5 1.7 1.8 2.2 2.1 1.9 1.8 1.6 1.5 1.6 2.2 1.9 -2.1 2.8 3.2 3.1 2.9 3 2.7 -2.1 -2.1 3.8 3.7 4.2 4 5.1 6.4 9 14.9 19.2 21.2 22.1 22.2
17.1 16.5 16.4 17.3 19 19.3 19.6 19.2 18.9 18.5 18.4 18.3 18.8 19.9 20.3 20.2 20 19.8 19.9 20.3 20.7 20.8 21.7 22.3 24.6 27.8 29.2 30.6 31.6 31.3 30.3 28.6 27 25.4 24 22.5 19.8 16.6 13.6 11.3 8.8 6.8 5.2 3.3 2.8 3.1 2.7 1.8 1.6 1.5 1.8 2 1.1 1.6 1.5 1.4 1.6 2.3 2.2 1.5 2.1 2.2 2.1 2.1 2 1.7 1.9 1.8 1.5 1.6 1.5 1.9 -2.1 2.9 3.3 3.1 3.1 3.1 -2.1 -2.1 2.7 3.7 4.1 4.9 5.4 4.9 5.1 6.7 12 16.5 19.6 20.5 19.7
16.5 16.2 17.1 18 19 19.4 19.4 19.1 18.6 18.2 18 17.8 18.3 19.4 19.9 19.7 19.5 19.8 19.7 19.2 19.6 19.6 20.9 21.2 23.6 26.7 28.9 29.5 30.5 31 30.2 28.7 26.8 25.1 24.1 22.8 20.2 17 14.1 12.1 9.7 7.8 5.9 4.2 3.5 2.8 2.5 2 2.1 1.9 2 2.2 1.5 1.9 1.7 1.7 1.5 1.7 2.3 1.9 1.9 2.3 2.2 2.1 1.5 1.5 1.6 1.9 1.9 2.3 1.4 3.1 -2.1 2.6 3 3.2 3.1 2.7 -2.1 -2.1 3 4 3.8 5.4 4.7 4.7 3.5 5.6 7.7 12.8 16.5 18 17.5
15.9 16.6 18.3 19.1 20.3 20.6 20 19.4 18.5 17.9 17.5 17.4 17.7 18.3 19 19.1 19.2 19.2 19 18.4 18.5 18.7 19.4 20.4 23.4 26.5 28.3 28.9 29.8 30.7 29.9 28.4 27 25.5 24 22.7 20 17.5 14.7 12.5 10.4 8.3 6.9 5.8 4 2.6 1.8 2.5 3.1 2.9 2.4 1.8 1.6 1.8 1.6 1.9 1.7 1.3 1.7 1.9 1.7 2.1 2.2 2.1 1.7 1.7 1.7 1.9 2.2 2.1 1.1 3 -2.1 2.9 2.4 2.3 2.8 2.7 -2.1 0.1 3 3.9 3.4 4.9 5 5 3.2 5 6.1 7.4 11.2 14.2 13.7
16.3 17.1 19.4 21.2 23.2 22.5 20.6 19.4 18.7 17.8 17.7 18.1 18.2 18.2 18.3 18.3 18.2 18.7 18.4 18.8 18.1 18.1 18.4 20 21.9 25 27.8 28.6 29.3 29.1 29.3 28.1 26.9 25.6 23.9 22.4 20.6 18 15.4 13.6 11.6 9.5 7.8 6.7 4.3 3.3 3.1 3.1 2.5 3.1 1 1.3 1.5 1.6 1.6 1.8 1.8 1.3 1.6 2 1.7 1.7 1.9 2.2 1.8 1.8 1.7 2.3 2.2 2.2 2.1 3 -2.1 3.2 3.1 2.5 1.3 2.1 -2.1 -2.1 3.2 3.2 4.1 4.8 4.9 4.4 3.5 4.1 4.9 4.8 6.8 8.7 7
16 17.2 20.6 23.2 24.2 22.5 20.7 19.4 18.3 17.6 17.8 18 18 18.2 18.2 18.2 17.8 18.2 17.9 17.9 17.9 18.2 18.2 19.7 21 23.3 27.2 28.3 29 29.3 28.6 27.9 26.5 25.3 24 22.4 20.9 18.9 16.6 14.7 12.9 10.8 8.3 6.3 4.6 2.5 1.9 2.2 2.2 2 1.6 1.7 1.7 1.6 1.6 1.6 1.7 1.5 1.3 1.8 2.1 2 2 2.3 1.9 1.9 2.1 2.3 1.9 1.9 2.1 3 -2.1 -2.1 2.8 1 0.4 0.7 -2.1 -2.1 3 3.7 5.5 4 3.9 4.2 3.8 -2.1 3.3 5.1 5.3 6.2 6.2
15.7 16.9 18.8 22.3 22.7 21.4 19.6 18.5 17.8 17.7 17.6 17.6 17.9 18.3 18.3 18.3 18.5 18.3 18.4 18.3 18.1 18.4 18.6 18.8 20.3 21.9 25.6 28.2 28.4 28 27.7 27.5 26.8 25.3 23.8 22.3 20.6 18.7 16.8 14.6 12.5 9.8 7.2 5.9 4.3 2.9 2.1 2.4 1.9 1.6 1.6 1.5 1.6 1.7 1.6 1.7 1.6 1.7 1.4 1.7 1.7 2.1 2.1 2.2 2.1 2 2.2 2.2 1.8 1.7 1.7 2.7 3.1 -2.1 2.9 0.3 0 0.1 2.6 -2.1 -2.1 4.2 4 3.7 4 3.2 3.8 -2.1 -2.1 4.9 5.7 5.6 6.4
15.7 17.2 18.4 20.3 20.2 19.5 18.5 17.9 17.8 18.1 18.1 18.1 18.1 18.3 18.7 19.3 19.2 19 19.2 19.2 19 19.2 19.5 19.2 18.5 19.4 24.9 27.8 28 27.6 27.4 27.5 26.6 25.1 23.5 22 20.3 18.4 16.5 14 11.8 8.8 6.5 5 3.8 3 2.2 1.8 1.6 1.7 2.6 1.6 1.8 1.8 1.7 1.7 1.6 1.5 2 1.6 1.8 2.5 2.4 2.1 1.9 1.9 2.3 2 1.8 2 2.8 3.3 3 -2.1 2 0.3 0.2 -0.4 1.2 -2.1 -2.1 -2.1 4.1 4.1 3.6 3.3 3.5 -2.1 -2.1 -2.1 3.1 4.8 6.8
15.6 16.1 17.9 18 18.1 18.2 18.2 18.4 18.9 19.4 19.5 19.2 19.3 19.6 20.7 21.8 21.7 21.5 21.3 21.1 20.9 20.5 20.1 19.5 18 16 18.2 25.8 27.7 27.5 27.1 27 26.5 24.9 23.3 21.8 20.1 18.6 18.1 16.3 13.9 10 6.6 4.5 2.9 2 2.3 2.1 1.6 2.4 1.6 1.7 1.9 1.8 1.7 1.7 1.6 1.5 1.7 2.1 2.1 1.3 1.5 2.1 1.8 1 0.9 1.3 2.1 2 2.5 2 3.9 -2.1 1.8 0.7 2 1.3 0.9 1 -2.1 -2.1 -1.9 -0.6 0 0.1 -2.1 -0.9 0.3 -2.1 -2.1 -2.1 2.9
15.7 16.1 16.3 16.9 17.6 18.3 18.8 19.6 20 20.7 20.9 21 21.3 21.8 23.3 25 25.2 25 24.3 23.5 22.6 21.9 21 19.8 18 15 13.8 20.7 26 27 26.1 26.1 26.3 25.3 23.8 22.4 20.8 19.3 19.3 18.7 16.3 12.3 8.5 6 4 2.7 2.2 2.2 2.3 1.7 2 2 1.8 1.8 1.7 1.6 1.5 1.4 2.2 2.4 1.4 2 2.8 2.8 2.6 2.2 2.2 0.8 2.9 3.2 2.8 3 2.6 0.9 1 1.4 2.1 2.1 0.9 0.3 2.8 3.4 -2.1 -2.1 -2.1 -2.1 -2.1 1.9 2.6 3 -2.1 -2.1 -2.1
16 16.5 17 18 18.7 19.4 20.2 21 21.8 22.7 23.6 24.5 24.6 25 25.6 27.2 27.6 26.7 25.3 24.1 23.1 22.5 21.4 19.9 18 15.3 12.3 15.3 21.9 25.3 24.6 25 25.6 25.2 24.3 22.6 20.9 19.4 19 19.5 18.1 14.9 11.9 9.3 6.3 3.9 2.5 1.9 2 1.8 1.9 2 2 2.3 1.9 1.5 1.9 2.2 2.3 1.7 1.7 2.7 2.2 2.3 1.7 2.5 1.8 2.5 0.9 2.1 2.9 2.9 2.2 1.2 2.4 1.9 1.6 2.3 1.2 0.7 0.3 3.2 2.8 3.1 3.2 2.9 1.9 2.6 2.6 2.6 2.6 2.6 -2.1
17.4 17.8 18.5 19.8 20.5 20.8 21.7 22.5 23.3 24 26 27.3 27.3 27.5 27.8 28.1 27.8 26.9 25.5 24.2 23.2 22.6 21.5 19.6 17.7 15.6 12.2 11.7 16.4 20.4 21.8 22.7 25.1 25 24.3 22.8 20.8 19 17.9 18.6 19.2 17.6 15.4 12 8.3 4.8 2.8 2.1 1.5 1.3 1.5 1.5 2 2.1 2.1 2.4 1.7 2.4 1 1.9 2.4 1.8 1.9 2.1 2.2 2.1 1.6 2.2 2.3 0.9 0.9 0.9 0.9 1.4 1.9 2.5 1.6 1.9 1.7 0.5 0.4 2.1 3.6 2.6 3.1 3.2 2.6 3.2 2.6 2.6 2.6 2.6 0.3
20.2 19.7 20.2 21.4 22.3 22.6 23 24 25 26.1 27.9 29 29 28 28.1 27.4 27 25.6 24.2 23.2 22.7 21.8 21.2 19.4 17.2 15.2 12.3 9.4 10.8 16.2 19.1 19.4 23.6 24.4 23.6 22.4 21.2 19.6 17.2 16.4 17 16.4 14.6 11.6 8.1 4.3 2.4 2 1.5 1.9 1.8 2.3 2 1.3 0.8 1.2 0.5 0.9 1.1 2.5 1.8 1.8 1.9 2 2.1 2.1 2.1 2.1 2.1 1.7 1.8 1.4 1.7 2.2 2.7 1.5 2.1 1.7 0.6 0.4 0.7 0.8 3.3 2.9 2.6 3.2 3.2 2.6 2.6 3.1 3.1 2.6 1.2
22.3 22.1 21.8 22.6 23.5 23.8 23.8 24.6 25.7 27.2 28.5 29.6 29.3 28.5 27.5 26.8 25.7 24.7 23.5 22.2 21.5 21.2 20.7 19.7 17.5 15.2 13 9.6 8 10.4 13.2 16.9 22.2 23.6 23.1 21.1 19.7 18.9 17.1 13.9 13.7 13.4 12.2 9 5.8 2.8 2.3 2 1.6 2.1 2.1 1.4 0.9 1.6 2.2 2.1 1.8 2.5 1.3 2 1.9 1.8 1.3 1.4 1.9 2 2.2 2.2 2.3 1.8 2 2.1 2.2 2.2 1.7 1.9 2.2 2.5 1.9 0.6 0.3 0.6 0.8 3.2 3.3 3 3.4 2.7 3.3 2.9 2.8 3.1 2.6
24.2 23.7 22.7 22.6 23.2 24.1 24.4 24.9 25.9 27.5 28.4 29 28.7 28 27.2 26.4 25.2 24.2 23.1 21.6 20.9 20.5 20.5 19.4 17.9 15.8 13.3 10.7 7.6 6.3 9 15.8 20.5 22.4 22.3 20.4 18.2 15.4 15 12.3 9.1 9.7 8.8 5.9 3 2.4 2 1.9 1.9 1.9 2 1.3 1.9 1.5 1.4 1.8 1.7 2.2 2.2 2.3 2 2.1 1.9 1.8 2 1.5 2.2 2.2 2.1 2.2 1.9 2.2 2.3 2.2 2.1 1.4 2.3 2.2 2.9 1.8 1.6 1.5 1.5 1.2 3.5 3.1 2.6 3.1 3.2 2.7 2.7 3.1 3.2
24.6 24.1 22.8 22.7 22.6 23.4 23.8 24.5 25.6 27 28.3 28.1 27.8 27.2 26.2 25.7 24.8 24 23.1 21.9 20.7 19.4 19.4 18.7 17.4 15.6 13.7 10.9 8.1 6.3 6 12.5 14.9 17.8 20.5 20.6 19.3 14.8 11.4 9.1 6.5 5.9 5.4 3.5 2.4 2 2 2 1.9 2.1 1.1 1.7 2.1 2.2 1.7 2.1 2.9 2.3 2 2.4 2 2.8 2.5 2.1 2.1 1.8 1.6 1.2 2.1 2.3 2.3 2.3 2.3 2.2 2.2 1.7 2.1 2.5 2.6 1.6 1.1 1.9 1.2 1 3.1 3.1 3 3.3 3.1 3.2 3.1 2.5 2.7
25 24.8 23.6 22.9 23 23.1 23.3 24 25.3 26.7 27.4 27.4 26.5 25.7 24.7 23.9 23.8 23 22.4 21.2 19.9 18.6 18.5 18 16.9 15.4 13.8 11.4 8.7 5.7 4.5 4.4 8.8 14.3 17.4 19.6 19.1 16.6 13 9.8 5.5 3.1 2.5 2.5 2.1 2 2 2 2.1 2.5 1.4 2.1 2.3 2.4 2.7 2.1 2.1 1.8 2.2 2 1.7 2 2 1.9 2.6 2.3 1.8 1.6 1.1 1.9 2.3 1.9 2.3 2.2 1.8 1.4 2.1 2.1 1.7 2 2.2 1.6 1.7 1.7 1 2.9 3.4 2.7 3.2 2.6 3.1 3.1 3.2
