app/static/ascii/TR07.asc
ncols 200
nrows 200
xllcorner 600000
yllcorner 170000
cellsize 50
[rows 152 to 189 of 200, columns 0 to 83 of 200]
42 41.2 40.6 40.5 40.7 41.7 41.3 40.9 40.5 40.5 40.6 40.7 40.4 39.9 39.3 39.7 40.1 40.5 40.4 39.3 38.8 39.1 40.7 43.3 44.8 46.2 47.7 49.5 50.3 49.9 49.2 48.6 47.2 45.5 44.8 44 43.7 43.8 38.9 19.4 3.7 1.9 1.5 1 0.6 0.1 -0.3 -0.6 -0.9 -1.2 -1.4 -1.8 -1.8 -1.8 -1.8 -1.8 -1.8 -1.8 -1.8 -1.8 -1.8 -1.8 -1.8 -1.8 -1.8 -1.8 -1.8 -1.8 -1.8 -1.8 -1.8 -1.8 -1.8 -1.8 -1.8 -1.8 -1.8 -1.8 -1.8 -1.8 -1.8 -1.8 -1.8 -1.8
41.5 41.5 41.3 41.6 42.1 43 42.6 41.8 41.4 41.5 41.6 41.7 41.3 40.9 40.4 41.4 42.2 42.2 41.7 40.6 40.3 41.2 43.2 45.8 47.2 48.7 50.1 50.5 50.9 50.7 49.9 48.8 47.4 45.4 43.1 41.7 41.1 39.5 36.8 27.9 8.1 2.2 1.7 1.2 0.8 0.3 0 -0.3 -0.6 -0.8 -1.1 -1.4 -1.8 -1.8 -1.8 -1.8 -1.8 -1.8 -1.8 -1.8 -1.8 -1.8 -1.8 -1.8 -1.8 -1.8 -1.8 -1.8 -1.8 -1.8 -1.8 -1.8 -1.8 -1.8 -1.8 -1.8 -1.8 -1.8 -1.8 -1.8 -1.8 -1.8 -1.8 -1.8
42.4 42.6 42.6 42.8 43.6 44.5 43.9 42.8 42.5 42.5 42.6 42.5 42.2 41.8 41.8 43.1 43.8 43.7 42.9 42 42.2 42.6 44.8 46.7 48.8 50.4 51.4 51.3 51.1 50.8 50.7 49.8 47.2 45.4 41.1 38 35.5 33.3 30.4 27.9 16.8 2.3 1.9 1.4 0.9 0.6 0.3 0 -0.3 -0.5 -0.8 -1.1 -1.3 -1.6 -1.8 -1.8 -1.8 -1.8 -1.8 -1.8 -1.8 -1.8 -1.8 -1.8 -1.8 -1.8 -1.8 -1.8 -1.8 -1.8 -1.8 -1.8 -1.8 -1.8 -1.8 -1.8 -1.8 -1.8 -1.8 -1.8 -1.8 -1.8 -1.8 -1.8
44.1 44.2 44.3 44.1 45.6 45.6 44.9 44.1 43.6 43.7 43.8 43.9 43.8 43.8 44.3 45 45.2 44.9 44 43.3 44.1 45 46.1 48.2 50.6 51.4 52.4 52.8 52.6 52.2 51.3 49.5 47.1 44.1 39.5 35.6 31.8 28 24.9 22.1 11.3 2.3 2 1.6 1.2 0.9 0.6 0.3 0 -0.2 -0.5 -0.8 -1 -1.3 -1.5 -1.8 -1.8 -1.8 -1.8 -1.8 -1.8 -1.8 -1.8 -1.8 -1.8 -1.8 -1.8 -1.8 -1.8 -1.8 -1.8 -1.8 -1.8 -1.8 -1.8 -1.8 -1.8 -1.8 -1.8 -1.8 -1.8 -1.8 -1.8 -1.8
46 46.2 46 45.3 46.5 46.7 46.1 45.5 45.3 45.4 45.8 46.1 46.3 46.5 46.8 47.2 47.6 47 45.9 45.3 46.6 47.6 48.5 49.5 51.9 52.7 53.7 54.1 53.5 52.5 50.8 49.2 46.1 41.8 37.9 33.6 29.1 25.8 22.8 19.6 17.6 5.4 2.2 1.8 1.5 1.2 0.9 0.6 0.3 0.1 -0.2 -0.5 -0.7 -1 -1.2 -1.4 -1.6 -1.8 -1.8 -1.8 -1.8 -1.8 -1.8 -1.8 -1.8 -1.8 -1.8 -1.8 -1.8 -1.8 -1.8 -1.8 -1.8 -1.8 -1.8 -1.8 -1.8 -1.8 -1.8 -1.8 -1.8 -1.8 -1.8 -1.8
47.9 48.1 47.1 46.5 47.5 47.6 47.4 47.4 47.8 48.2 48.7 49.1 49.3 49.5 49.7 50.1 49.7 48.8 47.7 47.1 48.5 49.7 50.6 51.7 53.1 53.5 53.8 54.2 53.7 51.9 50.2 48.1 44.3 40.3 36.4 32.1 28.1 25 21.7 19.7 18.9 17.8 3.6 2.1 1.8 1.5 1.2 0.9 0.6 0.3 0 -0.2 -0.5 -0.7 -0.9 -1.1 -1.3 -1.5 -1.8 -1.8 -1.8 -1.8 -1.8 -1.8 -1.8 -1.8 -1.8 -1.8 -1.8 -1.8 -1.8 -1.8 -1.8 -1.8 -1.8 -1.8 -1.8 -1.8 -1.8 -1.8 -1.8 -1.8 -1.8 -1.8
49.9 49.2 48.1 47.6 48.1 49.1 50 50.4 50.7 51.1 51.6 52 52.2 52.3 52.1 52.2 51.1 49.8 49.3 48.8 50.3 51.5 52.5 53.4 54.2 54.9 54.4 54.3 53.9 51.9 49.9 47.5 43.9 39.7 34.9 31.6 27.3 25.1 23.1 22.9 23.3 23.6 17.6 3.5 2.1 1.8 1.5 1.2 0.9 0.6 0.3 0 -0.2 -0.4 -0.6 -0.9 -1.1 -1.3 -1.5 -1.8 -1.8 -1.8 -1.8 -1.8 -1.8 -1.8 -1.8 -1.8 -1.8 -1.8 -1.8 -1.8 -1.8 -1.8 -1.8 -1.8 -1.8 -1.8 -1.8 -1.8 -1.8 -1.8 -1.8 -1.8
52 50.9 49.5 49.5 50.8 51.8 52.7 53.3 53.7 54.1 54.5 54.6 54.8 54.1 53.1 52.9 52.2 50.7 49.9 50.4 51.6 52.7 53.6 54.4 55.2 55.7 54.9 53.7 51.9 51.8 49.8 47.6 43.8 40.1 34.8 32.3 30.4 28.7 29.6 29.6 28.8 28.4 30.2 17.7 4.1 2 1.7 1.4 1.1 0.9 0.5 0.3 0.1 -0.2 -0.4 -0.6 -0.8 -1.1 -1.2 -1.4 -1.6 -1.8 -1.8 -1.8 -1.8 -1.8 -1.8 -1.8 -1.8 -1.8 -1.8 -1.8 -1.8 -1.8 -1.8 -1.8 -1.8 -1.8 -1.8 -1.8 -1.8 -1.8 -1.8 -1.8
53.3 52.1 51.2 51.6 52.8 54.1 55.3 56 56.2 56.1 56.3 56.5 56.2 54.8 54 52.4 51.7 50.7 50 50.8 52.3 53 53.7 54.3 55.3 56 54.7 49.9 47 47.4 49.2 49 45.8 42.7 41.3 39.2 37.4 35.6 34.6 31.6 29.5 30.5 33.4 31.8 11.5 2.3 2 1.7 1.4 1.1 0.8 0.6 0.3 0.1 -0.1 -0.4 -0.6 -0.8 -1 -1.2 -1.4 -1.5 -1.8 -1.8 -1.8 -1.8 -1.8 -1.8 -1.8 -1.8 -1.8 -1.8 -1.8 -1.8 -1.8 -1.8 -1.8 -1.8 -1.8 -1.8 -1.8 -1.8 -1.8 -1.8
54.4 53.5 53.5 53.7 54.9 56.1 57.2 57.9 58.3 58.4 58.1 57.7 57 55.5 53 50.1 49.4 49.2 49.6 51.2 52.1 52.6 53.2 54.3 55.3 55.4 54.1 47.9 40.9 40.7 45 47.7 48 47.4 46.3 44.8 41.9 38.6 34.6 31 28.7 29.6 31.2 30 24 9.2 2.2 1.9 1.6 1.3 1.1 0.8 0.5 0.3 0.1 -0.2 -0.4 -0.6 -0.8 -1 -1.1 -1.3 -1.4 -1.6 -1.8 -1.8 -1.8 -1.8 -1.8 -1.8 -1.8 -1.8 -1.8 -1.8 -1.8 -1.8 -1.8 -1.8 -1.8 -1.8 -1.8 -1.8 -1.8 -1.8
56.1 56.1 55.9 56.2 56.9 58 58.9 59.6 59.5 59 58.8 58.5 57.4 55.3 50.1 44.6 43.6 44.6 46.6 49.2 50.2 49.9 49 52.1 55 54.1 50 44.9 37.9 34 38 43.3 46.3 47.6 47.4 45.8 42.1 38.1 33.3 29.2 26.8 26.3 28.2 27.1 22.5 16.9 4.7 2.1 1.8 1.5 1.3 1 0.8 0.5 0.2 0.1 -0.2 -0.4 -0.6 -0.7 -0.9 -1.1 -1.2 -1.4 -1.6 -1.8 -1.8 -1.8 -1.8 -1.8 -1.8 -1.8 -1.8 -1.8 -1.8 -1.8 -1.8 -1.8 -1.8 -1.8 -1.8 -1.8 -1.8 -1.8
57.6 58 58.3 58.6 58.9 59.3 59.9 60.2 60 59.3 59 58.4 57.2 54.8 50.2 43.4 38 37.8 40.2 42.9 44.5 43.6 43 48.3 52.9 52.3 48 42.9 35.6 30.9 32.3 36.6 40.9 42.4 42.6 43 40.2 36.6 30.9 26.5 24 23.4 24.6 24.3 19.4 15.2 11.8 2.7 2 1.8 1.5 1.2 0.9 0.7 0.5 0.2 0 -0.2 -0.4 -0.5 -0.7 -0.8 -1 -1.2 -1.4 -1.6 -1.8 -1.8 -1.8 -1.8 -1.8 -1.8 -1.8 -1.8 -1.8 -1.8 -1.8 -1.8 -1.8 -1.8 -1.8 -1.8 -1.8 -1.8
58.9 59 59.8 60.4 60.4 60.2 60.4 60.7 60.4 59.7 58.7 57.3 55.8 52.8 49 43.4 37 33.3 33.9 36.4 37.5 38.4 41.2 45.2 47.8 49.3 47.9 43 36.4 30.2 27.5 31.3 35 36.2 37.6 39.6 37.9 33.9 28.2 24 20.9 19.2 17.9 17 15.6 13.2 9.9 7.8 2.2 1.9 1.7 1.4 1.1 0.9 0.6 0.4 0.2 0 -0.1 -0.3 -0.5 -0.6 -0.8 -1 -1.2 -1.4 -1.6 -1.8 -1.8 -1.8 -1.8 -1.8 -1.8 -1.8 -1.8 -1.8 -1.8 -1.8 -1.8 -1.8 -1.8 -1.8 -1.8 -1.8
60.3 61 61.2 61.1 60.9 60.7 60.6 60.6 59.2 58 56.8 54.7 52.3 50 46.1 41.8 37.7 33.4 29.8 31.9 34.5 37.5 40.3 41.2 42.9 44.7 44.1 41.4 35.7 29.6 25.3 27.1 29.6 31.3 34.7 36.1 34.8 31.4 25.5 21.9 19.2 16.6 15.1 13.6 12.2 9.8 8.1 6.7 5.4 2.1 1.8 1.5 1.3 1.1 0.8 0.6 0.4 0.3 0.1 -0.1 -0.2 -0.4 -0.6 -0.8 -1 -1.2 -1.4 -1.5 -1.8 -1.8 -1.8 -1.8 -1.8 -1.8 -1.8 -1.8 -1.8 -1.8 -1.8 -1.8 -1.8 -1.8 -1.8 -1.8
61.8 61.9 61.8 60.9 60.1 59.5 59.5 58.8 57.5 56.2 53.6 51.3 48.9 46.2 43.9 39.8 35.3 31.5 28.3 30.5 35.6 38.5 39.3 39.5 39.3 40.7 40.7 37.6 33.2 28.4 23.5 24.5 26.3 29.7 33.2 33 30.3 26.9 23 20.3 17.7 15.2 14 11.8 9.7 7.8 6.7 5.5 5.3 2.2 2 1.7 1.5 1.2 1 0.8 0.7 0.5 0.3 0.1 0 -0.2 -0.4 -0.6 -0.8 -1 -1.1 -1.3 -1.5 -1.8 -1.8 -1.8 -1.8 -1.8 -1.8 -1.8 -1.8 -1.8 -1.8 -1.8 -1.8 -1.8 -1.8 -1.8
61.2 61.6 61.4 60.4 59.1 57.8 56.8 55.8 54.9 52.8 50.3 47.2 44.6 42.7 40.7 37 32.9 30.4 26.7 30.3 35.4 37.5 37.5 36.4 37 36.9 36.4 33.2 30 26.3 22.3 21.4 24.3 27.4 29.9 27.5 25.2 23.1 21.1 19 16.4 14.1 12.6 10.6 9 7.2 5.8 5 5.4 2.6 2.1 1.9 1.6 1.4 1.2 1 0.9 0.7 0.5 0.3 0.2 0 -0.2 -0.4 -0.6 -0.8 -0.9 -1.1 -1.3 -1.5 -1.8 -1.8 -1.8 -1.8 -1.8 -1.8 -1.8 -1.8 -1.8 -1.8 -1.8 -1.8 -1.8 -1.8
61.4 60.5 59.2 57.6 56.4 54.6 53.1 52.4 51.4 49.5 46.7 42.9 40.4 38.5 36.5 33.9 30.8 28.7 24.7 28 31.2 33 33 32.7 32.4 32.3 31.4 28.8 25.9 22.7 20.2 19.2 20.7 23.1 24.3 22.5 21 19.4 18.2 16.9 15 12.9 11.2 9.6 8.1 7.1 5.5 3.9 5.3 2.9 2.3 2 1.8 1.6 1.4 1.3 1.1 0.9 0.7 0.6 0.4 0.2 0 -0.2 -0.4 -0.6 -0.7 -0.9 -1.1 -1.3 -1.5 -1.8 -1.8 -1.8 -1.8 -1.8 -1.8 -1.8 -1.8 -1.8 -1.8 -1.8 -1.8 -1.8
54.5 54.4 52.9 51.5 50.3 49.2 48.5 47.4 47.2 44.9 43 39.4 36.5 34.1 32.2 30.5 28.6 27.3 23.8 23.8 26.4 27.6 27.9 28.2 28.5 27.7 26.4 24.7 22.6 20.7 19.2 17.3 18.3 18.9 18.9 18.4 17.1 16 15.1 14.1 12.7 11.8 10.2 8.7 8.2 7.2 6 4.7 2.6 4.7 4.5 2.2 2 1.8 1.6 1.5 1.3 1.1 0.9 0.8 0.6 0.4 0.2 0 -0.2 -0.4 -0.6 -0.7 -0.9 -1.1 -1.3 -1.4 -1.6 -1.8 -1.8 -1.8 -1.8 -1.8 -1.8 -1.8 -1.8 -1.8 -1.8 -1.8
46.9 47.4 46.4 45.6 44.8 44.1 43.8 42.9 42.1 40.3 38.1 35.4 33.2 31.3 29.5 27.9 27 25.6 23.4 20.1 22.3 23.8 24.2 24.5 25.1 24.4 23.4 22.4 20.6 18.9 17.3 16.2 16.5 17 15.5 14.8 14.3 13.9 13.3 11.8 10.9 10.3 9.3 8.8 8.3 7.3 6.1 4.8 6.4 3.6 3.1 2.6 2.2 2 1.9 1.7 1.5 1.3 1.2 1 0.8 0.6 0.4 0.2 0 -0.2 -0.4 -0.5 -0.7 -0.9 -1.1 -1.2 -1.4 -1.6 -1.8 -1.8 -1.8 -1.8 -1.8 -1.8 -1.8 -1.8 -1.8 -1.8
41.5 41.2 41.1 40.6 40.1 39.5 39.1 38.2 37.8 37 34.4 32.4 30.4 28.6 27.4 26.3 25.3 24.3 22.8 20.3 19.5 20.6 21.4 22.1 22.9 22.6 21.4 20 18.7 17 15.9 15.2 15.2 15.1 13.6 12.6 12.2 12 12 10.9 9.7 9 8.7 8.7 8.3 7.4 6.2 5.6 6.3 3.4 2.7 2.6 3.4 2.2 2.1 1.9 1.7 1.5 1.4 1.2 1 0.8 0.6 0.4 0.2 0 -0.2 -0.3 -0.5 -0.7 -0.8 -1 -1.2 -1.4 -1.5 -1.8 -1.8 -1.8 -1.8 -1.8 -1.8 -1.8 -1.8 -1.8
36.4 35.7 35.3 35.4 35.5 35.4 34.9 34.3 33.8 33.1 31 29.6 28.1 27 26.1 25.1 24.2 22.5 21.3 19.9 19.2 18.8 19.2 19.9 20.8 20.8 19.4 18 16.7 15.7 14.8 14.1 13.8 13.2 11.8 10.9 10.8 11.2 11.4 10.6 8.5 7.2 7 8.1 8 6.9 5.8 5.5 5.7 6.1 3.1 3.3 4.2 4 2.3 2.1 1.9 1.7 1.5 1.3 1.1 1 0.8 0.6 0.4 0.2 0 -0.1 -0.3 -0.5 -0.6 -0.8 -1 -1.2 -1.3 -1.5 -1.6 -1.8 -1.8 -1.8 -1.8 -1.8 -1.8 -1.8
32.3 31.9 31.9 31.5 31.3 31.5 31.7 31.7 31.3 30.3 29 27.7 26.7 25.8 24.9 24 23.1 22 20.5 19.6 19.4 18.6 18 18.5 19 18.9 17.7 16.5 15.3 14.4 13.7 13 12.4 11.3 9.9 8.3 7.5 8.2 8.4 8.5 6.6 5 5 4.7 6.2 5.5 4.8 3.7 3.7 3.2 2.9 5.8 3.8 6.2 6.3 2.4 2.1 1.9 1.7 1.5 1.3 1.2 1 0.8 0.6 0.4 0.2 0.1 -0.1 -0.3 -0.4 -0.6 -0.8 -0.9 -1.1 -1.3 -1.4 -1.6 -1.8 -1.8 -1.8 -1.8 -1.8 -1.8
29.9 29.8 29.5 29.4 28.2 30.2 30.4 30.4 29.9 28.6 27.3 26.2 25.3 24.4 23.5 22.6 21.9 21.3 20.1 18 18.3 18.3 17.1 17.6 18.1 17.3 16.3 15.2 13.9 13.1 12.5 11.5 10.8 8.8 8.9 7.7 6.4 5 5.6 5 3.6 4.5 4.2 3.3 3.4 3.5 3.4 3.1 3.1 3.2 3.1 2.8 3.4 3.3 3.3 5.1 2.3 2.1 1.9 1.7 1.5 1.4 1.2 1 0.8 0.6 0.5 0.3 0.1 -0.1 -0.2 -0.4 -0.6 -0.7 -0.9 -1 -1.2 -1.4 -1.5 -1.8 -1.8 -1.8 -1.8 -1.8
27.8 28.2 28 27.5 27 28.2 29.1 28.9 28.5 26.8 25.6 24.8 23.9 22.9 22.1 21.5 20.9 20.2 19.2 19.1 18.8 17.9 16.7 16.8 16.5 15.7 14.9 13.8 12.6 12.2 11.4 9.8 9 9.3 9.6 9.7 8.5 7.5 6.6 6.1 6.3 5.8 5.1 5.2 4.9 4.7 4.6 3.7 3.9 4 3.1 2.8 3.9 3.6 3.3 2.1 5.3 2.3 2.1 1.9 1.7 1.6 1.4 1.2 1 0.8 0.7 0.5 0.3 0.2 0 -0.2 -0.3 -0.5 -0.6 -0.8 -1 -1.1 -1.3 -1.5 -1.6 -1.8 -1.8 -1.8
26.1 26.4 26.6 25.5 26.2 26.9 27.7 27.5 27.1 25.3 24.2 23.4 22.4 21.6 20.9 20.3 19.7 19.1 18.6 18.3 18 17.5 16.2 15.6 14.8 14 13.2 12.4 12 11.5 10.2 9.8 9.9 10.1 10.5 9.9 9.2 8.3 7.7 7.6 7 6.6 6.5 6.1 6 5.8 5.6 5.3 5.3 4.2 3 3.5 4.4 4.1 3.6 5.8 5 5.6 2.3 2.1 1.9 1.8 1.6 1.4 1.2 1 0.9 0.7 0.5 0.4 0.2 0.1 -0.1 -0.3 -0.4 -0.6 -0.8 -0.9 -1.1 -1.3 -1.4 -1.6 -1.8 -1.8
24.4 24.9 25.4 24.7 25.3 25.6 26 25.9 25.4 23.3 22.7 22 21.2 20.4 19.7 19.1 18.5 18.6 18.2 17.6 17.2 17 15.9 14.7 13.8 13 12.8 12.7 12.4 12 11.2 11.1 11.1 11.2 10.7 10.3 10 9.3 8.4 8 7.5 7.3 7 6.8 6.5 6.4 6.2 6.1 4.6 4.1 3.1 4.5 4.9 3.6 3.4 1.9 5 4.9 5.2 2.4 2.1 2 1.8 1.6 1.4 1.2 1.1 0.9 0.7 0.6 0.4 0.3 0.1 0 -0.2 -0.4 -0.5 -0.7 -0.9 -1 -1.2 -1.4 -1.5 -1.7
22.8 23.3 24 23.3 23.5 23.8 24.1 24.3 22.9 21.6 21.1 20.5 19.9 19.1 18.5 18.5 18.6 18.8 18.1 17.2 16.6 16.2 15.3 14.1 13.8 13.6 13.3 13.1 13 12.8 12.3 12.3 11.9 11.4 10.6 10.5 9.6 9 8.9 8.8 8.4 7.5 7.3 6.9 6.6 6.3 6.2 6 4.3 3.2 4 5.1 4.9 3.4 2.4 3.6 5.3 4.5 4.3 4.4 2.9 2.2 2 1.8 1.6 1.5 1.3 1.1 1 0.8 0.7 0.5 0.3 0.2 0 -0.2 -0.3 -0.5 -0.6 -0.8 -1 -1.2 -1.3 -1.5
21.7 22 21.5 22.3 22.1 22 22.2 22 20.7 20 19.5 18.9 18.5 18.3 18.5 18.6 18.8 18.8 18 17.1 16.3 15.4 14.7 14.4 14.2 14 13.8 13.6 13.3 13.4 13.1 12.6 12.1 11.2 10.4 10.1 9.3 9.1 9.2 8.7 8.2 7.9 7.5 7.1 6.8 6.5 6.2 5.3 4.3 3.1 5 5.3 4.5 4 3.4 3.3 3.5 4.8 4.8 4.5 4.2 3.2 2.2 2 1.8 1.7 1.5 1.3 1.2 1 0.9 0.7 0.6 0.4 0.2 0.1 -0.1 -0.3 -0.4 -0.6 -0.8 -0.9 -1.1 -1.3
21.8 20.8 20.4 21.2 21.3 20.7 19.6 19.5 18.9 18.1 17.7 17.3 16.9 18 18.6 18.8 19 18.7 17.8 17 16.4 15.8 15.3 14.9 14.7 14.5 14.3 14 13.7 13.8 13.3 12.7 12.2 11 10.3 10 9 8.2 8 8 8.1 7.3 6.5 5.8 5.3 4.9 4.6 3.9 3.1 5.4 6.2 5.7 5.3 4.8 4.2 3.2 3.1 1.9 4.8 4.7 4.4 4.3 3.6 2.2 2 1.9 1.7 1.6 1.4 1.3 1.1 1 0.8 0.6 0.5 0.3 0.1 -0.1 -0.2 -0.4 -0.6 -0.7 -0.9 -1.1
20.8 20.3 19.4 19.4 19.6 18.9 17.4 17 16.8 16.4 16 15.7 15.9 16.9 17.8 18.5 19.1 18.6 18 17.4 16.8 16.2 15.9 15.6 15.2 15 14.7 14.4 14.1 14 13.4 12.9 12.1 10.7 10.2 8.7 7.5 6.8 6.1 6.1 6.1 5.3 4.8 4.9 4.1 3.1 3.4 3.9 4.7 7.3 7.2 6.6 6 5.5 5 3.8 3.2 3 2.6 4.9 4.6 4.5 6 3.8 2.3 2.1 1.9 1.8 1.7 1.5 1.3 1.2 1 0.8 0.7 0.5 0.3 0.2 0 -0.2 -0.3 -0.5 -0.7 -0.9
20.8 20 19.1 18.2 17.4 16.9 16.1 15.9 15.6 14.9 14.7 14.7 15.2 15.6 16.8 17.8 17.6 17 16.4 15.8 16.1 16.4 16.4 16.3 15.8 15.5 15.2 14.9 14.5 14.1 13.6 12.9 11.4 10.3 8.8 7.3 6.1 5.2 4.9 4.4 4 3.6 3.7 3.6 3.2 3.9 3.8 4.2 6.1 8.2 8.3 7.7 7.1 6.5 5.7 4.7 3.7 3.5 3.2 5.8 4.8 2.9 3.5 4 5.1 2.8 2.2 2 1.9 1.7 1.6 1.4 1.2 1.1 0.9 0.7 0.5 0.4 0.2 0 -0.1 -0.3 -0.5 -0.7
20.6 19.7 18.9 18 17.2 16.7 15.7 14.8 14.4 14.1 13.8 14 14.4 14.8 15.1 15.5 15.8 15.2 15.2 15.7 16.2 16.6 16.5 15.9 15.6 15.7 14.9 14.4 14.4 14.1 13.4 12 10.1 9.1 7.6 5.9 4.8 4.1 4 3.9 3.4 3.3 3.4 3.7 4 5.2 5.6 5 7.2 9.1 9.3 8.7 8.1 7.4 6.4 5.8 4.9 4.1 4.2 3.6 3.7 4.5 5 4.8 4.9 5 6.3 2.3 2.1 2 1.8 1.6 1.5 1.3 1.1 0.9 0.8 0.6 0.4 0.2 0.1 -0.1 -0.3 -0.5
21.2 20.3 19.4 18.5 17.7 16.7 15.7 14.8 14.2 13.6 13.1 13 13.3 13.7 13.9 14 14 14.8 15.3 15.8 16.3 16.8 16.2 14.5 14.5 13.9 13.5 13.5 13.7 12.9 11.7 10.4 8.9 7.3 6.2 4.6 3.8 3.3 3.9 3.9 3.5 3.2 3.5 3.8 4.5 5.7 7 7.6 8.4 10 10.4 9.8 9.1 8.1 7.2 6.8 6 5.1 4.6 4.6 5.2 6.1 6.8 6.5 6.3 5.7 5.7 5.4 3.7 2.2 2 1.8 1.7 1.5 1.3 1.1 1 0.8 0.6 0.5 0.3 0.1 -0.1 -0.3
21.4 20.5 19.6 18.8 17.8 16.8 15.9 14.9 14.4 13.9 13.3 12.7 12.2 12.6 12.9 12.9 13.4 14.8 15.5 16 16.4 16.4 14.9 13.2 12.7 12 11.5 11.2 11.1 10.6 9.6 8.5 6.9 5.5 4.4 2.9 4.2 4.1 5.1 4 3.4 3.4 3.5 3.9 5.1 6.3 7.6 9.4 10.7 11.4 11.4 10.7 9.8 8.8 7.9 6.9 6.1 5.9 6.1 6.3 6.9 7.4 8 7.2 7.3 6.9 6.8 6.7 6.6 5.6 2.2 2.1 1.9 1.7 1.5 1.4 1.2 1 0.8 0.6 0.4 0.3 0.1 -0.1
21.6 20.7 19.9 18.9 17.9 17 16 15.1 14.6 14.1 13.6 13 12.3 11.7 11.8 12.1 13 14.3 15.2 16 16.2 15.1 13.5 11.6 10.5 9.6 9.3 9.1 8.7 7.5 6.6 5.5 4.6 3.4 3.6 4.4 5.5 5 4.5 4.2 4.4 4.4 4.6 4.6 5.7 7.3 8.6 11.4 12.3 13 12.4 11.5 10.5 9.5 8.2 7.2 6.3 6.6 6.7 7.2 8.2 8.6 8.8 8.3 8.2 8.1 8.1 8 7.7 7.1 5.7 2.3 2.1 1.9 1.7 1.6 1.4 1.2 1 0.8 0.6 0.4 0.3 0.1
21.6 21 20 19 18 17.1 16.2 15.4 14.9 14.4 13.8 13.2 12.6 11.9 11.2 11.3 12.4 13.5 14 15.1 14.5 13.4 11.9 10.1 8.8 8 7.3 7 5.6 4.7 3.9 4.9 4.6 4.4 4.4 5.7 6 6 5.8 5.6 5.4 5.4 5.6 5.7 6.3 7.8 10.2 13 14 13.6 13 12 11.1 10.1 8.4 7.4 6.7 6.6 7.5 8.6 9.4 9.8 9.5 9.7 9.4 9.4 9.3 9.2 8.7 8.2 7.5 4.9 2.3 2.1 1.9 1.8 1.6 1.4 1.2 1 0.8 0.7 0.5 0.3
21.4 20.9 20.1 19.1 18.1 17.3 16.3 15.6 15.1 14.5 14 13.3 12.7 12 11.3 10.7 11.6 12 12.7 13.1 12.3 11.5 10.4 8.6 7.1 6.5 5.6 6.5 6.8 6.9 6.9 6.6 6.2 5.8 6.4 7 7.7 7.4 7.1 6.8 6.7 6.9 7 7.1 8.1 9.8 13.5 14.3 14.6 14.1 13 11.9 10.8 9.7 8.2 7.4 7 6.9 8.7 9.9 10.7 10.6 11.1 11.2 10.9 10.7 10.6 10.3 9.6 8.8 8.1 6.3 6.6 4.4 2.1 2 1.8 1.6 1.4 1.2 1 0.8 0.7 0.5
20.9 20.4 19.9 19.1 18.2 17.4 16.5 15.8 15.2 14.6 14 13.5 12.8 12.1 11.4 10.7 10.5 10.4 10.9 10.9 10.2 9.6 8.6 6.9 7.5 7.3 7.8 8.4 7.9 7.6 7.7 6.9 6.5 6.3 7 7.9 8.8 9 8.7 8.3 8.3 8.6 8.6 8.7 10.1 11.8 13.9 14.9 14.8 13.8 12.7 11.5 10.4 9.3 7.9 7.3 6.9 7.5 9.3 10.9 12 12.4 12.9 12.7 12.3 12.2 12.1 11.3 10.4 9.6 8.9 8.3 8.5 7.9 5.5 2.2 2 1.8 1.6 1.4 1.2 1 0.9 0.7
