app/static/ascii/TV59.asc
ncols 200
nrows 200
xllcorner 550000
yllcorner 90000
cellsize 50
[rows 38 to 75 of 200, columns 84 to 167 of 200]
106.6 105.2 105.5 106.2 108.3 109.8 110 109.8 109.4 109.1 110.1 111 111.3 111.6 112.8 114 114.7 114.7 114.2 112.3 106.6 97.2 96.9 102.5 101.4 99.2 94.7 88.7 82.5 78.7 73.6 67.9 63.7 57.5 52.6 53.3 54.5 55.2 55.8 57.8 56.5 57.2 61.6 66.7 77.3 84.2 90.1 95.1 99.2 102.2 104.9 108.8 112 115.2 117.5 120 123.8 127.5 129.8 132 133.7 135.5 137 138.5 138.9 139.3 139.5 140 139.9 139.6 139.3 142.8 146.1 147.9 149.3 150.4 150.7 147 149.6 148.3 146.4 144.1 140.8 143.3
101.6 100 101.1 103.6 106.7 108.4 108.9 109 108.3 106.8 106.6 107.6 109.8 111.4 112.3 113.8 114.8 114.6 114.2 112.3 106 96.9 89.6 89.5 91.7 92.7 90.3 84.4 77.2 72.7 67.3 61.3 54 51.7 50.8 51.5 52.3 53.8 55.2 57.2 59.4 62.6 68.5 76.9 84.7 89.3 93.9 98.5 100.9 103.8 106.7 110.8 114.2 118 120.7 123.3 125.6 127.7 129.4 131.5 133.1 135 136.2 137 137.3 137.1 137.1 137.2 136.3 135.5 138.6 142.7 145.8 147.3 148.4 149.4 148.1 146.4 143.2 141.7 139.8 137.7 134.8 140.6
95.8 92.7 94.1 100.7 105.1 107.2 108 107.5 105.5 103.3 101.5 103.3 106.2 108.9 110.9 113.3 114.3 114.2 113.6 112.6 108.6 97.9 86.2 80.5 80.1 81.3 80.4 77.5 70.3 62.8 58.5 53 50.6 50.4 50.3 53 55.9 59.2 62.3 64.6 69.4 74.7 79.7 85.6 88.7 92.8 96.1 97.9 99.2 101.6 105 109.8 114.4 118.2 122.3 124.9 126.8 128.3 129.5 131.1 132.7 134.3 135 135.3 134.7 133.5 132.1 131.7 131.1 134.5 138.6 142.8 145.4 146.5 147.4 146.4 144.8 141.5 138.1 135 133.3 131.2 131.6 137.8
93.8 86.6 89.9 97.9 102.4 104.5 105.1 105.1 104 100.2 95.5 97.4 100.4 103.9 107.8 111.1 113.3 113.7 113.2 112.5 109.3 102.8 92 77.8 73.4 71.6 72.5 69 67 61.8 53.9 48.9 49.1 51.3 54.1 57.9 63.4 68.1 71.3 75.9 79.5 82.3 85.5 87.5 90.5 92 93.8 94.5 96.4 100 103.5 108.1 112.5 116.8 121.7 125.5 127.5 128.9 130.1 130.8 132 133.7 133.5 132 131 129 126.8 126.6 131.7 136.1 139.5 143.4 145.1 145.4 145 143.1 139.9 136.7 130.4 129.4 127.7 125.9 130.2 135.8
89.2 81.2 86.4 94 97.8 99.9 100.9 100.5 99.5 96.4 90.3 90.3 94.3 99.6 104.6 109 111.4 112.9 112.9 112.1 111.4 106 98.7 87.6 73.3 66.5 63.5 63 59.8 56.1 50.1 47.2 49.1 52.3 56.7 61.5 67.4 72.7 75.5 79.7 81.5 82.9 84.6 86.1 87.2 89.3 89.5 91.2 94.7 98.4 104.6 109.3 113.6 118.6 123.2 125.5 127.8 129 129.7 130.2 130.9 131.6 130.5 128.5 126.3 122.4 122.7 128 133.2 137.4 141.1 143.2 143.3 142.7 141.3 137.7 134.4 128 125.6 124 122.3 123.5 128.9 134.1
83.9 77.4 83 88.6 91.5 93.5 94.2 93.5 92.3 89.1 84 85.9 90.2 97.3 100.8 105.7 108.9 110.7 112.5 112.5 112 108.8 103.2 97.2 85.1 73.4 61.6 57.8 54.3 51.3 47.4 46 49.3 53.1 57.1 63.2 71.1 73.9 76.6 78.9 79.8 80.2 80.9 82 83.1 84.7 86.3 89.6 95.1 101.6 107.3 111.9 115.6 120.4 123.1 125.3 127.4 128.5 129.2 129.6 129.8 129 125.6 122.9 117.7 117.9 124.3 130.1 135.2 138.8 140.9 141.4 141.2 140.8 137.9 133.7 125.8 121.8 119.6 118.5 116.9 122.1 128.1 130.8
77.9 73.8 77.6 83.1 85.1 86.8 86.6 86.2 84.8 81.3 80.9 87.6 94.3 99.7 102.2 105 107.4 109.9 111.6 111.7 111.8 111.1 107.4 103.2 95.8 87.9 78 65.5 53.9 49 46.1 46.3 49 53.5 58.1 64.9 70.5 72.6 73.9 75.6 75.4 75.6 76.4 78.2 79.6 83 87 92.7 98.6 104.9 109.9 114.5 117.6 120.1 122.6 124.9 126.8 127.9 128.4 128.3 127.2 125.3 121.6 116.7 112.8 119.6 126.1 132 135.7 138.2 139.6 139.8 139.2 137.4 134.3 128 121 115.4 113.1 112 114.7 120 124.9 128.2
73.4 68.2 73 76.4 78.6 80 79.4 78.8 77.6 76.3 81.8 91 98.7 102.2 104.3 106.2 108.1 110 110.8 111.1 111.2 110.6 108.4 103.6 96.9 88.9 79.9 70.4 58.4 47.5 45.5 46 49.2 53.6 59.7 66.6 69.4 71.1 71.7 71.5 71.5 73 74.5 77.4 82.5 86.8 91.9 96.6 101.8 107.8 112.4 115.9 118.2 120.4 122.7 124.7 125.7 126 125.9 125 123.7 121 115.3 109.8 113.2 120.5 127 132.3 135.1 136.7 138.3 138 136.8 133.7 130 122.2 116.3 110.1 108.8 116.7 118.6 120.7 122.6 126
67.5 65 68.8 70.5 72 73.4 72.8 71.2 71.1 78.2 87.3 95.6 102.1 104.3 105.6 106.6 108 110 110.2 110.4 110 108.1 103.4 97.3 90 83.7 74.4 66.6 55.7 47.1 43.2 44.9 48.9 54.7 61.2 64.6 64.8 66.1 66.9 67.5 68.9 71.7 75.3 78.9 84 90.1 94.8 99.6 104.8 109.8 113.6 116.3 118.8 121 122.3 123.3 124.3 124 123 121.6 120.1 114.7 108.6 107.5 114.4 120.6 126.6 132.1 133.4 135.1 136.8 136.6 133.4 130 121.8 115.2 109.9 106.6 113.6 121 125.1 127.2 128.7 130.9
61.6 60.6 63.9 65.5 66.6 63.7 64.7 70.2 76.6 85.1 92.6 99.3 103.7 105.4 106.4 107.5 108.5 109.1 109.3 109.5 107.3 103.4 95.7 85.1 78.4 73.4 67.9 60.8 52.5 45 43 44.4 49.9 57.3 62.8 63.7 62.5 61.3 63.7 65.6 70.1 73 76.2 80 85.2 92 97.6 102.8 108 112.4 114.9 117.2 119.2 119.7 120.2 121.1 121.9 121 118.5 116.5 112.5 107.5 102.9 107.7 116.1 121.8 127 130.9 132.1 133.4 134.8 134.2 130.4 126.8 116.8 108.8 104.3 107.5 114.7 122.1 127.6 130 132.2 134.2
57.2 56.8 59.2 60.3 59.5 59 64.2 72.7 81.7 87.6 93.6 97.8 100.9 104.1 105.9 107.7 109.2 109.2 109.2 109.5 107.3 105.1 98.8 83.3 71 64 61.3 54.2 48.3 43.1 42.2 46.6 52.7 59.4 62.3 61.4 59 58.9 63 67.2 70.1 73.5 76.6 81.2 86.8 93.4 100.6 106 111.2 113.6 115.6 117.6 118.4 118.9 119.3 119.8 118.4 115.7 113.1 109 104.8 99.8 102.5 109.8 117.6 123.5 127.4 129.7 130.9 131.9 132.4 131.2 128.1 123.3 111.3 104.1 101.8 110.2 117.3 123.8 128.6 132 135.2 138.5
54.1 53.2 54.7 55.2 56.7 60.3 66.8 73.9 79.6 85.1 90.1 94.9 100.5 103.5 105.5 107.5 108.6 109.4 109.9 110.2 109.2 108 105 87.1 70.8 57.8 53.4 48.8 44.4 42.4 42.3 48.3 55.4 58.6 59.7 58 56 57.5 61.4 65.5 69.1 72.5 76.2 81.6 87.9 95.4 103 108.6 112.4 114.4 116.2 117.2 117.6 118 116.8 115.2 112.7 109.9 106.3 99.7 96 97.4 104.9 113.1 120.1 124.3 126.5 127.6 128.6 129.6 130.2 128.2 124.8 115.2 106.1 99.9 103.7 111.5 118 122.7 127.6 131.5 135 135.8
50.6 49.4 51.8 54.7 60.4 66 70.2 74.9 80.1 86.2 91.8 97.7 102.2 104.3 106.2 107.8 108.7 109.5 110 110.6 110.7 109.9 105.1 90.6 70.1 56.9 50.3 46.1 42.4 41.2 44.2 50.5 57 56.7 56.1 54.5 53.9 56.4 59.6 63.7 68.1 72.2 77 82.5 90.3 98.1 104.9 109.5 112.8 115.3 116.2 116.6 116.8 115.8 112.7 109.9 106.9 104.1 98.3 91.8 91.9 100.1 108.9 116 116.3 122.7 124.3 125.5 126.5 127.5 127.4 124.6 121 110.7 101.5 96.6 103.8 110.9 117 122.1 126 129.1 131.7 133.2
47 49.1 53.5 61.4 67.1 72.1 76.8 81.4 86 91.3 96 100.5 102.9 105 106.2 107.4 108.8 109.6 110.1 110.6 110.9 109.8 104.4 89 68.2 55.9 49 44 41.2 41.1 46.4 52 56.5 54.8 52.2 51.5 53.9 56.7 60.9 65.9 69.5 73.8 78.6 85.3 92.9 100.5 107.3 110.5 113.6 115.2 115.8 116.1 114.6 110.9 106.5 103.1 100.5 96.8 90.4 91.1 95.6 105.6 112.4 116.5 118.6 120 122.2 123.4 124.6 125.8 125.3 122.1 118.2 106.9 98.3 94.5 103.1 110.3 116 120.1 123.2 125.6 127.1 128.5
46.8 54.3 61.3 68.9 75.5 78.8 81.3 85.2 89.8 94 96.1 100.5 102.6 104.5 105.6 107 108.7 109.7 110.1 110.5 110.8 109.6 104.8 88.5 66.7 55.6 47.8 42 39.5 40.4 48.7 53.2 54 51.8 49.5 51.4 56 60.2 64.4 68.5 72.7 77.6 82.6 88.8 95.2 102.1 108.9 111.9 114.8 115.3 113.9 112.3 108.9 104.9 100.9 95.9 91.6 87.6 84.2 92.6 100.7 108.1 112.6 115 115.5 116.3 119 121.6 122.9 123.4 122.3 119.4 113.2 105.5 95.9 93.1 102.3 109.5 113.8 116.4 119 121.2 122.5 123.9
54.7 63.2 69.9 76.4 78.3 80.2 82.5 86.4 91.1 95.2 97 99.6 101.6 103.4 105.1 106.6 108.3 109.5 109.6 109.7 109.6 108.8 104.5 91.7 69.4 55.4 46.8 40.2 38.9 41.7 49.9 53.2 50.6 47.9 48.9 56 62.2 65.9 69.5 73.1 77.1 82.4 88.3 94 99.5 105 110.1 112 113.4 112.6 111 106.4 102.9 97.9 91.7 86.9 85.4 81.9 82.8 93.4 102.9 107.6 110.6 111.4 112 113.2 116.4 119.6 120.4 119.4 117.7 113.9 110.2 104.8 94.6 91 100.4 106.6 109.5 111.7 114.6 116.7 118 119.3
65.5 71.4 72.7 73.5 76 80.4 83 86.6 90.8 92.7 94.9 96.9 98.8 102.1 103.8 105.6 107.1 107.8 107.8 107.6 107.4 107.3 105 93.1 72.5 56.9 46.9 38.8 38.6 41.9 48.4 51 47.8 44.8 50.8 59.1 65.8 70.8 73.8 77.3 80.8 86.1 91.7 97.4 102 106.9 110.5 111.7 111.5 110 105.2 100.4 93.7 85.9 80.3 78 78 80.2 87.3 96.5 102.7 105.3 106.9 107 107.1 111.1 114.5 116.6 117 115.7 113.4 109.7 106 101.8 93.4 88.1 98.2 102.8 104.5 107 108.8 111.2 113.5 114.4
70.9 71.6 69.7 70.1 73.5 78.5 82.1 84.8 87 89.1 91 93.1 95.8 100.4 102.8 104.6 104.8 105.1 104.2 104.3 104 105 105 94.6 74 58.8 47.9 38.7 37.1 39.7 44.2 46.8 44.4 44.4 51.1 60.3 66.1 70 73.7 77.2 83.3 89.3 95 99.6 104.2 107.5 109.1 108.8 107.7 103.1 97.9 92.5 80.5 74 72.2 72.3 75.6 84.5 92.8 98.2 100.9 102.2 102.7 103.7 104.7 108.7 111.1 112.6 112 110.6 108.3 104.7 100.9 96.9 91.3 86.2 92.8 95.4 99.6 101 102.6 105.1 107.8 108.7
69.6 69.4 67.3 66.4 71 76.5 79.8 81.2 81.9 81.8 86.3 91.1 96.5 99.4 102.4 102.6 102.1 101.3 99.4 98.9 99.9 102.7 104.1 95.8 77.1 62.7 49.7 39.3 36.1 37 39.8 39.4 41.2 43.5 52.3 59.8 65.5 69.7 73.5 79.3 86 92 96.9 101.5 105.9 106.5 106.9 104.2 100 95.6 90.4 83.5 72 66.8 68.6 76.1 81.9 88.8 94 95.2 95.7 98.1 96 98.9 102.6 105.3 106.8 107.7 107 105.4 103.4 99.8 95.5 91 86.4 84.5 87.1 91.1 91.5 95.4 96.4 99.1 101.5 105.9
66 64.8 62.6 62.4 68.2 74.7 76.6 75.9 75.5 81 88.2 93.7 98 100.4 101.1 99.8 98.2 97 92.8 88 92.5 99.8 103.1 101.5 88.7 70.4 53.4 41.3 35.2 35.7 36.2 39 41 48.1 55.2 60.2 63.8 67.4 73.4 79.8 86.9 93.1 97.5 101.4 103.7 103.2 102 96.4 92 87.6 82.5 76 68.6 65.1 72.2 78.4 85 89.2 90.5 90 90.6 91.9 89.5 92.1 97.1 100.8 102.2 102.4 102.1 100 97 93.1 89 84.8 83.3 89.8 96.9 102.5 103.4 103.8 105.2 107.4 110.4 115.5
60.7 59.1 56.9 62.8 68.7 72.3 72.6 69.8 73.6 82.6 89.4 94.5 96.6 98.2 98.1 94.2 92.5 89.8 85.5 80.4 88 97 102.3 103.5 96.1 77.3 56.7 43.7 34.6 34.4 35.1 37.3 45.2 51.1 54.5 58.6 61.5 65.8 72.7 79.5 86.1 91.2 95.3 98 99.2 97.9 94.5 88.5 84.1 80.1 75.6 71.1 65.6 65 72.3 78.6 84.1 87.4 88.3 87.7 87 86.2 84 87.6 91.7 95.3 96.5 96.8 95.1 93 89.7 85.9 82.1 81.4 91.6 98.6 106.7 111.7 115.2 116.3 117.4 118.9 121.1 123.8
54.8 53.3 58 64 67.4 69.8 66.3 66.8 74.9 84.3 90.7 94.7 95 94.8 91.2 87.7 85.3 81.8 77.6 73.9 83.7 93.5 101.6 103.5 100.4 85.3 63.7 48.1 37.2 33.9 33.4 36 43 48.8 51.7 54 57.9 63.1 69.8 76.7 82.5 87.7 90.2 92.8 92.2 89.9 86.6 80.6 76.8 73.1 69.9 66.3 61 63.3 70.4 77.7 82.5 84.2 83.6 82.7 81.9 80.2 79.4 83 86.9 89 90.2 90.3 88.5 86.6 83.1 79.2 78.8 88.5 98.8 106.9 114 118.8 122.4 125.1 126.5 127.2 128.4 130.3
49 52.9 58.8 64 65.4 63.2 59.9 67.2 77.6 86 91.4 93.8 92.5 89.1 85.1 81.1 78 73.7 69.1 72.4 82.3 92.5 100.4 103.4 101.7 93.7 75.7 57.5 43.5 34.1 32.1 32.6 36.7 41.1 45.3 47.9 54.7 60.8 67 73 78.6 81.3 82.4 83.5 83.5 81.7 77.6 73.4 70.1 66.8 64.6 60.8 57.6 63.2 70.3 76.3 78.7 79.3 78.5 77.6 76.6 73.9 74.7 77.6 78.2 81.5 83.3 84.7 82.8 80.8 78.1 76.6 86.2 96.6 106.5 112.9 119.7 123.7 126.7 128.4 130.2 130.7 130.4 130.9
48.3 53.8 58.9 61.5 59.6 56.7 60.1 70 80 86.5 90.7 90.7 87.5 82.9 78.8 74.8 70.7 65.9 62.9 70.7 81.4 91.8 99.1 102.9 100.6 95 83.7 70.7 54.8 38.6 32.6 30.9 31.8 35.2 38.5 42.1 49.1 56.2 63 68.1 72.1 75.2 76.2 76.7 75.4 73.5 69.8 66.3 63.3 61.2 59.3 56.7 55.3 62.3 68.5 73.8 74.6 74 73.1 72.2 70.7 67.8 66.9 69.4 68.6 72.8 75.7 76.5 76.9 75 75.1 84.2 96 105.7 111.9 118.8 122.3 124.5 126 127.9 129 129.8 130.3 130.5
49.1 55.2 58 56.7 53.6 52.6 63.7 73.9 82.1 87.2 85.8 84.5 81.1 77 72.8 68.5 63.4 58.2 61.1 68.8 79.9 91.3 98 101.6 98.8 93.1 84.9 76.6 66.8 52.5 38.3 31.7 30.4 30.5 33.9 36.4 42.7 50.2 57.5 62.1 66.4 69.3 70.1 69.4 68.6 66.6 63.6 60.3 57.5 56 54.7 53.1 54.5 60.8 66 68.8 69.1 68.6 67.6 66.2 64.7 62.6 61.3 62.1 64.1 64.9 67.9 68.1 69.4 74.7 84.3 94.1 103.5 110.1 115.9 120 122 122 123.3 122.9 125 125.9 126.3 127.1
49.9 53.9 53.2 50.4 47.1 55.7 66.2 76.7 82.3 82.9 80.2 78 74.5 70.4 66.3 62.3 57.5 53.5 60 67.2 79.3 90.9 98.2 99.5 94.4 88.7 82.4 75.9 66.9 58.2 45.8 37.1 30.7 29.3 29.2 32.1 37.1 44.1 52 58.6 61.3 63.8 65.1 64.1 62.8 59.9 56.9 54.1 52.7 51.5 50.3 50 51.9 56.7 60.3 62.4 62.6 63 61.7 60.2 59.1 60.5 66.2 69.5 74.6 76.4 76.7 78.3 81.9 86.7 95.7 102.8 108.1 113.5 116.3 118 118.8 119.2 118.1 117.9 119.6 120.6 121.2 122.3
49.5 49.6 47.7 44.2 46.5 59.4 69.5 76.1 78.1 77 74.4 71.7 68.1 64.1 60 56 51.5 49.5 57.4 68.1 81.6 91.4 96.3 95.6 89.8 83.6 77.4 70.6 63.1 54.8 46.1 38.9 33.3 28.6 27.9 28.8 34.4 40.3 47.5 54.6 58.5 59.7 60.4 59.1 56.5 53.8 51.1 48.6 47.4 46.9 46.8 47.6 48 50.5 52.1 55.1 56.1 57 56.9 57.9 63.3 68.9 78.1 83.6 86.5 88.4 90.4 91.8 94.4 98.1 102.4 106.6 109.3 111.8 112.5 113.6 113.4 113.2 113 112.9 114.1 115.3 116 117.4
45.7 44.3 41.4 40 49.3 62.3 69.1 72.7 71.6 70.3 67.7 64.9 61.8 57.8 53.8 49.8 46.4 49.3 58.2 72 84.2 91.2 92.6 90.2 84.5 78.5 72.4 65.2 57.6 50.1 42.6 36.6 32.4 28.3 26.9 28.4 31.6 37.2 44.6 51.9 55.4 56.2 55.7 53.7 51.3 48.8 46.2 43.5 43.1 44.5 46.8 48.7 50.2 51.6 51.8 52.4 54 55.9 60.7 65.8 71.5 82.4 87.9 91.3 93.7 95 96.4 97.5 99.5 100.8 103 105.6 106.9 108.1 108.3 108.1 108 108.2 104.7 104.4 105.3 109.5 110.8 112.5
40.5 38.6 35.6 42.8 53.3 64.5 68.7 68 65.1 63.6 60.6 58.2 55.5 51.5 47.5 43.8 44.9 55.8 64.1 76.6 84.5 87.4 86.6 83.5 78.1 72.4 67.1 59.8 52.3 44.9 37.5 33 29.3 25.8 26.2 28.8 31.6 37.4 43.9 49.2 51.9 52.6 50.9 49.2 46.5 43.9 41.7 42.3 43.7 47.1 50.5 55.3 57.1 62.1 63.4 63.8 65.2 68.1 75.8 81.7 85 88.9 92 93.6 95.8 95.9 96.1 96.3 97 98.3 99.3 101.1 101.5 102 102.4 101.5 100 100 102.7 108.4 110.2 111.7 113.8 117.1
2.2 11.3 34.4 44.4 57.8 64.7 65.1 62.9 59.5 56.7 53.5 51.5 49.2 45.2 41.4 40.2 47.4 58.5 71.1 80.2 81.2 82.5 79.9 76.7 72.1 66.7 61.6 54.4 46.8 39.3 32.7 29.1 26.1 24.4 25.9 29.4 32.2 37.7 42.2 46.5 48.6 47.9 46.3 44.5 42 40 40.4 43 46.7 50.5 53.6 61.6 67.1 71.8 74.4 77.7 79.8 81 84.2 86.3 87.7 89.5 90 91 91.3 91.3 90.6 89.9 89 89.4 91.1 93.2 94 94.1 93.9 95.6 98.8 104.9 110.8 116 118.1 120 122.3 124.5
0.7 0.7 1.4 1.6 2.3 62.1 60.4 56.8 53.2 49.4 46.8 44.8 42.8 39.2 36.2 41.5 52.7 65.7 76.1 77.4 77.9 77.2 74.5 70.9 66.4 61 56.1 49 41.5 34.6 27.9 26.3 23.9 23.5 25 28.1 32.3 36.4 40.4 43.7 45.1 43.4 42 40.3 38.7 39.1 41.7 45.7 49.4 54.4 62.4 69.1 74.3 77.7 81.6 83.2 83.7 84.2 84.8 85.1 84.5 84.5 84.9 85.3 85.6 84.8 83 81.6 80.5 82.9 83.4 86.4 89.2 91.3 95.9 101.4 108.3 113.6 118.4 121.9 123.6 125.1 126.8 128.6
-1 -2.2 -0.8 -0.4 0.5 1.4 2.5 50.7 46.7 42.4 40.8 38.7 36.5 33.7 35.4 44.6 60.1 70.8 74 74.7 73.5 71 68.2 64.9 60.6 55.4 50.7 43.7 36.5 29.9 24.3 23.5 23.3 24.2 25.5 26.8 30.1 34.2 37.6 38.7 40.1 38.9 37.3 37.4 37.4 40.5 44.1 48.8 54.2 62.8 69.9 74.3 79.1 81.2 82.3 82.5 82.5 82.3 81.5 80.5 79.9 79.4 79.1 79.1 78.8 77.4 76.8 79.5 87 92.2 94.5 95.8 99.4 103 107.5 113.3 117.7 120.1 122.8 125.4 126.8 128.1 129.6 131.4
-2.2 -2.2 -2.2 -2.2 -2.2 -0.2 0.8 1.6 2.3 32.8 34.6 33 30.4 32 40 53.2 64.4 68.7 69.6 69.1 66.9 64.5 61.9 58.9 54.6 49.8 45.2 38.4 31.8 25.3 23.1 23.5 23.7 25 26.2 27.2 29.2 31.5 33.4 34 34.6 34.6 35 36.5 39.6 44.1 49.1 54.6 60.9 68.6 73.9 77.3 80 80.7 80.8 80.3 79.5 78.8 77.1 75 73.7 72.5 71.9 71.9 72.6 74.5 78.8 88.2 96.9 104.4 108.1 110.4 112.6 114.3 115.9 118.4 120.8 122 123.7 125.4 126.7 128.3 129 130.7
-2.2 -2.2 -2.2 -2.2 -2.2 -2.2 -0.8 0 0.7 1.4 2.2 25.9 28.7 37.5 49.3 57.8 62.6 64.6 64.6 62.8 60.3 57.9 55.6 52.8 48.7 44.5 39.7 34 28.1 22.3 22.8 23.3 24.1 26.7 28.9 29 29.2 29.7 31 32.1 33 34.5 36.9 40.4 44.8 50.4 56 62.3 66.9 71.4 74.8 76.5 77.9 77.7 77.2 76.2 74.9 73.6 71.5 69.3 66.5 67.1 68.4 71.6 77.7 84.7 92.7 100.8 108.2 112.1 113.9 114.9 116.3 117.7 118.3 119.9 120.7 121.2 122.5 123.7 124.9 126.8 128.2 129.1
-2.2 -2.2 -2.2 -2.2 -2.2 -2.2 -2.2 -2.2 -1 -0.4 0.6 1.7 12.2 45 51.2 55.7 57.6 59.3 59.8 56.6 54 51.5 49.2 47.1 44.7 40.6 35.7 30 24.5 21.6 21.8 22.9 25.5 30.1 33.4 33.8 34 33.8 33.1 35.1 37 39.5 43.1 47.1 51.4 53 60.1 65.3 68.7 71.6 73 74.4 74.6 73.8 72.8 71.4 70 68.2 66 63.7 64.2 69.1 74.9 82.1 89.4 97.4 104.8 109.2 112.8 114.4 115.4 115.2 115.6 117 116.5 116.6 117 117.5 119 120.1 121.4 123.2 124.5 126.1
-2.2 -2.2 -2.2 -2.2 -2.2 -2.2 -2.2 -2.2 -2.2 -2.2 -0.9 0.1 1.1 2.1 48.9 50.8 52.9 52.5 51.9 50.4 47.6 45.5 43.6 41.8 39.5 36 31.7 26.8 21.7 20.5 20.6 21.5 27.2 32.4 36.7 38.7 39.5 40.6 41.4 41.5 43 45.6 48.9 52.1 54.3 57.9 62.1 64.7 65.6 67.8 69.5 70.3 69.9 69.1 68.1 66.7 65.4 63.7 61.1 62.4 66.2 72.9 81.8 90.5 99.5 104.3 107.8 112.2 113.2 113.8 114.3 113.9 114 112.9 111.9 112.1 112.6 113.4 115 116.6 117.9 119.3 120.6 121.9
-2.2 -2.2 -2.2 -2.2 -2.2 -2.2 -2.2 -2.2 -2.2 -2.2 -2.2 -2.2 -0.6 0.5 1.4 2.4 46.4 46 45.4 44.3 42.3 39.9 38 36.3 34.4 31 28.6 24.5 20.1 19.6 19.7 22.3 28.3 33.1 36.2 38.5 39.7 40.9 42.2 42.6 44.4 46.2 49.1 52.5 55.8 58.6 62.2 63 63.5 64 65.9 65.7 65 64.3 63.5 62.1 61 59.8 59.4 61.7 69.7 79.1 88.9 97.4 103.2 107 110.6 112.4 112.5 112.3 111.9 110.4 108.6 107.9 107.3 107.7 108.1 109.4 111 112.5 113.6 114.5 115.4 116.3
-2.2 -2.2 -2.2 -2.2 -2.2 -2.2 -2.2 -2.2 -2.2 -2.2 -2.2 -2.2 -2.2 -2.2 -0.1 0.9 2.1 39.5 38.9 37.6 36.4 34.3 32.5 30.7 29.3 27.6 25.2 21.2 19.3 20.7 22.2 23.7 28.3 32.1 34.9 36.3 37.6 38.8 39.9 41 43.8 45.6 48.1 52.1 55.2 57.8 60.1 60.5 60.9 61.4 61.7 60.8 60.2 59.5 58.8 57.6 57 57.2 59 65.9 75.6 86 95.5 101.3 106.5 108.8 109.6 109.8 109.4 107.7 106.1 104.5 103.1 101.8 101.2 102.2 103.3 104.9 106.3 107.6 108.5 109 109.9 110.6
